,W,Psi,T
0,0.00000,0.00000,0.00000
1,0.00000,0.00000,0.00000
2,0.00000,0.00000,0.00000
3,0.00000,0.00000,0.00000
4,0.00000,0.00000,0.00000
5,0.00000,0.00000,0.00000
6,0.00000,0.00000,0.00000
7,0.00000,0.00000,0.00000
8,0.00000,0.00000,0.00000
9,0.00000,0.00000,0.00000
10,0.00000,0.00000,0.00000
11,0.00000,0.00000,0.00000
12,0.00000,0.00000,0.00000
13,0.00000,0.00000,0.00000
14,0.00000,0.00000,0.00000
15,0.00000,0.00000,0.00000
16,0.00000,0.00000,0.00000
17,0.00000,0.00000,0.00000
18,0.00000,0.00000,0.00000
19,0.00000,0.00000,0.00000
20,0.00000,0.00000,0.00000
21,0.00000,0.00000,0.00000
22,0.00000,0.00000,0.00000
23,0.00000,0.00000,0.00000
24,0.00000,0.00000,0.00000
25,0.00000,0.00000,0.00000
26,0.00000,0.00000,0.00000
27,0.00000,0.00000,0.00000
28,0.00000,0.00000,0.00000
29,0.00000,0.00000,0.00000
30,0.00000,0.00000,0.00000
31,0.00000,0.00000,0.00000
32,0.00000,0.00000,0.00000
33,0.00000,0.00000,0.00000
34,0.00000,0.00000,0.00000
35,0.00000,0.00000,0.00000
36,0.00000,0.00000,0.00000
37,0.00000,0.00000,0.00000
38,0.00000,0.00000,0.00000
39,0.00000,0.00000,0.00000
40,0.00000,0.00000,0.00000
41,0.00000,0.00000,0.00000
42,0.00000,0.00000,0.00000
43,0.00000,0.00000,0.00000
44,0.00000,0.00000,0.00000
45,0.00000,0.00000,0.00000
46,0.00000,0.00000,0.00000
47,0.00000,0.00000,0.00000
48,0.00000,0.00000,0.00000
49,0.00000,0.00000,0.00000
50,0.00000,0.00000,0.00000
51,0.00000,0.00000,0.00000
52,0.00000,0.00000,0.00000
53,0.00000,0.00000,0.00000
54,0.00000,0.00000,0.00000
55,0.00000,0.00000,0.00000
56,0.00000,0.00000,0.00000
57,0.00000,0.00000,0.00000
58,0.00000,0.00000,0.00000
59,0.00000,0.00000,0.00000
60,0.00000,0.00000,0.00000
61,0.00000,0.00000,0.00000
62,0.00000,0.00000,0.00000
63,0.00000,0.00000,0.00000
64,0.00000,0.00000,0.00000
65,0.00000,0.00000,0.00000
66,0.00000,0.00000,0.00000
67,0.00000,0.00000,0.00000
68,0.00000,0.00000,0.00000
69,0.00000,0.00000,0.00000
70,0.00000,0.00000,0.00000
71,0.00000,0.00000,0.00000
72,0.00000,0.00000,0.00000
73,0.00000,0.00000,0.00000
74,0.00000,0.00000,0.00000
75,0.00000,0.00000,0.00000
76,0.00000,0.00000,0.00000
77,0.00000,0.00000,0.00000
78,0.00000,0.00000,0.00000
79,0.00000,0.00000,0.00000
80,0.00000,0.00000,0.00000
81,0.00000,0.00000,0.00000
82,0.00000,0.00000,0.00000
83,0.00000,0.00000,0.00000
84,0.00000,0.00000,0.00000
85,0.00000,0.00000,0.00000
86,0.00000,0.00000,0.00000
87,0.00000,0.00000,0.00000
88,0.00000,0.00000,0.00000
89,0.00000,0.00000,0.00000
90,0.00000,0.00000,0.00000
91,0.00000,0.00000,0.00000
92,0.00000,0.00000,0.00000
93,0.00000,0.00000,0.00000
94,0.00000,0.00000,0.00000
95,0.00000,0.00000,0.00000
96,0.00000,0.00000,0.00000
97,0.00000,0.00000,0.00000
98,0.00000,0.00000,0.00000
99,0.00000,0.00000,0.00000
100,0.00000,0.00000,0.00000
101,0.00000,0.00000,0.00000
102,0.00000,0.00000,0.00000
103,0.00000,0.00000,0.00000
104,0.00000,0.00000,0.00000
105,0.00000,0.00000,0.00000
106,0.00000,0.00000,0.00000
107,0.00000,0.00000,0.00000
108,0.00000,0.00000,0.00000
109,0.00000,0.00000,0.00000
110,0.00000,0.00000,0.00000
111,0.00000,0.00000,0.00000
112,0.00000,0.00000,0.00000
113,0.00000,0.00000,0.00000
114,0.00000,0.00000,0.00000
115,0.00000,0.00000,0.00000
116,9.97078,0.00000,0.00000
117,8.41875,0.00000,0.00000
118,0.00000,0.00000,0.00000
119,-14.56435,0.00000,0.00000
120,0.00000,0.00000,0.00000
121,0.00000,0.00000,0.00000
122,-15.56615,0.00000,0.00000
123,0.00000,0.00000,0.00000
124,0.00000,0.00000,0.00000
125,0.00000,0.00000,0.00000
126,0.00000,0.00000,0.00000
127,0.00000,0.00000,0.00000
128,0.00000,0.00000,0.00000
129,0.00000,0.00000,0.00000
130,0.00000,0.00000,0.00000
131,0.00000,0.00000,0.00000
132,0.00000,0.00000,0.00000
133,0.00000,0.00000,0.00000
134,0.00000,0.00000,0.00000
135,0.00000,0.00000,0.00000
136,0.00000,0.00000,0.00000
137,0.00000,0.00000,0.00000
138,0.00000,0.00000,0.00000
139,0.00000,0.00000,0.00000
140,0.00000,0.00000,0.00000
141,0.00000,0.00000,0.00000
142,0.00000,0.00000,0.00000
143,0.00000,0.00000,0.00000
144,0.00000,0.00000,0.00000
145,0.00000,0.00000,0.00000
146,0.00000,0.00000,0.00000
147,0.00000,0.00000,0.00000
148,0.00000,0.00000,0.00000
149,0.00000,0.00000,0.00000
150,0.00000,0.00000,0.00000
151,0.00000,0.00000,0.00000
152,0.00000,0.00000,0.00000
153,0.00000,0.00000,0.00000
154,0.00000,0.00000,0.00000
155,0.00000,0.00000,0.00000
156,0.00000,0.00000,0.00000
157,0.00000,0.00000,0.00000
158,0.00000,0.00000,0.00000
159,0.00000,0.00000,0.00000
160,0.00000,0.00000,0.00000
161,0.00000,0.00000,0.00000
162,0.00000,0.00000,0.00000
163,0.00000,0.00000,0.00000
164,0.00000,0.00000,0.00000
165,0.00000,0.00000,0.00000
166,0.00000,0.00000,0.00000
167,0.00000,0.00000,0.00000
168,0.00000,0.00000,0.00000
169,0.00000,0.00000,0.00000
170,0.00000,0.00000,0.00000
171,0.00000,0.00000,0.00000
172,0.00000,0.00000,0.00000
173,0.00000,0.00000,0.00000
174,0.00000,0.00000,0.00000
175,0.00000,0.00000,0.00000
176,0.00000,0.00000,0.00000
177,0.00000,0.00000,0.00000
178,0.00000,0.00000,0.00000
179,0.00000,0.00000,0.00000
180,0.00000,0.00000,0.00000
181,0.00000,0.00000,0.00000
182,0.00000,0.00000,0.00000
183,0.00000,0.00000,0.00000
184,12.08771,0.00000,0.00000
185,0.00000,0.00000,0.00000
186,0.00000,0.00000,0.00000
187,13.61526,0.00000,0.00000
188,0.00000,0.00000,0.00000
189,-2.63303,0.00000,0.00000
190,-3.21603,0.00000,0.00000
191,0.00000,0.00000,0.00000
192,0.00000,0.00000,0.00000
193,10.40927,0.00000,0.00000
194,0.00000,0.00000,0.00000
195,0.00000,0.00000,0.00000
196,-14.68549,0.00000,0.00000
197,0.00000,0.00000,0.00000
198,0.00000,0.00000,0.00000
199,0.00000,0.00000,0.00000
200,0.00000,0.00000,0.00000
201,-18.26918,0.00000,0.00000
202,-16.57725,0.00000,0.00000
203,0.00000,0.00000,0.00000
204,0.00000,0.00000,0.00000
205,0.00000,0.00000,0.00000
206,5.54017,0.00000,0.00000
207,0.00000,0.00000,0.00000
208,16.95904,0.00000,0.00000
209,0.00000,0.00000,0.00000
210,0.00000,0.00000,0.00000
211,17.11372,0.00000,0.00000
212,0.00000,0.00000,0.00000
213,0.00000,0.00000,0.00000
214,0.00000,0.00000,0.00000
215,12.44589,0.00000,0.00000
216,0.00000,0.00000,0.00000
217,0.00000,0.00000,0.00000
218,0.00000,0.00000,0.00000
219,0.00000,0.00000,0.00000
220,0.00000,0.00000,0.00000
221,0.00000,0.00000,0.00000
222,0.00000,0.00000,0.00000
223,0.00000,0.00000,0.00000
224,0.00000,0.00000,0.00000
225,0.00000,0.00000,0.00000
226,0.00000,0.00000,0.00000
227,0.00000,0.00000,0.00000
228,0.00000,0.00000,0.00000
229,0.00000,0.00000,0.00000
230,0.00000,0.00000,0.00000
231,0.00000,0.00000,0.00000
232,0.00000,0.00000,0.00000
233,0.00000,0.00000,0.00000
234,0.00000,0.00000,0.00000
235,0.00000,0.00000,0.00000
236,0.00000,0.00000,0.00000
237,0.00000,0.00000,0.00000
238,0.00000,0.00000,0.00000
239,0.00000,0.00000,0.00000
240,0.00000,0.00000,0.00000
241,0.00000,0.00000,0.00000
242,0.00000,0.00000,0.00000
243,0.00000,0.00000,0.00000
244,0.00000,0.00000,0.00000
245,0.00000,0.00000,0.00000
246,0.00000,0.00000,0.00000
247,0.00000,0.00000,0.00000
248,0.00000,0.00000,0.00000
249,0.00000,0.00000,0.00000
250,0.00000,0.00000,0.00000
251,0.00000,0.00000,0.00000
252,0.00000,0.00000,0.00000
253,0.00000,0.00000,0.00000
254,0.00000,0.00000,0.00000
255,0.00000,0.00000,0.00000
256,0.00000,0.00000,0.00000
257,0.00000,0.00000,0.00000
258,0.00000,0.00000,0.00000
259,0.00000,0.00000,0.00000
260,0.00000,0.00000,0.00000
261,0.00000,0.00000,0.00000
262,0.00000,0.00000,0.00000
263,0.00000,0.00000,0.00000
264,0.00000,0.00000,0.00000
265,0.00000,0.00000,0.00000
266,0.00000,0.00000,0.00000
267,0.00000,0.00000,0.00000
268,0.00000,0.00000,0.00000
269,0.00000,0.00000,0.00000
270,0.00000,0.00000,0.00000
271,0.00000,0.00000,0.00000
272,0.00000,0.00000,0.00000
273,0.00000,0.00000,0.00000
274,0.00000,0.00000,0.00000
275,0.00000,0.00000,0.00000
276,0.00000,0.00000,0.00000
277,0.00000,0.00000,0.00000
278,0.00000,0.00000,0.00000
279,0.00000,0.00000,0.00000
280,0.00000,0.00000,0.00000
281,0.00000,0.00000,0.00000
282,0.00000,0.00000,0.00000
283,0.00000,0.00000,0.00000
284,0.00000,0.00000,0.00000
285,0.00000,0.00000,0.00000
286,0.00000,0.00000,0.00000
287,0.00000,0.00000,0.00000
288,0.00000,0.00000,0.00000
289,0.00000,0.00000,0.00000
290,0.00000,0.00000,0.00000
291,0.00000,0.00000,0.00000
292,0.00000,0.00000,0.00000
293,0.00000,0.00000,0.00000
294,0.00000,0.00000,0.00000
295,0.00000,0.00000,0.00000
296,0.00000,0.00000,0.00000
297,0.00000,0.00000,0.00000
298,0.00000,0.00000,0.00000
299,0.00000,0.00000,0.00000
300,0.00000,0.00000,0.00000
301,0.00000,0.00000,0.00000
302,0.00000,0.00000,0.00000
303,0.00000,0.00000,0.00000
304,0.00000,0.00000,0.00000
305,0.00000,0.00000,0.00000
306,0.00000,0.00000,0.00000
307,0.00000,0.00000,0.00000
308,0.00000,0.00000,0.00000
309,0.00000,0.00000,0.00000
310,0.00000,0.00000,0.00000
311,0.00000,0.00000,0.00000
312,0.00000,0.00000,0.00000
313,0.00000,0.00000,0.00000
314,0.00000,0.00000,0.00000
315,0.00000,0.00000,0.00000
316,0.00000,0.00000,0.00000
317,0.00000,0.00000,0.00000
318,0.00000,0.00000,0.00000
319,0.00000,0.00000,0.00000
320,0.00000,0.00000,0.00000
321,0.00000,0.00000,0.00000
322,0.00000,0.00000,0.00000
323,0.00000,0.00000,0.00000
324,-19.10989,0.00000,0.00000
325,0.00000,0.00000,0.00000
326,0.00000,0.00000,0.00000
327,0.00000,0.00000,0.00000
328,-17.53087,0.00000,0.00000
329,-15.64908,0.00000,0.00000
330,0.00000,0.00000,0.00000
331,0.00000,0.00000,0.00000
332,-14.56473,0.00000,0.00000
333,-16.35740,0.00000,0.00000
334,9.57483,0.00000,0.00000
335,0.00000,0.00000,0.00000
336,11.46113,0.00000,0.00000
337,0.00000,0.00000,0.00000
338,15.71356,0.00000,0.00000
339,17.53908,0.00000,0.00000
340,-14.34235,0.00000,0.00000
341,0.00000,0.00000,0.00000
342,0.00000,0.00000,0.00000
343,-17.76707,0.00000,0.00000
344,0.00000,0.00000,0.00000
345,0.00000,0.00000,0.00000
346,-17.04462,0.00000,0.00000
347,0.00000,0.00000,0.00000
348,-15.52799,0.00000,0.00000
349,-19.27995,0.00000,0.00000
350,0.00000,0.00000,0.00000
351,0.00000,0.00000,0.00000
352,14.46228,0.00000,0.00000
353,15.12891,0.00000,0.00000
354,-10.79844,0.00000,0.00000
355,0.00000,0.00000,0.00000
356,0.00000,0.00000,0.00000
357,0.00000,0.00000,0.00000
358,0.00000,0.00000,0.00000
359,0.00000,0.00000,0.00000
360,0.00000,0.00000,0.00000
361,0.00000,0.00000,0.00000
362,16.05584,0.00000,0.00000
363,0.00000,0.00000,0.00000
364,0.00000,0.00000,0.00000
365,-19.33228,0.00000,0.00000
366,0.00000,0.00000,0.00000
367,0.00000,0.00000,0.00000
368,0.00000,0.00000,0.00000
369,1.90463,0.00000,0.00000
370,0.00000,0.00000,0.00000
371,0.00000,0.00000,0.00000
372,2.64650,0.00000,0.00000
373,13.66697,0.00000,0.00000
374,0.00000,0.00000,0.00000
375,0.00000,0.00000,0.00000
376,-2.81743,0.00000,0.00000
377,0.00000,0.00000,0.00000
378,0.00000,0.00000,0.00000
379,-1.87596,0.00000,0.00000
380,0.00000,0.00000,0.00000
381,-1.04680,0.00000,0.00000
382,0.00000,0.00000,0.00000
383,0.00000,0.00000,0.00000
384,-0.76860,0.00000,0.00000
385,0.00000,0.00000,0.00000
386,-12.37823,0.00000,0.00000
387,0.00000,0.00000,0.00000
388,-13.42283,0.00000,0.00000
389,0.00000,0.00000,0.00000
390,-14.21664,0.00000,0.00000
391,0.00000,0.00000,0.00000
392,-11.95933,0.00000,0.00000
393,0.00000,0.00000,0.00000
394,0.00000,0.00000,0.00000
395,2.05961,0.00000,0.00000
396,1.25707,0.00000,0.00000
397,0.00000,0.00000,0.00000
398,0.00000,0.00000,0.00000
399,0.00000,0.00000,0.00000
400,0.00000,0.00000,0.00000
401,0.00000,0.00000,0.00000
402,0.00000,0.00000,0.00000
403,0.00000,0.00000,0.00000
404,0.00000,0.00000,0.00000
405,0.00000,0.00000,0.00000
406,0.00000,0.00000,0.00000
407,0.00000,0.00000,0.00000
408,0.00000,0.00000,0.00000
409,0.00000,0.00000,0.00000
410,0.00000,0.00000,0.00000
411,0.00000,0.00000,0.00000
412,0.00000,0.00000,0.00000
413,0.00000,0.00000,0.00000
414,0.00000,0.00000,0.00000
415,0.00000,0.00000,0.00000
416,0.00000,0.00000,0.00000
417,0.00000,0.00000,0.00000
418,0.00000,0.00000,0.00000
419,0.00000,0.00000,0.00000
420,0.00000,0.00000,0.00000
421,0.00000,0.00000,0.00000
422,0.00000,0.00000,0.00000
423,0.00000,0.00000,0.00000
424,0.00000,0.00000,0.00000
425,0.00000,0.00000,0.00000
426,0.00000,0.00000,0.00000
427,0.00000,0.00000,0.00000
428,0.00000,0.00000,0.00000
429,0.00000,0.00000,0.00000
430,0.00000,0.00000,0.00000
431,0.00000,0.00000,0.00000
432,0.00000,0.00000,0.00000
433,0.00000,0.00000,0.00000
434,0.00000,0.00000,0.00000
435,0.00000,0.00000,0.00000
436,0.00000,0.00000,0.00000
437,0.00000,0.00000,0.00000
438,0.00000,0.00000,0.00000
439,0.00000,0.00000,0.00000
440,0.00000,0.00000,0.00000
441,0.00000,0.00000,0.00000
442,0.00000,0.00000,0.00000
443,0.00000,0.00000,0.00000
444,0.00000,0.00000,0.00000
445,0.00000,0.00000,0.00000
446,0.00000,0.00000,0.00000
447,0.00000,0.00000,0.00000
448,0.00000,0.00000,0.00000
449,0.00000,0.00000,0.00000
450,0.00000,0.00000,0.00000
451,0.00000,0.00000,0.00000
452,0.00000,0.00000,0.00000
453,0.00000,0.00000,0.00000
454,0.00000,0.00000,0.00000
455,0.00000,0.00000,0.00000
456,0.00000,0.00000,0.00000
457,0.00000,0.00000,0.00000
458,0.00000,0.00000,0.00000
459,0.00000,0.00000,0.00000
460,0.00000,0.00000,0.00000
461,0.00000,0.00000,0.00000
462,0.00000,0.00000,0.00000
463,0.00000,0.00000,0.00000
464,0.00000,0.00000,0.00000
465,0.00000,0.00000,0.00000
466,0.00000,0.00000,0.00000
467,0.00000,0.00000,0.00000
468,0.00000,0.00000,0.00000
469,0.00000,0.00000,0.00000
470,0.00000,0.00000,0.00000
471,0.00000,0.00000,0.00000
472,0.00000,0.00000,0.00000
473,0.00000,0.00000,0.00000
474,0.00000,0.00000,0.00000
475,0.00000,0.00000,0.00000
476,0.00000,0.00000,0.00000
477,0.00000,0.00000,0.00000
478,0.00000,0.00000,0.00000
479,0.00000,0.00000,0.00000
480,0.00000,0.00000,0.00000
481,0.00000,0.00000,0.00000
482,0.00000,0.00000,0.00000
483,0.00000,0.00000,0.00000
484,0.00000,0.00000,0.00000
485,0.00000,0.00000,0.00000
486,0.00000,0.00000,0.00000
487,0.00000,0.00000,0.00000
488,0.00000,0.00000,0.00000
489,0.00000,0.00000,0.00000
490,0.00000,0.00000,0.00000
491,0.00000,0.00000,0.00000
492,0.00000,0.00000,0.00000
493,0.00000,0.00000,0.00000
494,0.00000,0.00000,0.00000
495,0.00000,0.00000,0.00000
496,0.00000,0.00000,0.00000
497,0.00000,0.00000,0.00000
498,0.00000,0.00000,0.00000
499,0.00000,0.00000,0.00000
500,0.00000,0.00000,0.00000
501,0.00000,0.00000,0.00000
502,0.00000,0.00000,0.00000
503,0.00000,0.00000,0.00000
504,0.00000,0.00000,0.00000
505,0.00000,0.00000,0.00000
506,0.00000,0.00000,0.00000
507,0.00000,0.00000,0.00000
508,0.00000,0.00000,0.00000
509,0.00000,0.00000,0.00000
510,0.00000,0.00000,0.00000
511,0.00000,0.00000,0.00000
512,0.00000,0.00000,0.00000
513,0.00000,0.00000,0.00000
514,0.00000,0.00000,0.00000
515,0.00000,0.00000,0.00000
516,0.00000,0.00000,0.00000
517,0.00000,0.00000,0.00000
518,0.00000,0.00000,0.00000
519,0.00000,0.00000,0.00000
520,0.00000,0.00000,0.00000
521,0.00000,0.00000,0.00000
522,0.00000,0.00000,0.00000
523,0.00000,0.00000,0.00000
524,0.00000,0.00000,0.00000
525,0.00000,0.00000,0.00000
526,0.00000,0.00000,0.00000
527,0.00000,0.00000,0.00000
528,0.00000,0.00000,0.00000
529,0.00000,0.00000,0.00000
530,0.00000,0.00000,0.00000
531,0.00000,0.00000,0.00000
532,0.00000,0.00000,0.00000
533,0.00000,0.00000,0.00000
534,0.00000,0.00000,0.00000
535,0.00000,0.00000,0.00000
536,0.00000,0.00000,0.00000
537,0.00000,0.00000,0.00000
538,0.00000,0.00000,0.00000
539,0.00000,0.00000,0.00000
540,0.00000,0.00000,0.00000
541,0.00000,0.00000,0.00000
542,0.00000,0.00000,0.00000
543,0.00000,0.00000,0.00000
544,0.00000,0.00000,0.00000
545,0.00000,0.00000,0.00000
546,0.00000,0.00000,0.00000
547,0.00000,0.00000,0.00000
548,0.00000,0.00000,0.00000
549,0.00000,0.00000,0.00000
550,0.00000,0.00000,0.00000
551,12.61476,0.00000,0.00000
552,0.00000,0.00000,0.00000
553,0.00000,0.00000,0.00000
554,0.00000,0.00000,0.00000
555,0.00000,0.00000,0.00000
556,0.00000,0.00000,0.00000
557,0.00000,0.00000,0.00000
558,0.00000,0.00000,0.00000
559,0.00000,0.00000,0.00000
560,0.00000,0.00000,0.00000
561,0.00000,0.00000,0.00000
562,0.00000,0.00000,0.00000
563,0.00000,0.00000,0.00000
564,0.00000,0.00000,0.00000
565,0.00000,0.00000,0.00000
566,0.58537,0.00000,0.00000
567,0.94275,0.00000,0.00000
568,0.00000,0.00000,0.00000
569,0.00000,0.00000,0.00000
570,0.00000,0.00000,0.00000
571,19.95103,0.00000,0.00000
572,16.65292,0.00000,0.00000
573,0.00000,0.00000,0.00000
574,0.00000,0.00000,0.00000
575,-12.66681,0.00000,0.00000
576,-11.78908,0.00000,0.00000
577,0.00000,0.00000,0.00000
578,1.63408,0.00000,0.00000
579,1.02218,0.00000,0.00000
580,0.00000,0.00000,0.00000
581,0.00000,0.00000,0.00000
582,-16.79508,0.00000,0.00000
583,-15.18726,0.00000,0.00000
584,-9.32116,0.00000,0.00000
585,-7.85045,0.00000,0.00000
586,-13.34675,0.00000,0.00000
587,-16.53127,0.00000,0.00000
588,0.00000,0.00000,0.00000
589,-15.65348,0.00000,0.00000
590,0.00000,0.00000,0.00000
591,7.16245,0.00000,0.00000
592,8.78256,0.00000,0.00000
593,-0.34799,0.00000,0.00000
594,0.00000,0.00000,0.00000
595,0.00000,0.00000,0.00000
596,-16.59801,0.00000,0.00000
597,-12.81118,0.00000,0.00000
598,0.00000,0.00000,0.00000
599,15.86574,0.00000,0.00000
600,14.93756,0.00000,0.00000
601,0.00000,0.00000,0.00000
602,-13.87625,0.00000,0.00000
603,0.00000,0.00000,0.00000
604,18.66240,0.00000,0.00000
605,0.00000,0.00000,0.00000
606,18.53954,0.00000,0.00000
607,0.00000,0.00000,0.00000
608,-9.87955,0.00000,0.00000
609,-8.65805,0.00000,0.00000
610,-9.02125,0.00000,0.00000
611,0.00000,0.00000,0.00000
612,19.95723,0.00000,0.00000
613,15.23363,0.00000,0.00000
614,-15.51040,0.00000,0.00000
615,-18.09918,0.00000,0.00000
616,-16.73324,0.00000,0.00000
617,0.00000,0.00000,0.00000
618,-17.57484,0.00000,0.00000
619,13.14057,0.00000,0.00000
620,0.00000,0.00000,0.00000
621,17.50181,0.00000,0.00000
622,15.90960,0.00000,0.00000
623,0.00000,0.00000,0.00000
624,12.63947,0.00000,0.00000
625,0.00000,0.00000,0.00000
626,-4.55375,0.00000,0.00000
627,-5.91488,0.00000,0.00000
628,-4.38768,0.00000,0.00000
629,0.00000,0.00000,0.00000
630,-3.85151,0.00000,0.00000
631,15.70371,0.00000,0.00000
632,0.00000,0.00000,0.00000
633,16.83308,0.00000,0.00000
634,-11.60025,0.00000,0.00000
635,0.00000,0.00000,0.00000
636,-12.07201,0.00000,0.00000
637,-17.39918,0.00000,0.00000
638,0.00000,0.00000,0.00000
639,0.00000,0.00000,0.00000
640,0.00000,0.00000,0.00000
641,0.00000,0.00000,0.00000
642,0.00000,0.00000,0.00000
643,-16.52300,0.00000,0.00000
644,0.00000,0.00000,0.00000
645,13.60812,0.00000,0.00000
646,12.04287,0.00000,0.00000
647,0.00000,0.00000,0.00000
648,-16.54374,0.00000,0.00000
649,0.00000,0.00000,0.00000
650,-17.87623,0.00000,0.00000
651,0.00000,0.00000,0.00000
652,0.00000,0.00000,0.00000
653,0.00000,0.00000,0.00000
654,16.70122,0.00000,0.00000
655,16.39033,0.00000,0.00000
656,0.00000,0.00000,0.00000
657,2.19129,0.00000,0.00000
658,0.00000,0.00000,0.00000
659,2.51130,0.00000,0.00000
660,0.00000,0.00000,0.00000
661,0.00000,0.00000,0.00000
662,14.70062,0.00000,0.00000
663,12.77434,0.00000,0.00000
664,-16.44941,0.00000,0.00000
665,0.00000,0.00000,0.00000
666,0.00000,0.00000,0.00000
667,0.00000,0.00000,0.00000
668,-12.47036,0.00000,0.00000
669,11.18384,0.00000,0.00000
670,0.00000,0.00000,0.00000
671,0.00000,0.00000,0.00000
672,0.00000,0.00000,0.00000
673,0.00000,0.00000,0.00000
674,-16.15787,0.00000,0.00000
675,0.00000,0.00000,0.00000
676,0.00000,0.00000,0.00000
677,0.00000,0.00000,0.00000
678,0.00000,0.00000,0.00000
679,0.00000,0.00000,0.00000
680,0.00000,0.00000,0.00000
681,0.00000,0.00000,0.00000
682,0.00000,0.00000,0.00000
683,0.00000,0.00000,0.00000
684,0.00000,0.00000,0.00000
685,0.00000,0.00000,0.00000
686,0.00000,0.00000,0.00000
687,16.43947,0.00000,0.00000
688,20.48733,0.00000,0.00000
689,0.00000,0.00000,0.00000
690,0.00000,0.00000,0.00000
691,11.07645,0.00000,0.00000
692,0.00000,0.00000,0.00000
693,0.00000,0.00000,0.00000
694,0.00000,0.00000,0.00000
695,15.85179,0.00000,0.00000
696,0.00000,0.00000,0.00000
697,0.00000,0.00000,0.00000
698,16.30515,0.00000,0.00000
699,0.00000,0.00000,0.00000
700,-8.73617,0.00000,0.00000
701,-8.83228,0.00000,0.00000
702,0.00000,0.00000,0.00000
703,0.00000,0.00000,0.00000
704,-14.21408,0.00000,0.00000
705,0.00000,0.00000,0.00000
706,0.00000,0.00000,0.00000
707,14.18726,0.00000,0.00000
708,0.00000,0.00000,0.00000
709,0.00000,0.00000,0.00000
710,0.00000,0.00000,0.00000
711,0.00000,0.00000,0.00000
712,0.00000,0.00000,0.00000
713,0.00000,0.00000,0.00000
714,0.00000,0.00000,0.00000
715,0.00000,0.00000,0.00000
716,0.00000,0.00000,0.00000
717,0.00000,0.00000,0.00000
718,0.00000,0.00000,0.00000
719,0.00000,0.00000,0.00000
720,0.00000,0.00000,0.00000
721,0.00000,0.00000,0.00000
722,0.00000,0.00000,0.00000
723,0.00000,0.00000,0.00000
724,0.00000,0.00000,0.00000
725,0.00000,0.00000,0.00000
726,0.00000,0.00000,0.00000
727,0.00000,0.00000,0.00000
728,0.00000,0.00000,0.00000
729,0.00000,0.00000,0.00000
730,0.00000,0.00000,0.00000
731,0.00000,0.00000,0.00000
732,0.00000,0.00000,0.00000
733,0.00000,0.00000,0.00000
734,0.00000,0.00000,0.00000
735,0.00000,0.00000,0.00000
736,0.00000,0.00000,0.00000
737,0.00000,0.00000,0.00000
738,0.00000,0.00000,0.00000
739,0.00000,0.00000,0.00000
740,0.00000,0.00000,0.00000
741,0.00000,0.00000,0.00000
742,0.00000,0.00000,0.00000
743,0.00000,0.00000,0.00000
744,0.00000,0.00000,0.00000
745,0.00000,0.00000,0.00000
746,0.00000,0.00000,0.00000
747,0.00000,0.00000,0.00000
748,0.00000,0.00000,0.00000
749,0.00000,0.00000,0.00000
750,0.00000,0.00000,0.00000
751,0.00000,0.00000,0.00000
752,0.00000,0.00000,0.00000
753,0.00000,0.00000,0.00000
754,0.00000,0.00000,0.00000
755,0.00000,0.00000,0.00000
756,0.00000,0.00000,0.00000
757,0.00000,0.00000,0.00000
758,0.00000,0.00000,0.00000
759,0.00000,0.00000,0.00000
760,0.00000,0.00000,0.00000
761,0.00000,0.00000,0.00000
762,0.00000,0.00000,0.00000
763,0.00000,0.00000,0.00000
764,0.00000,0.00000,0.00000
765,0.00000,0.00000,0.00000
766,0.00000,0.00000,0.00000
767,0.00000,0.00000,0.00000
768,0.00000,0.00000,0.00000
769,0.00000,0.00000,0.00000
770,0.00000,0.00000,0.00000
771,0.00000,0.00000,0.00000
772,0.00000,0.00000,0.00000
773,0.00000,0.00000,0.00000
774,0.00000,0.00000,0.00000
775,0.00000,0.00000,0.00000
776,0.00000,0.00000,0.00000
777,0.00000,0.00000,0.00000
778,0.00000,0.00000,0.00000
779,0.00000,0.00000,0.00000
780,0.00000,0.00000,0.00000
781,0.00000,0.00000,0.00000
782,0.00000,0.00000,0.00000
783,0.00000,0.00000,0.00000
784,0.00000,0.00000,0.00000
785,0.00000,0.00000,0.00000
786,0.00000,0.00000,0.00000
787,0.00000,0.00000,0.00000
788,0.00000,0.00000,0.00000
789,0.00000,0.00000,0.00000
790,0.00000,0.00000,0.00000
791,0.00000,0.00000,0.00000
792,0.00000,0.00000,0.00000
793,0.00000,0.00000,0.00000
794,0.00000,0.00000,0.00000
795,0.00000,0.00000,0.00000
796,0.00000,0.00000,0.00000
797,0.00000,0.00000,0.00000
798,0.00000,0.00000,0.00000
799,0.00000,0.00000,0.00000
800,0.00000,0.00000,0.00000
801,0.00000,0.00000,0.00000
802,0.00000,0.00000,0.00000
803,0.00000,0.00000,0.00000
804,0.00000,0.00000,0.00000
805,0.00000,0.00000,0.00000
806,0.00000,0.00000,0.00000
807,0.00000,0.00000,0.00000
808,0.00000,0.00000,0.00000
809,0.00000,0.00000,0.00000
810,0.00000,0.00000,0.00000
811,0.00000,0.00000,0.00000
812,0.00000,0.00000,0.00000
813,0.00000,0.00000,0.00000
814,0.00000,0.00000,0.00000
815,0.00000,0.00000,0.00000
816,0.00000,0.00000,0.00000
817,0.00000,0.00000,0.00000
818,0.00000,0.00000,0.00000
819,0.00000,0.00000,0.00000
820,0.00000,0.00000,0.00000
821,0.00000,0.00000,0.00000
822,0.00000,0.00000,0.00000
823,0.00000,0.00000,0.00000
824,0.00000,0.00000,0.00000
825,0.00000,0.00000,0.00000
826,0.00000,0.00000,0.00000
827,0.00000,0.00000,0.00000
828,0.00000,0.00000,0.00000
829,0.00000,0.00000,0.00000
830,0.00000,0.00000,0.00000
831,0.00000,0.00000,0.00000
832,0.00000,0.00000,0.00000
833,0.00000,0.00000,0.00000
834,0.00000,0.00000,0.00000
835,0.00000,0.00000,0.00000
836,0.00000,0.00000,0.00000
837,0.00000,0.00000,0.00000
838,0.00000,0.00000,0.00000
839,0.00000,0.00000,0.00000
840,0.00000,0.00000,0.00000
841,0.00000,0.00000,0.00000
842,0.00000,0.00000,0.00000
843,0.00000,0.00000,0.00000
844,0.00000,0.00000,0.00000
845,0.00000,0.00000,0.00000
846,0.00000,0.00000,0.00000
847,0.00000,0.00000,0.00000
848,0.00000,0.00000,0.00000
849,0.00000,0.00000,0.00000
850,0.00000,0.00000,0.00000
851,0.00000,0.00000,0.00000
852,0.00000,0.00000,0.00000
853,0.00000,0.00000,0.00000
854,0.00000,0.00000,0.00000
855,0.00000,0.00000,0.00000
856,0.00000,0.00000,0.00000
857,0.00000,0.00000,0.00000
858,0.00000,0.00000,0.00000
859,0.00000,0.00000,0.00000
860,0.00000,0.00000,0.00000
861,0.00000,0.00000,0.00000
862,0.00000,0.00000,0.00000
863,0.00000,0.00000,0.00000
864,0.00000,0.00000,0.00000
865,0.00000,0.00000,0.00000
866,0.00000,0.00000,0.00000
867,0.00000,0.00000,0.00000
868,0.00000,0.00000,0.00000
869,0.00000,0.00000,0.00000
870,0.00000,0.00000,0.00000
871,0.00000,0.00000,0.00000
872,0.00000,0.00000,0.00000
873,0.00000,0.00000,0.00000
874,0.00000,0.00000,0.00000
875,0.00000,0.00000,0.00000
876,0.00000,0.00000,0.00000
877,0.00000,0.00000,0.00000
878,0.00000,0.00000,0.00000
879,0.00000,0.00000,0.00000
880,0.00000,0.00000,0.00000
881,0.00000,0.00000,0.00000
882,0.00000,0.00000,0.00000
883,0.00000,0.00000,0.00000
884,0.00000,0.00000,0.00000
885,0.00000,0.00000,0.00000
886,0.00000,0.00000,0.00000
887,0.00000,0.00000,0.00000
888,0.00000,0.00000,0.00000
889,0.00000,0.00000,0.00000
890,0.00000,0.00000,0.00000
891,0.00000,0.00000,0.00000
892,0.00000,0.00000,0.00000
893,0.00000,0.00000,0.00000
894,0.00000,0.00000,0.00000
895,0.00000,0.00000,0.00000
896,0.00000,0.00000,0.00000
897,0.00000,0.00000,0.00000
898,0.00000,0.00000,0.00000
899,0.00000,0.00000,0.00000
900,0.00000,0.00000,0.00000
901,0.00000,0.00000,0.00000
902,0.00000,0.00000,0.00000
903,0.00000,0.00000,0.00000
904,0.00000,0.00000,0.00000
905,0.00000,0.00000,0.00000
906,0.00000,0.00000,0.00000
907,0.00000,0.00000,0.00000
908,0.00000,0.00000,0.00000
909,0.00000,0.00000,0.00000
910,0.00000,0.00000,0.00000
911,0.00000,0.00000,0.00000
912,0.00000,0.00000,0.00000
913,0.00000,0.00000,0.00000
914,0.00000,0.00000,0.00000
915,0.00000,0.00000,0.00000
916,0.00000,0.00000,0.00000
917,0.00000,0.00000,0.00000
918,0.00000,0.00000,0.00000
919,0.00000,0.00000,0.00000
920,0.00000,0.00000,0.00000
921,0.00000,0.00000,0.00000
922,0.00000,0.00000,0.00000
923,0.00000,0.00000,0.00000
924,0.00000,0.00000,0.00000
925,0.00000,0.00000,0.00000
926,0.00000,0.00000,0.00000
927,0.00000,0.00000,0.00000
928,0.00000,0.00000,0.00000
929,0.00000,0.00000,0.00000
930,0.00000,0.00000,0.00000
931,0.00000,0.00000,0.00000
932,0.00000,0.00000,0.00000
933,0.00000,0.00000,0.00000
934,0.00000,0.00000,0.00000
935,0.00000,0.00000,0.00000
936,0.00000,0.00000,0.00000
937,0.00000,0.00000,0.00000
938,0.00000,0.00000,0.00000
939,0.00000,0.00000,0.00000
940,0.00000,0.00000,0.00000
941,0.00000,0.00000,0.00000
942,0.00000,0.00000,0.00000
943,0.00000,0.00000,0.00000
944,0.00000,0.00000,0.00000
945,0.00000,0.00000,0.00000
946,0.00000,0.00000,0.00000
947,0.00000,0.00000,0.00000
948,0.00000,0.00000,0.00000
949,0.00000,0.00000,0.00000
950,0.00000,0.00000,0.00000
951,0.00000,0.00000,0.00000
952,0.00000,0.00000,0.00000
953,0.00000,0.00000,0.00000
954,0.00000,0.00000,0.00000
955,0.00000,0.00000,0.00000
956,0.00000,0.00000,0.00000
957,0.00000,0.00000,0.00000
958,0.00000,0.00000,0.00000
959,0.00000,0.00000,0.00000
960,0.00000,0.00000,0.00000
961,0.00000,0.00000,0.00000
962,0.00000,0.00000,0.00000
963,0.00000,0.00000,0.00000
964,0.00000,0.00000,0.00000
965,0.00000,0.00000,0.00000
966,0.00000,0.00000,0.00000
967,0.00000,0.00000,0.00000
968,0.00000,0.00000,0.00000
969,0.00000,0.00000,0.00000
970,0.00000,0.00000,0.00000
971,0.00000,0.00000,0.00000
972,0.00000,0.00000,0.00000
973,0.00000,0.00000,0.00000
974,0.00000,0.00000,0.00000
975,0.00000,0.00000,0.00000
976,0.00000,0.00000,0.00000
977,0.00000,0.00000,0.00000
978,0.00000,0.00000,0.00000
979,0.00000,0.00000,0.00000
980,0.00000,0.00000,0.00000
981,0.00000,0.00000,0.00000
982,0.00000,0.00000,0.00000
983,0.00000,0.00000,0.00000
984,0.00000,0.00000,0.00000
985,0.00000,0.00000,0.00000
986,0.00000,0.00000,0.00000
987,0.00000,0.00000,0.00000
988,0.00000,0.00000,0.00000
989,0.00000,0.00000,0.00000
990,0.00000,0.00000,0.00000
991,0.00000,0.00000,0.00000
992,0.00000,0.00000,0.00000
993,0.00000,0.00000,0.00000
994,0.00000,0.00000,0.00000
995,0.00000,0.00000,0.00000
996,0.00000,0.00000,0.00000
997,0.00000,0.00000,0.00000
998,0.00000,0.00000,0.00000
999,0.00000,0.00000,0.00000
1000,0.00000,0.00000,0.00000
1001,0.00000,0.00000,0.00000
1002,0.00000,0.00000,0.00000
1003,0.00000,0.00000,0.00000
1004,0.00000,0.00000,0.00000
1005,0.00000,0.00000,0.00000
1006,0.00000,0.00000,0.00000
1007,0.00000,0.00000,0.00000
1008,0.00000,0.00000,0.00000
1009,0.00000,0.00000,0.00000
1010,0.00000,0.00000,0.00000
1011,0.00000,0.00000,0.00000
1012,0.00000,0.00000,0.00000
1013,0.00000,0.00000,0.00000
1014,0.00000,0.00000,0.00000
1015,0.00000,0.00000,0.00000
1016,0.00000,0.00000,0.00000
1017,0.00000,0.00000,0.00000
1018,0.00000,0.00000,0.00000
1019,0.00000,0.00000,0.00000
1020,0.00000,0.00000,0.00000
1021,0.00000,0.00000,0.00000
1022,0.00000,0.00000,0.00000
1023,0.00000,0.00000,0.00000
1024,0.00000,0.00000,0.00000
1025,0.00000,0.00000,0.00000
1026,0.00000,0.00000,0.00000
1027,0.00000,0.00000,0.00000
1028,0.00000,0.00000,0.00000
1029,0.00000,0.00000,0.00000
1030,0.00000,0.00000,0.00000
1031,0.00000,0.00000,0.00000
1032,0.00000,0.00000,0.00000
1033,0.00000,0.00000,0.00000
1034,0.00000,0.00000,0.00000
1035,0.00000,0.00000,0.00000
1036,0.00000,0.00000,0.00000
1037,0.00000,0.00000,0.00000
1038,0.00000,0.00000,0.00000
1039,0.00000,0.00000,0.00000
1040,0.00000,0.00000,0.00000
1041,0.00000,0.00000,0.00000
1042,0.00000,0.00000,0.00000
1043,0.00000,0.00000,0.00000
1044,0.00000,0.00000,0.00000
1045,0.00000,0.00000,0.00000
1046,0.00000,0.00000,0.00000
1047,0.00000,0.00000,0.00000
1048,0.00000,0.00000,0.00000
1049,0.00000,0.00000,0.00000
1050,0.00000,0.00000,0.00000
1051,0.00000,0.00000,0.00000
1052,0.00000,0.00000,0.00000
1053,0.00000,0.00000,0.00000
1054,0.00000,0.00000,0.00000
1055,0.00000,0.00000,0.00000
1056,0.00000,0.00000,0.00000
1057,0.00000,0.00000,0.00000
1058,0.00000,0.00000,0.00000
1059,0.00000,0.00000,0.00000
1060,0.00000,0.00000,0.00000
1061,0.00000,0.00000,0.00000
1062,0.00000,0.00000,0.00000
1063,0.00000,0.00000,0.00000
1064,0.00000,0.00000,0.00000
1065,0.00000,0.00000,0.00000
1066,0.00000,0.00000,0.00000
1067,0.00000,0.00000,0.00000
1068,-8.90180,0.00000,0.00000
1069,0.00000,0.00000,0.00000
1070,-18.79225,0.00000,0.00000
1071,-16.70138,0.00000,0.00000
1072,0.00000,0.00000,0.00000
1073,-14.62971,0.00000,0.00000
1074,0.00000,0.00000,0.00000
1075,14.60842,0.00000,0.00000
1076,0.00000,0.00000,0.00000
1077,-1.10190,0.00000,0.00000
1078,-0.59200,0.00000,0.00000
1079,0.00000,0.00000,0.00000
1080,0.16909,0.00000,0.00000
1081,0.62068,0.00000,0.00000
1082,-13.36947,0.00000,0.00000
1083,-9.63240,0.00000,0.00000
1084,0.00000,0.00000,0.00000
1085,0.00000,0.00000,0.00000
1086,0.00000,0.00000,0.00000
1087,-5.25963,0.00000,0.00000
1088,0.00000,0.00000,0.00000
1089,0.00000,0.00000,0.00000
1090,0.00000,0.00000,0.00000
1091,3.14116,0.00000,0.00000
1092,3.12450,0.00000,0.00000
1093,16.98026,0.00000,0.00000
1094,0.00000,0.00000,0.00000
1095,0.00000,0.00000,0.00000
1096,0.00000,0.00000,0.00000
1097,0.00000,0.00000,0.00000
1098,-4.89836,0.00000,0.00000
1099,-4.72731,0.00000,0.00000
1100,0.00000,0.00000,0.00000
1101,0.00000,0.00000,0.00000
1102,-2.04773,0.00000,0.00000
1103,0.00000,0.00000,0.00000
1104,-2.53723,0.00000,0.00000
1105,0.00000,0.00000,0.00000
1106,15.00051,0.00000,0.00000
1107,12.29238,0.00000,0.00000
1108,0.00000,0.00000,0.00000
1109,16.90396,0.00000,0.00000
1110,0.00000,0.00000,0.00000
1111,0.27219,0.00000,0.00000
1112,-0.09304,0.00000,0.00000
1113,0.00000,0.00000,0.00000
1114,0.00000,0.00000,0.00000
1115,0.00000,0.00000,0.00000
1116,0.00000,0.00000,0.00000
1117,0.00000,0.00000,0.00000
1118,0.00000,0.00000,0.00000
1119,0.00000,0.00000,0.00000
1120,8.15619,0.00000,0.00000
1121,9.92772,0.00000,0.00000
1122,0.00000,0.00000,0.00000
1123,0.00000,0.00000,0.00000
1124,0.00000,0.00000,0.00000
1125,-16.94712,0.00000,0.00000
1126,-7.48047,0.00000,0.00000
1127,-7.90772,0.00000,0.00000
1128,0.00000,0.00000,0.00000
1129,0.00000,0.00000,0.00000
1130,0.00000,0.00000,0.00000
1131,11.89721,0.00000,0.00000
1132,12.32712,0.00000,0.00000
1133,0.00000,0.00000,0.00000
1134,0.00000,0.00000,0.00000
1135,0.00000,0.00000,0.00000
1136,-16.40383,0.00000,0.00000
1137,-13.96956,0.00000,0.00000
1138,0.00000,0.00000,0.00000
1139,-18.31440,0.00000,0.00000
1140,0.00000,0.00000,0.00000
1141,0.00000,0.00000,0.00000
1142,-15.82020,0.00000,0.00000
1143,0.00000,0.00000,0.00000
1144,0.00000,0.00000,0.00000
1145,0.00000,0.00000,0.00000
1146,-0.02506,0.00000,0.00000
1147,0.46516,0.00000,0.00000
1148,0.00000,0.00000,0.00000
1149,0.00000,0.00000,0.00000
1150,0.00000,0.00000,0.00000
1151,0.00000,0.00000,0.00000
1152,0.00000,0.00000,0.00000
1153,-12.11956,0.00000,0.00000
1154,0.00000,0.00000,0.00000
1155,0.00000,0.00000,0.00000
1156,0.00000,0.00000,0.00000
1157,-11.84648,0.00000,0.00000
1158,0.00000,0.00000,0.00000
1159,0.00000,0.00000,0.00000
1160,-11.06132,0.00000,0.00000
1161,0.00000,0.00000,0.00000
1162,0.00000,0.00000,0.00000
1163,0.00000,0.00000,0.00000
1164,-2.79955,0.00000,0.00000
1165,0.00000,0.00000,0.00000
1166,0.00000,0.00000,0.00000
1167,0.00000,0.00000,0.00000
1168,0.00000,0.00000,0.00000
1169,4.14536,0.00000,0.00000
1170,5.32197,0.00000,0.00000
1171,0.00000,0.00000,0.00000
1172,4.59061,0.00000,0.00000
1173,0.00000,0.00000,0.00000
1174,0.00000,0.00000,0.00000
1175,-9.39255,0.00000,0.00000
1176,0.00000,0.00000,0.00000
1177,0.00000,0.00000,0.00000
1178,0.00000,0.00000,0.00000
1179,0.00000,0.00000,0.00000
1180,0.00000,0.00000,0.00000
1181,0.00000,0.00000,0.00000
1182,-17.42940,0.00000,0.00000
1183,0.00000,0.00000,0.00000
1184,0.00000,0.00000,0.00000
1185,0.00000,0.00000,0.00000
1186,0.00000,0.00000,0.00000
1187,0.00000,0.00000,0.00000
1188,0.00000,0.00000,0.00000
1189,0.00000,0.00000,0.00000
1190,0.00000,0.00000,0.00000
1191,0.00000,0.00000,0.00000
1192,0.00000,0.00000,0.00000
1193,0.00000,0.00000,0.00000
1194,0.00000,0.00000,0.00000
1195,0.00000,0.00000,0.00000
1196,0.00000,0.00000,0.00000
1197,0.00000,0.00000,0.00000
1198,0.00000,0.00000,0.00000
1199,0.00000,0.00000,0.00000
1200,0.00000,0.00000,0.00000
1201,0.00000,0.00000,0.00000
1202,0.00000,0.00000,0.00000
1203,0.00000,0.00000,0.00000
1204,0.00000,0.00000,0.00000
1205,0.00000,0.00000,0.00000
1206,0.00000,0.00000,0.00000
1207,0.00000,0.00000,0.00000
1208,0.00000,0.00000,0.00000
1209,0.00000,0.00000,0.00000
1210,0.00000,0.00000,0.00000
1211,0.00000,0.00000,0.00000
1212,0.00000,0.00000,0.00000
1213,0.00000,0.00000,0.00000
1214,0.00000,0.00000,0.00000
1215,0.00000,0.00000,0.00000
1216,0.00000,0.00000,0.00000
1217,0.00000,0.00000,0.00000
1218,0.00000,0.00000,0.00000
1219,0.00000,0.00000,0.00000
1220,0.00000,0.00000,0.00000
1221,0.00000,0.00000,0.00000
1222,0.00000,0.00000,0.00000
1223,0.00000,0.00000,0.00000
1224,0.00000,0.00000,0.00000
1225,0.00000,0.00000,0.00000
1226,0.00000,0.00000,0.00000
1227,0.00000,0.00000,0.00000
1228,0.00000,0.00000,0.00000
1229,0.00000,0.00000,0.00000
1230,0.00000,0.00000,0.00000
1231,0.00000,0.00000,0.00000
1232,0.00000,0.00000,0.00000
1233,0.00000,0.00000,0.00000
1234,0.00000,0.00000,0.00000
1235,0.00000,0.00000,0.00000
1236,0.00000,0.00000,0.00000
1237,0.00000,0.00000,0.00000
1238,0.00000,0.00000,0.00000
1239,0.00000,0.00000,0.00000
1240,0.00000,0.00000,0.00000
1241,0.00000,0.00000,0.00000
1242,0.00000,0.00000,0.00000
1243,0.00000,0.00000,0.00000
1244,0.00000,0.00000,0.00000
1245,0.00000,0.00000,0.00000
1246,0.00000,0.00000,0.00000
1247,0.00000,0.00000,0.00000
1248,0.00000,0.00000,0.00000
1249,0.00000,0.00000,0.00000
1250,0.00000,0.00000,0.00000
1251,0.00000,0.00000,0.00000
1252,0.00000,0.00000,0.00000
1253,0.00000,0.00000,0.00000
1254,0.00000,0.00000,0.00000
1255,0.00000,0.00000,0.00000
1256,0.00000,0.00000,0.00000
1257,0.00000,0.00000,0.00000
1258,0.00000,0.00000,0.00000
1259,0.00000,0.00000,0.00000
1260,0.00000,0.00000,0.00000
1261,0.00000,0.00000,0.00000
1262,0.00000,0.00000,0.00000
1263,0.00000,0.00000,0.00000
1264,0.00000,0.00000,0.00000
1265,0.00000,0.00000,0.00000
1266,0.00000,0.00000,0.00000
1267,0.00000,0.00000,0.00000
1268,0.00000,0.00000,0.00000
1269,0.00000,0.00000,0.00000
1270,0.00000,0.00000,0.00000
1271,0.00000,0.00000,0.00000
1272,0.00000,0.00000,0.00000
1273,0.00000,0.00000,0.00000
1274,0.00000,0.00000,0.00000
1275,0.00000,0.00000,0.00000
1276,0.00000,0.00000,0.00000
1277,0.00000,0.00000,0.00000
1278,0.00000,0.00000,0.00000
1279,0.00000,0.00000,0.00000
1280,0.00000,0.00000,0.00000
1281,0.00000,0.00000,0.00000
1282,0.00000,0.00000,0.00000
1283,0.00000,0.00000,0.00000
1284,0.00000,0.00000,0.00000
1285,0.00000,0.00000,0.00000
1286,0.00000,0.00000,0.00000
1287,0.00000,0.00000,0.00000
1288,0.00000,0.00000,0.00000
1289,0.00000,0.00000,0.00000
1290,0.00000,0.00000,0.00000
1291,0.00000,0.00000,0.00000
1292,0.00000,0.00000,0.00000
1293,0.00000,0.00000,0.00000
1294,0.00000,0.00000,0.00000
1295,0.00000,0.00000,0.00000
1296,0.00000,0.00000,0.00000
1297,0.00000,0.00000,0.00000
1298,0.00000,0.00000,0.00000
1299,0.00000,0.00000,0.00000
1300,0.00000,0.00000,0.00000
1301,0.00000,0.00000,0.00000
1302,0.00000,0.00000,0.00000
1303,0.00000,0.00000,0.00000
1304,0.00000,0.00000,0.00000
1305,0.00000,0.00000,0.00000
1306,0.00000,0.00000,0.00000
1307,0.00000,0.00000,0.00000
1308,0.00000,0.00000,0.00000
1309,0.00000,0.00000,0.00000
1310,0.00000,0.00000,0.00000
1311,0.00000,0.00000,0.00000
1312,0.00000,0.00000,0.00000
1313,0.00000,0.00000,0.00000
1314,0.00000,0.00000,0.00000
1315,0.00000,0.00000,0.00000
1316,0.00000,0.00000,0.00000
1317,0.00000,0.00000,0.00000
1318,0.00000,0.00000,0.00000
1319,0.00000,0.00000,0.00000
1320,0.00000,0.00000,0.00000
1321,0.00000,0.00000,0.00000
1322,0.00000,0.00000,0.00000
1323,0.00000,0.00000,0.00000
1324,0.00000,0.00000,0.00000
1325,0.00000,0.00000,0.00000
1326,0.00000,0.00000,0.00000
1327,0.00000,0.00000,0.00000
1328,0.00000,0.00000,0.00000
1329,0.00000,0.00000,0.00000
1330,0.00000,0.00000,0.00000
1331,0.00000,0.00000,0.00000
1332,0.00000,0.00000,0.00000
1333,0.00000,0.00000,0.00000
1334,0.00000,0.00000,0.00000
1335,0.00000,0.00000,0.00000
1336,0.00000,0.00000,0.00000
1337,0.00000,0.00000,0.00000
1338,0.00000,0.00000,0.00000
1339,0.00000,0.00000,0.00000
1340,0.00000,0.00000,0.00000
1341,0.00000,0.00000,0.00000
1342,0.00000,0.00000,0.00000
1343,0.00000,0.00000,0.00000
1344,0.00000,0.00000,0.00000
1345,0.00000,0.00000,0.00000
1346,0.00000,0.00000,0.00000
1347,0.00000,0.00000,0.00000
1348,0.00000,0.00000,0.00000
1349,0.00000,0.00000,0.00000
1350,0.00000,0.00000,0.00000
1351,0.00000,0.00000,0.00000
1352,0.00000,0.00000,0.00000
1353,0.00000,0.00000,0.00000
1354,0.00000,0.00000,0.00000
1355,0.00000,0.00000,0.00000
1356,0.00000,0.00000,0.00000
1357,0.00000,0.00000,0.00000
1358,0.00000,0.00000,0.00000
1359,0.00000,0.00000,0.00000
1360,0.00000,0.00000,0.00000
1361,0.00000,0.00000,0.00000
1362,0.00000,0.00000,0.00000
1363,0.00000,0.00000,0.00000
1364,0.00000,0.00000,0.00000
1365,0.00000,0.00000,0.00000
1366,0.00000,0.00000,0.00000
1367,0.00000,0.00000,0.00000
1368,0.00000,0.00000,0.00000
1369,0.00000,0.00000,0.00000
1370,0.00000,0.00000,0.00000
1371,0.00000,0.00000,0.00000
1372,0.00000,0.00000,0.00000
1373,0.00000,0.00000,0.00000
1374,0.00000,0.00000,0.00000
1375,0.00000,0.00000,0.00000
1376,0.00000,0.00000,0.00000
1377,0.00000,0.00000,0.00000
1378,0.00000,0.00000,0.00000
1379,0.00000,0.00000,0.00000
1380,0.00000,0.00000,0.00000
1381,0.00000,0.00000,0.00000
1382,0.00000,0.00000,0.00000
1383,0.00000,0.00000,0.00000
1384,0.00000,0.00000,0.00000
1385,0.00000,0.00000,0.00000
1386,0.00000,0.00000,0.00000
1387,0.00000,0.00000,0.00000
1388,0.00000,0.00000,0.00000
1389,0.00000,0.00000,0.00000
1390,0.00000,0.00000,0.00000
1391,0.00000,0.00000,0.00000
1392,0.00000,0.00000,0.00000
1393,0.00000,0.00000,0.00000
1394,0.00000,0.00000,0.00000
1395,0.00000,0.00000,0.00000
1396,0.00000,0.00000,0.00000
1397,0.00000,0.00000,0.00000
1398,0.00000,0.00000,0.00000
1399,0.00000,0.00000,0.00000
1400,0.00000,0.00000,0.00000
1401,0.00000,0.00000,0.00000
1402,0.00000,0.00000,0.00000
1403,0.00000,0.00000,0.00000
1404,0.00000,0.00000,0.00000
1405,0.00000,0.00000,0.00000
1406,0.00000,0.00000,0.00000
1407,0.00000,0.00000,0.00000
1408,0.00000,0.00000,0.00000
1409,0.00000,0.00000,0.00000
1410,0.00000,0.00000,0.00000
1411,0.00000,0.00000,0.00000
1412,0.00000,0.00000,0.00000
1413,0.00000,0.00000,0.00000
1414,0.00000,0.00000,0.00000
1415,0.00000,0.00000,0.00000
1416,0.00000,0.00000,0.00000
1417,0.00000,0.00000,0.00000
1418,0.00000,0.00000,0.00000
1419,0.00000,0.00000,0.00000
1420,0.00000,0.00000,0.00000
1421,0.00000,0.00000,0.00000
1422,0.00000,0.00000,0.00000
1423,0.00000,0.00000,0.00000
1424,0.00000,0.00000,0.00000
1425,0.00000,0.00000,0.00000
1426,0.00000,0.00000,0.00000
1427,0.00000,0.00000,0.00000
1428,0.00000,0.00000,0.00000
1429,0.00000,0.00000,0.00000
1430,0.00000,0.00000,0.00000
1431,0.00000,0.00000,0.00000
1432,0.00000,0.00000,0.00000
1433,0.00000,0.00000,0.00000
1434,0.00000,0.00000,0.00000
1435,0.00000,0.00000,0.00000
1436,0.00000,0.00000,0.00000
1437,0.00000,0.00000,0.00000
1438,0.00000,0.00000,0.00000
1439,0.00000,0.00000,0.00000
1440,0.00000,0.00000,0.00000
1441,0.00000,0.00000,0.00000
1442,0.00000,0.00000,0.00000
1443,0.00000,0.00000,0.00000
1444,0.00000,0.00000,0.00000
1445,0.00000,0.00000,0.00000
1446,0.00000,0.00000,0.00000
1447,0.00000,0.00000,0.00000
1448,0.00000,0.00000,0.00000
1449,0.00000,0.00000,0.00000
1450,0.00000,0.00000,0.00000
1451,0.00000,0.00000,0.00000
1452,0.00000,0.00000,0.00000
1453,0.00000,0.00000,0.00000
1454,0.00000,0.00000,0.00000
1455,0.00000,0.00000,0.00000
1456,0.00000,0.00000,0.00000
1457,0.00000,0.00000,0.00000
1458,0.00000,0.00000,0.00000
1459,0.00000,0.00000,0.00000
1460,0.00000,0.00000,0.00000
1461,0.00000,0.00000,0.00000
1462,0.00000,0.00000,0.00000
1463,0.00000,0.00000,0.00000
1464,0.00000,0.00000,0.00000
1465,0.00000,0.00000,0.00000
1466,0.00000,0.00000,0.00000
1467,0.00000,0.00000,0.00000
1468,0.00000,0.00000,0.00000
1469,0.00000,0.00000,0.00000
1470,0.00000,0.00000,0.00000
1471,0.00000,0.00000,0.00000
1472,0.00000,0.00000,0.00000
1473,0.00000,0.00000,0.00000
1474,0.00000,0.00000,0.00000
1475,0.00000,0.00000,0.00000
1476,0.00000,0.00000,0.00000
1477,0.00000,0.00000,0.00000
1478,0.00000,0.00000,0.00000
1479,0.00000,0.00000,0.00000
1480,0.00000,0.00000,0.00000
1481,0.00000,0.00000,0.00000
1482,0.00000,0.00000,0.00000
1483,0.00000,0.00000,0.00000
1484,0.00000,0.00000,0.00000
1485,0.00000,0.00000,0.00000
1486,0.00000,0.00000,0.00000
1487,0.00000,0.00000,0.00000
1488,0.00000,0.00000,0.00000
1489,0.00000,0.00000,0.00000
1490,0.00000,0.00000,0.00000
1491,0.00000,0.00000,0.00000
1492,0.00000,0.00000,0.00000
1493,0.00000,0.00000,0.00000
1494,0.00000,0.00000,0.00000
1495,0.00000,0.00000,0.00000
1496,0.00000,0.00000,0.00000
1497,0.00000,0.00000,0.00000
1498,0.00000,0.00000,0.00000
1499,0.00000,0.00000,0.00000
1500,0.00000,0.00000,0.00000
1501,0.00000,0.00000,0.00000
1502,0.00000,0.00000,0.00000
1503,0.00000,0.00000,0.00000
1504,0.00000,0.00000,0.00000
1505,0.00000,0.00000,0.00000
1506,0.00000,0.00000,0.00000
1507,0.00000,0.00000,0.00000
1508,0.00000,0.00000,0.00000
1509,0.00000,0.00000,0.00000
1510,0.00000,0.00000,0.00000
1511,0.00000,0.00000,0.00000
1512,0.00000,0.00000,0.00000
1513,0.00000,0.00000,0.00000
1514,0.00000,0.00000,0.00000
1515,0.00000,0.00000,0.00000
1516,0.00000,0.00000,0.00000
1517,0.00000,0.00000,0.00000
1518,0.00000,0.00000,0.00000
1519,0.00000,0.00000,0.00000
1520,0.00000,0.00000,0.00000
1521,0.00000,0.00000,0.00000
1522,0.00000,0.00000,0.00000
1523,0.00000,0.00000,0.00000
1524,0.00000,0.00000,0.00000
1525,0.00000,0.00000,0.00000
1526,0.00000,0.00000,0.00000
1527,0.00000,0.00000,0.00000
1528,0.00000,0.00000,0.00000
1529,0.00000,0.00000,0.00000
1530,0.00000,0.00000,0.00000
1531,0.00000,0.00000,0.00000
1532,0.00000,0.00000,0.00000
1533,0.00000,0.00000,0.00000
1534,0.00000,0.00000,0.00000
1535,0.00000,0.00000,0.00000
1536,0.00000,0.00000,0.00000
1537,0.00000,0.00000,0.00000
1538,0.00000,0.00000,0.00000
1539,0.00000,0.00000,0.00000
1540,0.00000,0.00000,0.00000
1541,0.00000,0.00000,0.00000
1542,0.00000,0.00000,0.00000
1543,0.00000,0.00000,0.00000
1544,0.00000,0.00000,0.00000
1545,0.00000,0.00000,0.00000
1546,0.00000,0.00000,0.00000
1547,0.00000,0.00000,0.00000
1548,0.00000,0.00000,0.00000
1549,0.00000,0.00000,0.00000
1550,0.00000,0.00000,0.00000
1551,0.00000,0.00000,0.00000
1552,0.00000,0.00000,0.00000
1553,0.00000,0.00000,0.00000
1554,0.00000,0.00000,0.00000
1555,0.00000,0.00000,0.00000
1556,0.00000,0.00000,0.00000
1557,0.00000,0.00000,0.00000
1558,0.00000,0.00000,0.00000
1559,0.00000,0.00000,0.00000
1560,0.00000,0.00000,0.00000
1561,0.00000,0.00000,0.00000
1562,0.00000,0.00000,0.00000
1563,0.00000,0.00000,0.00000
1564,0.00000,0.00000,0.00000
1565,0.00000,0.00000,0.00000
1566,0.00000,0.00000,0.00000
1567,0.00000,0.00000,0.00000
1568,0.00000,0.00000,0.00000
1569,0.00000,0.00000,0.00000
1570,0.00000,0.00000,0.00000
1571,0.00000,0.00000,0.00000
1572,0.00000,0.00000,0.00000
1573,0.00000,0.00000,0.00000
1574,0.00000,0.00000,0.00000
1575,0.00000,0.00000,0.00000
1576,0.00000,0.00000,0.00000
1577,0.00000,0.00000,0.00000
1578,0.00000,0.00000,0.00000
1579,0.00000,0.00000,0.00000
1580,0.00000,0.00000,0.00000
1581,0.00000,0.00000,0.00000
1582,0.00000,0.00000,0.00000
1583,0.00000,0.00000,0.00000
1584,0.00000,0.00000,0.00000
1585,0.00000,0.00000,0.00000
1586,0.00000,0.00000,0.00000
1587,0.00000,0.00000,0.00000
1588,0.00000,0.00000,0.00000
1589,0.00000,0.00000,0.00000
1590,0.00000,0.00000,0.00000
1591,0.00000,0.00000,0.00000
1592,0.00000,0.00000,0.00000
1593,0.00000,0.00000,0.00000
1594,0.00000,0.00000,0.00000
1595,0.00000,0.00000,0.00000
1596,0.00000,0.00000,0.00000
1597,0.00000,0.00000,0.00000
1598,0.00000,0.00000,0.00000
1599,0.00000,0.00000,0.00000
1600,0.00000,0.00000,0.00000
1601,0.00000,0.00000,0.00000
1602,0.00000,0.00000,0.00000
1603,0.00000,0.00000,0.00000
1604,0.00000,0.00000,0.00000
1605,0.00000,0.00000,0.00000
1606,0.00000,0.00000,0.00000
1607,0.00000,0.00000,0.00000
1608,0.00000,0.00000,0.00000
1609,0.00000,0.00000,0.00000
1610,0.00000,0.00000,0.00000
1611,0.00000,0.00000,0.00000
1612,0.00000,0.00000,0.00000
1613,0.00000,0.00000,0.00000
1614,0.00000,0.00000,0.00000
1615,0.00000,0.00000,0.00000
1616,0.00000,0.00000,0.00000
1617,0.00000,0.00000,0.00000
1618,0.00000,0.00000,0.00000
1619,0.00000,0.00000,0.00000
1620,0.00000,0.00000,0.00000
1621,0.00000,0.00000,0.00000
1622,0.00000,0.00000,0.00000
1623,0.00000,0.00000,0.00000
1624,0.00000,0.00000,0.00000
1625,0.00000,0.00000,0.00000
1626,0.00000,0.00000,0.00000
1627,0.00000,0.00000,0.00000
1628,0.00000,0.00000,0.00000
1629,0.00000,0.00000,0.00000
1630,0.00000,0.00000,0.00000
1631,0.00000,0.00000,0.00000
1632,0.00000,0.00000,0.00000
1633,0.00000,0.00000,0.00000
1634,0.00000,0.00000,0.00000
1635,0.00000,0.00000,0.00000
1636,0.00000,0.00000,0.00000
1637,0.00000,0.00000,0.00000
1638,0.00000,0.00000,0.00000
1639,0.00000,0.00000,0.00000
1640,0.00000,0.00000,0.00000
1641,0.00000,0.00000,0.00000
1642,0.00000,0.00000,0.00000
1643,0.00000,0.00000,0.00000
1644,0.00000,0.00000,0.00000
1645,0.00000,0.00000,0.00000
1646,0.00000,0.00000,0.00000
1647,0.00000,0.00000,0.00000
1648,0.00000,0.00000,0.00000
1649,0.00000,0.00000,0.00000
1650,0.00000,0.00000,0.00000
1651,0.00000,0.00000,0.00000
1652,0.00000,0.00000,0.00000
1653,0.00000,0.00000,0.00000
1654,0.00000,0.00000,0.00000
1655,0.00000,0.00000,0.00000
1656,0.00000,0.00000,0.00000
1657,0.00000,0.00000,0.00000
1658,0.00000,0.00000,0.00000
1659,0.00000,0.00000,0.00000
1660,0.00000,0.00000,0.00000
1661,0.00000,0.00000,0.00000
1662,0.00000,0.00000,0.00000
1663,0.00000,0.00000,0.00000
1664,0.00000,0.00000,0.00000
1665,0.00000,0.00000,0.00000
1666,0.00000,0.00000,0.00000
1667,0.00000,0.00000,0.00000
1668,0.00000,0.00000,0.00000
1669,0.00000,0.00000,0.00000
1670,0.00000,0.00000,0.00000
1671,0.00000,0.00000,0.00000
1672,0.00000,0.00000,0.00000
1673,0.00000,0.00000,0.00000
1674,0.00000,0.00000,0.00000
1675,0.00000,0.00000,0.00000
1676,0.00000,0.00000,0.00000
1677,0.00000,0.00000,0.00000
1678,0.00000,0.00000,0.00000
1679,0.00000,0.00000,0.00000
1680,0.00000,0.00000,0.00000
1681,0.00000,0.00000,0.00000
1682,0.00000,0.00000,0.00000
1683,0.00000,0.00000,0.00000
1684,0.00000,0.00000,0.00000
1685,0.00000,0.00000,0.00000
1686,0.00000,0.00000,0.00000
1687,0.00000,0.00000,0.00000
1688,0.00000,0.00000,0.00000
1689,0.00000,0.00000,0.00000
1690,0.00000,0.00000,0.00000
1691,0.00000,0.00000,0.00000
1692,0.00000,0.00000,0.00000
1693,0.00000,0.00000,0.00000
1694,0.00000,0.00000,0.00000
1695,0.00000,0.00000,0.00000
1696,0.00000,0.00000,0.00000
1697,0.00000,0.00000,0.00000
1698,0.00000,0.00000,0.00000
1699,0.00000,0.00000,0.00000
1700,0.00000,0.00000,0.00000
1701,0.00000,0.00000,0.00000
1702,0.00000,0.00000,0.00000
1703,0.00000,0.00000,0.00000
1704,0.00000,0.00000,0.00000
1705,0.00000,0.00000,0.00000
1706,0.00000,0.00000,0.00000
1707,0.00000,0.00000,0.00000
1708,0.00000,0.00000,0.00000
1709,0.00000,0.00000,0.00000
1710,0.00000,0.00000,0.00000
1711,0.00000,0.00000,0.00000
1712,0.00000,0.00000,0.00000
1713,0.00000,0.00000,0.00000
1714,0.00000,0.00000,0.00000
1715,0.00000,0.00000,0.00000
1716,0.00000,0.00000,0.00000
1717,0.00000,0.00000,0.00000
1718,0.00000,0.00000,0.00000
1719,0.00000,0.00000,0.00000
1720,0.00000,0.00000,0.00000
1721,0.00000,0.00000,0.00000
1722,0.00000,0.00000,0.00000
1723,0.00000,0.00000,0.00000
1724,0.00000,0.00000,0.00000
1725,0.00000,0.00000,0.00000
1726,0.00000,0.00000,0.00000
1727,0.00000,0.00000,0.00000
1728,0.00000,0.00000,0.00000
1729,0.00000,0.00000,0.00000
1730,0.00000,0.00000,0.00000
1731,0.00000,0.00000,0.00000
1732,0.00000,0.00000,0.00000
1733,0.00000,0.00000,0.00000
1734,0.00000,0.00000,0.00000
1735,0.00000,0.00000,0.00000
1736,0.00000,0.00000,0.00000
1737,0.00000,0.00000,0.00000
1738,0.00000,0.00000,0.00000
1739,0.00000,0.00000,0.00000
1740,0.00000,0.00000,0.00000
1741,0.00000,0.00000,0.00000
1742,0.00000,0.00000,0.00000
1743,0.00000,0.00000,0.00000
1744,0.00000,0.00000,0.00000
1745,0.00000,0.00000,0.00000
1746,0.00000,0.00000,0.00000
1747,0.00000,0.00000,0.00000
1748,0.00000,0.00000,0.00000
1749,0.00000,0.00000,0.00000
1750,0.00000,0.00000,0.00000
1751,0.00000,0.00000,0.00000
1752,0.00000,0.00000,0.00000
1753,0.00000,0.00000,0.00000
1754,0.00000,0.00000,0.00000
1755,0.00000,0.00000,0.00000
1756,0.00000,0.00000,0.00000
1757,0.00000,0.00000,0.00000
1758,0.00000,0.00000,0.00000
1759,0.00000,0.00000,0.00000
1760,0.00000,0.00000,0.00000
1761,0.00000,0.00000,0.00000
1762,0.00000,0.00000,0.00000
1763,0.00000,0.00000,0.00000
1764,0.00000,0.00000,0.00000
1765,0.00000,0.00000,0.00000
1766,0.00000,0.00000,0.00000
1767,0.00000,0.00000,0.00000
1768,0.00000,0.00000,0.00000
1769,0.00000,0.00000,0.00000
1770,0.00000,0.00000,0.00000
1771,0.00000,0.00000,0.00000
1772,0.00000,0.00000,0.00000
1773,0.00000,0.00000,0.00000
1774,0.00000,0.00000,0.00000
1775,0.00000,0.00000,0.00000
1776,0.00000,0.00000,0.00000
1777,0.00000,0.00000,0.00000
1778,0.00000,0.00000,0.00000
1779,0.00000,0.00000,0.00000
1780,0.00000,0.00000,0.00000
1781,0.00000,0.00000,0.00000
1782,0.00000,0.00000,0.00000
1783,0.00000,0.00000,0.00000
1784,0.00000,0.00000,0.00000
1785,0.00000,0.00000,0.00000
1786,0.00000,0.00000,0.00000
1787,0.00000,0.00000,0.00000
1788,0.00000,0.00000,0.00000
1789,0.00000,0.00000,0.00000
1790,0.00000,0.00000,0.00000
1791,0.00000,0.00000,0.00000
1792,0.00000,0.00000,0.00000
1793,0.00000,0.00000,0.00000
1794,0.00000,0.00000,0.00000
1795,0.00000,0.00000,0.00000
1796,0.00000,0.00000,0.00000
1797,0.00000,0.00000,0.00000
1798,0.00000,0.00000,0.00000
1799,0.00000,0.00000,0.00000
1800,0.00000,0.00000,0.00000
1801,0.00000,0.00000,0.00000
1802,0.00000,0.00000,0.00000
1803,0.00000,0.00000,0.00000
1804,0.00000,0.00000,0.00000
1805,0.00000,0.00000,0.00000
1806,0.00000,0.00000,0.00000
1807,0.00000,0.00000,0.00000
1808,0.00000,0.00000,0.00000
1809,0.00000,0.00000,0.00000
1810,0.00000,0.00000,0.00000
1811,0.00000,0.00000,0.00000
1812,0.00000,0.00000,0.00000
1813,0.00000,0.00000,0.00000
1814,0.00000,0.00000,0.00000
1815,0.00000,0.00000,0.00000
1816,0.00000,0.00000,0.00000
1817,0.00000,0.00000,0.00000
1818,0.00000,0.00000,0.00000
1819,0.00000,0.00000,0.00000
1820,0.00000,0.00000,0.00000
1821,0.00000,0.00000,0.00000
1822,0.00000,0.00000,0.00000
1823,0.00000,0.00000,0.00000
1824,0.00000,0.00000,0.00000
1825,0.00000,0.00000,0.00000
1826,0.00000,0.00000,0.00000
1827,0.00000,0.00000,0.00000
1828,0.00000,0.00000,0.00000
1829,0.00000,0.00000,0.00000
1830,0.00000,0.00000,0.00000
1831,0.00000,0.00000,0.00000
1832,0.00000,0.00000,0.00000
1833,0.00000,0.00000,0.00000
1834,0.00000,0.00000,0.00000
1835,0.00000,0.00000,0.00000
1836,0.00000,0.00000,0.00000
1837,0.00000,0.00000,0.00000
1838,0.00000,0.00000,0.00000
1839,0.00000,0.00000,0.00000
1840,0.00000,0.00000,0.00000
1841,0.00000,0.00000,0.00000
1842,0.00000,0.00000,0.00000
1843,0.00000,0.00000,0.00000
1844,0.00000,0.00000,0.00000
1845,0.00000,0.00000,0.00000
1846,0.00000,0.00000,0.00000
1847,0.00000,0.00000,0.00000
1848,0.00000,0.00000,0.00000
1849,0.00000,0.00000,0.00000
1850,0.00000,0.00000,0.00000
1851,0.00000,0.00000,0.00000
1852,0.00000,0.00000,0.00000
1853,0.00000,0.00000,0.00000
1854,0.00000,0.00000,0.00000
1855,0.00000,0.00000,0.00000
1856,0.00000,0.00000,0.00000
1857,0.00000,0.00000,0.00000
1858,0.00000,0.00000,0.00000
1859,0.00000,0.00000,0.00000
1860,0.00000,0.00000,0.00000
1861,0.00000,0.00000,0.00000
1862,0.00000,0.00000,0.00000
1863,0.00000,0.00000,0.00000
1864,0.00000,0.00000,0.00000
1865,0.00000,0.00000,0.00000
1866,0.00000,0.00000,0.00000
1867,0.00000,0.00000,0.00000
1868,0.00000,0.00000,0.00000
1869,0.00000,0.00000,0.00000
1870,0.00000,0.00000,0.00000
1871,0.00000,0.00000,0.00000
1872,0.00000,0.00000,0.00000
1873,0.00000,0.00000,0.00000
1874,0.00000,0.00000,0.00000
1875,0.00000,0.00000,0.00000
1876,0.00000,0.00000,0.00000
1877,0.00000,0.00000,0.00000
1878,0.00000,0.00000,0.00000
1879,0.00000,0.00000,0.00000
1880,0.00000,0.00000,0.00000
1881,0.00000,0.00000,0.00000
1882,0.00000,0.00000,0.00000
1883,0.00000,0.00000,0.00000
1884,0.00000,0.00000,0.00000
1885,0.00000,0.00000,0.00000
1886,0.00000,0.00000,0.00000
1887,0.00000,0.00000,0.00000
1888,0.00000,0.00000,0.00000
1889,0.00000,0.00000,0.00000
1890,0.00000,0.00000,0.00000
1891,0.00000,0.00000,0.00000
1892,0.00000,0.00000,0.00000
1893,0.00000,0.00000,0.00000
1894,0.00000,0.00000,0.00000
1895,0.00000,0.00000,0.00000
1896,0.00000,0.00000,0.00000
1897,0.00000,0.00000,0.00000
1898,0.00000,0.00000,0.00000
1899,0.00000,0.00000,0.00000
1900,0.00000,0.00000,0.00000
1901,0.00000,0.00000,0.00000
1902,0.00000,0.00000,0.00000
1903,0.00000,0.00000,0.00000
1904,0.00000,0.00000,0.00000
1905,0.00000,0.00000,0.00000
1906,0.00000,0.00000,0.00000
1907,0.00000,0.00000,0.00000
1908,0.00000,0.00000,0.00000
1909,0.00000,0.00000,0.00000
1910,0.00000,0.00000,0.00000
1911,0.00000,0.00000,0.00000
1912,0.00000,0.00000,0.00000
1913,0.00000,0.00000,0.00000
1914,0.00000,0.00000,0.00000
1915,0.00000,0.00000,0.00000
1916,0.00000,0.00000,0.00000
1917,0.00000,0.00000,0.00000
1918,0.00000,0.00000,0.00000
1919,0.00000,0.00000,0.00000
1920,0.00000,0.00000,0.00000
1921,0.00000,0.00000,0.00000
1922,0.00000,0.00000,0.00000
1923,0.00000,0.00000,0.00000
1924,0.00000,0.00000,0.00000
1925,0.00000,0.00000,0.00000
1926,0.00000,0.00000,0.00000
1927,0.00000,0.00000,0.00000
1928,0.00000,0.00000,0.00000
1929,0.00000,0.00000,0.00000
1930,0.00000,0.00000,0.00000
1931,0.00000,0.00000,0.00000
1932,0.00000,0.00000,0.00000
1933,0.00000,0.00000,0.00000
1934,0.00000,0.00000,0.00000
1935,0.00000,0.00000,0.00000
1936,0.00000,0.00000,0.00000
1937,0.00000,0.00000,0.00000
1938,0.00000,0.00000,0.00000
1939,0.00000,0.00000,0.00000
1940,0.00000,0.00000,0.00000
1941,0.00000,0.00000,0.00000
1942,0.00000,0.00000,0.00000
1943,0.00000,0.00000,0.00000
1944,0.00000,0.00000,0.00000
1945,0.00000,0.00000,0.00000
1946,0.00000,0.00000,0.00000
1947,0.00000,0.00000,0.00000
1948,0.00000,0.00000,0.00000
1949,0.00000,0.00000,0.00000
1950,0.00000,0.00000,0.00000
1951,0.00000,0.00000,0.00000
1952,0.00000,0.00000,0.00000
1953,0.00000,0.00000,0.00000
1954,0.00000,0.00000,0.00000
1955,0.00000,0.00000,0.00000
1956,0.00000,0.00000,0.00000
1957,0.00000,0.00000,0.00000
1958,0.00000,0.00000,0.00000
1959,0.00000,0.00000,0.00000
1960,0.00000,0.00000,0.00000
1961,0.00000,0.00000,0.00000
1962,0.00000,0.00000,0.00000
1963,0.00000,0.00000,0.00000
1964,0.00000,0.00000,0.00000
1965,0.00000,0.00000,0.00000
1966,0.00000,0.00000,0.00000
1967,0.00000,0.00000,0.00000
1968,0.00000,0.00000,0.00000
1969,0.00000,0.00000,0.00000
1970,0.00000,0.00000,0.00000
1971,0.00000,0.00000,0.00000
1972,0.00000,0.00000,0.00000
1973,0.00000,0.00000,0.00000
1974,0.00000,0.00000,0.00000
1975,0.00000,0.00000,0.00000
1976,0.00000,0.00000,0.00000
1977,0.00000,0.00000,0.00000
1978,0.00000,0.00000,0.00000
1979,0.00000,0.00000,0.00000
1980,0.00000,0.00000,0.00000
1981,0.00000,0.00000,0.00000
1982,0.00000,0.00000,0.00000
1983,0.00000,0.00000,0.00000
1984,0.00000,0.00000,0.00000
1985,0.00000,0.00000,0.00000
1986,0.00000,0.00000,0.00000
1987,0.00000,0.00000,0.00000
1988,0.00000,0.00000,0.00000
1989,0.00000,0.00000,0.00000
1990,0.00000,0.00000,0.00000
1991,0.00000,0.00000,0.00000
1992,0.00000,0.00000,0.00000
1993,0.00000,0.00000,0.00000
1994,0.00000,0.00000,0.00000
1995,0.00000,0.00000,0.00000
1996,0.00000,0.00000,0.00000
1997,0.00000,0.00000,0.00000
1998,0.00000,0.00000,0.00000
1999,0.00000,0.00000,0.00000
2000,0.00000,0.00000,0.00000
2001,0.00000,0.00000,0.00000
2002,0.00000,0.00000,0.00000
2003,0.00000,0.00000,0.00000
2004,0.00000,0.00000,0.00000
2005,0.00000,0.00000,0.00000
2006,0.00000,0.00000,0.00000
2007,0.00000,0.00000,0.00000
2008,0.00000,0.00000,0.00000
2009,0.00000,0.00000,0.00000
2010,0.00000,0.00000,0.00000
2011,0.00000,0.00000,0.00000
2012,0.00000,0.00000,0.00000
2013,0.00000,0.00000,0.00000
2014,0.00000,0.00000,0.00000
2015,0.00000,0.00000,0.00000
2016,0.00000,0.00000,0.00000
2017,0.00000,0.00000,0.00000
2018,0.00000,0.00000,0.00000
2019,0.00000,0.00000,0.00000
2020,0.00000,0.00000,0.00000
2021,0.00000,0.00000,0.00000
2022,0.00000,0.00000,0.00000
2023,0.00000,0.00000,0.00000
2024,0.00000,0.00000,0.00000
2025,0.00000,0.00000,0.00000
2026,0.00000,0.00000,0.00000
2027,0.00000,0.00000,0.00000
2028,0.00000,0.00000,0.00000
2029,0.00000,0.00000,0.00000
2030,0.00000,0.00000,0.00000
2031,0.00000,0.00000,0.00000
2032,0.00000,0.00000,0.00000
2033,0.00000,0.00000,0.00000
2034,0.00000,0.00000,0.00000
2035,-17.23222,0.00000,0.00000
2036,-15.33213,0.00000,0.00000
2037,0.00000,0.00000,0.00000
2038,0.00000,0.00000,0.00000
2039,0.00000,0.00000,0.00000
2040,0.00000,0.00000,0.00000
2041,0.00000,0.00000,0.00000
2042,0.00000,0.00000,0.00000
2043,0.00000,0.00000,0.00000
2044,-13.21178,0.00000,0.00000
2045,-13.38910,0.00000,0.00000
2046,0.00000,0.00000,0.00000
2047,0.00000,0.00000,0.00000
2048,-16.26879,0.00000,0.00000
2049,0.00000,0.00000,0.00000
2050,0.00000,0.00000,0.00000
2051,15.97267,0.00000,0.00000
2052,16.93157,0.00000,0.00000
2053,-9.24210,0.00000,0.00000
2054,0.00000,0.00000,0.00000
2055,-1.39784,0.00000,0.00000
2056,0.00000,0.00000,0.00000
2057,0.00000,0.00000,0.00000
2058,0.00000,0.00000,0.00000
2059,0.00000,0.00000,0.00000
2060,0.00000,0.00000,0.00000
2061,14.82277,0.00000,0.00000
2062,0.00000,0.00000,0.00000
2063,0.00000,0.00000,0.00000
2064,0.00000,0.00000,0.00000
2065,0.00000,0.00000,0.00000
2066,-15.00570,0.00000,0.00000
2067,-15.90808,0.00000,0.00000
2068,0.00000,0.00000,0.00000
2069,0.00000,0.00000,0.00000
2070,0.00000,0.00000,0.00000
2071,-2.69441,0.00000,0.00000
2072,-2.90660,0.00000,0.00000
2073,16.91609,0.00000,0.00000
2074,0.00000,0.00000,0.00000
2075,-7.20710,0.00000,0.00000
2076,0.00000,0.00000,0.00000
2077,-18.39080,0.00000,0.00000
2078,0.00000,0.00000,0.00000
2079,-16.84851,0.00000,0.00000
2080,-18.00124,0.00000,0.00000
2081,-10.83365,0.00000,0.00000
2082,0.00000,0.00000,0.00000
2083,0.00000,0.00000,0.00000
2084,0.00000,0.00000,0.00000
2085,15.52335,0.00000,0.00000
2086,0.00000,0.00000,0.00000
2087,0.00000,0.00000,0.00000
2088,-2.37983,0.00000,0.00000
2089,0.00000,0.00000,0.00000
2090,-1.61892,0.00000,0.00000
2091,0.00000,0.00000,0.00000
2092,4.22736,0.00000,0.00000
2093,4.90960,0.00000,0.00000
2094,0.00000,0.00000,0.00000
2095,18.39708,0.00000,0.00000
2096,0.00000,0.00000,0.00000
2097,0.00000,0.00000,0.00000
2098,0.00000,0.00000,0.00000
2099,0.00000,0.00000,0.00000
2100,-15.96664,0.00000,0.00000
2101,-15.80243,0.00000,0.00000
2102,0.00000,0.00000,0.00000
2103,-17.47562,0.00000,0.00000
2104,-16.50724,0.00000,0.00000
2105,0.00000,0.00000,0.00000
2106,15.29057,0.00000,0.00000
2107,0.00000,0.00000,0.00000
2108,0.00000,0.00000,0.00000
2109,0.00000,0.00000,0.00000
2110,13.06454,0.00000,0.00000
2111,0.00000,0.00000,0.00000
2112,0.00000,0.00000,0.00000
2113,0.00000,0.00000,0.00000
2114,-16.52803,0.00000,0.00000
2115,0.00000,0.00000,0.00000
2116,16.12367,0.00000,0.00000
2117,0.00000,0.00000,0.00000
2118,16.18070,0.00000,0.00000
2119,0.00000,0.00000,0.00000
2120,7.53267,0.00000,0.00000
2121,0.00000,0.00000,0.00000
2122,0.00000,0.00000,0.00000
2123,18.33791,0.00000,0.00000
2124,14.36881,0.00000,0.00000
2125,-12.24691,0.00000,0.00000
2126,0.00000,0.00000,0.00000
2127,-12.23046,0.00000,0.00000
2128,0.00000,0.00000,0.00000
2129,0.00000,0.00000,0.00000
2130,0.00000,0.00000,0.00000
2131,-5.72648,0.00000,0.00000
2132,13.82368,0.00000,0.00000
2133,0.00000,0.00000,0.00000
2134,0.00000,0.00000,0.00000
2135,0.00000,0.00000,0.00000
2136,0.00000,0.00000,0.00000
2137,13.56051,0.00000,0.00000
2138,0.00000,0.00000,0.00000
2139,10.80064,0.00000,0.00000
2140,0.00000,0.00000,0.00000
2141,17.07632,0.00000,0.00000
2142,0.00000,0.00000,0.00000
2143,0.00000,0.00000,0.00000
2144,0.00000,0.00000,0.00000
2145,-19.74909,0.00000,0.00000
2146,-15.73531,0.00000,0.00000
2147,0.00000,0.00000,0.00000
2148,7.82543,0.00000,0.00000
2149,0.00000,0.00000,0.00000
2150,-8.04588,0.00000,0.00000
2151,-8.68724,0.00000,0.00000
2152,0.00000,0.00000,0.00000
2153,-18.04542,0.00000,0.00000
2154,0.00000,0.00000,0.00000
2155,0.00000,0.00000,0.00000
2156,-15.31574,0.00000,0.00000
2157,0.00000,0.00000,0.00000
2158,-14.16689,0.00000,0.00000
2159,0.00000,0.00000,0.00000
2160,9.49862,0.00000,0.00000
2161,0.00000,0.00000,0.00000
2162,0.00000,0.00000,0.00000
2163,0.00000,0.00000,0.00000
2164,-7.22503,0.00000,0.00000
2165,-7.51851,0.00000,0.00000
2166,15.13934,0.00000,0.00000
2167,0.00000,0.00000,0.00000
2168,15.55942,0.00000,0.00000
2169,0.00000,0.00000,0.00000
2170,12.47465,0.00000,0.00000
2171,10.86072,0.00000,0.00000
2172,3.77993,0.00000,0.00000
2173,14.12856,0.00000,0.00000
2174,18.88262,0.00000,0.00000
2175,17.57275,0.00000,0.00000
2176,-8.81489,0.00000,0.00000
2177,0.00000,0.00000,0.00000
2178,0.00000,0.00000,0.00000
2179,2.58155,0.00000,0.00000
2180,3.05448,0.00000,0.00000
2181,0.00000,0.00000,0.00000
2182,0.00000,0.00000,0.00000
2183,-11.88449,0.00000,0.00000
2184,0.00000,0.00000,0.00000
2185,18.29805,0.00000,0.00000
2186,0.00000,0.00000,0.00000
2187,0.00000,0.00000,0.00000
2188,0.00000,0.00000,0.00000
2189,5.48935,0.00000,0.00000
2190,0.00000,0.00000,0.00000
2191,-17.92373,0.00000,0.00000
2192,0.00000,0.00000,0.00000
2193,-18.13218,0.00000,0.00000
2194,-18.87141,0.00000,0.00000
2195,16.86380,0.00000,0.00000
2196,0.00000,0.00000,0.00000
2197,18.48383,0.00000,0.00000
2198,0.00000,0.00000,0.00000
2199,11.58820,0.00000,0.00000
2200,0.00000,0.00000,0.00000
2201,12.55561,0.00000,0.00000
2202,0.00000,0.00000,0.00000
2203,-8.13256,0.00000,0.00000
2204,0.00000,0.00000,0.00000
2205,7.93777,0.00000,0.00000
2206,0.00000,0.00000,0.00000
2207,7.63035,0.00000,0.00000
2208,10.44016,0.00000,0.00000
2209,0.00000,0.00000,0.00000
2210,8.17934,0.00000,0.00000
2211,16.88187,0.00000,0.00000
2212,0.00000,0.00000,0.00000
2213,17.62148,0.00000,0.00000
2214,11.25630,0.00000,0.00000
2215,0.00000,0.00000,0.00000
2216,12.10669,0.00000,0.00000
2217,0.00000,0.00000,0.00000
2218,-8.82525,0.00000,0.00000
2219,-9.50537,0.00000,0.00000
2220,0.00000,0.00000,0.00000
2221,0.00000,0.00000,0.00000
2222,0.00000,0.00000,0.00000
2223,0.99932,0.00000,0.00000
2224,0.00000,0.00000,0.00000
2225,0.00000,0.00000,0.00000
2226,0.00000,0.00000,0.00000
2227,0.71532,0.00000,0.00000
2228,1.30313,0.00000,0.00000
2229,0.00000,0.00000,0.00000
2230,16.10005,0.00000,0.00000
2231,15.53004,0.00000,0.00000
2232,0.00000,0.00000,0.00000
2233,11.22165,0.00000,0.00000
2234,0.00000,0.00000,0.00000
2235,0.00000,0.00000,0.00000
2236,-18.60580,0.00000,0.00000
2237,0.00000,0.00000,0.00000
2238,-1.01345,0.00000,0.00000
2239,-1.44794,0.00000,0.00000
2240,0.00000,0.00000,0.00000
2241,10.23539,0.00000,0.00000
2242,0.00000,0.00000,0.00000
2243,-8.02090,0.00000,0.00000
2244,0.00000,0.00000,0.00000
2245,-6.49247,0.00000,0.00000
2246,0.00000,0.00000,0.00000
2247,-14.28790,0.00000,0.00000
2248,-10.85774,0.00000,0.00000
2249,0.00000,0.00000,0.00000
2250,-1.07048,0.00000,0.00000
2251,-0.92771,0.00000,0.00000
2252,0.00000,0.00000,0.00000
2253,17.94030,0.00000,0.00000
2254,0.00000,0.00000,0.00000
2255,16.94131,0.00000,0.00000
2256,13.84402,0.00000,0.00000
2257,10.12202,0.00000,0.00000
2258,0.00000,0.00000,0.00000
2259,10.64730,0.00000,0.00000
2260,0.00000,0.00000,0.00000
2261,6.60997,0.00000,0.00000
2262,5.57424,0.00000,0.00000
2263,13.31190,0.00000,0.00000
2264,0.00000,0.00000,0.00000
2265,0.00000,0.00000,0.00000
2266,0.00000,0.00000,0.00000
2267,14.68948,0.00000,0.00000
2268,0.00000,0.00000,0.00000
2269,0.00000,0.00000,0.00000
2270,8.91870,0.00000,0.00000
2271,0.00000,0.00000,0.00000
2272,0.00000,0.00000,0.00000
2273,-9.75265,0.00000,0.00000
2274,0.00000,0.00000,0.00000
2275,0.00000,0.00000,0.00000
2276,12.57055,0.00000,0.00000
2277,0.00000,0.00000,0.00000
2278,0.00000,0.00000,0.00000
2279,5.93301,0.00000,0.00000
2280,0.00000,0.00000,0.00000
2281,-18.10458,0.00000,0.00000
2282,0.00000,0.00000,0.00000
2283,0.00000,0.00000,0.00000
2284,9.60684,0.00000,0.00000
2285,0.00000,0.00000,0.00000
2286,-15.78429,0.00000,0.00000
2287,0.00000,0.00000,0.00000
2288,-18.05210,0.00000,0.00000
2289,0.00000,0.00000,0.00000
2290,17.39723,0.00000,0.00000
2291,17.23407,0.00000,0.00000
2292,-6.13955,0.00000,0.00000
2293,-5.60661,0.00000,0.00000
2294,7.92954,0.00000,0.00000
2295,0.00000,0.00000,0.00000
2296,-10.29556,0.00000,0.00000
2297,0.00000,0.00000,0.00000
2298,0.00000,0.00000,0.00000
2299,-14.55090,0.00000,0.00000
2300,-12.29163,0.00000,0.00000
2301,0.00000,0.00000,0.00000
2302,0.00000,0.00000,0.00000
2303,15.43434,0.00000,0.00000
2304,-10.49040,0.00000,0.00000
2305,0.00000,0.00000,0.00000
2306,-13.05410,0.00000,0.00000
2307,-14.73893,0.00000,0.00000
2308,0.00000,0.00000,0.00000
2309,-13.90767,0.00000,0.00000
2310,-12.85360,0.00000,0.00000
2311,3.76373,0.00000,0.00000
2312,0.00000,0.00000,0.00000
2313,4.11666,0.00000,0.00000
2314,-17.88050,0.00000,0.00000
2315,0.00000,0.00000,0.00000
2316,-15.18791,0.00000,0.00000
2317,0.00000,0.00000,0.00000
2318,0.00000,0.00000,0.00000
2319,16.21213,0.00000,0.00000
2320,0.00000,0.00000,0.00000
2321,19.92842,0.00000,0.00000
2322,0.00000,0.00000,0.00000
2323,18.08795,0.00000,0.00000
2324,16.64637,0.00000,0.00000
2325,-18.39827,0.00000,0.00000
2326,0.00000,0.00000,0.00000
2327,3.68741,0.00000,0.00000
2328,3.26613,0.00000,0.00000
2329,10.13218,0.00000,0.00000
2330,0.00000,0.00000,0.00000
2331,11.47919,0.00000,0.00000
2332,-16.98977,0.00000,0.00000
2333,0.00000,0.00000,0.00000
2334,-17.95616,0.00000,0.00000
2335,0.00000,0.00000,0.00000
2336,12.09465,0.00000,0.00000
2337,0.00000,0.00000,0.00000
2338,-0.37519,0.00000,0.00000
2339,0.00000,0.00000,0.00000
2340,-1.72279,0.00000,0.00000
2341,0.00000,0.00000,0.00000
2342,-2.07629,0.00000,0.00000
2343,0.00000,0.00000,0.00000
2344,-2.83055,0.00000,0.00000
2345,-3.77968,0.00000,0.00000
2346,-3.91655,0.00000,0.00000
2347,-4.39697,0.00000,0.00000
2348,0.00000,0.00000,0.00000
2349,-5.88621,0.00000,0.00000
2350,0.00000,0.00000,0.00000
2351,-8.85626,0.00000,0.00000
2352,0.00000,0.00000,0.00000
2353,-8.00179,0.00000,0.00000
2354,0.00000,0.00000,0.00000
2355,-11.00831,0.00000,0.00000
2356,-11.15042,0.00000,0.00000
2357,0.00000,0.00000,0.00000
2358,-15.76304,0.00000,0.00000
2359,0.00000,0.00000,0.00000
2360,-13.25543,0.00000,0.00000
2361,0.00000,0.00000,0.00000
2362,-15.08706,0.00000,0.00000
2363,-13.66757,0.00000,0.00000
2364,0.00000,0.00000,0.00000
2365,-15.04744,0.00000,0.00000
2366,-14.71584,0.00000,0.00000
2367,0.00000,0.00000,0.00000
2368,-14.21441,0.00000,0.00000
2369,0.00000,0.00000,0.00000
2370,-15.17650,0.00000,0.00000
2371,0.00000,0.00000,0.00000
2372,-16.80897,0.00000,0.00000
2373,0.00000,0.00000,0.00000
2374,-17.75673,0.00000,0.00000
2375,0.00000,0.00000,0.00000
2376,-16.22125,0.00000,0.00000
2377,0.00000,0.00000,0.00000
2378,-17.83197,0.00000,0.00000
2379,0.00000,0.00000,0.00000
2380,-15.69842,0.00000,0.00000
2381,0.00000,0.00000,0.00000
2382,-17.30379,0.00000,0.00000
2383,0.00000,0.00000,0.00000
2384,-21.16710,0.00000,0.00000
2385,0.00000,0.00000,0.00000
2386,-18.45436,0.00000,0.00000
2387,-16.27553,0.00000,0.00000
2388,0.00000,0.00000,0.00000
2389,-19.09124,0.00000,0.00000
2390,0.00000,0.00000,0.00000
2391,0.00000,0.00000,0.00000
2392,-19.15915,0.00000,0.00000
2393,-16.85375,0.00000,0.00000
2394,0.00000,0.00000,0.00000
2395,-19.36638,0.00000,0.00000
2396,0.00000,0.00000,0.00000
2397,0.00000,0.00000,0.00000
2398,-14.16297,0.00000,0.00000
2399,-14.00124,0.00000,0.00000
2400,-16.63596,0.00000,0.00000
2401,-16.29247,0.00000,0.00000
2402,0.00000,0.00000,0.00000
2403,-16.17841,0.00000,0.00000
2404,-16.54567,0.00000,0.00000
2405,0.00000,0.00000,0.00000
2406,-14.61519,0.00000,0.00000
2407,0.00000,0.00000,0.00000
2408,-15.35009,0.00000,0.00000
2409,-11.97888,0.00000,0.00000
2410,0.00000,0.00000,0.00000
2411,-11.74427,0.00000,0.00000
2412,0.00000,0.00000,0.00000
2413,-9.28838,0.00000,0.00000
2414,0.00000,0.00000,0.00000
2415,0.00000,0.00000,0.00000
2416,-9.94260,0.00000,0.00000
2417,-8.36378,0.00000,0.00000
2418,-10.89784,0.00000,0.00000
2419,0.00000,0.00000,0.00000
2420,0.00000,0.00000,0.00000
2421,-7.90139,0.00000,0.00000
2422,-6.01410,0.00000,0.00000
2423,0.00000,0.00000,0.00000
2424,-7.27112,0.00000,0.00000
2425,0.00000,0.00000,0.00000
2426,-5.91242,0.00000,0.00000
2427,0.00000,0.00000,0.00000
2428,-4.58378,0.00000,0.00000
2429,0.00000,0.00000,0.00000
2430,-5.08830,0.00000,0.00000
2431,-4.40756,0.00000,0.00000
2432,0.00000,0.00000,0.00000
2433,-4.09846,0.00000,0.00000
2434,0.00000,0.00000,0.00000
2435,-3.78923,0.00000,0.00000
2436,0.00000,0.00000,0.00000
2437,0.00000,0.00000,0.00000
2438,-1.76544,0.00000,0.00000
2439,0.00000,0.00000,0.00000
2440,0.11772,0.00000,0.00000
2441,0.00000,0.00000,0.00000
2442,0.00000,0.00000,0.00000
2443,3.63804,0.00000,0.00000
2444,0.00000,0.00000,0.00000
2445,4.33919,0.00000,0.00000
2446,0.00000,0.00000,0.00000
2447,4.71991,0.00000,0.00000
2448,0.00000,0.00000,0.00000
2449,4.63580,0.00000,0.00000
2450,0.00000,0.00000,0.00000
2451,7.90371,0.00000,0.00000
2452,7.20623,0.00000,0.00000
2453,8.69273,0.00000,0.00000
2454,7.26686,0.00000,0.00000
2455,0.00000,0.00000,0.00000
2456,7.14867,0.00000,0.00000
2457,0.00000,0.00000,0.00000
2458,9.24877,0.00000,0.00000
2459,0.00000,0.00000,0.00000
2460,8.83492,0.00000,0.00000
2461,0.00000,0.00000,0.00000
2462,11.51946,0.00000,0.00000
2463,0.00000,0.00000,0.00000
2464,10.05533,0.00000,0.00000
2465,0.00000,0.00000,0.00000
2466,10.22455,0.00000,0.00000
2467,0.00000,0.00000,0.00000
2468,13.22950,0.00000,0.00000
2469,0.00000,0.00000,0.00000
2470,11.99107,0.00000,0.00000
2471,0.00000,0.00000,0.00000
2472,16.10515,0.00000,0.00000
2473,0.00000,0.00000,0.00000
2474,15.33999,0.00000,0.00000
2475,14.72859,0.00000,0.00000
2476,0.00000,0.00000,0.00000
2477,16.02000,0.00000,0.00000
2478,0.00000,0.00000,0.00000
2479,0.00000,0.00000,0.00000
2480,17.18602,0.00000,0.00000
2481,0.00000,0.00000,0.00000
2482,17.74127,0.00000,0.00000
2483,0.00000,0.00000,0.00000
2484,16.84982,0.00000,0.00000
2485,0.00000,0.00000,0.00000
2486,18.90994,0.00000,0.00000
2487,0.00000,0.00000,0.00000
2488,18.46719,0.00000,0.00000
2489,17.36872,0.00000,0.00000
2490,19.21013,0.00000,0.00000
2491,0.00000,0.00000,0.00000
2492,18.30869,0.00000,0.00000
2493,18.56259,0.00000,0.00000
2494,0.00000,0.00000,0.00000
2495,17.40943,0.00000,0.00000
2496,18.01001,0.00000,0.00000
2497,0.00000,0.00000,0.00000
2498,0.00000,0.00000,0.00000
2499,17.89136,0.00000,0.00000
2500,0.00000,0.00000,0.00000
2501,0.00000,0.00000,0.00000
2502,16.69983,0.00000,0.00000
2503,0.00000,0.00000,0.00000
2504,18.98700,0.00000,0.00000
2505,18.69026,0.00000,0.00000
2506,0.00000,0.00000,0.00000
2507,16.59282,0.00000,0.00000
2508,0.00000,0.00000,0.00000
2509,0.00000,0.00000,0.00000
2510,0.00000,0.00000,0.00000
2511,19.48233,0.00000,0.00000
2512,15.34506,0.00000,0.00000
2513,15.96875,0.00000,0.00000
2514,0.00000,0.00000,0.00000
2515,17.17055,0.00000,0.00000
2516,15.73922,0.00000,0.00000
2517,15.91898,0.00000,0.00000
2518,16.02826,0.00000,0.00000
2519,16.05161,0.00000,0.00000
2520,14.55916,0.00000,0.00000
2521,0.00000,0.00000,0.00000
2522,16.38141,0.00000,0.00000
2523,13.57197,0.00000,0.00000
2524,16.33867,0.00000,0.00000
2525,0.00000,0.00000,0.00000
2526,17.53571,0.00000,0.00000
2527,0.00000,0.00000,0.00000
2528,13.44718,0.00000,0.00000
2529,0.00000,0.00000,0.00000
2530,12.53153,0.00000,0.00000
2531,0.00000,0.00000,0.00000
2532,10.78302,0.00000,0.00000
2533,0.00000,0.00000,0.00000
2534,8.95728,0.00000,0.00000
2535,0.00000,0.00000,0.00000
2536,10.95123,0.00000,0.00000
2537,9.52884,0.00000,0.00000
2538,9.50556,0.00000,0.00000
2539,0.00000,0.00000,0.00000
2540,9.04672,0.00000,0.00000
2541,7.57796,0.00000,0.00000
2542,0.00000,0.00000,0.00000
2543,6.12364,0.00000,0.00000
2544,0.00000,0.00000,0.00000
2545,6.13643,0.00000,0.00000
2546,7.31747,0.00000,0.00000
2547,0.00000,0.00000,0.00000
2548,5.92321,0.00000,0.00000
2549,0.00000,0.00000,0.00000
2550,4.95721,0.00000,0.00000
2551,5.75721,0.00000,0.00000
2552,0.00000,0.00000,0.00000
2553,4.88152,0.00000,0.00000
2554,3.72785,0.00000,0.00000
2555,3.41563,0.00000,0.00000
2556,0.00000,0.00000,0.00000
2557,0.00000,0.00000,0.00000
2558,0.00000,0.00000,0.00000
2559,1.87820,0.00000,0.00000
2560,2.18612,0.00000,0.00000
2561,0.00000,0.00000,0.00000
2562,1.22416,0.00000,0.00000
2563,0.00000,0.00000,0.00000
2564,0.00000,0.00000,0.00000
2565,-0.20757,0.00000,0.00000
2566,-1.80330,0.00000,0.00000
2567,-2.65054,0.00000,0.00000
2568,0.00000,0.00000,0.00000
2569,-4.11705,0.00000,0.00000
2570,0.00000,0.00000,0.00000
2571,-3.53548,0.00000,0.00000
2572,0.00000,0.00000,0.00000
2573,-3.93270,0.00000,0.00000
2574,0.00000,0.00000,0.00000
2575,0.00000,0.00000,0.00000
2576,-5.31500,0.00000,0.00000
2577,-5.75793,0.00000,0.00000
2578,0.00000,0.00000,0.00000
2579,-5.96491,0.00000,0.00000
2580,0.00000,0.00000,0.00000
2581,-6.43766,0.00000,0.00000
2582,0.00000,0.00000,0.00000
2583,-6.07931,0.00000,0.00000
2584,0.00000,0.00000,0.00000
2585,-6.53798,0.00000,0.00000
2586,-7.85382,0.00000,0.00000
2587,0.00000,0.00000,0.00000
2588,0.00000,0.00000,0.00000
2589,-7.41624,0.00000,0.00000
2590,-9.01503,0.00000,0.00000
2591,0.00000,0.00000,0.00000
2592,-9.03593,0.00000,0.00000
2593,0.00000,0.00000,0.00000
2594,-10.79289,0.00000,0.00000
2595,0.00000,0.00000,0.00000
2596,-11.20788,0.00000,0.00000
2597,0.00000,0.00000,0.00000
2598,-10.93573,0.00000,0.00000
2599,-9.73844,0.00000,0.00000
2600,0.00000,0.00000,0.00000
2601,-14.44562,0.00000,0.00000
2602,-12.38074,0.00000,0.00000
2603,0.00000,0.00000,0.00000
2604,-11.23420,0.00000,0.00000
2605,0.00000,0.00000,0.00000
2606,-16.25878,0.00000,0.00000
2607,0.00000,0.00000,0.00000
2608,-17.03852,0.00000,0.00000
2609,-14.64928,0.00000,0.00000
2610,0.00000,0.00000,0.00000
2611,0.00000,0.00000,0.00000
2612,-15.10979,0.00000,0.00000
2613,-12.03313,0.00000,0.00000
2614,0.00000,0.00000,0.00000
2615,0.00000,0.00000,0.00000
2616,0.00000,0.00000,0.00000
2617,0.00000,0.00000,0.00000
2618,-14.31339,0.00000,0.00000
2619,-16.61917,0.00000,0.00000
2620,0.00000,0.00000,0.00000
2621,-17.22180,0.00000,0.00000
2622,0.00000,0.00000,0.00000
2623,-17.25555,0.00000,0.00000
2624,-15.45202,0.00000,0.00000
2625,0.00000,0.00000,0.00000
2626,0.00000,0.00000,0.00000
2627,-18.14938,0.00000,0.00000
2628,-14.89725,0.00000,0.00000
2629,0.00000,0.00000,0.00000
2630,-21.38386,0.00000,0.00000
2631,0.00000,0.00000,0.00000
2632,-19.81873,0.00000,0.00000
2633,-15.32831,0.00000,0.00000
2634,0.00000,0.00000,0.00000
2635,-16.96944,0.00000,0.00000
2636,0.00000,0.00000,0.00000
2637,0.00000,0.00000,0.00000
2638,0.00000,0.00000,0.00000
2639,-17.38562,0.00000,0.00000
2640,0.00000,0.00000,0.00000
2641,-17.62505,0.00000,0.00000
2642,-18.10885,0.00000,0.00000
2643,-18.27981,0.00000,0.00000
2644,0.00000,0.00000,0.00000
2645,-19.02229,0.00000,0.00000
2646,0.00000,0.00000,0.00000
2647,-18.61298,0.00000,0.00000
2648,0.00000,0.00000,0.00000
2649,-16.43165,0.00000,0.00000
2650,0.00000,0.00000,0.00000
2651,-16.43848,0.00000,0.00000
2652,0.00000,0.00000,0.00000
2653,-18.89899,0.00000,0.00000
2654,-17.93441,0.00000,0.00000
2655,0.00000,0.00000,0.00000
2656,-16.99881,0.00000,0.00000
2657,0.00000,0.00000,0.00000
2658,-16.27545,0.00000,0.00000
2659,-17.26118,0.00000,0.00000
2660,0.00000,0.00000,0.00000
2661,-15.06839,0.00000,0.00000
2662,0.00000,0.00000,0.00000
2663,0.00000,0.00000,0.00000
2664,-14.96943,0.00000,0.00000
2665,0.00000,0.00000,0.00000
2666,0.00000,0.00000,0.00000
2667,-15.81656,0.00000,0.00000
2668,-15.55947,0.00000,0.00000
2669,-14.69737,0.00000,0.00000
2670,-12.93922,0.00000,0.00000
2671,0.00000,0.00000,0.00000
2672,-11.93540,0.00000,0.00000
2673,-13.82957,0.00000,0.00000
2674,0.00000,0.00000,0.00000
2675,-12.79883,0.00000,0.00000
2676,0.00000,0.00000,0.00000
2677,-11.38282,0.00000,0.00000
2678,-9.98436,0.00000,0.00000
2679,-10.21307,0.00000,0.00000
2680,0.00000,0.00000,0.00000
2681,-12.22887,0.00000,0.00000
2682,0.00000,0.00000,0.00000
2683,-10.28745,0.00000,0.00000
2684,-9.62467,0.00000,0.00000
2685,0.00000,0.00000,0.00000
2686,-10.72113,0.00000,0.00000
2687,0.00000,0.00000,0.00000
2688,-9.27926,0.00000,0.00000
2689,0.00000,0.00000,0.00000
2690,0.00000,0.00000,0.00000
2691,-6.78435,0.00000,0.00000
2692,0.00000,0.00000,0.00000
2693,-6.78728,0.00000,0.00000
2694,-6.88812,0.00000,0.00000
2695,0.00000,0.00000,0.00000
2696,-5.29372,0.00000,0.00000
2697,0.00000,0.00000,0.00000
2698,0.00000,0.00000,0.00000
2699,-5.35053,0.00000,0.00000
2700,0.00000,0.00000,0.00000
2701,-3.52779,0.00000,0.00000
2702,0.00000,0.00000,0.00000
2703,0.00000,0.00000,0.00000
2704,0.00000,0.00000,0.00000
2705,0.00000,0.00000,0.00000
2706,-0.62670,0.00000,0.00000
2707,0.00000,0.00000,0.00000
2708,0.00000,0.00000,0.00000
2709,0.85901,0.00000,0.00000
2710,0.00000,0.00000,0.00000
2711,0.00000,0.00000,0.00000
2712,5.58500,0.00000,0.00000
2713,6.83995,0.00000,0.00000
2714,0.00000,0.00000,0.00000
2715,6.31740,0.00000,0.00000
2716,0.00000,0.00000,0.00000
2717,6.40557,0.00000,0.00000
2718,0.00000,0.00000,0.00000
2719,8.19128,0.00000,0.00000
2720,0.00000,0.00000,0.00000
2721,7.89485,0.00000,0.00000
2722,0.00000,0.00000,0.00000
2723,8.71861,0.00000,0.00000
2724,9.07814,0.00000,0.00000
2725,0.00000,0.00000,0.00000
2726,8.94675,0.00000,0.00000
2727,0.00000,0.00000,0.00000
2728,9.12759,0.00000,0.00000
2729,0.00000,0.00000,0.00000
2730,10.56207,0.00000,0.00000
2731,0.00000,0.00000,0.00000
2732,11.62822,0.00000,0.00000
2733,0.00000,0.00000,0.00000
2734,11.92438,0.00000,0.00000
2735,14.26740,0.00000,0.00000
2736,11.85244,0.00000,0.00000
2737,0.00000,0.00000,0.00000
2738,14.37547,0.00000,0.00000
2739,0.00000,0.00000,0.00000
2740,12.39542,0.00000,0.00000
2741,15.29202,0.00000,0.00000
2742,0.00000,0.00000,0.00000
2743,14.33974,0.00000,0.00000
2744,13.63656,0.00000,0.00000
2745,14.63810,0.00000,0.00000
2746,0.00000,0.00000,0.00000
2747,0.00000,0.00000,0.00000
2748,14.16472,0.00000,0.00000
2749,16.23557,0.00000,0.00000
2750,0.00000,0.00000,0.00000
2751,16.53556,0.00000,0.00000
2752,0.00000,0.00000,0.00000
2753,17.30646,0.00000,0.00000
2754,0.00000,0.00000,0.00000
2755,14.93983,0.00000,0.00000
2756,0.00000,0.00000,0.00000
2757,18.67126,0.00000,0.00000
2758,16.40078,0.00000,0.00000
2759,18.11598,0.00000,0.00000
2760,17.94062,0.00000,0.00000
2761,0.00000,0.00000,0.00000
2762,18.69798,0.00000,0.00000
2763,14.87106,0.00000,0.00000
2764,0.00000,0.00000,0.00000
2765,15.08463,0.00000,0.00000
2766,0.00000,0.00000,0.00000
2767,19.71582,0.00000,0.00000
2768,0.00000,0.00000,0.00000
2769,18.84090,0.00000,0.00000
2770,0.00000,0.00000,0.00000
2771,20.86411,0.00000,0.00000
2772,0.00000,0.00000,0.00000
2773,16.04455,0.00000,0.00000
2774,0.00000,0.00000,0.00000
2775,16.46394,0.00000,0.00000
2776,21.39563,0.00000,0.00000
2777,0.00000,0.00000,0.00000
2778,17.69957,0.00000,0.00000
2779,0.00000,0.00000,0.00000
2780,15.30140,0.00000,0.00000
2781,17.48850,0.00000,0.00000
2782,0.00000,0.00000,0.00000
2783,16.60813,0.00000,0.00000
2784,17.99805,0.00000,0.00000
2785,0.00000,0.00000,0.00000
2786,18.14757,0.00000,0.00000
2787,0.00000,0.00000,0.00000
2788,0.00000,0.00000,0.00000
2789,14.86665,0.00000,0.00000
2790,0.00000,0.00000,0.00000
2791,15.75101,0.00000,0.00000
2792,0.00000,0.00000,0.00000
2793,14.25496,0.00000,0.00000
2794,17.15272,0.00000,0.00000
2795,0.00000,0.00000,0.00000
2796,10.71852,0.00000,0.00000
2797,13.56553,0.00000,0.00000
2798,0.00000,0.00000,0.00000
2799,13.46930,0.00000,0.00000
2800,0.00000,0.00000,0.00000
2801,12.19073,0.00000,0.00000
2802,0.00000,0.00000,0.00000
2803,13.70103,0.00000,0.00000
2804,0.00000,0.00000,0.00000
2805,0.00000,0.00000,0.00000
2806,0.00000,0.00000,0.00000
2807,0.00000,0.00000,0.00000
2808,7.06593,0.00000,0.00000
2809,0.00000,0.00000,0.00000
2810,5.76882,0.00000,0.00000
2811,7.09217,0.00000,0.00000
2812,0.00000,0.00000,0.00000
2813,5.42184,0.00000,0.00000
2814,0.00000,0.00000,0.00000
2815,6.06932,0.00000,0.00000
2816,0.00000,0.00000,0.00000
2817,0.00000,0.00000,0.00000
2818,4.34596,0.00000,0.00000
2819,0.00000,0.00000,0.00000
2820,3.37641,0.00000,0.00000
2821,0.00000,0.00000,0.00000
2822,2.83274,0.00000,0.00000
2823,0.00000,0.00000,0.00000
2824,2.99290,0.00000,0.00000
2825,0.00000,0.00000,0.00000
2826,1.70543,0.00000,0.00000
2827,1.83230,0.00000,0.00000
2828,0.00000,0.00000,0.00000
2829,0.00000,0.00000,0.00000
2830,0.00000,0.00000,0.00000
2831,0.00000,0.00000,0.00000
2832,0.00000,0.00000,0.00000
2833,-2.28150,0.00000,0.00000
2834,0.00000,0.00000,0.00000
2835,-4.18917,0.00000,0.00000
2836,0.00000,0.00000,0.00000
2837,0.00000,0.00000,0.00000
2838,-7.72473,0.00000,0.00000
2839,0.00000,0.00000,0.00000
2840,0.00000,0.00000,0.00000
2841,0.00000,0.00000,0.00000
2842,0.00000,0.00000,0.00000
2843,0.00000,0.00000,0.00000
2844,0.00000,0.00000,0.00000
2845,-14.59944,0.00000,0.00000
2846,0.00000,0.00000,0.00000
2847,0.00000,0.00000,0.00000
2848,0.00000,0.00000,0.00000
2849,0.00000,0.00000,0.00000
2850,0.00000,0.00000,0.00000
2851,0.00000,0.00000,0.00000
2852,0.00000,0.00000,0.00000
2853,0.00000,0.00000,0.00000
2854,0.00000,0.00000,0.00000
2855,0.00000,0.00000,0.00000
2856,0.00000,0.00000,0.00000
2857,0.00000,0.00000,0.00000
2858,0.00000,0.00000,0.00000
2859,0.00000,0.00000,0.00000
2860,0.00000,0.00000,0.00000
2861,0.00000,0.00000,0.00000
2862,0.00000,0.00000,0.00000
2863,0.00000,0.00000,0.00000
2864,0.00000,0.00000,0.00000
2865,0.00000,0.00000,0.00000
2866,0.00000,0.00000,0.00000
2867,0.00000,0.00000,0.00000
2868,0.00000,0.00000,0.00000
2869,0.00000,0.00000,0.00000
2870,0.00000,0.00000,0.00000
2871,0.00000,0.00000,0.00000
2872,0.00000,0.00000,0.00000
2873,0.00000,0.00000,0.00000
2874,0.00000,0.00000,0.00000
2875,0.00000,0.00000,0.00000
2876,0.00000,0.00000,0.00000
2877,0.00000,0.00000,0.00000
2878,0.00000,0.00000,0.00000
2879,0.00000,0.00000,0.00000
2880,0.00000,0.00000,0.00000
2881,0.00000,0.00000,0.00000
2882,0.00000,0.00000,0.00000
2883,0.00000,0.00000,0.00000
2884,0.00000,0.00000,0.00000
2885,0.00000,0.00000,0.00000
2886,0.00000,0.00000,0.00000
2887,0.00000,0.00000,0.00000
2888,0.00000,0.00000,0.00000
2889,0.00000,0.00000,0.00000
2890,0.00000,0.00000,0.00000
2891,0.00000,0.00000,0.00000
2892,0.00000,0.00000,0.00000
2893,0.00000,0.00000,0.00000
2894,0.00000,0.00000,0.00000
2895,0.00000,0.00000,0.00000
2896,0.00000,0.00000,0.00000
2897,0.00000,0.00000,0.00000
2898,0.00000,0.00000,0.00000
2899,0.00000,0.00000,0.00000
2900,0.00000,0.00000,0.00000
2901,0.00000,0.00000,0.00000
2902,0.00000,0.00000,0.00000
2903,0.00000,0.00000,0.00000
2904,0.00000,0.00000,0.00000
2905,0.00000,0.00000,0.00000
2906,0.00000,0.00000,0.00000
2907,0.00000,0.00000,0.00000
2908,0.00000,0.00000,0.00000
2909,0.00000,0.00000,0.00000
2910,0.00000,0.00000,0.00000
2911,0.00000,0.00000,0.00000
2912,0.00000,0.00000,0.00000
2913,0.00000,0.00000,0.00000
2914,0.00000,0.00000,0.00000
2915,0.00000,0.00000,0.00000
2916,0.00000,0.00000,0.00000
2917,0.00000,0.00000,0.00000
2918,0.00000,0.00000,0.00000
2919,0.00000,0.00000,0.00000
2920,0.00000,0.00000,0.00000
2921,0.00000,0.00000,0.00000
2922,0.00000,0.00000,0.00000
2923,0.00000,0.00000,0.00000
2924,0.00000,0.00000,0.00000
2925,0.00000,0.00000,0.00000
2926,0.00000,0.00000,0.00000
2927,0.00000,0.00000,0.00000
2928,0.00000,0.00000,0.00000
2929,0.00000,0.00000,0.00000
2930,0.00000,0.00000,0.00000
2931,0.00000,0.00000,0.00000
2932,0.00000,0.00000,0.00000
2933,0.00000,0.00000,0.00000
2934,0.00000,0.00000,0.00000
2935,0.00000,0.00000,0.00000
2936,0.00000,0.00000,0.00000
2937,0.00000,0.00000,0.00000
2938,0.00000,0.00000,0.00000
2939,0.00000,0.00000,0.00000
2940,0.00000,0.00000,0.00000
2941,0.00000,0.00000,0.00000
2942,0.00000,0.00000,0.00000
2943,0.00000,0.00000,0.00000
2944,0.00000,0.00000,0.00000
2945,0.00000,0.00000,0.00000
2946,0.00000,0.00000,0.00000
2947,0.00000,0.00000,0.00000
2948,0.00000,0.00000,0.00000
2949,0.00000,0.00000,0.00000
2950,0.00000,0.00000,0.00000
2951,15.31830,0.00000,0.00000
2952,0.00000,0.00000,0.00000
2953,0.00000,0.00000,0.00000
2954,0.00000,0.00000,0.00000
2955,16.45964,0.00000,0.00000
2956,14.65306,0.00000,0.00000
2957,0.00000,0.00000,0.00000
2958,0.00000,0.00000,0.00000
2959,0.00000,0.00000,0.00000
2960,0.00000,0.00000,0.00000
2961,0.00000,0.00000,0.00000
2962,11.48040,0.00000,0.00000
2963,0.00000,0.00000,0.00000
2964,8.69572,0.00000,0.00000
2965,0.00000,0.00000,0.00000
2966,6.82742,0.00000,0.00000
2967,0.00000,0.00000,0.00000
2968,0.00000,0.00000,0.00000
2969,0.00000,0.00000,0.00000
2970,0.00000,0.00000,0.00000
2971,0.00000,0.00000,0.00000
2972,0.00000,0.00000,0.00000
2973,0.00000,0.00000,0.00000
2974,0.00000,0.00000,0.00000
2975,2.46504,0.00000,0.00000
2976,0.00000,0.00000,0.00000
2977,0.00000,0.00000,0.00000
2978,0.00000,0.00000,0.00000
2979,0.00000,0.00000,0.00000
2980,0.00000,0.00000,0.00000
2981,0.00000,0.00000,0.00000
2982,0.00000,0.00000,0.00000
2983,0.00000,0.00000,0.00000
2984,0.00000,0.00000,0.00000
2985,0.00000,0.00000,0.00000
2986,0.00000,0.00000,0.00000
2987,0.00000,0.00000,0.00000
2988,0.00000,0.00000,0.00000
2989,0.00000,0.00000,0.00000
2990,0.00000,0.00000,0.00000
2991,0.00000,0.00000,0.00000
2992,0.00000,0.00000,0.00000
2993,0.00000,0.00000,0.00000
2994,0.00000,0.00000,0.00000
2995,0.00000,0.00000,0.00000
2996,0.00000,0.00000,0.00000
2997,0.00000,0.00000,0.00000
2998,0.00000,0.00000,0.00000
2999,0.00000,0.00000,0.00000
3000,0.00000,0.00000,0.00000
3001,0.00000,0.00000,0.00000
3002,0.00000,0.00000,0.00000
3003,0.00000,0.00000,0.00000
3004,0.00000,0.00000,0.00000
3005,0.00000,0.00000,0.00000
3006,0.00000,0.00000,0.00000
3007,0.00000,0.00000,0.00000
3008,0.00000,0.00000,0.00000
3009,0.00000,0.00000,0.00000
3010,0.00000,0.00000,0.00000
3011,0.00000,0.00000,0.00000
3012,0.00000,0.00000,0.00000
3013,0.00000,0.00000,0.00000
3014,0.00000,0.00000,0.00000
3015,0.00000,0.00000,0.00000
3016,0.00000,0.00000,0.00000
3017,0.00000,0.00000,0.00000
3018,0.00000,0.00000,0.00000
3019,0.00000,0.00000,0.00000
3020,0.00000,0.00000,0.00000
3021,0.00000,0.00000,0.00000
3022,0.00000,0.00000,0.00000
3023,0.00000,0.00000,0.00000
3024,0.00000,0.00000,0.00000
3025,0.00000,0.00000,0.00000
3026,0.00000,0.00000,0.00000
3027,0.00000,0.00000,0.00000
3028,0.00000,0.00000,0.00000
3029,0.00000,0.00000,0.00000
3030,0.00000,0.00000,0.00000
3031,0.00000,0.00000,0.00000
3032,0.00000,0.00000,0.00000
3033,0.00000,0.00000,0.00000
3034,0.00000,0.00000,0.00000
3035,0.00000,0.00000,0.00000
3036,0.00000,0.00000,0.00000
3037,0.00000,0.00000,0.00000
3038,0.00000,0.00000,0.00000
3039,0.00000,0.00000,0.00000
3040,0.00000,0.00000,0.00000
3041,0.00000,0.00000,0.00000
3042,0.00000,0.00000,0.00000
3043,0.00000,0.00000,0.00000
3044,0.00000,0.00000,0.00000
3045,0.00000,0.00000,0.00000
3046,0.00000,0.00000,0.00000
3047,0.00000,0.00000,0.00000
3048,0.00000,0.00000,0.00000
3049,0.00000,0.00000,0.00000
3050,0.00000,0.00000,0.00000
3051,0.00000,0.00000,0.00000
3052,0.00000,0.00000,0.00000
3053,0.00000,0.00000,0.00000
3054,0.00000,0.00000,0.00000
3055,0.00000,0.00000,0.00000
3056,0.00000,0.00000,0.00000
3057,0.00000,0.00000,0.00000
3058,0.00000,0.00000,0.00000
3059,0.00000,0.00000,0.00000
3060,0.00000,0.00000,0.00000
3061,0.00000,0.00000,0.00000
3062,0.00000,0.00000,0.00000
3063,0.00000,0.00000,0.00000
3064,0.00000,0.00000,0.00000
3065,0.00000,0.00000,0.00000
3066,0.00000,0.00000,0.00000
3067,0.00000,0.00000,0.00000
3068,0.00000,0.00000,0.00000
3069,0.00000,0.00000,0.00000
3070,0.00000,0.00000,0.00000
3071,0.00000,0.00000,0.00000
3072,0.00000,0.00000,0.00000
3073,0.00000,0.00000,0.00000
3074,0.00000,0.00000,0.00000
3075,0.00000,0.00000,0.00000
3076,0.00000,0.00000,0.00000
3077,0.00000,0.00000,0.00000
3078,0.00000,0.00000,0.00000
3079,0.00000,0.00000,0.00000
3080,0.00000,0.00000,0.00000
3081,0.00000,0.00000,0.00000
3082,0.00000,0.00000,0.00000
3083,0.00000,0.00000,0.00000
3084,0.00000,0.00000,0.00000
3085,0.00000,0.00000,0.00000
3086,0.00000,0.00000,0.00000
3087,0.00000,0.00000,0.00000
3088,0.00000,0.00000,0.00000
3089,0.00000,0.00000,0.00000
3090,0.00000,0.00000,0.00000
3091,0.00000,0.00000,0.00000
3092,0.00000,0.00000,0.00000
3093,0.00000,0.00000,0.00000
3094,0.00000,0.00000,0.00000
3095,0.00000,0.00000,0.00000
3096,0.00000,0.00000,0.00000
3097,0.00000,0.00000,0.00000
3098,0.00000,0.00000,0.00000
3099,0.00000,0.00000,0.00000
3100,0.00000,0.00000,0.00000
3101,0.00000,0.00000,0.00000
3102,0.00000,0.00000,0.00000
3103,0.00000,0.00000,0.00000
3104,0.00000,0.00000,0.00000
3105,0.00000,0.00000,0.00000
3106,0.00000,0.00000,0.00000
3107,0.00000,0.00000,0.00000
3108,0.00000,0.00000,0.00000
3109,0.00000,0.00000,0.00000
3110,0.00000,0.00000,0.00000
3111,0.00000,0.00000,0.00000
3112,0.00000,0.00000,0.00000
3113,0.00000,0.00000,0.00000
3114,0.00000,0.00000,0.00000
3115,0.00000,0.00000,0.00000
3116,0.00000,0.00000,0.00000
3117,0.00000,0.00000,0.00000
3118,0.00000,0.00000,0.00000
3119,0.00000,0.00000,0.00000
3120,0.00000,0.00000,0.00000
3121,0.00000,0.00000,0.00000
3122,0.00000,0.00000,0.00000
3123,0.00000,0.00000,0.00000
3124,0.00000,0.00000,0.00000
3125,0.00000,0.00000,0.00000
3126,0.00000,0.00000,0.00000
3127,0.00000,0.00000,0.00000
3128,0.00000,0.00000,0.00000
3129,0.00000,0.00000,0.00000
3130,0.00000,0.00000,0.00000
3131,0.00000,0.00000,0.00000
3132,0.00000,0.00000,0.00000
3133,0.00000,0.00000,0.00000
3134,0.00000,0.00000,0.00000
3135,0.00000,0.00000,0.00000
3136,0.00000,0.00000,0.00000
3137,0.00000,0.00000,0.00000
3138,0.00000,0.00000,0.00000
3139,0.00000,0.00000,0.00000
3140,0.00000,0.00000,0.00000
3141,0.00000,0.00000,0.00000
3142,0.00000,0.00000,0.00000
3143,0.00000,0.00000,0.00000
3144,0.00000,0.00000,0.00000
3145,0.00000,0.00000,0.00000
3146,0.00000,0.00000,0.00000
3147,0.00000,0.00000,0.00000
3148,0.00000,0.00000,0.00000
3149,0.00000,0.00000,0.00000
3150,0.00000,0.00000,0.00000
3151,0.00000,0.00000,0.00000
3152,0.00000,0.00000,0.00000
3153,0.00000,0.00000,0.00000
3154,0.00000,0.00000,0.00000
3155,0.00000,0.00000,0.00000
3156,0.00000,0.00000,0.00000
3157,0.00000,0.00000,0.00000
3158,0.00000,0.00000,0.00000
3159,0.00000,0.00000,0.00000
3160,0.00000,0.00000,0.00000
3161,0.00000,0.00000,0.00000
3162,0.00000,0.00000,0.00000
3163,0.00000,0.00000,0.00000
3164,0.00000,0.00000,0.00000
3165,0.00000,0.00000,0.00000
3166,0.00000,0.00000,0.00000
3167,0.00000,0.00000,0.00000
3168,0.00000,0.00000,0.00000
3169,0.00000,0.00000,0.00000
3170,0.00000,0.00000,0.00000
3171,0.00000,0.00000,0.00000
3172,0.00000,0.00000,0.00000
3173,0.00000,0.00000,0.00000
3174,0.00000,0.00000,0.00000
3175,0.00000,0.00000,0.00000
3176,0.00000,0.00000,0.00000
3177,0.00000,0.00000,0.00000
3178,0.00000,0.00000,0.00000
3179,0.00000,0.00000,0.00000
3180,0.00000,0.00000,0.00000
3181,0.00000,0.00000,0.00000
3182,0.00000,0.00000,0.00000
3183,0.00000,0.00000,0.00000
3184,0.00000,0.00000,0.00000
3185,0.00000,0.00000,0.00000
3186,0.00000,0.00000,0.00000
3187,0.00000,0.00000,0.00000
3188,0.00000,0.00000,0.00000
3189,0.00000,0.00000,0.00000
3190,0.00000,0.00000,0.00000
3191,0.00000,0.00000,0.00000
3192,0.00000,0.00000,0.00000
3193,0.00000,0.00000,0.00000
3194,0.00000,0.00000,0.00000
3195,0.00000,0.00000,0.00000
3196,0.00000,0.00000,0.00000
3197,0.00000,0.00000,0.00000
3198,0.00000,0.00000,0.00000
3199,0.00000,0.00000,0.00000
3200,0.00000,0.00000,0.00000
3201,0.00000,0.00000,0.00000
3202,0.00000,0.00000,0.00000
3203,0.00000,0.00000,0.00000
3204,0.00000,0.00000,0.00000
3205,0.00000,0.00000,0.00000
3206,0.00000,0.00000,0.00000
3207,0.00000,0.00000,0.00000
3208,0.00000,0.00000,0.00000
3209,0.00000,0.00000,0.00000
3210,0.00000,0.00000,0.00000
3211,0.00000,0.00000,0.00000
3212,0.00000,0.00000,0.00000
3213,0.00000,0.00000,0.00000
3214,0.00000,0.00000,0.00000
3215,0.00000,0.00000,0.00000
3216,0.00000,0.00000,0.00000
3217,0.00000,0.00000,0.00000
3218,0.00000,0.00000,0.00000
3219,0.00000,0.00000,0.00000
3220,0.00000,0.00000,0.00000
3221,0.00000,0.00000,0.00000
3222,0.00000,0.00000,0.00000
3223,0.00000,0.00000,0.00000
3224,0.00000,0.00000,0.00000
3225,0.00000,0.00000,0.00000
3226,0.00000,0.00000,0.00000
3227,0.00000,0.00000,0.00000
3228,0.00000,0.00000,0.00000
3229,0.00000,0.00000,0.00000
3230,0.00000,0.00000,0.00000
3231,0.00000,0.00000,0.00000
3232,0.00000,0.00000,0.00000
3233,0.00000,0.00000,0.00000
3234,0.00000,0.00000,0.00000
3235,0.00000,0.00000,0.00000
3236,0.00000,0.00000,0.00000
3237,0.00000,0.00000,0.00000
3238,0.00000,0.00000,0.00000
3239,0.00000,0.00000,0.00000
3240,0.00000,0.00000,0.00000
3241,0.00000,0.00000,0.00000
3242,0.00000,0.00000,0.00000
3243,0.00000,0.00000,0.00000
3244,0.00000,0.00000,0.00000
3245,0.00000,0.00000,0.00000
3246,0.00000,0.00000,0.00000
3247,0.00000,0.00000,0.00000
3248,0.00000,0.00000,0.00000
3249,0.00000,0.00000,0.00000
3250,0.00000,0.00000,0.00000
3251,0.00000,0.00000,0.00000
3252,0.00000,0.00000,0.00000
3253,0.00000,0.00000,0.00000
3254,0.00000,0.00000,0.00000
3255,0.00000,0.00000,0.00000
3256,0.00000,0.00000,0.00000
3257,0.00000,0.00000,0.00000
3258,0.00000,0.00000,0.00000
3259,0.00000,0.00000,0.00000
3260,0.00000,0.00000,0.00000
3261,0.00000,0.00000,0.00000
3262,0.00000,0.00000,0.00000
3263,0.00000,0.00000,0.00000
3264,0.00000,0.00000,0.00000
3265,0.00000,0.00000,0.00000
3266,0.00000,0.00000,0.00000
3267,0.00000,0.00000,0.00000
3268,0.00000,0.00000,0.00000
3269,0.00000,0.00000,0.00000
3270,0.00000,0.00000,0.00000
3271,0.00000,0.00000,0.00000
3272,0.00000,0.00000,0.00000
3273,0.00000,0.00000,0.00000
3274,0.00000,0.00000,0.00000
3275,0.00000,0.00000,0.00000
3276,0.00000,0.00000,0.00000
3277,0.00000,0.00000,0.00000
3278,0.00000,0.00000,0.00000
3279,0.00000,0.00000,0.00000
3280,0.00000,0.00000,0.00000
3281,0.00000,0.00000,0.00000
3282,0.00000,0.00000,0.00000
3283,0.00000,0.00000,0.00000
3284,0.00000,0.00000,0.00000
3285,0.00000,0.00000,0.00000
3286,0.00000,0.00000,0.00000
3287,0.00000,0.00000,0.00000
3288,0.00000,0.00000,0.00000
3289,0.00000,0.00000,0.00000
3290,0.00000,0.00000,0.00000
3291,0.00000,0.00000,0.00000
3292,0.00000,0.00000,0.00000
3293,0.00000,0.00000,0.00000
3294,0.00000,0.00000,0.00000
3295,0.00000,0.00000,0.00000
3296,0.00000,0.00000,0.00000
3297,0.00000,0.00000,0.00000
3298,0.00000,0.00000,0.00000
3299,0.00000,0.00000,0.00000
3300,0.00000,0.00000,0.00000
3301,0.00000,0.00000,0.00000
3302,0.00000,0.00000,0.00000
3303,0.00000,0.00000,0.00000
3304,0.00000,0.00000,0.00000
3305,0.00000,0.00000,0.00000
3306,0.00000,0.00000,0.00000
3307,0.00000,0.00000,0.00000
3308,0.00000,0.00000,0.00000
3309,0.00000,0.00000,0.00000
3310,0.00000,0.00000,0.00000
3311,0.00000,0.00000,0.00000
3312,0.00000,0.00000,0.00000
3313,0.00000,0.00000,0.00000
3314,0.00000,0.00000,0.00000
3315,0.00000,0.00000,0.00000
3316,0.00000,0.00000,0.00000
3317,0.00000,0.00000,0.00000
3318,0.00000,0.00000,0.00000
3319,0.00000,0.00000,0.00000
3320,0.00000,0.00000,0.00000
3321,0.00000,0.00000,0.00000
3322,0.00000,0.00000,0.00000
3323,0.00000,0.00000,0.00000
3324,0.00000,0.00000,0.00000
3325,0.00000,0.00000,0.00000
3326,0.00000,0.00000,0.00000
3327,0.00000,0.00000,0.00000
3328,0.00000,0.00000,0.00000
3329,0.00000,0.00000,0.00000
3330,0.00000,0.00000,0.00000
3331,0.00000,0.00000,0.00000
3332,0.00000,0.00000,0.00000
3333,0.00000,0.00000,0.00000
3334,0.00000,0.00000,0.00000
3335,0.00000,0.00000,0.00000
3336,0.00000,0.00000,0.00000
3337,0.00000,0.00000,0.00000
3338,0.00000,0.00000,0.00000
3339,0.00000,0.00000,0.00000
3340,0.00000,0.00000,0.00000
3341,0.00000,0.00000,0.00000
3342,0.00000,0.00000,0.00000
3343,0.00000,0.00000,0.00000
3344,0.00000,0.00000,0.00000
3345,0.00000,0.00000,0.00000
3346,0.00000,0.00000,0.00000
3347,0.00000,0.00000,0.00000
3348,0.00000,0.00000,0.00000
3349,0.00000,0.00000,0.00000
3350,0.00000,0.00000,0.00000
3351,0.00000,0.00000,0.00000
3352,0.00000,0.00000,0.00000
3353,0.00000,0.00000,0.00000
3354,0.00000,0.00000,0.00000
3355,0.00000,0.00000,0.00000
3356,0.00000,0.00000,0.00000
3357,0.00000,0.00000,0.00000
3358,0.00000,0.00000,0.00000
3359,0.00000,0.00000,0.00000
3360,0.00000,0.00000,0.00000
3361,0.00000,0.00000,0.00000
3362,0.00000,0.00000,0.00000
3363,0.00000,0.00000,0.00000
3364,0.00000,0.00000,0.00000
3365,0.00000,0.00000,0.00000
3366,0.00000,0.00000,0.00000
3367,0.00000,0.00000,0.00000
3368,0.00000,0.00000,0.00000
3369,0.00000,0.00000,0.00000
3370,0.00000,0.00000,0.00000
3371,0.00000,0.00000,0.00000
3372,0.00000,0.00000,0.00000
3373,0.00000,0.00000,0.00000
3374,0.00000,0.00000,0.00000
3375,0.00000,0.00000,0.00000
3376,0.00000,0.00000,0.00000
3377,0.00000,0.00000,0.00000
3378,0.00000,0.00000,0.00000
3379,0.00000,0.00000,0.00000
3380,0.00000,0.00000,0.00000
3381,0.00000,0.00000,0.00000
3382,0.00000,0.00000,0.00000
3383,0.00000,0.00000,0.00000
3384,0.00000,0.00000,0.00000
3385,0.00000,0.00000,0.00000
3386,0.00000,0.00000,0.00000
3387,0.00000,0.00000,0.00000
3388,0.00000,0.00000,0.00000
3389,0.00000,0.00000,0.00000
3390,0.00000,0.00000,0.00000
3391,0.00000,0.00000,0.00000
3392,0.00000,0.00000,0.00000
3393,0.00000,0.00000,0.00000
3394,0.00000,0.00000,0.00000
3395,0.00000,0.00000,0.00000
3396,0.00000,0.00000,0.00000
3397,0.00000,0.00000,0.00000
3398,0.00000,0.00000,0.00000
3399,0.00000,0.00000,0.00000
3400,0.00000,0.00000,0.00000
3401,0.00000,0.00000,0.00000
3402,0.00000,0.00000,0.00000
3403,0.00000,0.00000,0.00000
3404,0.00000,0.00000,0.00000
3405,0.00000,0.00000,0.00000
3406,0.00000,0.00000,0.00000
3407,0.00000,0.00000,0.00000
3408,0.00000,0.00000,0.00000
3409,0.00000,0.00000,0.00000
3410,0.00000,0.00000,0.00000
3411,0.00000,0.00000,0.00000
3412,0.00000,0.00000,0.00000
3413,0.00000,0.00000,0.00000
3414,0.00000,0.00000,0.00000
3415,0.00000,0.00000,0.00000
3416,0.00000,0.00000,0.00000
3417,0.00000,0.00000,0.00000
3418,0.00000,0.00000,0.00000
3419,0.00000,0.00000,0.00000
3420,0.00000,0.00000,0.00000
3421,0.00000,0.00000,0.00000
3422,0.00000,0.00000,0.00000
3423,0.00000,0.00000,0.00000
3424,0.00000,0.00000,0.00000
3425,0.00000,0.00000,0.00000
3426,0.00000,0.00000,0.00000
3427,0.00000,0.00000,0.00000
3428,0.00000,0.00000,0.00000
3429,0.00000,0.00000,0.00000
3430,0.00000,0.00000,0.00000
3431,0.00000,0.00000,0.00000
3432,0.00000,0.00000,0.00000
3433,0.00000,0.00000,0.00000
3434,0.00000,0.00000,0.00000
3435,0.00000,0.00000,0.00000
3436,0.00000,0.00000,0.00000
3437,0.00000,0.00000,0.00000
3438,0.00000,0.00000,0.00000
3439,0.00000,0.00000,0.00000
3440,0.00000,0.00000,0.00000
3441,0.00000,0.00000,0.00000
3442,0.00000,0.00000,0.00000
3443,0.00000,0.00000,0.00000
3444,0.00000,0.00000,0.00000
3445,0.00000,0.00000,0.00000
3446,0.00000,0.00000,0.00000
3447,0.00000,0.00000,0.00000
3448,0.00000,0.00000,0.00000
3449,0.00000,0.00000,0.00000
3450,0.00000,0.00000,0.00000
3451,0.00000,0.00000,0.00000
3452,0.00000,0.00000,0.00000
3453,0.00000,0.00000,0.00000
3454,0.00000,0.00000,0.00000
3455,0.00000,0.00000,0.00000
3456,0.00000,0.00000,0.00000
3457,0.00000,0.00000,0.00000
3458,0.00000,0.00000,0.00000
3459,0.00000,0.00000,0.00000
3460,0.00000,0.00000,0.00000
3461,0.00000,0.00000,0.00000
3462,0.00000,0.00000,0.00000
3463,0.00000,0.00000,0.00000
3464,0.00000,0.00000,0.00000
3465,0.00000,0.00000,0.00000
3466,0.00000,0.00000,0.00000
3467,0.00000,0.00000,0.00000
3468,0.00000,0.00000,0.00000
3469,0.00000,0.00000,0.00000
3470,0.00000,0.00000,0.00000
3471,0.00000,0.00000,0.00000
3472,0.00000,0.00000,0.00000
3473,0.00000,0.00000,0.00000
3474,0.00000,0.00000,0.00000
3475,0.00000,0.00000,0.00000
3476,0.00000,0.00000,0.00000
3477,0.00000,0.00000,0.00000
3478,0.00000,0.00000,0.00000
3479,0.00000,0.00000,0.00000
3480,0.00000,0.00000,0.00000
3481,0.00000,0.00000,0.00000
3482,0.00000,0.00000,0.00000
3483,0.00000,0.00000,0.00000
3484,0.00000,0.00000,0.00000
3485,0.00000,0.00000,0.00000
3486,0.00000,0.00000,0.00000
3487,0.00000,0.00000,0.00000
3488,0.00000,0.00000,0.00000
3489,0.00000,0.00000,0.00000
3490,0.00000,0.00000,0.00000
3491,0.00000,0.00000,0.00000
3492,0.00000,0.00000,0.00000
3493,0.00000,0.00000,0.00000
3494,0.00000,0.00000,0.00000
3495,0.00000,0.00000,0.00000
3496,0.00000,0.00000,0.00000
3497,0.00000,0.00000,0.00000
3498,0.00000,0.00000,0.00000
3499,0.00000,0.00000,0.00000
3500,0.00000,0.00000,0.00000
3501,0.00000,0.00000,0.00000
3502,0.00000,0.00000,0.00000
3503,0.00000,0.00000,0.00000
3504,0.00000,0.00000,0.00000
3505,0.00000,0.00000,0.00000
3506,0.00000,0.00000,0.00000
3507,0.00000,0.00000,0.00000
3508,0.00000,0.00000,0.00000
3509,0.00000,0.00000,0.00000
3510,0.00000,0.00000,0.00000
3511,0.00000,0.00000,0.00000
3512,0.00000,0.00000,0.00000
3513,0.00000,0.00000,0.00000
3514,0.00000,0.00000,0.00000
3515,0.00000,0.00000,0.00000
3516,0.00000,0.00000,0.00000
3517,0.00000,0.00000,0.00000
3518,0.00000,0.00000,0.00000
3519,0.00000,0.00000,0.00000
3520,0.00000,0.00000,0.00000
3521,0.00000,0.00000,0.00000
3522,0.00000,0.00000,0.00000
3523,0.00000,0.00000,0.00000
3524,0.00000,0.00000,0.00000
3525,0.00000,0.00000,0.00000
3526,0.00000,0.00000,0.00000
3527,0.00000,0.00000,0.00000
3528,0.00000,0.00000,0.00000
3529,0.00000,0.00000,0.00000
3530,0.00000,0.00000,0.00000
3531,0.00000,0.00000,0.00000
3532,0.00000,0.00000,0.00000
3533,0.00000,0.00000,0.00000
3534,0.00000,0.00000,0.00000
3535,0.00000,0.00000,0.00000
3536,0.00000,0.00000,0.00000
3537,0.00000,0.00000,0.00000
3538,0.00000,0.00000,0.00000
3539,0.00000,0.00000,0.00000
3540,0.00000,0.00000,0.00000
3541,0.00000,0.00000,0.00000
3542,0.00000,0.00000,0.00000
3543,0.00000,0.00000,0.00000
3544,0.00000,0.00000,0.00000
3545,0.00000,0.00000,0.00000
3546,0.00000,0.00000,0.00000
3547,0.00000,0.00000,0.00000
3548,0.00000,0.00000,0.00000
3549,0.00000,0.00000,0.00000
3550,0.00000,0.00000,0.00000
3551,0.00000,0.00000,0.00000
3552,0.00000,0.00000,0.00000
3553,0.00000,0.00000,0.00000
3554,0.00000,0.00000,0.00000
3555,0.00000,0.00000,0.00000
3556,0.00000,0.00000,0.00000
3557,0.00000,0.00000,0.00000
3558,0.00000,0.00000,0.00000
3559,0.00000,0.00000,0.00000
3560,0.00000,0.00000,0.00000
3561,0.00000,0.00000,0.00000
3562,0.00000,0.00000,0.00000
3563,0.00000,0.00000,0.00000
3564,0.00000,0.00000,0.00000
3565,0.00000,0.00000,0.00000
3566,0.00000,0.00000,0.00000
3567,0.00000,0.00000,0.00000
3568,0.00000,0.00000,0.00000
3569,0.00000,0.00000,0.00000
3570,0.00000,0.00000,0.00000
3571,0.00000,0.00000,0.00000
3572,0.00000,0.00000,0.00000
3573,0.00000,0.00000,0.00000
3574,0.00000,0.00000,0.00000
3575,0.00000,0.00000,0.00000
3576,0.00000,0.00000,0.00000
3577,0.00000,0.00000,0.00000
3578,0.00000,0.00000,0.00000
3579,0.00000,0.00000,0.00000
3580,0.00000,0.00000,0.00000
3581,0.00000,0.00000,0.00000
3582,0.00000,0.00000,0.00000
3583,0.00000,0.00000,0.00000
3584,0.00000,0.00000,0.00000
3585,0.00000,0.00000,0.00000
3586,0.00000,0.00000,0.00000
3587,0.00000,0.00000,0.00000
3588,0.00000,0.00000,0.00000
3589,0.00000,0.00000,0.00000
3590,0.00000,0.00000,0.00000
3591,0.00000,0.00000,0.00000
3592,0.00000,0.00000,0.00000
3593,0.00000,0.00000,0.00000
3594,0.00000,0.00000,0.00000
3595,0.00000,0.00000,0.00000
3596,0.00000,0.00000,0.00000
3597,0.00000,0.00000,0.00000
3598,0.00000,0.00000,0.00000
3599,0.00000,0.00000,0.00000
3600,0.00000,0.00000,0.00000
3601,0.00000,0.00000,0.00000
3602,0.00000,0.00000,0.00000
3603,0.00000,0.00000,0.00000
3604,0.00000,0.00000,0.00000
3605,0.00000,0.00000,0.00000
3606,0.00000,0.00000,0.00000
3607,0.00000,0.00000,0.00000
3608,0.00000,0.00000,0.00000
3609,0.00000,0.00000,0.00000
3610,0.00000,0.00000,0.00000
3611,0.00000,0.00000,0.00000
3612,0.00000,0.00000,0.00000
3613,0.00000,0.00000,0.00000
3614,0.00000,0.00000,0.00000
3615,0.00000,0.00000,0.00000
3616,0.00000,0.00000,0.00000
3617,0.00000,0.00000,0.00000
3618,0.00000,0.00000,0.00000
3619,0.00000,0.00000,0.00000
3620,0.00000,0.00000,0.00000
3621,0.00000,0.00000,0.00000
3622,0.00000,0.00000,0.00000
3623,0.00000,0.00000,0.00000
3624,0.00000,0.00000,0.00000
3625,0.00000,0.00000,0.00000
3626,0.00000,0.00000,0.00000
3627,0.00000,0.00000,0.00000
3628,0.00000,0.00000,0.00000
3629,0.00000,0.00000,0.00000
3630,0.00000,0.00000,0.00000
3631,0.00000,0.00000,0.00000
3632,0.00000,0.00000,0.00000
3633,0.00000,0.00000,0.00000
3634,0.00000,0.00000,0.00000
3635,0.00000,0.00000,0.00000
3636,0.00000,0.00000,0.00000
3637,0.00000,0.00000,0.00000
3638,0.00000,0.00000,0.00000
3639,0.00000,0.00000,0.00000
3640,0.00000,0.00000,0.00000
3641,0.00000,0.00000,0.00000
3642,0.00000,0.00000,0.00000
3643,0.00000,0.00000,0.00000
3644,0.00000,0.00000,0.00000
3645,0.00000,0.00000,0.00000
3646,0.00000,0.00000,0.00000
3647,0.00000,0.00000,0.00000
3648,0.00000,0.00000,0.00000
3649,0.00000,0.00000,0.00000
3650,0.00000,0.00000,0.00000
3651,0.00000,0.00000,0.00000
3652,0.00000,0.00000,0.00000
3653,0.00000,0.00000,0.00000
3654,0.00000,0.00000,0.00000
3655,0.00000,0.00000,0.00000
3656,0.00000,0.00000,0.00000
3657,0.00000,0.00000,0.00000
3658,0.00000,0.00000,0.00000
3659,0.00000,0.00000,0.00000
3660,0.00000,0.00000,0.00000
3661,0.00000,0.00000,0.00000
3662,0.00000,0.00000,0.00000
3663,0.00000,0.00000,0.00000
3664,0.00000,0.00000,0.00000
3665,0.00000,0.00000,0.00000
3666,0.00000,0.00000,0.00000
3667,0.00000,0.00000,0.00000
3668,0.00000,0.00000,0.00000
3669,0.00000,0.00000,0.00000
3670,0.00000,0.00000,0.00000
3671,0.00000,0.00000,0.00000
3672,0.00000,0.00000,0.00000
3673,0.00000,0.00000,0.00000
3674,0.00000,0.00000,0.00000
3675,0.00000,0.00000,0.00000
3676,0.00000,0.00000,0.00000
3677,0.00000,0.00000,0.00000
3678,0.00000,0.00000,0.00000
3679,0.00000,0.00000,0.00000
3680,0.00000,0.00000,0.00000
3681,0.00000,0.00000,0.00000
3682,0.00000,0.00000,0.00000
3683,0.00000,0.00000,0.00000
3684,0.00000,0.00000,0.00000
3685,0.00000,0.00000,0.00000
3686,0.00000,0.00000,0.00000
3687,0.00000,0.00000,0.00000
3688,0.00000,0.00000,0.00000
3689,0.00000,0.00000,0.00000
3690,0.00000,0.00000,0.00000
3691,0.00000,0.00000,0.00000
3692,0.00000,0.00000,0.00000
3693,0.00000,0.00000,0.00000
3694,0.00000,0.00000,0.00000
3695,0.00000,0.00000,0.00000
3696,0.00000,0.00000,0.00000
3697,0.00000,0.00000,0.00000
3698,0.00000,0.00000,0.00000
3699,0.00000,0.00000,0.00000
3700,0.00000,0.00000,0.00000
3701,0.00000,0.00000,0.00000
3702,0.00000,0.00000,0.00000
3703,0.00000,0.00000,0.00000
3704,0.00000,0.00000,0.00000
3705,0.00000,0.00000,0.00000
3706,0.00000,0.00000,0.00000
3707,0.00000,0.00000,0.00000
3708,0.00000,0.00000,0.00000
3709,0.00000,0.00000,0.00000
3710,0.00000,0.00000,0.00000
3711,0.00000,0.00000,0.00000
3712,0.00000,0.00000,0.00000
3713,0.00000,0.00000,0.00000
3714,0.00000,0.00000,0.00000
3715,0.00000,0.00000,0.00000
3716,0.00000,0.00000,0.00000
3717,0.00000,0.00000,0.00000
3718,0.00000,0.00000,0.00000
3719,0.00000,0.00000,0.00000
3720,0.00000,0.00000,0.00000
3721,0.00000,0.00000,0.00000
3722,0.00000,0.00000,0.00000
3723,0.00000,0.00000,0.00000
3724,0.00000,0.00000,0.00000
3725,0.00000,0.00000,0.00000
3726,0.00000,0.00000,0.00000
3727,0.00000,0.00000,0.00000
3728,0.00000,0.00000,0.00000
3729,0.00000,0.00000,0.00000
3730,0.00000,0.00000,0.00000
3731,0.00000,0.00000,0.00000
3732,0.00000,0.00000,0.00000
3733,0.00000,0.00000,0.00000
3734,0.00000,0.00000,0.00000
3735,0.00000,0.00000,0.00000
3736,0.00000,0.00000,0.00000
3737,0.00000,0.00000,0.00000
3738,0.00000,0.00000,0.00000
3739,0.00000,0.00000,0.00000
3740,0.00000,0.00000,0.00000
3741,0.00000,0.00000,0.00000
3742,0.00000,0.00000,0.00000
3743,0.00000,0.00000,0.00000
3744,0.00000,0.00000,0.00000
3745,0.00000,0.00000,0.00000
3746,0.00000,0.00000,0.00000
3747,0.00000,0.00000,0.00000
3748,0.00000,0.00000,0.00000
3749,0.00000,0.00000,0.00000
3750,0.00000,0.00000,0.00000
3751,0.00000,0.00000,0.00000
3752,0.00000,0.00000,0.00000
3753,0.00000,0.00000,0.00000
3754,0.00000,0.00000,0.00000
3755,0.00000,0.00000,0.00000
3756,0.00000,0.00000,0.00000
3757,0.00000,0.00000,0.00000
3758,0.00000,0.00000,0.00000
3759,0.00000,0.00000,0.00000
3760,0.00000,0.00000,0.00000
3761,0.00000,0.00000,0.00000
3762,0.00000,0.00000,0.00000
3763,0.00000,0.00000,0.00000
3764,0.00000,0.00000,0.00000
3765,0.00000,0.00000,0.00000
3766,0.00000,0.00000,0.00000
3767,0.00000,0.00000,0.00000
3768,0.00000,0.00000,0.00000
3769,0.00000,0.00000,0.00000
3770,0.00000,0.00000,0.00000
3771,0.00000,0.00000,0.00000
3772,0.00000,0.00000,0.00000
3773,0.00000,0.00000,0.00000
3774,0.00000,0.00000,0.00000
3775,0.00000,0.00000,0.00000
3776,0.00000,0.00000,0.00000
3777,0.00000,0.00000,0.00000
3778,0.00000,0.00000,0.00000
3779,0.00000,0.00000,0.00000
3780,0.00000,0.00000,0.00000
3781,0.00000,0.00000,0.00000
3782,0.00000,0.00000,0.00000
3783,0.00000,0.00000,0.00000
3784,0.00000,0.00000,0.00000
3785,0.00000,0.00000,0.00000
3786,0.00000,0.00000,0.00000
3787,0.00000,0.00000,0.00000
3788,0.00000,0.00000,0.00000
3789,0.00000,0.00000,0.00000
3790,0.00000,0.00000,0.00000
3791,0.00000,0.00000,0.00000
3792,0.00000,0.00000,0.00000
3793,0.00000,0.00000,0.00000
3794,0.00000,0.00000,0.00000
3795,0.00000,0.00000,0.00000
3796,0.00000,0.00000,0.00000
3797,0.00000,0.00000,0.00000
3798,0.00000,0.00000,0.00000
3799,0.00000,0.00000,0.00000
3800,0.00000,0.00000,0.00000
3801,0.00000,0.00000,0.00000
3802,0.00000,0.00000,0.00000
3803,0.00000,0.00000,0.00000
3804,0.00000,0.00000,0.00000
3805,0.00000,0.00000,0.00000
3806,0.00000,0.00000,0.00000
3807,0.00000,0.00000,0.00000
3808,0.00000,0.00000,0.00000
3809,0.00000,0.00000,0.00000
3810,0.00000,0.00000,0.00000
3811,0.00000,0.00000,0.00000
3812,0.00000,0.00000,0.00000
3813,0.00000,0.00000,0.00000
3814,0.00000,0.00000,0.00000
3815,0.00000,0.00000,0.00000
3816,0.00000,0.00000,0.00000
3817,0.00000,0.00000,0.00000
3818,0.00000,0.00000,0.00000
3819,0.00000,0.00000,0.00000
3820,0.00000,0.00000,0.00000
3821,0.00000,0.00000,0.00000
3822,0.00000,0.00000,0.00000
3823,0.00000,0.00000,0.00000
3824,0.00000,0.00000,0.00000
3825,0.00000,0.00000,0.00000
3826,0.00000,0.00000,0.00000
3827,0.00000,0.00000,0.00000
3828,0.00000,0.00000,0.00000
3829,0.00000,0.00000,0.00000
3830,0.00000,0.00000,0.00000
3831,0.00000,0.00000,0.00000
3832,0.00000,0.00000,0.00000
3833,0.00000,0.00000,0.00000
3834,0.00000,0.00000,0.00000
3835,0.00000,0.00000,0.00000
3836,0.00000,0.00000,0.00000
3837,0.00000,0.00000,0.00000
3838,0.00000,0.00000,0.00000
3839,0.00000,0.00000,0.00000
3840,0.00000,0.00000,0.00000
3841,0.00000,0.00000,0.00000
3842,0.00000,0.00000,0.00000
3843,0.00000,0.00000,0.00000
3844,0.00000,0.00000,0.00000
3845,0.00000,0.00000,0.00000
3846,0.00000,0.00000,0.00000
3847,0.00000,0.00000,0.00000
3848,0.00000,0.00000,0.00000
3849,0.00000,0.00000,0.00000
3850,0.00000,0.00000,0.00000
3851,0.00000,0.00000,0.00000
3852,0.00000,0.00000,0.00000
3853,0.00000,0.00000,0.00000
3854,0.00000,0.00000,0.00000
3855,0.00000,0.00000,0.00000
3856,0.00000,0.00000,0.00000
3857,0.00000,0.00000,0.00000
3858,0.00000,0.00000,0.00000
3859,0.00000,0.00000,0.00000
3860,0.00000,0.00000,0.00000
3861,0.00000,0.00000,0.00000
3862,0.00000,0.00000,0.00000
3863,0.00000,0.00000,0.00000
3864,0.00000,0.00000,0.00000
3865,0.00000,0.00000,0.00000
3866,0.00000,0.00000,0.00000
3867,0.00000,0.00000,0.00000
3868,0.00000,0.00000,0.00000
3869,0.00000,0.00000,0.00000
3870,0.00000,0.00000,0.00000
3871,0.00000,0.00000,0.00000
3872,0.00000,0.00000,0.00000
3873,0.00000,0.00000,0.00000
3874,0.00000,0.00000,0.00000
3875,0.00000,0.00000,0.00000
3876,0.00000,0.00000,0.00000
3877,0.00000,0.00000,0.00000
3878,0.00000,0.00000,0.00000
3879,0.00000,0.00000,0.00000
3880,0.00000,0.00000,0.00000
3881,0.00000,0.00000,0.00000
3882,0.00000,0.00000,0.00000
3883,0.00000,0.00000,0.00000
3884,0.00000,0.00000,0.00000
3885,0.00000,0.00000,0.00000
3886,0.00000,0.00000,0.00000
3887,0.00000,0.00000,0.00000
3888,0.00000,0.00000,0.00000
3889,0.00000,0.00000,0.00000
3890,0.00000,0.00000,0.00000
3891,0.00000,0.00000,0.00000
3892,0.00000,0.00000,0.00000
3893,0.00000,0.00000,0.00000
3894,0.00000,0.00000,0.00000
3895,0.00000,0.00000,0.00000
3896,0.00000,0.00000,0.00000
3897,0.00000,0.00000,0.00000
3898,0.00000,0.00000,0.00000
3899,0.00000,0.00000,0.00000
3900,0.00000,0.00000,0.00000
3901,0.00000,0.00000,0.00000
3902,0.00000,0.00000,0.00000
3903,0.00000,0.00000,0.00000
3904,0.00000,0.00000,0.00000
3905,0.00000,0.00000,0.00000
3906,0.00000,0.00000,0.00000
3907,0.00000,0.00000,0.00000
3908,0.00000,0.00000,0.00000
3909,0.00000,0.00000,0.00000
3910,0.00000,0.00000,0.00000
3911,0.00000,0.00000,0.00000
3912,0.00000,0.00000,0.00000
3913,0.00000,0.00000,0.00000
3914,0.00000,0.00000,0.00000
3915,0.00000,0.00000,0.00000
3916,0.00000,0.00000,0.00000
3917,0.00000,0.00000,0.00000
3918,0.00000,0.00000,0.00000
3919,0.00000,0.00000,0.00000
3920,0.00000,0.00000,0.00000
3921,0.00000,0.00000,0.00000
3922,0.00000,0.00000,0.00000
3923,0.00000,0.00000,0.00000
3924,0.00000,0.00000,0.00000
3925,0.00000,0.00000,0.00000
3926,0.00000,0.00000,0.00000
3927,0.00000,0.00000,0.00000
3928,0.00000,0.00000,0.00000
3929,0.00000,0.00000,0.00000
3930,0.00000,0.00000,0.00000
3931,0.00000,0.00000,0.00000
3932,0.00000,0.00000,0.00000
3933,0.00000,0.00000,0.00000
3934,0.00000,0.00000,0.00000
3935,0.00000,0.00000,0.00000
3936,0.00000,0.00000,0.00000
3937,0.00000,0.00000,0.00000
3938,0.00000,0.00000,0.00000
3939,0.00000,0.00000,0.00000
3940,0.00000,0.00000,0.00000
3941,0.00000,0.00000,0.00000
3942,0.00000,0.00000,0.00000
3943,0.00000,0.00000,0.00000
3944,0.00000,0.00000,0.00000
3945,0.00000,0.00000,0.00000
3946,0.00000,0.00000,0.00000
3947,0.00000,0.00000,0.00000
3948,0.00000,0.00000,0.00000
3949,0.00000,0.00000,0.00000
3950,0.00000,0.00000,0.00000
3951,0.00000,0.00000,0.00000
3952,0.00000,0.00000,0.00000
3953,0.00000,0.00000,0.00000
3954,0.00000,0.00000,0.00000
3955,0.00000,0.00000,0.00000
3956,0.00000,0.00000,0.00000
3957,0.00000,0.00000,0.00000
3958,0.00000,0.00000,0.00000
3959,0.00000,0.00000,0.00000
3960,0.00000,0.00000,0.00000
3961,0.00000,0.00000,0.00000
3962,0.00000,0.00000,0.00000
3963,0.00000,0.00000,0.00000
3964,0.00000,0.00000,0.00000
3965,0.00000,0.00000,0.00000
3966,0.00000,0.00000,0.00000
3967,0.00000,0.00000,0.00000
3968,0.00000,0.00000,0.00000
3969,0.00000,0.00000,0.00000
3970,0.00000,0.00000,0.00000
3971,0.00000,0.00000,0.00000
3972,0.00000,0.00000,0.00000
3973,0.00000,0.00000,0.00000
3974,0.00000,0.00000,0.00000
3975,0.00000,0.00000,0.00000
3976,0.00000,0.00000,0.00000
3977,0.00000,0.00000,0.00000
3978,0.00000,0.00000,0.00000
3979,0.00000,0.00000,0.00000
3980,0.00000,0.00000,0.00000
3981,0.00000,0.00000,0.00000
3982,0.00000,0.00000,0.00000
3983,0.00000,0.00000,0.00000
3984,0.00000,0.00000,0.00000
3985,0.00000,0.00000,0.00000
3986,0.00000,0.00000,0.00000
3987,0.00000,0.00000,0.00000
3988,0.00000,0.00000,0.00000
3989,0.00000,0.00000,0.00000
3990,0.00000,0.00000,0.00000
3991,0.00000,0.00000,0.00000
3992,0.00000,0.00000,0.00000
3993,0.00000,0.00000,0.00000
3994,0.00000,0.00000,0.00000
3995,0.00000,0.00000,0.00000
3996,0.00000,0.00000,0.00000
3997,0.00000,0.00000,0.00000
3998,0.00000,0.00000,0.00000
3999,0.00000,0.00000,0.00000
4000,0.00000,0.00000,0.00000
4001,0.00000,0.00000,0.00000
4002,0.00000,0.00000,0.00000
4003,0.00000,0.00000,0.00000
4004,0.00000,0.00000,0.00000
4005,0.00000,0.00000,0.00000
4006,0.00000,0.00000,0.00000
4007,0.00000,0.00000,0.00000
4008,0.00000,0.00000,0.00000
4009,0.00000,0.00000,0.00000
4010,0.00000,0.00000,0.00000
4011,0.00000,0.00000,0.00000
4012,0.00000,0.00000,0.00000
4013,0.00000,0.00000,0.00000
4014,0.00000,0.00000,0.00000
4015,0.00000,0.00000,0.00000
4016,0.00000,0.00000,0.00000
4017,0.00000,0.00000,0.00000
4018,0.00000,0.00000,0.00000
4019,0.00000,0.00000,0.00000
4020,0.00000,0.00000,0.00000
4021,0.00000,0.00000,0.00000
4022,0.00000,0.00000,0.00000
4023,0.00000,0.00000,0.00000
4024,0.00000,0.00000,0.00000
4025,0.00000,0.00000,0.00000
4026,0.00000,0.00000,0.00000
4027,0.00000,0.00000,0.00000
4028,0.00000,0.00000,0.00000
4029,0.00000,0.00000,0.00000
4030,0.00000,0.00000,0.00000
4031,0.00000,0.00000,0.00000
4032,0.00000,0.00000,0.00000
4033,0.00000,0.00000,0.00000
4034,0.00000,0.00000,0.00000
4035,0.00000,0.00000,0.00000
4036,0.00000,0.00000,0.00000
4037,0.00000,0.00000,0.00000
4038,0.00000,0.00000,0.00000
4039,0.00000,0.00000,0.00000
4040,0.00000,0.00000,0.00000
4041,0.00000,0.00000,0.00000
4042,0.00000,0.00000,0.00000
4043,0.00000,0.00000,0.00000
4044,0.00000,0.00000,0.00000
4045,0.00000,0.00000,0.00000
4046,0.00000,0.00000,0.00000
4047,0.00000,0.00000,0.00000
4048,0.00000,0.00000,0.00000
4049,0.00000,0.00000,0.00000
4050,0.00000,0.00000,0.00000
4051,0.00000,0.00000,0.00000
4052,0.00000,0.00000,0.00000
4053,0.00000,0.00000,0.00000
4054,0.00000,0.00000,0.00000
4055,0.00000,0.00000,0.00000
4056,0.00000,0.00000,0.00000
4057,0.00000,0.00000,0.00000
4058,0.00000,0.00000,0.00000
4059,0.00000,0.00000,0.00000
4060,0.00000,0.00000,0.00000
4061,0.00000,0.00000,0.00000
4062,0.00000,0.00000,0.00000
4063,0.00000,0.00000,0.00000
4064,0.00000,0.00000,0.00000
4065,0.00000,0.00000,0.00000
4066,0.00000,0.00000,0.00000
4067,0.00000,0.00000,0.00000
4068,0.00000,0.00000,0.00000
4069,0.00000,0.00000,0.00000
4070,0.00000,0.00000,0.00000
4071,0.00000,0.00000,0.00000
4072,0.00000,0.00000,0.00000
4073,0.00000,0.00000,0.00000
4074,0.00000,0.00000,0.00000
4075,0.00000,0.00000,0.00000
4076,0.00000,0.00000,0.00000
4077,0.00000,0.00000,0.00000
4078,0.00000,0.00000,0.00000
4079,0.00000,0.00000,0.00000
4080,0.00000,0.00000,0.00000
4081,0.00000,0.00000,0.00000
4082,0.00000,0.00000,0.00000
4083,0.00000,0.00000,0.00000
4084,0.00000,0.00000,0.00000
4085,0.00000,0.00000,0.00000
4086,0.00000,0.00000,0.00000
4087,0.00000,0.00000,0.00000
4088,0.00000,0.00000,0.00000
4089,0.00000,0.00000,0.00000
4090,0.00000,0.00000,0.00000
4091,0.00000,0.00000,0.00000
4092,0.00000,0.00000,0.00000
4093,0.00000,0.00000,0.00000
4094,0.00000,0.00000,0.00000
4095,0.00000,0.00000,0.00000
4096,0.00000,0.00000,0.00000
4097,0.00000,0.00000,0.00000
4098,0.00000,0.00000,0.00000
4099,0.00000,0.00000,0.00000
4100,0.00000,0.00000,0.00000
4101,0.00000,0.00000,0.00000
4102,0.00000,0.00000,0.00000
4103,0.00000,0.00000,0.00000
4104,0.00000,0.00000,0.00000
4105,0.00000,0.00000,0.00000
4106,0.00000,0.00000,0.00000
4107,0.00000,0.00000,0.00000
4108,0.00000,0.00000,0.00000
4109,0.00000,0.00000,0.00000
4110,0.00000,0.00000,0.00000
4111,0.00000,0.00000,0.00000
4112,0.00000,0.00000,0.00000
4113,0.00000,0.00000,0.00000
4114,0.00000,0.00000,0.00000
4115,0.00000,0.00000,0.00000
4116,0.00000,0.00000,0.00000
4117,0.00000,0.00000,0.00000
4118,0.00000,0.00000,0.00000
4119,0.00000,0.00000,0.00000
4120,0.00000,0.00000,0.00000
4121,0.00000,0.00000,0.00000
4122,0.00000,0.00000,0.00000
4123,0.00000,0.00000,0.00000
4124,0.00000,0.00000,0.00000
4125,0.00000,0.00000,0.00000
4126,0.00000,0.00000,0.00000
4127,0.00000,0.00000,0.00000
4128,0.00000,0.00000,0.00000
4129,0.00000,0.00000,0.00000
4130,0.00000,0.00000,0.00000
4131,0.00000,0.00000,0.00000
4132,0.00000,0.00000,0.00000
4133,0.00000,0.00000,0.00000
4134,0.00000,0.00000,0.00000
4135,0.00000,0.00000,0.00000
4136,0.00000,0.00000,0.00000
4137,0.00000,0.00000,0.00000
4138,0.00000,0.00000,0.00000
4139,0.00000,0.00000,0.00000
4140,0.00000,0.00000,0.00000
4141,0.00000,0.00000,0.00000
4142,0.00000,0.00000,0.00000
4143,0.00000,0.00000,0.00000
4144,0.00000,0.00000,0.00000
4145,0.00000,0.00000,0.00000
4146,0.00000,0.00000,0.00000
4147,0.00000,0.00000,0.00000
4148,0.00000,0.00000,0.00000
4149,0.00000,0.00000,0.00000
4150,0.00000,0.00000,0.00000
4151,0.00000,0.00000,0.00000
4152,0.00000,0.00000,0.00000
4153,0.00000,0.00000,0.00000
4154,0.00000,0.00000,0.00000
4155,0.00000,0.00000,0.00000
4156,0.00000,0.00000,0.00000
4157,0.00000,0.00000,0.00000
4158,0.00000,0.00000,0.00000
4159,0.00000,0.00000,0.00000
4160,0.00000,0.00000,0.00000
4161,0.00000,0.00000,0.00000
4162,0.00000,0.00000,0.00000
4163,0.00000,0.00000,0.00000
4164,0.00000,0.00000,0.00000
4165,0.00000,0.00000,0.00000
4166,0.00000,0.00000,0.00000
4167,0.00000,0.00000,0.00000
4168,0.00000,0.00000,0.00000
4169,0.00000,0.00000,0.00000
4170,0.00000,0.00000,0.00000
4171,0.00000,0.00000,0.00000
4172,0.00000,0.00000,0.00000
4173,0.00000,0.00000,0.00000
4174,0.00000,0.00000,0.00000
4175,0.00000,0.00000,0.00000
4176,0.00000,0.00000,0.00000
4177,0.00000,0.00000,0.00000
4178,0.00000,0.00000,0.00000
4179,0.00000,0.00000,0.00000
4180,0.00000,0.00000,0.00000
4181,0.00000,0.00000,0.00000
4182,0.00000,0.00000,0.00000
4183,0.00000,0.00000,0.00000
4184,0.00000,0.00000,0.00000
4185,0.00000,0.00000,0.00000
4186,0.00000,0.00000,0.00000
4187,0.00000,0.00000,0.00000
4188,0.00000,0.00000,0.00000
4189,0.00000,0.00000,0.00000
4190,0.00000,0.00000,0.00000
4191,0.00000,0.00000,0.00000
4192,0.00000,0.00000,0.00000
4193,0.00000,0.00000,0.00000
4194,0.00000,0.00000,0.00000
4195,0.00000,0.00000,0.00000
4196,0.00000,0.00000,0.00000
4197,0.00000,0.00000,0.00000
4198,0.00000,0.00000,0.00000
4199,0.00000,0.00000,0.00000
4200,0.00000,0.00000,0.00000
4201,0.00000,0.00000,0.00000
4202,0.00000,0.00000,0.00000
4203,0.00000,0.00000,0.00000
4204,0.00000,0.00000,0.00000
4205,0.00000,0.00000,0.00000
4206,0.00000,0.00000,0.00000
4207,0.00000,0.00000,0.00000
4208,0.00000,0.00000,0.00000
4209,0.00000,0.00000,0.00000
4210,0.00000,0.00000,0.00000
4211,0.00000,0.00000,0.00000
4212,0.00000,0.00000,0.00000
4213,0.00000,0.00000,0.00000
4214,0.00000,0.00000,0.00000
4215,0.00000,0.00000,0.00000
4216,0.00000,0.00000,0.00000
4217,0.00000,0.00000,0.00000
4218,0.00000,0.00000,0.00000
4219,0.00000,0.00000,0.00000
4220,0.00000,0.00000,0.00000
4221,0.00000,0.00000,0.00000
4222,0.00000,0.00000,0.00000
4223,0.00000,0.00000,0.00000
4224,0.00000,0.00000,0.00000
4225,0.00000,0.00000,0.00000
4226,0.00000,0.00000,0.00000
4227,0.00000,0.00000,0.00000
4228,0.00000,0.00000,0.00000
4229,0.00000,0.00000,0.00000
4230,0.00000,0.00000,0.00000
4231,0.00000,0.00000,0.00000
4232,0.00000,0.00000,0.00000
4233,0.00000,0.00000,0.00000
4234,0.00000,0.00000,0.00000
4235,0.00000,0.00000,0.00000
4236,0.00000,0.00000,0.00000
4237,0.00000,0.00000,0.00000
4238,0.00000,0.00000,0.00000
4239,0.00000,0.00000,0.00000
4240,0.00000,0.00000,0.00000
4241,0.00000,0.00000,0.00000
4242,0.00000,0.00000,0.00000
4243,0.00000,0.00000,0.00000
4244,0.00000,0.00000,0.00000
4245,0.00000,0.00000,0.00000
4246,0.00000,0.00000,0.00000
4247,0.00000,0.00000,0.00000
4248,0.00000,0.00000,0.00000
4249,0.00000,0.00000,0.00000
4250,0.00000,0.00000,0.00000
4251,0.00000,0.00000,0.00000
4252,0.00000,0.00000,0.00000
4253,0.00000,0.00000,0.00000
4254,0.00000,0.00000,0.00000
4255,0.00000,0.00000,0.00000
4256,0.00000,0.00000,0.00000
4257,0.00000,0.00000,0.00000
4258,0.00000,0.00000,0.00000
4259,0.00000,0.00000,0.00000
4260,0.00000,0.00000,0.00000
4261,0.00000,0.00000,0.00000
4262,0.00000,0.00000,0.00000
4263,0.00000,0.00000,0.00000
4264,0.00000,0.00000,0.00000
4265,0.00000,0.00000,0.00000
4266,0.00000,0.00000,0.00000
4267,0.00000,0.00000,0.00000
4268,0.00000,0.00000,0.00000
4269,0.00000,0.00000,0.00000
4270,0.00000,0.00000,0.00000
4271,0.00000,0.00000,0.00000
4272,0.00000,0.00000,0.00000
4273,0.00000,0.00000,0.00000
4274,0.00000,0.00000,0.00000
4275,0.00000,0.00000,0.00000
4276,0.00000,0.00000,0.00000
4277,0.00000,0.00000,0.00000
4278,0.00000,0.00000,0.00000
4279,0.00000,0.00000,0.00000
4280,0.00000,0.00000,0.00000
4281,0.00000,0.00000,0.00000
4282,0.00000,0.00000,0.00000
4283,0.00000,0.00000,0.00000
4284,0.00000,0.00000,0.00000
4285,0.00000,0.00000,0.00000
4286,0.00000,0.00000,0.00000
4287,0.00000,0.00000,0.00000
4288,0.00000,0.00000,0.00000
4289,0.00000,0.00000,0.00000
4290,0.00000,0.00000,0.00000
4291,0.00000,0.00000,0.00000
4292,0.00000,0.00000,0.00000
4293,0.00000,0.00000,0.00000
4294,0.00000,0.00000,0.00000
4295,0.00000,0.00000,0.00000
4296,0.00000,0.00000,0.00000
4297,0.00000,0.00000,0.00000
4298,0.00000,0.00000,0.00000
4299,0.00000,0.00000,0.00000
4300,0.00000,0.00000,0.00000
4301,0.00000,0.00000,0.00000
4302,0.00000,0.00000,0.00000
4303,0.00000,0.00000,0.00000
4304,0.00000,0.00000,0.00000
4305,0.00000,0.00000,0.00000
4306,0.00000,0.00000,0.00000
4307,0.00000,0.00000,0.00000
4308,0.00000,0.00000,0.00000
4309,0.00000,0.00000,0.00000
4310,0.00000,0.00000,0.00000
4311,0.00000,0.00000,0.00000
4312,0.00000,0.00000,0.00000
4313,0.00000,0.00000,0.00000
4314,0.00000,0.00000,0.00000
4315,0.00000,0.00000,0.00000
4316,0.00000,0.00000,0.00000
4317,0.00000,0.00000,0.00000
4318,0.00000,0.00000,0.00000
4319,0.00000,0.00000,0.00000
4320,0.00000,0.00000,0.00000
4321,0.00000,0.00000,0.00000
4322,0.00000,0.00000,0.00000
4323,0.00000,0.00000,0.00000
4324,0.00000,0.00000,0.00000
4325,0.00000,0.00000,0.00000
4326,0.00000,0.00000,0.00000
4327,0.00000,0.00000,0.00000
4328,0.00000,0.00000,0.00000
4329,0.00000,0.00000,0.00000
4330,0.00000,0.00000,0.00000
4331,0.00000,0.00000,0.00000
4332,0.00000,0.00000,0.00000
4333,0.00000,0.00000,0.00000
4334,0.00000,0.00000,0.00000
4335,0.00000,0.00000,0.00000
4336,0.00000,0.00000,0.00000
4337,0.00000,0.00000,0.00000
4338,0.00000,0.00000,0.00000
4339,0.00000,0.00000,0.00000
4340,0.00000,0.00000,0.00000
4341,0.00000,0.00000,0.00000
4342,0.00000,0.00000,0.00000
4343,0.00000,0.00000,0.00000
4344,0.00000,0.00000,0.00000
4345,0.00000,0.00000,0.00000
4346,0.00000,0.00000,0.00000
4347,0.00000,0.00000,0.00000
4348,0.00000,0.00000,0.00000
4349,0.00000,0.00000,0.00000
4350,0.00000,0.00000,0.00000
4351,0.00000,0.00000,0.00000
4352,0.00000,0.00000,0.00000
4353,0.00000,0.00000,0.00000
4354,0.00000,0.00000,0.00000
4355,0.00000,0.00000,0.00000
4356,0.00000,0.00000,0.00000
4357,0.00000,0.00000,0.00000
4358,0.00000,0.00000,0.00000
4359,0.00000,0.00000,0.00000
4360,0.00000,0.00000,0.00000
4361,0.00000,0.00000,0.00000
4362,0.00000,0.00000,0.00000
4363,0.00000,0.00000,0.00000
4364,0.00000,0.00000,0.00000
4365,0.00000,0.00000,0.00000
4366,0.00000,0.00000,0.00000
4367,0.00000,0.00000,0.00000
4368,0.00000,0.00000,0.00000
4369,0.00000,0.00000,0.00000
4370,0.00000,0.00000,0.00000
4371,0.00000,0.00000,0.00000
4372,0.00000,0.00000,0.00000
4373,0.00000,0.00000,0.00000
4374,0.00000,0.00000,0.00000
4375,0.00000,0.00000,0.00000
4376,0.00000,0.00000,0.00000
4377,0.00000,0.00000,0.00000
4378,0.00000,0.00000,0.00000
4379,0.00000,0.00000,0.00000
4380,0.00000,0.00000,0.00000
4381,0.00000,0.00000,0.00000
4382,0.00000,0.00000,0.00000
4383,0.00000,0.00000,0.00000
4384,0.00000,0.00000,0.00000
4385,0.00000,0.00000,0.00000
4386,0.00000,0.00000,0.00000
4387,0.00000,0.00000,0.00000
4388,0.00000,0.00000,0.00000
4389,0.00000,0.00000,0.00000
4390,0.00000,0.00000,0.00000
4391,0.00000,0.00000,0.00000
4392,0.00000,0.00000,0.00000
4393,0.00000,0.00000,0.00000
4394,0.00000,0.00000,0.00000
4395,0.00000,0.00000,0.00000
4396,0.00000,0.00000,0.00000
4397,0.00000,0.00000,0.00000
4398,0.00000,0.00000,0.00000
4399,0.00000,0.00000,0.00000
4400,0.00000,0.00000,0.00000
4401,0.00000,0.00000,0.00000
4402,0.00000,0.00000,0.00000
4403,0.00000,0.00000,0.00000
4404,0.00000,0.00000,0.00000
4405,0.00000,0.00000,0.00000
4406,0.00000,0.00000,0.00000
4407,0.00000,0.00000,0.00000
4408,0.00000,0.00000,0.00000
4409,0.00000,0.00000,0.00000
4410,0.00000,0.00000,0.00000
4411,0.00000,0.00000,0.00000
4412,0.00000,0.00000,0.00000
4413,0.00000,0.00000,0.00000
4414,0.00000,0.00000,0.00000
4415,0.00000,0.00000,0.00000
4416,0.00000,0.00000,0.00000
4417,0.00000,0.00000,0.00000
4418,0.00000,0.00000,0.00000
4419,0.00000,0.00000,0.00000
4420,0.00000,0.00000,0.00000
4421,0.00000,0.00000,0.00000
4422,0.00000,0.00000,0.00000
4423,0.00000,0.00000,0.00000
4424,0.00000,0.00000,0.00000
4425,0.00000,0.00000,0.00000
4426,0.00000,0.00000,0.00000
4427,0.00000,0.00000,0.00000
4428,0.00000,0.00000,0.00000
4429,0.00000,0.00000,0.00000
4430,0.00000,0.00000,0.00000
4431,0.00000,0.00000,0.00000
4432,0.00000,0.00000,0.00000
4433,0.00000,0.00000,0.00000
4434,0.00000,0.00000,0.00000
4435,0.00000,0.00000,0.00000
4436,0.00000,0.00000,0.00000
4437,0.00000,0.00000,0.00000
4438,0.00000,0.00000,0.00000
4439,0.00000,0.00000,0.00000
4440,0.00000,0.00000,0.00000
4441,0.00000,0.00000,0.00000
4442,0.00000,0.00000,0.00000
4443,0.00000,0.00000,0.00000
4444,0.00000,0.00000,0.00000
4445,0.00000,0.00000,0.00000
4446,0.00000,0.00000,0.00000
4447,0.00000,0.00000,0.00000
4448,0.00000,0.00000,0.00000
4449,0.00000,0.00000,0.00000
4450,0.00000,0.00000,0.00000
4451,0.00000,0.00000,0.00000
4452,0.00000,0.00000,0.00000
4453,0.00000,0.00000,0.00000
4454,0.00000,0.00000,0.00000
4455,0.00000,0.00000,0.00000
4456,0.00000,0.00000,0.00000
4457,0.00000,0.00000,0.00000
4458,0.00000,0.00000,0.00000
4459,0.00000,0.00000,0.00000
4460,0.00000,0.00000,0.00000
4461,0.00000,0.00000,0.00000
4462,0.00000,0.00000,0.00000
4463,0.00000,0.00000,0.00000
4464,0.00000,0.00000,0.00000
4465,0.00000,0.00000,0.00000
4466,0.00000,0.00000,0.00000
4467,0.00000,0.00000,0.00000
4468,0.00000,0.00000,0.00000
4469,0.00000,0.00000,0.00000
4470,0.00000,0.00000,0.00000
4471,0.00000,0.00000,0.00000
4472,0.00000,0.00000,0.00000
4473,0.00000,0.00000,0.00000
4474,0.00000,0.00000,0.00000
4475,0.00000,0.00000,0.00000
4476,0.00000,0.00000,0.00000
4477,0.00000,0.00000,0.00000
4478,0.00000,0.00000,0.00000
4479,0.00000,0.00000,0.00000
4480,0.00000,0.00000,0.00000
4481,0.00000,0.00000,0.00000
4482,0.00000,0.00000,0.00000
4483,0.00000,0.00000,0.00000
4484,0.00000,0.00000,0.00000
4485,0.00000,0.00000,0.00000
4486,0.00000,0.00000,0.00000
4487,0.00000,0.00000,0.00000
4488,0.00000,0.00000,0.00000
4489,0.00000,0.00000,0.00000
4490,0.00000,0.00000,0.00000
4491,0.00000,0.00000,0.00000
4492,0.00000,0.00000,0.00000
4493,0.00000,0.00000,0.00000
4494,0.00000,0.00000,0.00000
4495,0.00000,0.00000,0.00000
4496,0.00000,0.00000,0.00000
4497,0.00000,0.00000,0.00000
4498,0.00000,0.00000,0.00000
4499,0.00000,0.00000,0.00000
4500,0.00000,0.00000,0.00000
4501,0.00000,0.00000,0.00000
4502,0.00000,0.00000,0.00000
4503,0.00000,0.00000,0.00000
4504,0.00000,0.00000,0.00000
4505,0.00000,0.00000,0.00000
4506,0.00000,0.00000,0.00000
4507,0.00000,0.00000,0.00000
4508,0.00000,0.00000,0.00000
4509,0.00000,0.00000,0.00000
4510,0.00000,0.00000,0.00000
4511,0.00000,0.00000,0.00000
4512,0.00000,0.00000,0.00000
4513,0.00000,0.00000,0.00000
4514,0.00000,0.00000,0.00000
4515,0.00000,0.00000,0.00000
4516,0.00000,0.00000,0.00000
4517,0.00000,0.00000,0.00000
4518,0.00000,0.00000,0.00000
4519,0.00000,0.00000,0.00000
4520,0.00000,0.00000,0.00000
4521,0.00000,0.00000,0.00000
4522,0.00000,0.00000,0.00000
4523,0.00000,0.00000,0.00000
4524,0.00000,0.00000,0.00000
4525,0.00000,0.00000,0.00000
4526,0.00000,0.00000,0.00000
4527,0.00000,0.00000,0.00000
4528,0.00000,0.00000,0.00000
4529,0.00000,0.00000,0.00000
4530,0.00000,0.00000,0.00000
4531,0.00000,0.00000,0.00000
4532,0.00000,0.00000,0.00000
4533,0.00000,0.00000,0.00000
4534,0.00000,0.00000,0.00000
4535,0.00000,0.00000,0.00000
4536,0.00000,0.00000,0.00000
4537,0.00000,0.00000,0.00000
4538,0.00000,0.00000,0.00000
4539,0.00000,0.00000,0.00000
4540,0.00000,0.00000,0.00000
4541,0.00000,0.00000,0.00000
4542,0.00000,0.00000,0.00000
4543,0.00000,0.00000,0.00000
4544,0.00000,0.00000,0.00000
4545,0.00000,0.00000,0.00000
4546,0.00000,0.00000,0.00000
4547,0.00000,0.00000,0.00000
4548,0.00000,0.00000,0.00000
4549,0.00000,0.00000,0.00000
4550,0.00000,0.00000,0.00000
4551,0.00000,0.00000,0.00000
4552,0.00000,0.00000,0.00000
4553,0.00000,0.00000,0.00000
4554,0.00000,0.00000,0.00000
4555,0.00000,0.00000,0.00000
4556,0.00000,0.00000,0.00000
4557,0.00000,0.00000,0.00000
4558,0.00000,0.00000,0.00000
4559,0.00000,0.00000,0.00000
4560,0.00000,0.00000,0.00000
4561,0.00000,0.00000,0.00000
4562,0.00000,0.00000,0.00000
4563,0.00000,0.00000,0.00000
4564,0.00000,0.00000,0.00000
4565,0.00000,0.00000,0.00000
4566,0.00000,0.00000,0.00000
4567,0.00000,0.00000,0.00000
4568,0.00000,0.00000,0.00000
4569,0.00000,0.00000,0.00000
4570,0.00000,0.00000,0.00000
4571,0.00000,0.00000,0.00000
4572,0.00000,0.00000,0.00000
4573,0.00000,0.00000,0.00000
4574,0.00000,0.00000,0.00000
4575,0.00000,0.00000,0.00000
4576,0.00000,0.00000,0.00000
4577,0.00000,0.00000,0.00000
4578,0.00000,0.00000,0.00000
4579,0.00000,0.00000,0.00000
4580,0.00000,0.00000,0.00000
4581,0.00000,0.00000,0.00000
4582,0.00000,0.00000,0.00000
4583,0.00000,0.00000,0.00000
4584,0.00000,0.00000,0.00000
4585,0.00000,0.00000,0.00000
4586,0.00000,0.00000,0.00000
4587,0.00000,0.00000,0.00000
4588,0.00000,0.00000,0.00000
4589,0.00000,0.00000,0.00000
4590,0.00000,0.00000,0.00000
4591,0.00000,0.00000,0.00000
4592,0.00000,0.00000,0.00000
4593,0.00000,0.00000,0.00000
4594,0.00000,0.00000,0.00000
4595,0.00000,0.00000,0.00000
4596,0.00000,0.00000,0.00000
4597,0.00000,0.00000,0.00000
4598,0.00000,0.00000,0.00000
4599,0.00000,0.00000,0.00000
4600,0.00000,0.00000,0.00000
4601,0.00000,0.00000,0.00000
4602,0.00000,0.00000,0.00000
4603,0.00000,0.00000,0.00000
4604,0.00000,0.00000,0.00000
4605,0.00000,0.00000,0.00000
4606,0.00000,0.00000,0.00000
4607,0.00000,0.00000,0.00000
4608,0.00000,0.00000,0.00000
4609,0.00000,0.00000,0.00000
4610,0.00000,0.00000,0.00000
4611,0.00000,0.00000,0.00000
4612,0.00000,0.00000,0.00000
4613,0.00000,0.00000,0.00000
4614,0.00000,0.00000,0.00000
4615,0.00000,0.00000,0.00000
4616,0.00000,0.00000,0.00000
4617,-16.07148,0.00000,0.00000
4618,0.00000,0.00000,0.00000
4619,0.00000,0.00000,0.00000
4620,0.00000,0.00000,0.00000
4621,0.00000,0.00000,0.00000
4622,0.00000,0.00000,0.00000
4623,0.00000,0.00000,0.00000
4624,0.00000,0.00000,0.00000
4625,0.00000,0.00000,0.00000
4626,0.00000,0.00000,0.00000
4627,0.00000,0.00000,0.00000
4628,0.00000,0.00000,0.00000
4629,0.00000,0.00000,0.00000
4630,0.00000,0.00000,0.00000
4631,0.00000,0.00000,0.00000
4632,0.00000,0.00000,0.00000
4633,0.00000,0.00000,0.00000
4634,0.00000,0.00000,0.00000
4635,0.00000,0.00000,0.00000
4636,0.00000,0.00000,0.00000
4637,0.00000,0.00000,0.00000
4638,0.00000,0.00000,0.00000
4639,0.00000,0.00000,0.00000
4640,0.00000,0.00000,0.00000
4641,0.00000,0.00000,0.00000
4642,0.00000,0.00000,0.00000
4643,0.00000,0.00000,0.00000
4644,0.00000,0.00000,0.00000
4645,0.00000,0.00000,0.00000
4646,0.00000,0.00000,0.00000
4647,0.00000,0.00000,0.00000
4648,0.00000,0.00000,0.00000
4649,0.00000,0.00000,0.00000
4650,0.00000,0.00000,0.00000
4651,0.00000,0.00000,0.00000
4652,0.00000,0.00000,0.00000
4653,0.00000,0.00000,0.00000
4654,0.00000,0.00000,0.00000
4655,0.00000,0.00000,0.00000
4656,0.00000,0.00000,0.00000
4657,0.00000,0.00000,0.00000
4658,0.00000,0.00000,0.00000
4659,0.00000,0.00000,0.00000
4660,0.00000,0.00000,0.00000
4661,0.00000,0.00000,0.00000
4662,0.00000,0.00000,0.00000
4663,0.00000,0.00000,0.00000
4664,0.00000,0.00000,0.00000
4665,0.00000,0.00000,0.00000
4666,0.00000,0.00000,0.00000
4667,0.00000,0.00000,0.00000
4668,0.00000,0.00000,0.00000
4669,0.00000,0.00000,0.00000
4670,0.00000,0.00000,0.00000
4671,0.00000,0.00000,0.00000
4672,0.00000,0.00000,0.00000
4673,0.00000,0.00000,0.00000
4674,0.00000,0.00000,0.00000
4675,0.00000,0.00000,0.00000
4676,0.00000,0.00000,0.00000
4677,0.00000,0.00000,0.00000
4678,0.00000,0.00000,0.00000
4679,0.00000,0.00000,0.00000
4680,0.00000,0.00000,0.00000
4681,0.00000,0.00000,0.00000
4682,0.00000,0.00000,0.00000
4683,0.00000,0.00000,0.00000
4684,0.00000,0.00000,0.00000
4685,0.00000,0.00000,0.00000
4686,0.00000,0.00000,0.00000
4687,0.00000,0.00000,0.00000
4688,0.00000,0.00000,0.00000
4689,0.00000,0.00000,0.00000
4690,0.00000,0.00000,0.00000
4691,0.00000,0.00000,0.00000
4692,0.00000,0.00000,0.00000
4693,0.00000,0.00000,0.00000
4694,0.00000,0.00000,0.00000
4695,0.00000,0.00000,0.00000
4696,0.00000,0.00000,0.00000
4697,0.00000,0.00000,0.00000
4698,0.00000,0.00000,0.00000
4699,0.00000,0.00000,0.00000
4700,0.00000,0.00000,0.00000
4701,0.00000,0.00000,0.00000
4702,0.00000,0.00000,0.00000
4703,0.00000,0.00000,0.00000
4704,0.00000,0.00000,0.00000
4705,0.00000,0.00000,0.00000
4706,0.00000,0.00000,0.00000
4707,0.00000,0.00000,0.00000
4708,0.00000,0.00000,0.00000
4709,0.00000,0.00000,0.00000
4710,0.00000,0.00000,0.00000
4711,0.00000,0.00000,0.00000
4712,0.00000,0.00000,0.00000
4713,0.00000,0.00000,0.00000
4714,0.00000,0.00000,0.00000
4715,0.00000,0.00000,0.00000
4716,0.00000,0.00000,0.00000
4717,0.00000,0.00000,0.00000
4718,0.00000,0.00000,0.00000
4719,0.00000,0.00000,0.00000
4720,0.00000,0.00000,0.00000
4721,0.00000,0.00000,0.00000
4722,0.00000,0.00000,0.00000
4723,0.00000,0.00000,0.00000
4724,0.00000,0.00000,0.00000
4725,0.00000,0.00000,0.00000
4726,0.00000,0.00000,0.00000
4727,0.00000,0.00000,0.00000
4728,0.00000,0.00000,0.00000
4729,0.00000,0.00000,0.00000
4730,0.00000,0.00000,0.00000
4731,0.00000,0.00000,0.00000
4732,0.00000,0.00000,0.00000
4733,0.00000,0.00000,0.00000
4734,0.00000,0.00000,0.00000
4735,0.00000,0.00000,0.00000
4736,0.00000,0.00000,0.00000
4737,0.00000,0.00000,0.00000
4738,0.00000,0.00000,0.00000
4739,0.00000,0.00000,0.00000
4740,0.00000,0.00000,0.00000
4741,0.00000,0.00000,0.00000
4742,0.00000,0.00000,0.00000
4743,0.00000,0.00000,0.00000
4744,0.00000,0.00000,0.00000
4745,0.00000,0.00000,0.00000
4746,0.00000,0.00000,0.00000
4747,0.00000,0.00000,0.00000
4748,0.00000,0.00000,0.00000
4749,0.00000,0.00000,0.00000
4750,0.00000,0.00000,0.00000
4751,0.00000,0.00000,0.00000
4752,0.00000,0.00000,0.00000
4753,0.00000,0.00000,0.00000
4754,0.00000,0.00000,0.00000
4755,0.00000,0.00000,0.00000
4756,0.00000,0.00000,0.00000
4757,0.00000,0.00000,0.00000
4758,0.00000,0.00000,0.00000
4759,0.00000,0.00000,0.00000
4760,0.00000,0.00000,0.00000
4761,0.00000,0.00000,0.00000
4762,0.00000,0.00000,0.00000
4763,0.00000,0.00000,0.00000
4764,0.00000,0.00000,0.00000
4765,0.00000,0.00000,0.00000
4766,0.00000,0.00000,0.00000
4767,0.00000,0.00000,0.00000
4768,0.00000,0.00000,0.00000
4769,0.00000,0.00000,0.00000
4770,0.00000,0.00000,0.00000
4771,0.00000,0.00000,0.00000
4772,0.00000,0.00000,0.00000
4773,0.00000,0.00000,0.00000
4774,0.00000,0.00000,0.00000
4775,0.00000,0.00000,0.00000
4776,0.00000,0.00000,0.00000
4777,0.00000,0.00000,0.00000
4778,0.00000,0.00000,0.00000
4779,0.00000,0.00000,0.00000
4780,0.00000,0.00000,0.00000
4781,0.00000,0.00000,0.00000
4782,0.00000,0.00000,0.00000
4783,0.00000,0.00000,0.00000
4784,0.00000,0.00000,0.00000
4785,0.00000,0.00000,0.00000
4786,0.00000,0.00000,0.00000
4787,0.00000,0.00000,0.00000
4788,0.00000,0.00000,0.00000
4789,0.00000,0.00000,0.00000
4790,0.00000,0.00000,0.00000
4791,0.00000,0.00000,0.00000
4792,0.00000,0.00000,0.00000
4793,0.00000,0.00000,0.00000
4794,0.00000,0.00000,0.00000
4795,0.00000,0.00000,0.00000
4796,0.00000,0.00000,0.00000
4797,0.00000,0.00000,0.00000
4798,0.00000,0.00000,0.00000
4799,0.00000,0.00000,0.00000
4800,0.00000,0.00000,0.00000
4801,0.00000,0.00000,0.00000
4802,0.00000,0.00000,0.00000
4803,0.00000,0.00000,0.00000
4804,0.00000,0.00000,0.00000
4805,0.00000,0.00000,0.00000
4806,0.00000,0.00000,0.00000
4807,0.00000,0.00000,0.00000
4808,0.00000,0.00000,0.00000
4809,0.00000,0.00000,0.00000
4810,0.00000,0.00000,0.00000
4811,0.00000,0.00000,0.00000
4812,0.00000,0.00000,0.00000
4813,0.00000,0.00000,0.00000
4814,0.00000,0.00000,0.00000
4815,0.00000,0.00000,0.00000
4816,0.00000,0.00000,0.00000
4817,0.00000,0.00000,0.00000
4818,0.00000,0.00000,0.00000
4819,0.00000,0.00000,0.00000
4820,0.00000,0.00000,0.00000
4821,0.00000,0.00000,0.00000
4822,0.00000,0.00000,0.00000
4823,0.00000,0.00000,0.00000
4824,0.00000,0.00000,0.00000
4825,0.00000,0.00000,0.00000
4826,0.00000,0.00000,0.00000
4827,0.00000,0.00000,0.00000
4828,0.00000,0.00000,0.00000
4829,0.00000,0.00000,0.00000
4830,0.00000,0.00000,0.00000
4831,0.00000,0.00000,0.00000
4832,0.00000,0.00000,0.00000
4833,0.00000,0.00000,0.00000
4834,0.00000,0.00000,0.00000
4835,0.00000,0.00000,0.00000
4836,0.00000,0.00000,0.00000
4837,0.00000,0.00000,0.00000
4838,0.00000,0.00000,0.00000
4839,0.00000,0.00000,0.00000
4840,0.00000,0.00000,0.00000
4841,0.00000,0.00000,0.00000
4842,0.00000,0.00000,0.00000
4843,0.00000,0.00000,0.00000
4844,0.00000,0.00000,0.00000
4845,0.00000,0.00000,0.00000
4846,0.00000,0.00000,0.00000
4847,0.00000,0.00000,0.00000
4848,0.00000,0.00000,0.00000
4849,0.00000,0.00000,0.00000
4850,0.00000,0.00000,0.00000
4851,0.00000,0.00000,0.00000
4852,0.00000,0.00000,0.00000
4853,0.00000,0.00000,0.00000
4854,0.00000,0.00000,0.00000
4855,0.00000,0.00000,0.00000
4856,0.00000,0.00000,0.00000
4857,0.00000,0.00000,0.00000
4858,0.00000,0.00000,0.00000
4859,0.00000,0.00000,0.00000
4860,0.00000,0.00000,0.00000
4861,0.00000,0.00000,0.00000
4862,0.00000,0.00000,0.00000
4863,0.00000,0.00000,0.00000
4864,0.00000,0.00000,0.00000
4865,0.00000,0.00000,0.00000
4866,0.00000,0.00000,0.00000
4867,0.00000,0.00000,0.00000
4868,0.00000,0.00000,0.00000
4869,0.00000,0.00000,0.00000
4870,0.00000,0.00000,0.00000
4871,0.00000,0.00000,0.00000
4872,0.00000,0.00000,0.00000
4873,0.00000,0.00000,0.00000
4874,0.00000,0.00000,0.00000
4875,0.00000,0.00000,0.00000
4876,0.00000,0.00000,0.00000
4877,0.00000,0.00000,0.00000
4878,0.00000,0.00000,0.00000
4879,0.00000,0.00000,0.00000
4880,0.00000,0.00000,0.00000
4881,0.00000,0.00000,0.00000
4882,0.00000,0.00000,0.00000
4883,0.00000,0.00000,0.00000
4884,0.00000,0.00000,0.00000
4885,0.00000,0.00000,0.00000
4886,0.00000,0.00000,0.00000
4887,0.00000,0.00000,0.00000
4888,0.00000,0.00000,0.00000
4889,0.00000,0.00000,0.00000
4890,0.00000,0.00000,0.00000
4891,0.00000,0.00000,0.00000
4892,0.00000,0.00000,0.00000
4893,0.00000,0.00000,0.00000
4894,0.00000,0.00000,0.00000
4895,0.00000,0.00000,0.00000
4896,0.00000,0.00000,0.00000
4897,0.00000,0.00000,0.00000
4898,0.00000,0.00000,0.00000
4899,0.00000,0.00000,0.00000
4900,0.00000,0.00000,0.00000
4901,0.00000,0.00000,0.00000
4902,0.00000,0.00000,0.00000
4903,0.00000,0.00000,0.00000
4904,0.00000,0.00000,0.00000
4905,0.00000,0.00000,0.00000
4906,0.00000,0.00000,0.00000
4907,0.00000,0.00000,0.00000
4908,0.00000,0.00000,0.00000
4909,0.00000,0.00000,0.00000
4910,0.00000,0.00000,0.00000
4911,0.00000,0.00000,0.00000
4912,0.00000,0.00000,0.00000
4913,0.00000,0.00000,0.00000
4914,0.00000,0.00000,0.00000
4915,0.00000,0.00000,0.00000
4916,0.00000,0.00000,0.00000
4917,0.00000,0.00000,0.00000
4918,0.00000,0.00000,0.00000
4919,0.00000,0.00000,0.00000
4920,0.00000,0.00000,0.00000
4921,0.00000,0.00000,0.00000
4922,0.00000,0.00000,0.00000
4923,0.00000,0.00000,0.00000
4924,0.00000,0.00000,0.00000
4925,0.00000,0.00000,0.00000
4926,0.00000,0.00000,0.00000
4927,0.00000,0.00000,0.00000
4928,0.00000,0.00000,0.00000
4929,0.00000,0.00000,0.00000
4930,0.00000,0.00000,0.00000
4931,0.00000,0.00000,0.00000
4932,0.00000,0.00000,0.00000
4933,0.00000,0.00000,0.00000
4934,0.00000,0.00000,0.00000
4935,0.00000,0.00000,0.00000
4936,0.00000,0.00000,0.00000
4937,0.00000,0.00000,0.00000
4938,0.00000,0.00000,0.00000
4939,0.00000,0.00000,0.00000
4940,0.00000,0.00000,0.00000
4941,0.00000,0.00000,0.00000
4942,0.00000,0.00000,0.00000
4943,0.00000,0.00000,0.00000
4944,0.00000,0.00000,0.00000
4945,0.00000,0.00000,0.00000
4946,0.00000,0.00000,0.00000
4947,0.00000,0.00000,0.00000
4948,0.00000,0.00000,0.00000
4949,0.00000,0.00000,0.00000
4950,0.00000,0.00000,0.00000
4951,0.00000,0.00000,0.00000
4952,0.00000,0.00000,0.00000
4953,0.00000,0.00000,0.00000
4954,0.00000,0.00000,0.00000
4955,0.00000,0.00000,0.00000
4956,0.00000,0.00000,0.00000
4957,0.00000,0.00000,0.00000
4958,0.00000,0.00000,0.00000
4959,0.00000,0.00000,0.00000
4960,0.00000,0.00000,0.00000
4961,0.00000,0.00000,0.00000
4962,0.00000,0.00000,0.00000
4963,0.00000,0.00000,0.00000
4964,0.00000,0.00000,0.00000
4965,0.00000,0.00000,0.00000
4966,0.00000,0.00000,0.00000
4967,0.00000,0.00000,0.00000
4968,0.00000,0.00000,0.00000
4969,0.00000,0.00000,0.00000
4970,0.00000,0.00000,0.00000
4971,0.00000,0.00000,0.00000
4972,0.00000,0.00000,0.00000
4973,0.00000,0.00000,0.00000
4974,0.00000,0.00000,0.00000
4975,0.00000,0.00000,0.00000
4976,0.00000,0.00000,0.00000
4977,0.00000,0.00000,0.00000
4978,0.00000,0.00000,0.00000
4979,0.00000,0.00000,0.00000
4980,0.00000,0.00000,0.00000
4981,0.00000,0.00000,0.00000
4982,0.00000,0.00000,0.00000
4983,0.00000,0.00000,0.00000
4984,0.00000,0.00000,0.00000
4985,0.00000,0.00000,0.00000
4986,0.00000,0.00000,0.00000
4987,0.00000,0.00000,0.00000
4988,0.00000,0.00000,0.00000
4989,0.00000,0.00000,0.00000
4990,0.00000,0.00000,0.00000
4991,0.00000,0.00000,0.00000
4992,0.00000,0.00000,0.00000
4993,0.00000,0.00000,0.00000
4994,0.00000,0.00000,0.00000
4995,0.00000,0.00000,0.00000
4996,0.00000,0.00000,0.00000
4997,0.00000,0.00000,0.00000
4998,0.00000,0.00000,0.00000
4999,0.00000,0.00000,0.00000
5000,0.00000,0.00000,0.00000
5001,0.00000,0.00000,0.00000
5002,0.00000,0.00000,0.00000
5003,0.00000,0.00000,0.00000
5004,0.00000,0.00000,0.00000
5005,0.00000,0.00000,0.00000
5006,0.00000,0.00000,0.00000
5007,0.00000,0.00000,0.00000
5008,0.00000,0.00000,0.00000
5009,0.00000,0.00000,0.00000
5010,0.00000,0.00000,0.00000
5011,0.00000,0.00000,0.00000
5012,0.00000,0.00000,0.00000
5013,0.00000,0.00000,0.00000
5014,0.00000,0.00000,0.00000
5015,0.00000,0.00000,0.00000
5016,0.00000,0.00000,0.00000
5017,0.00000,0.00000,0.00000
5018,0.00000,0.00000,0.00000
5019,0.00000,0.00000,0.00000
5020,0.00000,0.00000,0.00000
5021,0.00000,0.00000,0.00000
5022,0.00000,0.00000,0.00000
5023,0.00000,0.00000,0.00000
5024,0.00000,0.00000,0.00000
5025,0.00000,0.00000,0.00000
5026,0.00000,0.00000,0.00000
5027,0.00000,0.00000,0.00000
5028,0.00000,0.00000,0.00000
5029,0.00000,0.00000,0.00000
5030,0.00000,0.00000,0.00000
5031,0.00000,0.00000,0.00000
5032,0.00000,0.00000,0.00000
5033,0.00000,0.00000,0.00000
5034,0.00000,0.00000,0.00000
5035,0.00000,0.00000,0.00000
5036,0.00000,0.00000,0.00000
5037,0.00000,0.00000,0.00000
5038,0.00000,0.00000,0.00000
5039,0.00000,0.00000,0.00000
5040,0.00000,0.00000,0.00000
5041,0.00000,0.00000,0.00000
5042,0.00000,0.00000,0.00000
5043,0.00000,0.00000,0.00000
5044,0.00000,0.00000,0.00000
5045,0.00000,0.00000,0.00000
5046,0.00000,0.00000,0.00000
5047,0.00000,0.00000,0.00000
5048,0.00000,0.00000,0.00000
5049,0.00000,0.00000,0.00000
5050,0.00000,0.00000,0.00000
5051,0.00000,0.00000,0.00000
5052,0.00000,0.00000,0.00000
5053,0.00000,0.00000,0.00000
5054,0.00000,0.00000,0.00000
5055,0.00000,0.00000,0.00000
5056,0.00000,0.00000,0.00000
5057,0.00000,0.00000,0.00000
5058,0.00000,0.00000,0.00000
5059,0.00000,0.00000,0.00000
5060,0.00000,0.00000,0.00000
5061,0.00000,0.00000,0.00000
5062,0.00000,0.00000,0.00000
5063,0.00000,0.00000,0.00000
5064,0.00000,0.00000,0.00000
5065,0.00000,0.00000,0.00000
5066,0.00000,0.00000,0.00000
5067,0.00000,0.00000,0.00000
5068,0.00000,0.00000,0.00000
5069,0.00000,0.00000,0.00000
5070,0.00000,0.00000,0.00000
5071,0.00000,0.00000,0.00000
5072,0.00000,0.00000,0.00000
5073,0.00000,0.00000,0.00000
5074,0.00000,0.00000,0.00000
5075,0.00000,0.00000,0.00000
5076,0.00000,0.00000,0.00000
5077,0.00000,0.00000,0.00000
5078,0.00000,0.00000,0.00000
5079,0.00000,0.00000,0.00000
5080,0.00000,0.00000,0.00000
5081,0.00000,0.00000,0.00000
5082,0.00000,0.00000,0.00000
5083,0.00000,0.00000,0.00000
5084,0.00000,0.00000,0.00000
5085,0.00000,0.00000,0.00000
5086,0.00000,0.00000,0.00000
5087,0.00000,0.00000,0.00000
5088,0.00000,0.00000,0.00000
5089,0.00000,0.00000,0.00000
5090,0.00000,0.00000,0.00000
5091,0.00000,0.00000,0.00000
5092,0.00000,0.00000,0.00000
5093,0.00000,0.00000,0.00000
5094,0.00000,0.00000,0.00000
5095,0.00000,0.00000,0.00000
5096,0.00000,0.00000,0.00000
5097,0.00000,0.00000,0.00000
5098,0.00000,0.00000,0.00000
5099,0.00000,0.00000,0.00000
5100,0.00000,0.00000,0.00000
5101,0.00000,0.00000,0.00000
5102,0.00000,0.00000,0.00000
5103,0.00000,0.00000,0.00000
5104,0.00000,0.00000,0.00000
5105,0.00000,0.00000,0.00000
5106,0.00000,0.00000,0.00000
5107,0.00000,0.00000,0.00000
5108,0.00000,0.00000,0.00000
5109,0.00000,0.00000,0.00000
5110,0.00000,0.00000,0.00000
5111,0.00000,0.00000,0.00000
5112,0.00000,0.00000,0.00000
5113,0.00000,0.00000,0.00000
5114,0.00000,0.00000,0.00000
5115,0.00000,0.00000,0.00000
5116,0.00000,0.00000,0.00000
5117,0.00000,0.00000,0.00000
5118,0.00000,0.00000,0.00000
5119,0.00000,0.00000,0.00000
5120,0.00000,0.00000,0.00000
5121,0.00000,0.00000,0.00000
5122,0.00000,0.00000,0.00000
5123,0.00000,0.00000,0.00000
5124,0.00000,0.00000,0.00000
5125,0.00000,0.00000,0.00000
5126,0.00000,0.00000,0.00000
5127,0.00000,0.00000,0.00000
5128,0.00000,0.00000,0.00000
5129,0.00000,0.00000,0.00000
5130,0.00000,0.00000,0.00000
5131,0.00000,0.00000,0.00000
5132,0.00000,0.00000,0.00000
5133,0.00000,0.00000,0.00000
5134,0.00000,0.00000,0.00000
5135,0.00000,0.00000,0.00000
5136,0.00000,0.00000,0.00000
5137,0.00000,0.00000,0.00000
5138,0.00000,0.00000,0.00000
5139,0.00000,0.00000,0.00000
5140,0.00000,0.00000,0.00000
5141,0.00000,0.00000,0.00000
5142,0.00000,0.00000,0.00000
5143,0.00000,0.00000,0.00000
5144,0.00000,0.00000,0.00000
5145,0.00000,0.00000,0.00000
5146,0.00000,0.00000,0.00000
5147,0.00000,0.00000,0.00000
5148,0.00000,0.00000,0.00000
5149,0.00000,0.00000,0.00000
5150,0.00000,0.00000,0.00000
5151,0.00000,0.00000,0.00000
5152,0.00000,0.00000,0.00000
5153,0.00000,0.00000,0.00000
5154,0.00000,0.00000,0.00000
5155,0.00000,0.00000,0.00000
5156,0.00000,0.00000,0.00000
5157,0.00000,0.00000,0.00000
5158,0.00000,0.00000,0.00000
5159,0.00000,0.00000,0.00000
5160,0.00000,0.00000,0.00000
5161,0.00000,0.00000,0.00000
5162,0.00000,0.00000,0.00000
5163,0.00000,0.00000,0.00000
5164,0.00000,0.00000,0.00000
5165,0.00000,0.00000,0.00000
5166,0.00000,0.00000,0.00000
5167,0.00000,0.00000,0.00000
5168,0.00000,0.00000,0.00000
5169,0.00000,0.00000,0.00000
5170,0.00000,0.00000,0.00000
5171,0.00000,0.00000,0.00000
5172,0.00000,0.00000,0.00000
5173,0.00000,0.00000,0.00000
5174,0.00000,0.00000,0.00000
5175,0.00000,0.00000,0.00000
5176,0.00000,0.00000,0.00000
5177,0.00000,0.00000,0.00000
5178,0.00000,0.00000,0.00000
5179,0.00000,0.00000,0.00000
5180,0.00000,0.00000,0.00000
5181,0.00000,0.00000,0.00000
5182,0.00000,0.00000,0.00000
5183,0.00000,0.00000,0.00000
5184,0.00000,0.00000,0.00000
5185,0.00000,0.00000,0.00000
5186,0.00000,0.00000,0.00000
5187,0.00000,0.00000,0.00000
5188,0.00000,0.00000,0.00000
5189,0.00000,0.00000,0.00000
5190,0.00000,0.00000,0.00000
5191,0.00000,0.00000,0.00000
5192,0.00000,0.00000,0.00000
5193,0.00000,0.00000,0.00000
5194,0.00000,0.00000,0.00000
5195,0.00000,0.00000,0.00000
5196,0.00000,0.00000,0.00000
5197,0.00000,0.00000,0.00000
5198,0.00000,0.00000,0.00000
5199,0.00000,0.00000,0.00000
5200,0.00000,0.00000,0.00000
5201,0.00000,0.00000,0.00000
5202,0.00000,0.00000,0.00000
5203,0.00000,0.00000,0.00000
5204,0.00000,0.00000,0.00000
5205,0.00000,0.00000,0.00000
5206,0.00000,0.00000,0.00000
5207,0.00000,0.00000,0.00000
5208,0.00000,0.00000,0.00000
5209,0.00000,0.00000,0.00000
5210,0.00000,0.00000,0.00000
5211,0.00000,0.00000,0.00000
5212,0.00000,0.00000,0.00000
5213,0.00000,0.00000,0.00000
5214,0.00000,0.00000,0.00000
5215,0.00000,0.00000,0.00000
5216,0.00000,0.00000,0.00000
5217,0.00000,0.00000,0.00000
5218,0.00000,0.00000,0.00000
5219,0.00000,0.00000,0.00000
5220,0.00000,0.00000,0.00000
5221,0.00000,0.00000,0.00000
5222,0.00000,0.00000,0.00000
5223,0.00000,0.00000,0.00000
5224,0.00000,0.00000,0.00000
5225,0.00000,0.00000,0.00000
5226,0.00000,0.00000,0.00000
5227,0.00000,0.00000,0.00000
5228,0.00000,0.00000,0.00000
5229,0.00000,0.00000,0.00000
5230,0.00000,0.00000,0.00000
5231,0.00000,0.00000,0.00000
5232,0.00000,0.00000,0.00000
5233,0.00000,0.00000,0.00000
5234,0.00000,0.00000,0.00000
5235,0.00000,0.00000,0.00000
5236,0.00000,0.00000,0.00000
5237,0.00000,0.00000,0.00000
5238,0.00000,0.00000,0.00000
5239,0.00000,0.00000,0.00000
5240,0.00000,0.00000,0.00000
5241,0.00000,0.00000,0.00000
5242,0.00000,0.00000,0.00000
5243,0.00000,0.00000,0.00000
5244,0.00000,0.00000,0.00000
5245,0.00000,0.00000,0.00000
5246,0.00000,0.00000,0.00000
5247,0.00000,0.00000,0.00000
5248,0.00000,0.00000,0.00000
5249,0.00000,0.00000,0.00000
5250,0.00000,0.00000,0.00000
5251,0.00000,0.00000,0.00000
5252,0.00000,0.00000,0.00000
5253,0.00000,0.00000,0.00000
5254,0.00000,0.00000,0.00000
5255,0.00000,0.00000,0.00000
5256,0.00000,0.00000,0.00000
5257,0.00000,0.00000,0.00000
5258,0.00000,0.00000,0.00000
5259,0.00000,0.00000,0.00000
5260,0.00000,0.00000,0.00000
5261,0.00000,0.00000,0.00000
5262,0.00000,0.00000,0.00000
5263,0.00000,0.00000,0.00000
5264,0.00000,0.00000,0.00000
5265,0.00000,0.00000,0.00000
5266,0.00000,0.00000,0.00000
5267,0.00000,0.00000,0.00000
5268,0.00000,0.00000,0.00000
5269,0.00000,0.00000,0.00000
5270,0.00000,0.00000,0.00000
5271,0.00000,0.00000,0.00000
5272,0.00000,0.00000,0.00000
5273,0.00000,0.00000,0.00000
5274,0.00000,0.00000,0.00000
5275,0.00000,0.00000,0.00000
5276,0.00000,0.00000,0.00000
5277,0.00000,0.00000,0.00000
5278,0.00000,0.00000,0.00000
5279,0.00000,0.00000,0.00000
5280,0.00000,0.00000,0.00000
5281,0.00000,0.00000,0.00000
5282,0.00000,0.00000,0.00000
5283,0.00000,0.00000,0.00000
5284,0.00000,0.00000,0.00000
5285,0.00000,0.00000,0.00000
5286,0.00000,0.00000,0.00000
5287,0.00000,0.00000,0.00000
5288,0.00000,0.00000,0.00000
5289,0.00000,0.00000,0.00000
5290,0.00000,0.00000,0.00000
5291,0.00000,0.00000,0.00000
5292,0.00000,0.00000,0.00000
5293,0.00000,0.00000,0.00000
5294,0.00000,0.00000,0.00000
5295,0.00000,0.00000,0.00000
5296,0.00000,0.00000,0.00000
5297,0.00000,0.00000,0.00000
5298,0.00000,0.00000,0.00000
5299,0.00000,0.00000,0.00000
5300,0.00000,0.00000,0.00000
5301,0.00000,0.00000,0.00000
5302,0.00000,0.00000,0.00000
5303,0.00000,0.00000,0.00000
5304,0.00000,0.00000,0.00000
5305,0.00000,0.00000,0.00000
5306,0.00000,0.00000,0.00000
5307,0.00000,0.00000,0.00000
5308,0.00000,0.00000,0.00000
5309,0.00000,0.00000,0.00000
5310,0.00000,0.00000,0.00000
5311,0.00000,0.00000,0.00000
5312,0.00000,0.00000,0.00000
5313,0.00000,0.00000,0.00000
5314,0.00000,0.00000,0.00000
5315,0.00000,0.00000,0.00000
5316,0.00000,0.00000,0.00000
5317,0.00000,0.00000,0.00000
5318,0.00000,0.00000,0.00000
5319,0.00000,0.00000,0.00000
5320,0.00000,0.00000,0.00000
5321,0.00000,0.00000,0.00000
5322,0.00000,0.00000,0.00000
5323,0.00000,0.00000,0.00000
5324,0.00000,0.00000,0.00000
5325,0.00000,0.00000,0.00000
5326,0.00000,0.00000,0.00000
5327,0.00000,0.00000,0.00000
5328,0.00000,0.00000,0.00000
5329,0.00000,0.00000,0.00000
5330,0.00000,0.00000,0.00000
5331,0.00000,0.00000,0.00000
5332,0.00000,0.00000,0.00000
5333,0.00000,0.00000,0.00000
5334,0.00000,0.00000,0.00000
5335,0.00000,0.00000,0.00000
5336,0.00000,0.00000,0.00000
5337,0.00000,0.00000,0.00000
5338,0.00000,0.00000,0.00000
5339,0.00000,0.00000,0.00000
5340,0.00000,0.00000,0.00000
5341,0.00000,0.00000,0.00000
5342,0.00000,0.00000,0.00000
5343,0.00000,0.00000,0.00000
5344,0.00000,0.00000,0.00000
5345,0.00000,0.00000,0.00000
5346,0.00000,0.00000,0.00000
5347,0.00000,0.00000,0.00000
5348,0.00000,0.00000,0.00000
5349,0.00000,0.00000,0.00000
5350,0.00000,0.00000,0.00000
5351,0.00000,0.00000,0.00000
5352,0.00000,0.00000,0.00000
5353,0.00000,0.00000,0.00000
5354,0.00000,0.00000,0.00000
5355,0.00000,0.00000,0.00000
5356,0.00000,0.00000,0.00000
5357,0.00000,0.00000,0.00000
5358,0.00000,0.00000,0.00000
5359,0.00000,0.00000,0.00000
5360,0.00000,0.00000,0.00000
5361,0.00000,0.00000,0.00000
5362,0.00000,0.00000,0.00000
5363,0.00000,0.00000,0.00000
5364,0.00000,0.00000,0.00000
5365,0.00000,0.00000,0.00000
5366,0.00000,0.00000,0.00000
5367,0.00000,0.00000,0.00000
5368,0.00000,0.00000,0.00000
5369,0.00000,0.00000,0.00000
5370,0.00000,0.00000,0.00000
5371,0.00000,0.00000,0.00000
5372,0.00000,0.00000,0.00000
5373,0.00000,0.00000,0.00000
5374,0.00000,0.00000,0.00000
5375,0.00000,0.00000,0.00000
5376,0.00000,0.00000,0.00000
5377,0.00000,0.00000,0.00000
5378,0.00000,0.00000,0.00000
5379,0.00000,0.00000,0.00000
5380,0.00000,0.00000,0.00000
5381,0.00000,0.00000,0.00000
5382,0.00000,0.00000,0.00000
5383,0.00000,0.00000,0.00000
5384,0.00000,0.00000,0.00000
5385,0.00000,0.00000,0.00000
5386,0.00000,0.00000,0.00000
5387,0.00000,0.00000,0.00000
5388,0.00000,0.00000,0.00000
5389,0.00000,0.00000,0.00000
5390,0.00000,0.00000,0.00000
5391,0.00000,0.00000,0.00000
5392,0.00000,0.00000,0.00000
5393,0.00000,0.00000,0.00000
5394,0.00000,0.00000,0.00000
5395,0.00000,0.00000,0.00000
5396,0.00000,0.00000,0.00000
5397,0.00000,0.00000,0.00000
5398,0.00000,0.00000,0.00000
5399,0.00000,0.00000,0.00000
5400,0.00000,0.00000,0.00000
5401,0.00000,0.00000,0.00000
5402,0.00000,0.00000,0.00000
5403,0.00000,0.00000,0.00000
5404,0.00000,0.00000,0.00000
5405,0.00000,0.00000,0.00000
5406,0.00000,0.00000,0.00000
5407,0.00000,0.00000,0.00000
5408,0.00000,0.00000,0.00000
5409,0.00000,0.00000,0.00000
5410,0.00000,0.00000,0.00000
5411,0.00000,0.00000,0.00000
5412,0.00000,0.00000,0.00000
5413,0.00000,0.00000,0.00000
5414,0.00000,0.00000,0.00000
5415,0.00000,0.00000,0.00000
5416,0.00000,0.00000,0.00000
5417,0.00000,0.00000,0.00000
5418,0.00000,0.00000,0.00000
5419,0.00000,0.00000,0.00000
5420,0.00000,0.00000,0.00000
5421,0.00000,0.00000,0.00000
5422,0.00000,0.00000,0.00000
5423,0.00000,0.00000,0.00000
5424,0.00000,0.00000,0.00000
5425,0.00000,0.00000,0.00000
5426,0.00000,0.00000,0.00000
5427,0.00000,0.00000,0.00000
5428,0.00000,0.00000,0.00000
5429,0.00000,0.00000,0.00000
5430,0.00000,0.00000,0.00000
5431,0.00000,0.00000,0.00000
5432,0.00000,0.00000,0.00000
5433,0.00000,0.00000,0.00000
5434,0.00000,0.00000,0.00000
5435,0.00000,0.00000,0.00000
5436,0.00000,0.00000,0.00000
5437,0.00000,0.00000,0.00000
5438,0.00000,0.00000,0.00000
5439,0.00000,0.00000,0.00000
5440,0.00000,0.00000,0.00000
5441,0.00000,0.00000,0.00000
5442,0.00000,0.00000,0.00000
5443,0.00000,0.00000,0.00000
5444,0.00000,0.00000,0.00000
5445,0.00000,0.00000,0.00000
5446,0.00000,0.00000,0.00000
5447,0.00000,0.00000,0.00000
5448,0.00000,0.00000,0.00000
5449,0.00000,0.00000,0.00000
5450,0.00000,0.00000,0.00000
5451,0.00000,0.00000,0.00000
5452,0.00000,0.00000,0.00000
5453,0.00000,0.00000,0.00000
5454,0.00000,0.00000,0.00000
5455,0.00000,0.00000,0.00000
5456,0.00000,0.00000,0.00000
5457,0.00000,0.00000,0.00000
5458,0.00000,0.00000,0.00000
5459,0.00000,0.00000,0.00000
5460,0.00000,0.00000,0.00000
5461,0.00000,0.00000,0.00000
5462,0.00000,0.00000,0.00000
5463,0.00000,0.00000,0.00000
5464,0.00000,0.00000,0.00000
5465,0.00000,0.00000,0.00000
5466,0.00000,0.00000,0.00000
5467,0.00000,0.00000,0.00000
5468,0.00000,0.00000,0.00000
5469,0.00000,0.00000,0.00000
5470,0.00000,0.00000,0.00000
5471,0.00000,0.00000,0.00000
5472,0.00000,0.00000,0.00000
5473,0.00000,0.00000,0.00000
5474,0.00000,0.00000,0.00000
5475,0.00000,0.00000,0.00000
5476,0.00000,0.00000,0.00000
5477,0.00000,0.00000,0.00000
5478,0.00000,0.00000,0.00000
5479,0.00000,0.00000,0.00000
5480,0.00000,0.00000,0.00000
5481,0.00000,0.00000,0.00000
5482,0.00000,0.00000,0.00000
5483,0.00000,0.00000,0.00000
5484,0.00000,0.00000,0.00000
5485,0.00000,0.00000,0.00000
5486,0.00000,0.00000,0.00000
5487,0.00000,0.00000,0.00000
5488,0.00000,0.00000,0.00000
5489,0.00000,0.00000,0.00000
5490,0.00000,0.00000,0.00000
5491,0.00000,0.00000,0.00000
5492,0.00000,0.00000,0.00000
5493,0.00000,0.00000,0.00000
5494,0.00000,0.00000,0.00000
5495,0.00000,0.00000,0.00000
5496,0.00000,0.00000,0.00000
5497,0.00000,0.00000,0.00000
5498,0.00000,0.00000,0.00000
5499,0.00000,0.00000,0.00000
5500,0.00000,0.00000,0.00000
5501,0.00000,0.00000,0.00000
5502,0.00000,0.00000,0.00000
5503,0.00000,0.00000,0.00000
5504,0.00000,0.00000,0.00000
5505,0.00000,0.00000,0.00000
5506,0.00000,0.00000,0.00000
5507,0.00000,0.00000,0.00000
5508,0.00000,0.00000,0.00000
5509,0.00000,0.00000,0.00000
5510,0.00000,0.00000,0.00000
5511,0.00000,0.00000,0.00000
5512,0.00000,0.00000,0.00000
5513,0.00000,0.00000,0.00000
5514,0.00000,0.00000,0.00000
5515,0.00000,0.00000,0.00000
5516,0.00000,0.00000,0.00000
5517,0.00000,0.00000,0.00000
5518,0.00000,0.00000,0.00000
5519,0.00000,0.00000,0.00000
5520,0.00000,0.00000,0.00000
5521,0.00000,0.00000,0.00000
5522,0.00000,0.00000,0.00000
5523,0.00000,0.00000,0.00000
5524,0.00000,0.00000,0.00000
5525,0.00000,0.00000,0.00000
5526,0.00000,0.00000,0.00000
5527,0.00000,0.00000,0.00000
5528,0.00000,0.00000,0.00000
5529,0.00000,0.00000,0.00000
5530,0.00000,0.00000,0.00000
5531,0.00000,0.00000,0.00000
5532,0.00000,0.00000,0.00000
5533,0.00000,0.00000,0.00000
5534,0.00000,0.00000,0.00000
5535,0.00000,0.00000,0.00000
5536,0.00000,0.00000,0.00000
5537,0.00000,0.00000,0.00000
5538,0.00000,0.00000,0.00000
5539,0.00000,0.00000,0.00000
5540,0.00000,0.00000,0.00000
5541,0.00000,0.00000,0.00000
5542,0.00000,0.00000,0.00000
5543,0.00000,0.00000,0.00000
5544,0.00000,0.00000,0.00000
5545,0.00000,0.00000,0.00000
5546,0.00000,0.00000,0.00000
5547,0.00000,0.00000,0.00000
5548,0.00000,0.00000,0.00000
5549,0.00000,0.00000,0.00000
5550,0.00000,0.00000,0.00000
5551,0.00000,0.00000,0.00000
5552,0.00000,0.00000,0.00000
5553,0.00000,0.00000,0.00000
5554,0.00000,0.00000,0.00000
5555,0.00000,0.00000,0.00000
5556,0.00000,0.00000,0.00000
5557,0.00000,0.00000,0.00000
5558,0.00000,0.00000,0.00000
5559,0.00000,0.00000,0.00000
5560,0.00000,0.00000,0.00000
5561,0.00000,0.00000,0.00000
5562,0.00000,0.00000,0.00000
5563,0.00000,0.00000,0.00000
5564,0.00000,0.00000,0.00000
5565,0.00000,0.00000,0.00000
5566,0.00000,0.00000,0.00000
5567,0.00000,0.00000,0.00000
5568,0.00000,0.00000,0.00000
5569,0.00000,0.00000,0.00000
5570,0.00000,0.00000,0.00000
5571,0.00000,0.00000,0.00000
5572,0.00000,0.00000,0.00000
5573,0.00000,0.00000,0.00000
5574,0.00000,0.00000,0.00000
5575,0.00000,0.00000,0.00000
5576,0.00000,0.00000,0.00000
5577,0.00000,0.00000,0.00000
5578,0.00000,0.00000,0.00000
5579,0.00000,0.00000,0.00000
5580,0.00000,0.00000,0.00000
5581,0.00000,0.00000,0.00000
5582,0.00000,0.00000,0.00000
5583,0.00000,0.00000,0.00000
5584,0.00000,0.00000,0.00000
5585,0.00000,0.00000,0.00000
5586,0.00000,0.00000,0.00000
5587,0.00000,0.00000,0.00000
5588,0.00000,0.00000,0.00000
5589,0.00000,0.00000,0.00000
5590,0.00000,0.00000,0.00000
5591,0.00000,0.00000,0.00000
5592,0.00000,0.00000,0.00000
5593,0.00000,0.00000,0.00000
5594,0.00000,0.00000,0.00000
5595,0.00000,0.00000,0.00000
5596,0.00000,0.00000,0.00000
5597,0.00000,0.00000,0.00000
5598,0.00000,0.00000,0.00000
5599,0.00000,0.00000,0.00000
5600,0.00000,0.00000,0.00000
5601,0.00000,0.00000,0.00000
5602,0.00000,0.00000,0.00000
5603,0.00000,0.00000,0.00000
5604,0.00000,0.00000,0.00000
5605,0.00000,0.00000,0.00000
5606,0.00000,0.00000,0.00000
5607,0.00000,0.00000,0.00000
5608,0.00000,0.00000,0.00000
5609,0.00000,0.00000,0.00000
5610,0.00000,0.00000,0.00000
5611,0.00000,0.00000,0.00000
5612,0.00000,0.00000,0.00000
5613,0.00000,0.00000,0.00000
5614,0.00000,0.00000,0.00000
5615,0.00000,0.00000,0.00000
5616,0.00000,0.00000,0.00000
5617,0.00000,0.00000,0.00000
5618,0.00000,0.00000,0.00000
5619,0.00000,0.00000,0.00000
5620,0.00000,0.00000,0.00000
5621,0.00000,0.00000,0.00000
5622,0.00000,0.00000,0.00000
5623,0.00000,0.00000,0.00000
5624,0.00000,0.00000,0.00000
5625,0.00000,0.00000,0.00000
5626,0.00000,0.00000,0.00000
5627,0.00000,0.00000,0.00000
5628,0.00000,0.00000,0.00000
5629,0.00000,0.00000,0.00000
5630,0.00000,0.00000,0.00000
5631,0.00000,0.00000,0.00000
5632,0.00000,0.00000,0.00000
5633,0.00000,0.00000,0.00000
5634,0.00000,0.00000,0.00000
5635,0.00000,0.00000,0.00000
5636,0.00000,0.00000,0.00000
5637,0.00000,0.00000,0.00000
5638,0.00000,0.00000,0.00000
5639,0.00000,0.00000,0.00000
5640,0.00000,0.00000,0.00000
5641,0.00000,0.00000,0.00000
5642,0.00000,0.00000,0.00000
5643,0.00000,0.00000,0.00000
5644,0.00000,0.00000,0.00000
5645,0.00000,0.00000,0.00000
5646,0.00000,0.00000,0.00000
5647,0.00000,0.00000,0.00000
5648,0.00000,0.00000,0.00000
5649,0.00000,0.00000,0.00000
5650,0.00000,0.00000,0.00000
5651,0.00000,0.00000,0.00000
5652,0.00000,0.00000,0.00000
5653,0.00000,0.00000,0.00000
5654,0.00000,0.00000,0.00000
5655,0.00000,0.00000,0.00000
5656,0.00000,0.00000,0.00000
5657,0.00000,0.00000,0.00000
5658,0.00000,0.00000,0.00000
5659,0.00000,0.00000,0.00000
5660,0.00000,0.00000,0.00000
5661,0.00000,0.00000,0.00000
5662,0.00000,0.00000,0.00000
5663,0.00000,0.00000,0.00000
5664,0.00000,0.00000,0.00000
5665,0.00000,0.00000,0.00000
5666,0.00000,0.00000,0.00000
5667,0.00000,0.00000,0.00000
5668,0.00000,0.00000,0.00000
5669,0.00000,0.00000,0.00000
5670,0.00000,0.00000,0.00000
5671,0.00000,0.00000,0.00000
5672,0.00000,0.00000,0.00000
5673,0.00000,0.00000,0.00000
5674,0.00000,0.00000,0.00000
5675,0.00000,0.00000,0.00000
5676,0.00000,0.00000,0.00000
5677,0.00000,0.00000,0.00000
5678,0.00000,0.00000,0.00000
5679,0.00000,0.00000,0.00000
5680,0.00000,0.00000,0.00000
5681,0.00000,0.00000,0.00000
5682,0.00000,0.00000,0.00000
5683,0.00000,0.00000,0.00000
5684,0.00000,0.00000,0.00000
5685,0.00000,0.00000,0.00000
5686,0.00000,0.00000,0.00000
5687,0.00000,0.00000,0.00000
5688,0.00000,0.00000,0.00000
5689,0.00000,0.00000,0.00000
5690,0.00000,0.00000,0.00000
5691,0.00000,0.00000,0.00000
5692,0.00000,0.00000,0.00000
5693,0.00000,0.00000,0.00000
5694,0.00000,0.00000,0.00000
5695,0.00000,0.00000,0.00000
5696,0.00000,0.00000,0.00000
5697,0.00000,0.00000,0.00000
5698,0.00000,0.00000,0.00000
5699,0.00000,0.00000,0.00000
5700,0.00000,0.00000,0.00000
5701,0.00000,0.00000,0.00000
5702,0.00000,0.00000,0.00000
5703,0.00000,0.00000,0.00000
5704,0.00000,0.00000,0.00000
5705,0.00000,0.00000,0.00000
5706,0.00000,0.00000,0.00000
5707,0.00000,0.00000,0.00000
5708,0.00000,0.00000,0.00000
5709,0.00000,0.00000,0.00000
5710,0.00000,0.00000,0.00000
5711,0.00000,0.00000,0.00000
5712,0.00000,0.00000,0.00000
5713,0.00000,0.00000,0.00000
5714,0.00000,0.00000,0.00000
5715,0.00000,0.00000,0.00000
5716,0.00000,0.00000,0.00000
5717,0.00000,0.00000,0.00000
5718,0.00000,0.00000,0.00000
5719,0.00000,0.00000,0.00000
5720,0.00000,0.00000,0.00000
5721,0.00000,0.00000,0.00000
5722,0.00000,0.00000,0.00000
5723,0.00000,0.00000,0.00000
5724,0.00000,0.00000,0.00000
5725,0.00000,0.00000,0.00000
5726,0.00000,0.00000,0.00000
5727,0.00000,0.00000,0.00000
5728,0.00000,0.00000,0.00000
5729,0.00000,0.00000,0.00000
5730,0.00000,0.00000,0.00000
5731,0.00000,0.00000,0.00000
5732,0.00000,0.00000,0.00000
5733,0.00000,0.00000,0.00000
5734,0.00000,0.00000,0.00000
5735,0.00000,0.00000,0.00000
5736,0.00000,0.00000,0.00000
5737,0.00000,0.00000,0.00000
5738,0.00000,0.00000,0.00000
5739,0.00000,0.00000,0.00000
5740,0.00000,0.00000,0.00000
5741,0.00000,0.00000,0.00000
5742,0.00000,0.00000,0.00000
5743,0.00000,0.00000,0.00000
5744,0.00000,0.00000,0.00000
5745,0.00000,0.00000,0.00000
5746,0.00000,0.00000,0.00000
5747,0.00000,0.00000,0.00000
5748,0.00000,0.00000,0.00000
5749,0.00000,0.00000,0.00000
5750,0.00000,0.00000,0.00000
5751,0.00000,0.00000,0.00000
5752,0.00000,0.00000,0.00000
5753,0.00000,0.00000,0.00000
5754,0.00000,0.00000,0.00000
5755,0.00000,0.00000,0.00000
5756,0.00000,0.00000,0.00000
5757,0.00000,0.00000,0.00000
5758,0.00000,0.00000,0.00000
5759,0.00000,0.00000,0.00000
5760,0.00000,0.00000,0.00000
5761,0.00000,0.00000,0.00000
5762,0.00000,0.00000,0.00000
5763,0.00000,0.00000,0.00000
5764,0.00000,0.00000,0.00000
5765,0.00000,0.00000,0.00000
5766,0.00000,0.00000,0.00000
5767,0.00000,0.00000,0.00000
5768,0.00000,0.00000,0.00000
5769,0.00000,0.00000,0.00000
5770,0.00000,0.00000,0.00000
5771,0.00000,0.00000,0.00000
5772,0.00000,0.00000,0.00000
5773,0.00000,0.00000,0.00000
5774,0.00000,0.00000,0.00000
5775,0.00000,0.00000,0.00000
5776,0.00000,0.00000,0.00000
5777,0.00000,0.00000,0.00000
5778,0.00000,0.00000,0.00000
5779,0.00000,0.00000,0.00000
5780,0.00000,0.00000,0.00000
5781,0.00000,0.00000,0.00000
5782,0.00000,0.00000,0.00000
5783,0.00000,0.00000,0.00000
5784,0.00000,0.00000,0.00000
5785,0.00000,0.00000,0.00000
5786,0.00000,0.00000,0.00000
5787,0.00000,0.00000,0.00000
5788,0.00000,0.00000,0.00000
5789,0.00000,0.00000,0.00000
5790,0.00000,0.00000,0.00000
5791,0.00000,0.00000,0.00000
5792,0.00000,0.00000,0.00000
5793,0.00000,0.00000,0.00000
5794,0.00000,0.00000,0.00000
5795,0.00000,0.00000,0.00000
5796,0.00000,0.00000,0.00000
5797,0.00000,0.00000,0.00000
5798,0.00000,0.00000,0.00000
5799,0.00000,0.00000,0.00000
5800,0.00000,0.00000,0.00000
5801,0.00000,0.00000,0.00000
5802,0.00000,0.00000,0.00000
5803,0.00000,0.00000,0.00000
5804,0.00000,0.00000,0.00000
5805,0.00000,0.00000,0.00000
5806,0.00000,0.00000,0.00000
5807,0.00000,0.00000,0.00000
5808,0.00000,0.00000,0.00000
5809,0.00000,0.00000,0.00000
5810,0.00000,0.00000,0.00000
5811,0.00000,0.00000,0.00000
5812,0.00000,0.00000,0.00000
5813,0.00000,0.00000,0.00000
5814,0.00000,0.00000,0.00000
5815,0.00000,0.00000,0.00000
5816,0.00000,0.00000,0.00000
5817,0.00000,0.00000,0.00000
5818,0.00000,0.00000,0.00000
5819,0.00000,0.00000,0.00000
5820,0.00000,0.00000,0.00000
5821,0.00000,0.00000,0.00000
5822,0.00000,0.00000,0.00000
5823,0.00000,0.00000,0.00000
5824,0.00000,0.00000,0.00000
5825,0.00000,0.00000,0.00000
5826,0.00000,0.00000,0.00000
5827,0.00000,0.00000,0.00000
5828,0.00000,0.00000,0.00000
5829,0.00000,0.00000,0.00000
5830,0.00000,0.00000,0.00000
5831,0.00000,0.00000,0.00000
5832,0.00000,0.00000,0.00000
5833,0.00000,0.00000,0.00000
5834,0.00000,0.00000,0.00000
5835,0.00000,0.00000,0.00000
5836,0.00000,0.00000,0.00000
5837,0.00000,0.00000,0.00000
5838,0.00000,0.00000,0.00000
5839,0.00000,0.00000,0.00000
5840,0.00000,0.00000,0.00000
5841,0.00000,0.00000,0.00000
5842,0.00000,0.00000,0.00000
5843,0.00000,0.00000,0.00000
5844,0.00000,0.00000,0.00000
5845,0.00000,0.00000,0.00000
5846,0.00000,0.00000,0.00000
5847,0.00000,0.00000,0.00000
5848,0.00000,0.00000,0.00000
5849,0.00000,0.00000,0.00000
5850,0.00000,0.00000,0.00000
5851,0.00000,0.00000,0.00000
5852,0.00000,0.00000,0.00000
5853,0.00000,0.00000,0.00000
5854,0.00000,0.00000,0.00000
5855,0.00000,0.00000,0.00000
5856,0.00000,0.00000,0.00000
5857,0.00000,0.00000,0.00000
5858,0.00000,0.00000,0.00000
5859,0.00000,0.00000,0.00000
5860,0.00000,0.00000,0.00000
5861,0.00000,0.00000,0.00000
5862,0.00000,0.00000,0.00000
5863,0.00000,0.00000,0.00000
5864,0.00000,0.00000,0.00000
5865,0.00000,0.00000,0.00000
5866,0.00000,0.00000,0.00000
5867,0.00000,0.00000,0.00000
5868,0.00000,0.00000,0.00000
5869,0.00000,0.00000,0.00000
5870,0.00000,0.00000,0.00000
5871,0.00000,0.00000,0.00000
5872,0.00000,0.00000,0.00000
5873,0.00000,0.00000,0.00000
5874,0.00000,0.00000,0.00000
5875,0.00000,0.00000,0.00000
5876,0.00000,0.00000,0.00000
5877,0.00000,0.00000,0.00000
5878,0.00000,0.00000,0.00000
5879,0.00000,0.00000,0.00000
5880,0.00000,0.00000,0.00000
5881,0.00000,0.00000,0.00000
5882,0.00000,0.00000,0.00000
5883,0.00000,0.00000,0.00000
5884,0.00000,0.00000,0.00000
5885,0.00000,0.00000,0.00000
5886,0.00000,0.00000,0.00000
5887,0.00000,0.00000,0.00000
5888,0.00000,0.00000,0.00000
5889,0.00000,0.00000,0.00000
5890,0.00000,0.00000,0.00000
5891,0.00000,0.00000,0.00000
5892,0.00000,0.00000,0.00000
5893,0.00000,0.00000,0.00000
5894,0.00000,0.00000,0.00000
5895,0.00000,0.00000,0.00000
5896,0.00000,0.00000,0.00000
5897,0.00000,0.00000,0.00000
5898,0.00000,0.00000,0.00000
5899,0.00000,0.00000,0.00000
5900,0.00000,0.00000,0.00000
5901,0.00000,0.00000,0.00000
5902,0.00000,0.00000,0.00000
5903,0.00000,0.00000,0.00000
5904,0.00000,0.00000,0.00000
5905,0.00000,0.00000,0.00000
5906,0.00000,0.00000,0.00000
5907,0.00000,0.00000,0.00000
5908,0.00000,0.00000,0.00000
5909,0.00000,0.00000,0.00000
5910,0.00000,0.00000,0.00000
5911,0.00000,0.00000,0.00000
5912,0.00000,0.00000,0.00000
5913,0.00000,0.00000,0.00000
5914,0.00000,0.00000,0.00000
5915,0.00000,0.00000,0.00000
5916,0.00000,0.00000,0.00000
5917,0.00000,0.00000,0.00000
5918,0.00000,0.00000,0.00000
5919,0.00000,0.00000,0.00000
5920,0.00000,0.00000,0.00000
5921,0.00000,0.00000,0.00000
5922,0.00000,0.00000,0.00000
5923,0.00000,0.00000,0.00000
5924,0.00000,0.00000,0.00000
5925,0.00000,0.00000,0.00000
5926,0.00000,0.00000,0.00000
5927,0.00000,0.00000,0.00000
5928,0.00000,0.00000,0.00000
5929,0.00000,0.00000,0.00000
5930,0.00000,0.00000,0.00000
5931,0.00000,0.00000,0.00000
5932,0.00000,0.00000,0.00000
5933,0.00000,0.00000,0.00000
5934,0.00000,0.00000,0.00000
5935,0.00000,0.00000,0.00000
5936,0.00000,0.00000,0.00000
5937,0.00000,0.00000,0.00000
5938,0.00000,0.00000,0.00000
5939,0.00000,0.00000,0.00000
5940,0.00000,0.00000,0.00000
5941,0.00000,0.00000,0.00000
5942,0.00000,0.00000,0.00000
5943,0.00000,0.00000,0.00000
5944,0.00000,0.00000,0.00000
5945,0.00000,0.00000,0.00000
5946,0.00000,0.00000,0.00000
5947,0.00000,0.00000,0.00000
5948,0.00000,0.00000,0.00000
5949,0.00000,0.00000,0.00000
5950,0.00000,0.00000,0.00000
5951,0.00000,0.00000,0.00000
5952,0.00000,0.00000,0.00000
5953,0.00000,0.00000,0.00000
5954,0.00000,0.00000,0.00000
5955,0.00000,0.00000,0.00000
5956,0.00000,0.00000,0.00000
5957,0.00000,0.00000,0.00000
5958,0.00000,0.00000,0.00000
5959,0.00000,0.00000,0.00000
5960,0.00000,0.00000,0.00000
5961,0.00000,0.00000,0.00000
5962,0.00000,0.00000,0.00000
5963,0.00000,0.00000,0.00000
5964,0.00000,0.00000,0.00000
5965,0.00000,0.00000,0.00000
5966,0.00000,0.00000,0.00000
5967,0.00000,0.00000,0.00000
5968,0.00000,0.00000,0.00000
5969,0.00000,0.00000,0.00000
5970,0.00000,0.00000,0.00000
5971,0.00000,0.00000,0.00000
5972,0.00000,0.00000,0.00000
5973,0.00000,0.00000,0.00000
5974,0.00000,0.00000,0.00000
5975,0.00000,0.00000,0.00000
5976,0.00000,0.00000,0.00000
5977,0.00000,0.00000,0.00000
5978,0.00000,0.00000,0.00000
5979,0.00000,0.00000,0.00000
5980,0.00000,0.00000,0.00000
5981,0.00000,0.00000,0.00000
5982,0.00000,0.00000,0.00000
5983,0.00000,0.00000,0.00000
5984,0.00000,0.00000,0.00000
5985,0.00000,0.00000,0.00000
5986,0.00000,0.00000,0.00000
5987,0.00000,0.00000,0.00000
5988,0.00000,0.00000,0.00000
5989,0.00000,0.00000,0.00000
5990,0.00000,0.00000,0.00000
5991,0.00000,0.00000,0.00000
5992,0.00000,0.00000,0.00000
5993,0.00000,0.00000,0.00000
5994,0.00000,0.00000,0.00000
5995,0.00000,0.00000,0.00000
5996,0.00000,0.00000,0.00000
5997,0.00000,0.00000,0.00000
5998,0.00000,0.00000,0.00000
5999,0.00000,0.00000,0.00000
6000,0.00000,0.00000,0.00000
6001,0.00000,0.00000,0.00000
6002,0.00000,0.00000,0.00000
6003,0.00000,0.00000,0.00000
6004,0.00000,0.00000,0.00000
6005,0.00000,0.00000,0.00000
6006,0.00000,0.00000,0.00000
6007,0.00000,0.00000,0.00000
6008,0.00000,0.00000,0.00000
6009,0.00000,0.00000,0.00000
6010,0.00000,0.00000,0.00000
6011,0.00000,0.00000,0.00000
6012,0.00000,0.00000,0.00000
6013,0.00000,0.00000,0.00000
6014,0.00000,0.00000,0.00000
6015,0.00000,0.00000,0.00000
6016,0.00000,0.00000,0.00000
6017,0.00000,0.00000,0.00000
6018,0.00000,0.00000,0.00000
6019,0.00000,0.00000,0.00000
6020,0.00000,0.00000,0.00000
6021,0.00000,0.00000,0.00000
6022,0.00000,0.00000,0.00000
6023,0.00000,0.00000,0.00000
6024,0.00000,0.00000,0.00000
6025,0.00000,0.00000,0.00000
6026,0.00000,0.00000,0.00000
6027,0.00000,0.00000,0.00000
6028,0.00000,0.00000,0.00000
6029,0.00000,0.00000,0.00000
6030,0.00000,0.00000,0.00000
6031,0.00000,0.00000,0.00000
6032,0.00000,0.00000,0.00000
6033,0.00000,0.00000,0.00000
6034,0.00000,0.00000,0.00000
6035,0.00000,0.00000,0.00000
6036,0.00000,0.00000,0.00000
6037,0.00000,0.00000,0.00000
6038,0.00000,0.00000,0.00000
6039,0.00000,0.00000,0.00000
6040,0.00000,0.00000,0.00000
6041,0.00000,0.00000,0.00000
6042,0.00000,0.00000,0.00000
6043,0.00000,0.00000,0.00000
6044,0.00000,0.00000,0.00000
6045,0.00000,0.00000,0.00000
6046,0.00000,0.00000,0.00000
6047,0.00000,0.00000,0.00000
6048,0.00000,0.00000,0.00000
6049,0.00000,0.00000,0.00000
6050,0.00000,0.00000,0.00000
6051,0.00000,0.00000,0.00000
6052,0.00000,0.00000,0.00000
6053,0.00000,0.00000,0.00000
6054,0.00000,0.00000,0.00000
6055,0.00000,0.00000,0.00000
6056,0.00000,0.00000,0.00000
6057,0.00000,0.00000,0.00000
6058,0.00000,0.00000,0.00000
6059,0.00000,0.00000,0.00000
6060,0.00000,0.00000,0.00000
6061,0.00000,0.00000,0.00000
6062,0.00000,0.00000,0.00000
6063,0.00000,0.00000,0.00000
6064,0.00000,0.00000,0.00000
6065,0.00000,0.00000,0.00000
6066,0.00000,0.00000,0.00000
6067,0.00000,0.00000,0.00000
6068,0.00000,0.00000,0.00000
6069,0.00000,0.00000,0.00000
6070,0.00000,0.00000,0.00000
6071,0.00000,0.00000,0.00000
6072,0.00000,0.00000,0.00000
6073,0.00000,0.00000,0.00000
6074,0.00000,0.00000,0.00000
6075,0.00000,0.00000,0.00000
6076,0.00000,0.00000,0.00000
6077,0.00000,0.00000,0.00000
6078,0.00000,0.00000,0.00000
6079,0.00000,0.00000,0.00000
6080,0.00000,0.00000,0.00000
6081,0.00000,0.00000,0.00000
6082,0.00000,0.00000,0.00000
6083,0.00000,0.00000,0.00000
6084,0.00000,0.00000,0.00000
6085,0.00000,0.00000,0.00000
6086,0.00000,0.00000,0.00000
6087,0.00000,0.00000,0.00000
6088,0.00000,0.00000,0.00000
6089,0.00000,0.00000,0.00000
6090,0.00000,0.00000,0.00000
6091,0.00000,0.00000,0.00000
6092,0.00000,0.00000,0.00000
6093,0.00000,0.00000,0.00000
6094,0.00000,0.00000,0.00000
6095,0.00000,0.00000,0.00000
6096,0.00000,0.00000,0.00000
6097,0.00000,0.00000,0.00000
6098,0.00000,0.00000,0.00000
6099,0.00000,0.00000,0.00000
6100,0.00000,0.00000,0.00000
6101,0.00000,0.00000,0.00000
6102,0.00000,0.00000,0.00000
6103,0.00000,0.00000,0.00000
6104,0.00000,0.00000,0.00000
6105,0.00000,0.00000,0.00000
6106,0.00000,0.00000,0.00000
6107,0.00000,0.00000,0.00000
6108,0.00000,0.00000,0.00000
6109,0.00000,0.00000,0.00000
6110,0.00000,0.00000,0.00000
6111,0.00000,0.00000,0.00000
6112,0.00000,0.00000,0.00000
6113,0.00000,0.00000,0.00000
6114,0.00000,0.00000,0.00000
6115,0.00000,0.00000,0.00000
6116,0.00000,0.00000,0.00000
6117,0.00000,0.00000,0.00000
6118,0.00000,0.00000,0.00000
6119,0.00000,0.00000,0.00000
6120,0.00000,0.00000,0.00000
6121,0.00000,0.00000,0.00000
6122,0.00000,0.00000,0.00000
6123,0.00000,0.00000,0.00000
6124,0.00000,0.00000,0.00000
6125,0.00000,0.00000,0.00000
6126,0.00000,0.00000,0.00000
6127,0.00000,0.00000,0.00000
6128,0.00000,0.00000,0.00000
6129,0.00000,0.00000,0.00000
6130,0.00000,0.00000,0.00000
6131,0.00000,0.00000,0.00000
6132,0.00000,0.00000,0.00000
6133,0.00000,0.00000,0.00000
6134,0.00000,0.00000,0.00000
6135,0.00000,0.00000,0.00000
6136,0.00000,0.00000,0.00000
6137,0.00000,0.00000,0.00000
6138,0.00000,0.00000,0.00000
6139,0.00000,0.00000,0.00000
6140,0.00000,0.00000,0.00000
6141,0.00000,0.00000,0.00000
6142,0.00000,0.00000,0.00000
6143,0.00000,0.00000,0.00000
6144,0.00000,0.00000,0.00000
6145,0.00000,0.00000,0.00000
6146,0.00000,0.00000,0.00000
6147,0.00000,0.00000,0.00000
6148,0.00000,0.00000,0.00000
6149,0.00000,0.00000,0.00000
6150,0.00000,0.00000,0.00000
6151,0.00000,0.00000,0.00000
6152,0.00000,0.00000,0.00000
6153,0.00000,0.00000,0.00000
6154,0.00000,0.00000,0.00000
6155,0.00000,0.00000,0.00000
6156,0.00000,0.00000,0.00000
6157,0.00000,0.00000,0.00000
6158,0.00000,0.00000,0.00000
6159,0.00000,0.00000,0.00000
6160,0.00000,0.00000,0.00000
6161,0.00000,0.00000,0.00000
6162,0.00000,0.00000,0.00000
6163,0.00000,0.00000,0.00000
6164,0.00000,0.00000,0.00000
6165,0.00000,0.00000,0.00000
6166,0.00000,0.00000,0.00000
6167,0.00000,0.00000,0.00000
6168,0.00000,0.00000,0.00000
6169,0.00000,0.00000,0.00000
6170,0.00000,0.00000,0.00000
6171,0.00000,0.00000,0.00000
6172,0.00000,0.00000,0.00000
6173,0.00000,0.00000,0.00000
6174,0.00000,0.00000,0.00000
6175,0.00000,0.00000,0.00000
6176,0.00000,0.00000,0.00000
6177,0.00000,0.00000,0.00000
6178,0.00000,0.00000,0.00000
6179,0.00000,0.00000,0.00000
6180,0.00000,0.00000,0.00000
6181,0.00000,0.00000,0.00000
6182,0.00000,0.00000,0.00000
6183,0.00000,0.00000,0.00000
6184,0.00000,0.00000,0.00000
6185,0.00000,0.00000,0.00000
6186,0.00000,0.00000,0.00000
6187,0.00000,0.00000,0.00000
6188,0.00000,0.00000,0.00000
6189,0.00000,0.00000,0.00000
6190,0.00000,0.00000,0.00000
6191,0.00000,0.00000,0.00000
6192,0.00000,0.00000,0.00000
6193,0.00000,0.00000,0.00000
6194,0.00000,0.00000,0.00000
6195,0.00000,0.00000,0.00000
6196,0.00000,0.00000,0.00000
6197,0.00000,0.00000,0.00000
6198,0.00000,0.00000,0.00000
6199,0.00000,0.00000,0.00000
6200,0.00000,0.00000,0.00000
6201,0.00000,0.00000,0.00000
6202,0.00000,0.00000,0.00000
6203,0.00000,0.00000,0.00000
6204,0.00000,0.00000,0.00000
6205,0.00000,0.00000,0.00000
6206,0.00000,0.00000,0.00000
6207,0.00000,0.00000,0.00000
6208,0.00000,0.00000,0.00000
6209,0.00000,0.00000,0.00000
6210,0.00000,0.00000,0.00000
6211,0.00000,0.00000,0.00000
6212,0.00000,0.00000,0.00000
6213,0.00000,0.00000,0.00000
6214,0.00000,0.00000,0.00000
6215,0.00000,0.00000,0.00000
6216,0.00000,0.00000,0.00000
6217,0.00000,0.00000,0.00000
6218,0.00000,0.00000,0.00000
6219,0.00000,0.00000,0.00000
6220,0.00000,0.00000,0.00000
6221,0.00000,0.00000,0.00000
6222,0.00000,0.00000,0.00000
6223,0.00000,0.00000,0.00000
6224,0.00000,0.00000,0.00000
6225,0.00000,0.00000,0.00000
6226,0.00000,0.00000,0.00000
6227,0.00000,0.00000,0.00000
6228,0.00000,0.00000,0.00000
6229,0.00000,0.00000,0.00000
6230,0.00000,0.00000,0.00000
6231,0.00000,0.00000,0.00000
6232,0.00000,0.00000,0.00000
6233,0.00000,0.00000,0.00000
6234,0.00000,0.00000,0.00000
6235,0.00000,0.00000,0.00000
6236,0.00000,0.00000,0.00000
6237,0.00000,0.00000,0.00000
6238,0.00000,0.00000,0.00000
6239,0.00000,0.00000,0.00000
6240,0.00000,0.00000,0.00000
6241,0.00000,0.00000,0.00000
6242,0.00000,0.00000,0.00000
6243,0.00000,0.00000,0.00000
6244,0.00000,0.00000,0.00000
6245,0.00000,0.00000,0.00000
6246,0.00000,0.00000,0.00000
6247,0.00000,0.00000,0.00000
6248,0.00000,0.00000,0.00000
6249,0.00000,0.00000,0.00000
6250,0.00000,0.00000,0.00000
6251,0.00000,0.00000,0.00000
6252,0.00000,0.00000,0.00000
6253,0.00000,0.00000,0.00000
6254,0.00000,0.00000,0.00000
6255,0.00000,0.00000,0.00000
6256,0.00000,0.00000,0.00000
6257,0.00000,0.00000,0.00000
6258,0.00000,0.00000,0.00000
6259,0.00000,0.00000,0.00000
6260,0.00000,0.00000,0.00000
6261,0.00000,0.00000,0.00000
6262,0.00000,0.00000,0.00000
6263,0.00000,0.00000,0.00000
6264,0.00000,0.00000,0.00000
6265,0.00000,0.00000,0.00000
6266,0.00000,0.00000,0.00000
6267,0.00000,0.00000,0.00000
6268,0.00000,0.00000,0.00000
6269,0.00000,0.00000,0.00000
6270,0.00000,0.00000,0.00000
6271,0.00000,0.00000,0.00000
6272,0.00000,0.00000,0.00000
6273,0.00000,0.00000,0.00000
6274,0.00000,0.00000,0.00000
6275,0.00000,0.00000,0.00000
6276,0.00000,0.00000,0.00000
6277,0.00000,0.00000,0.00000
6278,0.00000,0.00000,0.00000
6279,0.00000,0.00000,0.00000
6280,0.00000,0.00000,0.00000
6281,0.00000,0.00000,0.00000
6282,0.00000,0.00000,0.00000
6283,0.00000,0.00000,0.00000
6284,0.00000,0.00000,0.00000
6285,0.00000,0.00000,0.00000
6286,0.00000,0.00000,0.00000
6287,0.00000,0.00000,0.00000
6288,0.00000,0.00000,0.00000
6289,0.00000,0.00000,0.00000
6290,0.00000,0.00000,0.00000
6291,0.00000,0.00000,0.00000
6292,0.00000,0.00000,0.00000
6293,0.00000,0.00000,0.00000
6294,0.00000,0.00000,0.00000
6295,0.00000,0.00000,0.00000
6296,0.00000,0.00000,0.00000
6297,0.00000,0.00000,0.00000
6298,0.00000,0.00000,0.00000
6299,0.00000,0.00000,0.00000
6300,0.00000,0.00000,0.00000
6301,0.00000,0.00000,0.00000
6302,0.00000,0.00000,0.00000
6303,0.00000,0.00000,0.00000
6304,0.00000,0.00000,0.00000
6305,0.00000,0.00000,0.00000
6306,0.00000,0.00000,0.00000
6307,0.00000,0.00000,0.00000
6308,0.00000,0.00000,0.00000
6309,0.00000,0.00000,0.00000
6310,0.00000,0.00000,0.00000
6311,0.00000,0.00000,0.00000
6312,0.00000,0.00000,0.00000
6313,0.00000,0.00000,0.00000
6314,0.00000,0.00000,0.00000
6315,0.00000,0.00000,0.00000
6316,0.00000,0.00000,0.00000
6317,0.00000,0.00000,0.00000
6318,0.00000,0.00000,0.00000
6319,0.00000,0.00000,0.00000
6320,0.00000,0.00000,0.00000
6321,0.00000,0.00000,0.00000
6322,0.00000,0.00000,0.00000
6323,0.00000,0.00000,0.00000
6324,0.00000,0.00000,0.00000
6325,0.00000,0.00000,0.00000
6326,0.00000,0.00000,0.00000
6327,0.00000,0.00000,0.00000
6328,0.00000,0.00000,0.00000
6329,0.00000,0.00000,0.00000
6330,0.00000,0.00000,0.00000
6331,0.00000,0.00000,0.00000
6332,0.00000,0.00000,0.00000
6333,0.00000,0.00000,0.00000
6334,0.00000,0.00000,0.00000
6335,0.00000,0.00000,0.00000
6336,0.00000,0.00000,0.00000
6337,0.00000,0.00000,0.00000
6338,0.00000,0.00000,0.00000
6339,0.00000,0.00000,0.00000
6340,0.00000,0.00000,0.00000
6341,0.00000,0.00000,0.00000
6342,0.00000,0.00000,0.00000
6343,0.00000,0.00000,0.00000
6344,0.00000,0.00000,0.00000
6345,0.00000,0.00000,0.00000
6346,0.00000,0.00000,0.00000
6347,0.00000,0.00000,0.00000
6348,0.00000,0.00000,0.00000
6349,0.00000,0.00000,0.00000
6350,0.00000,0.00000,0.00000
6351,0.00000,0.00000,0.00000
6352,0.00000,0.00000,0.00000
6353,0.00000,0.00000,0.00000
6354,0.00000,0.00000,0.00000
6355,0.00000,0.00000,0.00000
6356,0.00000,0.00000,0.00000
6357,0.00000,0.00000,0.00000
6358,0.00000,0.00000,0.00000
6359,0.00000,0.00000,0.00000
6360,0.00000,0.00000,0.00000
6361,0.00000,0.00000,0.00000
6362,0.00000,0.00000,0.00000
6363,0.00000,0.00000,0.00000
6364,0.00000,0.00000,0.00000
6365,0.00000,0.00000,0.00000
6366,0.00000,0.00000,0.00000
6367,0.00000,0.00000,0.00000
6368,0.00000,0.00000,0.00000
6369,0.00000,0.00000,0.00000
6370,0.00000,0.00000,0.00000
6371,0.00000,0.00000,0.00000
6372,0.00000,0.00000,0.00000
6373,0.00000,0.00000,0.00000
6374,0.00000,0.00000,0.00000
6375,0.00000,0.00000,0.00000
6376,0.00000,0.00000,0.00000
6377,0.00000,0.00000,0.00000
6378,0.00000,0.00000,0.00000
6379,0.00000,0.00000,0.00000
6380,0.00000,0.00000,0.00000
6381,0.00000,0.00000,0.00000
6382,0.00000,0.00000,0.00000
6383,0.00000,0.00000,0.00000
6384,0.00000,0.00000,0.00000
6385,0.00000,0.00000,0.00000
6386,0.00000,0.00000,0.00000
6387,0.00000,0.00000,0.00000
6388,0.00000,0.00000,0.00000
6389,0.00000,0.00000,0.00000
6390,0.00000,0.00000,0.00000
6391,0.00000,0.00000,0.00000
6392,0.00000,0.00000,0.00000
6393,0.00000,0.00000,0.00000
6394,0.00000,0.00000,0.00000
6395,0.00000,0.00000,0.00000
6396,0.00000,0.00000,0.00000
6397,0.00000,0.00000,0.00000
6398,0.00000,0.00000,0.00000
6399,0.00000,0.00000,0.00000
6400,0.00000,0.00000,0.00000
6401,0.00000,0.00000,0.00000
6402,0.00000,0.00000,0.00000
6403,0.00000,0.00000,0.00000
6404,0.00000,0.00000,0.00000
6405,0.00000,0.00000,0.00000
6406,0.00000,0.00000,0.00000
6407,0.00000,0.00000,0.00000
6408,0.00000,0.00000,0.00000
6409,0.00000,0.00000,0.00000
6410,0.00000,0.00000,0.00000
6411,0.00000,0.00000,0.00000
6412,0.00000,0.00000,0.00000
6413,0.00000,0.00000,0.00000
6414,0.00000,0.00000,0.00000
6415,0.00000,0.00000,0.00000
6416,0.00000,0.00000,0.00000
6417,0.00000,0.00000,0.00000
6418,0.00000,0.00000,0.00000
6419,0.00000,0.00000,0.00000
6420,0.00000,0.00000,0.00000
6421,0.00000,0.00000,0.00000
6422,0.00000,0.00000,0.00000
6423,0.00000,0.00000,0.00000
6424,0.00000,0.00000,0.00000
6425,0.00000,0.00000,0.00000
6426,0.00000,0.00000,0.00000
6427,0.00000,0.00000,0.00000
6428,0.00000,0.00000,0.00000
6429,0.00000,0.00000,0.00000
6430,0.00000,0.00000,0.00000
6431,0.00000,0.00000,0.00000
6432,0.00000,0.00000,0.00000
6433,0.00000,0.00000,0.00000
6434,0.00000,0.00000,0.00000
6435,0.00000,0.00000,0.00000
6436,0.00000,0.00000,0.00000
6437,0.00000,0.00000,0.00000
6438,0.00000,0.00000,0.00000
6439,0.00000,0.00000,0.00000
6440,0.00000,0.00000,0.00000
6441,0.00000,0.00000,0.00000
6442,0.00000,0.00000,0.00000
6443,0.00000,0.00000,0.00000
6444,0.00000,0.00000,0.00000
6445,0.00000,0.00000,0.00000
6446,0.00000,0.00000,0.00000
6447,0.00000,0.00000,0.00000
6448,0.00000,0.00000,0.00000
6449,0.00000,0.00000,0.00000
6450,0.00000,0.00000,0.00000
6451,0.00000,0.00000,0.00000
6452,0.00000,0.00000,0.00000
6453,0.00000,0.00000,0.00000
6454,0.00000,0.00000,0.00000
6455,0.00000,0.00000,0.00000
6456,0.00000,0.00000,0.00000
6457,0.00000,0.00000,0.00000
6458,0.00000,0.00000,0.00000
6459,0.00000,0.00000,0.00000
6460,0.00000,0.00000,0.00000
6461,0.00000,0.00000,0.00000
6462,0.00000,0.00000,0.00000
6463,0.00000,0.00000,0.00000
6464,0.00000,0.00000,0.00000
6465,0.00000,0.00000,0.00000
6466,0.00000,0.00000,0.00000
6467,0.00000,0.00000,0.00000
6468,0.00000,0.00000,0.00000
6469,0.00000,0.00000,0.00000
6470,0.00000,0.00000,0.00000
6471,0.00000,0.00000,0.00000
6472,0.00000,0.00000,0.00000
6473,0.00000,0.00000,0.00000
6474,0.00000,0.00000,0.00000
6475,0.00000,0.00000,0.00000
6476,0.00000,0.00000,0.00000
6477,0.00000,0.00000,0.00000
6478,0.00000,0.00000,0.00000
6479,0.00000,0.00000,0.00000
6480,0.00000,0.00000,0.00000
6481,0.00000,0.00000,0.00000
6482,0.00000,0.00000,0.00000
6483,0.00000,0.00000,0.00000
6484,0.00000,0.00000,0.00000
6485,0.00000,0.00000,0.00000
6486,0.00000,0.00000,0.00000
6487,0.00000,0.00000,0.00000
6488,0.00000,0.00000,0.00000
6489,0.00000,0.00000,0.00000
6490,0.00000,0.00000,0.00000
6491,0.00000,0.00000,0.00000
6492,0.00000,0.00000,0.00000
6493,0.00000,0.00000,0.00000
6494,0.00000,0.00000,0.00000
6495,0.00000,0.00000,0.00000
6496,0.00000,0.00000,0.00000
6497,0.00000,0.00000,0.00000
6498,0.00000,0.00000,0.00000
6499,0.00000,0.00000,0.00000
6500,0.00000,0.00000,0.00000
6501,0.00000,0.00000,0.00000
6502,0.00000,0.00000,0.00000
6503,0.00000,0.00000,0.00000
6504,0.00000,0.00000,0.00000
6505,0.00000,0.00000,0.00000
6506,0.00000,0.00000,0.00000
6507,0.00000,0.00000,0.00000
6508,0.00000,0.00000,0.00000
6509,0.00000,0.00000,0.00000
6510,0.00000,0.00000,0.00000
6511,0.00000,0.00000,0.00000
6512,0.00000,0.00000,0.00000
6513,0.00000,0.00000,0.00000
6514,0.00000,0.00000,0.00000
6515,0.00000,0.00000,0.00000
6516,0.00000,0.00000,0.00000
6517,0.00000,0.00000,0.00000
6518,0.00000,0.00000,0.00000
6519,0.00000,0.00000,0.00000
6520,0.00000,0.00000,0.00000
6521,0.00000,0.00000,0.00000
6522,0.00000,0.00000,0.00000
6523,0.00000,0.00000,0.00000
6524,0.00000,0.00000,0.00000
6525,0.00000,0.00000,0.00000
6526,0.00000,0.00000,0.00000
6527,0.00000,0.00000,0.00000
6528,0.00000,0.00000,0.00000
6529,0.00000,0.00000,0.00000
6530,0.00000,0.00000,0.00000
6531,0.00000,0.00000,0.00000
6532,0.00000,0.00000,0.00000
6533,0.00000,0.00000,0.00000
6534,0.00000,0.00000,0.00000
6535,0.00000,0.00000,0.00000
6536,0.00000,0.00000,0.00000
6537,0.00000,0.00000,0.00000
6538,0.00000,0.00000,0.00000
6539,0.00000,0.00000,0.00000
6540,0.00000,0.00000,0.00000
6541,0.00000,0.00000,0.00000
6542,0.00000,0.00000,0.00000
6543,0.00000,0.00000,0.00000
6544,0.00000,0.00000,0.00000
6545,0.00000,0.00000,0.00000
6546,0.00000,0.00000,0.00000
6547,0.00000,0.00000,0.00000
6548,0.00000,0.00000,0.00000
6549,0.00000,0.00000,0.00000
6550,0.00000,0.00000,0.00000
6551,0.00000,0.00000,0.00000
6552,0.00000,0.00000,0.00000
6553,0.00000,0.00000,0.00000
6554,0.00000,0.00000,0.00000
6555,0.00000,0.00000,0.00000
6556,0.00000,0.00000,0.00000
6557,0.00000,0.00000,0.00000
6558,0.00000,0.00000,0.00000
6559,0.00000,0.00000,0.00000
6560,0.00000,0.00000,0.00000
6561,0.00000,0.00000,0.00000
6562,0.00000,0.00000,0.00000
6563,0.00000,0.00000,0.00000
6564,0.00000,0.00000,0.00000
6565,0.00000,0.00000,0.00000
6566,0.00000,0.00000,0.00000
6567,0.00000,0.00000,0.00000
6568,0.00000,0.00000,0.00000
6569,0.00000,0.00000,0.00000
6570,0.00000,0.00000,0.00000
6571,0.00000,0.00000,0.00000
6572,0.00000,0.00000,0.00000
6573,0.00000,0.00000,0.00000
6574,0.00000,0.00000,0.00000
6575,0.00000,0.00000,0.00000
6576,0.00000,0.00000,0.00000
6577,0.00000,0.00000,0.00000
6578,0.00000,0.00000,0.00000
6579,0.00000,0.00000,0.00000
6580,0.00000,0.00000,0.00000
6581,0.00000,0.00000,0.00000
6582,0.00000,0.00000,0.00000
6583,0.00000,0.00000,0.00000
6584,0.00000,0.00000,0.00000
6585,0.00000,0.00000,0.00000
6586,0.00000,0.00000,0.00000
6587,0.00000,0.00000,0.00000
6588,0.00000,0.00000,0.00000
6589,0.00000,0.00000,0.00000
6590,0.00000,0.00000,0.00000
6591,0.00000,0.00000,0.00000
6592,0.00000,0.00000,0.00000
6593,0.00000,0.00000,0.00000
6594,0.00000,0.00000,0.00000
6595,0.00000,0.00000,0.00000
6596,0.00000,0.00000,0.00000
6597,0.00000,0.00000,0.00000
6598,0.00000,0.00000,0.00000
6599,0.00000,0.00000,0.00000
6600,0.00000,0.00000,0.00000
6601,0.00000,0.00000,0.00000
6602,0.00000,0.00000,0.00000
6603,0.00000,0.00000,0.00000
6604,0.00000,0.00000,0.00000
6605,0.00000,0.00000,0.00000
6606,0.00000,0.00000,0.00000
6607,0.00000,0.00000,0.00000
6608,0.00000,0.00000,0.00000
6609,0.00000,0.00000,0.00000
6610,0.00000,0.00000,0.00000
6611,0.00000,0.00000,0.00000
6612,0.00000,0.00000,0.00000
6613,0.00000,0.00000,0.00000
6614,0.00000,0.00000,0.00000
6615,0.00000,0.00000,0.00000
6616,0.00000,0.00000,0.00000
6617,0.00000,0.00000,0.00000
6618,0.00000,0.00000,0.00000
6619,0.00000,0.00000,0.00000
6620,0.00000,0.00000,0.00000
6621,0.00000,0.00000,0.00000
6622,0.00000,0.00000,0.00000
6623,0.00000,0.00000,0.00000
6624,0.00000,0.00000,0.00000
6625,0.00000,0.00000,0.00000
6626,0.00000,0.00000,0.00000
6627,0.00000,0.00000,0.00000
6628,0.00000,0.00000,0.00000
6629,0.00000,0.00000,0.00000
6630,0.00000,0.00000,0.00000
6631,0.00000,0.00000,0.00000
6632,0.00000,0.00000,0.00000
6633,0.00000,0.00000,0.00000
6634,0.00000,0.00000,0.00000
6635,0.00000,0.00000,0.00000
6636,0.00000,0.00000,0.00000
6637,0.00000,0.00000,0.00000
6638,0.00000,0.00000,0.00000
6639,0.00000,0.00000,0.00000
6640,0.00000,0.00000,0.00000
6641,0.00000,0.00000,0.00000
6642,0.00000,0.00000,0.00000
6643,0.00000,0.00000,0.00000
6644,0.00000,0.00000,0.00000
6645,0.00000,0.00000,0.00000
6646,0.00000,0.00000,0.00000
6647,0.00000,0.00000,0.00000
6648,0.00000,0.00000,0.00000
6649,0.00000,0.00000,0.00000
6650,0.00000,0.00000,0.00000
6651,5.87560,0.10483,0.54123
6652,5.64444,0.10270,0.56530
6653,6.08626,0.10896,0.53946
6654,6.11708,0.11073,0.55092
6655,5.63921,0.10495,0.57933
6656,-7.93171,-0.17979,0.61782
6657,-6.82083,-0.16856,0.64309
6658,-6.89747,-0.16604,0.63887
6659,-7.97302,-0.17717,0.61277
6660,-7.03173,-0.16430,0.63243
6661,-3.26616,0.10610,0.13441
6662,-4.68707,0.08804,0.11934
6663,-3.49453,0.10257,0.13192
6664,-4.81658,0.08612,0.11799
6665,-4.03335,0.09512,0.12615
6666,-3.03811,0.00187,0.92326
6667,-2.38080,0.00097,0.93692
6668,-3.50768,0.00064,0.95743
6669,-1.95225,0.00216,0.90216
6670,-2.28631,0.00329,0.89083
6671,-1.62529,0.00365,0.87105
6672,4.96353,0.15717,0.62147
6673,4.81782,0.15222,0.63752
6674,4.57059,0.14409,0.62984
6675,4.70327,0.14872,0.61432
6676,4.30485,0.13555,0.62222
6677,-3.59923,0.01848,0.07384
6678,-3.47712,0.02196,0.08005
6679,-3.09059,0.02434,0.08687
6680,-3.24067,0.02026,0.07971
6681,-2.74170,0.02611,0.09286
6682,-7.92053,0.02840,0.06410
6683,-7.29274,0.03550,0.07284
6684,-6.95655,0.03754,0.07587
6685,-6.31906,0.04569,0.08493
6686,-5.97045,0.04822,0.08839
6687,-2.25544,-0.17984,0.19880
6688,-1.73329,-0.17061,0.19211
6689,-1.29393,-0.16560,0.18674
6690,-0.60482,-0.15466,0.17833
6691,-0.25633,-0.14831,0.17408
6692,0.85408,0.02677,0.58458
6693,0.59734,0.01882,0.57375
6694,1.04821,0.03304,0.57288
6695,1.30480,0.04094,0.58363
6696,1.46115,0.04610,0.57215
6697,7.44494,-0.05043,0.09063
6698,8.89305,-0.03835,0.07670
6699,8.47892,-0.04220,0.08078
6700,7.23852,-0.05307,0.09281
6701,6.12675,-0.06319,0.10379
6702,3.49828,0.12247,0.73883
6703,3.13504,0.11176,0.74740
6704,3.27377,0.11355,0.73959
6705,3.56888,0.12102,0.72932
6706,3.93578,0.13354,0.72439
6707,-10.18271,-0.35485,0.40997
6708,-9.86384,-0.34694,0.40502
6709,-10.21601,-0.35408,0.42011
6710,-9.76343,-0.34571,0.39622
6711,-9.82533,-0.34811,0.39221
6712,7.85034,0.28985,0.37602
6713,7.55125,0.28402,0.36162
6714,7.97740,0.29491,0.37368
6715,7.66949,0.28921,0.35844
6716,-0.32904,0.04710,0.16704
6717,-1.16282,0.03850,0.14799
6718,-0.54775,0.04307,0.16186
6719,0.26075,0.05053,0.18139
6720,1.74481,0.03070,0.39514
6721,1.41174,0.02464,0.40008
6722,1.66433,0.02863,0.41989
6723,1.35645,0.02330,0.42504
6724,-12.12365,-0.38748,0.50624
6725,-12.18788,-0.38586,0.52317
6726,-12.27334,-0.38925,0.51193
6727,-12.26251,-0.39132,0.49732
6728,7.66140,0.18792,0.31063
6729,7.88076,0.19399,0.31283
6730,7.18008,0.18373,0.29731
6731,6.63911,0.17382,0.28756
6732,-7.26395,-0.24265,0.67575
6733,-6.87699,-0.24073,0.68275
6734,-5.81212,-0.22593,0.69604
6735,-5.53226,-0.22014,0.69839
6736,-4.58608,-0.12607,0.26240
6737,-3.59118,-0.11430,0.24045
6738,-4.07483,-0.12214,0.24921
6739,-3.87842,-0.11574,0.24820
6740,-4.58511,-0.12304,0.26543
6741,-5.47762,-0.17607,0.66661
6742,-5.52420,-0.17650,0.65371
6743,-5.19404,-0.16612,0.66463
6744,-5.04647,-0.16266,0.67843
6745,-15.54003,0.00653,0.93959
6746,-11.52827,0.01519,0.89909
6747,-13.20207,0.00978,0.92080
6748,-12.97819,0.01322,0.90981
6749,-16.44689,0.00681,0.93995
6750,8.92920,-0.02948,0.06268
6751,7.87091,-0.03887,0.07405
6752,8.01737,-0.03850,0.07329
6753,8.63846,-0.03112,0.06499
6754,9.73804,-0.02205,0.05299
6755,13.80710,0.37456,0.50689
6756,13.87839,0.37978,0.48505
6757,13.87075,0.37530,0.49225
6758,13.82976,0.37860,0.50114
6759,13.85607,0.38274,0.48676
6760,-5.74587,-0.24153,0.72110
6761,-6.90309,-0.26095,0.70277
6762,-5.70966,-0.23962,0.72226
6763,-6.60474,-0.25436,0.70789
6764,6.11760,0.10985,0.43832
6765,5.85645,0.10661,0.41428
6766,5.88492,0.10517,0.43875
6767,5.61091,0.10070,0.42525
6768,-0.62481,0.13164,0.81318
6769,-0.64782,0.12709,0.81598
6770,0.52594,0.14502,0.80026
6771,0.93344,0.14637,0.79723
6772,0.71815,0.06343,0.82357
6773,1.17573,0.07369,0.81078
6774,0.85839,0.07182,0.81974
6775,0.32897,0.06172,0.83367
6776,-9.62848,0.01316,0.04166
6777,-8.40881,0.02205,0.05649
6778,-9.22458,0.01499,0.04525
6779,-9.00883,0.01840,0.05037
6780,-8.06704,0.02647,0.06232
6781,-1.92775,-0.07863,0.31103
6782,-2.20885,-0.08846,0.31968
6783,-1.99731,-0.08326,0.30291
6784,-2.26080,-0.09222,0.31209
6785,-4.59159,-0.14606,0.66968
6786,-4.69326,-0.15043,0.67890
6787,-4.93257,-0.15706,0.66223
6788,-5.15002,-0.16506,0.66866
6789,9.51551,-0.01556,0.04537
6790,9.17537,-0.01669,0.04747
6791,8.40914,-0.02330,0.05769
6792,8.69988,-0.02268,0.05640
6793,3.74369,0.11835,0.68386
6794,3.88168,0.12423,0.69494
6795,3.58267,0.11430,0.69713
6796,3.42066,0.10833,0.69257
6797,-1.18972,-0.04009,0.75366
6798,-1.15296,-0.04061,0.76672
6799,-1.41396,-0.04815,0.75534
6800,-1.44972,-0.05138,0.76558
6801,-3.01366,-0.11772,0.22331
6802,-3.49113,-0.12082,0.23355
6803,-2.63909,-0.11094,0.21759
6804,-1.89769,-0.10380,0.20402
6805,0.72914,0.01222,0.47394
6806,0.54636,0.00918,0.45710
6807,0.48796,0.00808,0.48582
6808,0.22512,0.00371,0.46299
6809,-6.93632,0.10309,0.84217
6810,-5.10036,0.11685,0.82989
6811,-4.62394,0.12285,0.82398
6812,-5.61282,0.11554,0.82995
6813,6.55106,0.27902,0.29089
6814,6.70225,0.28144,0.29635
6815,6.09691,0.26829,0.28290
6816,5.88055,0.26458,0.27647
6817,-5.12170,-0.15658,0.25523
6818,-5.17485,-0.16023,0.25449
6819,-5.86401,-0.16809,0.26837
6820,-6.17180,-0.17004,0.27599
6821,-1.86731,-0.18631,0.19496
6822,-2.99020,-0.20550,0.20984
6823,-3.04760,-0.20557,0.21034
6824,-2.01069,-0.18767,0.19658
6825,-2.88589,-0.08566,0.24349
6826,-2.54871,-0.08008,0.23665
6827,-2.09032,-0.07638,0.22348
6828,-2.29717,-0.08092,0.22650
6829,-13.41079,-0.36987,0.54011
6830,-13.63210,-0.37388,0.52545
6831,-13.58801,-0.37639,0.52801
6832,-13.77284,-0.38129,0.50952
6833,6.31265,0.27713,0.27457
6834,6.27708,0.27618,0.27529
6835,5.60986,0.26240,0.26212
6836,5.54712,0.26071,0.26226
6837,15.01534,-0.04935,0.89893
6838,16.17728,-0.04513,0.90373
6839,12.84608,-0.06243,0.88369
6840,17.89980,-0.03638,0.91530
6841,20.66374,-0.02641,0.92916
6842,4.55685,0.14384,0.65221
6843,4.87281,0.15429,0.65058
6844,5.17506,0.16406,0.63739
6845,3.18643,0.15431,0.26661
6846,3.30230,0.15417,0.27432
6847,3.00319,0.14675,0.26447
6848,2.68578,0.14113,0.25193
6849,4.07761,0.07322,0.57689
6850,3.98068,0.07012,0.56248
6851,3.71678,0.06763,0.58822
6852,4.39160,0.07702,0.55347
6853,4.34567,0.07527,0.53636
6854,-1.76199,-0.05456,0.23569
6855,-1.32820,-0.04858,0.22185
6856,-1.22218,-0.04912,0.21613
6857,-1.47689,-0.05369,0.22234
6858,6.89933,-0.04954,0.08552
6859,6.95173,-0.05012,0.08570
6860,9.00449,0.33149,0.35803
6861,8.56951,0.32192,0.34558
6862,8.95142,0.33104,0.35246
6863,8.29752,0.31659,0.33518
6864,1.15321,0.03022,0.25280
6865,1.15245,0.02853,0.26170
6866,1.42202,0.03275,0.27581
6867,1.42018,0.03488,0.26344
6868,-0.50207,-0.11519,0.18523
6869,-0.86428,-0.11966,0.19370
6870,-1.04675,-0.12574,0.19749
6871,-0.83621,-0.12414,0.19235
6872,-13.00139,-0.31986,0.42876
6873,-13.01967,-0.32420,0.42522
6874,-13.23256,-0.32473,0.44305
6875,-13.18136,-0.31962,0.44638
6876,-0.88211,-0.04691,0.71884
6877,-1.45635,-0.04875,0.69769
6878,-1.79361,-0.05369,0.68997
6879,-1.46259,-0.05391,0.70415
6880,-0.64474,0.00134,0.87736
6881,-1.30116,0.00113,0.91261
6882,-1.19135,0.00243,0.87655
6883,13.50657,0.32979,0.48309
6884,13.44150,0.32907,0.46274
6885,13.42679,0.32476,0.48591
6886,13.38470,0.32338,0.47114
6887,9.16154,0.32702,0.39819
6888,9.51610,0.33572,0.40808
6889,9.44717,0.33251,0.41302
6890,9.09717,0.32397,0.40268
6891,-0.38392,0.01973,0.87128
6892,-0.61764,0.01574,0.88439
6893,-0.40479,0.01553,0.87683
6894,-0.19814,0.01772,0.86494
6895,-6.18949,-0.22854,0.38040
6896,-5.77656,-0.21762,0.36437
6897,-5.80816,-0.21603,0.37392
6898,-6.09563,-0.22315,0.38751
6899,-0.08681,-0.00252,0.71790
6900,-0.00938,0.00054,0.70081
6901,-0.12560,-0.00287,0.69613
6902,-0.03893,-0.00038,0.73452
6903,0.00624,0.00238,0.72484
6904,-8.28913,-0.27977,0.49052
6905,-8.02129,-0.27242,0.48014
6906,-8.02945,-0.27038,0.49467
6907,-7.80867,-0.26464,0.48385
6908,-28.38897,0.00574,0.97061
6909,-24.00798,0.01473,0.94928
6910,-27.27409,0.00797,0.96462
6911,-24.63687,0.01441,0.94971
6912,-2.91833,-0.09118,0.61913
6913,-2.34845,-0.07309,0.62190
6914,-2.52583,-0.07852,0.63158
6915,12.79678,0.30512,0.53432
6916,13.16646,0.31270,0.50767
6917,12.79287,0.30197,0.52865
6918,6.51792,-0.01089,0.04545
6919,5.60983,-0.01810,0.06126
6920,6.30713,-0.01410,0.05196
6921,-9.44273,-0.34243,0.36288
6922,-9.43164,-0.34146,0.36807
6923,-9.88941,-0.35160,0.37890
6924,-7.17185,-0.25061,0.43902
6925,-6.75155,-0.23769,0.42886
6926,-6.99463,-0.24299,0.44646
6927,7.66909,0.24914,0.63685
6928,7.31851,0.23961,0.65494
6929,7.24292,0.23579,0.64882
6930,-3.02539,-0.05413,0.38702
6931,-3.03853,-0.05301,0.41099
6932,-2.71281,-0.04835,0.38781
6933,-0.88196,-0.04274,0.26210
6934,-0.66830,-0.03551,0.24696
6935,-0.68622,-0.03365,0.25987
6936,-3.22300,-0.08752,0.25553
6937,-3.77166,-0.09607,0.26759
6938,-3.90929,-0.09508,0.27662
6939,-0.24317,-0.00754,0.64249
6940,-0.29589,-0.00918,0.62579
6941,0.12761,0.00385,0.63556
6942,-13.80924,-0.38991,0.48852
6943,-13.75922,-0.39317,0.48404
6944,-13.75377,-0.38903,0.50316
6945,-12.63333,-0.28966,0.51824
6946,-12.68008,-0.29367,0.52445
6947,-12.25489,-0.28272,0.54137
6948,5.27716,0.18783,0.24542
6949,5.18775,0.18934,0.24305
6950,4.12339,0.17257,0.22724
6951,-10.35573,-0.25940,0.60772
6952,-9.35126,-0.24748,0.62979
6953,-9.07790,-0.24055,0.63283
6954,25.47423,-0.00567,0.97121
6955,23.60020,-0.01038,0.95918
6956,22.15663,-0.01247,0.95450
6957,24.65183,-0.00615,0.96968
6958,23.02258,-0.00132,0.97849
6959,24.72171,-0.00103,0.98333
6960,28.27803,0.00000,1.00000
6961,24.75186,0.00000,1.00000
6962,28.01271,-0.00226,0.98370
6963,31.43261,-0.00095,0.99114
6964,28.34765,-0.00304,0.98043
6965,38.22647,0.00000,1.00000
6966,30.63913,-0.00108,0.98979
6967,-37.17356,0.00146,0.98665
6968,-38.14864,0.00000,1.00000
6969,-42.30634,0.00000,1.00000
6970,-36.01977,0.00208,0.98241
6971,-1.74531,0.00043,0.95157
6972,-2.82969,0.00024,0.97195
6973,0.89648,0.03775,0.29561
6974,0.99843,0.04319,0.28732
6975,1.14034,0.04697,0.30422
6976,0.69345,0.02966,0.29014
6977,0.77878,0.03436,0.28112
6978,-21.19954,0.02401,0.93294
6979,-17.75149,0.03714,0.91375
6980,-20.30185,0.02821,0.92608
6981,-8.96308,-0.20176,0.60324
6982,-8.83725,-0.19686,0.60213
6983,-9.70039,-0.20957,0.58004
6984,-8.22037,-0.19427,0.62234
6985,-8.03920,-0.18900,0.62312
6986,2.83453,0.08870,0.68660
6987,2.67096,0.08314,0.67800
6988,3.13817,0.09788,0.67203
6989,2.60113,0.08189,0.69954
6990,2.37435,0.07405,0.68977
6991,-9.46522,-0.18452,0.45068
6992,-9.28916,-0.17926,0.45711
6993,-9.23238,-0.18086,0.43329
6994,-9.67310,-0.18893,0.45983
6995,-9.48384,-0.18332,0.47045
6996,-3.18284,-0.21321,0.21433
6997,-4.08231,-0.22917,0.22697
6998,-3.17374,-0.21226,0.21373
6999,-3.07722,-0.21184,0.21324
7000,-4.06198,-0.22951,0.22714
7001,4.49026,0.08931,0.33758
7002,4.85692,0.09365,0.35708
7003,4.80737,0.09479,0.34416
7004,4.48510,0.08739,0.34689
7005,0.03934,0.00767,0.73782
7006,0.17119,0.01100,0.72552
7007,0.19693,0.00832,0.71017
7008,-0.14084,0.00794,0.75971
7009,-6.07285,-0.22748,0.36902
7010,-6.09016,-0.23014,0.36263
7011,-5.75092,-0.21943,0.35567
7012,-6.46401,-0.23913,0.37920
7013,10.98314,0.37372,0.39317
7014,11.04966,0.37513,0.39935
7015,10.63405,0.36718,0.38524
7016,11.28579,0.37914,0.40041
7017,11.38486,0.38125,0.40941
7018,1.26210,0.05967,0.26655
7019,1.31864,0.06389,0.26194
7020,1.50067,0.06848,0.27491
7021,1.04514,0.05171,0.25737
7022,1.10169,0.05687,0.25060
7023,0.79760,-0.02273,0.12714
7024,0.97471,-0.01846,0.11515
7025,0.75557,-0.01963,0.12459
7026,0.82011,-0.02546,0.12946
7027,1.07633,-0.02112,0.11618
7028,13.23963,0.32833,0.43917
7029,12.97787,0.32598,0.42126
7030,13.00710,0.32227,0.42665
7031,13.39417,0.33291,0.44886
7032,13.15015,0.33177,0.42797
7033,0.26112,0.00898,0.43986
7034,0.31120,0.01080,0.42751
7035,0.61956,0.02139,0.43139
7036,0.16866,0.00591,0.41514
7037,0.56342,0.01968,0.41844
7038,9.59768,0.31408,0.65044
7039,9.47453,0.31173,0.65246
7040,10.22314,0.32779,0.63416
7041,8.93068,0.30062,0.66499
7042,8.76393,0.29737,0.66803
7043,0.36612,-0.05537,0.84934
7044,0.38539,-0.05971,0.84761
7045,-0.17237,-0.06383,0.83644
7046,0.70629,-0.04790,0.85884
7047,0.92945,-0.05033,0.86050
7048,9.57219,0.32810,0.31951
7049,9.67002,0.32779,0.32048
7050,10.28889,0.34033,0.33477
7051,8.93504,0.31701,0.30693
7052,8.86653,0.31386,0.30453
7053,-4.14472,-0.20113,0.71381
7054,-5.29896,-0.21211,0.69895
7055,-5.88390,-0.22142,0.69258
7056,-1.73942,-0.17617,0.74016
7057,-3.37824,-0.19061,0.72163
7058,-0.03038,-0.00041,0.38951
7059,0.03751,0.00077,0.41006
7060,0.27585,0.00490,0.39954
7061,-0.28930,-0.00504,0.38382
7062,-0.20860,-0.00352,0.40645
7063,2.16665,0.09614,0.28346
7064,2.20487,0.09995,0.27812
7065,2.47547,0.10697,0.29170
7066,1.91217,0.08750,0.27516
7067,1.96336,0.09260,0.26857
7068,2.18988,0.18555,0.73740
7069,2.51060,0.18723,0.73311
7070,0.00377,0.16246,0.75816
7071,3.76130,0.20409,0.72110
7072,4.66229,0.21183,0.70975
7073,10.89933,0.29837,0.34692
7074,11.16581,0.29875,0.35516
7075,11.66495,0.30946,0.36842
7076,10.16519,0.28762,0.32900
7077,10.37649,0.28814,0.33465
7078,-11.07454,-0.37600,0.39755
7079,-11.12143,-0.37696,0.40307
7080,-11.42448,-0.38246,0.41198
7081,-10.63371,-0.36746,0.38159
7082,-10.69358,-0.36879,0.38829
7083,-8.60020,-0.32239,0.31156
7084,-7.95448,-0.30931,0.29825
7085,-8.00768,-0.31102,0.30067
7086,-7.42197,-0.29821,0.28714
7087,-7.27056,-0.29597,0.28597
7088,-2.20407,-0.09220,0.30237
7089,-2.39938,-0.10036,0.30285
7090,-2.14827,-0.09288,0.29136
7091,-2.44905,-0.09958,0.31391
7092,2.29067,0.19731,0.20606
7093,1.65824,0.18516,0.19699
7094,1.32827,0.17953,0.19199
7095,3.24793,0.21555,0.22071
7096,2.51899,0.20102,0.21000
7097,-1.03786,0.02890,0.14576
7098,-0.67642,0.03359,0.15664
7099,-1.49977,0.02699,0.13485
7100,-0.70630,0.02985,0.15418
7101,-0.27712,0.03526,0.16748
7102,2.57526,0.18845,0.21871
7103,2.33447,0.18197,0.21500
7104,1.69390,0.17038,0.20314
7105,3.29697,0.20363,0.23198
7106,3.14568,0.19915,0.22989
7107,-0.96865,0.07569,0.15108
7108,-0.43608,0.08455,0.16333
7109,-0.78810,0.07583,0.15449
7110,-1.23210,0.07403,0.14603
7111,-0.58061,0.08542,0.16057
7112,11.86516,0.25421,0.49629
7113,11.93889,0.25694,0.47473
7114,11.76831,0.25041,0.48304
7115,11.91313,0.25708,0.50670
7116,12.09215,0.26203,0.48156
7117,8.91348,0.29548,0.52304
7118,9.15863,0.30391,0.51962
7119,9.11564,0.30036,0.53600
7120,8.71654,0.29049,0.51249
7121,8.92560,0.29819,0.50668
7122,-5.72529,-0.18303,0.64567
7123,-6.07877,-0.19461,0.63688
7124,-5.81305,-0.18553,0.63252
7125,-5.56247,-0.17846,0.66002
7126,-5.95793,-0.19130,0.65095
7127,-2.02992,-0.12046,0.79222
7128,-2.60911,-0.12849,0.78009
7129,-2.23815,-0.11877,0.78788
7130,-3.25512,-0.14077,0.76585
7131,-2.87917,-0.12909,0.77320
7132,-1.15516,0.00425,0.93417
7133,-1.16586,0.00608,0.92505
7134,-1.56400,0.00516,0.93640
7135,-0.82247,0.00439,0.92497
7136,2.08124,0.03662,0.40298
7137,2.35818,0.04153,0.40624
7138,2.15165,0.03873,0.38310
7139,1.95317,0.03369,0.42115
7140,2.24520,0.03874,0.43001
7141,8.08898,0.31349,0.32290
7142,8.23861,0.31631,0.32889
7143,7.64641,0.30347,0.31407
7144,8.59379,0.32443,0.33539
7145,-7.35167,-0.15096,0.59842
7146,-6.67793,-0.14484,0.62061
7147,-6.46711,-0.13962,0.62150
7148,-8.05111,-0.16079,0.57770
7149,-7.67134,-0.15804,0.59609
7150,-7.15599,-0.23471,0.54559
7151,-7.08435,-0.23378,0.53162
7152,-6.81374,-0.22350,0.54259
7153,-7.48925,-0.24537,0.55006
7154,-7.41287,-0.24447,0.53455
7155,7.80169,0.25224,0.60871
7156,8.02959,0.26007,0.59461
7157,8.15850,0.26419,0.60417
7158,7.47693,0.24133,0.61280
7159,7.70053,0.24899,0.59867
7160,-7.37820,-0.27058,0.38563
7161,-7.22622,-0.26862,0.37384
7162,-7.02355,-0.26139,0.37350
7163,-7.75436,-0.28008,0.39958
7164,-7.65554,-0.28008,0.38682
7165,-5.56747,-0.17183,0.25849
7166,-4.72921,-0.16023,0.24387
7167,-4.95086,-0.16544,0.24671
7168,-5.52890,-0.16926,0.25884
7169,7.79309,0.30795,0.30295
7170,7.33287,0.29825,0.29260
7171,7.94092,0.31069,0.30382
7172,7.61294,0.30429,0.30104
7173,7.01302,0.29170,0.28782
7174,-5.31326,-0.11615,0.31224
7175,-5.89818,-0.12376,0.33180
7176,-5.68950,-0.11837,0.33221
7177,-4.99648,-0.11401,0.29814
7178,-5.51757,-0.12103,0.31332
7179,-1.88850,0.15462,0.78641
7180,-2.46028,0.14900,0.78998
7181,-5.02342,0.12654,0.81195
7182,0.33206,0.17709,0.76649
7183,0.06608,0.17386,0.76784
7184,-12.36991,-0.39686,0.45756
7185,-12.40987,-0.39748,0.45099
7186,-12.15428,-0.39414,0.44139
7187,-12.50562,-0.39783,0.47328
7188,-12.61655,-0.39946,0.46903
7189,7.57001,0.15345,0.59220
7190,8.06813,0.16223,0.58202
7191,8.30762,0.16290,0.56473
7192,6.83657,0.14503,0.61472
7193,7.21323,0.15203,0.60938
7194,-6.46580,-0.24290,0.36670
7195,-6.15948,-0.23540,0.35459
7196,-6.14964,-0.23302,0.36053
7197,-6.80459,-0.25340,0.37326
7198,-6.37449,-0.24321,0.35552
7199,0.66595,0.02464,0.35962
7200,0.78840,0.02876,0.37152
7201,0.48023,0.01743,0.37372
7202,0.81804,0.03080,0.34833
7203,1.00700,0.03710,0.36417
7204,0.27981,-0.01538,0.14286
7205,0.22465,-0.01851,0.15070
7206,0.37236,-0.01684,0.13853
7207,0.16680,-0.01533,0.15257
7208,2.48438,-0.00605,0.07282
7209,2.81443,-0.00591,0.06845
7210,2.11107,-0.00923,0.09129
7211,2.73253,-0.00401,0.05837
7212,3.17373,-0.00346,0.05096
7213,-2.86558,-0.08920,0.63585
7214,-2.38619,-0.07397,0.64482
7215,-3.21797,-0.10052,0.62835
7216,2.95324,0.18154,0.23365
7217,2.62748,0.17242,0.22769
7218,2.26776,0.16692,0.21905
7219,3.48014,0.19298,0.24532
7220,3.27539,0.18639,0.24211
7221,-13.31409,-0.31842,0.49627
7222,-13.23552,-0.31392,0.49622
7223,-13.31442,-0.31785,0.47810
7224,-13.06842,-0.30717,0.50818
7225,-13.20420,-0.31127,0.48731
7226,8.62629,-0.02538,0.86250
7227,7.56922,-0.03177,0.84675
7228,10.58441,-0.02162,0.87894
7229,5.57606,-0.04126,0.82175
7230,7.79579,-0.03377,0.84569
7231,12.70205,0.39337,0.51973
7232,12.81195,0.39384,0.52182
7233,12.60758,0.38785,0.53868
7234,12.68675,0.39607,0.50422
7235,12.81015,0.39712,0.50544
7236,5.11018,0.19494,0.24033
7237,6.01142,0.20986,0.25410
7238,4.69179,0.19126,0.23350
7239,5.40860,0.19692,0.24549
7240,6.14800,0.20913,0.25703
7241,0.57953,0.01803,0.71611
7242,0.95844,0.02998,0.71731
7243,0.65291,0.02068,0.73070
7244,0.47189,0.01453,0.70265
7245,0.86171,0.02664,0.70440
7246,1.61292,0.02741,0.44263
7247,1.56417,0.02638,0.46591
7248,1.88503,0.03187,0.46056
7249,1.32903,0.02251,0.44923
7250,3.58553,-0.11426,0.83300
7251,2.81963,-0.12018,0.82728
7252,4.10769,-0.10540,0.84077
7253,1.39384,-0.13688,0.81234
7254,2.08302,-0.12613,0.82149
7255,2.44224,-0.04331,0.11316
7256,2.47967,-0.04008,0.11019
7257,2.01353,-0.04707,0.12157
7258,2.93203,-0.03856,0.10371
7259,2.95705,-0.03497,0.10026
7260,0.38307,0.01334,0.40983
7261,0.44593,0.01538,0.42317
7262,0.10574,0.00359,0.42103
7263,0.64160,0.02263,0.40101
7264,0.75313,0.02622,0.41725
7265,-6.09387,-0.25536,0.30558
7266,-6.00055,-0.25511,0.29985
7267,-5.47198,-0.24133,0.28900
7268,-6.59114,-0.26638,0.32024
7269,-6.62608,-0.26937,0.31665
7270,0.49047,-0.05322,0.85244
7271,0.35524,-0.04926,0.85218
7272,0.92949,-0.04521,0.86394
7273,-0.00392,-0.06299,0.83987
7274,-0.08835,-0.05793,0.83999
7275,-0.49031,0.14548,0.16740
7276,-1.24185,0.13217,0.15728
7277,-1.48385,0.12912,0.15416
7278,0.48383,0.16235,0.18091
7279,-0.24779,0.14864,0.17078
7280,-7.57868,0.06810,0.82139
7281,-11.06824,0.05094,0.85014
7282,-10.18849,0.05745,0.84196
7283,-5.29045,0.07878,0.80142
7284,-8.46266,0.06115,0.82994
7285,0.09157,-0.01997,0.16283
7286,0.03529,-0.01745,0.16781
7287,-0.05686,-0.02230,0.17791
7288,-1.41412,-0.06036,0.29387
7289,-1.18244,-0.05142,0.28778
7290,-1.33037,-0.05531,0.30286
7291,-1.48427,-0.06486,0.28678
7292,-1.27273,-0.05744,0.27748
7293,0.27828,0.14067,0.17411
7294,0.89644,0.14759,0.18163
7295,1.77276,0.16160,0.19249
7296,-1.01028,0.12352,0.15899
7297,-0.38510,0.13031,0.16620
7298,11.17684,0.30468,0.60810
7299,11.82008,0.31421,0.59135
7300,10.95432,0.29741,0.61157
7301,11.34144,0.31063,0.60556
7302,11.91921,0.31924,0.59029
7303,-1.36745,0.11324,0.82742
7304,-2.25263,0.09991,0.83954
7305,-1.17899,0.11035,0.82822
7306,-3.57703,0.08526,0.85453
7307,-2.11747,0.09648,0.84119
7308,4.44323,0.10810,0.27998
7309,5.14747,0.11669,0.30067
7310,4.66841,0.11360,0.28176
7311,4.19722,0.10296,0.27658
7312,4.85477,0.11091,0.29608
7313,6.90863,0.22218,0.62242
7314,6.66057,0.21377,0.62033
7315,6.96311,0.22397,0.60982
7316,6.82562,0.21987,0.63542
7317,6.52392,0.20951,0.63535
7318,10.94686,0.32005,0.61999
7319,11.24828,0.32783,0.61366
7320,11.80688,0.33707,0.59930
7321,10.09306,0.30482,0.63764
7322,10.35723,0.31116,0.63305
7323,4.02440,0.20720,0.22229
7324,3.64617,0.19971,0.21710
7325,4.54326,0.21367,0.22948
7326,3.25197,0.19620,0.21189
7327,3.01491,0.19091,0.20869
7328,-4.70299,-0.15788,0.24434
7329,-4.09430,-0.14827,0.23460
7330,-3.75513,-0.14660,0.22797
7331,8.41223,0.31221,0.30012
7332,7.59752,0.29614,0.28453
7333,8.28322,0.30822,0.29646
7334,8.54722,0.31594,0.30381
7335,7.71002,0.29976,0.28779
7336,-0.08062,0.02455,0.85549
7337,0.14992,0.02619,0.84348
7338,0.19967,0.03101,0.84125
7339,0.26047,0.02410,0.83531
7340,0.33028,0.03002,0.83366
7341,2.95415,0.09305,0.59153
7342,2.51166,0.07875,0.59687
7343,2.62577,0.08294,0.58010
7344,3.30525,0.10400,0.59982
7345,2.83703,0.08877,0.60745
7346,-4.54183,0.04082,0.10807
7347,-3.34122,0.05006,0.12387
7348,-3.89968,0.04722,0.11714
7349,-5.69025,0.03178,0.09291
7350,-4.45058,0.04004,0.10841
7351,-2.12100,0.12185,0.14700
7352,-1.88231,0.12430,0.14957
7353,-0.56567,0.14375,0.16467
7354,-3.26591,0.10661,0.13447
7355,-5.62951,-0.19465,0.44788
7356,-5.87503,-0.20129,0.46165
7357,-6.02617,-0.20855,0.44872
7358,-5.27919,-0.18253,0.44588
7359,-5.50190,-0.18828,0.46135
7360,-2.35746,0.10404,0.14355
7361,-3.02572,0.09727,0.13635
7362,-3.96743,0.08531,0.12601
7363,-1.03551,0.12048,0.15855
7364,-1.66820,0.11374,0.15139
7365,-10.33298,-0.33902,0.33425
7366,-10.15342,-0.33790,0.33125
7367,-10.80905,-0.34914,0.34635
7368,-9.85060,-0.32890,0.32299
7369,-9.54635,-0.32528,0.31734
7370,3.36573,0.10575,0.68281
7371,3.10105,0.09724,0.68443
7372,3.05063,0.09634,0.69620
7373,-0.49824,-0.01611,0.73818
7374,-0.26489,-0.00872,0.74784
7375,-0.52677,-0.01762,0.75403
7376,0.01388,0.00041,0.74966
7377,-0.16716,-0.00576,0.76239
7378,3.98525,-0.00965,0.05372
7379,4.11233,-0.00708,0.04586
7380,3.68899,-0.01004,0.05658
7381,3.46138,-0.01309,0.06524
7382,3.74473,-0.01355,0.06406
7383,-0.75748,0.08656,0.83840
7384,-1.49334,0.07367,0.85173
7385,-0.26062,0.08801,0.83307
7386,-0.72554,0.07765,0.84279
7387,-1.72569,0.06547,0.85870
7388,-4.74489,-0.14998,0.64056
7389,-4.72069,-0.14917,0.62747
7390,-4.45234,-0.14035,0.63666
7391,-4.36308,-0.13750,0.64843
7392,-4.62937,-0.14653,0.65674
7393,8.38769,-0.04896,0.08231
7394,6.96230,-0.06325,0.09622
7395,7.77902,-0.05488,0.08836
7396,9.06798,-0.04278,0.07607
7397,10.06078,-0.03429,0.06651
7398,-3.42925,0.02488,0.08435
7399,-3.94909,0.01871,0.07151
7400,-3.97794,0.02065,0.07419
7401,-3.47146,0.02687,0.08637
7402,-4.03024,0.02227,0.07607
7403,-0.44488,-0.01543,0.42325
7404,-0.07316,-0.00250,0.42963
7405,-0.44049,-0.01510,0.43618
7406,-0.19606,-0.00666,0.44755
7407,-0.17555,-0.00611,0.41622
7408,-1.67370,0.13199,0.15254
7409,-2.90937,0.11409,0.13846
7410,-2.27051,0.12311,0.14572
7411,-3.42417,0.10695,0.13286
7412,-4.38363,0.09414,0.12234
7413,-6.36589,-0.22925,0.40333
7414,-6.73739,-0.24170,0.40788
7415,-6.41560,-0.23319,0.39445
7416,-6.66203,-0.23719,0.41578
7417,-6.96841,-0.24650,0.42365
7418,-16.31580,0.00145,0.00932
7419,-15.86857,0.00163,0.01036
7420,-14.87166,0.00468,0.02020
7421,-15.40263,0.00310,0.01580
7422,7.00455,-0.03785,0.08863
7423,7.94896,-0.03186,0.07914
7424,6.43448,-0.04310,0.09525
7425,6.46703,-0.04380,0.09538
7426,7.93449,-0.03317,0.08010
7427,5.26690,0.10042,0.36760
7428,5.18618,0.09717,0.37884
7429,5.12916,0.10033,0.35131
7430,4.69861,0.09557,0.32941
7431,5.45543,0.23608,0.29546
7432,5.48133,0.23877,0.29302
7433,5.90818,0.24809,0.30533
7434,5.81252,0.24340,0.30694
7435,6.36216,0.25780,0.31982
7436,-11.12606,0.00277,0.01724
7437,-10.98028,0.00160,0.01201
7438,-10.33200,0.00486,0.02411
7439,-10.50408,0.00393,0.02071
7440,-11.20605,0.00161,0.01144
7441,-5.62169,0.12134,0.81919
7442,-5.12837,0.12501,0.81692
7443,-3.13232,0.14292,0.79968
7444,-2.91282,0.14459,0.79949
7445,-0.86090,0.16495,0.78045
7446,13.63635,-0.03539,0.87473
7447,13.55229,-0.03358,0.87612
7448,10.69147,-0.04509,0.85266
7449,10.17079,-0.04984,0.84664
7450,7.28060,-0.06227,0.82225
7451,-12.26834,-0.26938,0.48195
7452,-12.16865,-0.26613,0.47067
7453,-12.30149,-0.27222,0.46335
7454,-12.11821,-0.26734,0.45124
7455,-12.19152,-0.27285,0.44203
7456,-1.55100,-0.06363,0.30840
7457,-1.46093,-0.05873,0.31659
7458,-1.65459,-0.06604,0.32038
7459,-1.79149,-0.07218,0.31637
7460,-1.66672,-0.06990,0.30030
7461,10.01704,-0.03028,0.06629
7462,9.62019,-0.03355,0.07005
7463,11.15646,-0.02295,0.05590
7464,-2.65320,-0.15759,0.23733
7465,-2.86119,-0.15965,0.24462
7466,-3.01879,-0.16630,0.24651
7467,-3.40576,-0.17412,0.25772
7468,-3.39777,-0.17108,0.26027
7469,3.28196,0.10496,0.70460
7470,-8.48602,-0.24437,0.64968
7471,-7.27151,-0.22664,0.66781
7472,-8.62713,-0.24339,0.64577
7473,-7.42493,-0.23181,0.66682
7474,-6.38070,-0.21841,0.68150
7475,-5.26027,-0.20309,0.69560
7476,9.53259,0.34028,0.38856
7477,9.88583,0.34734,0.40397
7478,9.63700,0.34133,0.39830
7479,9.31509,0.33421,0.38725
7480,9.10625,0.33069,0.37531
7481,0.09554,0.14341,0.80327
7482,1.53761,0.16096,0.78649
7483,1.26777,0.16004,0.78849
7484,-7.21751,0.03344,0.07198
7485,-6.27932,-0.24884,0.33243
7486,-6.74346,-0.25997,0.34784
7487,-6.55638,-0.25730,0.33727
7488,-6.35764,-0.24853,0.34011
7489,-6.68881,-0.25627,0.35221
7490,-7.03938,-0.26560,0.36230
7491,-0.27930,-0.00891,0.72925
7492,0.06156,0.00191,0.72920
7493,-0.14087,-0.00461,0.74014
7494,0.14975,0.00479,0.74102
7495,0.34100,0.01083,0.73442
7496,-8.71560,0.01434,0.05688
7497,-8.77343,0.01505,0.05761
7498,-9.91095,0.00972,0.04450
7499,-10.22645,0.00782,0.03962
7500,-9.25536,0.01117,0.04939
7501,6.45411,0.20796,0.26378
7502,6.36418,0.20966,0.26134
7503,5.62476,0.19784,0.24949
7504,5.03975,0.23803,0.27005
7505,5.34166,0.24639,0.27458
7506,5.57317,0.25032,0.28154
7507,6.10143,0.26327,0.29194
7508,-11.54456,0.01628,0.04882
7509,-13.47197,0.00790,0.03158
7510,-12.82391,0.01021,0.03700
7511,-11.30453,0.01686,0.05040
7512,-1.02648,-0.03789,0.36547
7513,-0.67201,-0.02488,0.36164
7514,-0.89590,-0.03268,0.37461
7515,-0.61829,-0.02249,0.37847
7516,-6.06435,-0.10725,0.46972
7517,-6.35943,-0.11295,0.47484
7518,-6.21650,-0.10972,0.49420
7519,-5.90011,-0.10358,0.49627
7520,-11.57932,-0.37134,0.53606
7521,-11.59502,-0.37453,0.51789
7522,-11.45508,-0.36981,0.52702
7523,-11.35006,-0.36508,0.54170
7524,2.13589,0.06922,0.72875
7525,2.05569,0.06548,0.71821
7526,2.38357,0.07587,0.71363
7527,2.54256,0.08224,0.72295
7528,-6.01024,0.04644,0.89460
7529,-7.80079,0.03739,0.90829
7530,-7.44476,0.03451,0.91100
7531,-6.05548,0.05020,0.89101
7532,-6.95602,0.04728,0.89593
7533,6.12280,0.21863,0.41079
7534,6.46905,0.22992,0.41675
7535,6.47239,0.22802,0.42680
7536,6.14322,0.21667,0.42466
7537,-0.65271,-0.15999,0.79141
7538,-1.78922,-0.17259,0.77941
7539,-0.39163,-0.15351,0.79630
7540,-2.18973,-0.18054,0.77313
7541,-1.82394,-0.17808,0.77612
7542,-3.24564,-0.20521,0.22930
7543,-3.67360,-0.21281,0.23832
7544,-4.10381,-0.22305,0.24561
7545,-3.04269,-0.19913,0.22676
7546,-2.46384,-0.18849,0.21564
7547,-0.78182,0.14134,0.16345
7548,-1.16350,0.13568,0.15842
7549,-0.14808,0.15269,0.17192
7550,-1.69878,0.12642,0.15146
7551,3.05080,0.21184,0.21348
7552,3.32646,0.21730,0.21793
7553,2.40080,0.20039,0.20477
7554,3.97532,0.22911,0.22715
7555,4.25996,0.23398,0.23094
7556,-9.29976,-0.20155,0.58841
7557,-9.62093,-0.20296,0.57315
7558,-9.99321,-0.21188,0.56735
7559,-10.33145,-0.21480,0.54846
7560,-0.19643,-0.04177,0.18417
7561,0.03534,-0.03602,0.17053
7562,-0.07170,-0.03545,0.17733
7563,0.05914,-0.03869,0.16939
7564,-0.17759,-0.04548,0.18215
7565,-7.14633,-0.26281,0.38365
7566,-6.69886,-0.25299,0.36255
7567,12.63110,0.38612,0.40832
7568,12.60316,0.38794,0.41005
7569,12.24926,0.38126,0.39498
7570,12.14226,0.38182,0.39395
7571,8.89277,-0.09667,0.84377
7572,11.36410,-0.08083,0.85910
7573,8.43051,-0.10056,0.83895
7574,5.40246,-0.12357,0.81754
7575,-4.19550,-0.17540,0.30786
7576,-3.84788,-0.16274,0.30297
7577,-4.17117,-0.17129,0.31469
7578,-4.49608,-0.18137,0.32300
7579,-1.77462,-0.07693,0.28951
7580,-1.95488,-0.08462,0.29053
7581,-1.71888,-0.07733,0.27930
7582,-1.89354,-0.08531,0.27948
7583,-9.07366,-0.17366,0.51566
7584,-9.38686,-0.18126,0.51247
7585,-8.97801,-0.17323,0.53183
7586,-9.05048,-0.17618,0.53974
7587,9.82503,0.26753,0.32633
7588,10.50587,0.27537,0.34400
7589,10.54566,0.27857,0.34379
7590,10.17321,0.27586,0.33317
7591,-24.72226,0.01226,0.93751
7592,-19.49128,0.02530,0.90533
7593,-20.60059,0.02090,0.91394
7594,-25.38492,0.01186,0.93961
7595,-21.45181,0.02148,0.91567
7596,-7.88643,-0.29580,0.36181
7597,-8.35732,-0.30786,0.37385
7598,-7.99046,-0.30012,0.35915
7599,-8.31355,-0.30533,0.37768
7600,-8.05096,-0.29788,0.37307
7601,-0.45966,0.13232,0.16545
7602,-1.88045,0.11474,0.14930
7603,-1.73307,0.11534,0.15087
7604,-3.04437,0.09948,0.13644
7605,-0.03571,-0.00098,0.27984
7606,-0.20212,-0.00458,0.27845
7607,-0.10887,-0.00243,0.29858
7608,-0.33138,-0.00684,0.30112
7609,-8.18451,-0.27157,0.52328
7610,-8.40935,-0.27760,0.53475
7611,-8.47914,-0.28142,0.52254
7612,-8.32867,-0.27836,0.50843
7613,1.49070,0.04048,0.24708
7614,1.00093,0.03410,0.22444
7615,1.42089,0.03816,0.24901
7616,1.21893,0.03447,0.24293
7617,8.61107,0.24184,0.64541
7618,9.46844,0.25093,0.62872
7619,7.96333,0.23103,0.65501
7620,8.63344,0.23657,0.64199
7621,5.89774,0.19046,0.66449
7622,5.81528,0.18637,0.65370
7623,6.19001,0.19909,0.65042
7624,5.57853,0.17998,0.66995
7625,5.38591,0.17284,0.66645
7626,5.82720,0.24171,0.31085
7627,6.25699,0.25398,0.31935
7628,6.32332,0.25374,0.32506
7629,6.13782,0.24737,0.32350
7630,-5.87780,-0.26335,0.25492
7631,-6.84189,-0.28197,0.27111
7632,-6.62337,-0.27684,0.26673
7633,-5.74081,-0.25968,0.25201
7634,-13.38905,-0.39893,0.45481
7635,-13.14171,-0.39641,0.43720
7636,-13.12978,-0.39788,0.44025
7637,-13.33185,-0.40035,0.45741
7638,-8.09919,-0.31355,0.30431
7639,-7.47135,-0.30050,0.29110
7640,-7.86037,0.00884,0.03726
7641,-8.75380,0.00458,0.02500
7642,-8.32490,0.00722,0.03251
7643,-7.58622,0.01204,0.04408
7644,-6.49255,0.06358,0.10117
7645,-6.84100,0.05934,0.09757
7646,-5.45257,0.07373,0.11149
7647,-7.76068,0.05111,0.08872
7648,-7.93422,0.05001,0.08716
7649,0.37596,0.01389,0.35641
7650,0.09960,0.00360,0.35320
7651,0.25542,0.00957,0.34367
7652,0.51922,0.01965,0.34328
7653,-11.27385,-0.26911,0.58051
7654,-11.30583,-0.27308,0.58324
7655,-10.66617,-0.26104,0.59761
7656,-15.05091,0.00604,0.96770
7657,-14.49219,0.00562,0.96858
7658,-12.99651,0.01060,0.95516
7659,-13.61874,0.01117,0.95437
7660,-11.50627,0.01767,0.94045
7661,-4.41181,0.09186,0.12225
7662,-3.52877,-0.07537,0.30417
7663,-4.03188,-0.08221,0.32340
7664,-3.82921,-0.07782,0.32309
7665,-4.26009,-0.08317,0.34394
7666,7.16595,0.13427,0.55729
7667,6.56044,0.12648,0.58431
7668,6.95367,0.13358,0.57701
7669,7.52630,0.14155,0.55212
7670,10.85606,0.35698,0.50666
7671,10.88553,0.35567,0.52093
7672,10.68486,0.35125,0.51315
7673,10.69444,0.34919,0.52917
7674,-7.04014,0.04562,0.09171
7675,-5.67807,0.05741,0.10587
7676,-6.06951,0.05476,0.10201
7677,-7.88692,0.03980,0.08360
7678,-0.19529,-0.05318,0.83895
7679,-0.72188,-0.05950,0.82359
7680,-0.45556,-0.05193,0.83181
7681,-0.09969,-0.04595,0.84318
7682,0.09171,0.12060,0.17637
7683,0.85223,0.13624,0.19101
7684,0.63097,0.12911,0.18695
7685,0.18118,0.12440,0.17806
7686,0.58891,0.13375,0.18564
7687,1.84084,0.03141,0.43649
7688,2.04575,0.03492,0.44191
7689,7.38794,0.29949,0.29798
7690,6.99467,0.29124,0.28899
7691,12.71060,0.37542,0.56351
7692,12.64894,0.37647,0.56362
7693,12.94124,0.38315,0.54923
7694,12.89733,0.38474,0.54756
7695,-9.07533,-0.29685,0.66047
7696,-9.30052,-0.30242,0.65707
7697,-8.17949,-0.28281,0.67607
7698,-9.90082,-0.31220,0.64523
7699,-10.06295,-0.31382,0.64177
7700,2.93208,0.19306,0.22672
7701,2.18888,0.17745,0.21294
7702,4.54491,0.14400,0.66489
7703,4.92414,0.15652,0.66029
7704,4.79633,0.15310,0.67147
7705,4.40170,0.14043,0.67957
7706,-2.24227,-0.05604,0.26202
7707,-1.91126,-0.05029,0.25277
7708,-1.79771,-0.05074,0.24383
7709,-1.88202,-0.05344,0.24335
7710,-2.97714,0.00180,0.03841
7711,-2.44638,0.00253,0.05007
7712,-2.54277,0.00330,0.05552
7713,-2.89335,0.00290,0.04926
7714,-12.78805,0.01213,0.03582
7715,-13.48628,0.00834,0.02850
7716,-14.33643,0.00516,0.02132
7717,-13.87853,0.00737,0.02660
7718,0.97974,0.06081,0.22881
7719,1.24430,0.06958,0.24031
7720,1.19146,0.06526,0.24276
7721,1.02795,0.05835,0.23793
7722,1.57208,0.06696,0.29420
7723,1.40488,0.06258,0.28073
7724,1.61289,0.07030,0.28713
7725,15.72968,-0.03051,0.88792
7726,13.42236,-0.04059,0.86929
7727,17.50327,-0.02690,0.89805
7728,20.86714,-0.01633,0.92270
7729,6.69577,0.25318,0.70625
7730,6.25044,0.24319,0.71410
7731,7.01018,0.25721,0.70004
7732,7.62277,0.27057,0.68830
7733,-11.20299,-0.24195,0.54240
7734,-11.60029,-0.25161,0.53021
7735,-11.05322,-0.24191,0.55460
7736,-11.42102,-0.25107,0.54624
7737,-13.83345,-0.38188,0.46618
7738,-13.68117,-0.38421,0.45111
7739,-13.82586,-0.38506,0.46937
7740,-13.62589,-0.38091,0.44465
7741,-13.75140,-0.37861,0.45481
7742,-14.24299,0.00121,0.00858
7743,-14.28379,0.00138,0.00967
7744,-13.11110,0.00380,0.01848
7745,-12.82627,0.00500,0.02184
7746,11.62040,0.38415,0.40462
7747,11.61945,0.38322,0.39960
7748,11.96371,0.38957,0.41580
7749,12.04699,0.39006,0.41441
7750,-8.95123,-0.32853,0.36637
7751,-8.43351,-0.31684,0.35130
7752,-8.51071,-0.31759,0.35728
7753,-9.01563,-0.32859,0.37445
7754,1.10000,0.03430,0.59621
7755,1.65063,0.05156,0.59582
7756,1.29006,0.04004,0.60834
7757,1.69556,0.05269,0.60927
7758,-7.03518,-0.23340,0.67602
7759,-6.39366,-0.22332,0.68379
7760,-4.75845,-0.20334,0.70445
7761,11.04538,0.36313,0.50021
7762,11.18990,0.36474,0.51457
7763,11.01933,0.36031,0.51409
7764,11.24978,0.36801,0.50348
7765,11.17224,0.36807,0.49026
7766,3.84731,0.20107,0.21978
7767,2.78554,0.18584,0.20564
7768,9.00762,-0.03991,0.84744
7769,5.66894,-0.05574,0.81328
7770,7.82371,-0.04745,0.83395
7771,7.16120,-0.04605,0.83054
7772,4.71462,-0.05751,0.80431
7773,9.62630,0.32450,0.48283
7774,9.57762,0.32587,0.46672
7775,9.83276,0.33161,0.47896
7776,9.41082,0.32019,0.46876
7777,9.34290,0.31656,0.47692
7778,13.38813,0.36475,0.54083
7779,13.20461,0.36276,0.55028
7780,13.46999,0.37032,0.53575
7781,13.69179,0.37398,0.51965
7782,-2.90299,-0.09049,0.62446
7783,-2.58869,-0.08075,0.61591
7784,-2.48286,-0.07713,0.63030
7785,-2.14471,-0.06662,0.62283
7786,12.33054,0.37956,0.55744
7787,12.00787,0.37085,0.57359
7788,12.18643,0.37713,0.56037
7789,12.42701,0.38429,0.54500
7790,8.75238,0.31522,0.39365
7791,9.03965,0.32122,0.40681
7792,8.80779,0.31458,0.40338
7793,8.41320,0.30583,0.38686
7794,5.74614,0.19651,0.25248
7795,4.91972,0.18264,0.23983
7796,5.90321,0.19547,0.25616
7797,6.74084,0.20894,0.27011
7798,7.99868,-0.00075,0.01272
7799,8.29060,-0.00080,0.01339
7800,7.30813,-0.00229,0.02653
7801,6.92028,-0.00195,0.02556
7802,-3.10273,-0.17190,0.24581
7803,-2.57939,-0.15961,0.23322
7804,-2.85646,-0.16368,0.24154
7805,-3.43725,-0.17714,0.25645
7806,8.19204,0.17614,0.35373
7807,8.75331,0.18342,0.37463
7808,8.53346,0.18317,0.36070
7809,7.95537,0.17571,0.34103
7810,1.36351,0.18126,0.18995
7811,1.78843,0.18809,0.19529
7812,2.43341,0.19961,0.20406
7813,2.09522,0.19415,0.19978
7814,2.41044,-0.10475,0.77271
7815,1.39025,-0.10930,0.76200
7816,-0.39486,-0.12406,0.74288
7817,-0.14836,-0.12546,0.74618
7818,-4.24281,0.09181,0.79137
7819,-7.48021,0.07248,0.82000
7820,-7.07890,0.07703,0.81601
7821,-4.11436,0.09594,0.78968
7822,13.83669,-0.00650,0.02462
7823,14.99938,-0.00192,0.01134
7824,14.33303,-0.00454,0.01953
7825,13.21026,-0.00925,0.03033
7826,-0.41269,-0.03307,0.21067
7827,-0.46170,-0.03142,0.22119
7828,-0.54335,-0.03698,0.22116
7829,-0.63866,-0.03758,0.23426
7830,-7.54887,-0.14710,0.39255
7831,-7.40855,-0.14240,0.39988
7832,-7.12979,-0.13983,0.38072
7833,-7.10639,-0.14194,0.36959
7834,-11.01399,-0.36174,0.50624
7835,-10.80249,-0.35610,0.50505
7836,-10.91756,-0.35736,0.51787
7837,-11.08306,-0.36120,0.52199
7838,-7.98838,-0.19410,0.31711
7839,-8.65573,-0.20149,0.33641
7840,-7.85559,-0.18979,0.31640
7841,-8.39507,-0.19466,0.33354
7842,1.39789,-0.05681,0.13688
7843,0.87411,-0.06451,0.14994
7844,0.88415,-0.06697,0.15048
7845,1.35349,-0.06129,0.13962
7846,13.76848,-0.05874,0.88740
7847,11.13618,-0.07423,0.87081
7848,5.04106,0.09166,0.57358
7849,5.03509,0.08991,0.55949
7850,4.60506,0.08498,0.58806
7851,4.62005,0.08294,0.57105
7852,-25.50602,0.01959,0.93020
7853,-28.80776,0.01243,0.94699
7854,-23.38374,0.02571,0.91908
7855,-26.43558,0.01766,0.93561
7856,-1.31060,-0.03925,0.23651
7857,-1.55608,-0.04032,0.25385
7858,-1.12654,-0.03545,0.23121
7859,-1.35323,-0.03638,0.24853
7860,-1.94072,-0.10673,0.20398
7861,9.52639,0.31291,0.64958
7862,9.67865,0.31617,0.64689
7863,8.96811,0.30132,0.66317
7864,8.80024,0.29750,0.66594
7865,-19.69896,0.02790,0.92700
7866,-21.76642,0.01961,0.94049
7867,-17.72004,0.03389,0.91864
7868,-15.96458,0.04354,0.90575
7869,12.35867,0.29750,0.55511
7870,12.39574,0.30190,0.55797
7871,12.75836,0.30709,0.54022
7872,-0.11162,0.00033,0.84425
7873,-0.15639,0.00104,0.81181
7874,0.03505,-0.00077,0.80594
7875,0.25759,-0.00130,0.84339
7876,5.18286,0.24970,0.26230
7877,5.58154,0.25909,0.26856
7878,6.34548,0.27539,0.28445
7879,-3.53643,-0.17463,0.76234
7880,-3.53792,-0.17046,0.76272
7881,-2.81769,-0.16117,0.77461
7882,-2.46502,-0.15219,0.78107
7883,-6.89443,0.01177,0.88398
7884,-7.78221,0.01172,0.88984
7885,-5.68210,0.01692,0.85985
7886,-6.36298,0.01756,0.86384
7887,11.36219,-0.08148,0.85586
7888,15.67081,-0.05764,0.88268
7889,14.67503,-0.06279,0.87572
7890,10.91047,-0.08439,0.85151
7891,3.57623,-0.02511,0.10323
7892,3.03376,-0.02745,0.11160
7893,3.93074,-0.02127,0.09498
7894,4.54758,-0.01881,0.08614
7895,10.14258,-0.03194,0.06318
7896,8.89177,-0.04279,0.07518
7897,9.16353,-0.04051,0.07275
7898,7.81719,-0.05347,0.08595
7899,5.89520,-0.04587,0.10010
7900,6.39432,-0.04309,0.09513
7901,5.21641,-0.05297,0.10820
7902,4.43316,-0.05871,0.11677
7903,3.51820,0.20551,0.23776
7904,3.74056,0.20840,0.24357
7905,3.16093,0.19658,0.23158
7906,2.85574,0.19158,0.22490
7907,-3.74576,0.08949,0.12331
7908,-2.80900,0.10300,0.13525
7909,-3.61521,0.09007,0.12448
7910,-2.59506,0.10498,0.13769
7911,6.20949,-0.07045,0.10166
7912,6.48869,-0.06689,0.09849
7913,5.38014,-0.08024,0.11026
7914,4.83967,-0.08745,0.11634
7915,5.33717,-0.11992,0.82565
7916,4.79046,-0.12576,0.81955
7917,3.42128,-0.13753,0.80962
7918,2.28616,-0.14920,0.79853
7919,11.08058,-0.00123,0.96842
7920,10.51658,-0.00262,0.95093
7921,12.55641,-0.00069,0.97970
7922,12.80344,-0.00087,0.97657
7923,11.40314,-0.00296,0.95052
7924,-0.90373,-0.03150,0.76603
7925,-0.85168,-0.03181,0.78094
7926,10.41791,0.33416,0.33429
7927,10.43221,0.33171,0.33378
7928,11.06636,0.34407,0.34932
7929,10.94959,0.33886,0.34553
7930,4.60845,0.15302,0.70667
7931,5.01715,0.16654,0.70036
7932,4.63383,0.15691,0.71420
7933,4.94384,0.16671,0.70819
7934,-28.10136,0.01489,0.94467
7935,-32.75436,0.00582,0.96830
7936,-29.75239,0.01084,0.95490
7937,-25.87088,0.01975,0.93608
7938,-5.09175,0.01347,0.05581
7939,-5.20600,0.01433,0.05684
7940,-4.59530,0.01833,0.06668
7941,-4.67135,0.01978,0.06840
7942,5.81331,-0.06478,0.09967
7943,6.88954,-0.05184,0.08709
7944,6.07400,-0.06074,0.09614
7945,-13.13853,0.00532,0.93850
7946,-16.27872,0.00179,0.96912
7947,-15.22649,0.00370,0.95321
7948,-12.15703,0.00866,0.92109
7949,6.68944,0.27841,0.26836
7950,6.77684,0.28117,0.27072
7951,11.81796,0.25457,0.45717
7952,12.01187,0.26130,0.45980
7953,-5.60090,-0.24807,0.28694
7954,-6.21715,-0.26369,0.29934
7955,-5.50601,-0.24771,0.28215
7956,9.61010,-0.02329,0.05520
7957,11.09888,-0.01281,0.03917
7958,9.76132,-0.02123,0.05257
7959,0.10048,-0.00460,0.87599
7960,0.24103,-0.00854,0.87972
7961,0.07938,-0.00850,0.86481
7962,-4.85859,0.07907,0.11238
7963,-4.70283,0.08239,0.11474
7964,-3.83763,0.09343,0.12467
7965,-0.96833,-0.08092,0.19068
7966,-0.11606,-0.07434,0.17517
7967,-1.25613,-0.08643,0.19544
7968,-12.05037,-0.36241,0.58865
7969,-12.58715,-0.37664,0.56576
7970,-12.09623,-0.36532,0.58515
7971,-0.19214,-0.10669,0.17851
7972,0.04525,-0.10477,0.17339
7973,0.44692,-0.09545,0.16468
7974,-12.06652,-0.32653,0.37635
7975,-11.35883,-0.31791,0.35510
7976,-11.95772,-0.32898,0.37199
7977,-10.87855,-0.32151,0.34196
7978,-10.07448,-0.30766,0.32358
7979,-10.29016,-0.31435,0.32830
7980,1.15125,-0.10228,0.15411
7981,1.25575,-0.09739,0.15169
7982,0.57367,-0.10993,0.16402
7983,7.64663,0.30046,0.28850
7984,7.82359,0.30264,0.29041
7985,8.45948,0.31601,0.30368
7986,6.18158,0.21670,0.43156
7987,6.47420,0.22403,0.44894
7988,6.07009,0.21073,0.44323
7989,-6.94562,-0.12633,0.44437
7990,-6.61745,-0.11978,0.44079
7991,-6.70663,-0.12362,0.41973
7992,5.79705,0.12438,0.32223
7993,5.48964,0.12325,0.30641
7994,1.19394,0.02612,0.28632
7995,1.50434,0.03064,0.31006
7996,1.33984,0.02984,0.28378
7997,8.35298,0.17929,0.35726
7998,8.44560,0.17655,0.36957
7999,8.87444,0.18538,0.37844
8000,-0.07169,-0.15880,0.17297
8001,0.17616,-0.15416,0.16974
8002,1.07370,-0.14079,0.15920
8003,7.85523,0.14575,0.44649
8004,8.15971,0.15357,0.43834
8005,7.81422,0.14792,0.42112
8006,8.50582,0.29882,0.29479
8007,8.90576,0.30345,0.30168
8008,9.30770,0.31300,0.31018
8009,0.59479,0.01922,0.74299
8010,0.65327,0.02193,0.75824
8011,0.33551,0.01102,0.75297
8012,2.21064,0.18607,0.73732
8013,4.32991,0.21086,0.71471
8014,4.67237,0.21246,0.70965
8015,6.62532,0.17031,0.29025
8016,7.37391,0.18090,0.30698
8017,-1.38091,-0.02314,0.53113
8018,-1.41627,-0.02427,0.56260
8019,-1.15633,-0.01960,0.55634
8020,7.30422,-0.05952,0.09194
8021,5.91434,-0.07507,0.10601
8022,5.91026,-0.07510,0.10620
8023,-3.20069,-0.20526,0.22796
8024,-3.84725,-0.22001,0.23873
8025,-2.87331,-0.19980,0.22140
8026,8.62406,-0.04455,0.07716
8027,9.80655,-0.03349,0.06523
8028,8.33045,-0.04682,0.07962
8029,12.99819,0.39312,0.52710
8030,12.91430,0.39378,0.52426
8031,13.05063,0.39790,0.50915
8032,-0.32071,-0.11140,0.17624
8033,0.27396,-0.10229,0.16843
8034,0.94056,-0.09666,0.15982
8035,-16.73448,0.03669,0.88563
8036,-18.28272,0.03310,0.89419
8037,-13.38907,0.05089,0.86243
8038,-1.41103,-0.06044,0.79177
8039,-1.03928,-0.05069,0.80515
8040,-1.12338,-0.05631,0.80522
8041,8.37240,0.26002,0.65959
8042,7.96716,0.25139,0.66445
8043,6.63506,0.23581,0.68456
8044,3.35228,0.12173,0.38497
8045,3.74148,0.13417,0.39781
8046,3.39722,0.12132,0.40035
8047,-1.78908,-0.05540,0.68577
8048,-1.87722,-0.05799,0.67032
8049,-1.42528,-0.04396,0.67897
8050,1.11637,0.13445,0.18522
8051,-0.34438,0.11683,0.16679
8052,0.06647,0.11980,0.17193
8053,7.79812,0.26994,0.28011
8054,8.80288,0.28579,0.29825
8055,8.61831,0.28569,0.29480
8056,10.66324,-0.02979,0.06133
8057,11.68757,-0.02257,0.05194
8058,-9.90367,-0.19429,0.46875
8059,-9.66903,-0.18755,0.48535
8060,-3.15023,0.11952,0.78166
8061,-6.71171,0.09390,0.81147
8062,-5.85572,0.10198,0.80479
8063,-8.57986,0.00116,0.01131
8064,-5.17154,0.03714,0.10063
8065,-6.09035,0.03171,0.08997
8066,-6.55168,0.02734,0.08332
8067,2.41573,0.17269,0.22097
8068,2.88050,0.18050,0.23178
8069,2.15958,0.16471,0.21681
8070,10.19660,-0.06519,0.88173
8071,11.99063,-0.05099,0.89755
8072,13.01333,-0.04850,0.90065
8073,12.83845,0.35007,0.40206
8074,12.78787,0.34498,0.40062
8075,13.17461,0.35226,0.41772
8076,-0.99582,0.00115,0.95969
8077,-0.80491,0.00057,0.96776
8078,-0.58652,0.00074,0.95837
8079,-0.77411,0.00147,0.95012
8080,19.66707,-0.03244,0.90054
8081,14.27495,-0.05326,0.86653
8082,16.04672,-0.04716,0.87770
8083,0.10508,0.13197,0.80942
8084,1.39615,0.14890,0.79287
8085,6.06042,0.14227,0.30150
8086,6.32078,0.14834,0.30444
8087,5.57862,0.13894,0.28540
8088,4.65428,0.14786,0.59499
8089,4.93560,0.15665,0.60488
8090,4.45357,0.14073,0.60999
8091,-1.81958,0.13010,0.15078
8092,-1.03887,0.14213,0.16006
8093,-0.42870,0.15183,0.16748
8094,-1.78685,-0.03739,0.30064
8095,-1.81428,-0.03963,0.28835
8096,-2.10908,-0.04276,0.31271
8097,-6.43583,-0.11570,0.53471
8098,-6.57817,-0.11725,0.50757
8099,-6.85505,-0.12305,0.51196
8100,8.44649,0.26132,0.29339
8101,9.40585,0.27611,0.31239
8102,9.09177,0.27363,0.30548
8103,-10.41064,0.01962,0.04857
8104,-10.09214,0.02312,0.05337
8105,-9.21727,0.02951,0.06181
8106,5.26113,-0.04221,0.10323
8107,6.82915,-0.03064,0.08475
8108,6.16034,-0.03675,0.09346
8109,9.65957,0.23424,0.61103
8110,8.30971,0.21498,0.63736
8111,8.74234,0.22441,0.63167
8112,8.27786,-0.01280,0.04412
8113,9.26843,-0.00696,0.03086
8114,8.49162,-0.01013,0.03889
8115,0.36688,-0.02759,0.14977
8116,0.23568,-0.02660,0.15621
8117,0.14410,-0.03142,0.16345
8118,9.79117,-0.01913,0.88034
8119,11.61394,-0.01601,0.89533
8120,8.73173,0.32797,0.33206
8121,9.45341,0.34322,0.35030
8122,8.99969,0.33356,0.34161
8123,-2.33346,0.03646,0.10870
8124,-2.93062,0.02872,0.09381
8125,-2.79791,0.03344,0.10019
8126,-3.42437,0.06860,0.11765
8127,-4.39991,0.05534,0.10287
8128,-4.01022,0.06246,0.10980
8129,8.47321,0.32087,0.33775
8130,8.77249,0.32683,0.34903
8131,8.21561,0.31450,0.33437
8132,13.49180,0.32925,0.48051
8133,13.40822,0.32579,0.50072
8134,13.55603,0.33351,0.48705
8135,-6.77431,-0.26117,0.34797
8136,-6.58930,-0.25406,0.34840
8137,-7.01309,-0.26530,0.36075
8138,5.85203,0.13174,0.63621
8139,6.88648,0.14281,0.60785
8140,6.19740,0.13264,0.62260
8141,-5.40591,0.00075,0.01135
8142,0.18527,-0.09263,0.16968
8143,1.77276,-0.07580,0.14798
8144,1.19661,-0.08381,0.15587
8145,-4.17325,-0.14032,0.47950
8146,-3.89594,-0.13217,0.46478
8147,-3.73717,-0.12568,0.47724
8148,8.46990,-0.04460,0.08200
8149,7.00215,-0.05811,0.09615
8150,7.34725,-0.05409,0.09260
8151,13.84750,0.36974,0.47213
8152,13.85005,0.36619,0.49255
8153,13.87391,0.37095,0.48539
8154,16.06214,-0.00194,0.01136
8155,26.57506,-0.00114,0.98355
8156,24.82831,-0.00174,0.97645
8157,23.49862,-0.00384,0.96285
8158,20.86042,-0.00639,0.94796
8159,27.90307,-0.00391,0.97702
8160,25.53021,-0.00722,0.96686
8161,26.20172,-0.00540,0.97228
8162,-2.89571,-0.20870,0.21067
8163,-3.71026,-0.22302,0.22188
8164,-2.71673,-0.20500,0.20782
8165,7.45231,0.24297,0.55997
8166,7.31197,0.23944,0.54828
8167,7.67564,0.25184,0.54512
8168,-0.08542,-0.02648,0.17962
8169,-0.50677,-0.03141,0.19811
8170,-0.52109,-0.02938,0.20049
8171,-37.01471,0.00135,0.98753
8172,-33.96384,0.00420,0.97334
8173,-31.62669,0.00770,0.96114
8174,32.98351,-0.00190,0.98555
8175,28.98383,-0.00730,0.96609
8176,32.34012,-0.00199,0.98520
8177,29.48342,-0.00574,0.97141
8178,24.72357,-0.00122,0.98197
8179,21.67321,-0.00425,0.95856
8180,7.53650,-0.00477,0.92295
8181,9.30724,-0.00315,0.94316
8182,9.63961,-0.00190,0.95668
8183,1.09783,0.11569,0.18689
8184,2.13902,0.12865,0.20191
8185,1.41597,0.12135,0.19106
8186,0.56500,0.00000,1.00000
8187,0.86042,-0.00008,0.97318
8188,1.35899,0.00000,1.00000
8189,9.25335,-0.00063,0.97588
8190,10.15673,0.00000,1.00000
8191,11.76364,0.00000,1.00000
8192,-35.65483,0.00000,1.00000
8193,-35.42474,0.00166,0.98610
8194,-40.82308,0.00000,1.00000
8195,27.17482,-0.00109,0.98945
8196,26.49887,0.00000,1.00000
8197,30.45199,0.00000,1.00000
8198,27.01344,-0.00111,0.98912
8199,28.20498,-0.00065,0.99257
8200,25.63320,-0.00240,0.98258
8201,30.51570,0.00000,1.00000
8202,26.85618,-0.00095,0.99022
8203,33.86052,-0.00180,0.98607
8204,31.57737,-0.00400,0.97696
8205,34.00704,-0.00225,0.98386
8206,30.60265,-0.00589,0.97016
8207,-34.00955,0.00479,0.97092
8208,-37.40235,0.00217,0.98223
8209,29.55610,-0.00492,0.97409
8210,32.02845,-0.00170,0.98683
8211,32.01493,-0.00191,0.98577
8212,29.08709,-0.00534,0.97240
8213,-15.87814,0.00597,0.96830
8214,-10.18933,0.00224,0.95413
8215,-11.41846,0.00061,0.97940
8216,-11.96703,0.00077,0.97748
8217,-8.44778,0.00413,0.93138
8218,-9.93650,0.00165,0.95990
8219,9.55126,-0.01135,0.95015
8220,9.96520,-0.01248,0.94820
8221,8.36688,-0.01717,0.93711
8222,10.96193,-0.00709,0.96189
8223,6.50164,-0.05195,0.08883
8224,6.95225,-0.04795,0.08421
8225,7.71640,-0.03909,0.07478
8226,5.37461,-0.06537,0.10231
8227,5.85666,-0.06081,0.09725
8228,-7.94659,-0.26724,0.49777
8229,-7.69480,-0.25927,0.49424
8230,-7.73403,-0.25864,0.50787
8231,-8.10624,-0.27422,0.48745
8232,-7.76670,-0.26353,0.48233
8233,-4.08913,-0.17066,0.30826
8234,-4.10916,-0.16820,0.31581
8235,-4.43140,-0.17859,0.32338
8236,-3.79217,-0.16380,0.29590
8237,-3.72559,-0.15920,0.29910
8238,-7.66106,0.02929,0.06586
8239,-6.55846,0.04027,0.07978
8240,1.61262,0.04967,0.65023
8241,1.78858,0.05524,0.63782
8242,2.05271,0.06338,0.64789
8243,1.20610,0.03705,0.65252
8244,1.33694,0.04118,0.64082
8245,-4.22837,-0.14603,0.44253
8246,-4.35095,-0.15138,0.43382
8247,-4.07424,-0.14216,0.42935
8248,-4.33975,-0.14863,0.45393
8249,-4.57345,-0.15767,0.44643
8250,-10.37322,0.01682,0.89015
8251,-10.76578,0.01364,0.89969
8252,-8.13030,0.02267,0.86615
8253,-12.88261,-0.39847,0.43674
8254,-12.67736,-0.39695,0.42993
8255,-12.96724,-0.40078,0.44820
8256,-12.78883,-0.39612,0.42815
8257,-12.57451,-0.39420,0.42072
8258,-3.68634,-0.19268,0.21734
8259,-4.04535,-0.20007,0.22211
8260,-4.77026,-0.20948,0.23254
8261,-2.71063,-0.17767,0.20432
8262,-2.60726,-0.17790,0.20282
8263,-9.89229,-0.20231,0.55037
8264,-9.60190,-0.19516,0.55445
8265,-10.17202,-0.20481,0.52885
8266,-9.52236,-0.19899,0.56983
8267,-9.20882,-0.19157,0.57456
8268,3.67640,0.06301,0.53241
8269,3.38437,0.05850,0.55181
8270,3.70482,0.06443,0.55372
8271,3.45919,0.05877,0.52232
8272,-9.49513,-0.34431,0.35258
8273,-9.72670,-0.34906,0.36221
8274,-10.03099,-0.35541,0.36801
8275,-9.03193,-0.33456,0.34044
8276,-9.19260,-0.33784,0.34714
8277,-8.22657,0.00917,0.03755
8278,-7.59316,0.01244,0.04516
8279,-8.15448,0.00790,0.03479
8280,-6.73639,0.01902,0.05800
8281,-7.25098,0.01323,0.04748
8282,-2.53762,-0.08736,0.22915
8283,-3.03774,-0.09459,0.23975
8284,-3.46662,-0.09717,0.25278
8285,-1.67526,-0.07835,0.20909
8286,-2.24114,-0.08623,0.22064
8287,4.95563,0.09517,0.60219
8288,5.05321,0.09383,0.58527
8289,-6.12971,-0.24743,0.32314
8290,-3.90816,-0.13039,0.49057
8291,-3.67595,-0.12180,0.50052
8292,-4.09415,-0.13546,0.50515
8293,-3.48207,-0.11625,0.48737
8294,0.40550,-0.14992,0.16689
8295,-0.64044,-0.16656,0.17959
8296,-0.68364,-0.16648,0.17994
8297,1.46038,-0.13428,0.15457
8298,4.42723,0.22398,0.25736
8299,4.86678,0.23211,0.26860
8300,4.04969,0.21691,0.24846
8301,4.60454,0.22996,0.25896
8302,8.49580,0.17040,0.57360
8303,8.70849,0.17113,0.55773
8304,8.83666,0.17762,0.56808
8305,9.18327,0.18054,0.54626
8306,-4.00073,-0.22129,0.22329
8307,-3.08394,-0.20507,0.21059
8308,-4.20733,-0.22636,0.22656
8309,-4.93727,-0.17068,0.44467
8310,-5.16712,-0.17730,0.45570
8311,-4.89203,-0.16740,0.45814
8312,0.68420,-0.01130,0.11028
8313,0.76815,-0.00887,0.09894
8314,0.57853,-0.00936,0.10956
8315,0.79282,-0.01324,0.11060
8316,0.90248,-0.01046,0.09902
8317,-7.48592,-0.25521,0.67928
8318,-7.28139,-0.25271,0.68717
8319,-7.81360,-0.26507,0.67358
8320,-6.83979,-0.24420,0.69876
8321,-7.48764,-0.25938,0.68449
8322,4.07962,0.23180,0.23409
8323,3.43831,0.21892,0.22421
8324,4.87313,0.24764,0.24754
8325,4.05331,0.23091,0.23448
8326,-5.12647,-0.24090,0.27121
8327,-4.56897,-0.22931,0.25853
8328,-4.51970,-0.22639,0.25941
8329,-5.64762,-0.25350,0.28144
8330,-5.08620,-0.24167,0.26830
8331,-0.14885,-0.09417,0.17462
8332,-1.20427,-0.10718,0.19009
8333,-1.34863,-0.10667,0.19272
8334,-1.14768,-0.10860,0.18893
8335,-2.08929,-0.11869,0.20348
8336,-2.74658,-0.05036,0.36588
8337,-2.73755,-0.05171,0.34759
8338,-3.00909,-0.05532,0.36645
8339,-2.49457,-0.04590,0.36311
8340,-2.40630,-0.04591,0.34097
8341,-6.57251,0.06757,0.10006
8342,-6.38145,0.06978,0.10187
8343,-7.89769,0.05372,0.08691
8344,-5.49278,0.07972,0.11104
8345,-5.05216,0.08516,0.11551
8346,5.31062,0.13362,0.28129
8347,4.69229,0.12801,0.26438
8348,5.42622,0.13267,0.28724
8349,-5.76315,0.10809,0.83868
8350,-5.66427,0.10671,0.84014
8351,-3.72830,0.12575,0.82267
8352,-7.00943,0.09927,0.84666
8353,-8.33974,0.08678,0.85899
8354,7.36324,0.23762,0.60279
8355,7.20265,0.23247,0.59495
8356,7.55774,0.24463,0.58763
8357,7.14011,0.23000,0.61715
8358,7.02175,0.22606,0.60759
8359,-0.35204,0.02514,0.86562
8360,-0.64699,0.02507,0.87419
8361,-0.63303,0.02048,0.87861
8362,-0.04465,0.03086,0.85184
8363,-0.35482,0.03031,0.86219
8364,2.75513,0.15612,0.77634
8365,3.29481,0.16171,0.76720
8366,3.74204,0.17343,0.75898
8367,1.77606,0.14028,0.79227
8368,2.42268,0.14651,0.78268
8369,1.98379,-0.14429,0.80647
8370,4.23089,-0.12167,0.82662
8371,3.73729,-0.12856,0.82003
8372,0.98295,-0.15373,0.79840
8373,2.62023,-0.13575,0.81419
8374,-3.82564,-0.19967,0.21947
8375,-3.55447,-0.19361,0.21579
8376,-2.61509,-0.18058,0.20333
8377,-4.72267,-0.21407,0.23200
8378,-4.58366,-0.21024,0.23006
8379,10.78943,0.28455,0.60958
8380,10.99875,0.28475,0.60280
8381,9.92108,0.26839,0.62610
8382,11.48443,0.29811,0.59409
8383,11.75213,0.29943,0.58527
8384,-11.76516,-0.38833,0.42892
8385,-11.39005,-0.38189,0.41573
8386,-11.39161,-0.38166,0.40581
8387,-8.12989,0.07791,0.86808
8388,-5.84128,0.09554,0.85062
8389,-6.39326,0.09431,0.85192
8390,-9.65205,0.06449,0.88204
8391,-7.30198,0.08118,0.86461
8392,-0.61098,-0.01889,0.64180
8393,-0.62157,-0.01928,0.62867
8394,-0.18671,-0.00587,0.63408
8395,-0.94387,-0.02907,0.64908
8396,-1.08408,-0.03349,0.63497
8397,-1.23477,-0.09359,0.19315
8398,-1.13418,-0.09435,0.19110
8399,-2.08141,-0.10444,0.20740
8400,-0.39922,-0.08312,0.17941
8401,-0.11459,-0.08293,0.17457
8402,-0.06681,-0.01887,0.18050
8403,-0.10910,-0.01657,0.18883
8404,-0.18668,-0.02265,0.19415
8405,-11.31083,0.01653,0.04358
8406,-10.60130,0.02040,0.04944
8407,-12.04235,0.01123,0.03484
8408,-10.72161,0.02131,0.05060
8409,-9.95582,0.02625,0.05727
8410,2.83484,0.09148,0.23522
8411,3.56229,0.10038,0.25248
8412,2.85854,0.09417,0.23349
8413,2.69224,0.08760,0.23376
8414,3.42927,0.09635,0.25204
8415,-13.65666,0.05723,0.86194
8416,-12.13603,0.06594,0.85152
8417,-9.59884,0.07835,0.83354
8418,-18.00851,0.03903,0.88971
8419,-16.31229,0.04688,0.87900
8420,-9.18956,-0.33557,0.36488
8421,-8.91702,-0.33010,0.35425
8422,-8.79155,-0.32662,0.35428
8423,-6.20230,-0.13363,0.62352
8424,-6.83535,-0.13910,0.60130
8425,-7.11551,-0.14523,0.59932
8426,-5.16403,-0.12137,0.64784
8427,-5.98464,-0.12817,0.62407
8428,1.50723,0.04661,0.62735
8429,1.04724,0.03231,0.62930
8430,0.85348,0.02619,0.64397
8431,1.64864,-0.00014,0.01242
8432,1.90686,-0.00020,0.01455
8433,1.28057,-0.00022,0.01895
8434,-4.55843,-0.18808,0.31373
8435,-4.88113,-0.19888,0.31944
8436,-4.44541,-0.18868,0.30306
8437,-4.59991,-0.18662,0.32080
8438,-4.94711,-0.19729,0.32932
8439,11.56995,-0.07567,0.86739
8440,8.85241,-0.09397,0.84897
8441,9.94627,-0.08518,0.85831
8442,13.46582,-0.06541,0.87766
8443,9.23446,-0.09220,0.84965
8444,8.70737,-0.02644,0.07057
8445,9.84100,-0.01994,0.05928
8446,8.93064,-0.02594,0.06899
8447,8.53556,-0.02658,0.07163
8448,9.89864,-0.01888,0.05799
8449,-4.59017,-0.15646,0.46196
8450,-4.55697,-0.15384,0.47576
8451,-4.88902,-0.16568,0.47193
8452,-4.26510,-0.14487,0.46494
8453,3.34706,0.21535,0.22504
8454,2.62328,0.20131,0.21324
8455,3.20644,0.21322,0.22209
8456,1.63494,0.18219,0.19809
8457,2.33095,0.19628,0.20824
8458,1.22981,0.04409,0.38932
8459,0.99796,0.03614,0.37894
8460,1.29403,0.04707,0.37602
8461,1.20287,0.04256,0.40234
8462,0.90990,0.03246,0.39256
8463,-0.28647,0.03853,0.16770
8464,-0.07941,0.03881,0.17352
8465,0.43246,0.04465,0.18824
8466,-1.02876,0.03246,0.14816
8467,-2.66258,0.14062,0.80840
8468,-0.64824,0.16259,0.78894
8469,-2.85519,0.14033,0.80798
8470,-1.70204,0.05952,0.13285
8471,-1.84130,0.05998,0.13100
8472,-1.32892,0.06743,0.14215
8473,-2.12053,0.05115,0.12230
8474,-2.37585,0.05077,0.11873
8475,-6.63078,-0.24126,0.39400
8476,10.89883,0.33526,0.34366
8477,10.88304,0.33220,0.34278
8478,11.57920,0.34499,0.36086
8479,10.32545,0.32712,0.33067
8480,10.24499,0.32305,0.32835
8481,7.37379,-0.03174,0.06964
8482,6.56415,-0.04101,0.08077
8483,7.50982,-0.03215,0.06959
8484,7.23246,-0.03178,0.07013
8485,6.32221,-0.04166,0.08233
8486,0.70012,0.01541,0.65397
8487,0.49909,0.01152,0.66080
8488,0.44019,0.01247,0.68614
8489,0.91694,0.01771,0.62339
8490,0.61961,0.01237,0.63261
8491,-0.01584,-0.00083,0.76687
8492,0.12067,-0.00299,0.78185
8493,-0.01165,-0.00363,0.74564
8494,3.97406,0.13893,0.23583
8495,3.12789,0.12733,0.22159
8496,3.85377,0.13455,0.23503
8497,3.88202,0.14011,0.23314
8498,2.90241,0.12684,0.21693
8499,11.19352,-0.02326,0.05618
8500,10.92703,-0.02428,0.05793
8501,12.81826,-0.01376,0.04132
8502,9.94302,-0.03221,0.06791
8503,9.35200,-0.03582,0.07288
8504,-6.68365,-0.22177,0.67516
8505,-6.40447,-0.21573,0.68710
8506,-6.78087,-0.22654,0.67806
8507,-6.54891,-0.21583,0.67259
8508,-6.19138,-0.20794,0.68892
8509,5.47559,0.24665,0.28133
8510,5.41375,0.24340,0.28244
8511,4.23182,0.21797,0.25479
8512,7.35806,0.27637,0.27410
8513,8.09018,0.28984,0.28688
8514,7.52721,0.28150,0.27742
8515,7.16753,0.27087,0.27044
8516,8.09324,0.28799,0.28649
8517,12.48394,0.32812,0.57252
8518,12.57776,0.33377,0.57126
8519,12.32922,0.32217,0.57563
8520,-2.42428,0.10585,0.83626
8521,0.52328,0.02803,0.20207
8522,0.22413,0.02427,0.18721
8523,0.45706,0.02502,0.20162
8524,0.52235,0.02993,0.19930
8525,0.11053,0.02503,0.18044
8526,3.79067,0.18450,0.26659
8527,3.40680,0.17672,0.25520
8528,3.73955,0.18659,0.26181
8529,3.79079,0.18176,0.26954
8530,3.30323,0.17129,0.25511
8531,2.49225,0.08832,0.75438
8532,2.27506,0.08527,0.76672
8533,2.09338,0.07784,0.76777
8534,2.23872,0.08799,0.77320
8535,1.89444,0.07645,0.78030
8536,10.30837,0.20865,0.44094
8537,10.45476,0.21393,0.43628
8538,10.12815,0.20883,0.41749
8539,10.34239,0.20687,0.46053
8540,10.53674,0.21246,0.46096
8541,0.31128,-0.02218,0.14875
8542,0.48951,-0.01924,0.13569
8543,0.38244,-0.01795,0.14003
8544,0.43027,-0.02320,0.14313
8545,-12.34400,-0.38594,0.53569
8546,-12.33556,-0.38831,0.52327
8547,-12.16486,-0.38241,0.53923
8548,-12.47054,-0.38820,0.53319
8549,-12.49925,-0.39160,0.51888
8550,1.99403,-0.07504,0.14535
8551,0.76199,-0.08771,0.16182
8552,1.42629,-0.07903,0.15265
8553,2.51803,-0.07126,0.13885
8554,1.30572,-0.08405,0.15462
8555,-8.80722,-0.26305,0.65187
8556,-9.99581,-0.28004,0.63057
8557,-9.60284,-0.27692,0.63933
8558,-8.07960,-0.25098,0.66231
8559,-9.24678,-0.26610,0.64285
8560,6.01067,0.10636,0.46263
8561,5.71259,0.10090,0.45232
8562,-6.72406,0.00492,0.03002
8563,-6.76925,0.00593,0.03303
8564,-5.98100,0.00950,0.04422
8565,-7.23157,0.00251,0.01997
8566,-7.53327,0.00235,0.01913
8567,5.32854,-0.07673,0.11235
8568,3.98365,-0.09194,0.12630
8569,4.86233,-0.08104,0.11706
8570,5.77843,-0.07246,0.10786
8571,4.41513,-0.08777,0.12185
8572,-0.09311,-0.04411,0.74186
8573,-0.50779,-0.04982,0.73173
8574,0.85172,-0.04113,0.76414
8575,9.09159,0.30085,0.66140
8576,8.69729,0.29453,0.66871
8577,9.50687,0.30939,0.65346
8578,8.46719,0.28907,0.67213
8579,7.85533,0.27951,0.68291
8580,3.17186,0.20518,0.22657
8581,3.74510,0.21779,0.23646
8582,3.92911,0.22052,0.24072
8583,3.96054,0.22345,0.23938
8584,4.57477,0.23530,0.25194
8585,-4.58463,-0.19875,0.29619
8586,-4.10797,-0.18715,0.28177
8587,-4.28424,-0.18887,0.29093
8588,-4.82695,-0.20669,0.30035
8589,-4.36191,-0.19627,0.28512
8590,-6.44452,-0.24814,0.34941
8591,-5.20844,-0.24136,0.24046
8592,-4.98165,-0.23891,0.23753
8593,-5.85200,-0.25395,0.25051
8594,-4.27097,-0.22447,0.22681
8595,-3.98240,-0.22105,0.22305
8596,-4.67150,-0.14798,0.65984
8597,-4.28905,-0.13572,0.67018
8598,-4.57416,-0.14577,0.67455
8599,-4.77397,-0.15092,0.64637
8600,-4.36171,-0.13747,0.65483
8601,-0.75896,-0.04560,0.19966
8602,-0.12576,-0.03875,0.18004
8603,-0.16407,-0.04124,0.18080
8604,-0.73447,-0.04311,0.20031
8605,-0.03537,-0.05002,0.84358
8606,0.50724,-0.04533,0.85689
8607,0.01233,-0.05549,0.84278
8608,-0.04832,-0.04522,0.84461
8609,0.36061,-0.04132,0.85619
8610,-3.30483,-0.11297,0.23325
8611,-2.60711,-0.10626,0.21880
8612,-3.60532,-0.11844,0.23803
8613,4.07604,0.12808,0.65859
8614,4.01229,0.12649,0.67122
8615,3.66898,0.11499,0.66846
8616,4.46082,0.14055,0.65016
8617,4.33584,0.13694,0.66508
8618,-13.52407,-0.38515,0.44069
8619,-13.71150,-0.38754,0.45737
8620,-13.41239,-0.38164,0.43154
8621,-0.53490,-0.00947,0.37927
8622,-0.48057,-0.00824,0.40296
8623,-0.77583,-0.01394,0.37482
8624,-0.74126,-0.01297,0.39744
8625,-12.82812,-0.29285,0.48724
8626,-12.80041,-0.29290,0.46681
8627,-12.95652,-0.29975,0.47238
8628,-12.64315,-0.28610,0.50440
8629,-12.69465,-0.28657,0.48538
8630,-0.94004,-0.05609,0.81430
8631,-0.76128,-0.04800,0.81878
8632,-1.10634,-0.06381,0.81056
8633,-1.39405,-0.06521,0.79797
8634,1.70683,0.03736,0.28818
8635,1.72067,0.03910,0.27918
8636,1.96066,0.03998,0.31066
8637,1.97655,0.04196,0.29729
8638,-3.49635,0.03842,0.11654
8639,-3.46119,0.03700,0.11588
8640,-2.31547,0.04745,0.13461
8641,-4.58478,0.03004,0.10007
8642,-5.77993,-0.10970,0.58771
8643,-6.08939,-0.11584,0.58502
8644,-5.35171,-0.10679,0.61155
8645,-5.99095,-0.11007,0.56625
8646,-6.34323,-0.11724,0.56383
8647,-11.04855,-0.30754,0.61358
8648,-11.03628,-0.30424,0.61255
8649,-11.92084,-0.32121,0.59165
8650,-10.21253,-0.29511,0.63151
8651,-9.99835,-0.28866,0.63440
8652,4.73374,0.23929,0.25474
8653,4.50592,0.23549,0.24919
8654,5.42613,0.25385,0.26875
8655,-3.11561,0.04249,0.79850
8656,-1.26403,0.05266,0.76782
8657,-2.19066,0.04415,0.78508
8658,-4.21537,0.03985,0.81283
8659,-2.11018,0.05128,0.78075
8660,-5.34815,0.01018,0.06435
8661,-6.27228,0.00616,0.04758
8662,-5.59408,0.00783,0.05664
8663,-5.04015,0.01284,0.07237
8664,-6.02220,0.00815,0.05499
8665,-11.88134,0.04121,0.90856
8666,-9.79468,0.05433,0.89267
8667,-10.84140,0.05076,0.89707
8668,-12.43514,0.03483,0.91663
8669,-9.65515,0.05154,0.89538
8670,9.46253,-0.03900,0.07281
8671,8.33645,-0.04898,0.08339
8672,8.29556,-0.04903,0.08382
8673,9.79754,-0.03628,0.06958
8674,8.25332,0.15796,0.42353
8675,7.96819,0.15295,0.41288
8676,8.45722,0.16317,0.42099
8677,8.07456,0.15766,0.40146
8678,3.83240,0.16099,0.75551
8679,3.77797,0.16433,0.75760
8680,3.03299,0.14817,0.77231
8681,4.43386,0.17115,0.74113
8682,4.51645,0.17723,0.74133
8683,6.01078,0.20357,0.25585
8684,6.17554,0.20827,0.25795
8685,5.15825,0.19352,0.24165
8686,6.83059,0.21327,0.27056
8687,7.07029,0.21990,0.27364
8688,4.85498,0.15847,0.24743
8689,4.90379,0.15667,0.24960
8690,5.71443,0.16784,0.26437
8691,4.26197,0.14664,0.23894
8692,5.53488,0.16267,0.26257
8693,2.63894,-0.06227,0.13539
8694,3.75707,-0.05234,0.12071
8695,3.47376,-0.05608,0.12481
8696,2.04947,-0.06616,0.14304
8697,3.54376,-0.05270,0.12288
8698,-0.55335,-0.04248,0.82685
8699,-0.75216,-0.05006,0.82034
8700,-0.91105,-0.04902,0.81158
8701,-0.22066,-0.03769,0.84061
8702,-0.42359,-0.04613,0.83294
8703,6.44546,0.20652,0.61653
8704,6.74033,0.21651,0.60885
8705,6.16170,0.19707,0.61176
8706,6.57172,0.21102,0.60275
8707,9.37195,0.29385,0.65144
8708,9.29040,0.29044,0.65204
8709,7.96697,0.27094,0.67396
8710,0.24005,0.08921,0.82686
8711,1.15781,0.04608,0.31872
8712,0.90787,0.03597,0.32031
8713,0.98352,0.04000,0.30869
8714,1.34845,0.05282,0.32734
8715,1.17729,0.04551,0.33385
8716,12.78809,0.29492,0.51243
8717,12.99121,0.30097,0.49496
8718,12.83811,0.29399,0.49854
8719,12.88388,0.29972,0.51384
8720,-8.88321,0.00119,0.01100
8721,-9.50875,0.00116,0.01090
8722,-8.48385,0.00160,0.01351
8723,-1.98677,0.03242,0.13055
8724,-2.18741,0.03283,0.12780
8725,-2.90660,0.02600,0.11231
8726,-1.22165,0.04005,0.14744
8727,9.48998,0.34232,0.37074
8728,9.73377,0.34686,0.38301
8729,9.26819,0.33668,0.36895
8730,9.38174,0.31155,0.51588
8731,9.38279,0.30957,0.53069
8732,9.57863,0.31878,0.50888
8733,9.62351,0.31789,0.52497
8734,-7.00769,-0.27526,0.33421
8735,-7.06447,-0.27850,0.33127
8736,-7.35810,-0.28261,0.34722
8737,-7.48537,-0.28744,0.34606
8738,-16.89272,0.00121,0.00967
8739,-15.34621,0.00277,0.01640
8740,2.38167,0.16479,0.22344
8741,2.90304,0.17657,0.23479
8742,2.88398,0.17374,0.23571
8743,1.96899,0.15824,0.21374
8744,-6.01164,-0.25409,0.25236
8745,-6.14532,-0.25790,0.25476
8746,-6.79319,-0.26853,0.26489
8747,-5.10849,-0.23792,0.23868
8748,-0.63785,0.00274,0.84269
8749,3.47927,0.15356,0.28850
8750,3.84730,0.16397,0.30000
8751,3.71185,0.15759,0.30094
8752,3.11761,0.14615,0.27289
8753,3.61047,0.16031,0.28722
8754,0.83614,0.05959,0.81947
8755,0.32604,0.05157,0.83549
8756,1.21786,0.06563,0.80663
8757,1.18000,0.06946,0.80957
8758,3.57160,0.11823,0.72053
8759,3.92497,0.12764,0.70600
8760,3.94259,0.13078,0.71583
8761,3.26069,0.10773,0.72397
8762,3.53287,0.11444,0.70977
8763,-11.76090,0.01471,0.04623
8764,-10.19186,0.02315,0.06072
8765,-10.77170,0.02052,0.05603
8766,-12.58532,0.01044,0.03782
8767,-11.11986,0.01703,0.05103
8768,-2.04890,-0.18985,0.76721
8769,-0.25727,-0.16691,0.78703
8770,-0.47275,-0.17167,0.78275
8771,-3.05458,-0.20221,0.75645
8772,-1.55378,-0.18151,0.77436
8773,5.27826,-0.01214,0.06856
8774,5.77437,-0.00882,0.05743
8775,6.25874,-0.00776,0.05198
8776,4.29481,-0.01752,0.08612
8777,4.68741,-0.01375,0.07609
8778,0.24942,0.13731,0.17374
8779,1.44155,0.15362,0.18845
8780,-0.38776,0.12743,0.16609
8781,0.88760,0.14436,0.18153
8782,8.82777,0.27213,0.29984
8783,9.79418,0.28675,0.31954
8784,7.90461,0.25809,0.28273
8785,8.11260,0.25875,0.28678
8786,-12.28467,-0.39539,0.46270
8787,-12.41082,-0.39616,0.47691
8788,-12.12416,-0.39293,0.46075
8789,-12.26476,-0.39426,0.47295
8790,-2.30181,0.11545,0.14351
8791,-3.21546,0.10181,0.13208
8792,-2.61296,0.11164,0.13976
8793,-2.07818,0.11791,0.14620
8794,-3.23394,0.10046,0.13153
8795,-13.33564,-0.32277,0.46130
8796,-13.41268,-0.32388,0.47841
8797,-13.42735,-0.32906,0.45937
8798,-1.58304,-0.11073,0.19620
8799,-0.73437,-0.10217,0.18319
8800,-1.64159,-0.11402,0.19652
8801,-1.48465,-0.10726,0.19513
8802,-0.38535,-0.09616,0.17816
8803,6.67301,-0.01407,0.05051
8804,6.17911,-0.01683,0.05677
8805,6.03179,-0.01995,0.06185
8806,7.42055,-0.00910,0.03902
8807,6.87816,-0.01130,0.04496
8808,7.43746,0.24034,0.62624
8809,7.47376,0.24224,0.63523
8810,7.17167,0.23243,0.64240
8811,0.83108,0.01475,0.39007
8812,0.83202,0.01447,0.41132
8813,1.09652,0.01916,0.40637
8814,0.65265,0.01112,0.42886
8815,1.03682,0.01772,0.43361
8816,0.65257,0.02092,0.23013
8817,0.83982,0.02240,0.24957
8818,0.91003,0.02483,0.24722
8819,0.89034,0.02155,0.26386
8820,1.06553,0.02567,0.26611
8821,3.95607,-0.09965,0.12655
8822,2.89206,-0.11430,0.13837
8823,3.71672,-0.10286,0.12925
8824,1.78189,-0.13041,0.15100
8825,2.42127,-0.12080,0.14365
8826,13.29725,0.32095,0.45995
8827,13.21567,0.31646,0.45871
8828,13.31535,0.31782,0.47906
8829,13.15420,0.31982,0.44293
8830,4.12222,0.13892,0.71975
8831,4.30770,0.14173,0.70633
8832,3.70794,0.12747,0.73172
8833,3.87548,0.12897,0.71818
8834,-0.25325,-0.00998,0.32304
8835,-0.02817,-0.00113,0.31570
8836,-0.00437,-0.00017,0.33170
8837,-0.43687,-0.01746,0.31699
8838,-0.24050,-0.00978,0.30963
8839,-7.47905,-0.27475,0.38395
8840,-7.18589,-0.26799,0.37161
8841,-7.09332,-0.26315,0.37634
8842,-7.84048,-0.28535,0.39137
8843,-7.46536,-0.27696,0.37487
8844,-12.53609,-0.36892,0.39225
8845,-12.09101,-0.36227,0.37761
8846,-12.27385,-0.36787,0.38448
8847,-12.70469,-0.36835,0.39723
8848,-12.18929,-0.36144,0.37982
8849,6.35470,-0.04838,0.09830
8850,6.81137,-0.04352,0.09295
8851,7.87676,-0.03647,0.08258
8852,5.18035,-0.05918,0.11105
8853,5.32169,-0.05651,0.10904
8854,-0.21380,-0.00515,0.67777
8855,-0.06466,-0.00120,0.67273
8856,-0.33019,-0.00914,0.68357
8857,-0.15475,-0.00589,0.71135
8858,-10.88703,-0.34995,0.56718
8859,-10.70566,-0.34488,0.56916
8860,-10.57400,-0.33998,0.58377
8861,-11.12911,-0.35820,0.55156
8862,-10.88646,-0.35154,0.55345
8863,-4.31736,-0.15044,0.23852
8864,-4.30284,-0.15276,0.23722
8865,-5.27353,-0.16426,0.25483
8866,-3.36007,-0.13713,0.22290
8867,-3.42528,-0.14028,0.22314
8868,-10.36820,-0.22082,0.56017
8869,-10.42657,-0.22500,0.56453
8870,-9.78342,-0.21397,0.58270
8871,-10.81774,-0.22695,0.53788
8872,-10.89854,-0.23109,0.54290
8873,2.23863,-0.02245,0.09487
8874,2.63461,-0.01957,0.08539
8875,2.60996,-0.01717,0.08170
8876,1.88434,-0.02788,0.10726
8877,2.21366,-0.02604,0.09995
8878,-2.65456,-0.09164,0.43678
8879,-2.98926,-0.10312,0.43947
8880,-2.88872,-0.10073,0.42586
8881,-2.46237,-0.08419,0.44819
8882,-2.92178,-0.09989,0.45067
8883,2.55603,0.04314,0.51054
8884,2.66408,0.04500,0.48997
8885,2.40154,0.04044,0.49034
8886,2.70912,0.04608,0.52880
8887,2.90249,0.04909,0.50041
8888,2.06907,0.06459,0.60284
8889,2.38778,0.07450,0.60909
8890,1.99033,0.06177,0.61747
8891,-2.09148,-0.16933,0.21329
8892,-2.50005,-0.17638,0.22194
8893,-2.79778,-0.18483,0.22688
8894,-1.40597,-0.15560,0.20016
8895,-1.74039,-0.16019,0.20706
8896,-2.08049,-0.07879,0.34960
8897,-1.81931,-0.07003,0.33942
8898,-1.84789,-0.06951,0.35403
8899,-2.32247,-0.08839,0.34703
8900,-2.04957,-0.07937,0.33620
8901,-7.82915,0.03595,0.08183
8902,-8.94158,0.02876,0.07095
8903,-9.52519,0.02397,0.06434
8904,-6.50951,0.04671,0.09580
8905,-7.55284,0.03901,0.08522
8906,-2.50546,-0.08031,0.55264
8907,-2.58278,-0.08229,0.56501
8908,-2.87971,-0.09240,0.55312
8909,-2.20125,-0.07081,0.54385
8910,-2.17360,-0.06939,0.55874
8911,-5.89287,-0.13177,0.63293
8912,-5.26312,-0.12322,0.64556
8913,-6.14275,-0.13093,0.62110
8914,-4.09879,-0.11148,0.67100
8915,-5.15658,-0.11912,0.64480
8916,2.17818,-0.08317,0.14435
8917,2.63847,-0.07986,0.13900
8918,1.55810,-0.09110,0.15212
8919,2.91288,-0.07429,0.13527
8920,3.65047,-0.06856,0.12683
8921,-2.28486,-0.13424,0.78647
8922,-1.65498,-0.12025,0.79866
8923,-1.42603,-0.12327,0.80116
8924,-3.00886,-0.14519,0.77254
8925,-2.63412,-0.13408,0.78009
8926,-6.99154,-0.18718,0.28867
8927,-6.18990,-0.17665,0.27224
8928,-6.46189,-0.18280,0.27594
8929,-7.26633,-0.18829,0.29660
8930,-6.42954,-0.17764,0.27843
8931,-13.81751,-0.38584,0.49686
8932,-13.84985,-0.38462,0.49140
8933,-13.82125,-0.38833,0.48013
8934,3.10241,-0.00596,0.06607
8935,3.48290,-0.00360,0.04970
8936,3.79097,-0.00366,0.04832
8937,2.54841,-0.00818,0.08133
8938,-14.74297,0.03598,0.87804
8939,-11.96629,0.04482,0.85875
8940,-16.02278,0.02954,0.88943
8941,-13.67135,0.04174,0.86875
8942,-12.48292,-0.34399,0.38831
8943,-12.15194,-0.34173,0.37702
8944,-12.54416,-0.34891,0.39008
8945,-11.57587,-0.33357,0.35991
8946,-12.07116,-0.34358,0.37417
8947,9.54269,0.25817,0.32219
8948,8.70993,0.24628,0.30410
8949,9.09037,0.24881,0.31344
8950,9.90778,0.26576,0.32964
8951,9.20966,0.25622,0.31358
8952,-5.16287,-0.16367,0.63637
8953,-5.54409,-0.17634,0.62524
8954,-5.17238,-0.16403,0.61998
8955,-5.05050,-0.16029,0.65031
8956,-5.46983,-0.17408,0.64160
8957,-3.86787,-0.12273,0.58896
8958,-4.05917,-0.12839,0.60151
8959,-4.30574,-0.13710,0.58615
8960,-3.41742,-0.10803,0.59149
8961,-3.65388,-0.11521,0.60342
8962,-1.28243,-0.09114,0.80895
8963,-0.70814,-0.07967,0.82217
8964,-0.63575,-0.08555,0.82221
8965,-1.75577,-0.09551,0.79739
8966,-1.18876,-0.08298,0.81133
8967,12.96371,0.38316,0.54926
8968,13.17750,0.38915,0.53463
8969,13.15309,0.38577,0.54099
8970,12.84173,0.38221,0.55309
8971,13.09822,0.38899,0.53693
8972,-10.59408,-0.34757,0.34247
8973,-10.95735,-0.35593,0.35272
8974,-11.30509,-0.35962,0.36008
8975,-9.66140,-0.28526,0.31635
8976,-10.31853,-0.29498,0.33098
8977,-9.92464,-0.28604,0.32270
8978,-10.95442,-0.30581,0.34603
8979,-10.67029,-0.29781,0.33990
8980,-6.60568,0.04389,0.08235
8981,-0.86004,-0.02289,0.24960
8982,-0.67189,-0.01899,0.24184
8983,-0.62722,-0.02048,0.22833
8984,-1.05463,-0.02515,0.26716
8985,-0.91708,-0.02212,0.26476
8986,-1.40267,-0.04413,0.71569
8987,-1.21813,-0.03787,0.70413
8988,-1.01393,-0.03184,0.71723
8989,-1.72196,-0.05426,0.71434
8990,-1.67303,-0.05214,0.70146
8991,-8.45431,-0.19989,0.32986
8992,-8.98101,-0.20946,0.34131
8993,-9.15137,-0.20813,0.35113
8994,-7.83172,-0.19203,0.31348
8995,-8.08519,-0.19815,0.31675
8996,0.19824,0.05319,0.73984
8997,1.34656,0.06204,0.71358
8998,1.32160,0.05883,0.71219
8999,-0.89845,0.04883,0.76238
9000,0.70163,0.05972,0.72960
9001,-0.89285,-0.02978,0.75259
9002,-0.68490,-0.02356,0.76348
9003,-0.82459,-0.02679,0.74037
9004,10.64410,0.35017,0.34529
9005,10.83070,0.35143,0.34850
9006,11.28102,0.36089,0.36122
9007,10.01693,0.33927,0.33102
9008,10.15268,0.33997,0.33288
9009,-5.58511,0.05536,0.09504
9010,-6.88022,0.04250,0.08020
9011,-5.79773,0.05423,0.09324
9012,-1.88201,0.00719,0.93220
9013,-2.21494,0.00465,0.94651
9014,-1.97823,0.00975,0.92510
9015,-2.49021,0.00708,0.93883
9016,-5.13574,0.02290,0.07002
9017,-4.84652,0.02764,0.07732
9018,-4.31192,0.03165,0.08505
9019,-5.89147,0.01627,0.05705
9020,-5.61914,0.02059,0.06463
9021,1.96067,0.08067,0.21593
9022,2.82421,0.08979,0.23662
9023,2.51805,0.08892,0.22715
9024,1.49673,0.07421,0.20641
9025,2.33434,0.08238,0.22650
9026,8.12559,0.28545,0.68027
9027,7.98056,0.28269,0.68300
9028,7.32410,0.27140,0.69366
9029,6.95261,0.26472,0.70020
9030,7.48739,-0.10770,0.82984
9031,10.19834,-0.08873,0.84973
9032,4.87161,-0.12838,0.81051
9033,6.60505,-0.11432,0.82475
9034,6.01840,0.22941,0.35582
9035,5.79676,0.22561,0.34272
9036,6.26188,0.23867,0.35594
9037,5.82980,0.22190,0.35663
9038,5.62889,0.21849,0.34417
9039,-2.37790,0.11675,0.14403
9040,-0.98903,0.13614,0.15967
9041,13.03981,0.31711,0.43604
9042,12.77479,0.31237,0.42071
9043,12.98195,0.31225,0.43782
9044,13.07720,0.32186,0.43318
9045,12.82277,0.31715,0.41903
9046,-11.86716,-0.27762,0.56017
9047,-11.23320,-0.26497,0.57790
9048,-11.91737,-0.28190,0.56300
9049,-4.47452,-0.10304,0.29165
9050,-4.89374,-0.10698,0.30836
9051,-4.47703,-0.10058,0.29768
9052,-12.54998,-0.39704,0.48770
9053,-12.67480,-0.39892,0.48485
9054,-12.54393,-0.39502,0.50230
9055,-12.66840,-0.39707,0.49925
9056,-4.48925,0.06317,0.10678
9057,-4.36293,0.06292,0.10752
9058,-5.27592,0.05193,0.09521
9059,-3.79130,0.07377,0.11710
9060,-3.48787,0.07624,0.12062
9061,11.61353,0.38470,0.40959
9062,11.94959,0.39000,0.42033
9063,11.96470,0.39075,0.42720
9064,11.17783,0.37664,0.39175
9065,-4.59826,0.12023,0.79667
9066,-4.96408,0.11913,0.80033
9067,-1.60926,0.14551,0.77194
9068,-6.98024,0.10246,0.81495
9069,-8.24504,0.09540,0.82499
9070,-2.49003,-0.12136,0.21044
9071,-3.22237,-0.13269,0.22164
9072,0.05065,-0.10199,0.82476
9073,1.06678,-0.09216,0.83785
9074,-0.10418,-0.10974,0.81994
9075,0.08785,-0.09650,0.82751
9076,0.96418,-0.08806,0.83930
9077,-3.74147,0.04500,0.10101
9078,-4.40419,0.03582,0.08844
9079,-4.56870,0.03651,0.08799
9080,-3.16375,0.05148,0.11065
9081,-3.64870,0.04378,0.10084
9082,7.90359,-0.04865,0.08162
9083,7.58287,-0.05258,0.08545
9084,8.90077,-0.03915,0.07164
9085,6.80821,-0.06050,0.09317
9086,-0.83302,0.01211,0.89781
9087,-1.20530,0.01236,0.90620
9088,-1.11488,0.00892,0.91345
9089,-0.91554,0.01601,0.89243
9090,-7.04004,-0.26167,0.70014
9091,-6.34052,-0.24806,0.71261
9092,-7.75966,-0.27584,0.68692
9093,-7.36267,-0.26687,0.69408
9094,-0.14283,-0.00446,0.61025
9095,0.28362,0.00877,0.60804
9096,0.15743,0.00480,0.62112
9097,-0.43751,-0.01366,0.59932
9098,0.02347,0.00073,0.59543
9099,-11.78104,-0.38215,0.49537
9100,-11.61237,-0.37903,0.49097
9101,-11.71031,-0.37892,0.50655
9102,-11.92699,-0.38572,0.49188
9103,-11.68826,-0.38248,0.47833
9104,-0.08114,-0.00345,0.20897
9105,-0.05678,-0.00195,0.22576
9106,-0.01306,-0.00065,0.20282
9107,-0.16264,-0.00634,0.21583
9108,-0.15665,-0.00485,0.23120
9109,-6.56940,-0.25958,0.33320
9110,-6.95366,-0.27022,0.34187
9111,-6.55931,-0.26147,0.32822
9112,-7.00962,-0.26924,0.34947
9113,11.59547,0.25942,0.41455
9114,11.90427,0.26544,0.42844
9115,11.65028,0.26425,0.40950
9116,11.53999,0.25464,0.42067
9117,11.84315,0.26017,0.43643
9118,-9.39901,-0.33898,0.37773
9119,-9.58580,-0.34387,0.37890
9120,-9.41081,-0.33831,0.38284
9121,8.57102,-0.09228,0.85253
9122,6.46485,-0.10754,0.83839
9123,9.41306,-0.08411,0.86112
9124,7.90825,-0.09874,0.84561
9125,5.97681,-0.11312,0.83260
9126,2.71381,0.11172,0.30881
9127,2.56629,0.10471,0.31219
9128,2.38262,0.10087,0.29804
9129,3.01369,0.12125,0.31942
9130,2.90764,0.11528,0.32573
9131,5.04271,0.24153,0.23920
9132,5.73242,0.25496,0.25002
9133,4.77759,0.23816,0.23575
9134,5.37653,0.24611,0.24379
9135,6.01392,0.25860,0.25388
9136,-8.85217,-0.19487,0.35687
9137,-8.21778,-0.18812,0.33467
9138,-8.88734,-0.19893,0.35173
9139,-8.85297,-0.19138,0.36363
9140,-8.39261,-0.18751,0.34442
9141,-7.50726,-0.19643,0.29800
9142,-6.07099,-0.18071,0.26658
9143,-7.21552,-0.19568,0.28941
9144,-6.46818,-0.25556,0.70902
9145,-7.46260,-0.27335,0.69248
9146,-7.63084,-0.27585,0.68971
9147,-5.17291,-0.23487,0.72786
9148,-6.27374,-0.25302,0.71145
9149,12.97925,0.33262,0.41658
9150,13.22436,0.33756,0.42919
9151,12.99369,0.33620,0.41515
9152,12.67883,0.33053,0.40152
9153,12.77708,0.33669,0.40298
9154,12.29892,0.32730,0.38584
9155,2.33134,-0.09977,0.84006
9156,1.16664,-0.11480,0.82565
9157,1.16732,-0.11044,0.82818
9158,-0.08715,-0.12871,0.81126
9159,0.05683,-0.12152,0.81569
9160,3.83758,0.06835,0.57306
9161,4.25241,0.07473,0.55717
9162,4.11192,0.07155,0.54632
9163,3.94799,0.07117,0.58069
9164,4.30662,0.07715,0.57265
9165,3.68881,0.06497,0.56411
9166,23.36357,-0.01860,0.94236
9167,25.46684,-0.01240,0.95430
9168,26.66160,-0.01021,0.95947
9169,24.83606,-0.01341,0.95211
9170,20.88518,-0.02451,0.93260
9171,-9.32052,-0.19255,0.39506
9172,-9.35572,-0.19648,0.38670
9173,-9.69606,-0.19893,0.40890
9174,-9.73466,-0.20327,0.39883
9175,-10.00951,-0.20503,0.41965
9176,12.08702,0.26600,0.44904
9177,12.12251,0.27000,0.44006
9178,11.96236,0.27010,0.42313
9179,0.89094,0.18119,0.75693
9180,1.69611,0.19092,0.75032
9181,2.95079,0.20440,0.73639
9182,3.62881,0.21336,0.73011
9183,5.01768,0.22919,0.71289
9184,-3.17993,0.09928,0.13516
9185,3.07947,-0.10438,0.13604
9186,1.57859,-0.12349,0.15249
9187,2.94131,-0.10522,0.13746
9188,1.92499,-0.11785,0.14860
9189,0.70035,-0.13408,0.16245
9190,-6.71977,-0.12483,0.56068
9191,-6.82775,-0.12456,0.54078
9192,-6.32520,-0.12084,0.58316
9193,-5.77842,-0.11416,0.60353
9194,8.96216,-0.03625,0.06907
9195,9.46598,-0.03249,0.06461
9196,9.97696,-0.02759,0.05871
9197,10.81865,-0.02157,0.05078
9198,10.18328,-0.02726,0.05814
9199,9.24543,0.32928,0.31779
9200,9.02273,0.32627,0.31445
9201,8.58803,0.31735,0.30508
9202,8.40717,0.31282,0.30052
9203,8.98167,0.32261,0.31091
9204,-11.17664,0.02422,0.05683
9205,-12.75794,0.01508,0.04279
9206,-12.51259,0.01618,0.04488
9207,-11.28546,0.02334,0.05575
9208,-9.87854,0.03304,0.06856
9209,0.90378,0.03658,0.31233
9210,0.71355,0.02979,0.30050
9211,0.88982,0.03722,0.29949
9212,1.07342,0.04425,0.30505
9213,1.14599,0.04595,0.31665
9214,-8.00485,-0.20521,0.30762
9215,-8.31537,-0.20698,0.31702
9216,-7.80130,-0.19759,0.30693
9217,-3.16426,0.03313,0.09601
9218,-2.65964,0.03975,0.10743
9219,-2.93562,0.03409,0.09932
9220,-2.36480,0.04133,0.11236
9221,-2.67196,0.03475,0.10292
9222,3.82273,0.11966,0.64100
9223,3.79445,0.11877,0.65328
9224,3.52675,0.11009,0.64885
9225,3.45776,0.10793,0.65916
9226,-2.10075,-0.09426,0.78538
9227,-2.40981,-0.09717,0.77351
9228,-2.03531,-0.08835,0.78439
9229,-1.61703,-0.08185,0.79804
9230,-1.64999,-0.08739,0.79871
9231,-9.06439,-0.32374,0.40018
9232,-9.46307,-0.33316,0.41333
9233,-9.17641,-0.32764,0.39835
9234,-9.43127,-0.33419,0.40405
9235,-9.79117,-0.34168,0.42007
9236,-11.19845,-0.23532,0.52299
9237,-11.07913,-0.23098,0.52014
9238,-10.81422,-0.22461,0.52995
9239,-10.31634,-0.21604,0.55292
9240,-7.35379,-0.27950,0.35545
9241,-7.24424,-0.27833,0.34798
9242,-6.93747,-0.27171,0.33676
9243,7.29327,0.26790,0.38357
9244,7.55551,0.27687,0.38509
9245,7.65595,0.27769,0.39483
9246,7.61247,0.27465,0.40046
9247,7.25326,0.26407,0.39206
9248,0.15469,-0.15492,0.17008
9249,-0.24806,-0.16175,0.17508
9250,-1.06002,-0.17446,0.18505
9251,-1.31093,-0.17924,0.18843
9252,-1.96170,-0.18978,0.19671
9253,-12.89894,0.01859,0.94015
9254,-14.31765,0.01155,0.95400
9255,-11.90911,0.01948,0.93776
9256,-13.65983,0.00673,0.02544
9257,-15.00578,0.00188,0.01164
9258,-13.99370,0.00529,0.02180
9259,-14.61383,0.00364,0.01728
9260,-15.60493,0.00130,0.00871
9261,12.29961,0.27188,0.45944
9262,12.24782,0.27488,0.44039
9263,12.15886,0.26507,0.47115
9264,-6.51954,-0.25335,0.25890
9265,-6.89362,-0.25761,0.26467
9266,-5.80785,-0.24031,0.24779
9267,-5.97409,-0.24126,0.25022
9268,-6.65621,-0.25099,0.26074
9269,3.94490,-0.06884,0.12365
9270,4.19575,-0.06505,0.12049
9271,5.06598,-0.05796,0.11100
9272,5.82176,-0.05023,0.10234
9273,4.63922,-0.05950,0.11511
9274,5.34295,0.16981,0.61501
9275,5.14495,0.16356,0.60462
9276,5.54914,0.17693,0.60305
9277,5.48603,0.17523,0.59351
9278,5.14950,0.16449,0.58680
9279,-3.54183,-0.11458,0.68854
9280,-3.08128,-0.10698,0.69481
9281,-4.48473,-0.12032,0.66844
9282,-4.96620,-0.12822,0.66153
9283,-1.72452,-0.09883,0.71896
9284,-1.58832,-0.09431,0.72001
9285,-0.14133,-0.09992,0.17739
9286,-0.78954,-0.11234,0.19289
9287,-0.50622,-0.10978,0.18577
9288,0.24389,-0.09563,0.16872
9289,-7.19840,-0.27232,0.35997
9290,-6.95515,-0.26793,0.34786
9291,-7.35294,-0.27821,0.35906
9292,0.91243,0.03507,0.33626
9293,0.73883,0.02884,0.32747
9294,0.62655,0.02506,0.31508
9295,0.90504,0.04638,0.25109
9296,0.88179,0.04281,0.26009
9297,0.74874,0.03922,0.24737
9298,0.75389,0.04239,0.23809
9299,0.62623,0.03615,0.23493
9300,-4.16940,-0.12448,0.25009
9301,-4.61976,-0.13175,0.25834
9302,-5.04654,-0.13532,0.26919
9303,-4.60184,-0.12767,0.26119
9304,-5.43136,-0.13795,0.28043
9305,-7.20545,-0.20907,0.28136
9306,-6.82073,-0.20671,0.27285
9307,-7.63874,-0.21755,0.28867
9308,-6.00194,-0.19308,0.25914
9309,-6.47480,-0.19719,0.26862
9310,-5.74643,-0.18717,0.25574
9311,9.86289,0.33033,0.49205
9312,10.04544,0.33610,0.49078
9313,10.04269,0.33830,0.47739
9314,8.66434,0.28262,0.56810
9315,8.96909,0.29285,0.56397
9316,8.73577,0.28427,0.57800
9317,8.93427,0.29057,0.57964
9318,9.17692,0.29918,0.56770
9319,4.68905,-0.04412,0.10860
9320,4.47818,-0.04705,0.11188
9321,1.98742,-0.07017,0.14451
9322,-0.28413,-0.02940,0.19946
9323,-0.35650,-0.03419,0.20236
9324,-0.23137,-0.03140,0.19175
9325,-0.16312,-0.02640,0.18808
9326,-0.05849,-0.02751,0.17737
9327,12.20687,0.39366,0.42901
9328,12.24949,0.39471,0.43595
9329,-4.97148,-0.24079,0.26397
9330,-5.57247,-0.25336,0.27754
9331,-5.51783,-0.25354,0.27432
9332,-5.96936,-0.26286,0.28515
9333,-4.45711,-0.22854,0.25456
9334,-10.90427,-0.36070,0.49374
9335,-11.22074,-0.36673,0.50916
9336,-11.28217,-0.36557,0.52728
9337,-10.35797,-0.28974,0.33334
9338,-9.75320,-0.28056,0.31970
9339,-9.28882,-0.27459,0.30967
9340,-9.12955,-0.27453,0.30592
9341,-20.42523,0.03470,0.90267
9342,-18.62945,0.04194,0.89235
9343,-16.77421,0.04891,0.88114
9344,-1.31919,-0.15228,0.18713
9345,-0.36098,-0.13802,0.17536
9346,-0.36819,-0.13973,0.17545
9347,0.58392,-0.12663,0.16409
9348,0.72372,-0.12320,0.16243
9349,-0.05040,0.00053,0.12006
9350,-0.15987,0.00135,0.11336
9351,-0.10050,0.00056,0.09955
9352,0.01673,-0.00014,0.10479
9353,0.03571,-0.00049,0.12586
9354,-4.15120,-0.22035,0.74065
9355,-3.65196,-0.21203,0.74797
9356,-4.32805,-0.22105,0.73999
9357,-5.38180,-0.23700,0.72573
9358,-5.70989,-0.18281,0.59551
9359,-5.35553,-0.17111,0.59435
9360,-5.36270,-0.17090,0.60519
9361,-5.68004,-0.18140,0.60759
9362,-5.43053,-0.17285,0.61796
9363,10.89639,0.34386,0.34604
9364,11.44826,0.35297,0.36008
9365,11.62910,0.35369,0.36431
9366,4.43921,0.17359,0.69797
9367,6.53490,0.19467,0.66773
9368,5.57753,0.18235,0.68088
9369,3.73036,0.16288,0.70556
9370,7.67182,0.15041,0.39046
9371,7.66636,0.14788,0.40179
9372,1.67269,0.09602,0.71992
9373,3.22315,0.11087,0.69449
9374,3.42671,0.10991,0.68927
9375,2.75580,0.10129,0.70017
9376,2.35712,0.04389,0.35511
9377,2.70378,0.04974,0.36521
9378,2.43207,0.04626,0.34336
9379,2.62716,0.05018,0.34146
9380,-2.86237,0.01131,0.92929
9381,-2.41844,0.01043,0.92779
9382,-2.27609,0.01425,0.91737
9383,-1.98817,0.01250,0.91806
9384,-1.73777,0.01576,0.90794
9385,10.75607,0.25739,0.59108
9386,11.63808,0.27129,0.56501
9387,10.93355,0.25740,0.58339
9388,11.48225,0.26477,0.56499
9389,2.41797,0.09799,0.31484
9390,2.66213,0.10599,0.32326
9391,2.31090,0.09628,0.30372
9392,-9.65742,-0.33575,0.43077
9393,-9.96403,-0.34370,0.43733
9394,-9.68296,-0.33805,0.42320
9395,-9.94940,-0.34550,0.42554
9396,-1.69686,0.14271,0.77165
9397,0.37266,0.16234,0.75288
9398,0.79500,0.16439,0.74803
9399,-1.10010,0.14572,0.76545
9400,-0.27364,-0.00855,0.70037
9401,-0.25953,-0.00820,0.71642
9402,-0.55098,-0.01720,0.70520
9403,-0.67266,-0.02115,0.71509
9404,-9.64688,0.00144,0.01217
9405,-9.24438,0.00256,0.01760
9406,-10.15544,0.00079,0.00797
9407,0.89322,-0.00838,0.90969
9408,1.28393,-0.00983,0.91446
9409,1.00986,-0.01173,0.90344
9410,0.72149,-0.01147,0.89597
9411,0.14242,-0.00180,0.80485
9412,0.31879,-0.00159,0.84031
9413,-0.02819,0.00023,0.81801
9414,0.04888,-0.00013,0.85287
9415,16.25271,-0.02553,0.89566
9416,18.19542,-0.02142,0.90745
9417,-6.32791,-0.20933,0.52119
9418,-6.71624,-0.22205,0.52506
9419,-6.48807,-0.21585,0.51188
9420,-6.79744,-0.22671,0.50896
9421,-7.66613,-0.18335,0.31636
9422,-7.51442,-0.17878,0.31567
9423,-7.75875,-0.17906,0.32596
9424,5.47297,-0.12289,0.81256
9425,7.87327,-0.10480,0.83127
9426,8.14893,-0.10282,0.83206
9427,-2.72780,-0.06117,0.28554
9428,-2.37059,-0.05540,0.27452
9429,-2.64925,-0.06204,0.27581
9430,-3.10225,-0.06745,0.29534
9431,2.19442,0.15816,0.22042
9432,2.55695,0.16377,0.22974
9433,2.05341,0.15288,0.21822
9434,1.61484,0.14500,0.20802
9435,-0.99318,-0.08590,0.20808
9436,-0.54482,-0.07784,0.19163
9437,-0.60643,-0.07643,0.19462
9438,-0.84969,-0.07897,0.20465
9439,-7.69438,-0.27563,0.68824
9440,-6.73258,-0.25702,0.70568
9441,-6.99937,-0.26319,0.70073
9442,-6.23763,-0.24955,0.71345
9443,0.88666,0.04825,0.24276
9444,0.88452,0.04569,0.25008
9445,-1.20933,0.13856,0.15778
9446,-2.63975,0.11634,0.14052
9447,-2.16116,0.12395,0.14630
9448,-3.39885,0.10568,0.13181
9449,1.60919,-0.06012,0.76983
9450,3.27244,-0.04818,0.79545
9451,1.51876,-0.05723,0.76949
9452,-0.27888,-0.07006,0.73938
9453,6.15725,0.25207,0.71161
9454,4.52896,0.22717,0.73389
9455,5.48357,0.24091,0.72195
9456,4.21415,0.22187,0.73881
9457,6.98685,0.22508,0.59628
9458,6.72463,0.21683,0.58659
9459,-1.29768,-0.17912,0.18838
9460,-0.11789,-0.16001,0.17370
9461,-1.08566,-0.17491,0.18545
9462,-2.11974,-0.19249,0.19886
9463,-2.88314,-0.07256,0.66993
9464,-1.77879,-0.06271,0.70039
9465,-2.59039,-0.06731,0.67429
9466,-1.62322,-0.05850,0.70204
9467,-5.01000,-0.17505,0.43151
9468,-5.02238,-0.17753,0.41827
9469,-4.75393,-0.16770,0.41947
9470,-4.61662,-0.16135,0.42962
9471,2.15981,0.13402,0.23196
9472,2.65511,0.14666,0.24538
9473,2.57024,0.14199,0.24517
9474,2.26429,0.13264,0.23776
9475,8.78376,0.21109,0.33100
9476,9.51633,0.22260,0.34967
9477,8.83692,0.21525,0.32893
9478,9.21213,0.21517,0.34488
9479,9.71341,0.22146,0.36095
9480,-1.18865,-0.03876,0.74024
9481,-1.13847,-0.03631,0.72753
9482,-0.77504,-0.02469,0.72718
9483,9.90805,0.31813,0.64506
9484,10.37420,0.32626,0.63493
9485,8.90411,0.29883,0.66523
9486,-13.07898,-0.39926,0.44310
9487,-13.27786,-0.40118,0.45951
9488,-13.44204,-0.40113,0.47473
9489,-10.27038,0.03318,0.86185
9490,-6.63775,0.04763,0.82632
9491,-9.95085,0.03227,0.86113
9492,-6.93949,0.04326,0.83159
9493,-11.24758,0.00532,0.02358
9494,-10.96126,0.00681,0.02743
9495,-10.33920,0.00976,0.03401
9496,-9.68508,0.01413,0.04240
9497,-3.39821,0.03226,0.89907
9498,-4.34439,0.02904,0.90799
9499,-4.55783,0.02412,0.91556
9500,-3.75648,0.02523,0.91006
9501,9.39751,0.28284,0.31095
9502,9.97275,0.29214,0.32306
9503,9.62471,0.28882,0.31519
9504,1.66791,0.11893,0.22003
9505,1.41070,0.11032,0.21392
9506,1.17334,0.10810,0.20575
9507,1.41748,0.11685,0.21129
9508,-11.04170,0.01952,0.05383
9509,-10.87723,0.02092,0.05568
9510,-12.11539,0.01409,0.04398
9511,-12.64293,0.01140,0.03907
9512,0.42850,0.02604,0.19855
9513,0.04387,0.02154,0.17837
9514,0.23156,0.02196,0.18950
9515,0.60417,0.02594,0.21154
9516,4.43335,-0.02280,0.09247
9517,5.41871,-0.01771,0.07797
9518,4.10268,-0.02617,0.09926
9519,4.88626,-0.02233,0.08825
9520,-13.24943,-0.40221,0.48547
9521,-13.14106,-0.40232,0.48520
9522,-13.22085,-0.40075,0.49825
9523,-13.30832,-0.39970,0.50306
9524,-1.07900,0.03716,0.14913
9525,-0.53162,0.14873,0.16588
9526,-0.18966,0.15346,0.16987
9527,0.49715,0.16474,0.17830
9528,1.21172,0.17557,0.18701
9529,-3.43009,-0.18964,0.21416
9530,-4.47108,-0.20397,0.22864
9531,-3.37637,-0.18702,0.21355
9532,-2.21732,-0.17047,0.19826
9533,3.17308,0.21072,0.74175
9534,4.93439,0.23355,0.72062
9535,3.43977,0.21385,0.73757
9536,4.71804,0.22994,0.72208
9537,-4.66998,0.02546,0.07582
9538,-4.28933,0.02746,0.08060
9539,-4.84412,0.02173,0.06997
9540,-5.44983,0.01770,0.06117
9541,-2.78847,0.05248,0.13118
9542,-1.77994,0.06347,0.14624
9543,-3.03956,0.05237,0.12835
9544,-2.12010,0.06217,0.14170
9545,5.90583,0.26417,0.25591
9546,6.00976,0.26689,0.25825
9547,6.61446,0.27919,0.26897
9548,6.83605,0.22220,0.65418
9549,6.77950,0.22219,0.66470
9550,6.47148,0.21177,0.66825
9551,7.08704,0.23092,0.65292
9552,7.26334,0.23530,0.63936
9553,7.50147,0.24229,0.59887
9554,7.22122,0.23266,0.61096
9555,7.22478,0.23296,0.60041
9556,-3.89539,-0.07779,0.32942
9557,-3.52081,-0.07171,0.31901
9558,-3.52023,-0.07353,0.30993
9559,3.86335,-0.05787,0.12182
9560,2.52839,-0.07132,0.13865
9561,2.54061,-0.06963,0.13821
9562,0.04308,-0.01973,0.74505
9563,-0.56138,-0.02507,0.71319
9564,-0.06017,-0.02312,0.74076
9565,0.64681,-0.01819,0.77396
9566,-3.40134,-0.12421,0.38031
9567,-3.03904,-0.11121,0.37703
9568,-3.26376,-0.11781,0.38972
9569,-2.94255,-0.10617,0.38939
9570,11.69216,0.33678,0.60302
9571,12.09570,0.34770,0.59221
9572,12.23217,0.34749,0.58755
9573,12.74118,0.35988,0.57045
9574,-1.61140,-0.10060,0.80153
9575,-2.25138,-0.10793,0.78586
9576,-1.52920,-0.09384,0.80321
9577,-2.09317,-0.11050,0.79060
9578,-2.52351,-0.11785,0.78036
9579,-6.53976,-0.27773,0.26732
9580,-7.38899,-0.29458,0.28254
9581,-7.11890,-0.28828,0.27674
9582,-7.85563,-0.30293,0.29044
9583,0.67005,0.01711,0.67577
9584,0.53373,0.01786,0.69828
9585,0.86931,0.02140,0.67081
9586,0.41625,0.01461,0.70241
9587,-5.73126,-0.23309,0.32031
9588,-6.11437,-0.24162,0.33434
9589,-5.95710,-0.24001,0.32457
9590,-6.34611,-0.25000,0.33580
9591,9.76135,0.31589,0.64829
9592,8.83331,0.29786,0.66693
9593,9.18064,0.30491,0.66021
9594,8.19272,0.28662,0.67880
9595,-1.60055,-0.12620,0.21436
9596,-2.05592,-0.13430,0.22763
9597,-1.95477,-0.13566,0.22292
9598,-2.45675,-0.14552,0.23734
9599,0.87487,0.03084,0.40784
9600,0.47599,0.01681,0.40486
9601,0.69421,0.02481,0.39361
9602,1.01388,0.03627,0.39326
9603,-10.34531,0.01703,0.05401
9604,-10.12566,0.01744,0.05544
9605,-9.05227,0.02420,0.06687
9606,-8.41838,0.02728,0.07278
9607,-11.91353,0.00643,0.96453
9608,-11.26570,0.00626,0.96462
9609,-10.29350,0.01011,0.95379
9610,-11.09976,0.01045,0.95383
9611,-9.22429,0.01632,0.93997
9612,-9.20835,-0.32395,0.41907
9613,-8.80729,-0.31408,0.40620
9614,-9.00875,-0.31749,0.41942
9615,-8.68024,-0.30878,0.41081
9616,0.15256,-0.00028,0.06695
9617,0.02787,-0.00009,0.08763
9618,-0.09407,0.00024,0.07423
9619,-0.05152,0.00007,0.05564
9620,-6.61959,-0.27382,0.26496
9621,-7.51422,-0.29074,0.28029
9622,-7.19353,-0.28335,0.27404
9623,-7.98324,-0.29841,0.28812
9624,3.61480,0.13858,0.34594
9625,3.53598,0.13880,0.33262
9626,3.80984,0.14674,0.34391
9627,3.32319,0.13055,0.33165
9628,3.24781,0.12557,0.34008
9629,-2.42187,-0.10452,0.29288
9630,-2.56707,-0.10608,0.30822
9631,-2.73169,-0.11293,0.30846
9632,-2.73661,-0.11560,0.30065
9633,-2.33730,0.10417,0.14414
9634,-3.96537,0.08539,0.12652
9635,-3.41535,0.09064,0.13226
9636,-2.16843,0.10469,0.14590
9637,-11.44885,-0.38128,0.44389
9638,-11.35603,-0.37867,0.44886
9639,-11.60389,-0.38279,0.46090
9640,-11.75322,-0.38617,0.45896
9641,-0.87742,0.16486,0.78073
9642,-0.62723,0.16748,0.77662
9643,-3.02911,0.14393,0.79859
9644,0.69796,0.18169,0.76522
9645,1.79694,0.19379,0.75323
9646,-0.42589,0.16837,0.77102
9647,2.47243,0.08063,0.51991
9648,2.31939,0.07634,0.50470
9649,2.71639,0.08919,0.50938
9650,2.92717,0.09549,0.52080
9651,12.90204,0.33364,0.55574
9652,13.34356,0.34208,0.53412
9653,13.08090,0.33386,0.54562
9654,12.50805,0.32244,0.56836
9655,0.17974,-0.00628,0.15165
9656,0.29441,-0.00467,0.13270
9657,0.29591,-0.00674,0.14218
9658,0.46632,-0.00514,0.12195
9659,-11.15731,0.05533,0.84903
9660,-12.53484,0.05235,0.85745
9661,-9.38153,0.06656,0.83410
9662,-7.85378,-0.27573,0.43224
9663,-7.92372,-0.27504,0.44728
9664,-8.11410,-0.28179,0.44621
9665,-8.22264,-0.28720,0.43802
9666,0.69247,-0.13941,0.16291
9667,0.27816,-0.14638,0.16776
9668,-0.36120,-0.15478,0.17528
9669,1.60492,-0.12704,0.15252
9670,1.41985,-0.13057,0.15468
9671,14.62486,-0.06164,0.87021
9672,12.62682,-0.07277,0.85821
9673,16.39949,-0.05356,0.88166
9674,15.54078,-0.05792,0.87722
9675,0.38990,0.04361,0.83379
9676,0.58259,0.05090,0.82728
9677,0.22871,0.04488,0.83934
9678,-6.07510,-0.17333,0.27093
9679,10.05355,0.34078,0.46516
9680,10.12105,0.34472,0.45425
9681,10.29254,0.34706,0.46950
9682,10.38491,0.35085,0.46306
9683,2.18877,-0.00105,0.03452
9684,2.68964,-0.00094,0.02910
9685,2.24469,-0.00195,0.04632
9686,1.83882,-0.00260,0.05832
9687,4.03556,0.22486,0.24135
9688,4.91436,0.24473,0.25602
9689,-13.41734,-0.32783,0.46229
9690,-13.25721,-0.32443,0.44687
9691,-13.23899,-0.32763,0.43973
9692,-13.31614,-0.32218,0.46010
9693,-13.39385,-0.32283,0.47911
9694,9.91087,0.32032,0.60028
9695,9.56916,0.31003,0.60953
9696,9.72106,0.31461,0.59800
9697,10.03174,0.32444,0.58476
9698,4.83893,-0.00154,0.01923
9699,4.43184,-0.00368,0.03229
9700,4.92785,-0.00219,0.02310
9701,5.36212,-0.00070,0.01151
9702,-11.47636,-0.33545,0.35715
9703,-11.03823,-0.32667,0.34590
9704,0.78250,0.09461,0.19601
9705,1.13086,0.10475,0.20548
9706,1.20462,0.10319,0.20891
9707,1.60196,0.11389,0.22010
9708,-1.20471,-0.10188,0.19113
9709,-0.96331,-0.09699,0.18772
9710,0.02464,-0.08773,0.17231
9711,-1.89574,-0.10831,0.20268
9712,2.09421,0.13362,0.20008
9713,0.77811,0.11595,0.18185
9714,2.10237,0.13144,0.20064
9715,-6.06257,-0.22477,0.71434
9716,-5.18874,-0.20762,0.73227
9717,-5.71266,-0.22042,0.72246
9718,-5.74118,-0.21593,0.72021
9719,-5.01483,-0.20004,0.73489
9720,2.92120,0.09378,0.71296
9721,3.11529,0.10140,0.71875
9722,2.78831,0.09112,0.72525
9723,2.83765,0.09505,0.73528
9724,12.46190,0.29298,0.42334
9725,12.20347,0.29204,0.40640
9726,12.21054,0.28782,0.41221
9727,11.73849,0.28381,0.38874
9728,1.20930,0.08084,0.22316
9729,1.25695,0.08545,0.22199
9730,1.46521,0.08697,0.23410
9731,1.64164,0.09467,0.23764
9732,16.19140,-0.02104,0.93782
9733,13.00955,-0.03482,0.91713
9734,13.71893,-0.02889,0.92534
9735,16.12487,-0.01803,0.94273
9736,-7.78951,0.02130,0.86642
9737,-9.60843,0.01465,0.89164
9738,13.32894,0.40165,0.47398
9739,13.17942,0.40196,0.46581
9740,13.16387,0.40118,0.45783
9741,13.24058,0.40055,0.45649
9742,8.64152,0.29494,0.67044
9743,7.58873,0.27540,0.68981
9744,7.84654,0.27966,0.68542
9745,8.58257,0.29347,0.67127
9746,1.00166,-0.01204,0.10027
9747,0.92220,-0.01496,0.10974
9748,0.68195,-0.01662,0.12206
9749,-11.16785,-0.34688,0.35166
9750,-11.22298,-0.34493,0.35225
9751,-10.67842,-0.33673,0.33918
9752,-10.47061,-0.33578,0.33511
9753,-0.60600,-0.14010,0.18545
9754,-0.92239,-0.14423,0.19147
9755,11.27625,0.25757,0.39525
9756,11.35594,0.26195,0.39361
9757,10.95469,0.25561,0.37938
9758,10.79948,0.25008,0.37825
9759,-1.17448,0.12123,0.15740
9760,-0.95334,0.12537,0.15994
9761,-2.10667,0.11064,0.14694
9762,-2.42972,0.10568,0.14337
9763,3.66647,-0.06208,0.11223
9764,3.07847,-0.07254,0.12250
9765,3.83776,-0.06176,0.11067
9766,4.55625,-0.05095,0.09892
9767,6.11233,0.22436,0.38446
9768,6.07351,0.22623,0.37224
9769,6.34147,0.23290,0.38415
9770,6.47228,0.23452,0.39660
9771,-12.91062,-0.29713,0.49020
9772,-13.02733,-0.30239,0.48711
9773,-12.88098,-0.29722,0.50259
9774,-12.76087,-0.29180,0.50516
9775,9.61732,0.33789,0.32758
9776,8.89599,0.32462,0.31288
9777,9.04570,0.32619,0.31454
9778,8.31896,0.31256,0.30035
9779,0.75367,0.17305,0.78136
9780,-0.35581,0.16163,0.79111
9781,-1.56279,0.14671,0.80420
9782,-0.43377,0.15759,0.79477
9783,8.57155,0.27909,0.62854
9784,8.84478,0.28703,0.61274
9785,8.93036,0.29005,0.61741
9786,8.67891,0.28316,0.63285
9787,11.43430,0.27167,0.57593
9788,12.02364,0.28397,0.55864
9789,12.12930,0.28320,0.55154
9790,1.96790,0.05442,0.24780
9791,1.38648,0.04755,0.22600
9792,1.62695,0.04874,0.23819
9793,2.05638,0.05317,0.25728
9794,-11.54658,-0.38080,0.39043
9795,-11.46278,-0.37809,0.38432
9796,-11.13429,-0.37279,0.37588
9797,-11.04402,-0.37223,0.37621
9798,7.18369,-0.06034,0.09449
9799,8.29108,-0.04964,0.08375
9800,-0.60949,-0.04937,0.82596
9801,-0.45962,-0.04371,0.83107
9802,-0.26728,-0.04436,0.83814
9803,-0.54116,-0.05390,0.82900
9804,-6.20671,-0.26146,0.30261
9805,-6.67397,-0.27322,0.31273
9806,-6.91065,-0.28001,0.31593
9807,1.33594,0.04197,0.71726
9808,1.54560,0.04819,0.70589
9809,1.75587,0.05533,0.71437
9810,1.44657,0.04626,0.72921
9811,1.68736,0.05240,0.61626
9812,2.07995,0.06482,0.60947
9813,1.95681,0.06066,0.62492
9814,2.40261,0.07473,0.62064
9815,11.20678,-0.07525,0.86911
9816,6.30063,0.26223,0.25795
9817,5.66748,0.25004,0.24789
9818,4.81410,0.23506,0.23520
9819,12.52556,0.31373,0.56109
9820,12.23298,0.30553,0.56879
9821,11.63581,0.29463,0.58613
9822,13.30327,-0.01106,0.03363
9823,12.18541,-0.01704,0.04362
9824,12.05986,-0.01808,0.04498
9825,10.90563,-0.02585,0.05565
9826,11.80418,0.34481,0.60049
9827,11.44165,0.33564,0.61009
9828,11.41121,0.33325,0.61061
9829,0.27856,-0.05150,0.16215
9830,0.65507,-0.04370,0.14757
9831,0.30312,-0.04816,0.16061
9832,0.52468,-0.04210,0.15097
9833,6.58536,0.15876,0.64141
9834,7.54208,0.17194,0.62301
9835,7.72079,0.17113,0.61508
9836,7.00843,0.16015,0.62900
9837,-2.23803,0.00275,0.95761
9838,-2.67454,0.00297,0.95930
9839,-2.87282,0.00427,0.95341
9840,2.77943,0.09469,0.74085
9841,2.54444,0.08686,0.74444
9842,2.20175,0.07731,0.75590
9843,-3.99008,0.09818,0.12672
9844,-2.69606,0.11558,0.14075
9845,-3.67006,0.10268,0.13014
9846,-2.57730,0.11762,0.14204
9847,5.45939,0.19248,0.71434
9848,5.15935,0.18243,0.71907
9849,5.74219,0.19723,0.70380
9850,5.50252,0.18824,0.70571
9851,-5.03270,-0.22624,0.23625
9852,-4.73457,-0.22314,0.23207
9853,-5.61284,-0.23928,0.24498
9854,4.71578,0.15029,0.58678
9855,4.33614,0.13737,0.59714
9856,4.43762,0.14149,0.58068
9857,4.05173,0.12849,0.58910
9858,2.50100,-0.11943,0.14276
9859,1.50989,-0.13394,0.15406
9860,-1.04105,0.04387,0.13704
9861,-1.00110,0.04813,0.14026
9862,-0.68678,0.05129,0.14939
9863,-0.72873,0.04686,0.14645
9864,0.21741,-0.02054,0.15361
9865,0.07250,-0.02232,0.16592
9866,0.13002,-0.02495,0.16229
9867,-7.72227,0.00336,0.02278
9868,-6.86389,0.00671,0.03484
9869,-7.44679,0.00353,0.02376
9870,-6.98701,0.00712,0.03541
9871,-7.34131,0.00588,0.03122
9872,-5.29723,-0.18975,0.24567
9873,-4.70359,-0.18336,0.23576
9874,-6.00507,-0.20156,0.25654
9875,-5.11934,-0.19164,0.24152
9876,1.70496,0.10892,0.22811
9877,2.14324,0.11948,0.24288
9878,1.94006,0.11101,0.23932
9879,1.92185,0.11655,0.23338
9880,1.50996,0.10770,0.21956
9881,-25.86601,0.01669,0.93430
9882,-21.70921,0.02744,0.91125
9883,-26.81338,0.01434,0.93901
9884,-22.78538,0.02355,0.91768
9885,8.10188,-0.05070,0.89452
9886,5.86697,-0.06706,0.87520
9887,6.96555,-0.05538,0.88804
9888,8.68771,-0.04276,0.90373
9889,-0.22853,-0.01014,0.71377
9890,-0.16211,-0.01251,0.72839
9891,0.01865,-0.00978,0.74771
9892,-0.02277,-0.00711,0.74217
9893,-0.25788,0.02566,0.86217
9894,-0.59934,0.02056,0.87749
9895,-0.33417,0.02037,0.86878
9896,-0.64753,0.02487,0.87444
9897,-0.33075,0.03042,0.86152
9898,12.60092,0.39766,0.43550
9899,12.20324,0.39197,0.41708
9900,12.38287,0.39367,0.42078
9901,12.05718,0.38880,0.40801
9902,-18.93137,0.04310,0.90003
9903,-21.43287,0.03291,0.91526
9904,-17.13483,0.05038,0.89181
9905,-14.32043,0.06474,0.87381
9906,3.62715,0.20874,0.75014
9907,3.10334,0.19896,0.75826
9908,4.37056,0.21859,0.74107
9909,2.39529,0.19114,0.76549
9910,1.33671,0.17542,0.77895
9911,2.09232,0.07560,0.38471
9912,2.42322,0.08670,0.39468
9913,2.03424,0.07258,0.39597
9914,2.27236,0.08023,0.40755
9915,-0.45486,0.00756,0.89549
9916,-0.32864,0.00945,0.88339
9917,-0.51964,0.01154,0.88832
9918,-0.73241,0.00869,0.90362
9919,-1.07031,-0.12063,0.73425
9920,-3.27135,-0.13893,0.70517
9921,-2.41142,-0.13445,0.71795
9922,-0.06921,-0.11582,0.74660
9923,5.57967,0.19794,0.41650
9924,5.24056,0.18664,0.41115
9925,5.47158,0.19620,0.40498
9926,5.12447,0.18523,0.39595
9927,-0.14217,0.00122,0.08935
9928,-0.06399,0.00037,0.07820
9929,-0.22646,0.00123,0.07531
9930,-0.30940,0.00222,0.08370
9931,-13.37241,-0.32948,0.51775
9932,-13.00230,-0.32115,0.53990
9933,-13.14807,-0.32174,0.52851
9934,-13.40364,-0.32731,0.50855
9935,-4.56689,-0.09937,0.63896
9936,-5.04081,-0.10637,0.62875
9937,-0.27146,-0.00791,0.23779
9938,-0.26219,-0.00924,0.22265
9939,-0.13843,-0.00763,0.20216
9940,-9.94698,0.04266,0.85043
9941,-7.78384,0.05013,0.83209
9942,-10.35800,0.03851,0.85631
9943,-13.96691,0.02760,0.88445
9944,-1.00396,0.11743,0.75859
9945,-0.10855,0.12752,0.74967
9946,0.97379,0.13365,0.73706
9947,2.21472,0.14639,0.72329
9948,-0.23743,-0.07092,0.83299
9949,-0.20279,-0.07457,0.83238
9950,-0.59548,-0.07274,0.82572
9951,10.29801,0.21692,0.40860
9952,10.28108,0.22029,0.39832
9953,9.86814,0.21234,0.38606
9954,10.54417,0.22231,0.41579
9955,10.60331,0.21979,0.43069
9956,-0.65379,0.06457,0.16210
9957,-0.30929,0.07013,0.16805
9958,-1.31010,0.05937,0.15134
9959,-1.50448,0.05926,0.14859
9960,0.88772,-0.04583,0.14224
9961,1.13313,-0.04547,0.13628
9962,1.30110,-0.04000,0.12924
9963,1.58610,-0.03784,0.12201
9964,11.70101,-0.04528,0.85772
9965,7.05468,0.29018,0.27951
9966,6.83459,0.28505,0.27441
9967,7.64007,0.30133,0.28964
9968,-2.04940,-0.19430,0.19995
9969,-2.97587,-0.21116,0.21302
9970,-2.54772,-0.20313,0.20657
9971,-3.60962,-0.22260,0.22173
9972,10.80308,-0.02764,0.06042
9973,9.52456,-0.03716,0.07229
9974,10.91173,-0.02683,0.05960
9975,12.21515,-0.01851,0.04770
9976,3.10044,-0.05165,0.12708
9977,2.30687,-0.06038,0.13873
9978,1.83429,-0.06302,0.14511
9979,1.27400,-0.06981,0.15361
9980,0.34485,0.04180,0.18631
9981,0.13032,0.04383,0.17906
9982,-2.98638,-0.15709,0.77274
9983,-3.88966,-0.17259,0.75607
9984,-3.34682,-0.15983,0.76625
9985,-4.17420,-0.17386,0.74973
9986,-9.36141,0.02733,0.06000
9987,-8.16206,0.03755,0.07247
9988,-9.21695,0.02751,0.06035
9989,-8.42483,0.03380,0.06845
9990,-1.28441,-0.06745,0.20394
9991,-1.84582,-0.07151,0.21909
9992,-1.06668,-0.06361,0.19961
9993,-1.26968,-0.06364,0.20577
9994,1.59508,0.06406,0.21625
9995,2.14488,0.07130,0.23013
9996,1.40657,0.06396,0.20963
9997,1.96409,0.07154,0.22291
9998,-10.56702,0.02975,0.06088
9999,-9.21658,0.04098,0.07360
10000,-9.91277,0.03455,0.06652
10001,-11.52653,0.02232,0.05136
10002,12.59963,0.39843,0.47490
10003,12.73508,0.39851,0.49037
10004,12.60691,0.39719,0.48906
10005,12.43216,0.39655,0.47134
10006,13.19615,-0.00650,0.02894
10007,14.76867,-0.00187,0.01260
10008,14.51305,-0.00316,0.01833
10009,12.72281,-0.00923,0.03544
10010,7.33529,-0.05156,0.08557
10011,7.78816,-0.04759,0.08129
10012,8.57758,-0.03901,0.07235
10013,8.15660,-0.04211,0.07603
10014,-5.40784,-0.23084,0.72801
10015,-6.03513,-0.24059,0.71794
10016,-6.90401,-0.25699,0.70249
10017,6.03517,0.20321,0.69228
10018,6.04854,0.20079,0.68504
10019,6.39530,0.21214,0.67934
10020,6.51891,0.21398,0.66995
10021,9.39092,0.28994,0.30991
10022,9.12968,0.28321,0.30488
10023,10.05614,0.29893,0.32391
10024,4.08553,-0.00214,0.03528
10025,3.88450,-0.00181,0.03312
10026,10.12060,-0.03146,0.06664
10027,9.37192,-0.03758,0.07369
10028,10.71333,-0.02779,0.06152
10029,11.95345,-0.01969,0.05041
10030,-12.77542,-0.40011,0.48335
10031,-12.80170,-0.39864,0.49839
10032,-4.98756,-0.21998,0.23543
10033,-4.87344,-0.21593,0.23381
10034,-3.93273,-0.20217,0.22055
10035,-3.77246,-0.20142,0.21837
10036,12.90294,0.34368,0.56079
10037,12.28330,0.33173,0.58215
10038,11.95435,0.32268,0.59035
10039,2.77608,-0.00860,0.06001
10040,2.70940,-0.00687,0.05497
10041,2.43717,-0.00989,0.06729
10042,2.41527,-0.01206,0.07319
10043,12.63376,0.39863,0.44355
10044,12.40731,0.39516,0.42836
10045,12.68366,0.39850,0.44088
10046,12.50706,0.39548,0.42739
10047,4.49104,0.17116,0.35293
10048,4.83964,0.18257,0.36080
10049,4.69882,0.17564,0.36680
10050,5.06203,0.18719,0.37617
10051,-7.67599,-0.26326,0.46538
10052,-7.46935,-0.25529,0.47066
10053,-7.50754,-0.25440,0.48440
10054,13.69164,0.39313,0.49426
10055,13.72953,0.39242,0.48650
10056,13.71684,0.38943,0.50179
10057,13.61699,0.38850,0.51421
10058,-13.29618,0.01342,0.03900
10059,-13.05964,0.01445,0.04094
10060,-11.81071,0.02170,0.05189
10061,-14.31719,0.00880,0.03033
10062,-14.94536,0.00648,0.02526
10063,-0.17359,-0.00800,0.80817
10064,-0.27030,-0.01366,0.81540
10065,-0.37982,-0.01606,0.80053
10066,-0.14516,-0.00797,0.82016
10067,-0.03336,-0.00179,0.81754
10068,-5.27129,-0.12732,0.28766
10069,-5.78969,-0.13208,0.30486
10070,-5.11565,-0.12302,0.28720
10071,-5.66877,-0.12772,0.30687
10072,-13.59613,-0.37655,0.52790
10073,-13.35595,-0.36693,0.54408
10074,-13.62827,-0.37402,0.52599
10075,-13.76706,-0.37989,0.51166
10076,-0.35141,-0.07040,0.17984
10077,-1.18693,-0.08078,0.19546
10078,-1.37300,-0.08098,0.19972
10079,-1.16562,-0.07731,0.19602
10080,-4.61181,-0.22968,0.73104
10081,-4.40724,-0.22722,0.73238
10082,-5.73427,-0.24646,0.71558
10083,-5.99377,-0.25023,0.71293
10084,4.81636,0.15664,0.54034
10085,4.71664,0.15459,0.52470
10086,5.02117,0.16448,0.52797
10087,5.24006,0.17103,0.53662
10088,10.05609,0.34494,0.44351
10089,10.28340,0.34948,0.45545
10090,10.12099,0.34456,0.45613
10091,9.78760,0.33727,0.44142
10092,-0.16842,-0.01870,0.19689
10093,-0.14114,-0.01405,0.20049
10094,-0.22923,-0.01847,0.20996
10095,-0.09684,-0.01502,0.18865
10096,-0.06461,-0.01029,0.18813
10097,0.96565,0.11615,0.73491
10098,-0.18074,0.10466,0.74864
10099,-1.53428,0.09696,0.76440
10100,-0.83364,0.10494,0.75668
10101,8.72344,0.18664,0.36510
10102,9.28971,0.19389,0.38779
10103,9.31543,0.19041,0.40021
10104,-6.81142,0.05609,0.09065
10105,-7.86985,0.04438,0.07889
10106,-7.93987,0.04440,0.07864
10107,-6.78903,0.05717,0.09138
10108,-8.26725,-0.21899,0.30593
10109,-8.39936,-0.21754,0.31103
10110,-7.66565,-0.20908,0.29410
10111,-7.45278,-0.20365,0.29109
10112,11.05043,0.23215,0.53059
10113,10.55857,0.22423,0.55426
10114,10.98302,0.23352,0.54186
10115,11.35696,0.23976,0.51895
10116,0.78660,0.04020,0.25152
10117,0.93561,0.04374,0.26823
10118,0.71643,0.03472,0.26092
10119,0.96296,0.04693,0.26003
10120,-8.26348,-0.28888,0.43721
10121,-8.38119,-0.29460,0.42927
10122,-8.10418,-0.28668,0.42256
10123,-7.89152,-0.27917,0.42336
10124,-5.52311,-0.10860,0.35501
10125,-5.95354,-0.11385,0.37694
10126,-5.68593,-0.10883,0.37210
10127,-5.27741,-0.10327,0.35444
10128,-12.08213,-0.39170,0.46691
10129,-11.92935,-0.39010,0.45311
10130,-12.00622,-0.39176,0.44753
10131,13.31904,0.35221,0.54180
10132,13.23310,0.35330,0.54747
10133,13.55165,0.36024,0.52905
10134,6.20512,-0.05446,0.10105
10135,4.89098,-0.06704,0.11494
10136,4.92057,-0.06547,0.11430
10137,6.76125,-0.04858,0.09495
10138,6.28141,-0.06608,0.10266
10139,7.18584,-0.05670,0.09366
10140,7.45655,-0.05454,0.09105
10141,6.08352,-0.06759,0.10460
10142,-5.49012,-0.20899,0.35683
10143,-5.72908,-0.21768,0.35830
10144,-5.40763,-0.20941,0.34586
10145,-5.12074,-0.19923,0.34271
10146,-6.97495,0.00656,0.04552
10147,-6.94562,0.00755,0.04833
10148,-7.95250,0.00366,0.03132
10149,-6.21109,0.01025,0.05898
10150,-6.01085,0.01018,0.06017
10151,-9.86773,-0.25636,0.33351
10152,-9.11388,-0.24679,0.31510
10153,-9.85632,-0.25890,0.33161
10154,-9.38689,-0.25450,0.31926
10155,-2.13673,-0.07480,0.41855
10156,-2.45725,-0.08577,0.42272
10157,-2.27305,-0.08026,0.40935
10158,-2.61419,-0.09223,0.41134
10159,-9.96099,-0.23338,0.35750
10160,-9.79279,-0.22753,0.35668
10161,-9.40382,-0.22434,0.34276
10162,-9.13886,-0.21766,0.33871
10163,0.89350,-0.00130,0.04244
10164,1.10441,-0.00088,0.03156
10165,0.77294,-0.00078,0.03549
10166,0.91167,-0.00039,0.02265
10167,12.57649,0.35864,0.39171
10168,12.19014,0.35453,0.37896
10169,12.10120,0.35052,0.37572
10170,12.55812,0.35529,0.39069
10171,5.08152,0.18077,0.72126
10172,5.39281,0.19070,0.71582
10173,4.88875,0.17913,0.72879
10174,5.03580,0.18528,0.72749
10175,-5.47647,0.00728,0.05559
10176,-4.86904,0.00880,0.06409
10177,-4.75958,0.01079,0.07001
10178,-3.99229,0.01381,0.08304
10179,8.88714,0.31416,0.41607
10180,8.51196,0.30592,0.39890
10181,8.50234,0.30344,0.40754
10182,8.79094,0.30933,0.42340
10183,1.63235,0.13105,0.21318
10184,1.03701,0.11973,0.19815
10185,1.49414,0.13092,0.20877
10186,1.12591,0.12490,0.19954
10187,13.26667,0.39381,0.52240
10188,13.33047,0.39278,0.52292
10189,7.46913,0.24258,0.57247
10190,7.74186,0.25165,0.57266
10191,7.42305,0.24015,0.58627
10192,7.79308,0.25264,0.58502
10193,11.99711,0.37897,0.54065
10194,11.92614,0.37502,0.55398
10195,11.80060,0.37221,0.55629
10196,11.84816,0.37605,0.54067
10197,-13.27029,0.00252,0.01440
10198,-13.67000,0.00140,0.00960
10199,-2.14152,0.11441,0.14433
10200,-2.67347,0.10705,0.13757
10201,-1.57511,0.12462,0.15210
10202,-2.23115,0.11505,0.14361
10203,-5.91445,0.03114,0.91122
10204,-4.72249,0.03658,0.90070
10205,-4.91504,0.04032,0.89741
10206,-3.70357,0.04709,0.88553
10207,-3.54724,0.00128,0.02940
10208,-3.22446,0.00274,0.04521
10209,2.09765,0.14391,0.22386
10210,1.85416,0.14150,0.21657
10211,2.37488,0.15200,0.22976
10212,2.32101,0.15334,0.22702
10213,-4.10684,0.04619,0.09869
10214,-3.31515,0.05561,0.11150
10215,-3.76306,0.04819,0.10281
10216,-4.41984,0.04000,0.09163
10217,-12.26008,-0.27152,0.45786
10218,-12.38366,-0.27759,0.45367
10219,-12.37689,-0.27391,0.47518
10220,-12.21076,-0.27415,0.44119
10221,-12.05300,-0.26853,0.43826
10222,-2.78449,0.11230,0.14003
10223,-3.53229,0.10307,0.13197
10224,-3.99041,0.09683,0.12712
10225,-3.50300,0.10243,0.13226
10226,3.92346,0.06777,0.53503
10227,10.75764,-0.01141,0.04531
10228,11.46601,-0.00912,0.03914
10229,10.02668,-0.01547,0.05367
10230,9.13475,-0.01917,0.06190
10231,-5.67021,0.07588,0.10921
10232,-6.22780,0.07006,0.10357
10233,6.41846,0.21246,0.67802
10234,6.10233,0.20186,0.68216
10235,12.49653,0.39255,0.41700
10236,12.78241,0.39585,0.42862
10237,12.75778,0.39701,0.43188
10238,12.45759,0.39341,0.41937
10239,-4.22921,0.06646,0.12044
10240,-5.25967,0.05563,0.10861
10241,-3.92215,0.06804,0.12362
10242,-2.83354,0.07972,0.13638
10243,2.18709,0.11136,0.25548
10244,1.96526,0.10841,0.24369
10245,2.19559,0.11500,0.25119
10246,2.51204,0.12199,0.26444
10247,-11.27228,-0.34953,0.60890
10248,-10.55516,-0.33380,0.62883
10249,-10.83610,-0.33886,0.62251
10250,-10.08458,-0.32311,0.64114
10251,3.51257,0.17301,0.26404
10252,3.24752,0.16425,0.25912
10253,2.97928,0.16049,0.24922
10254,-5.82694,-0.26333,0.25473
10255,-6.40586,-0.27353,0.26354
10256,-5.35481,-0.25364,0.24663
10257,-5.93642,-0.26370,0.25522
10258,8.04418,0.20799,0.30626
10259,7.69631,0.20039,0.30062
10260,8.43378,0.21055,0.31762
10261,8.79409,0.21811,0.32415
10262,0.04964,0.15146,0.17183
10263,-0.00428,0.14976,0.17110
10264,-1.25092,0.13148,0.15662
10265,6.94153,0.26094,0.69227
10266,5.74861,0.24423,0.70905
10267,7.23790,0.26623,0.68907
10268,6.06069,0.24942,0.70625
10269,6.42807,0.23257,0.39836
10270,6.79163,0.24368,0.40714
10271,6.65035,0.23722,0.41317
10272,6.55013,0.23817,0.39367
10273,6.84356,0.24769,0.39834
10274,11.69202,-0.01521,0.04775
10275,12.74696,-0.00992,0.03749
10276,13.20474,-0.00870,0.03417
10277,12.64843,-0.01118,0.03956
10278,5.65940,-0.03140,0.83324
10279,3.16916,-0.04418,0.79632
10280,4.92527,-0.03750,0.82000
10281,7.07227,-0.02849,0.84799
10282,-9.03987,0.05981,0.88639
10283,-7.99656,0.06350,0.88181
10284,-6.47473,0.07765,0.86697
10285,-7.25943,0.07485,0.87041
10286,1.51704,-0.02685,0.88868
10287,1.13213,-0.02658,0.88298
10288,1.46027,-0.02338,0.89214
10289,0.81547,-0.03242,0.87168
10290,1.19242,-0.03391,0.87665
10291,5.91056,0.18856,0.62766
10292,6.01088,0.19198,0.61342
10293,6.26551,0.20042,0.61935
10294,6.35744,0.20379,0.60423
10295,-22.92632,0.02877,0.91611
10296,-21.13255,0.03412,0.90630
10297,-26.38675,0.01883,0.93374
10298,-24.80274,0.02226,0.92595
10299,-7.01217,0.03705,0.07593
10300,-7.85732,0.02981,0.06641
10301,-6.77229,0.04114,0.08026
10302,-7.57997,0.03402,0.07130
10303,3.59368,0.07334,0.31826
10304,3.92599,0.07652,0.34031
10305,4.06473,0.08042,0.33508
10306,3.61167,0.07572,0.30976
10307,-1.87733,-0.15675,0.21177
10308,-1.42711,-0.15022,0.20190
10309,-1.02968,-0.14009,0.19445
10310,-1.34382,-0.14420,0.20124
10311,4.57381,-0.05120,0.11310
10312,3.71091,-0.06041,0.12413
10313,3.22821,-0.06314,0.12956
10314,1.42251,-0.02189,0.13009
10315,1.82755,-0.01748,0.11596
10316,2.05267,-0.01728,0.11173
10317,1.93666,-0.01951,0.11726
10318,7.81502,0.20330,0.64199
10319,7.11256,0.19769,0.65634
10320,8.58419,0.21480,0.62928
10321,2.08736,0.07720,0.22240
10322,2.41454,0.08257,0.22883
10323,1.68732,0.07477,0.21127
10324,1.29322,0.06883,0.20315
10325,-3.61576,-0.22221,0.22785
10326,-2.60973,-0.20241,0.21216
10327,-3.09461,-0.21144,0.22016
10328,-2.89258,-0.20836,0.21607
10329,-3.65051,-0.22340,0.22761
10330,-1.50564,0.00569,0.06523
10331,-1.43410,0.00429,0.05893
10332,-1.74331,0.00453,0.05542
10333,-1.74766,0.00292,0.04515
10334,-3.10495,-0.18376,0.23786
10335,-3.53663,-0.19570,0.24576
10336,-2.79554,-0.17893,0.23002
10337,-3.00745,-0.18564,0.23334
10338,-1.87483,0.09987,0.14444
10339,-1.16625,0.11233,0.15576
10340,-1.06573,0.11213,0.15704
10341,-2.13096,0.09352,0.13983
10342,-11.15287,-0.30340,0.60854
10343,-10.24637,-0.28969,0.62815
10344,-11.74985,-0.31533,0.59474
10345,-12.88479,-0.35133,0.56412
10346,-12.98002,-0.35643,0.56095
10347,-12.44948,-0.34426,0.57996
10348,-12.31929,-0.33840,0.58318
10349,14.86370,-0.01970,0.89859
10350,19.03148,-0.01089,0.92910
10351,17.56241,-0.01217,0.92256
10352,21.59251,-0.00568,0.95069
10353,-0.52302,-0.16661,0.17861
10354,-1.68549,-0.18605,0.19346
10355,0.75189,-0.14613,0.16299
10356,-1.71851,-0.06159,0.39276
10357,-1.68853,-0.06145,0.37875
10358,-1.46433,-0.05300,0.38307
10359,-1.37217,-0.05047,0.36915
10360,-5.28768,-0.19492,0.72404
10361,-5.32438,-0.19901,0.72529
10362,-5.86905,-0.20935,0.71104
10363,-5.80449,-0.20437,0.70923
10364,10.38030,0.27007,0.34258
10365,11.00155,0.27689,0.36123
10366,11.11915,0.28195,0.36232
10367,-0.57250,-0.05850,0.18677
10368,-1.35868,-0.06594,0.20594
10369,-0.87236,-0.05941,0.19472
10370,-0.13170,-0.05252,0.17690
10371,0.62968,0.12726,0.17891
10372,0.19823,0.12347,0.17336
10373,-0.62615,0.11176,0.16320
10374,-1.03650,0.10889,0.15825
10375,-0.46650,-0.02120,0.27564
10376,-0.49347,-0.02375,0.26321
10377,-0.33572,-0.01596,0.26574
10378,-0.36389,-0.01855,0.25290
10379,0.86186,-0.07067,0.15199
10380,1.31472,-0.06472,0.14163
10381,-9.33193,-0.30390,0.62874
10382,-9.75619,-0.31583,0.61359
10383,-9.58581,-0.31070,0.61415
10384,-9.18006,-0.29914,0.62888
10385,10.32396,0.27287,0.61702
10386,10.32021,0.27578,0.61891
10387,11.03812,0.28535,0.60203
10388,11.36008,0.29405,0.59669
10389,-8.34010,0.03622,0.07914
10390,-10.03600,0.02460,0.06267
10391,-9.44842,0.02775,0.06788
10392,-7.85830,0.03894,0.08343
10393,1.36469,0.04380,0.54347
10394,0.93449,0.02993,0.54724
10395,1.06538,0.03432,0.53643
10396,1.47087,0.04762,0.52855
10397,-1.24176,0.00022,0.01341
10398,-1.41054,0.00049,0.01994
10399,-1.13378,0.00055,0.02398
10400,-1.22446,0.00111,0.03343
10401,-1.33851,-0.18167,0.19013
10402,-1.92881,-0.19181,0.19771
10403,-0.86533,-0.17346,0.18376
10404,-1.76034,0.00142,0.04400
10405,-1.59214,0.00101,0.03918
10406,-1.46508,0.00199,0.05661
10407,-1.25303,0.00151,0.05377
10408,-4.99072,-0.23169,0.71616
10409,-6.67571,-0.25546,0.69518
10410,-5.28327,-0.23660,0.71342
10411,-3.85702,-0.21803,0.73006
10412,-9.43118,0.03887,0.07344
10413,-9.91396,0.03465,0.06889
10414,-8.57269,0.04594,0.08144
10415,-7.97606,0.05159,0.08714
10416,-13.45885,-0.38402,0.53154
10417,-13.62163,-0.38725,0.51825
10418,-13.62063,-0.39054,0.51351
10419,-13.47778,-0.38767,0.52661
10420,-1.83549,-0.18980,0.19612
10421,-0.88640,-0.17365,0.18382
10422,6.92804,0.22309,0.59951
10423,7.03111,0.22703,0.58799
10424,7.31322,0.23668,0.58360
10425,-1.45616,0.00733,0.92556
10426,-1.54074,0.00955,0.91965
10427,0.86674,-0.08271,0.15478
10428,0.94384,-0.08444,0.15380
10429,-8.75257,-0.28938,0.53063
10430,-8.58739,-0.28216,0.54606
10431,0.05773,0.00537,0.20216
10432,0.12026,0.00987,0.20856
10433,0.09955,0.00740,0.21433
10434,0.02451,0.00178,0.21309
10435,-0.75056,0.16585,0.78109
10436,3.23100,0.11035,0.45196
10437,3.49090,0.11980,0.44642
10438,3.61569,0.12321,0.45662
10439,3.31211,0.11204,0.46599
10440,1.93251,0.09624,0.25844
10441,1.85454,0.09739,0.24992
10442,2.14865,0.10393,0.26423
10443,2.11290,0.10613,0.25748
10444,13.00513,0.35574,0.55909
10445,12.85667,0.35554,0.56547
10446,12.51590,0.34581,0.57743
10447,15.87630,-0.00508,0.94535
10448,14.33380,-0.00621,0.93596
10449,12.80752,-0.01091,0.91386
10450,11.09155,-0.01328,0.90044
10451,2.25634,0.07722,0.69733
10452,1.27233,0.06726,0.71824
10453,1.11164,0.06979,0.72289
10454,0.08973,0.06106,0.74288
10455,-12.78724,-0.40091,0.47381
10456,-12.80110,-0.40127,0.46503
10457,-12.62234,-0.39977,0.45857
10458,-12.61103,-0.39946,0.44990
10459,-11.95671,-0.28640,0.56574
10460,-12.42710,-0.29338,0.54615
10461,-0.53535,0.08983,0.16216
10462,-0.59166,0.09193,0.16146
10463,-0.14299,0.09871,0.17101
10464,-0.03325,0.10361,0.17354
10465,-1.17429,-0.12294,0.20167
10466,4.28769,0.14564,0.46450
10467,4.61099,0.15724,0.46077
10468,4.61005,0.15601,0.47161
10469,4.35863,0.14662,0.47924
10470,-2.02350,0.10204,0.14681
10471,-3.33713,0.08804,0.13222
10472,-3.60669,0.08372,0.12911
10473,-2.58835,0.09396,0.14033
10474,1.50806,0.05359,0.39862
10475,1.85842,0.06559,0.40698
10476,1.49122,0.05235,0.41163
10477,1.78674,0.06223,0.42179
10478,-13.28402,-0.39327,0.43696
10479,-13.35167,-0.39562,0.44456
10480,-13.50360,-0.39583,0.45396
10481,-13.48234,-0.39353,0.44762
10482,0.79106,-0.08496,0.75499
10483,2.45517,-0.07657,0.77540
10484,2.95693,-0.07123,0.78189
10485,0.73657,-0.08900,0.75414
10486,-0.91294,-0.09904,0.73168
10487,7.67004,0.15194,0.58080
10488,7.67573,0.15521,0.59059
10489,8.17512,0.16023,0.56662
10490,8.20432,0.15860,0.55705
10491,13.21140,0.39734,0.51126
10492,13.15708,0.39927,0.50257
10493,13.23449,0.39999,0.49755
10494,13.16036,0.40129,0.48746
10495,-7.23518,-0.27263,0.36272
10496,-7.37336,-0.27429,0.37274
10497,-7.65010,-0.28268,0.37742
10498,-10.68732,-0.34684,0.34331
10499,-11.39365,-0.35895,0.36123
10500,-11.05809,-0.35123,0.35142
10501,-10.34670,-0.33889,0.33444
10502,2.40352,-0.09947,0.77272
10503,3.38641,-0.09578,0.78216
10504,5.23840,-0.08266,0.79994
10505,4.61042,-0.08415,0.79445
10506,9.04667,0.23772,0.31837
10507,8.64358,0.22990,0.31049
10508,9.35515,0.23954,0.32730
10509,8.91028,0.23081,0.31837
10510,-2.34430,-0.07571,0.53843
10511,-1.92664,-0.06229,0.53493
10512,-2.08068,-0.06677,0.54824
10513,-1.62574,-0.05223,0.54433
10514,13.10910,0.30679,0.47537
10515,13.09743,0.31053,0.45581
10516,12.98998,0.30465,0.45510
10517,13.21441,0.31289,0.47266
10518,13.18237,0.31590,0.45444
10519,13.30067,0.31868,0.46878
10520,-2.33322,-0.07272,0.68884
10521,-2.08210,-0.06529,0.70380
10522,-2.50424,-0.07865,0.69732
10523,-2.32387,-0.07371,0.71152
10524,-3.22526,-0.10881,0.23351
10525,-3.92994,-0.11553,0.24990
10526,-3.37650,-0.10835,0.23835
10527,-2.75584,-0.10177,0.22497
10528,-12.41398,-0.32218,0.57283
10529,-11.96193,-0.31619,0.58766
10530,-11.79814,-0.30995,0.59032
10531,-11.24347,-0.30242,0.60510
10532,0.80847,0.05291,0.22379
10533,-1.89612,-0.16456,0.20982
10534,-1.36388,-0.15485,0.19944
10535,-1.22403,-0.15017,0.19718
10536,-1.81656,-0.16045,0.20902
10537,0.51229,0.00926,0.36304
10538,0.77105,0.01404,0.36516
10539,0.59387,0.01109,0.34518
10540,0.78456,0.01472,0.34502
10541,-2.41669,-0.06302,0.67557
10542,8.70976,0.27327,0.29714
10543,2.79489,0.17303,0.20610
10544,3.81528,0.18708,0.22000
10545,3.38449,0.18287,0.21393
10546,4.42881,0.19792,0.22855
10547,9.91566,0.35253,0.37130
10548,10.31920,0.36082,0.38430
10549,9.98076,0.35363,0.37681
10550,10.43946,0.36294,0.39293
10551,-7.17000,-0.18290,0.29785
10552,-7.08407,-0.17852,0.29892
10553,4.50140,0.08280,0.38378
10554,4.22902,0.07762,0.38193
10555,4.51916,0.08147,0.40123
10556,4.23508,0.07612,0.39977
10557,-1.06210,-0.08203,0.72627
10558,-1.50126,-0.08201,0.71746
10559,-2.38469,-0.09107,0.70156
10560,-2.87428,-0.09256,0.69013
10561,-0.49115,-0.17358,0.75774
10562,0.38686,-0.16609,0.76702
10563,1.84492,-0.15144,0.77912
10564,3.25487,-0.13988,0.79232
10565,10.39603,0.25500,0.60244
10566,9.25472,0.23830,0.62626
10567,9.89685,0.25003,0.61491
10568,9.00902,0.23850,0.63307
10569,-1.74507,-0.05393,0.67666
10570,-2.09665,-0.06484,0.66966
10571,-1.67170,-0.05158,0.66566
10572,-2.06571,-0.06384,0.65749
10573,4.86674,0.14591,0.25481
10574,5.09011,0.14610,0.26119
10575,5.90704,0.15868,0.27642
10576,10.70294,0.28692,0.61353
10577,11.82111,0.30688,0.58731
10578,-7.94676,-0.29609,0.28665
10579,2.58661,-0.11739,0.14185
10580,3.53820,-0.10458,0.13138
10581,2.34701,-0.12104,0.14449
10582,3.27997,-0.10828,0.13415
10583,-4.05578,-0.08716,0.64039
10584,-4.68872,-0.09151,0.61165
10585,-4.85759,-0.09661,0.61582
10586,-8.90406,0.02000,0.06359
10587,-7.08684,0.03161,0.08368
10588,-8.46583,0.02379,0.06961
10589,-11.73332,-0.25469,0.44319
10590,-11.65824,-0.25793,0.42465
10591,-11.93780,-0.26154,0.44576
10592,2.33450,0.10590,0.27823
10593,-1.34638,-0.04176,0.62095
10594,-1.06890,-0.03326,0.61256
10595,-0.95886,-0.02973,0.62296
10596,-0.66806,-0.02078,0.61747
10597,-5.19514,-0.17335,0.49767
10598,-5.53169,-0.18354,0.50977
10599,-5.59251,-0.18738,0.49383
10600,20.77490,-0.03155,0.90567
10601,16.03325,-0.05066,0.87678
10602,20.40718,-0.03444,0.90247
10603,-1.44442,-0.04771,0.22787
10604,12.25971,-0.01262,0.03686
10605,11.33669,-0.01875,0.04645
10606,12.79418,-0.01027,0.03253
10607,4.20298,0.23243,0.23961
10608,4.02516,0.22940,0.23574
10609,-8.00516,-0.31186,0.30286
10610,-7.05516,-0.29232,0.28398
10611,-7.51450,-0.30209,0.29439
10612,-0.02058,-0.00049,0.35628
10613,0.02783,0.00033,0.38292
10614,0.25225,0.00451,0.36545
10615,-7.98394,-0.20050,0.31069
10616,-8.60616,-0.20644,0.32859
10617,-7.76938,-0.19403,0.30881
10618,-4.82701,0.01410,0.93370
10619,-5.26055,0.01647,0.93071
10620,-6.12293,0.01028,0.94625
10621,0.79232,0.01837,0.27258
10622,0.66210,0.01485,0.28099
10623,0.90461,0.01917,0.29582
10624,11.96940,0.38384,0.39607
10625,11.89401,0.38098,0.39049
10626,12.34905,0.38853,0.40732
10627,1.02632,-0.01888,0.13548
10628,1.08399,-0.02052,0.13609
10629,0.51335,-0.02376,0.15525
10630,3.49291,0.17535,0.26045
10631,4.16078,0.19155,0.27871
10632,3.71285,0.17826,0.26905
10633,5.67198,0.24679,0.29244
10634,6.21241,0.25804,0.30849
10635,5.64194,0.24374,0.29523
10636,13.77803,-0.06759,0.86913
10637,12.59858,0.35769,0.57509
10638,11.97267,0.34286,0.59502
10639,11.96189,0.34542,0.59547
10640,-4.84022,-0.15301,0.63299
10641,-4.54617,-0.14337,0.64186
10642,8.64593,0.28657,0.52431
10643,8.80866,0.29047,0.53575
10644,-2.70766,0.11427,0.83120
10645,-0.84454,0.13316,0.81309
10646,-0.97363,0.13569,0.81186
10647,11.59325,0.25362,0.42968
10648,11.58316,0.24882,0.44487
10649,3.06947,0.13265,0.21841
10650,3.35683,0.13423,0.22398
10651,-15.84835,0.00194,0.01257
10652,-14.91470,0.00270,0.01548
10653,-9.60421,-0.33016,0.45031
10654,-9.30920,-0.32438,0.43289
10655,-9.26157,-0.32069,0.44330
10656,13.03280,0.30654,0.51107
10657,12.59567,0.29546,0.53613
10658,16.47252,-0.00191,0.01149
10659,15.45870,-0.00340,0.01658
10660,-13.34336,-0.36154,0.42435
10661,-13.59860,-0.36641,0.44056
10662,-13.62748,-0.36230,0.44374
10663,1.75311,-0.12027,0.14998
10664,2.65857,-0.10475,0.13762
10665,1.65476,-0.12040,0.15107
10666,-3.21999,0.04361,0.12260
10667,-2.23633,0.05358,0.13801
10668,-3.52693,0.04266,0.11893
10669,13.28587,0.37831,0.54304
10670,13.41337,0.37800,0.53731
10671,13.05963,0.36985,0.55648
10672,12.86931,0.31580,0.42351
10673,13.04219,0.31542,0.43902
10674,-11.42105,-0.37516,0.48647
10675,-11.53217,-0.37548,0.50208
10676,-5.83388,-0.21375,0.38644
10677,-5.52238,-0.20231,0.38556
10678,-5.87075,-0.21194,0.40004
10679,-2.74850,-0.04785,0.41460
10680,-3.09935,-0.05417,0.40988
10681,-3.04778,-0.05238,0.43388
10682,-0.00774,-0.00219,0.18318
10683,0.02105,0.00366,0.18550
10684,0.00247,0.00000,0.19693
10685,-2.84428,0.03462,0.12068
10686,-1.83712,0.04388,0.13923
10687,-2.82921,0.03692,0.12250
10688,8.93016,-0.01911,0.06271
10689,8.63882,-0.01944,0.06439
10690,10.34654,-0.01151,0.04682
10691,4.74966,0.24460,0.24003
10692,5.35873,0.25575,0.24893
10693,5.84985,0.26584,0.25767
10694,8.74848,0.31655,0.30505
10695,9.36397,0.32641,0.31639
10696,9.58138,0.33255,0.32239
10697,1.18868,0.03846,0.73838
10698,0.87602,0.02799,0.73300
10699,1.25815,0.03979,0.72265
10700,-0.01370,0.01278,0.16880
10701,0.06761,0.01331,0.18351
10702,0.00831,0.00895,0.17287
10703,-0.55354,-0.00911,0.51596
10704,-0.54979,-0.00919,0.54785
10705,-0.29015,-0.00459,0.53128
10706,-8.77559,0.02267,0.05634
10707,-9.88756,0.01404,0.04263
10708,-9.78394,0.01626,0.04615
10709,-7.37640,-0.24076,0.64932
10710,-7.68670,-0.24937,0.63197
10711,-7.23861,-0.23519,0.64481
10712,15.85093,-0.00237,0.01318
10713,-1.63281,0.02424,0.12967
10714,-2.17116,0.02128,0.11704
10715,-2.14594,0.01937,0.11460
10716,13.24871,0.31412,0.48878
10717,13.21081,0.31475,0.50611
10718,-2.95116,0.08612,0.12918
10719,-3.57541,0.07860,0.12090
10720,-2.80329,0.11527,0.13936
10721,-4.31284,0.09478,0.12276
10722,-3.87618,0.10052,0.12761
10723,9.00925,-0.00603,0.03778
10724,7.33124,-0.01292,0.05979
10725,7.82033,-0.00985,0.05122
10726,0.69919,0.07026,0.20089
10727,0.88313,0.07777,0.20653
10728,1.00680,0.07767,0.21339
10729,8.91145,0.25462,0.30625
10730,8.31841,0.24346,0.29525
10731,1.58433,0.17969,0.19113
10732,0.63990,0.16394,0.17928
10733,2.06871,0.18636,0.19711
10734,0.38363,0.06154,0.18838
10735,0.68520,0.06569,0.20244
10736,0.39704,0.05758,0.19016
10737,-8.88114,0.03532,0.07543
10738,-10.64728,0.02288,0.05833
10739,-9.15616,0.03248,0.07230
10740,-1.72503,-0.02984,0.56874
10741,-1.43610,-0.02589,0.59765
10742,-1.35170,-0.02349,0.57616
10743,-0.05200,-0.06872,0.17491
10744,0.43045,-0.06153,0.15967
10745,0.38218,-0.05903,0.16049
10746,-5.80594,0.09061,0.85488
10747,-8.20685,0.07027,0.87546
10748,-6.44064,0.08119,0.86379
10749,2.18470,0.06874,0.70529
10750,-8.11516,-0.30493,0.35698
10751,-7.56217,-0.29099,0.34353
10752,2.76104,-0.10774,0.13709
10753,3.25012,-0.09887,0.13047
10754,2.01212,-0.11848,0.14655
10755,-13.64540,0.05719,0.88914
10756,-16.24635,0.04549,0.90260
10757,-0.73819,0.00168,0.07155
10758,-0.45610,0.00174,0.08767
10759,-0.60643,0.00266,0.09221
10760,-2.10875,0.01641,0.10884
10761,-2.93415,0.01184,0.08739
10762,-2.68458,0.01160,0.08979
10763,-2.57452,0.02592,0.09462
10764,-2.85602,0.02552,0.09085
10765,-2.27977,0.03206,0.10534
10766,6.92647,0.14293,0.60671
10767,-1.56789,0.07861,0.15067
10768,-0.99533,0.08242,0.15834
10769,-0.07033,0.09407,0.17125
10770,2.94792,0.05479,0.35886
10771,2.81871,0.05454,0.33581
10772,1.44447,0.07301,0.25477
10773,1.48546,0.07819,0.24865
10774,1.71448,0.08300,0.26293
10775,0.15326,-0.10296,0.17093
10776,0.06392,-0.10110,0.17268
10777,-0.47913,-0.11301,0.18470
10778,1.58779,-0.00018,0.01027
10779,1.79266,-0.00038,0.01493
10780,-5.91333,-0.12443,0.62079
10781,-6.79236,-0.13608,0.59663
10782,-4.90907,0.07099,0.11525
10783,-5.72318,0.06414,0.10704
10784,-6.53012,0.05553,0.09852
10785,-0.02760,0.00071,0.14376
10786,-0.07469,0.00241,0.14891
10787,-0.11923,0.00158,0.12673
10788,-1.39518,-0.02328,0.48477
10789,-1.53878,-0.02597,0.45621
10790,-1.70678,-0.02847,0.48145
10791,-0.93055,-0.12435,0.18345
10792,0.32256,-0.10836,0.16722
10793,0.14327,-0.11263,0.16942
10794,-6.69384,-0.21517,0.62688
10795,-6.95839,-0.22440,0.63256
10796,-7.10373,-0.22889,0.61693
10797,0.86951,-0.00512,0.92231
10798,1.23120,-0.00678,0.92361
10799,-5.37499,-0.18804,0.43185
10800,-12.91988,-0.32883,0.41494
10801,-13.10456,-0.33543,0.42167
10802,-13.26151,-0.33431,0.43411
10803,-7.96428,0.00102,0.01556
10804,12.69618,0.39758,0.43406
10805,0.00194,-0.00404,0.85600
10806,0.00082,0.00161,0.85347
10807,0.00568,-0.00068,0.86689
10808,11.18156,0.37697,0.42465
10809,10.87804,0.37076,0.41834
10810,10.83795,0.37068,0.40904
10811,11.00372,0.28722,0.35494
10812,11.69677,0.29587,0.37680
10813,11.50257,0.29730,0.36803
10814,-7.78768,0.04243,0.08549
10815,-6.07717,0.05754,0.10293
10816,-7.46908,0.04600,0.08903
10817,-3.26282,0.00500,0.04374
10818,-3.37561,0.00294,0.03306
10819,-3.78715,0.00255,0.02905
10820,-1.64124,-0.04145,0.67369
10821,-2.02850,-0.04286,0.64505
10822,-2.22289,-0.04685,0.64474
10823,13.52490,0.35666,0.52909
10824,13.73072,0.36479,0.51328
10825,13.76025,0.36210,0.50805
10826,11.11620,0.27557,0.59246
10827,11.13950,0.27197,0.58858
10828,10.18755,0.25917,0.61252
10829,-7.50975,-0.24618,0.65287
10830,-7.96201,-0.25972,0.63925
10831,-7.72978,-0.25178,0.63986
10832,-2.24896,0.14824,0.78223
10833,-4.59441,0.12758,0.80066
10834,-5.38312,0.12251,0.80785
10835,1.47492,0.04562,0.61978
10836,-3.94695,-0.20314,0.75119
10837,-4.25395,-0.21089,0.74573
10838,-5.18532,-0.22450,0.73207
10839,-8.69680,0.01406,0.04493
10840,-8.88151,0.01359,0.04347
10841,-8.05720,0.01936,0.05388
10842,-12.62584,-0.37544,0.39801
10843,-12.78118,-0.37486,0.40254
10844,9.58275,-0.00235,0.01647
10845,8.79806,-0.00620,0.02963
10846,9.88597,-0.00301,0.01899
10847,-5.71986,-0.24545,0.29792
10848,-5.61258,-0.24085,0.29835
10849,-6.11319,-0.25390,0.30965
10850,2.41723,-0.10863,0.14298
10851,3.96965,-0.08929,0.12622
10852,3.75987,-0.09294,0.12852
10853,-12.58873,0.00971,0.03654
10854,-13.98472,0.00511,0.02456
10855,0.54683,0.05099,0.82873
10856,0.08948,0.04296,0.84413
10857,0.42348,0.04371,0.83269
10858,-6.93806,-0.25335,0.26528
10859,-5.83660,-0.23565,0.24802
10860,2.22040,0.12032,0.20550
10861,1.78816,0.11793,0.19808
10862,1.95396,0.06246,0.72240
10863,1.57053,0.05048,0.73092
10864,1.68424,0.05315,0.71607
10865,8.42473,0.28365,0.66574
10866,7.68868,0.26775,0.68402
10867,7.92849,0.27109,0.67648
10868,4.01716,-0.02617,0.10075
10869,4.89558,-0.02167,0.08795
10870,3.61523,-0.03039,0.10869
10871,-6.83720,-0.25851,0.36165
10872,-8.44490,-0.15888,0.45544
10873,-8.50226,-0.16262,0.43384
10874,-8.74469,-0.16593,0.45629
10875,4.58925,0.15960,0.43495
10876,4.67225,0.16459,0.42032
10877,4.93822,0.17209,0.43397
10878,2.23546,0.04328,0.33328
10879,2.57383,0.04831,0.35188
10880,2.40931,0.04740,0.32696
10881,8.71516,0.16926,0.42236
10882,8.33154,0.16439,0.39935
10883,-8.47145,-0.29923,0.42219
10884,-8.84446,-0.30971,0.43094
10885,-8.55763,-0.30381,0.41498
10886,5.43332,0.09457,0.49098
10887,5.62207,0.09828,0.50720
10888,5.77754,0.10127,0.47924
10889,10.19599,0.22659,0.38005
10890,10.15440,0.22998,0.37202
10891,-4.12151,-0.12714,0.24661
10892,-3.00270,-0.11338,0.22495
10893,-3.24010,-0.11866,0.22811
10894,6.38273,0.26069,0.31558
10895,6.43644,0.26449,0.31200
10896,6.85488,0.27278,0.32667
10897,-0.30076,0.00683,0.77927
10898,0.04198,0.00906,0.73718
10899,-0.04409,0.00559,0.75046
10900,-1.60055,-0.18836,0.75003
10901,-3.66104,-0.21224,0.72900
10902,-1.68552,-0.19033,0.75074
10903,1.40752,0.06414,0.20915
10904,1.85848,0.07114,0.21937
10905,0.99799,0.06247,0.19772
10906,-1.12996,0.14188,0.76494
10907,-4.36048,0.11702,0.79364
10908,-2.06865,0.13646,0.77432
10909,5.68917,0.20076,0.71159
10910,0.37190,0.01166,0.72476
10911,-3.80805,-0.11978,0.61501
10912,-3.57218,-0.11187,0.62777
10913,-3.96566,-0.12460,0.62686
10914,-1.44511,0.00016,0.01039
10915,-1.06889,0.00019,0.01368
10916,-8.49471,-0.18846,0.34796
10917,-7.90202,-0.17878,0.33317
10918,-7.88866,-0.18213,0.32745
10919,-5.97915,-0.11182,0.39277
10920,-5.93037,-0.10877,0.40884
10921,-5.59850,-0.10538,0.38173
10922,-1.50585,0.13383,0.15429
10923,-0.33156,0.15294,0.16894
10924,-0.63848,0.14749,0.16508
10925,3.02251,-0.01708,0.07701
10926,2.66890,-0.02165,0.08810
10927,-13.76485,-0.39283,0.48067
10928,-13.66729,-0.39295,0.46164
10929,-13.66177,-0.39507,0.46722
10930,-9.71263,-0.34678,0.38071
10931,-9.99602,-0.35346,0.38457
10932,-9.46168,-0.34202,0.36875
10933,-13.72042,0.01052,0.03445
10934,-12.35565,0.01729,0.04614
10935,-13.86905,0.00967,0.03252
10936,-7.35119,-0.25882,0.68993
10937,-6.81076,-0.24615,0.70110
10938,-4.39209,0.00479,0.05023
10939,-3.47320,0.00823,0.07097
10940,-3.70317,0.00847,0.06978
10941,-11.41223,-0.25891,0.56033
10942,-11.99219,-0.26788,0.53364
10943,-11.93503,-0.27045,0.54344
10944,-4.91949,-0.08511,0.46363
10945,-5.26387,-0.09147,0.47191
10946,-4.94871,-0.08522,0.48875
10947,12.18690,0.32919,0.38069
10948,1.83576,-0.04647,0.77832
10949,-0.02097,-0.05833,0.74364
10950,1.05443,-0.05432,0.76323
10951,6.65249,0.28413,0.27935
10952,6.20185,0.27479,0.27208
10953,5.75472,0.26562,0.26284
10954,8.61563,-0.00545,0.02769
10955,7.75390,-0.01124,0.04243
10956,-0.01185,-0.01501,0.17374
10957,-0.02994,-0.01200,0.17788
10958,5.78275,-0.06616,0.10057
10959,4.80965,-0.07823,0.11181
10960,12.55392,0.39468,0.50276
10961,7.40493,0.29335,0.32296
10962,6.84409,0.28138,0.30724
10963,7.37588,0.29402,0.31863
10964,3.79097,-0.05466,0.12142
10965,3.40809,-0.05993,0.12681
10966,2.27045,-0.06893,0.14106
10967,-0.63361,0.03261,0.14160
10968,-0.85563,0.02694,0.12942
10969,-0.97423,0.02900,0.12789
10970,-32.93647,0.00696,0.96361
10971,-29.38680,0.01236,0.94891
10972,-12.93182,0.00149,0.01358
10973,-4.88640,-0.15492,0.60982
10974,-5.27545,-0.16797,0.60264
10975,-3.67963,-0.18474,0.75893
10976,-4.82090,-0.20421,0.73951
10977,-4.34291,-0.19341,0.74800
10978,-9.21197,0.03650,0.06889
10979,-9.22119,0.03707,0.06944
10980,-7.93189,0.04913,0.08224
10981,-10.99508,-0.27137,0.36532
10982,-10.54207,-0.26803,0.34966
10983,-11.31031,-0.27975,0.37206
10984,-2.78642,-0.06536,0.27579
10985,-3.24869,-0.07143,0.29302
10986,-6.28336,-0.14574,0.30624
10987,-6.99030,-0.15626,0.32392
10988,-6.82125,-0.15120,0.32423
10989,4.77090,-0.02276,0.07213
10990,4.06288,-0.03096,0.08632
10991,4.79940,-0.02465,0.07426
10992,-4.86828,-0.17994,0.37607
10993,-5.14571,-0.18679,0.39247
10994,-5.20387,-0.19115,0.38226
10995,-2.65958,-0.19931,0.75895
10996,11.92394,0.32650,0.37175
10997,12.48215,0.33660,0.38991
10998,11.96399,0.33021,0.37240
10999,6.87859,-0.04400,0.09208
11000,6.59976,-0.04774,0.09567
11001,5.42561,-0.05718,0.10784
11002,-1.36580,-0.12884,0.73165
11003,-3.75535,-0.14951,0.70088
11004,-10.44454,-0.23124,0.38727
11005,-10.69762,-0.23872,0.39044
11006,-10.93464,-0.23776,0.40953
11007,11.07142,0.24166,0.55430
11008,10.32244,0.22959,0.57934
11009,10.79865,0.24036,0.56897
11010,-0.51991,-0.04550,0.18980
11011,-0.86731,-0.04725,0.20134
11012,-0.24549,-0.04041,0.18214
11013,-7.41530,-0.13576,0.45578
11014,-7.45510,-0.13854,0.43237
11015,-7.68190,-0.14145,0.45594
11016,5.32872,-0.00835,0.05861
11017,5.42185,-0.00918,0.06042
11018,4.45713,-0.01311,0.07652
11019,-6.99413,0.05670,0.82300
11020,-4.47756,0.06779,0.79855
11021,-7.69265,0.05031,0.83162
11022,9.20525,-0.00128,0.01188
11023,8.37896,0.18898,0.34085
11024,8.64954,0.19598,0.34364
11025,7.92985,0.18581,0.32402
11026,8.86550,0.31585,0.40620
11027,8.96870,0.32038,0.40099
11028,9.22591,0.32504,0.41624
11029,11.61370,0.38285,0.46020
11030,11.30226,0.37781,0.44429
11031,11.54260,0.38274,0.44700
11032,3.64256,-0.00838,0.05255
11033,4.23684,-0.00472,0.03723
11034,0.00283,-0.11571,0.17450
11035,-0.61983,-0.12947,0.18667
11036,0.18692,-0.11483,0.17105
11037,-10.90505,-0.35727,0.51718
11038,-10.91306,-0.36018,0.49974
11039,-10.73691,-0.35442,0.50525
11040,-2.80445,-0.09414,0.23218
11041,-3.60090,-0.10227,0.25220
11042,5.50508,-0.10876,0.80278
11043,8.80778,-0.08821,0.82819
11044,8.54115,-0.08798,0.82604
11045,0.44389,0.02527,0.23680
11046,0.50754,0.03051,0.23090
11047,0.60701,0.03255,0.24454
11048,0.97237,0.02143,0.28505
11049,1.23363,0.02550,0.30418
11050,1.12016,0.02501,0.28153
11051,4.96043,-0.05255,0.11023
11052,3.56273,-0.06561,0.12670
11053,-3.30005,-0.20978,0.22808
11054,-2.41597,-0.19173,0.21300
11055,-6.08047,-0.20309,0.68039
11056,-7.08511,-0.21189,0.66427
11057,-7.73082,-0.22266,0.65574
11058,1.97407,-0.12820,0.77104
11059,5.09776,-0.10632,0.79860
11060,4.39849,-0.10892,0.79237
11061,-1.69468,0.00439,0.07477
11062,-1.98295,0.00248,0.05448
11063,-1.55936,0.00369,0.07208
11064,-14.37744,0.00259,0.01680
11065,3.43005,0.05823,0.47527
11066,3.23224,0.05512,0.45462
11067,3.08423,0.05208,0.47775
11068,-6.11245,-0.27105,0.26173
11069,-6.02191,-0.26995,0.26127
11070,-6.87670,-0.28660,0.27572
11071,-0.61656,0.02399,0.76571
11072,-0.61968,0.02746,0.76401
11073,0.15811,0.03008,0.73665
11074,-4.98389,-0.21830,0.70760
11075,-6.59577,-0.23980,0.68779
11076,-8.93141,-0.29906,0.50370
11077,-9.02981,-0.30459,0.48915
11078,-8.76000,-0.29578,0.48885
11079,13.61096,0.33981,0.49652
11080,13.66105,0.34440,0.49736
11081,13.69977,0.34621,0.47848
11082,-1.53586,-0.05956,0.78021
11083,-1.32289,-0.05077,0.78104
11084,-1.21561,-0.05146,0.79327
11085,10.03269,0.32368,0.61807
11086,10.45413,0.33541,0.59971
11087,10.27805,0.33034,0.61172
11088,-9.83234,-0.28617,0.63743
11089,-10.33674,-0.29100,0.62664
11090,-10.86390,-0.30274,0.61677
11091,-5.62403,-0.19571,0.25006
11092,-4.35741,-0.17781,0.23031
11093,-4.92975,-0.18833,0.23841
11094,-11.34276,-0.38025,0.43003
11095,-11.22200,-0.37849,0.41851
11096,-10.98470,-0.37374,0.41459
11097,8.36559,0.27255,0.57075
11098,8.27533,0.27064,0.55796
11099,8.57674,0.28073,0.55627
11100,1.08429,0.13520,0.19642
11101,1.66380,0.14897,0.20821
11102,-13.21551,-0.31345,0.46928
11103,-13.25494,-0.31788,0.46132
11104,-2.88851,-0.09094,0.69380
11105,-3.20679,-0.10064,0.68187
11106,-2.78202,-0.08677,0.68013
11107,2.66827,0.10177,0.34632
11108,2.49961,0.09775,0.33162
11109,2.79867,0.10877,0.33581
11110,-5.66502,-0.22918,0.32286
11111,-5.31758,-0.22241,0.30876
11112,-5.21699,-0.21713,0.31083
11113,7.32071,0.14475,0.58633
11114,7.77125,0.15331,0.57768
11115,-6.66115,-0.23304,0.26239
11116,-5.47161,-0.21446,0.24376
11117,-6.11262,-0.22655,0.25336
11118,-10.46091,-0.25074,0.59631
11119,-10.39813,-0.25359,0.60130
11120,0.87110,0.03261,0.35426
11121,0.68018,0.02601,0.34036
11122,0.97308,0.03724,0.33998
11123,-9.48083,-0.33879,0.39054
11124,-0.56877,-0.01863,0.50711
11125,-0.54927,-0.01816,0.49090
11126,-0.19204,-0.00628,0.50153
11127,-1.94804,0.02216,0.90001
11128,-2.33456,0.02391,0.90158
11129,-2.64933,0.01828,0.91319
11130,-9.57245,0.06780,0.83487
11131,9.31220,0.30303,0.65685
11132,8.53327,0.28886,0.67031
11133,8.22414,0.28473,0.67611
11134,0.22074,0.00382,0.47489
11135,0.58991,0.00992,0.47402
11136,0.40533,0.00684,0.45211
11137,25.77524,-0.01563,0.94693
11138,2.60663,-0.11371,0.13992
11139,3.67552,-0.09727,0.12674
11140,2.67858,-0.11164,0.13880
11141,-12.07129,0.00141,0.01310
11142,-9.52344,-0.18547,0.45484
11143,-9.50109,-0.18332,0.47611
11144,-9.32165,-0.17980,0.45731
11145,2.34434,0.12051,0.71467
11146,3.71133,0.12921,0.69317
11147,1.76443,0.11303,0.72218
11148,-12.60202,-0.28616,0.45594
11149,-12.72281,-0.28857,0.47322
11150,-12.58972,-0.28244,0.47532
11151,-1.03372,0.01428,0.12760
11152,-1.22371,0.01480,0.12350
11153,-1.53798,0.01159,0.10864
11154,6.87082,0.22958,0.50455
11155,7.19784,0.23958,0.51328
11156,6.88344,0.22809,0.52015
11157,-8.77862,-0.29772,0.66848
11158,-7.73900,-0.27862,0.68741
11159,-8.13161,-0.28567,0.68035
11160,0.02862,-0.01641,0.17403
11161,-0.22745,-0.01747,0.19309
11162,0.01929,-0.01419,0.17459
11163,0.43568,-0.00025,0.03740
11164,0.70784,-0.00044,0.03885
11165,0.46296,-0.00066,0.05827
11166,-2.52893,0.07155,0.77839
11167,-2.32163,0.07620,0.77513
11168,-0.32840,0.08700,0.74989
11169,-1.55205,-0.05101,0.74112
11170,-1.94244,-0.06365,0.73611
11171,-1.87654,-0.06031,0.72618
11172,-6.19560,-0.27029,0.26080
11173,-2.38976,-0.04091,0.55387
11174,-2.79260,-0.04742,0.53905
11175,-2.57991,-0.04486,0.57046
11176,2.73271,0.09046,0.49635
11177,3.09337,0.10295,0.48911
11178,3.11354,0.10260,0.50492
11179,-11.21927,-0.35704,0.57668
11180,-10.85113,-0.34654,0.59238
11181,-10.99330,-0.34983,0.59231
11182,0.01689,-0.12699,0.17449
11183,0.12646,-0.12704,0.17258
11184,0.77474,-0.11366,0.16134
11185,1.91406,0.07603,0.32277
11186,1.79129,0.06989,0.33151
11187,1.64781,0.06609,0.31754
11188,1.52584,0.18446,0.19378
11189,2.41860,0.20078,0.20608
11190,2.34801,0.19940,0.20549
11191,12.61758,0.28291,0.47780
11192,12.54547,0.28211,0.45996
11193,12.47344,0.27643,0.47738
11194,1.61427,-0.05809,0.86272
11195,1.57436,-0.06418,0.85827
11196,0.81351,-0.06989,0.84769
11197,9.63787,-0.00112,0.01440
11198,1.35112,-0.04891,0.86658
11199,1.00275,-0.04894,0.86239
11200,1.64726,-0.04056,0.87651
11201,-8.36854,0.00791,0.03401
11202,-9.01228,0.00408,0.02291
11203,-9.17320,0.00437,0.02365
11204,-3.90336,-0.12316,0.67152
11205,-3.98507,-0.12525,0.65627
11206,-3.63577,-0.11408,0.66550
11207,-5.81518,-0.22651,0.34298
11208,-5.48796,-0.21939,0.32885
11209,-5.44340,-0.21540,0.33414
11210,-10.15093,-0.32629,0.63680
11211,-10.02537,-0.32300,0.64119
11212,-10.68962,-0.33766,0.62371
11213,-2.12179,-0.11124,0.71567
11214,-0.02807,-0.09545,0.74510
11215,-1.08144,-0.10011,0.73019
11216,-8.85577,-0.28772,0.61889
11217,-9.14174,-0.29653,0.60344
11218,-8.89456,-0.28860,0.60838
11219,-5.35487,0.03232,0.07942
11220,-4.62856,0.03945,0.09016
11221,-5.24867,0.03116,0.07885
11222,-3.44540,0.10615,0.13283
11223,-2.37935,0.12091,0.14455
11224,-3.34126,0.10780,0.13391
11225,-5.09516,0.07159,0.86952
11226,-6.16380,0.06014,0.88190
11227,-4.60997,0.07223,0.86768
11228,-36.90603,0.00152,0.98475
11229,-38.00863,0.00125,0.98690
11230,-32.75364,0.00502,0.96707
11231,-32.28378,0.00490,0.96752
11232,4.03633,-0.00148,0.97570
11233,3.53994,-0.00261,0.96590
11234,3.51949,-0.00151,0.97395
11235,4.05503,-0.00078,0.98253
11236,-35.70355,0.00188,0.98447
11237,-37.12930,0.00126,0.98855
11238,-39.02282,0.00000,1.00000
11239,-39.12236,0.00000,1.00000
11240,33.22146,-0.00222,0.97906
11241,34.99608,-0.00141,0.98505
11242,31.48932,-0.00440,0.96826
11243,38.24210,0.00000,1.00000
11244,35.20303,0.00000,1.00000
11245,9.93791,-0.00347,0.97283
11246,10.47145,-0.00424,0.97048
11247,8.99970,-0.00729,0.95930
11248,1.54361,-0.00075,0.97303
11249,1.56738,-0.00039,0.98094
11250,1.87588,-0.00047,0.98058
11251,1.89662,-0.00098,0.97212
11252,2.18582,-0.00014,0.97512
11253,2.67363,0.00000,1.00000
11254,30.72339,0.00000,1.00000
11255,33.58546,-0.00246,0.97989
11256,36.92976,0.00000,1.00000
11257,35.74677,0.00000,1.00000
11258,27.98473,-0.00176,0.98577
11259,24.75447,0.00000,1.00000
11260,34.16513,0.00000,1.00000
11261,30.81866,-0.00158,0.98707
11262,30.64087,0.00000,1.00000
11263,34.58366,0.00000,1.00000
11264,31.93681,-0.00206,0.98504
11265,34.62153,0.00000,1.00000
11266,34.88258,0.00000,1.00000
11267,1.20173,-0.00010,0.98958
11268,1.36557,-0.00023,0.98435
11269,1.02819,-0.00021,0.98290
11270,3.85751,-0.00006,0.99638
11271,3.96902,-0.00012,0.99395
11272,3.70669,-0.00016,0.99274
11273,3.79091,0.00000,1.00000
11274,4.43416,-0.00006,0.99640
11275,4.87547,0.00000,1.00000
11276,7.30179,-0.00023,0.99380
11277,7.28848,0.00000,1.00000
11278,7.56360,0.00000,1.00000
11279,2.14904,0.00000,1.00000
11280,2.06822,-0.00004,0.99552
11281,2.06239,0.00000,1.00000
11282,4.42110,-0.00013,0.99421
11283,4.10304,-0.00031,0.98952
11284,-20.32035,0.00000,1.00000
11285,-18.83902,0.00028,0.99507
11286,-20.58064,0.00000,1.00000
11287,-17.10548,0.00108,0.98788
11288,-18.33299,0.00043,0.99342
11289,7.86482,-0.00075,0.98741
11290,7.90607,-0.00136,0.98244
11291,7.18932,-0.00183,0.97860
11292,8.43076,-0.00021,0.99436
11293,8.57870,-0.00062,0.98893
11294,-3.62550,0.00055,0.98472
11295,-3.95689,0.00056,0.98528
11296,-4.02131,0.00022,0.99138
11297,-4.16984,0.00082,0.98224
11298,-4.37376,0.00032,0.98966
11299,34.70626,0.00000,1.00000
11300,30.82204,-0.00116,0.98978
11301,30.50744,-0.00129,0.98855
11302,29.71246,-0.00210,0.98460
11303,27.90916,-0.00427,0.97582
11304,3.66901,-0.00073,0.98248
11305,3.70065,-0.00034,0.98856
11306,3.28416,-0.00109,0.97733
11307,3.33594,-0.00062,0.98318
11308,-36.83409,0.00122,0.98896
11309,12.75781,0.00000,1.00000
11310,14.63048,0.00000,1.00000
11311,29.94604,0.00000,1.00000
11312,28.48936,0.00000,1.00000
11313,26.25222,-0.00178,0.97708
11314,27.66280,0.00000,1.00000
11315,22.96288,-0.00629,0.96904
11316,24.24191,-0.00361,0.97744
11317,29.70440,0.00000,1.00000
11318,28.07266,-0.00138,0.98155
11319,28.51392,-0.00145,0.98085
11320,25.75801,-0.00278,0.96947
11321,24.43549,-0.00511,0.95748
11322,18.25774,-0.00147,0.98592
11323,16.58438,-0.00372,0.97565
11324,16.28338,-0.00298,0.97837
11325,15.58655,-0.00671,0.96587
11326,14.88395,-0.00628,0.96688
11327,-1.41045,0.00144,0.96181
11328,-1.58391,0.00079,0.97275
11329,-1.17797,0.00078,0.96883
11330,-1.68683,0.00231,0.95628
11331,-1.84514,0.00139,0.96679
11332,25.99308,-0.01287,0.95326
11333,24.32935,-0.01641,0.94620
11334,28.39532,-0.00699,0.96737
11335,23.79013,-0.01976,0.93948
11336,21.89578,-0.02473,0.93143
11337,-13.22867,0.00381,0.94764
11338,-11.04650,0.00762,0.92097
11339,-10.71593,0.00604,0.92666
11340,-15.06419,0.00246,0.96165
11341,-26.55538,0.01071,0.94424
11342,-31.27461,0.00443,0.96765
11343,-27.56311,0.00949,0.94899
11344,-30.98700,0.00387,0.96892
11345,17.40468,-0.03694,0.91466
11346,-9.10494,-0.20430,0.35458
11347,-9.53204,-0.21300,0.36364
11348,-8.76836,-0.19704,0.34852
11349,11.68862,-0.01463,0.04049
11350,10.81015,-0.02085,0.04982
11351,11.88868,-0.01400,0.03945
11352,10.83629,-0.01971,0.04846
11353,13.62838,0.35445,0.51832
11354,13.39417,0.34786,0.53400
11355,13.43492,0.35174,0.53382
11356,13.26699,0.34296,0.53988
11357,13.05180,0.34075,0.55185
11358,-1.77567,0.00014,0.00802
11359,-1.61049,0.00047,0.01814
11360,-7.67864,-0.30199,0.32354
11361,-7.75074,-0.30268,0.32832
11362,-8.23309,-0.31402,0.33936
11363,-7.14818,-0.29056,0.30928
11364,-7.19216,-0.29024,0.31375
11365,5.79907,0.20904,0.68838
11366,7.38651,0.22689,0.66545
11367,6.13789,0.20933,0.68233
11368,5.52560,0.20884,0.69330
11369,7.09671,0.22654,0.67130
11370,8.60509,0.22483,0.31250
11371,9.03273,0.22966,0.32322
11372,8.13724,0.21615,0.30344
11373,-2.80688,0.00686,0.05409
11374,-3.03152,0.00473,0.04395
11375,-2.49233,0.00800,0.06099
11376,-2.71871,0.00570,0.05049
11377,1.44988,-0.07428,0.14277
11378,1.96463,-0.06448,0.13155
11379,1.39422,-0.07222,0.14295
11380,-6.68294,-0.21640,0.57300
11381,-6.85214,-0.22281,0.56299
11382,-6.55974,-0.21338,0.55884
11383,-7.14780,-0.23302,0.55882
11384,-6.84317,-0.22362,0.55048
11385,-5.49474,-0.20289,0.24573
11386,-4.50382,-0.18948,0.23055
11387,-5.47122,-0.20522,0.24486
11388,-5.62860,-0.20232,0.24843
11389,-4.49573,-0.18663,0.23090
11390,10.65539,0.34857,0.52813
11391,10.51142,0.34521,0.52268
11392,10.71090,0.35214,0.51437
11393,10.49232,0.34268,0.53693
11394,8.12509,0.29508,0.39062
11395,-9.23051,-0.23503,0.62501
11396,-8.91007,-0.22820,0.62939
11397,-9.91168,-0.24212,0.60888
11398,-8.12224,-0.22110,0.64588
11399,3.93915,-0.11711,0.83093
11400,1.91990,-0.13790,0.81225
11401,2.52597,-0.12847,0.82045
11402,3.23411,-0.12672,0.82227
11403,-3.27181,-0.21705,0.21876
11404,-2.56917,-0.20386,0.20877
11405,-3.57498,-0.22282,0.22379
11406,-3.55286,-0.22224,0.22245
11407,-2.47075,-0.20210,0.20679
11408,10.01708,0.20352,0.42572
11409,9.74605,0.20490,0.39493
11410,9.73370,0.20159,0.40332
11411,-12.90623,-0.37704,0.40777
11412,-12.72150,-0.37166,0.39910
11413,-12.40529,-0.36979,0.38885
11414,-13.26283,-0.38176,0.42458
11415,-13.18580,-0.37787,0.41892
11416,7.92997,-0.04965,0.08240
11417,8.73281,-0.04132,0.07384
11418,8.34751,-0.04599,0.07861
11419,9.23876,-0.03704,0.06915
11420,-5.83628,0.10102,0.80455
11421,-5.85560,0.09883,0.80447
11422,-9.60535,0.07718,0.83369
11423,-3.20544,0.12029,0.78232
11424,-2.87107,0.12066,0.77910
11425,-0.25902,0.00109,0.84877
11426,-0.14537,0.00034,0.87731
11427,7.50012,-0.02229,0.05939
11428,6.59357,-0.03020,0.07128
11429,6.83418,-0.02935,0.06940
11430,7.97478,-0.01762,0.05203
11431,7.20515,-0.02342,0.06177
11432,-1.60684,-0.03523,0.65465
11433,-1.49656,-0.03207,0.64936
11434,-1.86648,-0.03624,0.62551
11435,-1.19947,-0.02744,0.66099
11436,-1.53938,-0.03066,0.63223
11437,5.89047,-0.06191,0.09770
11438,-3.38488,-0.17657,0.25445
11439,-3.27282,-0.17678,0.24919
11440,-2.77011,-0.16313,0.23830
11441,-3.89104,-0.18714,0.26920
11442,-3.90639,-0.19085,0.26601
11443,-3.26277,-0.20854,0.75081
11444,-4.38733,-0.22473,0.73663
11445,-4.49281,-0.14554,0.54817
11446,-4.19003,-0.13604,0.54182
11447,-4.12519,-0.13313,0.55345
11448,-4.85054,-0.15781,0.54226
11449,-4.46040,-0.14564,0.53243
11450,1.62153,0.06489,0.31777
11451,1.55583,0.06422,0.30468
11452,1.77388,0.07233,0.30997
11453,1.36040,0.05802,0.29280
11454,1.62011,0.06870,0.29540
11455,-5.36708,0.05664,0.09702
11456,-4.77557,0.06521,0.10538
11457,-4.32042,0.06989,0.11078
11458,-4.68252,0.06787,0.10736
11459,-3.83207,0.07841,0.11818
11460,-7.06914,-0.25145,0.41772
11461,-6.99704,-0.25137,0.40693
11462,-7.31817,-0.25990,0.41954
11463,-13.82404,-0.37981,0.50377
11464,4.10077,-0.09241,0.12524
11465,7.73146,0.28507,0.37827
11466,7.81905,0.28540,0.38764
11467,7.42562,0.27588,0.37304
11468,-4.47548,-0.10525,0.65120
11469,-5.29660,-0.11326,0.62810
11470,-5.15529,-0.11411,0.63698
11471,-3.85484,-0.09683,0.66374
11472,-4.99700,-0.10758,0.63263
11473,-1.21682,-0.07814,0.81020
11474,-1.14860,-0.07262,0.81145
11475,-0.67299,-0.06682,0.82477
11476,0.03376,0.14448,0.17136
11477,-0.74673,0.13278,0.16228
11478,0.27732,0.14651,0.17427
11479,-1.94679,0.11661,0.14870
11480,-0.73548,0.13177,0.16242
11481,7.90954,0.27578,0.67854
11482,8.12716,0.28032,0.67584
11483,9.24817,0.29825,0.65689
11484,6.97198,0.26125,0.69210
11485,6.65186,0.25732,0.69766
11486,1.94278,0.18108,0.19533
11487,0.94331,0.16492,0.18285
11488,2.14487,0.18302,0.19777
11489,1.94576,0.18222,0.19546
11490,0.75307,0.16316,0.18061
11491,-2.73613,-0.18891,0.22313
11492,-2.20004,-0.17921,0.21263
11493,-1.98524,-0.17269,0.20948
11494,-3.41660,-0.20379,0.23590
11495,-2.89779,-0.19421,0.22516
11496,-7.72205,-0.25078,0.57917
11497,-7.71313,-0.25150,0.56535
11498,-7.43759,-0.24136,0.57843
11499,-7.96380,-0.25857,0.58259
11500,-7.99691,-0.26067,0.56826
11501,5.66736,0.20757,0.38539
11502,5.59012,0.20784,0.37299
11503,6.00887,0.21971,0.38770
11504,5.41119,0.19791,0.38616
11505,5.26387,0.19608,0.37082
11506,-5.72413,0.07757,0.10845
11507,-6.85857,0.06452,0.09678
11508,-6.48568,0.06879,0.10077
11509,-5.64271,0.07842,0.10911
11510,0.79111,0.16277,0.18640
11511,0.87962,0.16294,0.18799
11512,-0.12705,0.14507,0.17273
11513,1.52723,0.17730,0.19755
11514,1.69337,0.17942,0.20048
11515,-0.17543,-0.04137,0.18249
11516,-0.11260,-0.04344,0.17835
11517,0.09471,-0.03703,0.16689
11518,-0.37925,-0.04508,0.19501
11519,-0.34604,-0.04736,0.19144
11520,4.03142,0.15444,0.34805
11521,4.03615,0.15216,0.35816
11522,4.15897,0.16039,0.34464
11523,4.35967,0.16432,0.35967
11524,-2.43643,0.02209,0.09122
11525,-2.89262,0.01746,0.07863
11526,-2.82957,0.02062,0.08441
11527,-2.59438,0.01817,0.08313
11528,0.24853,-0.03287,0.15829
11529,0.35113,-0.03502,0.15445
11530,0.55629,-0.02803,0.14161
11531,-2.17399,-0.19269,0.19927
11532,-3.14349,-0.20895,0.21213
11533,-2.43433,-0.19625,0.20246
11534,-2.98464,-0.20722,0.21029
11535,-2.93724,-0.17272,0.23860
11536,-2.39272,-0.15974,0.22645
11537,-2.80238,-0.16717,0.23702
11538,-3.06480,-0.17793,0.24003
11539,-2.45934,-0.16420,0.22643
11540,-7.77841,-0.17217,0.33811
11541,-8.08075,-0.17805,0.34409
11542,-8.30786,-0.17875,0.35624
11543,-7.12275,-0.16391,0.31847
11544,-7.51175,-0.17220,0.32423
11545,-0.35148,-0.02576,0.19373
11546,-0.02792,-0.02252,0.17716
11547,-0.05440,-0.02429,0.17827
11548,-0.56974,-0.02632,0.20759
11549,-0.16387,-0.02202,0.18470
11550,-5.35945,0.07712,0.11275
11551,-5.91051,0.07182,0.10729
11552,-6.68630,0.06333,0.09953
11553,-4.41924,0.08733,0.12237
11554,-3.82625,0.09496,0.12862
11555,1.45449,0.05582,0.33895
11556,-10.53207,-0.36141,0.42755
11557,-10.63756,-0.36483,0.42281
11558,0.86263,-0.08052,0.16011
11559,0.11018,-0.08681,0.17095
11560,1.68875,-0.07059,0.14823
11561,0.92767,-0.08155,0.15925
11562,-0.28963,-0.09351,0.17685
11563,10.78836,0.33248,0.62589
11564,10.62398,0.33060,0.62952
11565,11.40065,0.34630,0.60975
11566,10.12020,0.31856,0.64098
11567,9.99869,0.31753,0.64360
11568,-9.36891,-0.27452,0.64376
11569,-8.36175,-0.25829,0.65974
11570,-9.66782,-0.27602,0.63714
11571,-9.22967,-0.27487,0.64712
11572,-7.99111,-0.25614,0.66673
11573,9.53812,0.34490,0.35686
11574,9.88064,0.35207,0.36478
11575,9.99538,0.35437,0.37172
11576,12.14550,-0.00411,0.02043
11577,12.89731,-0.00123,0.00952
11578,12.01430,-0.00362,0.01903
11579,12.21610,-0.00494,0.02271
11580,13.58740,-0.00130,0.01007
11581,2.27344,0.16746,0.72894
11582,0.01202,0.14538,0.75228
11583,0.24014,0.15055,0.75067
11584,3.98594,0.18330,0.70880
11585,2.80389,0.16915,0.72214
11586,-5.58205,0.02300,0.08525
11587,-4.77278,0.02719,0.09572
11588,-5.98967,0.01931,0.07771
11589,0.30957,-0.00277,0.81459
11590,0.57850,-0.00260,0.84320
11591,5.22529,0.16920,0.68048
11592,5.50878,0.17992,0.68303
11593,5.00379,0.16085,0.67648
11594,9.84889,0.19357,0.51661
11595,9.56282,0.18782,0.53057
11596,9.52169,0.18894,0.54183
11597,9.96332,0.19516,0.49618
11598,9.62864,0.18760,0.51769
11599,11.40922,0.37469,0.37837
11600,11.48559,0.37724,0.38311
11601,10.95687,0.36729,0.36656
11602,11.80839,0.38173,0.39130
11603,-0.51543,0.14697,0.16693
11604,-0.23181,0.15238,0.17057
11605,0.50818,0.16469,0.18074
11606,0.27214,-0.09103,0.16862
11607,0.98439,-0.08176,0.15853
11608,-0.37846,-0.09988,0.17782
11609,-5.23178,-0.16640,0.25268
11610,-4.21276,-0.15388,0.23478
11611,-5.05121,-0.16705,0.24808
11612,3.32914,0.20019,0.23515
11613,3.35048,0.19889,0.23665
11614,2.58787,0.18400,0.22103
11615,3.76465,0.21096,0.24277
11616,3.97267,0.21358,0.24847
11617,-9.26706,-0.30210,0.56875
11618,-9.04242,-0.29488,0.56898
11619,-8.98650,-0.29223,0.58216
11620,-9.44738,-0.30876,0.55804
11621,-9.22303,-0.30189,0.55538
11622,-12.47297,-0.28391,0.52352
11623,-12.35275,-0.27829,0.52219
11624,-12.22381,-0.28050,0.54020
11625,-12.02598,-0.27367,0.54370
11626,10.77541,0.35719,0.49109
11627,3.52570,-0.06408,0.12693
11628,4.64627,-0.05327,0.11337
11629,5.00992,-0.05157,0.10972
11630,2.39947,-0.07405,0.14063
11631,-8.91450,0.06455,0.88160
11632,-8.53683,0.06995,0.87607
11633,-10.65202,0.05538,0.89206
11634,-6.69973,0.08241,0.86301
11635,3.66254,0.14399,0.22674
11636,4.41957,0.15539,0.23871
11637,3.19412,0.14059,0.21832
11638,3.95635,0.14531,0.23257
11639,4.71011,-0.01143,0.86867
11640,5.85711,-0.00757,0.89589
11641,4.62099,-0.00878,0.87919
11642,6.45013,-0.00458,0.91851
11643,3.97538,0.09176,0.28676
11644,4.23693,0.09668,0.29156
11645,3.70228,0.09093,0.27302
11646,4.20933,0.09265,0.29979
11647,4.48845,0.09789,0.30473
11648,-4.70611,-0.20879,0.28906
11649,-4.29573,-0.19754,0.27951
11650,-4.64447,-0.20467,0.29114
11651,-4.72504,-0.21158,0.28636
11652,-4.25476,-0.19942,0.27487
11653,7.72216,0.30346,0.32217
11654,7.92832,0.30711,0.33057
11655,7.26395,0.29360,0.31000
11656,7.81989,0.30646,0.32138
11657,4.97622,0.17767,0.40706
11658,5.24912,0.18705,0.41027
11659,5.26366,0.18561,0.42145
11660,5.39848,0.19356,0.40480
11661,5.56896,0.19675,0.42082
11662,2.00298,0.06843,0.44624
11663,2.09330,0.07227,0.43279
11664,2.37014,0.08123,0.44355
11665,1.67319,0.05706,0.44769
11666,1.72719,0.05945,0.43587
11667,10.23003,-0.00292,0.01824
11668,11.01686,-0.00110,0.00987
11669,10.94711,-0.00091,0.00848
11670,10.13413,-0.00399,0.02197
11671,3.75370,0.22428,0.22321
11672,3.90126,0.22641,0.22492
11673,4.59507,0.23966,0.23550
11674,-8.81206,-0.32944,0.33978
11675,-9.37443,-0.34140,0.35575
11676,-10.55958,-0.24093,0.37853
11677,-10.27319,-0.23469,0.37172
11678,-11.01055,-0.24636,0.39788
11679,8.32702,-0.04734,0.07984
11680,9.00206,-0.04125,0.07351
11681,9.88816,-0.03300,0.06444
11682,7.20767,-0.05901,0.09119
11683,7.41597,-0.05706,0.08937
11684,-2.41736,-0.20091,0.20632
11685,-2.97895,-0.21136,0.21487
11686,-3.50728,-0.22143,0.22240
11687,-3.04623,-0.21247,0.21627
11688,-3.76951,-0.22646,0.22695
11689,0.01106,-0.02389,0.17103
11690,0.13985,-0.02274,0.16014
11691,2.46524,-0.00215,0.04618
11692,-7.11134,0.08780,0.81442
11693,-4.21537,0.10564,0.79027
11694,-6.88669,0.08681,0.81290
11695,-5.53683,0.09922,0.80169
11696,-4.43171,-0.17568,0.33124
11697,-4.66991,-0.18102,0.34383
11698,-4.81692,-0.18794,0.34038
11699,-0.08027,-0.02624,0.84745
11700,-0.02782,-0.03063,0.84923
11701,-0.32930,-0.03354,0.83524
11702,0.07529,-0.02145,0.85656
11703,0.16483,-0.02448,0.85928
11704,12.38977,0.27377,0.48181
11705,12.52334,0.27917,0.48346
11706,12.46413,0.27910,0.46039
11707,12.19725,0.26715,0.49920
11708,12.30507,0.27189,0.50549
11709,12.23922,0.33684,0.38067
11710,11.99038,0.33565,0.37255
11711,11.62145,0.32775,0.36186
11712,12.42390,0.34284,0.38657
11713,-0.04311,-0.00048,0.54360
11714,-0.22737,-0.00366,0.55925
11715,0.05918,0.00117,0.56991
11716,-13.10989,0.04040,0.91005
11717,-15.56771,0.02795,0.92722
11718,-13.83026,0.03364,0.91882
11719,-13.13657,0.04356,0.90624
11720,-15.72505,0.02978,0.92457
11721,-2.88607,-0.12195,0.77026
11722,-3.02060,-0.12993,0.76930
11723,-2.77915,-0.11558,0.77081
11724,4.36362,-0.03686,0.08939
11725,3.75651,-0.04559,0.10106
11726,4.40908,-0.03891,0.09084
11727,4.29285,-0.03565,0.08881
11728,3.63314,-0.04425,0.10109
11729,4.40105,-0.03983,0.10877
11730,5.18531,-0.03523,0.09929
11731,4.24813,-0.04273,0.11176
11732,6.44366,-0.02680,0.08361
11733,5.09161,-0.03749,0.10151
11734,-2.00523,-0.09280,0.21020
11735,-1.86265,-0.08930,0.20824
11736,-2.91070,-0.10099,0.22967
11737,9.34270,0.32842,0.41708
11738,9.79684,0.34087,0.42393
11739,9.67535,0.33637,0.42800
11740,0.02872,-0.00058,0.12059
11741,-0.01928,0.00073,0.12909
11742,0.04277,-0.00168,0.13648
11743,0.00001,0.00001,0.10766
11744,-0.07721,0.00171,0.11820
11745,0.81310,0.03387,0.21180
11746,0.52968,0.03170,0.19808
11747,1.15402,0.03786,0.22725
11748,0.81355,0.03565,0.20948
11749,4.67322,-0.04846,0.80836
11750,6.70009,-0.04059,0.83095
11751,8.66939,-0.03402,0.85054
11752,-0.15884,0.03678,0.16978
11753,-0.35381,0.03697,0.16447
11754,-0.89639,0.03063,0.14871
11755,0.44021,0.04190,0.18823
11756,0.32960,0.04286,0.18416
11757,-5.05245,0.01198,0.05308
11758,-4.50070,0.01506,0.06181
11759,-5.03922,0.01023,0.04938
11760,-4.54443,0.01668,0.06435
11761,7.70112,-0.05544,0.08932
11762,8.45568,-0.04813,0.08218
11763,9.29176,-0.04083,0.07424
11764,6.17575,-0.07130,0.10428
11765,6.97370,-0.06253,0.09643
11766,-11.39993,-0.36449,0.55347
11767,-11.56766,-0.36835,0.55289
11768,1.00590,-0.13521,0.16040
11769,0.17719,-0.14972,0.17182
11770,0.67782,-0.14175,0.16489
11771,1.34313,-0.12841,0.15573
11772,0.19991,-0.14822,0.17152
11773,0.82029,-0.06421,0.15934
11774,0.91557,-0.06489,0.15797
11775,1.97047,-0.05388,0.14084
11776,-1.24422,0.08482,0.84321
11777,-1.71299,0.07645,0.85155
11778,-1.16824,0.09037,0.83954
11779,-2.29579,0.07452,0.85645
11780,-1.03545,0.16239,0.78544
11781,-2.66471,0.14653,0.79885
11782,-3.92719,0.13381,0.81130
11783,1.21695,0.18729,0.76302
11784,12.89022,0.39392,0.42612
11785,12.78322,0.39419,0.42421
11786,12.56341,0.38932,0.41114
11787,13.09559,0.39534,0.43467
11788,13.14123,0.39793,0.44244
11789,9.06136,0.21865,0.33400
11790,8.68790,0.21106,0.32673
11791,9.31992,0.21923,0.34426
11792,0.97337,0.04842,0.20443
11793,1.28139,0.05338,0.21272
11794,0.76307,0.04855,0.19651
11795,1.83926,0.05998,0.22982
11796,1.17079,0.05451,0.20749
11797,-4.71739,-0.19648,0.31044
11798,-4.40091,-0.18943,0.29848
11799,-4.26541,-0.18273,0.29965
11800,-5.09076,-0.20778,0.31910
11801,-4.69375,-0.19874,0.30432
11802,-10.29371,-0.25389,0.60530
11803,-9.72612,-0.24812,0.61917
11804,-8.96760,-0.23500,0.63273
11805,-11.15913,-0.26799,0.58426
11806,-10.58357,-0.26134,0.60083
11807,-0.39515,0.15211,0.16777
11808,0.72606,0.17029,0.18165
11809,0.18609,0.16167,0.17500
11810,-0.81096,0.14541,0.16271
11811,0.22728,0.16185,0.17531
11812,-3.41592,0.09338,0.13263
11813,-4.69508,0.07936,0.11920
11814,-4.44256,0.08116,0.12168
11815,-3.59152,0.09253,0.13083
11816,20.70109,-0.02790,0.92690
11817,17.09468,-0.04229,0.90699
11818,17.38551,-0.04246,0.90619
11819,7.12278,-0.06120,0.09502
11820,5.97427,-0.07339,0.10644
11821,-3.94660,-0.16226,0.31376
11822,-3.68259,-0.16132,0.29148
11823,6.77142,-0.01998,0.92911
11824,7.19893,-0.02109,0.92839
11825,5.81885,-0.02864,0.91399
11826,7.60691,-0.01339,0.94276
11827,8.36713,-0.01372,0.94341
11828,-0.63872,-0.01085,0.48744
11829,-0.86666,-0.01459,0.46781
11830,-1.01848,-0.01702,0.49185
11831,-0.34923,-0.00609,0.48396
11832,-0.50443,-0.00866,0.46212
11833,-3.55680,-0.21957,0.22876
11834,-4.35810,-0.23600,0.24208
11835,-3.86427,-0.22651,0.23293
11836,-3.32237,-0.21410,0.22559
11837,-4.07340,-0.22958,0.23804
11838,6.58777,-0.04405,0.09468
11839,5.63503,-0.05271,0.10525
11840,5.09253,-0.05626,0.11076
11841,2.20892,0.08463,0.34193
11842,2.27583,0.08889,0.33133
11843,2.50804,0.09563,0.34577
11844,1.97211,0.07589,0.33871
11845,1.94856,0.07671,0.32634
11846,-2.81885,0.08333,0.12911
11847,-2.57922,0.08899,0.13333
11848,-1.87600,0.09845,0.14375
11849,-3.65198,0.07072,0.11649
11850,-3.44020,0.07568,0.12038
11851,-0.53437,0.13534,0.75607
11852,-2.62363,0.11797,0.77601
11853,-2.79378,0.11898,0.77793
11854,-0.13889,0.13605,0.75166
11855,-2.07419,-0.07410,0.39641
11856,-2.39649,-0.08550,0.39887
11857,-2.18382,-0.07894,0.38561
11858,-1.93269,-0.06832,0.40729
11859,-2.32431,0.10690,0.14418
11860,-9.25301,0.05477,0.83806
11861,-12.77172,0.03933,0.86698
11862,-6.69739,0.06543,0.81646
11863,-9.69083,0.05029,0.84338
11864,-0.61422,-0.02030,0.22633
11865,-0.43594,-0.01958,0.20816
11866,-0.70289,-0.02341,0.22574
11867,-0.53654,-0.01773,0.22686
11868,-0.34686,-0.01627,0.20678
11869,13.30689,0.39878,0.50320
11870,13.25888,0.40164,0.48255
11871,13.23189,0.39442,0.52063
11872,-2.39569,0.00017,0.01161
11873,-1.81538,0.00034,0.02048
11874,-1.95625,0.00073,0.03030
11875,7.07525,0.22616,0.27182
11876,6.79073,0.21980,0.26754
11877,7.56005,0.23102,0.28118
11878,6.45714,0.21930,0.26080
11879,7.81434,0.30849,0.30848
11880,8.45984,0.32221,0.32260
11881,8.19897,0.31661,0.31881
11882,8.06957,0.31394,0.31202
11883,5.07466,0.16178,0.59157
11884,5.39950,0.17262,0.58877
11885,5.34006,0.17009,0.60047
11886,5.65654,0.18179,0.57715
11887,5.70442,0.18246,0.59303
11888,7.50020,0.26698,0.68254
11889,7.00095,0.25822,0.68877
11890,5.94842,0.24456,0.70374
11891,8.61911,0.28452,0.66536
11892,8.37544,0.27914,0.66861
11893,14.37942,-0.00579,0.02449
11894,13.72423,-0.00789,0.02979
11895,15.23999,-0.00251,0.01449
11896,13.64263,-0.00926,0.03257
11897,12.62325,-0.01335,0.04097
11898,-8.72571,-0.19171,0.60081
11899,-7.79246,-0.18104,0.62398
11900,-8.84050,-0.19003,0.59275
11901,1.96879,-0.00084,0.02303
11902,1.80617,-0.00044,0.01684
11903,1.62657,-0.00108,0.02903
11904,2.29469,-0.00060,0.01735
11905,2.18952,-0.00023,0.01020
11906,-1.50803,0.04424,0.12766
11907,-1.24196,0.05047,0.13637
11908,-1.05280,0.05081,0.14048
11909,-2.02534,0.03743,0.11393
11910,-1.69816,0.04502,0.12482
11911,2.18903,0.04065,0.60336
11912,1.99159,0.03959,0.62856
11913,2.44598,0.04565,0.60639
11914,2.00830,0.03646,0.59649
11915,1.81879,0.03549,0.62363
11916,-11.03515,-0.35471,0.35296
11917,-10.29918,-0.34179,0.33524
11918,-9.78182,-0.33039,0.32265
11919,9.40647,0.26011,0.31736
11920,9.87602,0.26447,0.32923
11921,10.21407,0.27247,0.33578
11922,8.73698,0.24982,0.30337
11923,9.03356,0.25148,0.31051
11924,-2.97898,-0.09365,0.60060
11925,-2.54269,-0.07955,0.60772
11926,-3.03015,-0.09576,0.58751
11927,-2.62481,-0.08266,0.59121
11928,6.58331,0.21449,0.66152
11929,6.23192,0.20393,0.67200
11930,6.45014,0.20911,0.65804
11931,4.91761,0.08543,0.46153
11932,4.94461,0.08675,0.44055
11933,4.70442,0.08215,0.44421
11934,5.13826,0.08913,0.47949
11935,5.17201,0.09056,0.45041
11936,7.64075,0.15853,0.59878
11937,6.96751,0.14888,0.61532
11938,6.82569,0.15009,0.62295
11939,6.50630,0.14124,0.62416
11940,5.93445,0.13818,0.64223
11941,7.52883,0.24448,0.57327
11942,7.80269,0.25360,0.57372
11943,7.74611,0.25267,0.56106
11944,-7.20919,-0.23899,0.66750
11945,-7.11076,-0.23424,0.66355
11946,-7.34891,-0.24469,0.66874
11947,-7.66603,-0.25215,0.65462
11948,-12.40914,-0.39217,0.50781
11949,-12.40294,-0.39470,0.48947
11950,-3.53779,-0.17851,0.76184
11951,-4.29752,-0.18949,0.74888
11952,-2.63036,-0.16585,0.77569
11953,-1.05644,-0.03774,0.22167
11954,-0.89117,-0.03452,0.21628
11955,-0.64946,-0.03362,0.20293
11956,-4.44789,-0.14358,0.68426
11957,-5.96598,-0.15953,0.65914
11958,-4.62882,-0.14864,0.68304
11959,-4.08057,-0.13734,0.68851
11960,-5.58828,-0.15182,0.66318
11961,-1.48934,-0.04614,0.23322
11962,-1.16371,-0.04167,0.22139
11963,-1.00584,-0.04185,0.21244
11964,-0.94513,-0.03810,0.21401
11965,-0.80108,-0.03818,0.20628
11966,7.06461,0.16164,0.31890
11967,7.65725,0.16983,0.33538
11968,7.28042,0.16733,0.32053
11969,6.82201,0.15586,0.31615
11970,7.70290,0.16731,0.34245
11971,7.45069,-0.02544,0.07656
11972,5.87734,-0.03625,0.09503
11973,4.27436,0.07342,0.51797
11974,4.05358,0.07015,0.53952
11975,4.14768,0.07092,0.49999
11976,3.96546,0.06800,0.52533
11977,7.33858,0.15759,0.34107
11978,7.37452,0.16086,0.33652
11979,6.81246,0.15262,0.32127
11980,7.76170,0.16167,0.35928
11981,7.94605,0.16676,0.35911
11982,-1.64631,-0.13081,0.79634
11983,-0.82791,-0.11939,0.80921
11984,-1.41543,-0.13105,0.79906
11985,6.73387,0.23348,0.44736
11986,6.83188,0.23459,0.46100
11987,6.82321,0.23817,0.43883
11988,6.99483,0.24175,0.45231
11989,-5.08006,-0.10746,0.32013
11990,-5.31954,-0.10824,0.33710
11991,-4.70107,-0.10059,0.31322
11992,15.52246,-0.03623,0.91617
11993,15.10514,-0.03564,0.91676
11994,17.02377,-0.03125,0.92300
11995,14.16315,-0.04479,0.90516
11996,-4.25318,-0.14707,0.23858
11997,-4.13097,-0.14332,0.23754
11998,2.39935,0.18997,0.21284
11999,3.11205,0.20523,0.22474
12000,1.60704,0.17477,0.19945
12001,2.31849,0.18976,0.21086
12002,9.96013,-0.08670,0.83812
12003,7.79304,-0.09933,0.82211
12004,5.95013,-0.11335,0.80922
12005,13.59822,-0.06646,0.86206
12006,12.07524,-0.07334,0.85181
12007,4.77072,0.15083,0.61914
12008,5.00847,0.15853,0.62803
12009,4.55682,0.14360,0.63413
12010,5.20165,0.16509,0.61431
12011,-1.77140,-0.04110,0.27440
12012,-1.51288,-0.03642,0.26631
12013,-2.00100,-0.04522,0.28151
12014,-2.13056,-0.04524,0.29785
12015,-1.54968,-0.06011,0.21713
12016,-2.01564,-0.06638,0.22950
12017,-2.03941,-0.06384,0.23386
12018,-0.95751,-0.05413,0.19998
12019,-1.30448,-0.05948,0.20845
12020,-13.19874,-0.40184,0.48929
12021,-13.23129,-0.40250,0.47855
12022,-13.07399,-0.40263,0.47108
12023,-13.21665,-0.39974,0.50345
12024,-13.31239,-0.40062,0.49750
12025,-23.32531,0.02594,0.92670
12026,-19.06754,0.04087,0.90493
12027,-23.99556,0.02502,0.92693
12028,-26.67472,0.01717,0.94136
12029,-7.50936,0.04282,0.07820
12030,-8.32313,0.03522,0.06942
12031,-7.42536,0.04464,0.07987
12032,-8.22656,0.03510,0.06962
12033,0.12839,0.15935,0.17516
12034,1.15480,0.17746,0.18906
12035,0.91417,0.17263,0.18592
12036,-0.41268,0.15055,0.16803
12037,0.56448,0.16739,0.18088
12038,9.25101,0.33590,0.37035
12039,9.04963,0.33220,0.36068
12040,9.47717,0.34149,0.37374
12041,8.84330,0.32662,0.35933
12042,-1.28446,0.03221,0.14278
12043,-1.75303,0.02715,0.13045
12044,-1.60729,0.03149,0.13631
12045,-2.11506,0.02617,0.12360
12046,-10.99672,-0.37412,0.39070
12047,-11.02044,-0.37420,0.38754
12048,-10.56112,-0.36558,0.37522
12049,-11.33654,-0.38038,0.40183
12050,0.10489,0.06429,0.17645
12051,0.46851,0.07080,0.18992
12052,0.23646,0.06312,0.18162
12053,-0.03629,0.06452,0.17159
12054,0.27795,0.07051,0.18241
12055,-13.23493,-0.39712,0.51472
12056,-13.32335,-0.39682,0.51391
12057,-13.10869,-0.39349,0.52743
12058,-13.14871,-0.39175,0.53142
12059,3.94817,0.19801,0.26083
12060,3.65343,0.18951,0.25516
12061,3.46977,0.18760,0.24893
12062,4.24197,0.20298,0.26995
12063,5.20184,0.22051,0.30348
12064,5.70559,0.23311,0.31794
12065,5.35050,0.22139,0.31292
12066,4.96614,0.21687,0.29345
12067,5.43414,0.22873,0.30577
12068,-12.06397,-0.38229,0.39276
12069,-11.87892,-0.37755,0.38435
12070,-11.59343,-0.37427,0.37747
12071,-12.49741,-0.38940,0.40921
12072,-12.29680,-0.38428,0.39851
12073,4.74191,0.16990,0.72728
12074,4.45341,0.16715,0.73813
12075,4.95168,0.17167,0.71707
12076,5.28954,0.18271,0.71154
12077,-12.29109,-0.37456,0.38873
12078,-11.77941,-0.36582,0.37231
12079,-11.93582,-0.37082,0.37862
12080,-12.55527,-0.37678,0.39688
12081,-12.14442,-0.36940,0.38214
12082,-6.03722,-0.18558,0.67284
12083,-4.36494,-0.16814,0.69658
12084,-5.24308,-0.17430,0.68315
12085,-6.72831,-0.19603,0.66346
12086,-5.22375,-0.17992,0.68607
12087,8.29717,-0.00088,0.01363
12088,-1.42765,-0.16726,0.18800
12089,-2.52913,-0.18427,0.20196
12090,-2.46427,-0.18167,0.20102
12091,-0.58633,-0.15587,0.17781
12092,-2.01176,-0.17754,0.19537
12093,-13.54339,0.01113,0.03432
12094,-14.56326,0.00641,0.02457
12095,-14.72847,0.00608,0.02386
12096,-13.15032,0.01303,0.03779
12097,4.72811,0.21855,0.23208
12098,5.39969,0.22794,0.24183
12099,5.67506,0.23425,0.24597
12100,3.69547,0.20180,0.21766
12101,4.35291,0.21081,0.22674
12102,-3.16023,-0.21029,0.73991
12103,-4.35923,-0.22594,0.72741
12104,-2.23089,-0.19929,0.75123
12105,-3.84097,-0.21818,0.73101
12106,-5.23057,-0.23695,0.71558
12107,5.75090,0.21236,0.24894
12108,6.45121,0.22128,0.26048
12109,6.90285,0.23066,0.26736
12110,4.62200,0.19476,0.23201
12111,5.54106,0.20636,0.24617
12112,-15.06452,0.00503,0.02164
12113,-14.26436,0.00786,0.02858
12114,-15.10040,0.00514,0.02226
12115,-2.56747,-0.14068,0.71670
12116,-0.62046,-0.12213,0.73980
12117,-3.93441,-0.15514,0.69918
12118,-2.29269,-0.14148,0.72095
12119,-0.70454,-0.02207,0.59001
12120,-0.33324,-0.01044,0.58834
12121,-0.99146,-0.03127,0.57826
12122,-0.48432,-0.01523,0.57828
12123,-3.67961,-0.11550,0.61852
12124,-3.24914,-0.10167,0.61835
12125,-3.29105,-0.10270,0.63175
12126,-3.82734,-0.12074,0.60400
12127,-3.39885,-0.10679,0.60730
12128,-3.60967,0.10213,0.78485
12129,-1.53254,0.11483,0.76471
12130,-3.04531,0.10843,0.77950
12131,-0.91734,0.12256,0.75872
12132,-7.62866,-0.24376,0.66868
12133,-6.24131,-0.22819,0.68894
12134,-0.97627,-0.03164,0.52883
12135,-1.04542,-0.03364,0.54242
12136,-1.35741,-0.04390,0.53334
12137,-0.52597,-0.01705,0.52368
12138,-0.64203,-0.02065,0.53950
12139,-6.73623,-0.26920,0.26434
12140,-6.48254,-0.26642,0.26075
12141,-0.35772,0.04546,0.85399
12142,-0.30826,0.04095,0.85517
12143,0.17702,0.05011,0.83999
12144,-0.91718,0.04133,0.86629
12145,-0.77542,0.03780,0.86650
12146,-1.99928,-0.03496,0.57466
12147,-1.70383,-0.03055,0.59238
12148,-2.21470,-0.03899,0.57959
12149,-1.86596,-0.03423,0.60280
12150,-8.20297,-0.18234,0.34295
12151,6.10394,0.20193,0.51728
12152,6.31928,0.20801,0.52866
12153,5.93383,0.19449,0.53368
12154,6.22228,0.20733,0.50530
12155,6.50134,0.21579,0.51412
12156,5.95034,0.10447,0.49079
12157,6.18874,0.10940,0.47904
12158,5.81746,0.10216,0.51598
12159,6.19105,0.10924,0.50185
12160,-11.34975,-0.38107,0.41971
12161,-11.62169,-0.38584,0.42842
12162,-11.88327,-0.39006,0.44098
12163,4.74694,-0.04611,0.09440
12164,5.59375,-0.03587,0.08130
12165,5.01097,-0.04071,0.08866
12166,4.55867,-0.05026,0.09848
12167,5.39821,-0.04021,0.08599
12168,-2.61486,0.00499,0.94819
12169,-2.20012,0.00684,0.93707
12170,-2.68292,0.00779,0.93789
12171,-2.49705,0.00302,0.95788
12172,-1.99040,0.00497,0.94283
12173,-4.44196,0.00308,0.02923
12174,-4.40071,0.00242,0.02592
12175,-4.91643,0.00115,0.01621
12176,-3.98822,0.00585,0.04256
12177,-3.93252,0.00446,0.03764
12178,0.72820,0.15767,0.17975
12179,1.26114,0.16655,0.18629
12180,0.36639,0.15345,0.17544
12181,2.28013,0.18260,0.19909
12182,1.04314,0.16452,0.18365
12183,-8.55144,-0.31606,0.30343
12184,-8.39757,-0.31461,0.30188
12185,-8.68116,-0.31712,0.30477
12186,-7.80181,-0.30067,0.28834
12187,1.33148,0.05223,0.32735
12188,1.54607,0.06091,0.32563
12189,1.60137,0.06149,0.33981
12190,1.34713,0.05465,0.31183
12191,0.31252,0.00547,0.56402
12192,0.20155,0.00362,0.54233
12193,0.55291,0.00968,0.57124
12194,0.50123,0.00856,0.54613
12195,-7.76338,0.04484,0.08616
12196,-7.17928,0.05053,0.09224
12197,-8.84698,0.03578,0.07532
12198,-7.57111,0.04566,0.08781
12199,8.14765,0.29443,0.28879
12200,8.65109,0.30477,0.29843
12201,7.96751,0.29338,0.28619
12202,8.94853,0.30859,0.30365
12203,-6.97959,0.00797,0.90102
12204,-5.47349,0.01318,0.86935
12205,-4.86979,0.01197,0.86789
12206,-9.01192,0.00477,0.92931
12207,-7.61623,0.00902,0.90017
12208,1.88943,0.16256,0.78338
12209,-8.37110,-0.31685,0.30507
12210,-9.05409,-0.32951,0.31795
12211,-8.26495,-0.31351,0.30114
12212,-9.19991,-0.33357,0.32298
12213,5.01854,0.22845,0.28078
12214,5.10841,0.22880,0.28527
12215,4.57085,0.21610,0.27213
12216,5.42314,0.23942,0.28861
12217,5.48251,0.23774,0.29456
12218,5.25774,0.23068,0.29132
12219,4.92348,0.22398,0.28123
12220,5.31033,0.23015,0.29525
12221,4.85004,0.22000,0.28219
12222,-3.35300,0.05520,0.11125
12223,-4.01240,0.04623,0.09979
12224,-3.98528,0.04860,0.10171
12225,-2.84772,0.06031,0.11905
12226,-3.71697,0.04798,0.10340
12227,9.02212,0.19345,0.36991
12228,8.45375,0.18585,0.35026
12229,-3.60445,0.02764,0.08612
12230,-4.06128,0.02415,0.07833
12231,2.11399,-0.00021,0.00913
12232,2.40837,-0.00032,0.01153
12233,-8.73212,-0.18774,0.59344
12234,-7.75119,-0.17574,0.61889
12235,-8.23406,-0.17783,0.60233
12236,11.66168,-0.01965,0.05135
12237,10.18698,-0.02834,0.06441
12238,12.76186,-0.01396,0.04161
12239,-6.84639,-0.25865,0.36192
12240,12.52125,-0.02667,0.87987
12241,14.72958,-0.02166,0.89598
12242,16.75612,-0.01474,0.91529
12243,11.28022,-0.03356,0.86584
12244,5.88397,0.14513,0.29007
12245,5.07284,0.13488,0.27097
12246,6.10582,0.15043,0.29248
12247,5.31216,0.14016,0.27397
12248,-4.10659,-0.21628,0.74397
12249,13.03134,0.31910,0.53547
12250,12.66002,0.31002,0.55062
12251,12.58592,0.31172,0.55697
12252,12.13846,0.30057,0.56991
12253,-5.02147,0.07578,0.10993
12254,-4.23428,0.08590,0.11914
12255,-4.97325,0.07518,0.10990
12256,-4.06685,0.08919,0.12154
12257,-9.27781,0.03872,0.07449
12258,-9.21434,0.03966,0.07521
12259,-10.60059,0.02886,0.06234
12260,-8.03357,0.04969,0.08634
12261,8.84511,-0.00549,0.03617
12262,9.91105,-0.00303,0.02454
12263,8.63484,-0.00498,0.03478
12264,10.07480,-0.00171,0.01763
12265,-14.75708,0.00501,0.02096
12266,-13.52400,0.01003,0.03200
12267,-13.31018,0.01105,0.03390
12268,-16.07436,0.00165,0.00994
12269,-15.04837,0.00374,0.01771
12270,-7.17398,0.02238,0.07474
12271,-7.93121,0.01716,0.06444
12272,-7.73279,0.02011,0.06910
12273,12.62780,0.39342,0.42104
12274,12.68923,0.39549,0.42729
12275,12.36826,0.39056,0.41208
12276,12.90778,0.39700,0.43466
12277,-11.06116,-0.25425,0.38799
12278,-10.79672,-0.25401,0.37389
12279,-11.34964,-0.26185,0.39428
12280,-10.81685,-0.24749,0.38378
12281,-10.45214,-0.24576,0.36648
12282,3.37931,-0.04680,0.79682
12283,5.75170,-0.03688,0.82760
12284,-5.46110,-0.13495,0.28554
12285,-4.89202,-0.13243,0.26694
12286,-5.40588,-0.13706,0.28089
12287,-13.17303,-0.33006,0.43151
12288,-12.96013,-0.32533,0.42050
12289,-0.86944,0.08148,0.75743
12290,0.36372,0.08778,0.74014
12291,-1.43449,0.07471,0.76526
12292,-0.21030,0.08922,0.74856
12293,1.41771,0.09828,0.72509
12294,5.88986,-0.06578,0.09985
12295,4.90125,-0.07808,0.11121
12296,6.98763,-0.05326,0.08764
12297,6.83018,-0.05407,0.08878
12298,7.32834,0.23723,0.67130
12299,6.03280,0.21972,0.68878
12300,6.18755,0.22455,0.68794
12301,7.74152,0.24014,0.66417
12302,7.26622,0.17540,0.63561
12303,7.11826,0.17651,0.64108
12304,8.14039,0.18831,0.61955
12305,6.10879,0.16735,0.66139
12306,7.71012,0.18607,0.63192
12307,2.22200,0.17397,0.19829
12308,3.06575,0.18511,0.20923
12309,3.45014,0.19283,0.21438
12310,1.11853,0.15765,0.18447
12311,1.68113,0.16426,0.19136
12312,10.90490,-0.01325,0.03999
12313,9.84982,-0.01963,0.05043
12314,11.70661,-0.00859,0.03102
12315,10.83059,-0.01278,0.03933
12316,-8.62300,-0.20806,0.32781
12317,-0.99026,-0.01840,0.34856
12318,-0.76806,-0.01416,0.35627
12319,-0.74436,-0.01428,0.33308
12320,-1.18181,-0.02162,0.36287
12321,-1.00073,-0.01805,0.37165
12322,7.92913,-0.02884,0.85349
12323,6.83125,-0.03092,0.84335
12324,5.47814,-0.03836,0.82448
12325,11.04421,-0.01903,0.88658
12326,9.31374,-0.02152,0.87342
12327,-5.24751,0.05804,0.10947
12328,-5.56628,0.05411,0.10566
12329,-6.31516,0.04942,0.09830
12330,-10.90449,-0.36707,0.45453
12331,-11.11158,-0.37107,0.46303
12332,-11.05107,-0.37136,0.45056
12333,-11.27061,-0.37296,0.47738
12334,-11.30138,-0.37537,0.46575
12335,-4.30377,0.06208,0.10747
12336,-3.59614,0.07256,0.11811
12337,-3.63415,0.06982,0.11651
12338,-5.06601,0.05269,0.09694
12339,4.08421,0.17602,0.75225
12340,3.72377,0.16674,0.75903
12341,4.33965,0.17752,0.74640
12342,3.06619,0.15372,0.77162
12343,2.58760,0.19719,0.73728
12344,1.94045,0.18885,0.74294
12345,0.44270,0.17424,0.75833
12346,4.48401,0.21934,0.71651
12347,3.94366,0.21083,0.72147
12348,-0.91978,0.11918,0.15977
12349,-1.60373,0.10945,0.15179
12350,-0.11751,0.12759,0.16924
12351,-1.65506,0.11141,0.15137
12352,-2.26713,0.10275,0.14435
12353,11.51164,0.31644,0.60259
12354,10.66539,0.30093,0.62125
12355,10.83532,0.30720,0.61904
12356,-6.39150,0.01920,0.05914
12357,-7.07284,0.01437,0.04951
12358,-6.68260,0.01857,0.05711
12359,0.74734,0.16989,0.75102
12360,-1.59939,0.14777,0.77266
12361,-1.08719,0.15394,0.76912
12362,0.81482,0.16868,0.74961
12363,6.00513,0.12455,0.33649
12364,6.43408,0.13156,0.34733
12365,5.72379,0.24162,0.30386
12366,5.67323,0.23538,0.31112
12367,5.28799,0.22740,0.29804
12368,-4.12103,-0.23113,0.23765
12369,-4.64686,-0.24143,0.24762
12370,-5.14105,-0.25231,0.25515
12371,-3.23143,-0.21301,0.22307
12372,-3.80732,-0.22401,0.23328
12373,-0.06420,0.00011,0.04689
12374,0.12781,-0.00017,0.04138
12375,-0.12185,0.00012,0.03649
12376,-0.10922,0.00031,0.05685
12377,0.09213,-0.00023,0.05398
12378,-1.75042,-0.18800,0.19476
12379,-0.77994,-0.17164,0.18226
12380,2.05704,0.19470,0.76146
12381,3.13578,0.20934,0.74823
12382,1.38326,0.18730,0.76713
12383,2.76630,0.20292,0.75488
12384,3.84266,0.21824,0.74116
12385,4.97773,0.17545,0.42094
12386,5.23203,0.18248,0.43418
12387,-11.81652,0.00880,0.03084
12388,-10.83522,0.01344,0.03973
12389,-12.04060,0.00702,0.02704
12390,6.75297,-0.09212,0.81170
12391,3.79761,-0.11078,0.78662
12392,9.03432,-0.07752,0.82935
12393,6.08096,-0.09460,0.80594
12394,-2.10282,0.13863,0.81138
12395,-2.57203,0.13120,0.81793
12396,-0.48421,0.15446,0.79739
12397,-0.39872,-0.00994,0.25858
12398,-0.51448,-0.01169,0.27595
12399,-0.37133,-0.00838,0.27667
12400,-0.39778,-0.01117,0.24240
12401,-0.58688,-0.01419,0.26315
12402,-10.47393,-0.33759,0.57877
12403,-10.24181,-0.33050,0.58623
12404,-10.19076,-0.32853,0.59697
12405,-10.62645,-0.34332,0.56319
12406,-10.37549,-0.33525,0.57317
12407,-3.08973,-0.09623,0.65691
12408,-3.28811,-0.10255,0.64117
12409,-2.81131,-0.08738,0.64927
12410,-3.26401,-0.10197,0.66751
12411,-3.59211,-0.11234,0.65238
12412,-2.12503,-0.04808,0.65855
12413,-2.50782,-0.05362,0.64668
12414,-2.00871,-0.04972,0.67122
12415,-2.70535,-0.05316,0.62634
12416,-4.34401,-0.13690,0.62634
12417,-4.06787,-0.12778,0.64082
12418,-4.63288,-0.14658,0.61388
12419,-4.22472,-0.13333,0.61395
12420,-3.62613,0.00136,0.02058
12421,-3.55969,0.00073,0.01470
12422,-3.91761,0.00043,0.00957
12423,-3.36372,0.00265,0.03086
12424,-3.14299,0.00226,0.02969
12425,-4.13520,-0.16541,0.32612
12426,-4.41644,-0.17239,0.33911
12427,-4.39441,-0.17517,0.32833
12428,-3.82032,-0.15572,0.31695
12429,-4.04735,-0.16018,0.33097
12430,-2.51221,-0.06318,0.67043
12431,-2.51686,-0.06078,0.66562
12432,-3.14647,-0.06727,0.64365
12433,-1.64891,-0.05732,0.69904
12434,-1.71578,-0.05450,0.69416
12435,0.07950,0.00256,0.55616
12436,0.14923,0.00483,0.54423
12437,0.48604,0.01553,0.55213
12438,-0.32205,-0.01025,0.55147
12439,-12.39468,-0.39664,0.43507
12440,-12.59134,-0.39880,0.44105
12441,-12.25656,-0.39413,0.42425
12442,-12.61010,-0.39964,0.45057
12443,13.71503,0.36008,0.51297
12444,13.58291,0.35831,0.52537
12445,13.77944,0.36585,0.50804
12446,6.73020,0.21745,0.64573
12447,6.48831,0.20913,0.64749
12448,6.81796,0.22104,0.65028
12449,-6.47313,-0.17188,0.28408
12450,-6.23843,-0.16648,0.28090
12451,-5.63139,-0.16062,0.26681
12452,-9.48710,-0.31136,0.54533
12453,-9.68220,-0.31829,0.53846
12454,-9.50588,-0.31417,0.52750
12455,-9.69944,-0.31720,0.55253
12456,19.92537,-0.03204,0.92019
12457,19.25965,-0.03289,0.91940
12458,23.98110,-0.01741,0.94390
12459,17.00517,-0.04554,0.90198
12460,15.43803,-0.05130,0.89530
12461,-11.04308,-0.34017,0.61900
12462,-11.54834,-0.35054,0.60513
12463,-11.61774,-0.35338,0.60223
12464,-10.38621,-0.32597,0.63535
12465,-11.14390,-0.34066,0.61706
12466,-7.61354,-0.27064,0.68278
12467,-6.06321,-0.24798,0.70436
12468,-8.33360,-0.28316,0.67238
12469,-6.80487,-0.25969,0.69546
12470,9.12569,-0.04125,0.07350
12471,9.54633,-0.03759,0.06957
12472,10.55000,-0.02908,0.05975
12473,8.05518,-0.05156,0.08412
12474,-6.34472,-0.17042,0.65775
12475,-5.77940,-0.16775,0.66972
12476,-4.54288,-0.15316,0.68783
12477,-7.50836,-0.18257,0.63492
12478,-7.47647,-0.18539,0.63872
12479,-0.48788,-0.10906,0.17875
12480,1.02828,-0.09169,0.15852
12481,-8.71935,0.01196,0.05313
12482,-9.89351,0.00743,0.03966
12483,-9.83981,0.00670,0.03805
12484,-7.78783,0.01714,0.06539
12485,-8.97914,0.01177,0.05200
12486,-5.33181,0.06266,0.11021
12487,-6.76423,0.04928,0.09517
12488,-5.44772,0.06023,0.10861
12489,-5.27386,0.06426,0.11109
12490,-6.55580,0.05215,0.09767
12491,-0.88013,0.00490,0.09954
12492,-1.13546,0.00428,0.08666
12493,-1.09179,0.00298,0.07658
12494,-0.69210,0.00696,0.11849
12495,-1.01961,0.00597,0.10093
12496,6.25960,-0.07434,0.81058
12497,4.35317,-0.08296,0.79338
12498,2.75144,-0.09626,0.77699
12499,9.73039,-0.05635,0.84042
12500,7.74224,-0.06329,0.82493
12501,-11.10014,-0.34647,0.61272
12502,-11.30528,-0.35209,0.60476
12503,-1.39713,-0.16579,0.19770
12504,-1.81923,-0.17522,0.20458
12505,-1.03056,-0.16042,0.19120
12506,-1.82585,-0.17681,0.20419
12507,2.41104,-0.03567,0.12693
12508,3.19039,-0.03087,0.11376
12509,2.12236,-0.04011,0.13336
12510,2.56200,-0.03306,0.12319
12511,3.45930,-0.02708,0.10740
12512,-7.92588,0.00350,0.02256
12513,-8.13855,0.00363,0.02282
12514,-7.33655,0.00687,0.03388
12515,11.55099,0.33331,0.35946
12516,11.54031,0.33591,0.35916
12517,10.94332,0.32564,0.34370
12518,12.03308,0.33908,0.37354
12519,12.05334,0.34260,0.37400
12520,0.22407,-0.01114,0.15744
12521,0.37598,-0.00875,0.14262
12522,0.49122,-0.00964,0.13822
12523,0.03024,-0.01191,0.17336
12524,0.20589,-0.00928,0.15598
12525,-13.00663,-0.36573,0.56021
12526,-13.11259,-0.36584,0.55548
12527,-13.40238,-0.37454,0.54012
12528,-12.50751,-0.35514,0.57925
12529,-12.68189,-0.35573,0.57331
12530,-4.20827,0.08789,0.11964
12531,-3.68280,0.09636,0.12640
12532,-2.91845,0.10672,0.13547
12533,-5.34599,0.07253,0.10609
12534,-4.87458,0.07970,0.11214
12535,-0.14683,0.09174,0.17026
12536,-0.61191,0.08198,0.15917
12537,-0.51173,0.08689,0.16200
12538,-0.04298,0.09084,0.17258
12539,3.05224,0.05190,0.52254
12540,3.37582,0.05748,0.52119
12541,3.31302,0.05622,0.49530
12542,2.81275,0.04827,0.54393
12543,3.05403,0.05262,0.54886
12544,4.20164,-0.00088,0.01502
12545,4.64608,-0.00046,0.00923
12546,3.86536,-0.00247,0.02801
12547,4.38548,-0.00158,0.02066
12548,0.51614,0.09479,0.18038
12549,1.04120,0.09894,0.18878
12550,1.89308,0.10987,0.20201
12551,-0.65289,0.08254,0.16316
12552,-0.24577,0.08455,0.16913
12553,-2.45793,-0.10824,0.70841
12554,-4.21601,-0.12451,0.67879
12555,-6.28647,-0.11149,0.51546
12556,-5.97797,-0.10639,0.53646
12557,-5.99604,-0.10567,0.51604
12558,-6.57413,-0.11730,0.51239
12559,-6.29656,-0.11289,0.53667
12560,-12.32571,-0.28329,0.43017
12561,-12.15032,-0.28399,0.41437
12562,-12.49359,-0.28932,0.43312
12563,-12.06559,-0.27850,0.41706
12564,-2.24988,-0.14443,0.72226
12565,-0.46004,-0.03189,0.82642
12566,-0.63617,-0.03914,0.82049
12567,-0.26542,-0.02658,0.83651
12568,-2.78397,-0.17070,0.72254
12569,-4.92849,-0.19351,0.69725
12570,-2.97907,-0.17546,0.72139
12571,-2.33704,-0.16385,0.72658
12572,-4.26652,-0.18344,0.70413
12573,3.32856,0.10462,0.60334
12574,3.32200,0.10404,0.61478
12575,2.90689,0.09084,0.61394
12576,3.69411,0.11665,0.59572
12577,3.64932,0.11473,0.60835
12578,-8.26790,0.03857,0.07244
12579,-8.71371,0.03507,0.06830
12580,-7.60682,0.04606,0.08040
12581,12.96828,0.39180,0.42436
12582,13.27152,0.39564,0.44229
12583,12.83842,0.38848,0.41611
12584,13.18666,0.39231,0.43239
12585,4.04832,0.07368,0.38604
12586,3.72013,0.06892,0.36921
12587,3.80507,0.06864,0.39072
12588,4.24234,0.07779,0.38137
12589,3.94142,0.07358,0.36551
12590,3.10368,-0.03690,0.11908
12591,3.15958,-0.03494,0.11715
12592,4.15669,-0.02809,0.10130
12593,2.06867,-0.04605,0.13667
12594,2.22231,-0.04293,0.13328
12595,-4.65302,-0.20103,0.74247
12596,-3.90176,-0.19012,0.75499
12597,-5.02563,-0.21152,0.73588
12598,-4.49067,-0.19443,0.74538
12599,-3.60402,-0.18114,0.76053
12600,-1.13704,-0.12460,0.80418
12601,-1.91323,-0.13352,0.79230
12602,-0.90355,-0.11700,0.80928
12603,-0.86028,-0.12474,0.80696
12604,-1.92045,-0.13927,0.79088
12605,6.63686,-0.06085,0.09896
12606,6.90084,-0.05893,0.09641
12607,5.33404,-0.07478,0.11210
12608,7.77920,-0.04973,0.08774
12609,8.22276,-0.04634,0.08351
12610,14.59314,-0.00722,0.02629
12611,14.59528,-0.00609,0.02341
12612,13.47238,-0.01125,0.03415
12613,16.19279,-0.00369,0.01736
12614,16.03096,-0.00229,0.01286
12615,-3.08153,-0.16119,0.25368
12616,-2.31337,-0.14593,0.23097
12617,-2.59112,-0.14976,0.24007
12618,-0.87965,-0.03098,0.41155
12619,-0.97141,-0.03456,0.40048
12620,-0.68045,-0.02428,0.39920
12621,-1.13457,-0.03949,0.42329
12622,-1.27214,-0.04484,0.40930
12623,-11.24601,-0.36258,0.36161
12624,-11.56129,-0.36647,0.36903
12625,-11.19135,-0.36355,0.36179
12626,-11.76110,-0.37217,0.37690
12627,3.31860,0.11664,0.74225
12628,3.54491,0.12060,0.73057
12629,2.94390,0.10556,0.75119
12630,3.23967,0.11117,0.73722
12631,0.18891,-0.00017,0.04663
12632,0.35717,-0.00044,0.05474
12633,0.19987,-0.00006,0.02818
12634,0.49485,-0.00027,0.03729
12635,1.65555,-0.13020,0.15237
12636,0.78125,-0.14417,0.16346
12637,0.47509,-0.14971,0.16736
12638,0.39939,-0.15009,0.16846
12639,-0.18252,-0.16055,0.17609
12640,-1.51353,-0.04849,0.72762
12641,-5.51971,0.04092,0.10038
12642,-5.44941,0.04294,0.10199
12643,-6.94916,0.03119,0.08424
12644,-4.33257,0.04971,0.11443
12645,-3.94173,0.05470,0.11986
12646,8.42752,0.28899,0.67307
12647,7.36837,0.27132,0.69019
12648,9.09798,0.30122,0.66144
12649,9.23233,0.30270,0.65865
12650,0.70693,0.02712,0.33672
12651,0.54466,0.02119,0.32815
12652,-3.15749,-0.10860,0.73862
12653,-3.04968,-0.10827,0.74761
12654,-3.45363,-0.11951,0.73670
12655,-2.69637,-0.10065,0.76082
12656,-3.09864,-0.11293,0.75200
12657,-0.06423,-0.00134,0.33565
12658,0.13931,0.00255,0.33993
12659,-0.26265,-0.00498,0.34432
12660,8.23616,-0.03292,0.06786
12661,9.35798,-0.02308,0.05500
12662,8.67314,-0.02774,0.06178
12663,8.92469,-0.02762,0.06087
12664,8.63120,0.29640,0.46010
12665,8.66918,0.29975,0.44953
12666,8.91513,0.30581,0.46007
12667,8.50335,0.29714,0.43538
12668,8.91686,0.30825,0.44771
12669,3.29160,0.21570,0.22233
12670,2.76224,0.20495,0.21438
12671,3.61680,0.22174,0.22804
12672,-8.38532,-0.27633,0.53988
12673,-8.52687,-0.27988,0.54985
12674,-8.72603,-0.28766,0.53842
12675,-8.07755,-0.26565,0.54425
12676,-8.25994,-0.27046,0.55594
12677,11.46029,-0.02343,0.05445
12678,12.63110,-0.01608,0.04376
12679,13.21734,-0.01324,0.03887
12680,9.93959,-0.03435,0.06840
12681,-7.09277,0.08535,0.86060
12682,-7.55174,0.07885,0.86689
12683,-5.48888,0.09695,0.84911
12684,-9.13479,0.06987,0.87640
12685,-6.58065,-0.27513,0.26546
12686,-7.03394,-0.28282,0.27258
12687,-6.13798,-0.26598,0.25771
12688,-7.27898,-0.28862,0.27752
12689,8.30279,0.16881,0.58207
12690,8.23627,0.16536,0.57769
12691,8.58299,0.16810,0.55824
12692,-2.24202,0.02160,0.80742
12693,-3.24825,0.01894,0.82867
12694,-1.81106,0.02627,0.79291
12695,-1.98552,0.02065,0.80421
12696,-3.11493,0.01606,0.83402
12697,7.66287,0.29119,0.35208
12698,7.69111,0.29371,0.34768
12699,8.11152,0.30266,0.36322
12700,7.21112,0.27952,0.34097
12701,7.19207,0.28134,0.33479
12702,-3.38112,0.05108,0.12426
12703,-3.83327,0.04852,0.11871
12704,-4.65436,0.04094,0.10753
12705,-2.62445,0.05943,0.13506
12706,12.34470,-0.00917,0.03109
12707,11.80972,-0.01144,0.03561
12708,10.85131,-0.01784,0.04615
12709,13.57444,-0.00410,0.01904
12710,13.34219,-0.00466,0.02085
12711,-6.92134,0.04709,0.09323
12712,-6.31496,0.05135,0.09913
12713,-8.30732,-0.19255,0.33263
12714,-8.68596,-0.19971,0.34047
12715,-9.30052,-0.20211,0.36999
12716,-0.38158,0.00378,0.80689
12717,-0.71772,0.00501,0.82094
12718,-0.28240,0.00201,0.82250
12719,-4.69937,0.11842,0.82895
12720,-2.83895,0.13546,0.81379
12721,-2.68385,0.13865,0.81063
12722,-6.99691,0.09734,0.84868
12723,-4.12519,0.12115,0.82675
12724,0.73582,0.04130,0.23864
12725,0.63806,0.03594,0.23817
12726,0.54751,0.03507,0.22518
12727,-11.36053,-0.32157,0.35458
12728,-10.84796,-0.31228,0.34177
12729,-10.64512,-0.31190,0.33646
12730,8.24046,0.18057,0.34816
12731,7.73880,0.17569,0.32977
12732,7.80950,0.17336,0.33737
12733,2.22110,0.16372,0.78029
12734,2.74034,0.16711,0.77419
12735,-5.24714,-0.17639,0.24875
12736,-6.02890,-0.18589,0.26285
12737,-5.38986,-0.17511,0.25239
12738,-6.85705,-0.19776,0.27801
12739,-6.51312,-0.19038,0.27273
12740,-3.23544,0.10138,0.13484
12741,-4.53440,0.08721,0.12128
12742,-0.22946,0.01237,0.14197
12743,-0.33046,0.01342,0.13551
12744,-0.20618,0.01627,0.14951
12745,-0.31197,0.01032,0.13008
12746,7.17478,0.23422,0.55498
12747,6.83039,0.22264,0.55539
12748,7.03486,0.23062,0.54348
12749,7.32310,0.23833,0.56482
12750,6.94119,0.22521,0.56922
12751,5.58151,-0.02064,0.06486
12752,4.90318,-0.02593,0.07513
12753,5.01134,-0.02705,0.07572
12754,4.34323,0.22219,0.73853
12755,3.08665,0.20462,0.75385
12756,2.97869,0.20149,0.75664
12757,5.39705,0.23897,0.72358
12758,4.05641,0.21931,0.74089
12759,6.68086,0.25169,0.26155
12760,5.78650,0.23774,0.24771
12761,6.37655,0.24441,0.25674
12762,-0.69288,-0.01186,0.42150
12763,-0.39409,-0.00656,0.42563
12764,-0.87989,-0.01493,0.44178
12765,-0.56448,-0.00945,0.44621
12766,10.63045,0.34004,0.59812
12767,10.78249,0.34393,0.59675
12768,10.31057,0.33111,0.61525
12769,10.82743,0.34637,0.58311
12770,10.96719,0.34985,0.58281
12771,-2.04500,-0.06624,0.53036
12772,-1.76783,-0.05699,0.53872
12773,-1.68907,-0.05492,0.52290
12774,-3.63871,0.10244,0.13051
12775,-3.96485,0.09786,0.12700
12776,-2.65493,0.11515,0.14115
12777,-4.71402,0.08887,0.11914
12778,-1.48363,-0.07144,0.79812
12779,-1.80118,-0.07642,0.78597
12780,9.77932,0.31940,0.31929
12781,9.95235,0.32448,0.32355
12782,-11.89350,0.00268,0.01585
12783,-11.69593,0.00180,0.01224
12784,-10.96387,0.00724,0.02890
12785,-10.85601,0.00623,0.02671
12786,11.47659,0.38114,0.39560
12787,11.51878,0.38113,0.39382
12788,11.91131,0.38815,0.40913
12789,11.29067,0.37621,0.38328
12790,11.80987,0.38545,0.40123
12791,3.92372,0.21570,0.24464
12792,3.66591,0.21179,0.23833
12793,4.36447,0.22665,0.25212
12794,-14.92983,0.06210,0.87429
12795,-11.94536,0.07846,0.85607
12796,-10.85827,0.08458,0.84790
12797,-10.75216,0.08551,0.84950
12798,-8.72485,0.09877,0.83438
12799,3.44842,0.11288,0.71623
12800,3.73778,0.12251,0.71259
12801,3.51589,0.11722,0.72372
12802,4.06686,0.13222,0.70298
12803,-8.75769,0.01179,0.89499
12804,-7.05789,0.01833,0.86712
12805,-9.68503,0.01214,0.89882
12806,13.48328,0.33015,0.50007
12807,13.34583,0.32297,0.50678
12808,13.57701,0.33606,0.49566
12809,13.58288,0.33581,0.47688
12810,-3.15463,-0.21473,0.21667
12811,-3.68468,-0.22468,0.22417
12812,-2.81199,-0.20830,0.21120
12813,-4.25546,-0.23572,0.23330
12814,-17.03022,0.04321,0.90534
12815,-14.06045,0.05759,0.88831
12816,-13.73555,0.06058,0.88445
12817,-12.47479,0.06512,0.88024
12818,-10.63064,0.07858,0.86553
12819,1.41501,0.04350,0.64215
12820,1.60815,0.04943,0.65443
12821,1.04254,0.03196,0.65318
12822,1.68115,0.05188,0.63074
12823,1.92569,0.05940,0.64075
12824,-1.84912,-0.07819,0.29797
12825,-1.96916,-0.08008,0.31281
12826,-2.14598,-0.08840,0.30816
12827,-1.62494,-0.07072,0.28830
12828,5.61441,0.24074,0.70921
12829,4.51383,0.22567,0.72201
12830,4.01161,0.21994,0.72911
12831,4.20025,0.22080,0.72469
12832,2.48788,0.20079,0.74446
12833,-6.02238,-0.24985,0.70775
12834,-7.17821,-0.26752,0.69202
12835,-5.81528,-0.24721,0.71147
12836,-5.34352,-0.23957,0.71579
12837,-6.95509,-0.26318,0.69429
12838,0.50035,0.01519,0.23433
12839,0.67908,0.01841,0.24695
12840,0.54428,0.01773,0.22814
12841,0.44210,0.01272,0.24029
12842,0.69132,0.01696,0.26178
12843,-2.02847,-0.04823,0.27004
12844,-1.69370,-0.04354,0.25596
12845,-1.53345,-0.04403,0.24105
12846,-2.39653,-0.05156,0.29468
12847,-1.99511,-0.04556,0.27768
12848,-12.74166,0.00771,0.03261
12849,-11.71036,0.01134,0.04165
12850,-11.16657,0.01464,0.04799
12851,-13.70586,0.00445,0.02341
12852,-1.08843,-0.14548,0.19495
12853,-0.54583,-0.13323,0.18477
12854,-2.14117,-0.16486,0.21636
12855,-8.67418,-0.31782,0.37456
12856,-8.51997,-0.31570,0.36441
12857,-9.09144,-0.32700,0.38982
12858,-9.05231,-0.32767,0.38188
12859,6.20935,-0.05034,0.89125
12860,5.60232,-0.05008,0.88988
12861,7.23964,-0.03956,0.90472
12862,5.26259,-0.06062,0.87932
12863,4.46268,-0.06342,0.87444
12864,3.84284,0.12804,0.49168
12865,4.07598,0.13489,0.50425
12866,3.62333,0.11957,0.50616
12867,4.01646,0.13476,0.48157
12868,4.22230,0.14084,0.49197
12869,13.65934,0.34351,0.49850
12870,13.73825,0.34910,0.48679
12871,13.71374,0.34686,0.47586
12872,13.44455,0.33767,0.52088
12873,13.67035,0.34717,0.50421
12874,-0.25247,-0.07335,0.18126
12875,-0.25922,-0.07715,0.18114
12876,0.23192,-0.06640,0.16573
12877,-0.56555,-0.07782,0.19228
12878,-0.69057,-0.08378,0.19552
12879,13.25389,-0.06419,0.88036
12880,-6.34422,0.06733,0.09925
12881,-6.03505,0.07150,0.10293
12882,-4.84308,0.08607,0.11562
12883,-7.44667,0.05469,0.08746
12884,-7.68046,0.05265,0.08544
12885,-1.55082,0.01570,0.09491
12886,-1.85694,0.01382,0.08524
12887,-1.72540,0.01703,0.09407
12888,-2.14413,0.01048,0.07265
12889,-2.13747,0.01359,0.08048
12890,-1.79123,-0.07070,0.32575
12891,-1.58410,-0.06206,0.32898
12892,-1.74172,-0.07079,0.31218
12893,-1.51619,-0.06128,0.31412
12894,-2.18870,-0.06784,0.67833
12895,-2.45569,-0.07634,0.67921
12896,-2.55372,-0.07922,0.66934
12897,4.14238,0.21295,0.22397
12898,3.33884,0.19913,0.21297
12899,4.15936,0.21115,0.22410
12900,2.97487,0.19191,0.20805
12901,-1.27361,-0.02403,0.61880
12902,-1.01324,-0.02092,0.64500
12903,-1.09208,-0.02050,0.61813
12904,-1.53929,-0.02800,0.60338
12905,-1.37060,-0.02693,0.63033
12906,13.95250,-0.06607,0.87433
12907,14.81123,-0.06085,0.88112
12908,13.54238,-0.06877,0.87057
12909,-0.00768,-0.00042,0.39051
12910,-0.28817,-0.01038,0.39769
12911,-0.24494,-0.00905,0.37885
12912,0.33250,0.01179,0.39251
12913,0.05641,0.00189,0.40414
12914,-0.12506,0.03462,0.17192
12915,-0.53633,0.02955,0.15857
12916,0.24441,0.03920,0.18353
12917,-7.28537,-0.24822,0.47540
12918,-6.99889,-0.23865,0.47325
12919,-7.25629,-0.24548,0.48674
12920,-7.16653,-0.24618,0.46271
12921,3.03778,0.09701,0.70623
12922,2.76495,0.08789,0.70646
12923,2.98311,0.09407,0.69414
12924,2.40783,0.07663,0.71342
12925,2.61764,0.08248,0.69985
12926,11.47653,-0.01777,0.04521
12927,12.23827,-0.01359,0.03859
12928,12.79399,-0.01010,0.03236
12929,10.94499,-0.02214,0.05137
12930,0.58178,0.02419,0.29912
12931,0.41329,0.01752,0.29212
12932,0.51856,0.02254,0.28491
12933,0.22722,0.00955,0.29270
12934,0.32418,0.01442,0.27789
12935,3.33368,-0.02371,0.10412
12936,3.65166,-0.02008,0.09602
12937,2.74063,-0.02630,0.11402
12938,-5.05092,0.00240,0.02355
12939,-5.22028,0.00286,0.02535
12940,-4.73253,0.00494,0.03578
12941,-5.56531,0.00100,0.01318
12942,-0.47953,0.14741,0.16599
12943,-1.49066,0.13279,0.15428
12944,-1.65035,0.12998,0.15244
12945,0.54661,0.16339,0.17831
12946,-0.23351,0.15187,0.16898
12947,-1.51547,0.12378,0.82138
12948,0.30918,0.14958,0.79878
12949,-1.26790,0.13002,0.81653
12950,2.14995,-0.01081,0.09588
12951,1.63087,-0.01361,0.11251
12952,2.61480,-0.00923,0.08456
12953,1.87775,-0.01382,0.10848
12954,-7.15654,-0.13272,0.54821
12955,-6.80504,-0.12876,0.57040
12956,-7.39852,-0.13817,0.54822
12957,1.47639,0.14212,0.18973
12958,0.66809,0.13065,0.17938
12959,1.98691,0.14726,0.19659
12960,1.54852,0.14476,0.19050
12961,0.39708,0.12904,0.17593
12962,-9.63232,-0.19328,0.42340
12963,-9.80867,-0.19415,0.44572
12964,-9.50804,-0.18784,0.43447
12965,-9.73850,-0.19790,0.41691
12966,-9.87000,-0.19781,0.43405
12967,1.98499,0.12498,0.20002
12968,4.18481,0.15476,0.23377
12969,2.96493,0.14043,0.21387
12970,-0.37725,0.00355,0.09209
12971,-0.54178,0.00441,0.08759
12972,-0.40516,0.00528,0.10242
12973,-0.47800,0.00289,0.07846
12974,2.36140,0.04191,0.57889
12975,2.50409,0.04508,0.58627
12976,2.67595,0.04682,0.56607
12977,0.13437,-0.00165,0.10186
12978,0.06622,-0.00060,0.09327
12979,-0.00421,0.00009,0.10255
12980,0.06836,-0.00042,0.08016
12981,-0.08197,0.00074,0.09154
12982,5.56119,0.21071,0.72339
12983,5.12360,0.20480,0.73319
12984,4.66043,0.19263,0.74180
12985,6.21889,0.22463,0.70876
12986,5.99764,0.22287,0.71543
12987,4.41810,0.13368,0.25056
12988,5.17269,0.14124,0.26795
12989,5.35491,0.14652,0.26914
12990,3.50954,0.12189,0.23321
12991,4.33218,0.12967,0.25098
12992,-13.84990,-0.38127,0.49860
12993,-13.83790,-0.38415,0.49681
12994,-13.83900,-0.38780,0.48522
12995,-13.78699,-0.38447,0.50626
12996,10.45434,0.33977,0.55152
12997,10.23336,0.33245,0.55929
12998,10.27189,0.33508,0.54586
12999,10.58870,0.34281,0.55857
13000,10.31766,0.33401,0.56903
13001,4.69339,-0.04804,0.11072
13002,-6.59161,-0.11737,0.48311
13003,-6.80766,-0.12221,0.46418
13004,-6.88841,-0.12332,0.48722
13005,-6.33279,-0.11234,0.48017
13006,-6.48180,-0.11586,0.46126
13007,-6.67706,-0.23692,0.26220
13008,-7.21810,-0.24368,0.27133
13009,-6.59036,-0.23785,0.26048
13010,-7.64632,-0.25282,0.27831
13011,1.30372,-0.00134,0.03610
13012,1.44135,-0.00210,0.04293
13013,1.46709,-0.00062,0.02263
13014,-3.66791,-0.19642,0.25043
13015,-4.08890,-0.20480,0.26122
13016,-4.17328,-0.20911,0.26094
13017,-3.43465,-0.18862,0.24694
13018,-4.92834,0.08175,0.11688
13019,-4.81160,0.08360,0.11808
13020,-6.07855,0.06948,0.10518
13021,-4.11210,0.09221,0.12535
13022,-5.39872,0.07735,0.11202
13023,-4.53364,-0.15169,0.48959
13024,-4.25507,-0.14188,0.49333
13025,-4.87418,-0.16362,0.48627
13026,-0.15621,-0.00488,0.66126
13027,0.24181,0.00735,0.65364
13028,0.29548,0.00900,0.66770
13029,-0.56627,-0.01746,0.65480
13030,-0.17011,-0.00533,0.64753
13031,1.66436,0.03008,0.37324
13032,1.92855,0.03429,0.38738
13033,1.90051,0.03488,0.36225
13034,1.45207,0.02592,0.38008
13035,1.69402,0.02953,0.40301
13036,12.12683,0.38889,0.40738
13037,11.86829,0.38392,0.39606
13038,12.16980,0.38821,0.40545
13039,12.09452,-0.07320,0.86977
13040,9.26292,-0.09189,0.85066
13041,9.85666,-0.08623,0.85697
13042,13.98761,-0.06338,0.87971
13043,9.95045,-0.08814,0.85348
13044,-14.15404,0.05071,0.89733
13045,2.23904,0.07423,0.49142
13046,1.87043,0.06195,0.49126
13047,1.94416,0.06496,0.47811
13048,1.62634,0.05358,0.49905
13049,1.46961,0.04885,0.48397
13050,-1.56698,-0.05556,0.76490
13051,-1.85804,-0.06428,0.75617
13052,-1.73289,-0.05846,0.75004
13053,-2.13199,-0.07390,0.75390
13054,-2.09822,-0.06977,0.74116
13055,-13.51139,-0.35041,0.44077
13056,-13.64392,-0.35500,0.44999
13057,-13.70156,-0.35140,0.46104
13058,-13.26578,-0.34823,0.42418
13059,-13.37172,-0.35296,0.42848
13060,8.96110,0.30113,0.66420
13061,8.15914,0.28604,0.67946
13062,9.07992,0.30312,0.66199
13063,8.22442,0.28720,0.67825
13064,1.28825,0.08126,0.19777
13065,1.75561,0.08468,0.20776
13066,2.23549,0.09142,0.21690
13067,1.82321,0.08336,0.21002
13068,2.55244,0.09300,0.22489
13069,1.33809,0.14358,0.20117
13070,1.58829,0.14676,0.20691
13071,1.07259,0.13602,0.19615
13072,1.67595,0.15269,0.20759
13073,2.10631,0.15915,0.21738
13074,-8.60156,-0.22394,0.63474
13075,-9.55856,-0.23524,0.61455
13076,-9.47476,-0.23754,0.61939
13077,-8.32819,-0.21769,0.63783
13078,-6.96361,0.06366,0.09645
13079,-5.77632,0.07692,0.10830
13080,-7.13367,0.06178,0.09451
13081,-6.84648,0.06486,0.09777
13082,-5.66145,0.07817,0.10962
13083,-2.03102,0.10157,0.76982
13084,-3.08516,0.09135,0.78091
13085,-5.21365,0.08089,0.80132
13086,0.49283,0.12002,0.74210
13087,-0.72490,0.10849,0.75572
13088,-11.78138,-0.25203,0.50301
13089,-11.62103,-0.24651,0.50375
13090,-11.81339,-0.25194,0.48065
13091,-11.61936,-0.24979,0.52112
13092,-11.37738,-0.24245,0.52636
13093,11.26447,0.37914,0.40969
13094,10.93275,0.37299,0.39921
13095,2.46185,0.11562,0.71131
13096,1.05968,0.10204,0.73132
13097,0.34842,0.10034,0.74112
13098,-4.13819,-0.13054,0.61101
13099,-4.03269,-0.12676,0.62446
13100,-4.23687,-0.13326,0.63105
13101,-4.46457,-0.14090,0.61912
13102,-2.65724,0.04852,0.11386
13103,-2.85757,0.04841,0.11155
13104,-2.23618,0.05711,0.12410
13105,-3.10655,0.04056,0.10319
13106,-3.39455,0.03997,0.09991
13107,7.08597,0.28335,0.32112
13108,7.53398,0.29293,0.33520
13109,6.95958,0.27866,0.32183
13110,7.13475,0.28598,0.31886
13111,7.69485,0.29815,0.33549
13112,4.82912,0.22007,0.73711
13113,4.41806,0.21556,0.74236
13114,3.37651,0.19725,0.75785
13115,5.76982,0.23585,0.72224
13116,5.69719,0.23656,0.72306
13117,-0.90848,-0.03465,0.21788
13118,-0.91754,-0.03302,0.22125
13119,-1.34328,-0.04055,0.23676
13120,-1.24205,-0.03697,0.23747
13121,-0.78454,-0.01431,0.60357
13122,-0.63163,-0.01238,0.62993
13123,-0.54230,-0.00989,0.60360
13124,-1.02414,-0.01826,0.59023
13125,-0.93242,-0.01767,0.61546
13126,-1.49144,-0.02813,0.61591
13127,0.85131,0.05212,0.72225
13128,1.97652,0.06097,0.69116
13129,-0.21588,0.04432,0.74917
13130,-0.11446,0.04796,0.74661
13131,9.12655,-0.05940,0.88708
13132,9.68159,-0.05956,0.88731
13133,7.30907,-0.07497,0.87054
13134,10.69964,-0.04746,0.90086
13135,12.07612,-0.04287,0.90683
13136,-3.10377,-0.16731,0.24953
13137,-3.03629,-0.16290,0.25002
13138,-3.52317,-0.17613,0.26166
13139,2.37671,-0.03065,0.12284
13140,1.51820,-0.03757,0.14049
13141,1.79841,-0.03327,0.13340
13142,2.07523,-0.03496,0.13026
13143,-0.85154,0.16345,0.78624
13144,-2.86819,0.14295,0.80427
13145,-1.79918,0.15265,0.79642
13146,-1.48743,0.15730,0.79090
13147,-4.02945,-0.19437,0.22234
13148,-3.38205,-0.18629,0.21332
13149,-4.40375,-0.20200,0.22746
13150,-2.13951,-0.16782,0.19695
13151,-3.13861,0.04736,0.12531
13152,-1.85437,0.05917,0.14443
13153,-11.49668,-0.32886,0.35768
13154,-12.05753,-0.33829,0.37384
13155,-11.89736,-0.33208,0.36940
13156,-11.07303,-0.32449,0.34650
13157,-11.66376,-0.33444,0.36212
13158,-8.77645,0.02108,0.93153
13159,-10.46669,0.01336,0.94724
13160,-9.24346,0.01549,0.94159
13161,-8.55591,0.02588,0.92418
13162,-10.03867,0.01832,0.93777
13163,19.28490,-0.03802,0.89625
13164,17.83529,-0.04262,0.88796
13165,14.93633,-0.05534,0.86996
13166,24.36297,-0.02229,0.92428
13167,21.97583,-0.02795,0.91230
13168,13.15656,0.34494,0.41978
13169,13.34861,0.34961,0.42988
13170,13.09169,0.34849,0.41469
13171,13.26229,0.34212,0.42802
13172,13.44584,0.34764,0.43838
13173,-7.09546,0.03284,0.84321
13174,-4.88209,0.04194,0.81631
13175,-6.38631,0.03274,0.83845
13176,-6.04496,0.03965,0.82838
13177,-2.95398,-0.15348,0.21095
13178,-1.87622,-0.13998,0.19580
13179,-2.93701,-0.15540,0.21030
13180,-3.68947,-0.16135,0.22206
13181,-2.22801,-0.14193,0.20096
13182,0.75416,-0.07332,0.16126
13183,-0.41928,-0.08511,0.17974
13184,0.19499,-0.07665,0.16990
13185,0.14452,-0.08159,0.17069
13186,9.08674,0.32785,0.38506
13187,9.52232,0.33754,0.40044
13188,8.66311,0.31824,0.37115
13189,8.91137,0.32515,0.37408
13190,-7.78280,-0.30807,0.30298
13191,-7.74489,-0.30712,0.30064
13192,-7.17230,-0.29527,0.29001
13193,-8.38833,-0.32066,0.31535
13194,-0.12831,0.13809,0.17222
13195,0.29838,0.14427,0.17909
13196,-0.64744,0.12733,0.16406
13197,0.30036,0.14746,0.17893
13198,0.76780,0.15485,0.18656
13199,3.65675,-0.09207,0.12953
13200,2.53215,-0.10603,0.14170
13201,4.85941,-0.07848,0.11690
13202,-1.09010,0.02286,0.88633
13203,-0.89528,0.02036,0.88547
13204,-1.57173,0.02022,0.89803
13205,-1.27928,0.01728,0.89793
13206,-11.35275,-0.26187,0.56839
13207,-11.64730,-0.26471,0.55450
13208,-10.52861,-0.24811,0.59111
13209,-11.14745,-0.25537,0.57036
13210,6.25116,0.11916,0.38425
13211,6.45961,0.12043,0.40501
13212,6.63432,0.12575,0.39405
13213,5.88458,0.11416,0.36730
13214,6.01467,0.11370,0.38548
13215,0.25937,-0.15443,0.16916
13216,0.30624,-0.15382,0.16871
13217,13.16003,0.39318,0.43374
13218,12.93940,0.39163,0.42375
13219,12.94010,0.38940,0.42062
13220,13.21883,0.39552,0.44016
13221,11.59848,0.35963,0.36606
13222,11.88036,0.36224,0.37317
13223,12.10180,0.36841,0.38129
13224,11.10854,0.35202,0.35319
13225,11.15818,0.35053,0.35330
13226,-13.20612,-0.31174,0.48879
13227,-13.30144,-0.31793,0.47379
13228,-13.28003,-0.31642,0.49486
13229,-13.13137,-0.30775,0.48331
13230,-13.19473,-0.31295,0.46668
13231,5.32104,-0.00047,0.01264
13232,4.62290,-0.00163,0.02912
13233,4.58714,-0.00070,0.01774
13234,9.53080,0.34430,0.36279
13235,9.90274,0.35193,0.37595
13236,9.48960,0.34298,0.36562
13237,9.61092,0.34626,0.36205
13238,9.88169,0.35179,0.37191
13239,0.35809,0.16428,0.17698
13240,-0.13527,0.15608,0.17074
13241,0.99214,0.17464,0.18490
13242,-0.74313,0.14648,0.16338
13243,-9.03530,-0.31176,0.45056
13244,-9.16855,-0.31728,0.44425
13245,-8.82624,-0.30832,0.43411
13246,-9.15494,-0.31315,0.46357
13247,-9.36024,-0.32019,0.46093
13248,10.18915,-0.07289,0.83804
13249,12.75443,-0.05886,0.85631
13250,0.49395,0.11961,0.18449
13251,-0.12136,0.10700,0.17173
13252,-0.02230,0.11195,0.17385
13253,1.02222,0.12794,0.19612
13254,0.35443,0.11393,0.18168
13255,-8.90063,-0.30606,0.45744
13256,-8.73148,-0.30343,0.44288
13257,-8.58644,-0.29726,0.44922
13258,12.03719,0.38300,0.52239
13259,11.94933,0.38323,0.50997
13260,12.07306,0.38664,0.50400
13261,11.79162,0.38050,0.50638
13262,11.90406,0.38494,0.49221
13263,1.25772,0.03614,0.24134
13264,1.46462,0.04026,0.24717
13265,1.09802,0.03660,0.22751
13266,1.77074,0.04464,0.26028
13267,1.39780,0.04155,0.23838
13268,-1.17660,0.02317,0.78227
13269,-1.15872,0.02685,0.77778
13270,-1.11598,0.02022,0.78525
13271,-2.23372,0.01652,0.81827
13272,-3.03498,-0.06879,0.28576
13273,-2.72004,-0.06658,0.26887
13274,-3.18374,-0.07283,0.28448
13275,-2.88534,-0.06522,0.28599
13276,-2.44477,-0.06122,0.26378
13277,5.12417,0.16597,0.55141
13278,5.38446,0.17392,0.56005
13279,4.93795,0.15855,0.56960
13280,5.55244,0.18062,0.54602
13281,1.17444,-0.03112,0.14323
13282,0.51117,-0.03739,0.16074
13283,0.59264,-0.03422,0.15783
13284,1.81867,-0.02741,0.12849
13285,1.08206,-0.03403,0.14675
13286,-4.20631,-0.21500,0.74423
13287,-4.48855,-0.22068,0.73963
13288,-5.42067,-0.23460,0.72668
13289,-3.23177,-0.19921,0.75786
13290,-3.19454,-0.20108,0.75691
13291,13.04405,0.31181,0.44584
13292,13.14850,0.31097,0.46576
13293,12.83413,0.30716,0.43216
13294,13.01336,0.30638,0.45411
13295,0.86475,0.03172,0.37036
13296,0.84869,0.03068,0.38294
13297,0.57194,0.02072,0.37861
13298,-3.51117,0.08489,0.13050
13299,-3.61575,0.08502,0.12956
13300,-4.97641,0.07021,0.11491
13301,-2.21759,0.09877,0.14487
13302,-2.11072,0.10192,0.14624
13303,11.19350,0.28510,0.59623
13304,11.93965,0.29754,0.57594
13305,10.44847,0.27404,0.61371
13306,-7.04448,-0.23815,0.68068
13307,-6.80879,-0.23001,0.68349
13308,-6.49650,-0.22504,0.69630
13309,9.26123,0.22697,0.33408
13310,8.99840,0.22629,0.32471
13311,8.49397,0.21721,0.31442
13312,9.93396,0.23525,0.35395
13313,9.79793,0.23802,0.34493
13314,3.69534,0.13056,0.41245
13315,3.99210,0.14130,0.41201
13316,4.00403,0.13998,0.42570
13317,-4.11390,-0.07283,0.41083
13318,-3.90167,-0.06867,0.41498
13319,-3.79099,-0.06809,0.39270
13320,-4.37184,-0.07652,0.42965
13321,-4.09628,-0.07139,0.43119
13322,3.86493,0.22671,0.23229
13323,4.52446,0.24024,0.24282
13324,4.69793,0.24342,0.24657
13325,-1.27486,-0.17735,0.18764
13326,-1.93751,-0.18884,0.19630
13327,-2.38563,-0.19584,0.20197
13328,6.13290,-0.04626,0.09844
13329,7.45074,-0.03555,0.08404
13330,13.01648,-0.00852,0.02912
13331,13.82658,-0.00555,0.02260
13332,14.25281,-0.00395,0.01820
13333,-7.91016,0.04863,0.89632
13334,-8.54937,0.04890,0.89696
13335,-10.16328,0.03652,0.91269
13336,-6.48996,0.06176,0.88110
13337,3.81425,-0.04578,0.88734
13338,2.79285,-0.05747,0.87178
13339,2.58637,-0.05317,0.87397
13340,4.92626,-0.04018,0.89764
13341,3.88505,-0.05050,0.88332
13342,-3.13233,-0.10161,0.53341
13343,-3.05346,-0.09984,0.51865
13344,-2.61177,-0.08491,0.52727
13345,-3.47226,-0.11255,0.53756
13346,-3.54136,-0.11560,0.52491
13347,9.84043,0.32590,0.51605
13348,9.74955,0.32553,0.49998
13349,10.02643,0.33322,0.50514
13350,16.31606,-0.00127,0.00883
13351,15.70965,-0.00265,0.01409
13352,-13.61947,0.00783,0.03118
13353,-14.61383,0.00473,0.02261
13354,-11.86235,0.01528,0.04652
13355,-12.90380,0.01067,0.03724
13356,8.34443,0.27075,0.61847
13357,7.98671,0.25950,0.63093
13358,8.04575,0.26084,0.62055
13359,7.72598,0.25213,0.64427
13360,-6.77086,-0.23325,0.68105
13361,-8.02665,-0.24751,0.66200
13362,-5.07738,-0.21200,0.70278
13363,-6.38869,-0.22497,0.68494
13364,-0.02850,-0.00852,0.18032
13365,0.01670,-0.00815,0.16785
13366,-0.00334,-0.00419,0.17498
13367,-6.62315,-0.20646,0.26825
13368,-7.59683,-0.21946,0.28657
13369,12.55054,0.38143,0.55591
13370,12.80514,0.38804,0.54105
13371,12.60940,0.38070,0.55750
13372,12.45892,0.38109,0.55585
13373,12.71770,0.38830,0.53951
13374,-0.04586,0.00034,0.10850
13375,-0.11789,0.00053,0.09126
13376,-0.29380,0.00091,0.08092
13377,1.54384,0.07851,0.20512
13378,0.66177,0.07022,0.18645
13379,1.98421,0.08145,0.21577
13380,2.22471,0.08601,0.22000
13381,2.67151,-0.07120,0.77956
13382,0.69726,-0.08573,0.75431
13383,2.90246,-0.07316,0.78143
13384,-0.52429,-0.08702,0.18906
13385,-0.22781,-0.07861,0.18033
13386,-0.69937,-0.08702,0.19529
13387,-0.35480,-0.08652,0.18369
13388,-0.00240,-0.07798,0.17357
13389,-5.06134,-0.08956,0.55028
13390,-4.63994,-0.08430,0.57789
13391,-4.69372,-0.08283,0.55433
13392,-5.41828,-0.09593,0.54308
13393,-5.06790,-0.09145,0.56897
13394,13.19588,0.35965,0.41787
13395,12.89002,0.35460,0.40387
13396,13.19695,0.35645,0.41819
13397,12.99379,0.35976,0.40780
13398,4.70420,0.22817,0.73340
13399,3.13521,0.20591,0.75284
13400,6.08562,0.24985,0.71393
13401,-4.08491,0.07341,0.86514
13402,-5.15039,0.06030,0.87927
13403,-3.68546,0.07226,0.86462
13404,-4.47836,0.07453,0.86547
13405,-5.92895,0.05900,0.88243
13406,-8.64394,-0.29922,0.29650
13407,-9.56168,-0.31578,0.31439
13408,-9.25063,-0.30807,0.30781
13409,-8.02411,-0.28947,0.28554
13410,-8.68901,-0.30241,0.29782
13411,3.40276,-0.02390,0.08363
13412,3.69123,-0.02314,0.08018
13413,3.92375,-0.01873,0.07205
13414,3.05315,-0.02910,0.09327
13415,-0.52487,-0.06953,0.18354
13416,-1.49797,-0.07871,0.20356
13417,0.46362,-0.06038,0.16471
13418,5.41592,0.18361,0.47302
13419,5.21981,0.17875,0.45760
13420,5.67905,0.19405,0.46313
13421,5.23582,0.17610,0.48420
13422,4.97852,0.16886,0.47004
13423,-1.26786,-0.03988,0.58398
13424,-0.86942,-0.02743,0.57749
13425,-0.79834,-0.02503,0.59182
13426,-1.64716,-0.05197,0.57822
13427,-1.37937,-0.04370,0.56950
13428,10.22229,0.27556,0.33463
13429,10.81109,0.28286,0.35028
13430,9.58478,0.26575,0.32004
13431,-0.05935,-0.00330,0.24566
13432,-0.07526,-0.00384,0.25773
13433,-0.20426,-0.01045,0.25320
13434,0.00029,-0.00012,0.26927
13435,-0.17402,-0.00827,0.26728
13436,-4.29545,-0.07438,0.44712
13437,-7.95266,-0.14981,0.43280
13438,-7.75483,-0.14439,0.44065
13439,-7.61159,-0.14359,0.42073
13440,-0.14717,0.00233,0.89747
13441,-0.08380,0.00089,0.90775
13442,0.05170,-0.00087,0.89697
13443,-0.34140,0.00507,0.89879
13444,-0.29188,0.00280,0.90989
13445,8.05617,0.14825,0.48776
13446,8.14081,0.15088,0.46355
13447,7.86069,0.14420,0.47283
13448,8.15964,0.15076,0.50116
13449,8.35545,0.15510,0.47880
13450,-4.52093,-0.14253,0.63178
13451,-4.19126,-0.13170,0.64322
13452,2.40982,0.08052,0.47998
13453,2.19826,0.07401,0.46811
13454,2.54864,0.08594,0.46709
13455,0.64140,0.05642,0.19013
13456,0.32873,0.05542,0.18207
13457,0.31489,-0.03926,0.85629
13458,-0.01630,-0.03948,0.84735
13459,0.69292,-0.03816,0.86492
13460,0.30025,-0.04453,0.85339
13461,5.95389,-0.09836,0.84838
13462,4.42215,-0.11032,0.83708
13463,5.87673,-0.09609,0.85043
13464,5.58414,-0.10447,0.84262
13465,4.08256,0.07744,0.60540
13466,4.08853,0.07527,0.59122
13467,3.49274,0.06935,0.62391
13468,-6.14807,-0.25247,0.31470
13469,-5.74618,-0.24149,0.30600
13470,-6.16629,-0.25072,0.31938
13471,3.88097,0.16736,0.29641
13472,4.06061,0.17430,0.29828
13473,4.26902,0.17716,0.31049
13474,3.58523,0.16184,0.28290
13475,-7.90284,-0.27463,0.28186
13476,-7.13869,-0.26051,0.26886
13477,-7.19042,-0.26355,0.26987
13478,-8.75874,-0.28812,0.29723
13479,-8.08390,-0.27523,0.28492
13480,-6.37788,-0.13474,0.33478
13481,-6.70461,-0.14130,0.33990
13482,-6.93827,-0.14211,0.35478
13483,-5.76266,-0.12665,0.31507
13484,-6.00864,-0.13265,0.31651
13485,14.51854,-0.00612,0.02345
13486,13.23390,-0.01215,0.03560
13487,14.73718,-0.00595,0.02318
13488,14.37470,-0.00615,0.02345
13489,13.18091,-0.01198,0.03527
13490,3.92736,0.15528,0.33061
13491,4.14406,0.15976,0.34487
13492,3.78156,0.14797,0.33555
13493,4.06641,0.16202,0.32731
13494,4.26608,0.16607,0.33976
13495,-26.60435,0.01796,0.93606
13496,-23.99969,0.02456,0.92273
13497,-29.99660,0.00994,0.95415
13498,-23.95899,0.02587,0.92187
13499,-20.37292,0.03701,0.90280
13500,-14.14934,0.00168,0.01338
13501,-13.19442,0.00427,0.02387
13502,-14.40276,0.00151,0.01219
13503,-14.09523,0.00226,0.01626
13504,-12.49669,0.00612,0.03039
13505,-6.58761,-0.26738,0.26215
13506,-7.25922,-0.27844,0.27298
13507,-6.52344,-0.26455,0.26068
13508,-6.68848,-0.27099,0.26436
13509,-7.61291,-0.28650,0.27942
13510,-4.35424,0.00714,0.88468
13511,-3.28265,0.00782,0.86800
13512,-4.64080,0.00412,0.90920
13513,-3.70824,0.01113,0.85835
13514,-2.90886,0.01139,0.84567
13515,5.20366,0.19189,0.72546
13516,5.00350,0.19046,0.73175
13517,0.22623,-0.04554,0.16981
13518,-0.24958,-0.05151,0.18126
13519,-0.55601,-0.05264,0.18941
13520,1.00839,-0.03893,0.15150
13521,0.54508,-0.04443,0.16246
13522,3.67030,0.09883,0.25886
13523,3.09917,0.09095,0.24573
13524,3.57076,0.09547,0.25934
13525,3.39145,0.09788,0.24891
13526,4.72941,-0.05168,0.11192
13527,5.80840,-0.04395,0.09994
13528,3.96013,-0.06007,0.12152
13529,5.18126,-0.04666,0.10610
13530,6.16716,-0.03963,0.09511
13531,10.38554,-0.02956,0.06042
13532,10.02215,-0.03217,0.06359
13533,8.93245,-0.04202,0.07447
13534,11.64033,-0.02045,0.04862
13535,11.09039,-0.02407,0.05351
13536,-12.01210,0.01632,0.04274
13537,-13.01751,0.01103,0.03386
13538,-12.01162,0.01698,0.04379
13539,-14.39819,0.00516,0.02142
13540,-13.51462,0.00916,0.03046
13541,3.99853,0.17034,0.30050
13542,3.94420,0.17155,0.29389
13543,4.29549,0.17968,0.30745
13544,0.15014,0.02761,0.18159
13545,-0.21724,0.02578,0.16630
13546,-0.37355,0.02225,0.15898
13547,2.37042,-0.08175,0.13335
13548,2.18597,-0.08255,0.13572
13549,1.52632,-0.09446,0.14732
13550,3.26427,-0.06899,0.11920
13551,2.87377,-0.07214,0.12433
13552,3.16548,0.14559,0.21628
13553,-4.88734,-0.23219,0.27010
13554,-5.05878,-0.23403,0.27644
13555,10.98648,0.35210,0.35116
13556,11.67643,0.36328,0.36936
13557,10.40307,0.33991,0.33611
13558,-7.42029,0.02008,0.07111
13559,-8.38919,0.01583,0.06087
13560,-6.28202,0.02735,0.08547
13561,-6.87622,0.02441,0.07896
13562,2.83231,0.06899,0.26883
13563,2.85908,0.06705,0.27622
13564,3.23289,0.07213,0.28961
13565,2.70107,0.06358,0.27422
13566,3.14308,0.06892,0.29297
13567,-9.04347,0.03493,0.91323
13568,-9.92818,0.02668,0.92509
13569,-11.69501,0.01732,0.94126
13570,-9.49154,0.02459,0.92734
13571,-15.58225,0.00164,0.00983
13572,-15.46276,0.00203,0.01210
13573,-14.62875,0.00355,0.01704
13574,12.38335,0.36585,0.57877
13575,12.40784,0.36417,0.57904
13576,11.87538,0.35274,0.59694
13577,12.81514,0.37500,0.56150
13578,-0.69565,0.02212,0.12962
13579,-0.54823,0.02670,0.14033
13580,-0.46183,0.02466,0.14233
13581,-0.94870,0.02011,0.11799
13582,-0.79000,0.02441,0.12886
13583,-8.57729,-0.27869,0.62027
13584,-8.72382,-0.28304,0.60543
13585,-8.35945,-0.27284,0.63579
13586,-0.76348,-0.02540,0.22650
13587,-0.51589,-0.02125,0.21316
13588,-0.46064,-0.02307,0.20432
13589,-1.03387,-0.02796,0.24739
13590,-0.81438,-0.02408,0.23707
13591,13.35991,0.40056,0.49169
13592,13.30734,0.39806,0.50778
13593,13.26509,0.40101,0.49243
13594,13.44456,0.39986,0.49101
13595,13.38920,0.39753,0.50685
13596,-6.76440,-0.24964,0.38093
13597,-7.07625,-0.25887,0.38844
13598,-6.46325,-0.24026,0.37504
13599,-3.16094,0.03851,0.11941
13600,-2.18649,0.04668,0.13535
13601,-2.56202,0.04486,0.12989
13602,-3.62042,0.03307,0.11055
13603,-2.28546,0.04393,0.13267
13604,1.39977,0.16255,0.19852
13605,0.66263,0.14992,0.18566
13606,-10.67841,-0.36758,0.40560
13607,-10.48145,-0.36316,0.40342
13608,-10.89193,-0.37120,0.41918
13609,-10.34359,-0.36102,0.39240
13610,-2.58539,0.00463,0.04695
13611,-2.99928,0.00353,0.03836
13612,-8.24127,0.04342,0.07683
13613,-9.49169,0.03214,0.06423
13614,-8.50572,0.04176,0.07491
13615,-7.81720,0.04668,0.08045
13616,-9.27870,0.03291,0.06533
13617,1.64903,0.18672,0.19432
13618,2.33355,0.19869,0.20338
13619,2.87048,0.20867,0.21127
13620,0.56017,0.16792,0.17994
13621,1.18649,0.17852,0.18790
13622,-0.57777,-0.02193,0.34398
13623,-0.35432,-0.01330,0.35210
13624,-0.49537,-0.01929,0.32954
13625,-0.29949,-0.01149,0.33759
13626,13.54601,0.33494,0.49838
13627,13.39401,0.33146,0.51703
13628,13.40019,0.32809,0.51006
13629,-6.95085,-0.24853,0.41141
13630,-6.83106,-0.24757,0.39755
13631,-6.55787,-0.23744,0.39846
13632,-7.30497,-0.25842,0.42347
13633,-7.22141,-0.25870,0.40922
13634,5.38557,0.21419,0.33072
13635,5.22836,0.20712,0.33258
13636,5.53670,0.22097,0.32921
13637,2.10620,-0.07293,0.13322
13638,2.65053,-0.06642,0.12411
13639,2.82163,-0.06135,0.11979
13640,1.42892,-0.08429,0.14610
13641,1.84411,-0.08007,0.13911
13642,-1.28379,0.01616,0.89998
13643,-0.95791,0.02040,0.88684
13644,-1.61784,0.01258,0.91288
13645,-8.19246,-0.27903,0.47603
13646,-7.93861,-0.27066,0.47462
13647,-8.24253,-0.28279,0.46443
13648,-7.92042,-0.27238,0.46134
13649,-9.38245,0.00940,0.03582
13650,-9.11518,0.01006,0.03790
13651,-10.21737,0.00539,0.02613
13652,-8.33402,0.01569,0.04857
13653,0.53932,-0.01481,0.88340
13654,0.30881,-0.01352,0.87514
13655,0.46564,-0.01052,0.88831
13656,0.56381,-0.01872,0.87883
13657,0.30417,-0.01890,0.86900
13658,-2.81989,0.10809,0.13915
13659,-1.37754,0.12721,0.15512
13660,-2.41788,0.11409,0.14357
13661,-3.57831,0.09789,0.13099
13662,-2.05667,0.11714,0.14751
13663,9.47070,0.22658,0.34270
13664,9.58683,0.22528,0.34926
13665,10.12671,0.23407,0.36401
13666,-4.21215,0.05398,0.10329
13667,-5.04864,0.04344,0.09045
13668,-4.77687,0.04863,0.09595
13669,-3.78771,0.05761,0.10869
13670,-4.53313,0.04781,0.09690
13671,5.92734,0.24591,0.70614
13672,7.29719,0.26482,0.68684
13673,-11.29259,0.04819,0.90023
13674,3.05342,-0.02206,0.10624
13675,3.47700,-0.01777,0.09525
13676,4.09491,-0.01558,0.08547
13677,2.24945,-0.02793,0.12334
13678,2.32061,-0.02540,0.11982
13679,9.19168,0.17844,0.53349
13680,2.33556,0.05894,0.26025
13681,2.08692,0.05454,0.25422
13682,2.58977,0.06035,0.27586
13683,1.86953,0.05437,0.24034
13684,4.05782,0.08283,0.32270
13685,4.28753,0.08826,0.32129
13686,4.51290,0.08571,0.36015
13687,4.84748,0.09142,0.36960
13688,-9.56754,-0.34531,0.34471
13689,-8.89226,-0.33140,0.32864
13690,-9.33212,-0.34076,0.34156
13691,-9.79249,-0.34951,0.34821
13692,-9.14480,-0.33624,0.33182
13693,0.11382,0.00729,0.19727
13694,0.17614,0.00958,0.20162
13695,0.05588,0.00834,0.18415
13696,0.14779,0.00615,0.21312
13697,0.23701,0.00904,0.21745
13698,-13.18133,-0.35898,0.55254
13699,-12.89855,-0.35513,0.56470
13700,-12.63728,-0.34631,0.57392
13701,-13.55553,-0.36863,0.53207
13702,-6.21113,-0.23234,0.71300
13703,-6.33802,-0.23258,0.70927
13704,-1.58555,0.05025,0.12992
13705,-1.20095,0.05379,0.13879
13706,-2.12316,0.04221,0.11625
13707,-3.09625,0.11130,0.13652
13708,-4.13917,0.09731,0.12524
13709,-5.23621,0.08346,0.11363
13710,-4.61658,0.09106,0.12025
13711,-5.62334,0.02795,0.83910
13712,-3.76149,0.03462,0.81225
13713,-5.39245,0.02599,0.83966
13714,-5.46936,0.03141,0.83334
13715,-4.00452,0.03594,0.81390
13716,8.05485,0.14930,0.46028
13717,7.86136,0.14684,0.43882
13718,7.77236,0.14305,0.45960
13719,8.33219,0.15543,0.46289
13720,8.17450,0.15397,0.43818
13721,5.22830,0.13997,0.66472
13722,5.69260,0.14147,0.65282
13723,4.47599,0.12968,0.67649
13724,6.12246,0.15190,0.64979
13725,6.45141,0.15194,0.63936
13726,-3.38426,-0.12573,0.36673
13727,-3.10337,-0.11516,0.36647
13728,-3.38095,-0.12796,0.35379
13729,-3.09343,-0.11679,0.35439
13730,8.19618,0.27831,0.67099
13731,8.67192,0.29014,0.66013
13732,8.17249,0.27944,0.67366
13733,9.26391,0.30436,0.64403
13734,8.77442,0.29344,0.65958
13735,-1.54692,-0.12646,0.19292
13736,-0.99626,-0.11752,0.18556
13737,0.46458,-0.10419,0.16589
13738,-0.91851,-0.12065,0.18404
13739,-10.33747,0.02400,0.05430
13740,-10.13413,0.02528,0.05620
13741,-11.39133,0.01640,0.04355
13742,-9.30226,0.03298,0.06532
13743,-8.88917,0.03614,0.06925
13744,1.15152,-0.08407,0.15026
13745,0.38675,-0.09001,0.16524
13746,9.93866,0.34895,0.34212
13747,9.29543,0.33619,0.32689
13748,9.66114,0.34245,0.33349
13749,10.20152,0.35507,0.35092
13750,9.56343,0.34239,0.33495
13751,-1.93637,-0.18702,0.74271
13752,-3.16169,-0.19916,0.72898
13753,-4.48098,-0.21574,0.71531
13754,0.79256,-0.15960,0.76870
13755,-1.29033,-0.17862,0.74812
13756,2.88825,0.19569,0.20749
13757,2.52223,0.18742,0.20247
13758,3.45830,0.20372,0.21490
13759,-7.04708,0.00046,0.00749
13760,-6.26570,0.00194,0.01929
13761,-6.35019,0.00070,0.01023
13762,4.30078,0.13840,0.69069
13763,4.62246,0.14867,0.68434
13764,4.41636,0.14331,0.69558
13765,-0.61631,0.07547,0.15791
13766,-0.25026,0.08473,0.16740
13767,-0.99152,0.06671,0.14798
13768,-1.13145,0.06770,0.14569
13769,-3.87760,-0.18635,0.71192
13770,-5.73402,-0.20520,0.68809
13771,-5.51761,-0.20585,0.69214
13772,-2.09424,-0.16666,0.73140
13773,-4.23687,-0.18700,0.70642
13774,-7.09944,-0.25000,0.26816
13775,-6.67935,-0.24546,0.26123
13776,-7.83443,-0.26425,0.28047
13777,-6.40731,-0.23688,0.25711
13778,-5.85806,-0.23028,0.24843
13779,12.52233,0.35130,0.38939
13780,12.48555,0.34731,0.38835
13781,11.96212,0.34489,0.37111
13782,4.19537,-0.03231,0.08665
13783,4.35238,-0.03293,0.08610
13784,1.99664,-0.03179,0.10958
13785,2.49139,-0.02621,0.09636
13786,2.98047,0.19842,0.22527
13787,3.74033,0.21539,0.23861
13788,3.82510,0.21560,0.24144
13789,-5.38308,-0.23573,0.72642
13790,-6.58367,-0.25654,0.70765
13791,6.78977,-0.01309,0.06212
13792,5.51927,-0.01987,0.08049
13793,6.19826,-0.01481,0.06832
13794,7.27348,-0.01185,0.05747
13795,6.05650,-0.01824,0.07490
13796,-0.11873,-0.00402,0.46371
13797,-0.13886,-0.00465,0.47813
13798,-0.48269,-0.01621,0.47124
13799,0.26278,0.00883,0.47031
13800,10.44065,0.35649,0.43971
13801,10.16078,0.35131,0.42456
13802,10.43963,0.35830,0.42901
13803,10.43112,0.35472,0.44838
13804,10.14414,0.34906,0.43432
13805,-5.18528,0.00693,0.05474
13806,-4.26952,0.01151,0.07419
13807,-4.99020,0.00899,0.06251
13808,-5.28552,0.00538,0.04807
13809,-4.34589,0.00954,0.06823
13810,0.27810,-0.01754,0.75860
13811,0.38834,-0.02014,0.76139
13812,0.97978,-0.01507,0.79105
13813,-0.28785,-0.01969,0.72594
13814,-0.32738,-0.02363,0.72600
13815,4.02899,0.08500,0.63613
13816,4.47714,0.09220,0.62758
13817,3.02461,0.07510,0.66793
13818,3.48719,0.08235,0.65865
13819,-2.20181,-0.06111,0.24846
13820,-2.00265,-0.06104,0.23773
13821,-2.66170,-0.06820,0.26098
13822,9.96545,0.32202,0.59025
13823,10.27856,0.33191,0.57747
13824,9.99837,0.32272,0.59857
13825,9.72741,0.31469,0.59365
13826,10.05140,0.32530,0.57723
13827,8.22553,0.22984,0.29859
13828,8.38216,0.22926,0.30318
13829,8.95467,0.23937,0.31455
13830,7.56228,0.21901,0.28602
13831,6.08183,0.17824,0.66829
13832,7.51288,0.19291,0.64284
13833,6.29937,0.17662,0.66239
13834,5.79601,0.17863,0.67444
13835,7.41732,0.19557,0.64730
13836,10.27504,0.35008,0.44942
13837,9.97907,0.34351,0.43817
13838,7.19388,0.13085,0.52288
13839,7.22629,0.13311,0.53985
13840,7.55332,0.13801,0.51324
13841,6.80028,0.12329,0.53330
13842,6.74581,0.12442,0.55367
13843,-0.20182,0.15511,0.17031
13844,0.99571,0.17538,0.18587
13845,-1.28570,0.13765,0.15685
13846,-0.47953,0.15067,0.16675
13847,-10.07654,0.00141,0.01121
13848,-10.20868,0.00153,0.01207
13849,-9.77392,0.00143,0.01160
13850,-7.19598,-0.13045,0.51691
13851,-7.42629,-0.13473,0.49405
13852,-7.58849,-0.13852,0.50814
13853,-6.85135,-0.12364,0.52370
13854,-7.08807,-0.12754,0.49903
13855,-1.95829,-0.06233,0.72039
13856,7.26914,-0.03472,0.08475
13857,7.33300,-0.03309,0.08336
13858,8.37751,-0.02673,0.07262
13859,9.15400,-0.02096,0.06364
13860,7.42922,-0.03123,0.08153
13861,8.67643,-0.02286,0.06778
13862,-3.16904,-0.10020,0.69348
13863,-0.52638,0.03388,0.75825
13864,-0.21402,0.03292,0.74909
13865,-1.43586,0.03137,0.78039
13866,-2.71341,0.02438,0.81090
13867,5.29321,0.23436,0.24057
13868,4.09194,0.21414,0.22340
13869,4.90645,0.22642,0.23483
13870,5.90598,0.24308,0.24963
13871,5.19380,0.22934,0.23887
13872,12.05137,0.37897,0.54524
13873,12.13249,0.37939,0.54925
13874,11.92696,0.37445,0.55648
13875,11.86868,0.37137,0.56566
13876,12.03407,0.37445,0.56301
13877,12.29522,0.38210,0.54729
13878,-2.80706,0.07596,0.12667
13879,-3.67328,0.06465,0.11361
13880,-3.16913,0.07352,0.12209
13881,-2.21512,0.08711,0.13688
13882,-3.71260,0.06212,0.11202
13883,-3.03176,0.06984,0.12190
13884,-13.83991,-0.37115,0.50173
13885,-13.81287,-0.36656,0.50649
13886,-13.88242,-0.37223,0.49051
13887,-13.89179,-0.37014,0.48396
13888,-13.73002,-0.36661,0.51572
13889,-13.53877,-0.35844,0.53084
13890,-10.87998,-0.23104,0.54354
13891,-10.28085,-0.22152,0.56686
13892,-10.40924,-0.22111,0.55782
13893,-10.89943,-0.22920,0.53631
13894,-10.63312,-0.22247,0.54266
13895,12.36683,0.37082,0.38922
13896,12.32744,0.36814,0.38693
13897,12.00150,0.36130,0.37569
13898,-15.64498,0.00241,0.01316
13899,-14.40223,0.00719,0.02633
13900,-15.89978,0.00214,0.01218
13901,-16.18202,0.00194,0.01151
13902,-5.68154,0.00228,0.02166
13903,-7.11634,0.00064,0.00917
13904,8.06020,-0.01968,0.05440
13905,7.64782,-0.02427,0.06107
13906,8.56670,-0.01691,0.04931
13907,8.98624,-0.01300,0.04264
13908,9.50264,-0.01066,0.03758
13909,-13.12421,0.01234,0.03869
13910,-11.67603,0.01995,0.05152
13911,-13.19584,0.01225,0.03852
13912,-11.78228,0.01977,0.05098
13913,-13.11242,0.01294,0.03948
13914,3.90153,-0.03977,0.09559
13915,4.51405,-0.03323,0.08523
13916,7.84638,0.24639,0.66491
13917,6.43236,0.23021,0.68580
13918,-3.41644,-0.08744,0.66891
13919,-2.20134,-0.07915,0.69936
13920,-2.31266,-0.07705,0.69480
13921,-2.92449,-0.08044,0.67821
13922,-4.00382,-0.08991,0.64792
13923,10.64146,-0.00202,0.01905
13924,10.97235,-0.00107,0.01207
13925,8.24092,-0.04663,0.07958
13926,9.43818,-0.03560,0.06774
13927,9.18015,-0.03734,0.06975
13928,8.18428,-0.04630,0.07943
13929,9.66102,-0.03237,0.06424
13930,3.89273,0.17277,0.28800
13931,4.30069,0.18323,0.30105
13932,4.60419,0.18956,0.31416
13933,3.31292,0.21734,0.21868
13934,3.20571,0.21545,0.21770
13935,3.92072,0.22897,0.22821
13936,4.42106,0.23834,0.23535
13937,-2.85461,-0.10592,0.36575
13938,-2.83685,-0.10686,0.35512
13939,-11.29469,-0.37974,0.42469
13940,-10.88357,-0.37208,0.40839
13941,-11.00394,-0.37396,0.41823
13942,-11.30860,-0.37945,0.43197
13943,-11.12554,-0.37567,0.42939
13944,10.57192,0.34152,0.56365
13945,10.43057,0.33776,0.56134
13946,10.48925,0.33812,0.57573
13947,10.29560,0.33183,0.58734
13948,11.50347,0.35916,0.59059
13949,11.14205,0.34923,0.60642
13950,11.13228,0.35000,0.60351
13951,10.72546,0.33984,0.61788
13952,11.63172,0.36127,0.58902
13953,11.36590,0.35375,0.60098
13954,12.32825,0.39470,0.42709
13955,12.14183,0.39253,0.42303
13956,11.80590,0.38713,0.40938
13957,11.93873,0.38986,0.41854
13958,2.80050,-0.03129,0.89632
13959,2.91671,-0.03547,0.89244
13960,2.29958,-0.03805,0.88509
13961,3.94639,-0.02520,0.91118
13962,3.72451,-0.03258,0.90059
13963,4.74351,-0.02512,0.91503
13964,11.62341,0.27823,0.57308
13965,10.80232,0.26491,0.59554
13966,5.17539,-0.00047,0.00876
13967,1.10188,0.01973,0.37844
13968,1.42763,0.02560,0.37482
13969,1.20161,0.02203,0.35860
13970,0.98046,0.01817,0.35209
13971,7.20090,-0.10554,0.83840
13972,6.52628,-0.11192,0.83154
13973,-6.13741,0.03046,0.08908
13974,-5.55788,0.03317,0.09532
13975,-7.51276,0.02142,0.07215
13976,5.15211,0.09480,0.39163
13977,5.40496,0.09926,0.39734
13978,5.52997,0.10256,0.39121
13979,-13.00936,-0.39744,0.51412
13980,-13.13924,-0.39968,0.50486
13981,-13.05872,-0.40111,0.49433
13982,-12.97223,-0.39984,0.49993
13983,-12.89279,-0.39740,0.51101
13984,-5.09557,-0.18240,0.72222
13985,-5.32563,-0.18465,0.71210
13986,-4.75071,-0.17243,0.72927
13987,-5.63340,-0.19577,0.70854
13988,-5.83215,-0.19802,0.69847
13989,-5.79679,-0.19431,0.69375
13990,-4.70240,0.00050,0.01026
13991,-4.14985,0.00107,0.01717
13992,-4.50704,0.00033,0.00777
13993,-0.99018,0.00611,0.07935
13994,-0.92513,0.00798,0.08971
13995,-0.80397,0.00635,0.08697
13996,-0.72581,0.00852,0.09952
13997,-0.61387,0.00664,0.09679
13998,-0.59051,-0.06256,0.82735
13999,-0.77836,-0.05505,0.82084
14000,-3.14589,0.05804,0.78923
14001,-5.73852,0.04409,0.82196
14002,-4.72637,0.05188,0.80788
14003,-7.27530,0.03936,0.83737
14004,0.06027,-0.05034,0.17368
14005,-0.59771,-0.05622,0.18943
14006,-0.98367,-0.05858,0.19970
14007,-1.37031,0.12697,0.15542
14008,-0.30929,0.14111,0.16758
14009,-0.03332,0.14605,0.17082
14010,-1.39147,0.12786,0.15524
14011,-0.08394,0.14643,0.17032
14012,11.98465,-0.01409,0.03944
14013,13.15466,-0.00776,0.02771
14014,-2.81612,0.11971,0.82742
14015,-3.75555,0.11392,0.83323
14016,-5.18003,0.09816,0.84781
14017,-4.51672,0.10136,0.84440
14018,-2.92244,0.11484,0.83127
14019,2.64597,0.04650,0.40379
14020,2.41243,0.04209,0.40963
14021,2.64565,0.04540,0.43434
14022,2.93833,0.05120,0.41654
14023,3.00839,0.05168,0.43737
14024,-3.95528,-0.10182,0.66598
14025,-3.45855,-0.09457,0.67510
14026,-4.72699,-0.10667,0.64351
14027,-4.04895,-0.09689,0.65738
14028,1.31076,-0.11919,0.15476
14029,1.56602,-0.11303,0.15066
14030,0.60951,-0.13039,0.16519
14031,0.69107,-0.12731,0.16383
14032,1.41050,-0.11399,0.15272
14033,1.46520,0.04911,0.47336
14034,1.69796,0.05724,0.46634
14035,1.78809,0.05974,0.47956
14036,2.08441,0.07035,0.46545
14037,1.34482,0.04466,0.48705
14038,-8.81519,0.04076,0.07826
14039,-7.37189,0.05300,0.09199
14040,-7.20210,0.05516,0.09383
14041,-8.32328,0.04558,0.08317
14042,-3.17219,0.03990,0.10203
14043,-3.79966,0.03119,0.08834
14044,-3.74874,0.03386,0.09140
14045,-3.42711,0.03922,0.09904
14046,-2.85593,0.04626,0.11016
14047,-10.46183,-0.29028,0.62257
14048,-10.82884,-0.29287,0.61347
14049,-9.87933,-0.27621,0.63165
14050,-7.20101,-0.24127,0.67447
14051,-7.43263,-0.24888,0.67119
14052,-7.66587,-0.25377,0.66070
14053,-7.44766,-0.24618,0.66233
14054,-6.94436,-0.23248,0.67735
14055,2.96725,0.19929,0.20874
14056,1.89474,0.18249,0.19495
14057,1.08253,0.16915,0.18475
14058,0.79146,0.16540,0.18128
14059,-9.15939,-0.27425,0.30693
14060,-10.06935,-0.28908,0.32597
14061,-9.66612,-0.27997,0.31792
14062,-10.35759,-0.29007,0.33351
14063,2.23483,0.07128,0.69350
14064,2.37495,0.07568,0.69229
14065,-7.44354,0.04099,0.08702
14066,-9.24484,0.02749,0.06864
14067,-7.73317,0.03764,0.08340
14068,-9.05861,0.02783,0.06970
14069,-11.01994,-0.24937,0.56937
14070,-11.59072,-0.26112,0.55223
14071,-10.54776,-0.24490,0.58646
14072,-13.15273,-0.31997,0.44310
14073,-13.22212,-0.31781,0.45674
14074,-13.05519,-0.31446,0.44178
14075,-2.78075,-0.10801,0.33715
14076,-2.68735,-0.10251,0.34731
14077,-2.97778,-0.11271,0.35327
14078,-2.52331,-0.09834,0.33447
14079,-2.46388,-0.09832,0.32252
14080,3.60092,0.11556,0.55767
14081,3.13696,0.10054,0.55664
14082,3.45667,0.11162,0.54450
14083,3.28436,0.10476,0.56740
14084,3.63365,0.11576,0.57285
14085,20.69775,-0.03610,0.90868
14086,26.51559,-0.01799,0.93862
14087,21.86380,-0.03207,0.91423
14088,25.20477,-0.02154,0.93154
14089,8.31564,0.24537,0.65404
14090,9.16881,0.26020,0.64137
14091,9.53576,0.26282,0.63320
14092,7.75745,0.24092,0.66406
14093,8.21566,0.24956,0.65826
14094,-0.95806,-0.04217,0.71217
14095,-0.23579,-0.03487,0.73624
14096,-0.96340,-0.03940,0.70957
14097,-0.51962,-0.03407,0.72459
14098,0.27488,-0.11019,0.82277
14099,0.91886,-0.09876,0.83319
14100,-10.92606,-0.28684,0.60710
14101,-11.20176,-0.29524,0.60324
14102,-10.15762,-0.27708,0.62473
14103,-10.33521,-0.28265,0.62254
14104,-15.83059,0.00241,0.01371
14105,-16.32556,0.00191,0.01110
14106,6.75071,0.22539,0.67767
14107,8.38433,0.24537,0.65268
14108,3.89847,0.10550,0.25979
14109,4.02017,0.10485,0.26567
14110,10.67484,0.31532,0.33732
14111,9.71941,0.29998,0.31633
14112,9.99118,0.30157,0.32217
14113,10.75564,0.31274,0.33963
14114,11.28097,0.32258,0.35270
14115,-4.35609,-0.14458,0.50301
14116,-4.85680,-0.16083,0.50997
14117,-4.64108,-0.15485,0.49640
14118,-5.02581,-0.16805,0.49495
14119,8.84562,0.32088,0.38292
14120,8.39854,0.31075,0.36769
14121,8.24430,0.30848,0.35846
14122,-5.05289,-0.19087,0.36080
14123,-4.88793,-0.18338,0.36495
14124,-5.22112,-0.19400,0.37317
14125,-5.41448,-0.20162,0.37214
14126,-0.48572,-0.03632,0.19292
14127,-0.62046,-0.03930,0.19668
14128,-1.00387,-0.04411,0.20969
14129,-10.84410,-0.29088,0.34816
14130,-10.10280,-0.28068,0.32954
14131,-10.61352,-0.29090,0.34078
14132,-11.32325,-0.30039,0.36018
14133,10.16339,0.20072,0.49693
14134,10.02073,0.19864,0.51804
14135,9.77005,0.18994,0.49607
14136,-10.24283,-0.29712,0.32847
14137,-2.57153,0.07321,0.77863
14138,-3.30289,0.06577,0.78826
14139,-5.35693,0.05693,0.81069
14140,-11.82985,-0.28035,0.56517
14141,-11.29641,-0.27297,0.58292
14142,6.03237,-0.07187,0.10327
14143,6.23208,-0.06993,0.10144
14144,7.04003,-0.06044,0.09282
14145,7.36277,-0.05726,0.08977
14146,-2.55893,0.01153,0.07025
14147,-2.29772,0.01495,0.08110
14148,-1.91606,0.01837,0.09321
14149,11.72347,0.38612,0.44963
14150,11.56926,0.38285,0.45155
14151,11.45335,0.38159,0.43837
14152,11.48249,0.38268,0.43156
14153,-1.17840,0.07296,0.15547
14154,-1.55077,0.08457,0.76540
14155,4.62854,0.19432,0.70260
14156,4.15049,0.18663,0.70766
14157,3.17574,0.17896,0.71973
14158,1.52850,0.16082,0.73731
14159,9.49104,-0.05638,0.89040
14160,8.00655,-0.07014,0.87567
14161,7.41955,-0.07153,0.87379
14162,8.00505,-0.06390,0.88152
14163,9.66696,0.22037,0.35944
14164,10.21627,0.22592,0.38187
14165,10.21694,0.22907,0.37659
14166,9.92094,0.22745,0.36263
14167,-3.56243,-0.21617,0.23174
14168,-4.34144,-0.23252,0.24551
14169,-3.55244,-0.21682,0.23082
14170,-4.30715,-0.23286,0.24369
14171,-3.86576,-0.22460,0.23528
14172,-3.18119,-0.21053,0.22384
14173,-2.56045,-0.19857,0.21341
14174,-2.72808,-0.20277,0.21551
14175,-9.92662,-0.35172,0.38562
14176,1.71214,0.14154,0.21208
14177,2.20853,0.15383,0.22290
14178,-10.63666,0.06102,0.88596
14179,-8.83948,0.07532,0.87082
14180,-11.25388,0.06035,0.88667
14181,0.46189,0.02122,0.27015
14182,0.61376,0.02738,0.27782
14183,-8.68904,-0.32715,0.33367
14184,-8.47494,-0.32277,0.32536
14185,-8.25192,-0.31779,0.32273
14186,-7.84277,-0.30910,0.31224
14187,7.79975,-0.08183,0.86448
14188,9.22163,-0.06882,0.87776
14189,7.29902,-0.08293,0.86324
14190,-5.54346,-0.19292,0.43975
14191,-5.88343,-0.20376,0.44728
14192,-5.75450,-0.20133,0.43402
14193,-5.41862,-0.19120,0.42279
14194,-7.26929,-0.24043,0.52682
14195,-7.54064,-0.24831,0.53735
14196,-7.48741,-0.24837,0.52180
14197,-7.82102,-0.25914,0.52570
14198,-1.50808,-0.04644,0.23534
14199,-1.42529,-0.04764,0.22836
14200,-1.85704,-0.05159,0.24729
14201,-1.84097,-0.05337,0.24255
14202,10.10466,0.20026,0.46106
14203,10.20615,0.20599,0.44010
14204,9.91747,0.19880,0.43578
14205,9.94310,0.20248,0.42206
14206,-5.08040,-0.11104,0.30996
14207,-5.29892,-0.11194,0.32266
14208,11.33982,0.36673,0.52788
14209,11.17200,0.36009,0.54430
14210,11.12708,0.36064,0.53261
14211,11.21446,0.36510,0.51768
14212,-6.71954,-0.26099,0.70400
14213,-7.98164,-0.28299,0.68308
14214,-7.39067,-0.27212,0.69349
14215,-8.33826,-0.28952,0.67646
14216,-1.92364,-0.06949,0.38564
14217,14.19018,-0.00510,0.02133
14218,15.54207,-0.00157,0.00998
14219,15.64560,-0.00154,0.00969
14220,14.74129,-0.00293,0.01512
14221,-8.13647,-0.26501,0.63367
14222,-7.89865,-0.25906,0.64877
14223,-8.02502,-0.26381,0.64991
14224,4.55497,0.19639,0.29749
14225,4.16131,0.18822,0.28317
14226,4.57909,0.19961,0.29396
14227,12.51218,0.31617,0.40135
14228,12.50649,0.31164,0.40458
14229,12.87234,0.32116,0.41873
14230,8.17911,-0.01040,0.03983
14231,7.51109,-0.01586,0.05072
14232,8.27798,-0.01107,0.04085
14233,9.03243,-0.00647,0.02978
14234,1.54023,0.07033,0.20971
14235,2.41464,0.07888,0.23239
14236,2.19393,0.07860,0.22498
14237,1.56850,0.07313,0.20906
14238,0.75344,0.16863,0.18406
14239,2.06180,0.19343,0.20229
14240,-6.55228,-0.25481,0.69763
14241,-6.41577,-0.25127,0.69847
14242,-7.78849,-0.27242,0.67957
14243,-5.32392,-0.23729,0.71313
14244,-4.43683,-0.22458,0.72293
14245,-12.98786,0.02313,0.88718
14246,-17.41731,0.01210,0.92334
14247,-16.03885,0.01652,0.90964
14248,-13.10635,0.02527,0.88443
14249,-3.95248,-0.07792,0.61799
14250,-3.31150,-0.07175,0.64504
14251,-3.70288,-0.07355,0.62278
14252,-13.51536,-0.40001,0.47366
14253,-13.61067,-0.39784,0.49093
14254,-13.59028,-0.39855,0.47392
14255,-1.77746,0.08719,0.14880
14256,-2.37506,0.07926,0.14130
14257,-1.15782,0.09229,0.15654
14258,-2.88982,0.07537,0.13524
14259,-2.81598,0.07781,0.13630
14260,8.40368,0.27867,0.52405
14261,8.70952,0.28825,0.52842
14262,8.44707,0.27795,0.54172
14263,8.62738,0.28723,0.51572
14264,8.38017,0.28025,0.50704
14265,6.05128,0.14269,0.64256
14266,5.05877,0.13213,0.66329
14267,7.67308,0.22619,0.28566
14268,7.61488,0.22278,0.28569
14269,-3.17185,0.02590,0.81567
14270,-3.92261,0.01990,0.83609
14271,-4.61387,0.02033,0.84249
14272,-5.78916,0.01511,0.86619
14273,0.76497,0.04812,0.72352
14274,-0.05117,0.04567,0.74525
14275,1.17559,0.05429,0.71336
14276,0.63789,0.05276,0.72822
14277,0.08296,0.06781,0.17552
14278,-0.26462,0.06388,0.16433
14279,0.05471,0.07097,0.17461
14280,0.41122,0.07704,0.18632
14281,13.45969,0.36289,0.53595
14282,13.61299,0.37102,0.52547
14283,13.71975,0.37154,0.51565
14284,13.72303,0.36819,0.51538
14285,1.99401,0.18624,0.76977
14286,2.57250,0.19143,0.76486
14287,3.54495,0.20758,0.75112
14288,-7.88530,0.00236,0.94567
14289,-5.71904,0.00597,0.90380
14290,-6.81118,0.00261,0.93891
14291,-5.54797,0.00430,0.91528
14292,-10.08978,-0.24458,0.35138
14293,-9.37467,-0.23384,0.33270
14294,-9.48020,-0.23783,0.33346
14295,-9.89116,-0.24546,0.34266
14296,1.32012,-0.00491,0.06534
14297,1.57084,-0.00322,0.05040
14298,1.24507,-0.00344,0.05750
14299,1.56109,-0.00479,0.06023
14300,1.80475,-0.00379,0.05095
14301,-0.12451,-0.00618,0.20639
14302,-0.14664,-0.00514,0.22562
14303,-0.07441,-0.00361,0.20877
14304,-0.01917,-0.00327,0.18504
14305,-1.14374,-0.17973,0.77576
14306,-2.83445,-0.20069,0.75776
14307,-0.99166,-0.17582,0.77926
14308,0.67019,-0.15727,0.79525
14309,-0.05782,0.00186,0.75142
14310,-0.11028,0.00126,0.78436
14311,6.39217,0.15631,0.29673
14312,7.18061,0.16604,0.31782
14313,6.86320,0.16457,0.30569
14314,6.75063,0.15889,0.30866
14315,-5.43222,0.00287,0.03469
14316,-5.84347,0.00131,0.02165
14317,-5.11799,0.00312,0.03735
14318,-6.31771,0.00083,0.01526
14319,-6.24738,0.00122,0.01967
14320,5.94703,-0.11903,0.82139
14321,4.69005,-0.12889,0.81362
14322,7.34073,-0.10772,0.83302
14323,9.52335,-0.09249,0.84694
14324,4.22349,0.13935,0.24186
14325,5.18302,0.15299,0.25910
14326,4.17948,0.14126,0.23972
14327,4.92995,0.14724,0.25595
14328,5.72263,0.15765,0.27176
14329,10.84036,-0.00451,0.02218
14330,10.44824,-0.00589,0.02631
14331,9.94008,-0.00873,0.03306
14332,0.78109,0.03143,0.79250
14333,1.00201,0.04035,0.79086
14334,0.78706,0.03486,0.80188
14335,0.57930,0.02661,0.80669
14336,-4.68939,-0.19237,0.23363
14337,-5.72199,-0.20536,0.24988
14338,-4.83419,-0.19184,0.23630
14339,-3.84954,-0.17846,0.22174
14340,0.76534,0.08874,0.81929
14341,0.66818,0.08046,0.82282
14342,1.36822,0.09341,0.80698
14343,1.48113,0.09991,0.80422
14344,-2.45718,-0.08185,0.73745
14345,-2.47823,-0.08481,0.74603
14346,-2.29932,-0.08182,0.75778
14347,-5.36156,0.00109,0.01446
14348,-4.90960,0.00193,0.02132
14349,-5.27535,0.00067,0.01040
14350,-0.35473,0.02651,0.14879
14351,-0.52075,0.02715,0.14155
14352,-0.29018,0.03095,0.15461
14353,-0.48221,0.03166,0.14646
14354,0.45834,0.01494,0.52021
14355,-0.03904,-0.00120,0.52289
14356,0.10076,0.00336,0.51040
14357,0.19442,0.00634,0.53259
14358,0.60545,0.01951,0.53658
14359,7.03625,0.25304,0.40424
14360,7.43222,0.26423,0.41681
14361,7.19714,0.25564,0.41780
14362,6.86851,0.24567,0.40986
14363,0.11377,-0.07250,0.16972
14364,0.44734,-0.06923,0.16046
14365,0.61354,-0.06302,0.15502
14366,0.95167,-0.06004,0.14647
14367,2.71806,0.20506,0.74671
14368,0.80569,0.18233,0.76775
14369,2.97675,0.20824,0.74539
14370,0.89794,0.18378,0.76488
14371,-0.97682,0.16338,0.78356
14372,11.66830,0.38223,0.47502
14373,11.84309,0.38606,0.47398
14374,11.72024,0.38130,0.49029
14375,11.55951,0.37879,0.48245
14376,-3.85476,-0.15709,0.75363
14377,-4.44364,-0.17178,0.74117
14378,-4.45552,-0.16790,0.73835
14379,-3.99505,-0.15522,0.74807
14380,7.48694,-0.00881,0.04990
14381,6.19782,-0.01460,0.06848
14382,6.92923,-0.01036,0.05625
14383,8.12567,-0.00561,0.03864
14384,9.88955,-0.00115,0.01518
14385,10.08825,-0.00101,0.01252
14386,8.91086,-0.00310,0.02731
14387,2.43367,0.18168,0.20095
14388,1.84439,0.17430,0.19350
14389,1.12044,0.16227,0.18449
14390,-2.51066,-0.09815,0.33231
14391,-2.71617,-0.10717,0.32814
14392,-2.43864,-0.09744,0.32149
14393,8.46218,0.28302,0.66127
14394,8.86860,0.29383,0.65235
14395,9.06366,0.29749,0.64217
14396,-4.99701,0.12043,0.80116
14397,-2.74880,0.13765,0.78247
14398,-4.15586,0.06690,0.11060
14399,-4.89236,0.05850,0.10101
14400,-4.02918,0.07027,0.11313
14401,-4.40001,0.06675,0.10870
14402,-1.64974,-0.19143,0.76281
14403,-2.14375,-0.19691,0.75904
14404,-0.54683,-0.17795,0.77514
14405,-0.85718,-0.18072,0.77343
14406,-1.55165,-0.17282,0.18979
14407,-1.03299,-0.16377,0.18330
14408,0.33970,-0.14338,0.16689
14409,2.04081,-0.08480,0.84825
14410,3.47417,-0.06897,0.86625
14411,2.76798,-0.08081,0.85456
14412,4.32688,-0.06591,0.87196
14413,-4.21993,-0.07211,0.48900
14414,-3.92401,-0.06680,0.51087
14415,-3.96525,-0.06751,0.48607
14416,-3.63277,-0.06157,0.49452
14417,0.30161,0.08349,0.18197
14418,0.24860,0.07797,0.18059
14419,-0.19310,0.07291,0.16752
14420,-0.19979,0.06863,0.16687
14421,2.77650,-0.00275,0.03513
14422,2.44562,-0.00271,0.03696
14423,2.39125,-0.00411,0.04585
14424,2.51668,-0.00469,0.04767
14425,6.19626,-0.10994,0.83596
14426,8.85325,-0.08871,0.85634
14427,8.36473,-0.09388,0.85085
14428,11.62946,-0.07131,0.87348
14429,5.90672,0.19392,0.53129
14430,5.81598,0.18933,0.54801
14431,5.56959,0.18196,0.53833
14432,5.40301,0.17519,0.55239
14433,-9.96203,-0.34815,0.41223
14434,-9.53715,-0.33888,0.39670
14435,-9.70418,-0.34134,0.40888
14436,-10.06346,-0.34892,0.42397
14437,5.83883,0.23463,0.69917
14438,7.16739,0.25029,0.68055
14439,5.52317,0.22875,0.70205
14440,1.45463,0.07103,0.26065
14441,1.39566,0.06591,0.26695
14442,1.22568,0.06256,0.25247
14443,1.66165,0.07538,0.27662
14444,1.67968,0.07937,0.26757
14445,1.25891,0.06723,0.24603
14446,1.05042,0.05915,0.23885
14447,1.04386,0.05604,0.24478
14448,-0.04541,0.00121,0.88534
14449,0.01158,-0.00066,0.87388
14450,-0.06656,0.00355,0.87403
14451,-0.18251,0.00471,0.88620
14452,3.66043,0.19870,0.72007
14453,0.17061,0.00525,0.71476
14454,-3.78445,-0.12109,0.69403
14455,-4.04063,-0.12977,0.69340
14456,-4.02384,-0.12798,0.68278
14457,-4.34624,-0.13874,0.68091
14458,-10.88033,0.03661,0.91329
14459,-12.96991,0.02409,0.93147
14460,-11.60039,-0.35343,0.36294
14461,-12.19210,-0.36338,0.38063
14462,-11.94724,-0.35684,0.37230
14463,-12.49269,-0.36563,0.38991
14464,0.12568,-0.16738,0.78582
14465,1.21218,-0.15660,0.79457
14466,-1.39973,-0.18605,0.76945
14467,-0.51669,-0.17696,0.77650
14468,5.94904,0.23244,0.34059
14469,6.07025,0.23821,0.33808
14470,6.30035,0.24253,0.34946
14471,-8.59093,0.04428,0.08086
14472,-7.19139,0.05726,0.09421
14473,-9.27004,0.03875,0.07430
14474,-8.36958,0.04677,0.08278
14475,-9.31704,-0.18758,0.41128
14476,-9.03568,-0.18498,0.39327
14477,-9.33145,-0.19181,0.39734
14478,3.70857,-0.10083,0.12794
14479,4.22964,-0.09301,0.12171
14480,3.17251,-0.10812,0.13401
14481,3.33367,-0.10519,0.13190
14482,-3.06457,-0.15237,0.26181
14483,-2.85564,-0.14421,0.25863
14484,-3.38841,-0.15875,0.27401
14485,-3.17762,-0.14982,0.27210
14486,-7.79911,0.00328,0.02231
14487,-8.80303,0.00146,0.01320
14488,-8.04881,0.00384,0.02397
14489,-8.70833,0.00089,0.00945
14490,-8.08906,0.00123,0.01200
14491,-9.86352,-0.35174,0.36930
14492,-10.21283,-0.35880,0.38259
14493,-10.26080,-0.36004,0.37894
14494,-10.54706,-0.36566,0.39127
14495,-5.71802,-0.11566,0.34302
14496,-5.98032,-0.12139,0.34483
14497,-6.18599,-0.12179,0.36241
14498,-5.94005,-0.11601,0.36295
14499,-1.98775,0.00028,0.01165
14500,-1.29252,0.06622,0.15323
14501,9.35175,0.31771,0.31216
14502,8.84129,0.30997,0.30261
14503,-8.47044,-0.29401,0.29294
14504,-8.27182,-0.28856,0.28900
14505,-7.74395,-0.28076,0.27995
14506,-7.72683,-0.28249,0.27995
14507,-10.50668,-0.30738,0.33380
14508,-11.28769,-0.31990,0.35303
14509,-11.07097,-0.31412,0.34787
14510,-10.85548,-0.31523,0.34193
14511,-11.47855,-0.32609,0.35770
14512,0.84097,0.15001,0.18912
14513,1.02738,0.15122,0.19269
14514,0.34336,0.13930,0.18067
14515,0.15608,0.13409,0.17749
14516,-11.60000,-0.36053,0.36588
14517,-11.02012,-0.35032,0.35029
14518,-11.31690,-0.35741,0.35906
14519,4.66815,-0.01801,0.06608
14520,4.60067,-0.02075,0.07054
14521,5.27143,-0.01374,0.05585
14522,5.17666,-0.01644,0.06081
14523,-7.13563,-0.23363,0.27152
14524,-7.91749,-0.24754,0.28497
14525,-8.36743,-0.25227,0.29374
14526,-7.90233,-0.24251,0.28585
14527,5.21195,-0.06953,0.11282
14528,4.19513,-0.07921,0.12347
14529,5.60413,-0.06482,0.10868
14530,5.02633,-0.06948,0.11455
14531,-2.96628,0.06512,0.13254
14532,-2.24814,0.07395,0.14202
14533,-3.47789,0.06177,0.12647
14534,-4.33787,0.05307,0.11566
14535,0.29958,-0.00352,0.10016
14536,0.20725,-0.00176,0.09043
14537,0.17855,-0.00304,0.11188
14538,11.37111,0.27634,0.37763
14539,11.91155,0.28163,0.40085
14540,11.88189,0.28594,0.39433
14541,11.38610,0.27996,0.37533
14542,-3.40357,0.00650,0.06487
14543,-2.74069,0.00855,0.07970
14544,-2.85482,0.00941,0.08127
14545,-2.22813,0.01258,0.09870
14546,2.01797,-0.00816,0.08861
14547,-7.45869,0.01981,0.86700
14548,4.16858,0.15412,0.37276
14549,4.24497,0.15459,0.38548
14550,3.97971,0.14639,0.37601
14551,3.83793,0.14349,0.36307
14552,1.17429,-0.12340,0.15695
14553,2.04346,-0.10784,0.14425
14554,2.27910,-0.10544,0.14121
14555,-8.78988,-0.21256,0.32969
14556,-8.64202,-0.21433,0.32207
14557,-9.24145,-0.22071,0.33971
14558,-9.45064,-0.22611,0.34259
14559,-0.59411,-0.01083,0.36486
14560,-0.47556,-0.00840,0.38489
14561,-0.42495,-0.00776,0.36097
14562,-0.22804,-0.00418,0.37097
14563,-1.57853,-0.05585,0.40570
14564,-1.22675,-0.04340,0.40530
14565,-1.45591,-0.05101,0.41606
14566,-1.13235,-0.03947,0.42237
14567,13.35304,-0.01254,0.03786
14568,13.87326,-0.01046,0.03433
14569,14.78887,-0.00635,0.02521
14570,15.85460,-0.00427,0.01999
14571,12.53031,0.38910,0.41058
14572,12.15610,0.38395,0.39745
14573,11.78265,0.37746,0.38428
14574,-3.83151,-0.16971,0.28871
14575,-4.08191,-0.17381,0.30115
14576,-4.46024,-0.18492,0.31164
14577,-1.91374,0.10937,0.76847
14578,-6.65792,-0.28403,0.27602
14579,-5.95444,-0.26988,0.26408
14580,-6.43622,-0.27978,0.27337
14581,-7.28404,-0.29706,0.28881
14582,2.35043,-0.11725,0.14338
14583,1.34890,-0.13309,0.15609
14584,1.78699,-0.12665,0.15057
14585,0.92911,-0.14068,0.16158
14586,2.39756,0.19475,0.20213
14587,3.18702,0.20870,0.21279
14588,2.25887,0.19321,0.20050
14589,-4.35869,-0.15094,0.44013
14590,-4.73078,-0.16299,0.44839
14591,-4.64774,-0.16166,0.43564
14592,-4.36821,-0.15317,0.42470
14593,-2.12639,0.00029,0.01102
14594,-2.10398,0.00085,0.02160
14595,-1.87307,0.00073,0.02097
14596,-1.76424,0.00028,0.01251
14597,-0.17295,0.13147,0.17158
14598,0.19553,0.14021,0.17756
14599,0.55789,0.14527,0.18378
14600,0.89076,0.15302,0.18925
14601,-1.93947,-0.10457,0.79378
14602,-2.43972,-0.11743,0.78270
14603,-2.55627,-0.11555,0.77867
14604,-2.32980,-0.10723,0.78304
14605,1.63084,-0.01321,0.08782
14606,1.66666,-0.01522,0.09160
14607,1.90704,-0.01150,0.07877
14608,2.05502,-0.01306,0.08040
14609,2.28991,0.10548,0.21170
14610,1.80419,0.10189,0.20243
14611,1.35805,0.09535,0.19529
14612,1.69551,0.09671,0.20177
14613,-1.74213,-0.09909,0.20207
14614,-2.88487,-0.11167,0.22299
14615,-2.41195,-0.10454,0.21488
14616,-1.63968,-0.09512,0.20105
14617,10.73639,0.34445,0.58076
14618,10.55424,0.33865,0.59393
14619,10.37096,0.33359,0.59581
14620,10.60344,0.34127,0.57730
14621,9.20948,0.17749,0.45186
14622,9.32336,0.18252,0.43471
14623,9.00781,0.17572,0.42794
14624,8.93757,0.17221,0.43968
14625,-8.98861,-0.22244,0.32768
14626,-8.09018,-0.20990,0.30638
14627,-0.45734,-0.03157,0.21952
14628,-0.51704,-0.03059,0.23287
14629,-0.61950,-0.03649,0.23348
14630,-0.58423,-0.03836,0.22350
14631,8.51832,-0.02971,0.07391
14632,9.63446,-0.02301,0.06292
14633,8.21735,-0.03272,0.07759
14634,7.24395,-0.03924,0.08733
14635,-4.73118,-0.24126,0.23653
14636,-2.44750,-0.08931,0.22416
14637,-3.22036,-0.09836,0.24177
14638,-2.96547,-0.09335,0.23756
14639,-2.22356,-0.08441,0.22072
14640,4.52933,0.16238,0.73024
14641,4.74093,0.16478,0.72060
14642,4.96502,0.17378,0.71937
14643,5.30728,0.17980,0.70503
14644,11.56181,-0.00222,0.01903
14645,10.41221,-0.00471,0.03086
14646,11.85157,-0.00134,0.01355
14647,11.49338,-0.00197,0.01794
14648,12.96833,0.36535,0.40710
14649,12.58734,0.36179,0.39251
14650,-4.18959,-0.18425,0.75075
14651,-2.83400,0.10999,0.13903
14652,-11.32445,0.01218,0.04392
14653,-12.50563,0.00649,0.03037
14654,-10.84146,0.01365,0.04749
14655,-11.62401,0.00961,0.03864
14656,-1.36432,0.00328,0.07253
14657,-1.28207,0.00451,0.08430
14658,-0.06127,0.15730,0.17224
14659,-4.45366,-0.08227,0.37780
14660,-4.30288,-0.08206,0.35552
14661,-4.63587,-0.08610,0.37570
14662,-4.15005,-0.07824,0.36189
14663,-3.87478,-0.07539,0.34193
14664,1.39497,0.12751,0.18992
14665,2.43374,0.14168,0.20431
14666,1.57137,0.13169,0.19207
14667,0.31870,0.11571,0.17538
14668,-3.45136,0.12659,0.82206
14669,-4.34678,0.11583,0.83183
14670,5.58061,-0.00122,0.01531
14671,6.19295,-0.00061,0.00934
14672,-7.56022,-0.26209,0.44996
14673,9.84073,0.31889,0.57735
14674,9.58379,0.31033,0.59031
14675,9.58512,0.31090,0.57961
14676,10.16016,0.29049,0.63013
14677,10.54512,0.29962,0.62376
14678,11.13721,0.30718,0.60983
14679,9.61006,0.28406,0.64122
14680,8.86727,0.27054,0.65315
14681,10.18128,0.35637,0.39744
14682,10.25058,0.35847,0.39382
14683,10.58516,0.36500,0.40797
14684,10.52771,0.36306,0.41319
14685,-2.53219,0.02257,0.81184
14686,-3.99680,0.01682,0.84388
14687,-2.24794,0.02725,0.80026
14688,15.46778,-0.05343,0.89209
14689,-0.63140,-0.02758,0.28594
14690,-0.75072,-0.03141,0.30027
14691,-0.83188,-0.03575,0.29102
14692,-0.77319,-0.03472,0.27833
14693,10.56796,0.21247,0.50009
14694,10.84047,0.22034,0.49343
14695,10.76809,0.21834,0.47363
14696,10.60662,0.21476,0.51146
14697,10.33546,0.20843,0.52287
14698,12.97760,0.29995,0.47325
14699,12.86757,0.29456,0.49232
14700,12.95235,0.29898,0.49539
14701,13.09006,0.30560,0.47839
14702,2.66362,0.19669,0.76090
14703,4.15862,0.21791,0.74231
14704,3.79372,0.21376,0.74608
14705,2.37170,0.19439,0.76291
14706,0.71836,0.02208,0.63419
14707,0.25418,0.00775,0.64016
14708,0.29799,0.00915,0.62490
14709,4.36914,0.21000,0.26878
14710,4.44045,0.21422,0.26783
14711,5.05656,0.22927,0.28175
14712,8.12850,0.28450,0.68006
14713,-1.90742,-0.08530,0.21131
14714,-0.67738,-0.06890,0.18703
14715,2.44363,-0.04804,0.87715
14716,3.37844,-0.04425,0.88645
14717,2.27794,-0.05434,0.87081
14718,3.28673,-0.03940,0.89070
14719,2.68209,-0.04079,0.88540
14720,-15.31231,0.03738,0.91426
14721,-15.71164,0.03284,0.92034
14722,-13.12460,0.04649,0.90273
14723,-12.88657,0.05013,0.89841
14724,-2.47732,-0.07841,0.57810
14725,-2.85067,-0.09040,0.57714
14726,-4.30460,-0.19553,0.28266
14727,-3.92248,-0.18722,0.27090
14728,-3.91645,-0.18936,0.26821
14729,-1.00954,-0.04403,0.21162
14730,4.01745,0.07685,0.60867
14731,4.54267,0.08426,0.59144
14732,4.48262,0.08144,0.58047
14733,4.00414,0.07482,0.59823
14734,8.46907,0.15986,0.44886
14735,8.70690,0.16469,0.45879
14736,8.60753,0.16413,0.44041
14737,8.90118,0.17041,0.44650
14738,-10.09654,-0.23595,0.59557
14739,-10.04356,-0.23887,0.60056
14740,-9.17390,-0.22415,0.61774
14741,-9.05120,-0.22555,0.62262
14742,-14.53269,0.00621,0.02607
14743,-13.88935,0.00959,0.03365
14744,-15.53235,0.00432,0.02070
14745,-13.03058,0.01270,0.03988
14746,-13.08026,0.01177,0.03837
14747,6.02068,0.24419,0.71724
14748,7.18632,0.26572,0.69753
14749,5.95318,0.24439,0.71786
14750,6.65661,0.25730,0.70624
14751,5.52880,-0.07580,0.10706
14752,4.66846,-0.08620,0.11630
14753,4.95240,-0.08382,0.11381
14754,-3.22765,0.00501,0.95200
14755,-3.86363,0.00449,0.95726
14756,-3.66229,0.00297,0.96416
14757,-3.36543,0.00745,0.94364
14758,-4.57975,-0.13708,0.67795
14759,-6.11774,-0.15086,0.64819
14760,-5.58783,-0.14868,0.66076
14761,-4.61534,-0.14018,0.67871
14762,-10.71333,-0.35357,0.34816
14763,-9.99903,-0.34140,0.33204
14764,-10.60422,-0.35318,0.34690
14765,-10.17858,-0.34647,0.33770
14766,0.69912,-0.14194,0.80716
14767,1.04888,-0.13480,0.81290
14768,-3.95816,0.02115,0.07507
14769,-3.55145,0.02724,0.08612
14770,-3.31562,0.02770,0.08880
14771,-3.63383,0.02228,0.07918
14772,13.20324,-0.04079,0.86750
14773,17.64522,-0.02622,0.89848
14774,15.98840,-0.02952,0.88940
14775,12.35305,-0.04148,0.86314
14776,-9.67143,0.00815,0.03242
14777,0.07263,0.16006,0.17378
14778,-0.08862,0.15742,0.17183
14779,-0.93046,0.14384,0.16140
14780,-1.20297,0.13942,0.15809
14781,11.82381,-0.06666,0.87947
14782,14.11247,-0.05203,0.89601
14783,3.96868,0.12928,0.53033
14784,3.66190,0.11876,0.53685
14785,3.71282,0.12146,0.52081
14786,3.29103,0.10701,0.52911
14787,-12.74436,-0.32274,0.40890
14788,-12.73690,-0.31854,0.41189
14789,-12.39092,-0.31608,0.39508
14790,6.24565,-0.03769,0.09345
14791,7.59854,-0.02764,0.07781
14792,7.54197,-0.02927,0.07943
14793,12.28133,0.39232,0.49115
14794,12.38605,0.39463,0.48569
14795,12.45139,0.39389,0.49927
14796,12.31549,0.39001,0.51070
14797,-0.67873,-0.01690,0.25977
14798,-0.52345,-0.01319,0.25738
14799,-0.51441,-0.01433,0.24431
14800,-0.58341,-0.01684,0.24000
14801,0.50129,0.04608,0.20351
14802,0.66024,0.04727,0.21683
14803,0.42986,0.04079,0.20199
14804,0.52160,0.04049,0.21145
14805,12.08558,0.38194,0.39318
14806,11.61284,0.37365,0.37751
14807,11.82458,0.37567,0.38206
14808,12.33631,0.38398,0.39945
14809,0.97304,0.02431,0.25888
14810,0.71783,0.02163,0.23503
14811,0.75776,0.02063,0.24649
14812,3.62094,-0.04987,0.10538
14813,3.01838,-0.05564,0.11461
14814,2.31692,-0.06696,0.12815
14815,6.77048,0.14057,0.34669
14816,7.24966,0.14572,0.36849
14817,7.15829,0.14717,0.35641
14818,6.71445,0.14216,0.33853
14819,3.07028,0.19285,0.23078
14820,3.68899,0.20468,0.24441
14821,6.51483,0.22799,0.43491
14822,-9.59939,-0.24495,0.33231
14823,-9.63446,-0.24898,0.33075
14824,-10.14101,-0.25413,0.34541
14825,-10.36340,-0.26014,0.34899
14826,-1.61714,-0.06324,0.33023
14827,-1.85409,-0.07250,0.33073
14828,-1.82643,-0.06958,0.34539
14829,-3.41529,0.03153,0.11125
14830,-2.83193,0.03746,0.12222
14831,-3.72544,0.03065,0.10738
14832,-4.32496,0.02553,0.09668
14833,-0.65159,-0.02350,0.77512
14834,-7.00846,0.00087,0.01069
14835,-6.59483,0.00185,0.01777
14836,-6.70457,-0.17955,0.28527
14837,0.82891,0.02992,0.22132
14838,1.04356,0.03066,0.23881
14839,-0.23143,0.00903,0.13458
14840,-0.24532,0.01175,0.13962
14841,-0.14770,0.01113,0.14900
14842,-0.14275,0.00730,0.14092
14843,0.61137,-0.02088,0.14997
14844,0.22323,-0.02331,0.16565
14845,0.58240,-0.01883,0.14908
14846,0.32383,-0.02386,0.16198
14847,-6.89423,0.04506,0.82994
14848,-9.13541,0.03760,0.85068
14849,-5.26362,0.05488,0.81094
14850,-7.29246,0.04766,0.83056
14851,-6.28433,0.02584,0.08404
14852,-5.15698,0.03255,0.09788
14853,-4.92208,0.03533,0.10182
14854,-6.13810,0.02491,0.08399
14855,-7.43845,0.01796,0.06827
14856,3.15900,0.06370,0.32286
14857,3.27724,0.06360,0.33998
14858,3.50336,0.06829,0.34009
14859,3.61503,0.06789,0.36041
14860,-13.52841,-0.33234,0.47404
14861,-13.59562,-0.33613,0.48642
14862,-13.45945,-0.32826,0.49807
14863,-13.45552,-0.33089,0.50711
14864,-8.07245,-0.28416,0.68066
14865,-8.99002,-0.30076,0.66428
14866,-8.58900,-0.29372,0.67194
14867,-7.29404,-0.27105,0.69393
14868,5.78020,0.19052,0.68475
14869,6.01974,0.19583,0.67029
14870,7.15492,0.23161,0.57885
14871,0.55848,0.06025,0.18677
14872,-0.12761,-0.00454,0.39475
14873,0.15317,0.00542,0.40028
14874,-0.08498,-0.00298,0.40678
14875,-0.43620,-0.01539,0.40611
14876,-2.79384,-0.15154,0.24809
14877,-2.54285,-0.14270,0.24331
14878,-2.97207,-0.15281,0.25612
14879,-2.68048,-0.14308,0.24998
14880,4.19287,-0.01196,0.07613
14881,3.34573,-0.01736,0.09494
14882,3.41065,-0.01538,0.09062
14883,4.04700,-0.01143,0.07597
14884,-10.54959,-0.25540,0.36019
14885,-11.15736,-0.26536,0.37867
14886,-11.03922,-0.26054,0.37833
14887,-11.53171,-0.26746,0.39716
14888,3.42124,0.07191,0.63909
14889,2.97516,0.07041,0.66103
14890,3.84465,0.07950,0.63197
14891,4.08776,0.07978,0.61497
14892,-1.80078,-0.06092,0.22843
14893,-2.32139,-0.06605,0.24603
14894,-1.36067,-0.05486,0.21614
14895,0.43499,0.05480,0.18474
14896,0.17356,0.05011,0.17865
14897,0.83076,0.05692,0.19501
14898,0.71533,0.05385,0.19267
14899,-4.08116,0.01833,0.08971
14900,-4.16512,0.01943,0.09073
14901,-4.91602,0.01432,0.07600
14902,-5.21704,0.01394,0.07337
14903,-13.37893,-0.39594,0.51434
14904,-13.25963,-0.39203,0.52794
14905,-0.57657,0.10139,0.82934
14906,-1.42492,0.09266,0.83988
14907,-2.36696,0.07927,0.85366
14908,-9.52361,0.05067,0.89625
14909,-9.95923,0.05098,0.89634
14910,-11.63897,0.03973,0.91020
14911,-6.18471,-0.19814,0.60572
14912,-5.94319,-0.19017,0.60147
14913,-5.91411,-0.18885,0.61498
14914,-5.58458,-0.17795,0.61019
14915,0.63870,-0.00128,0.04921
14916,0.52784,-0.00066,0.03932
14917,0.34760,-0.00070,0.04959
14918,3.27548,-0.03048,0.11172
14919,2.93195,-0.03496,0.11917
14920,0.00277,0.00636,0.85409
14921,-0.03356,0.01073,0.85784
14922,-0.04896,0.00600,0.86396
14923,-0.15773,0.00815,0.87350
14924,6.42670,-0.03124,0.08760
14925,7.69380,-0.02299,0.07271
14926,-7.72779,-0.27401,0.27894
14927,-6.71786,-0.25737,0.26223
14928,-7.48622,-0.27202,0.27497
14929,-8.34385,-0.28599,0.28984
14930,5.77893,0.23091,0.24758
14931,5.06616,0.22066,0.23692
14932,4.99130,0.21752,0.23589
14933,3.88086,0.20137,0.22016
14934,11.17013,0.37179,0.46569
14935,11.29194,0.37236,0.48229
14936,11.06873,0.36768,0.47519
14937,10.92151,0.36606,0.46072
14938,-3.58796,-0.21872,0.21908
14939,-4.25157,-0.23138,0.22894
14940,-4.61025,-0.23685,0.23368
14941,-5.18948,-0.24842,0.24286
14942,-7.31519,-0.29329,0.28120
14943,-7.71486,-0.30008,0.28760
14944,-7.12326,-0.28859,0.27690
14945,-6.36126,-0.27436,0.26420
14946,8.43714,0.27410,0.58434
14947,8.10187,0.26247,0.59775
14948,8.11888,0.26354,0.58440
14949,0.46289,0.16599,0.17937
14950,0.32573,0.16388,0.17746
14951,-4.90012,0.08051,0.11724
14952,-3.53001,0.09617,0.13154
14953,-4.06107,0.09076,0.12602
14954,-2.73614,0.10668,0.14015
14955,-2.89254,-0.09107,0.69294
14956,-2.63388,-0.08234,0.68597
14957,-2.52128,-0.07928,0.69767
14958,-2.60160,-0.08239,0.70471
14959,6.90696,0.26251,0.35704
14960,6.88371,0.26425,0.34983
14961,7.18034,0.27103,0.36108
14962,7.32216,0.27255,0.37195
14963,-11.98567,-0.26215,0.51699
14964,-11.80165,-0.26092,0.53505
14965,-0.64034,-0.15781,0.18437
14966,-1.22917,-0.16976,0.19338
14967,-0.53004,-0.15716,0.18252
14968,0.28078,-0.14159,0.17045
14969,-5.63097,0.02571,0.08817
14970,-6.79695,0.01949,0.07373
14971,-6.73310,0.01869,0.07295
14972,-7.88181,0.01310,0.05871
14973,-10.37236,-0.31804,0.32998
14974,-10.06068,-0.31562,0.32327
14975,-10.84755,-0.32851,0.34111
14976,-11.11487,-0.32987,0.34750
14977,-9.07097,-0.18155,0.55882
14978,-8.40735,-0.17050,0.57951
14979,-9.07330,-0.17886,0.54996
14980,-9.52265,-0.18763,0.53466
14981,3.72158,0.11301,0.68411
14982,4.43506,0.12287,0.67316
14983,5.27146,0.12830,0.65334
14984,4.75224,0.12087,0.66155
14985,9.89168,0.31947,0.64452
14986,10.73233,0.33756,0.62324
14987,10.53241,0.33239,0.62947
14988,11.15753,0.34642,0.61196
14989,7.75555,-0.00376,0.02375
14990,8.44232,-0.00122,0.01169
14991,7.79674,-0.00280,0.02014
14992,6.98359,-0.00678,0.03449
14993,10.21513,0.21977,0.56948
14994,10.67711,0.22549,0.54885
14995,10.07382,0.21431,0.56807
14996,10.65931,0.22249,0.54213
14997,1.69845,0.09014,0.24806
14998,1.47822,0.08708,0.23498
14999,8.52353,0.15981,0.46293
15000,8.35157,0.15619,0.45750
15001,-2.56698,0.02158,0.11182
15002,-2.19783,0.02277,0.11863
15003,6.28031,0.22586,0.40397
15004,-4.15818,0.02202,0.09407
15005,-4.01903,0.02445,0.09821
15006,-4.81054,0.01871,0.08390
15007,-4.96001,0.01903,0.08319
15008,6.32209,0.20248,0.63036
15009,6.02597,0.19268,0.63857
15010,6.08447,0.19438,0.62673
15011,0.20971,0.04214,0.18436
15012,0.09589,0.03661,0.17817
15013,0.01528,0.03825,0.17301
15014,-0.14102,0.03283,0.16342
15015,-5.16668,-0.14943,0.67256
15016,-6.00723,-0.15457,0.65470
15017,-4.82873,-0.14211,0.67558
15018,3.59967,-0.07984,0.12891
15019,3.13247,-0.08325,0.13390
15020,0.91816,-0.05807,0.15680
15021,1.44799,-0.05156,0.14710
15022,1.11720,-0.05267,0.15246
15023,-1.54886,-0.02719,0.39445
15024,-1.39335,-0.02390,0.41606
15025,-1.23912,-0.02165,0.39395
15026,-1.33659,-0.02384,0.37681
15027,-1.32107,-0.02199,0.47967
15028,-1.08543,-0.01815,0.46142
15029,-1.35013,-0.02267,0.45583
15030,-1.20503,-0.02042,0.43789
15031,1.57566,-0.05361,0.14592
15032,2.71380,-0.04308,0.12701
15033,2.24696,-0.04912,0.13555
15034,3.18551,-0.04093,0.12064
15035,-1.80003,0.01715,0.09268
15036,-1.99950,0.01233,0.07919
15037,-2.18326,0.01386,0.08003
15038,-2.35065,0.01071,0.07020
15039,-11.94040,-0.33334,0.59528
15040,-11.99278,-0.33714,0.59430
15041,-11.33179,-0.32344,0.61099
15042,-11.10421,-0.31601,0.61547
15043,0.33222,0.00812,0.26446
15044,0.25334,0.00570,0.28215
15045,0.41478,0.00892,0.29142
15046,0.49270,0.01120,0.27859
15047,-2.01675,-0.06272,0.69167
15048,-7.39954,0.04600,0.08096
15049,-6.49090,0.05558,0.09100
15050,-6.55996,0.05580,0.09086
15051,5.18430,0.17110,0.51598
15052,5.49139,0.18219,0.50897
15053,5.53194,0.18204,0.52407
15054,5.81245,0.19239,0.51501
15055,-5.42049,0.02025,0.06491
15056,-5.24975,0.02360,0.07012
15057,-4.74433,0.02686,0.07691
15058,-4.53285,0.03122,0.08292
15059,4.69349,-0.01892,0.08599
15060,5.17107,-0.01480,0.07567
15061,5.72503,-0.01323,0.06906
15062,6.43775,-0.00910,0.05592
15063,3.51445,-0.07684,0.86055
15064,3.59003,-0.08006,0.85847
15065,2.36777,-0.08951,0.84692
15066,2.38966,-0.09438,0.84383
15067,-13.66848,-0.35925,0.45021
15068,-13.68172,-0.35542,0.45550
15069,-13.53815,-0.35449,0.44105
15070,-13.39932,-0.35693,0.42937
15071,-13.43072,0.04340,0.86734
15072,-17.70852,0.02747,0.89823
15073,-16.08130,0.03494,0.88484
15074,-20.80735,0.02049,0.91595
15075,-4.06826,0.08876,0.78945
15076,-1.01659,0.10852,0.75828
15077,-2.85698,0.09428,0.77753
15078,2.78309,0.10903,0.22222
15079,2.75573,0.10659,0.22283
15080,3.73030,0.11836,0.24198
15081,3.52147,0.11845,0.23605
15082,11.94756,0.39069,0.43872
15083,11.61194,0.38530,0.42426
15084,11.80340,0.38840,0.42644
15085,11.82144,0.38862,0.43818
15086,12.05657,0.39204,0.45125
15087,-1.30114,-0.06319,0.26185
15088,-1.52343,-0.06865,0.27836
15089,-1.50146,-0.07073,0.26823
15090,0.61854,-0.01121,0.11370
15091,0.80273,-0.01221,0.10829
15092,0.76625,-0.00948,0.10177
15093,0.97337,-0.00927,0.09351
15094,0.38458,0.04986,0.19250
15095,0.13159,0.04540,0.17889
15096,0.26882,0.05128,0.18522
15097,0.00340,0.04642,0.17231
15098,7.44817,0.13530,0.49869
15099,7.70511,0.14072,0.49377
15100,7.63160,0.13920,0.47859
15101,7.37155,0.13374,0.48272
15102,-0.08837,-0.00631,0.21907
15103,-0.15153,-0.01119,0.21581
15104,-0.07238,-0.00638,0.20675
15105,-0.11898,-0.01139,0.20230
15106,1.10791,-0.05873,0.14311
15107,1.35665,-0.01813,0.79569
15108,1.77686,-0.01911,0.80374
15109,2.36983,-0.01407,0.82796
15110,2.95537,-0.01476,0.83603
15111,3.28639,-0.09901,0.13060
15112,2.16584,-0.11586,0.14488
15113,2.52164,-0.11128,0.14050
15114,3.24833,-0.10086,0.13146
15115,3.40225,0.17187,0.71385
15116,4.58954,0.18606,0.70002
15117,5.34501,0.19144,0.68891
15118,4.25404,0.17823,0.70240
15119,-2.24576,-0.13822,0.20193
15120,-2.90630,-0.14865,0.21106
15121,-3.44984,-0.15367,0.21964
15122,-4.07870,-0.16386,0.22875
15123,1.26142,0.06465,0.25230
15124,-5.08214,-0.25194,0.24690
15125,-6.01281,-0.27037,0.26251
15126,-5.60497,-0.26188,0.25473
15127,-5.52888,-0.26100,0.25505
15128,-4.56571,-0.24201,0.23936
15129,-10.13827,-0.20896,0.54845
15130,-10.06469,-0.20519,0.54317
15131,-10.42083,-0.21265,0.53043
15132,-10.59750,-0.21763,0.52904
15133,-11.66792,0.01045,0.03420
15134,-12.31351,0.00606,0.02474
15135,-12.96893,0.00457,0.02079
15136,-12.40856,0.00788,0.02895
15137,-2.31199,-0.15119,0.22803
15138,-2.64508,-0.15630,0.23786
15139,19.87278,-0.01160,0.93009
15140,24.45035,-0.00414,0.96222
15141,22.07279,-0.00651,0.94940
15142,18.17979,-0.01347,0.92202
15143,-8.94739,0.03821,0.07683
15144,-9.15473,0.03601,0.07447
15145,-7.83957,0.04666,0.08711
15146,-7.31582,0.05213,0.09259
15147,-13.78213,-0.38913,0.46958
15148,-13.67297,-0.39040,0.45748
15149,-13.46284,-0.38748,0.43873
15150,-0.10378,-0.00749,0.21716
15151,-0.08896,-0.00548,0.22937
15152,-0.18098,-0.01118,0.22884
15153,-0.18501,-0.01351,0.21573
15154,0.64766,0.01985,0.64696
15155,0.59925,0.01834,0.65808
15156,-12.68673,-0.39207,0.52706
15157,-12.77330,-0.39198,0.53022
15158,-12.81870,-0.39595,0.51487
15159,-12.91517,-0.39616,0.51704
15160,1.82398,0.11536,0.79647
15161,2.44828,0.12614,0.78357
15162,2.23417,0.12595,0.78807
15163,1.34715,0.11231,0.80494
15164,-5.11893,0.04427,0.89409
15165,-4.61426,0.05367,0.88339
15166,-6.01271,0.04206,0.89912
15167,-6.69940,-0.28168,0.27093
15168,-7.54124,-0.29857,0.28645
15169,-6.78517,-0.28414,0.27339
15170,-9.38305,-0.20129,0.37706
15171,-9.39883,-0.20491,0.37043
15172,-9.85164,-0.20838,0.39426
15173,-9.89619,-0.21280,0.38725
15174,-4.78474,-0.11783,0.28067
15175,-4.60604,-0.11786,0.27256
15176,-5.35991,-0.12600,0.29456
15177,-5.38673,-0.12907,0.29072
15178,1.87219,-0.04758,0.12369
15179,2.39384,-0.03951,0.11050
15180,1.96235,-0.04331,0.11946
15181,1.45583,-0.05145,0.13286
15182,2.15635,0.07529,0.41965
15183,2.47048,0.08644,0.41824
15184,-2.64069,-0.08361,0.70455
15185,-2.56168,-0.08206,0.71562
15186,6.65678,0.21369,0.61016
15187,1.06880,-0.00160,0.04297
15188,0.87943,-0.00211,0.05362
15189,-9.94170,0.02188,0.87762
15190,-8.21450,0.02503,0.86262
15191,0.11683,0.01874,0.18736
15192,0.01551,0.01736,0.17375
15193,0.09589,0.02233,0.18209
15194,0.22083,0.02404,0.19703
15195,2.08320,0.11354,0.24549
15196,2.21478,0.11245,0.25592
15197,1.90071,0.10585,0.24243
15198,2.42896,0.12107,0.25956
15199,2.59495,0.12251,0.27017
15200,-3.88489,-0.13727,0.41432
15201,-3.81336,-0.13335,0.42596
15202,-3.56051,-0.12541,0.41689
15203,-0.93796,-0.04784,0.25295
15204,-0.78693,-0.04163,0.24751
15205,-0.80124,-0.04433,0.24147
15206,-11.15422,-0.35368,0.58810
15207,-11.12928,-0.35396,0.58272
15208,-10.86705,-0.34618,0.59692
15209,-10.75348,-0.34260,0.60562
15210,-12.62618,0.00099,0.00827
15211,-12.29580,0.00126,0.00977
15212,-11.48861,0.00329,0.01831
15213,-1.25552,0.00007,0.97963
15214,-0.39223,0.00008,0.95651
15215,-0.36372,0.00002,0.98330
15216,-1.26298,0.00000,1.00000
15217,-1.36380,0.00024,0.95909
15218,-1.00500,0.00048,0.93189
15219,-4.13939,-0.22793,0.22657
15220,-3.99679,-0.22444,0.22417
15221,-4.77280,-0.23869,0.23557
15222,-1.12418,-0.02784,0.25991
15223,-0.86264,-0.02407,0.24299
15224,-0.95905,-0.02681,0.24273
15225,1.54745,0.09881,0.72258
15226,3.26661,0.11448,0.69526
15227,3.95001,-0.00358,0.03382
15228,3.75104,-0.00555,0.04295
15229,4.07226,-0.00428,0.03626
15230,4.40362,-0.00233,0.02549
15231,-0.82049,-0.03099,0.35198
15232,-0.63788,-0.02375,0.36165
15233,-0.85608,-0.03158,0.36828
15234,-1.12443,-0.04186,0.36128
15235,0.20961,-0.00072,0.08501
15236,0.10025,-0.00058,0.10286
15237,0.26182,0.00781,0.23725
15238,0.18513,0.00501,0.24800
15239,0.36521,0.00978,0.25051
15240,-7.78693,0.02783,0.07663
15241,-8.50149,0.02220,0.06788
15242,-6.79189,0.03366,0.08700
15243,-6.97411,-0.25389,0.69967
15244,-7.11626,-0.25502,0.69597
15245,-6.33756,-0.24006,0.71201
15246,-6.66262,-0.24439,0.70485
15247,-10.76656,-0.34468,0.58962
15248,-11.01649,-0.35258,0.57412
15249,-10.75748,-0.34510,0.58208
15250,-10.42591,-0.33506,0.60023
15251,-4.73582,0.00443,0.03388
15252,-4.16659,0.00654,0.04381
15253,-4.52762,0.00394,0.03269
15254,-4.97343,0.00254,0.02450
15255,11.88749,0.25591,0.50599
15256,12.09841,0.26230,0.49055
15257,11.99395,0.25821,0.48403
15258,11.77982,0.25176,0.50309
15259,-1.17548,-0.03682,0.59232
15260,-1.69448,-0.05316,0.59382
15261,-1.41228,-0.04446,0.58304
15262,-1.77449,-0.05605,0.57885
15263,-12.08006,-0.38937,0.48704
15264,-12.19342,-0.39222,0.48090
15265,-8.30351,0.00714,0.91119
15266,-8.83152,0.00803,0.90974
15267,10.39133,-0.00557,0.03344
15268,11.37333,-0.00358,0.02552
15269,9.56569,-0.00900,0.04443
15270,-9.28777,-0.32812,0.31670
15271,-9.38557,-0.33141,0.31988
15272,9.84772,0.33897,0.44132
15273,-4.52998,0.03572,0.10532
15274,-5.51487,0.02778,0.09106
15275,5.28177,-0.01853,0.92720
15276,6.03277,-0.01195,0.94223
15277,6.32318,-0.01404,0.93872
15278,5.94219,-0.01859,0.92926
15279,-1.39009,-0.05434,0.32975
15280,-1.16820,-0.04657,0.32003
15281,-1.25141,-0.04835,0.33623
15282,-0.99206,-0.03885,0.32955
15283,-7.29942,-0.13230,0.47590
15284,-7.56775,-0.13809,0.47411
15285,-7.67292,-0.14013,0.48735
15286,5.42596,0.19781,0.69042
15287,3.40867,0.17647,0.71546
15288,11.76240,0.36335,0.58691
15289,-2.03797,0.02984,0.10660
15290,-2.53567,0.02309,0.09149
15291,-2.39065,0.02786,0.09932
15292,-2.89901,0.02178,0.08538
15293,-3.28584,0.00402,0.03875
15294,-3.66866,0.00223,0.02706
15295,-3.09737,0.00370,0.03818
15296,-2.90493,0.00557,0.04801
15297,-3.24861,-0.10142,0.66748
15298,-3.63583,-0.11413,0.67057
15299,-3.57615,-0.11181,0.65682
15300,-3.94196,-0.12373,0.65663
15301,-4.86005,-0.20470,0.70331
15302,-4.54322,-0.20368,0.70815
15303,-3.06209,-0.18656,0.72455
15304,-2.97504,-0.18288,0.72449
15305,-2.53936,-0.20298,0.20659
15306,-1.54771,-0.18536,0.19308
15307,-2.05157,-0.19438,0.20014
15308,-1.15253,-0.17854,0.18806
15309,4.12077,0.19598,0.22376
15310,5.32581,0.21410,0.24116
15311,4.53717,0.20414,0.22952
15312,5.71990,0.22290,0.24690
15313,5.94041,-0.07436,0.86909
15314,4.00140,-0.09128,0.85138
15315,4.94046,-0.07896,0.86320
15316,7.12660,-0.06140,0.88266
15317,-1.21030,-0.03731,0.66993
15318,-1.39357,-0.04297,0.65742
15319,-0.97445,-0.03000,0.65772
15320,-0.76974,-0.02373,0.67547
15321,0.93342,0.06930,0.21540
15322,0.72152,0.06641,0.20419
15323,0.95772,0.07290,0.21397
15324,0.78264,0.07186,0.20453
15325,4.47524,-0.00536,0.95644
15326,5.29511,-0.00411,0.96381
15327,4.48558,-0.00733,0.94961
15328,5.36156,-0.00619,0.95611
15329,-0.53144,-0.08691,0.73608
15330,-2.28784,-0.09964,0.70751
15331,-1.92711,-0.09982,0.71492
15332,0.00336,-0.08659,0.74417
15333,-1.63864,-0.02748,0.48760
15334,-1.67177,-0.02810,0.51183
15335,-1.42731,-0.02382,0.50273
15336,-8.28267,-0.27973,0.67183
15337,-4.85014,-0.24482,0.23934
15338,-5.26803,-0.25335,0.24638
15339,-12.16507,0.01793,0.04784
15340,6.07353,0.26485,0.25696
15341,6.94255,0.28149,0.27152
15342,6.20647,0.26840,0.25973
15343,7.04460,0.28467,0.27404
15344,-9.70634,-0.31656,0.64821
15345,-8.91626,-0.30062,0.66533
15346,-9.45249,-0.31101,0.65441
15347,-10.24276,-0.32734,0.63624
15348,1.82089,-0.12798,0.15045
15349,1.50792,-0.13283,0.15399
15350,0.80116,-0.14286,0.16213
15351,0.42203,-0.14917,0.16663
15352,-9.60230,-0.19339,0.41976
15353,-10.45946,-0.34369,0.52423
15354,-10.24346,-0.33766,0.52163
15355,-10.32132,-0.33824,0.53435
15356,-10.47011,-0.34194,0.53962
15357,-1.44278,0.02361,0.13128
15358,-2.13266,0.01918,0.11320
15359,-1.90040,0.01938,0.11732
15360,-2.50793,0.01545,0.10107
15361,0.60498,-0.01119,0.13646
15362,0.74232,-0.01191,0.13250
15363,0.44056,-0.01354,0.14840
15364,0.47602,-0.01523,0.14899
15365,-1.51084,-0.03118,0.64113
15366,-1.91381,-0.03591,0.61087
15367,-1.92954,-0.03772,0.62545
15368,-1.58721,-0.03432,0.65040
15369,2.95320,0.05028,0.45378
15370,2.76833,0.04683,0.46590
15371,2.50494,0.04243,0.45950
15372,-18.80847,0.04327,0.89339
15373,-19.47230,0.04090,0.89766
15374,1.94463,-0.00860,0.07024
15375,1.68234,-0.00830,0.07342
15376,1.63123,-0.01090,0.08242
15377,1.86765,-0.01119,0.07913
15378,-12.24195,-0.39536,0.45234
15379,-12.13635,-0.39368,0.45414
15380,-12.32947,-0.39607,0.46421
15381,-12.48355,-0.39813,0.46607
15382,-11.03168,-0.34851,0.60482
15383,-10.97323,-0.34622,0.61001
15384,-11.29990,-0.35489,0.59679
15385,-11.37878,-0.35776,0.59054
15386,-8.79994,-0.31905,0.38529
15387,-8.40142,-0.31030,0.37031
15388,-30.68858,0.00725,0.95988
15389,-29.88829,0.00860,0.95608
15390,-25.08630,0.01921,0.92965
15391,12.68987,0.37787,0.40200
15392,13.15019,0.38469,0.42269
15393,12.90173,0.38341,0.41278
15394,13.25927,0.38840,0.43078
15395,-4.96117,-0.20021,0.23670
15396,-5.99998,-0.21541,0.25273
15397,-4.46342,-0.19108,0.22966
15398,-10.44560,-0.30287,0.33285
15399,3.92728,-0.09945,0.12647
15400,3.80070,-0.10150,0.12803
15401,4.83019,-0.08775,0.11671
15402,5.44789,-0.07969,0.10993
15403,10.49753,0.34489,0.52012
15404,10.47878,0.34213,0.53617
15405,4.06853,-0.00505,0.95589
15406,4.37850,-0.00288,0.96716
15407,4.92777,-0.00325,0.96660
15408,4.43715,-0.00568,0.95483
15409,-7.71224,-0.27273,0.68157
15410,-6.74217,-0.25862,0.69590
15411,-7.68174,-0.27345,0.68299
15412,0.80481,-0.12369,0.16194
15413,26.54164,-0.01531,0.93800
15414,22.30403,-0.02616,0.91478
15415,18.04037,-0.04056,0.88973
15416,-0.89643,-0.09861,0.18623
15417,-1.81138,-0.10856,0.20082
15418,-1.07141,-0.09879,0.18917
15419,-1.37811,-0.10525,0.19354
15420,-2.46634,-0.11826,0.21098
15421,-0.85070,-0.08777,0.18710
15422,3.91631,-0.03412,0.10860
15423,3.79296,-0.03296,0.10871
15424,-6.99311,-0.27223,0.34060
15425,-6.53921,-0.26132,0.32713
15426,-6.72046,-0.26383,0.33664
15427,-7.09804,-0.27315,0.34790
15428,11.84091,-0.00101,0.00903
15429,11.52891,-0.00123,0.00998
15430,2.85147,0.05083,0.39156
15431,2.54384,0.04584,0.37901
15432,9.74012,0.34770,0.37779
15433,9.26881,0.33765,0.36310
15434,9.54334,0.34411,0.36679
15435,10.05986,0.35483,0.38406
15436,5.08225,-0.01114,0.06844
15437,5.98168,-0.00764,0.05381
15438,5.21744,-0.01197,0.06950
15439,4.40266,-0.01540,0.08243
15440,-2.18605,-0.07103,0.52769
15441,-1.80262,-0.05877,0.51948
15442,-2.25646,-0.07371,0.51865
15443,-5.50680,-0.09825,0.42922
15444,-5.70304,-0.10101,0.44634
15445,-5.38094,-0.09479,0.44342
15446,-5.61165,-0.09838,0.46702
15447,3.26104,0.05938,0.37563
15448,3.05093,0.05508,0.38131
15449,3.30464,0.05902,0.39315
15450,3.52933,0.06323,0.39285
15451,-6.63835,0.02472,0.08030
15452,10.81310,0.37061,0.40125
15453,-1.94114,-0.06013,0.68143
15454,-2.30793,-0.07174,0.68001
15455,-1.22317,-0.03981,0.52129
15456,-1.43046,-0.04696,0.50749
15457,-1.05517,-0.03461,0.50898
15458,-10.54421,-0.34819,0.51017
15459,-10.68987,-0.35009,0.52571
15460,4.29797,0.14634,0.72071
15461,4.24104,0.14788,0.72808
15462,-11.77167,-0.28911,0.38579
15463,-12.08259,-0.29603,0.39539
15464,-12.19758,-0.29420,0.40386
15465,-12.39939,-0.29933,0.41054
15466,2.06953,0.12492,0.23427
15467,1.86246,0.12233,0.22648
15468,1.50323,0.11530,0.21531
15469,-8.56338,-0.28565,0.65838
15470,-8.97224,-0.29633,0.64887
15471,-9.02488,-0.29654,0.64300
15472,-9.46961,-0.30865,0.63178
15473,2.82623,0.10962,0.33680
15474,-0.93960,-0.03428,0.70227
15475,-1.44072,-0.03683,0.67370
15476,5.01777,0.10907,0.63507
15477,5.86316,0.11820,0.60930
15478,5.42491,0.11098,0.61755
15479,6.15611,0.11949,0.59207
15480,2.42022,0.11402,0.27008
15481,-6.29549,-0.25875,0.25664
15482,-5.94290,-0.25123,0.25090
15483,-5.47706,-0.24401,0.24402
15484,-5.60450,-0.24762,0.24621
15485,-9.75761,-0.34983,0.36216
15486,-9.45328,-0.34323,0.35791
15487,-10.02864,-0.35532,0.37359
15488,7.44932,-0.05632,0.09200
15489,9.08607,-0.04152,0.07636
15490,7.87224,-0.05272,0.08792
15491,6.70830,-0.06415,0.09927
15492,-2.74370,0.00458,0.04501
15493,-2.61114,0.00667,0.05475
15494,-1.46389,-0.08963,0.23168
15495,-1.18581,-0.08465,0.21898
15496,-1.19094,-0.08180,0.22169
15497,-1.42019,-0.08582,0.23284
15498,8.89317,0.21507,0.61975
15499,9.72613,0.22919,0.60395
15500,3.23501,0.13150,0.70300
15501,3.93126,0.13465,0.69082
15502,1.82417,0.18650,0.19481
15503,0.59904,0.16667,0.17938
15504,0.84347,0.16990,0.18224
15505,-1.36160,0.02015,0.10696
15506,-1.23097,0.01806,0.10665
15507,-31.99178,0.00326,0.97345
15508,-35.33258,0.00144,0.98490
15509,-35.10697,0.00150,0.98433
15510,-13.91415,0.00190,0.01140
15511,13.16490,0.39980,0.45130
15512,12.97303,0.39905,0.44318
15513,-5.91576,-0.19178,0.25807
15514,-6.71416,-0.20294,0.27220
15515,-6.37952,-0.19555,0.26722
15516,-2.56848,-0.10387,0.21891
15517,-3.25338,-0.11374,0.23127
15518,-5.73805,-0.18519,0.57069
15519,-5.50232,-0.17811,0.56047
15520,-5.36230,-0.17254,0.57346
15521,-0.98994,-0.03075,0.61450
15522,-0.87590,-0.02731,0.60250
15523,-0.57484,-0.01786,0.61227
15524,-12.14457,-0.37935,0.55158
15525,-9.91695,0.00738,0.96022
15526,-9.36827,0.00653,0.96195
15527,-8.42063,0.01096,0.94941
15528,-8.77487,0.01228,0.94718
15529,4.50403,0.07783,0.52986
15530,4.29864,0.07394,0.51980
15531,4.60136,0.07909,0.50790
15532,-1.82494,-0.12355,0.22421
15533,-1.56868,-0.11380,0.21871
15534,-2.01878,-0.12541,0.23158
15535,0.36810,0.04552,0.73384
15536,1.51828,0.05472,0.70184
15537,-2.85238,-0.09067,0.57186
15538,-2.31433,-0.07369,0.56416
15539,-2.46449,-0.07798,0.57849
15540,-8.39002,-0.29046,0.67576
15541,-8.65084,-0.29529,0.67071
15542,-1.07764,-0.09731,0.81212
15543,-1.34590,-0.09718,0.80717
15544,-1.47790,0.10010,0.14929
15545,-1.55110,0.09621,0.14742
15546,-2.36938,0.08441,0.13432
15547,-12.19892,0.00163,0.01127
15548,-8.37995,-0.29966,0.40726
15549,-8.05580,-0.28971,0.40289
15550,-8.43058,-0.29856,0.41901
15551,9.00627,-0.03486,0.07473
15552,10.74853,-0.02322,0.05831
15553,9.90081,-0.02898,0.06622
15554,-2.51721,-0.11867,0.27072
15555,-2.16667,-0.11131,0.25453
15556,-2.20139,-0.10891,0.26079
15557,8.20016,0.28634,0.67881
15558,-16.28949,0.00935,0.95977
15559,-16.73227,0.00613,0.96808
15560,-14.78505,0.01220,0.95301
15561,-6.00270,-0.23142,0.71806
15562,6.26166,-0.00490,0.04303
15563,5.79193,-0.00750,0.05432
15564,5.05358,-0.00965,0.06501
15565,12.67460,0.32053,0.40708
15566,12.60165,0.31532,0.40693
15567,-5.31164,-0.21957,0.24031
15568,-5.81631,-0.22572,0.24807
15569,-4.60634,-0.24196,0.24459
15570,-4.70880,-0.24364,0.24733
15571,-6.48525,-0.22803,0.70029
15572,-5.82134,-0.21540,0.71749
15573,-6.57103,-0.23279,0.70090
15574,-0.20504,-0.00365,0.54024
15575,-0.35670,-0.00625,0.50917
15576,-0.51868,-0.00889,0.53488
15577,5.08383,0.08845,0.46452
15578,5.17529,0.08960,0.49067
15579,5.42551,0.09489,0.46680
15580,-9.60810,-0.31438,0.64388
15581,-10.17880,-0.32786,0.62603
15582,-9.46208,-0.31063,0.64560
15583,3.45579,0.12230,0.41022
15584,3.50851,0.12284,0.42228
15585,3.26282,0.11482,0.41545
15586,3.15336,0.11205,0.40468
15587,14.21462,-0.04466,0.87003
15588,9.88166,-0.06313,0.83854
15589,10.62953,-0.06220,0.84323
15590,4.14818,-0.00054,0.01585
15591,4.24347,-0.00082,0.01995
15592,-2.86136,0.00474,0.06173
15593,-3.52609,0.00273,0.04298
15594,-6.92914,0.00101,0.01176
15595,14.92234,-0.00257,0.01367
15596,6.44638,0.11659,0.54140
15597,5.97362,0.10991,0.56795
15598,6.34492,0.11681,0.56052
15599,5.81694,0.26615,0.26797
15600,4.90751,0.24729,0.25116
15601,5.44458,0.25870,0.26002
15602,-0.29112,-0.00541,0.34340
15603,-0.35822,-0.00643,0.36425
15604,-0.11251,-0.00191,0.36221
15605,-5.00493,0.09337,0.85160
15606,-2.95480,0.11074,0.83435
15607,12.38563,0.29470,0.54977
15608,12.44353,0.29304,0.54315
15609,9.37531,0.30363,0.60432
15610,9.01529,0.29238,0.61433
15611,9.31752,0.30182,0.59729
15612,5.41017,-0.00077,0.01741
15613,4.43222,0.07604,0.49395
15614,4.08863,0.07005,0.50721
15615,-13.73777,-0.39282,0.47294
15616,-13.64938,-0.39503,0.46531
15617,5.77257,-0.00873,0.04349
15618,5.07276,-0.01314,0.05566
15619,-7.54893,-0.25657,0.47894
15620,-7.34357,-0.25223,0.46239
15621,-7.24594,-0.24652,0.47695
15622,-13.33706,0.00187,0.01176
15623,-12.82504,0.00289,0.01573
15624,0.37680,-0.00005,0.01086
15625,-0.01812,0.00000,0.01327
15626,8.12628,-0.01085,0.04091
15627,7.21684,-0.01646,0.05262
15628,9.25356,0.19644,0.58315
15629,8.79885,0.19386,0.60149
15630,9.63893,0.20511,0.57677
15631,-8.73917,-0.29959,0.46335
15632,4.65754,0.15257,0.69806
15633,4.30021,0.14032,0.70173
15634,4.66531,0.15051,0.68669
15635,9.91543,0.30462,0.64271
15636,10.97162,0.32333,0.62068
15637,10.54825,0.31360,0.62917
15638,8.64822,-0.03738,0.07781
15639,9.22472,-0.03234,0.07194
15640,10.16655,-0.02634,0.06319
15641,0.10516,0.01603,0.84400
15642,0.06490,0.00967,0.84498
15643,4.59599,0.22453,0.73637
15644,4.85369,0.22701,0.73383
15645,6.91110,0.20652,0.66530
15646,7.85279,0.22051,0.65165
15647,8.52889,0.22600,0.63841
15648,0.41831,-0.03349,0.16226
15649,-1.28652,-0.04188,0.52179
15650,-6.07084,0.07117,0.10578
15651,-5.58042,0.07699,0.11069
15652,-7.18477,0.05977,0.09474
15653,-4.02186,-0.18328,0.28163
15654,-3.58047,-0.17434,0.26658
15655,-3.55125,-0.17010,0.26988
15656,3.18140,-0.01053,0.08155
15657,3.29469,-0.01172,0.08367
15658,2.57363,-0.01479,0.09924
15659,-8.65596,0.00275,0.01878
15660,-6.02613,-0.15724,0.28219
15661,-6.92259,-0.16947,0.30248
15662,-6.64187,-0.16272,0.29909
15663,5.47025,0.21160,0.34605
15664,-7.13292,-0.22346,0.66915
15665,-7.26292,-0.22197,0.66581
15666,-7.34952,-0.25372,0.45574
15667,3.07482,0.19064,0.23252
15668,3.25137,0.19197,0.23767
15669,2.58524,0.17825,0.22362
15670,-5.00793,0.01099,0.06789
15671,-6.08099,0.00664,0.04952
15672,-5.71093,0.00690,0.05207
15673,-1.10741,-0.05908,0.24667
15674,-1.16597,-0.06462,0.24179
15675,-0.95834,-0.05755,0.23250
15676,5.24845,0.21566,0.31586
15677,4.93366,0.20964,0.30277
15678,10.44701,0.25711,0.35446
15679,10.31635,0.25916,0.34750
15680,9.70534,0.24786,0.33355
15681,15.65619,-0.00250,0.01357
15682,-0.55535,-0.08082,0.18257
15683,0.14800,-0.07161,0.17058
15684,0.37111,-0.07153,0.16689
15685,5.53567,0.19310,0.43522
15686,12.40436,-0.07363,0.86767
15687,15.97708,-0.05405,0.88989
15688,9.78218,0.31760,0.62992
15689,9.35200,0.30730,0.64479
15690,4.10600,0.10202,0.27365
15691,4.30728,0.10152,0.28511
15692,4.83638,0.10941,0.29848
15693,-10.83966,0.02381,0.05351
15694,-12.08820,0.01533,0.04123
15695,3.29773,0.14109,0.29731
15696,3.05387,0.13239,0.29259
15697,2.95996,0.13277,0.28291
15698,12.59265,0.38435,0.54984
15699,12.50973,0.37905,0.56150
15700,12.25973,0.37436,0.56993
15701,3.14391,0.05456,0.42782
15702,2.90635,0.05143,0.40035
15703,2.84430,0.04921,0.42874
15704,-4.36054,0.04425,0.81046
15705,-2.87348,0.05483,0.78845
15706,-1.88915,0.05684,0.77570
15707,2.55942,0.08014,0.23671
15708,2.73432,0.07936,0.24490
15709,3.28540,0.08718,0.25870
15710,0.55992,-0.00144,0.07515
15711,0.59580,-0.00251,0.09083
15712,0.38797,-0.00209,0.09867
15713,2.12793,0.19525,0.20271
15714,3.15710,0.21460,0.21765
15715,2.81913,0.20797,0.21310
15716,-6.76400,-0.14065,0.34504
15717,-6.89571,-0.14568,0.34046
15718,-7.31457,-0.14914,0.36138
15719,0.90550,-0.15178,0.80011
15720,2.79703,0.17158,0.20621
15721,1.82151,0.15864,0.19346
15722,-11.75672,-0.36643,0.57943
15723,-12.02037,-0.37185,0.57251
15724,-12.08043,-0.37557,0.56288
15725,1.27472,-0.00019,0.01736
15726,-9.25764,0.03828,0.07451
15727,17.28746,-0.04920,0.88500
15728,12.84657,-0.07088,0.85836
15729,-0.40582,0.00790,0.11493
15730,-0.27002,0.00777,0.12617
15731,-11.18253,-0.30227,0.35439
15732,-0.76123,0.12466,0.16205
15733,0.46179,0.13902,0.17652
15734,0.80046,0.14562,0.18068
15735,-2.44579,0.02554,0.11807
15736,0.82016,0.03501,0.79801
15737,0.61111,0.02950,0.80967
15738,0.66150,0.02790,0.79840
15739,3.86053,0.11711,0.24657
15740,4.10238,0.11718,0.25418
15741,4.85603,0.12831,0.26963
15742,-2.79246,-0.09065,0.72139
15743,-2.43368,-0.07930,0.72775
15744,0.16044,0.00299,0.37194
15745,0.11005,0.00211,0.34980
15746,13.35480,-0.00153,0.01101
15747,12.47747,-0.00156,0.01078
15748,-0.10546,-0.00192,0.57283
15749,-0.24027,-0.00453,0.60300
15750,0.02411,0.00047,0.60413
15751,-3.33311,0.10315,0.13129
15752,-4.38171,0.08740,0.11846
15753,-4.57913,0.08586,0.11672
15754,5.84874,-0.00081,0.01625
15755,12.45290,-0.00169,0.01484
15756,-4.69284,-0.23777,0.25474
15757,-5.48283,-0.25544,0.26943
15758,-4.63082,-0.23753,0.25220
15759,-23.59476,0.00131,0.98009
15760,-20.23755,0.00502,0.95277
15761,-21.19307,0.00260,0.96787
15762,-17.36255,0.00809,0.93594
15763,18.95281,-0.04359,0.89826
15764,17.19829,-0.05076,0.88775
15765,14.51210,-0.06408,0.87227
15766,2.03327,0.09643,0.78910
15767,1.53719,0.09075,0.80284
15768,1.47108,0.08349,0.80363
15769,-3.12337,-0.05673,0.37495
15770,-2.84882,-0.05334,0.35240
15771,-3.14179,-0.05886,0.35484
15772,-2.54072,-0.04288,0.52268
15773,-2.71884,-0.04568,0.49421
15774,-2.94033,-0.04950,0.51389
15775,7.54951,-0.02675,0.07702
15776,8.49362,-0.02216,0.06798
15777,6.74023,-0.03321,0.08713
15778,-7.60875,-0.26952,0.42231
15779,-7.59934,-0.26722,0.43139
15780,-11.33392,-0.37139,0.37213
15781,-11.78550,-0.37883,0.38539
15782,-11.35622,0.02000,0.88660
15783,-13.43100,0.01638,0.90206
15784,-9.28566,0.02902,0.86173
15785,-1.47113,0.12225,0.15286
15786,-1.83834,0.11442,0.14742
15787,-2.58017,0.10372,0.13749
15788,13.73391,0.36597,0.45588
15789,13.75631,0.37037,0.45703
15790,13.54737,0.36769,0.43808
15791,-16.34442,0.00213,0.01262
15792,3.27853,-0.00038,0.01520
15793,-9.01573,-0.19052,0.37668
15794,-8.85372,-0.18527,0.37812
15795,7.50705,-0.05749,0.09014
15796,3.52114,-0.06581,0.12744
15797,0.63426,0.09617,0.19075
15798,0.09199,0.08669,0.17586
15799,0.42243,0.09517,0.18456
15800,0.40529,0.06210,0.18924
15801,0.52482,0.06830,0.19315
15802,-8.37832,-0.28620,0.67158
15803,-7.83296,-0.27596,0.68454
15804,-8.72982,-0.29472,0.66474
15805,-5.55383,0.00086,0.01730
15806,-0.33231,0.01209,0.87862
15807,-0.53581,0.01581,0.88164
15808,-0.57553,0.01108,0.89161
15809,-7.38758,-0.13467,0.46764
15810,-7.49501,-0.13847,0.44441
15811,-7.70137,-0.14129,0.46629
15812,4.21807,0.16045,0.23244
15813,3.27149,0.14899,0.21742
15814,2.28529,-0.00348,0.05963
15815,2.68387,-0.00237,0.04613
15816,2.92697,-0.00120,0.03124
15817,-8.57295,0.09930,0.83880
15818,-8.29349,0.10152,0.83528
15819,-6.24787,0.11667,0.82259
15820,-8.62663,0.09840,0.84099
15821,-7.65202,0.00100,0.01102
15822,-1.84351,0.10856,0.76699
15823,-1.32035,0.10940,0.76169
15824,-4.14048,0.09163,0.78959
15825,0.98294,0.14844,0.79593
15826,-0.50511,0.13239,0.81224
15827,-0.10874,0.13267,0.81020
15828,-0.03201,-0.00105,0.48853
15829,-0.29043,-0.00973,0.47520
15830,-3.55358,-0.19074,0.25006
15831,-4.05728,-0.19987,0.26427
15832,-4.23576,-0.20652,0.26627
15833,13.35205,-0.01323,0.03829
15834,11.59285,-0.02305,0.05333
15835,12.87611,-0.01520,0.04173
15836,10.04137,0.29894,0.63692
15837,11.02150,0.31713,0.61706
15838,11.19542,0.31739,0.61233
15839,8.58347,-0.01387,0.05688
15840,10.15230,-0.00761,0.03957
15841,1.92125,0.16867,0.20911
15842,1.64590,0.16528,0.20343
15843,0.51099,0.09587,0.18709
15844,1.04429,0.10649,0.20183
15845,0.69465,0.09649,0.19266
15846,-5.44413,-0.14293,0.27568
15847,-6.06132,-0.15295,0.28784
15848,-6.36707,-0.15436,0.29819
15849,8.84568,0.29685,0.66196
15850,9.52294,0.31218,0.64567
15851,8.98632,0.30052,0.66023
15852,8.28182,0.28554,0.67561
15853,4.97290,0.21540,0.29606
15854,4.76979,0.21362,0.28592
15855,5.23448,0.22400,0.29987
15856,2.96191,-0.13762,0.78576
15857,6.17671,-0.11341,0.81199
15858,15.62854,-0.00254,0.01356
15859,15.61327,-0.00307,0.01531
15860,-2.41462,-0.11185,0.27436
15861,1.31021,0.16362,0.18679
15862,3.12557,-0.08749,0.13447
15863,1.53999,-0.10505,0.15247
15864,2.64807,-0.09131,0.13969
15865,-5.92004,0.09599,0.80487
15866,-8.71283,0.08058,0.82688
15867,-5.67594,-0.18253,0.57776
15868,-5.65317,-0.18087,0.59409
15869,-6.04248,-0.19426,0.58493
15870,-10.64091,0.01360,0.04881
15871,-9.60670,0.01813,0.05856
15872,-9.26431,0.02076,0.06282
15873,12.88460,0.30863,0.53276
15874,12.21918,0.29431,0.55988
15875,12.44384,0.30165,0.55419
15876,-3.53186,-0.11031,0.64393
15877,-3.69632,-0.11578,0.63083
15878,8.67218,0.32559,0.31817
15879,7.87185,0.30918,0.30137
15880,8.25970,0.31662,0.30749
15881,0.55842,-0.02775,0.15721
15882,0.34992,-0.03153,0.16496
15883,-0.02109,-0.03352,0.17703
15884,9.80523,0.27222,0.32363
15885,8.93902,0.25815,0.30557
15886,-9.34493,-0.30927,0.65552
15887,-8.55796,-0.29331,0.67202
15888,9.90165,-0.00149,0.01577
15889,-4.92330,-0.08634,0.53969
15890,-5.32359,-0.09289,0.51850
15891,-5.13786,-0.09102,0.54813
15892,12.66740,-0.00137,0.01319
15893,11.47181,-0.00193,0.01683
15894,3.40401,0.12256,0.74612
15895,3.45951,0.12763,0.74929
15896,2.97817,0.11567,0.76235
15897,0.32520,0.01102,0.44612
15898,0.30730,0.01051,0.43234
15899,0.66780,0.02291,0.43428
15900,-7.31147,0.10886,0.82885
15901,-10.34429,0.08796,0.84884
15902,-10.05159,0.08957,0.84851
15903,-10.20429,-0.33310,0.54650
15904,-10.26260,-0.33686,0.53021
15905,-10.04973,-0.32929,0.53976
15906,-2.34022,0.02044,0.09015
15907,-1.89625,0.02413,0.10214
15908,-2.23166,0.01824,0.08813
15909,24.42218,-0.02378,0.92669
15910,20.55352,-0.03664,0.90644
15911,6.88613,0.21078,0.27271
15912,7.53590,0.22244,0.28374
15913,-1.65669,-0.05679,0.44348
15914,-1.30389,-0.04464,0.44401
15915,-1.45813,-0.04940,0.45820
15916,11.14663,0.30153,0.35351
15917,11.74179,0.31191,0.37005
15918,11.16031,0.30585,0.35249
15919,-10.93278,0.00759,0.03645
15920,-10.44071,0.01072,0.04448
15921,-12.03669,0.00454,0.02638
15922,-16.33733,0.00168,0.01139
15923,-12.95912,0.02566,0.88363
15924,-8.62470,0.04151,0.84436
15925,-6.21337,-0.14181,0.30915
15926,-6.37052,-0.14070,0.31956
15927,-5.83893,-0.13496,0.30233
15928,-12.81256,-0.34644,0.56619
15929,-12.17186,-0.33178,0.58668
15930,-12.73358,-0.34178,0.56806
15931,-9.56853,-0.32699,0.46102
15932,-9.75788,-0.32985,0.47788
15933,-9.84446,-0.33437,0.46757
15934,3.20969,0.10509,0.51631
15935,3.14869,0.10403,0.50107
15936,-9.59128,0.00353,0.02031
15937,12.31283,-0.00161,0.01125
15938,-11.41552,-0.37802,0.38525
15939,-11.00901,-0.36976,0.37072
15940,-10.90459,-0.36915,0.37110
15941,4.80307,-0.07683,0.11123
15942,3.86262,-0.09098,0.12318
15943,8.23481,0.30294,0.37623
15944,7.98155,0.29458,0.37550
15945,7.79593,0.29221,0.36269
15946,-20.80500,0.01404,0.92671
15947,-16.46051,0.02400,0.89813
15948,-20.40728,0.01318,0.92774
15949,4.84138,-0.08579,0.11805
15950,3.65829,-0.10050,0.13040
15951,3.64479,-0.10001,0.13056
15952,6.23840,0.22112,0.41905
15953,5.85637,0.20817,0.41491
15954,-7.26352,0.03255,0.08316
15955,-6.24752,0.04121,0.09502
15956,-7.65565,0.03107,0.07962
15957,1.58453,-0.00779,0.92611
15958,-3.37531,-0.10617,0.68013
15959,-3.22133,-0.10227,0.69638
15960,11.61909,-0.01461,0.04031
15961,10.49018,-0.02184,0.05126
15962,10.57878,-0.02203,0.05133
15963,7.35936,-0.00093,0.01078
15964,7.79415,0.27719,0.68256
15965,7.20504,0.26833,0.69231
15966,5.20206,0.22624,0.23899
15967,-12.41004,0.00198,0.01577
15968,-17.02383,0.05141,0.88923
15969,-14.93975,0.06085,0.87868
15970,-13.61091,0.06864,0.86878
15971,-13.46230,-0.38686,0.52870
15972,-13.20509,-0.38141,0.54523
15973,-13.17669,-0.37729,0.54938
15974,-0.24442,-0.00958,0.21661
15975,-0.38032,-0.01285,0.22658
15976,-0.37791,-0.01128,0.23674
15977,-0.74531,0.02054,0.12531
15978,-0.56408,0.02001,0.13219
15979,-0.76792,0.01675,0.11846
15980,6.51955,0.15682,0.30134
15981,3.16541,-0.00726,0.05250
15982,3.50796,-0.00460,0.04035
15983,3.11753,-0.00574,0.04746
15984,2.85989,0.19800,0.22204
15985,2.22857,0.18658,0.21052
15986,2.99092,0.20231,0.22344
15987,-0.75039,0.00010,0.01602
15988,0.68418,0.09260,0.19304
15989,1.00199,0.10164,0.20179
15990,8.09353,0.26354,0.63436
15991,7.80712,0.25584,0.64887
15992,-3.47258,0.01182,0.08303
15993,-3.64206,0.01250,0.08319
15994,-4.22566,0.00874,0.06800
15995,-6.84331,0.06197,0.09751
15996,-6.02171,0.07089,0.10570
15997,-7.87310,-0.26295,0.66517
15998,-8.30904,-0.27352,0.64896
15999,-7.87156,-0.26093,0.65961
16000,0.95532,0.04343,0.71366
16001,1.97479,0.05270,0.67951
16002,1.86053,0.04848,0.67732
16003,12.00920,-0.01863,0.04588
16004,11.93058,-0.01928,0.04678
16005,8.78001,0.27949,0.29795
16006,9.74752,0.29409,0.31726
16007,9.38133,0.29149,0.30957
16008,-1.19071,-0.11147,0.18915
16009,-1.71456,-0.11991,0.19652
16010,-2.46475,-0.12745,0.20818
16011,-10.45863,0.08163,0.86160
16012,0.45181,0.05893,0.83118
16013,0.01105,0.05258,0.84320
16014,-8.29855,-0.31797,0.32913
16015,-8.92789,-0.33151,0.34620
16016,-14.30043,0.00624,0.02621
16017,-15.59980,0.00198,0.01269
16018,-3.27327,-0.10540,0.54821
16019,-3.66602,-0.11772,0.55816
16020,-3.63803,-0.11751,0.54584
16021,-7.25296,0.04228,0.07928
16022,-7.05890,0.04285,0.08048
16023,-8.06685,0.03345,0.06920
16024,4.82121,0.15121,0.25049
16025,-1.14581,0.00015,0.96705
16026,-1.94600,0.00013,0.97753
16027,10.22509,0.21797,0.39916
16028,10.60237,0.22547,0.41126
16029,10.15337,0.22086,0.38719
16030,2.95430,0.14045,0.71054
16031,1.12195,0.12332,0.73343
16032,1.01248,0.12581,0.73544
16033,10.30473,-0.01239,0.04824
16034,10.21506,-0.01386,0.05093
16035,-11.35472,-0.28390,0.37101
16036,-11.92277,-0.29343,0.38937
16037,-11.85895,-0.28859,0.39075
16038,-5.25144,-0.09647,0.39365
16039,-5.23541,-0.09801,0.37854
16040,-5.61655,-0.10295,0.40075
16041,-7.00472,0.05104,0.09410
16042,-8.72074,0.03746,0.07749
16043,-14.94392,0.00168,0.01263
16044,7.41520,-0.05743,0.09206
16045,5.95604,-0.07242,0.10640
16046,7.23051,-0.05867,0.09369
16047,-0.74823,-0.02608,0.42488
16048,-0.33258,-0.01162,0.42716
16049,-0.65597,-0.02262,0.43874
16050,-3.66235,0.00026,0.97652
16051,-3.33749,0.00091,0.94807
16052,-2.88637,0.00046,0.96036
16053,-3.46286,0.00014,0.98251
16054,-4.29465,0.00000,1.00000
16055,-4.44706,-0.16446,0.37419
16056,-4.60044,-0.16707,0.38985
16057,-4.79057,-0.17527,0.38429
16058,4.72324,0.17171,0.38909
16059,5.07125,0.18306,0.39689
16060,5.85048,-0.03598,0.90522
16061,4.30420,-0.04587,0.88936
16062,5.42482,-0.03519,0.90477
16063,-3.04508,-0.12295,0.31875
16064,-3.02262,-0.12557,0.30738
16065,-5.92597,-0.25049,0.25064
16066,6.52290,0.25373,0.69712
16067,4.94596,0.23200,0.71718
16068,1.44785,0.04799,0.74678
16069,1.14051,0.03927,0.76178
16070,1.11770,0.03711,0.75016
16071,-3.37963,0.01396,0.08763
16072,-3.48150,0.01487,0.08866
16073,13.49688,-0.00505,0.02142
16074,12.18174,-0.01116,0.03462
16075,12.91377,-0.00809,0.02850
16076,-15.25360,0.00196,0.01175
16077,3.00554,0.15377,0.21168
16078,4.21132,0.16876,0.22984
16079,4.01324,0.16856,0.22626
16080,-4.26446,-0.08118,0.35785
16081,-3.89800,-0.07697,0.33598
16082,-7.56832,-0.14884,0.57805
16083,-9.94274,-0.34116,0.44740
16084,-9.63739,-0.33320,0.44029
16085,-0.17135,-0.00561,0.50729
16086,0.07645,0.00250,0.51488
16087,-0.36019,-0.01169,0.52167
16088,1.06650,-0.01692,0.13193
16089,1.43954,-0.01311,0.11510
16090,2.66529,0.20081,0.73929
16091,3.11883,0.20420,0.73318
16092,0.93023,0.18105,0.75618
16093,-4.42563,-0.18129,0.31636
16094,7.01142,0.23628,0.49062
16095,7.06977,0.24034,0.47650
16096,7.35501,0.24816,0.48946
16097,-2.27432,-0.04291,0.34683
16098,-2.55999,-0.04807,0.34958
16099,-2.56407,-0.04676,0.36984
16100,12.08337,0.35939,0.37703
16101,11.54720,0.34977,0.36117
16102,12.02022,0.35479,0.37407
16103,3.53285,-0.00050,0.01747
16104,-15.69625,0.00205,0.01185
16105,1.41512,0.18957,0.75927
16106,-2.86560,0.00041,0.01660
16107,1.62514,0.15258,0.19086
16108,3.05928,0.17301,0.20968
16109,2.12763,0.16157,0.19725
16110,-3.50290,0.08355,0.13039
16111,-4.69992,0.08004,0.11322
16112,-3.69374,0.09449,0.12560
16113,-0.54519,0.04745,0.16240
16114,-0.00141,0.05420,0.17431
16115,-0.75283,0.04724,0.15818
16116,10.49150,0.33747,0.58407
16117,10.76776,0.34663,0.56597
16118,10.67897,0.34258,0.58243
16119,8.58472,0.29971,0.43619
16120,8.21770,0.28999,0.42416
16121,8.37212,0.29631,0.41933
16122,4.79834,0.21865,0.73783
16123,3.53052,0.19991,0.75555
16124,3.45407,0.19611,0.75774
16125,-1.97232,-0.18364,0.19551
16126,-1.83321,-0.18017,0.19358
16127,-0.74913,-0.16394,0.18022
16128,10.83500,0.35379,0.52632
16129,9.13770,0.32934,0.38542
16130,9.03932,0.32562,0.38847
16131,8.72877,0.31940,0.37475
16132,-12.37391,-0.38055,0.55720
16133,-12.09718,-0.37209,0.57358
16134,12.68599,-0.01451,0.04214
16135,14.36962,-0.00695,0.02695
16136,13.60735,-0.01051,0.03454
16137,21.02446,-0.03445,0.90580
16138,16.42413,-0.05241,0.87927
16139,11.51745,-0.01958,0.04767
16140,11.76934,-0.01714,0.04415
16141,10.42608,-0.02686,0.05748
16142,-5.07467,-0.21066,0.31186
16143,-7.34662,0.01750,0.06803
16144,2.33130,-0.05241,0.12021
16145,2.61292,-0.05165,0.11635
16146,3.04533,-0.04290,0.10561
16147,14.54472,-0.04048,0.91048
16148,11.29621,-0.05870,0.88885
16149,12.76904,-0.04716,0.90208
16150,-0.61382,-0.01886,0.66914
16151,0.98874,0.07968,0.21106
16152,1.13314,0.07961,0.21943
16153,-11.74187,-0.25818,0.53436
16154,-11.25442,-0.24972,0.55559
16155,-11.43408,-0.25004,0.54240
16156,2.16964,0.17858,0.77409
16157,7.00111,-0.00049,0.01172
16158,7.15731,-0.00064,0.01305
16159,6.25145,-0.00204,0.02817
16160,12.97097,0.36859,0.40784
16161,13.30735,0.37094,0.42346
16162,13.30634,0.37430,0.42424
16163,10.83395,-0.02350,0.93056
16164,10.16911,-0.02227,0.93165
16165,12.32446,-0.01475,0.94632
16166,-14.58790,0.05934,0.86768
16167,-6.12218,-0.19217,0.67425
16168,-4.40284,-0.17471,0.69857
16169,7.93978,-0.03496,0.07099
16170,6.91488,-0.04619,0.08352
16171,7.83339,-0.03730,0.07332
16172,-4.12708,0.02530,0.09816
16173,5.02234,0.24916,0.25430
16174,4.39978,0.23592,0.24385
16175,-11.66378,-0.38568,0.44476
16176,2.49948,-0.01077,0.92770
16177,1.90373,-0.01097,0.92102
16178,2.26623,-0.00821,0.93302
16179,-4.12107,0.02600,0.08014
16180,-12.44065,-0.32223,0.39394
16181,-12.67635,-0.32929,0.40128
16182,0.86079,0.05527,0.22549
16183,0.67902,0.05153,0.21344
16184,0.80410,0.05784,0.21690
16185,2.12605,-0.10841,0.14615
16186,2.68051,-0.10298,0.14004
16187,1.40269,-0.11855,0.15432
16188,5.00972,0.23554,0.72298
16189,6.02672,0.25021,0.70905
16190,4.92764,0.23415,0.72282
16191,-0.72108,0.00888,0.12476
16192,-0.53914,0.01189,0.14069
16193,-0.82735,0.00995,0.12390
16194,13.73935,0.38537,0.50666
16195,13.80477,0.38388,0.49971
16196,13.67530,0.37940,0.51805
16197,6.75509,-0.06153,0.09431
16198,5.73426,-0.07415,0.10562
16199,7.00739,-0.05943,0.09217
16200,1.70625,-0.15324,0.79660
16201,3.78143,-0.13199,0.81568
16202,-0.92530,0.10620,0.75697
16203,1.28860,0.12127,0.73066
16204,-0.89210,0.10317,0.75657
16205,-3.60183,0.00048,0.01615
16206,-8.95416,-0.29083,0.58740
16207,-9.11099,-0.29567,0.59378
16208,0.88837,0.11944,0.19433
16209,1.16072,0.12229,0.20134
16210,0.67716,0.11294,0.18972
16211,-12.91637,0.00165,0.01093
16212,-0.11599,-0.10404,0.74470
16213,2.47816,-0.08568,0.77512
16214,0.93242,-0.09411,0.75733
16215,-6.97883,0.01352,0.04847
16216,-6.76007,0.01316,0.04855
16217,-7.71363,0.00800,0.03582
16218,7.61507,0.14775,0.39502
16219,7.82735,0.14879,0.41729
16220,7.99689,0.15398,0.41028
16221,-4.24879,0.02969,0.08336
16222,-4.03641,0.03468,0.08985
16223,-5.35619,0.00056,0.00955
16224,-1.16964,0.01570,0.10356
16225,-1.19601,0.01230,0.09499
16226,-1.50609,0.01231,0.08777
16227,-4.54354,-0.14399,0.60311
16228,-4.20125,-0.13310,0.59752
16229,10.36758,0.35911,0.41181
16230,10.28903,0.35831,0.40292
16231,10.70578,0.36641,0.42102
16232,4.62957,0.15933,0.44851
16233,4.39626,0.14993,0.45936
16234,4.17293,0.14379,0.44406
16235,4.50698,0.17166,0.35332
16236,4.91552,0.18486,0.36283
16237,4.75006,0.17720,0.36834
16238,11.96871,0.38972,0.46166
16239,11.86017,0.38888,0.44722
16240,1.61401,0.14209,0.20884
16241,2.19075,0.15308,0.22252
16242,1.63406,0.13946,0.21022
16243,1.88317,-0.04919,0.14037
16244,2.98179,-0.03982,0.12224
16245,2.12863,-0.04889,0.13693
16246,-3.41734,-0.07497,0.64754
16247,-3.88330,-0.08204,0.63816
16248,6.34987,0.13956,0.32179
16249,6.28926,0.13589,0.32626
16250,0.79022,0.02418,0.66541
16251,0.30667,0.00930,0.66614
16252,0.57500,0.01757,0.65410
16253,-1.30307,-0.10463,0.21257
16254,-1.74596,-0.11326,0.22738
16255,-1.63354,-0.11399,0.22180
16256,8.24928,-0.03892,0.08110
16257,8.65569,-0.03512,0.07678
16258,10.16267,-0.02521,0.06266
16259,0.90421,-0.00359,0.08893
16260,1.21745,-0.00365,0.08004
16261,0.91937,-0.00490,0.09855
16262,-1.39399,-0.07275,0.25031
16263,-1.40883,-0.07651,0.24478
16264,-1.18970,-0.06928,0.23604
16265,-7.25836,-0.13768,0.40671
16266,11.10714,0.35085,0.59770
16267,11.35501,0.35649,0.59214
16268,10.81285,0.34261,0.61203
16269,2.85580,0.04842,0.47435
16270,-0.16303,-0.12527,0.17770
16271,0.45977,-0.11570,0.16643
16272,0.63030,-0.11018,0.16316
16273,1.04029,-0.02827,0.12539
16274,1.07793,-0.02434,0.11992
16275,0.86756,-0.02848,0.13059
16276,-15.76941,0.05740,0.87706
16277,-11.94046,0.07796,0.85377
16278,-10.35477,0.08656,0.84258
16279,-2.05514,-0.12178,0.20230
16280,-3.17148,-0.13548,0.21987
16281,-2.97104,-0.13070,0.21727
16282,0.54171,-0.14386,0.75852
16283,3.47407,-0.12114,0.78536
16284,2.64067,-0.12540,0.77756
16285,-11.07551,-0.36286,0.51036
16286,-11.20473,-0.36489,0.51929
16287,-11.24039,-0.36820,0.50346
16288,-0.94367,-0.06904,0.21652
16289,-1.17102,-0.07749,0.22419
16290,-0.86818,-0.07133,0.20994
16291,9.16038,0.29990,0.55270
16292,8.90565,0.29212,0.54887
16293,1.13316,0.09290,0.21060
16294,0.78351,0.08746,0.19794
16295,1.27181,0.09889,0.21370
16296,0.37699,-0.12025,0.16627
16297,0.05664,-0.12236,0.17021
16298,-9.71770,-0.27772,0.31977
16299,0.67371,0.02270,0.75842
16300,0.56288,0.01981,0.77161
16301,0.37013,0.01252,0.76222
16302,-1.30048,-0.14437,0.18726
16303,-0.76929,-0.13558,0.18071
16304,0.08563,-0.12561,0.17011
16305,-12.09010,0.01721,0.04392
16306,-13.29489,0.01082,0.03338
16307,-11.75489,0.01965,0.04759
16308,-4.77871,-0.15250,0.58667
16309,-4.61434,-0.14784,0.57383
16310,-3.21277,-0.05435,0.51862
16311,-2.96651,-0.05089,0.54977
16312,6.61539,-0.07227,0.87204
16313,5.77118,-0.08283,0.86165
16314,4.84366,-0.08714,0.85648
16315,0.84627,0.04726,0.20180
16316,0.76882,0.04463,0.20037
16317,1.42581,0.05230,0.22172
16318,-7.07751,0.05962,0.09215
16319,-7.08523,0.05889,0.09158
16320,-8.35662,0.04584,0.07874
16321,13.70642,0.39435,0.48677
16322,13.66577,0.39466,0.47084
16323,13.73968,0.39279,0.48099
16324,5.57216,0.20564,0.37888
16325,5.95555,0.21667,0.39206
16326,5.64528,0.20551,0.39087
16327,-13.53668,-0.33412,0.46647
16328,-13.61380,-0.33812,0.47386
16329,-13.54940,-0.33249,0.48636
16330,-4.24370,0.07101,0.86754
16331,-5.50875,0.06170,0.87899
16332,-5.37671,0.05839,0.88158
16333,7.36054,0.24166,0.54217
16334,0.20254,-0.01413,0.86842
16335,0.32239,-0.01027,0.88124
16336,0.44833,-0.01371,0.88153
16337,-4.45775,0.02660,0.09745
16338,-4.00672,0.03125,0.10601
16339,-5.16707,0.02316,0.08808
16340,15.55048,-0.00224,0.01363
16341,4.48177,0.08362,0.37064
16342,4.19027,0.07863,0.36380
16343,4.57334,0.08324,0.39042
16344,-8.78980,-0.32627,0.35485
16345,-8.30211,-0.31443,0.34482
16346,-8.83022,-0.32599,0.36107
16347,-2.56341,0.11618,0.14113
16348,-1.88407,0.12618,0.14937
16349,-3.03823,0.10844,0.13527
16350,8.00923,-0.04878,0.08562
16351,1.17419,0.02207,0.61340
16352,1.00054,0.02076,0.64272
16353,1.35324,0.02572,0.61779
16354,12.69455,0.28698,0.49491
16355,12.63273,0.28407,0.48345
16356,12.49096,0.27918,0.50142
16357,-5.37828,0.07087,0.11143
16358,-4.19973,0.08395,0.12380
16359,-5.06817,0.07519,0.11488
16360,2.69858,0.20448,0.21294
16361,2.20919,0.19564,0.20513
16362,3.24619,0.21547,0.22083
16363,9.09510,0.32427,0.31294
16364,8.99961,0.32059,0.30960
16365,9.24364,-0.03752,0.07380
16366,10.76304,-0.02646,0.05977
16367,9.94751,-0.03246,0.06726
16368,27.60232,-0.00119,0.98364
16369,2.75827,0.13154,0.26854
16370,2.59496,0.13074,0.25812
16371,3.00775,0.14083,0.27296
16372,-1.09764,0.13144,0.15846
16373,-0.72754,0.13634,0.16352
16374,-1.78487,0.11888,0.14886
16375,0.91168,0.16626,0.18236
16376,0.53378,0.15944,0.17766
16377,-2.05874,-0.09049,0.21279
16378,-1.02907,-0.07860,0.19274
16379,-1.16907,-0.08177,0.19493
16380,-5.30097,-0.12277,0.29735
16381,14.36948,-0.00144,0.01181
16382,4.23587,0.17355,0.31542
16383,4.56665,0.18310,0.32558
16384,4.40858,0.17626,0.32656
16385,-5.01919,0.02778,0.07652
16386,-5.80036,0.02112,0.06450
16387,-5.21271,0.02793,0.07561
16388,-0.66749,0.07035,0.15561
16389,-0.95910,0.06782,0.14890
16390,-0.46137,0.07740,0.16158
16391,11.06316,-0.02623,0.05639
16392,10.54972,-0.03026,0.06148
16393,12.04318,-0.01971,0.04763
16394,0.47041,0.16050,0.18103
16395,-0.54540,0.14238,0.16671
16396,-10.05744,-0.33167,0.52342
16397,-9.86077,-0.32439,0.53263
16398,-7.95792,-0.24243,0.66097
16399,-8.53814,-0.25316,0.65330
16400,12.56748,0.36888,0.39387
16401,7.15350,0.20047,0.65705
16402,5.61127,0.18323,0.68074
16403,6.28185,0.19454,0.67291
16404,-0.53679,0.10590,0.82677
16405,-1.49625,0.09661,0.83799
16406,4.16811,-0.08968,0.12095
16407,4.94375,-0.07810,0.11132
16408,3.69230,-0.09545,0.12633
16409,2.47786,-0.12011,0.14296
16410,3.16393,-0.10991,0.13499
16411,-16.70302,0.03818,0.91295
16412,-13.81509,0.05324,0.89430
16413,-17.28451,0.03727,0.91375
16414,-3.67706,-0.12821,0.42846
16415,-4.01627,-0.14054,0.42594
16416,-3.70203,-0.13068,0.41433
16417,4.13512,-0.13032,0.81636
16418,1.92418,-0.15229,0.79645
16419,-12.80816,-0.30760,0.42940
16420,-12.92962,-0.30404,0.44856
16421,-12.65555,-0.30123,0.42641
16422,-4.09041,-0.15361,0.36176
16423,-4.22996,-0.15561,0.37765
16424,0.04739,0.02551,0.17604
16425,0.20580,0.03135,0.18872
16426,0.21769,0.02787,0.19246
16427,-13.57991,-0.39327,0.51112
16428,-13.64960,-0.39169,0.50936
16429,-1.22564,0.03197,0.14268
16430,-1.06993,0.03139,0.14543
16431,-0.52506,0.03732,0.16033
16432,5.29931,0.19574,0.37740
16433,5.22362,0.19590,0.36557
16434,9.11154,0.30368,0.65823
16435,8.34355,0.28761,0.67520
16436,0.34263,0.01428,0.79876
16437,0.42703,0.01912,0.80550
16438,0.28135,0.01350,0.81188
16439,-6.93115,-0.21598,0.66954
16440,8.70428,0.29627,0.47462
16441,8.53816,0.29339,0.46009
16442,8.92107,0.30495,0.46588
16443,-10.85112,-0.33278,0.62485
16444,-11.20793,-0.33829,0.61628
16445,-11.66736,-0.34968,0.60336
16446,-1.37882,-0.05641,0.21388
16447,1.51302,0.12463,0.72923
16448,-2.43037,-0.07534,0.65826
16449,-1.78510,0.04609,0.14095
16450,-0.80172,0.05425,0.15867
16451,-1.18697,0.05290,0.15211
16452,13.15584,0.33647,0.42453
16453,12.89625,0.33155,0.41219
16454,-0.59046,0.02414,0.15283
16455,-0.89027,0.02314,0.14348
16456,-1.19456,0.01923,0.13135
16457,-5.40954,-0.22620,0.24193
16458,-4.38527,-0.21014,0.22716
16459,10.00890,0.24833,0.34445
16460,10.53466,0.25498,0.36019
16461,7.00696,-0.08835,0.85798
16462,5.09886,-0.10657,0.84066
16463,4.88712,-0.10498,0.84196
16464,-1.01755,-0.16712,0.78571
16465,0.62419,-0.14785,0.80292
16466,-0.51119,-0.16344,0.78948
16467,-13.20411,0.00162,0.01089
16468,-0.78812,-0.02634,0.47792
16469,-0.51703,-0.01719,0.48535
16470,-3.51456,0.05517,0.10946
16471,-4.02411,0.05026,0.10220
16472,4.14900,-0.03487,0.10708
16473,4.32276,-0.03199,0.10328
16474,5.36258,-0.02585,0.08924
16475,-11.10680,-0.24415,0.40944
16476,-11.30006,-0.24431,0.42639
16477,7.81413,0.25269,0.61024
16478,7.77527,0.25174,0.62246
16479,-1.04752,0.01796,0.78675
16480,-0.65123,0.01765,0.77395
16481,-1.36250,0.01431,0.80366
16482,9.15276,0.24305,0.31834
16483,9.21706,0.24035,0.32193
16484,9.95592,0.25304,0.33851
16485,0.53750,0.04255,0.82734
16486,0.27897,0.03715,0.83810
16487,0.50404,0.03703,0.82684
16488,-3.99749,-0.14863,0.36876
16489,-3.82282,-0.14520,0.35327
16490,-3.68039,-0.13866,0.35818
16491,-0.11597,0.13875,0.16962
16492,0.36062,0.14655,0.17530
16493,-0.16516,0.01800,0.16660
16494,0.09822,0.01862,0.18245
16495,1.65708,0.05165,0.60605
16496,1.22548,0.03803,0.61328
16497,13.29432,0.31918,0.50213
16498,13.08833,0.31402,0.52093
16499,-6.23238,-0.20656,0.51668
16500,-6.16815,-0.20587,0.50407
16501,-5.89371,-0.19614,0.50746
16502,8.39107,0.30764,0.37779
16503,7.99234,0.29820,0.36477
16504,8.56229,-0.04423,0.08032
16505,-12.00765,0.07524,0.86561
16506,-8.89259,0.09618,0.84375
16507,-11.72419,0.07814,0.86129
16508,-8.00709,0.05142,0.08411
16509,-7.22374,0.05938,0.09177
16510,-8.55838,0.04565,0.07834
16511,0.35744,-0.05625,0.16628
16512,-0.02261,-0.06137,0.17393
16513,-0.72916,-0.06693,0.18853
16514,-6.23371,0.01059,0.06033
16515,-5.32569,0.01593,0.07639
16516,-6.44895,0.01065,0.05939
16517,-1.35762,0.02150,0.78916
16518,-1.39194,0.01856,0.79516
16519,-2.27746,0.01664,0.81843
16520,-0.07646,0.02912,0.17201
16521,0.06218,0.03228,0.17708
16522,-0.42581,0.02741,0.15965
16523,1.77535,0.07194,0.78241
16524,2.12577,0.07968,0.76907
16525,1.98046,0.08081,0.78062
16526,2.27177,-0.07729,0.14257
16527,10.76813,-0.01832,0.04655
16528,10.03740,-0.02318,0.05362
16529,9.30619,-0.02994,0.06218
16530,0.03006,0.02318,0.17740
16531,-0.03111,0.02463,0.17460
16532,-0.38574,0.02025,0.15794
16533,1.46358,0.14650,0.18928
16534,1.97906,0.15494,0.19585
16535,0.64496,0.13685,0.17891
16536,11.35091,0.35831,0.58325
16537,10.92422,0.34690,0.59966
16538,-10.87490,0.00917,0.95667
16539,-12.18410,0.00737,0.96239
16540,1.48388,0.07078,0.26534
16541,-2.66395,-0.08259,0.65352
16542,-2.26741,-0.07014,0.66175
16543,13.17644,-0.01439,0.03999
16544,14.29462,-0.00917,0.03061
16545,12.49165,-0.01789,0.04555
16546,-13.31274,0.01225,0.03716
16547,-11.73112,0.02113,0.05144
16548,-12.52213,0.01654,0.04429
16549,-2.00696,0.01213,0.10103
16550,-13.81620,-0.37304,0.50790
16551,-13.86436,-0.37201,0.49912
16552,-13.89699,-0.37778,0.48716
16553,0.91759,0.03188,0.42285
16554,1.22562,0.04289,0.41536
16555,1.25532,0.04335,0.43098
16556,-4.01475,0.03261,0.08809
16557,-5.31493,-0.19425,0.72266
16558,-5.15930,-0.18718,0.72372
16559,-4.69435,-0.17970,0.73670
16560,-6.23403,0.07143,0.10320
16561,-4.72734,0.08941,0.11876
16562,-5.42057,0.08099,0.11145
16563,7.95749,0.26250,0.53396
16564,7.89673,0.26247,0.51800
16565,8.13335,0.26945,0.52530
16566,0.00718,-0.03141,0.17493
16567,0.39726,-0.02938,0.16168
16568,-0.07880,-0.03443,0.17756
16569,-1.67797,-0.05189,0.63153
16570,-1.77662,-0.05521,0.61579
16571,5.63591,0.20834,0.24743
16572,5.22636,0.20434,0.24077
16573,4.68121,0.19387,0.23298
16574,-3.90706,-0.12352,0.67879
16575,-4.15338,-0.13242,0.68492
16576,-8.14676,-0.19648,0.62762
16577,-7.62107,-0.19335,0.64042
16578,-6.81804,-0.18153,0.65340
16579,-13.30894,-0.33817,0.53404
16580,-13.53225,-0.34585,0.52269
16581,-13.05295,-0.33481,0.54940
16582,-9.63164,-0.31260,0.58103
16583,-9.70905,-0.31452,0.59052
16584,-9.92391,-0.32192,0.57540
16585,-2.19342,-0.08799,0.77594
16586,-2.12794,-0.08194,0.77229
16587,7.69255,-0.07626,0.81961
16588,5.02620,-0.08992,0.79714
16589,4.56669,-0.09535,0.79282
16590,-7.72107,-0.26389,0.47031
16591,-7.56717,-0.26140,0.45438
16592,10.04702,0.20628,0.41881
16593,10.33829,0.21208,0.42852
16594,5.70672,0.18350,0.66143
16595,6.03359,0.19371,0.65077
16596,5.85679,0.18920,0.66545
16597,7.87602,0.28048,0.41446
16598,8.08285,0.28426,0.42923
16599,7.76486,0.27499,0.42139
16600,-12.09234,-0.37915,0.54947
16601,-11.83565,-0.37161,0.56416
16602,-11.94600,-0.37304,0.56551
16603,-2.73514,0.06705,0.86413
16604,-1.69711,0.07399,0.85298
16605,-1.65778,0.07935,0.84932
16606,-10.24322,-0.33080,0.58606
16607,-10.52226,-0.33979,0.57184
16608,-10.31415,-0.33375,0.57360
16609,-8.71670,-0.17615,0.57037
16610,-8.76490,-0.17943,0.57551
16611,-8.02274,-0.16761,0.59523
16612,2.52827,0.04361,0.55351
16613,-8.72759,0.01062,0.05033
16614,-8.52125,0.01058,0.05083
16615,-7.27900,0.01687,0.06708
16616,0.35691,0.03368,0.20233
16617,0.33925,0.03622,0.19786
16618,-1.96458,-0.18265,0.20542
16619,-1.27624,-0.16886,0.19434
16620,-2.04261,-0.18274,0.20720
16621,7.88766,0.18988,0.63034
16622,8.79160,0.20123,0.61044
16623,8.27781,0.19117,0.61904
16624,-0.91638,0.13778,0.81035
16625,-0.92886,0.14098,0.80818
16626,-7.29814,-0.23878,0.27389
16627,-6.50753,-0.22679,0.26059
16628,-11.50735,-0.38116,0.45768
16629,-11.67655,-0.38440,0.46125
16630,-11.48494,-0.38192,0.44627
16631,-11.23757,-0.31415,0.61064
16632,-11.69777,-0.32540,0.60020
16633,-10.85824,-0.31094,0.62025
16634,-10.72546,-0.21714,0.47846
16635,-10.55425,-0.21218,0.49819
16636,-10.53801,-0.21150,0.47665
16637,-1.66594,0.06434,0.13548
16638,-2.05406,0.05636,0.12610
16639,13.13167,0.37582,0.55012
16640,12.95655,0.37344,0.55808
16641,13.29557,0.38250,0.53882
16642,5.75660,0.13975,0.29135
16643,6.06250,0.14605,0.29595
16644,5.25945,0.13593,0.27629
16645,-0.29543,-0.07025,0.18314
16646,8.36181,-0.03515,0.84816
16647,5.99060,-0.04517,0.82241
16648,6.75711,-0.04450,0.82894
16649,-2.27164,-0.03901,0.55250
16650,-2.23693,-0.03799,0.52886
16651,11.54092,-0.06442,0.88229
16652,9.99982,-0.07206,0.87440
16653,12.82312,-0.05430,0.89379
16654,-2.36741,-0.11880,0.78478
16655,-2.06131,-0.11728,0.79165
16656,-2.72826,-0.13002,0.77750
16657,1.58569,0.05784,0.37486
16658,1.85865,0.06789,0.37448
16659,1.80272,0.06498,0.38537
16660,-2.92821,-0.09508,0.53120
16661,-3.37102,-0.10937,0.53534
16662,-3.25310,-0.10641,0.51993
16663,-3.59695,0.04199,0.11737
16664,-3.87519,0.04118,0.11425
16665,-4.77492,0.03297,0.10072
16666,0.59795,0.03253,0.24181
16667,11.70337,0.31415,0.36813
16668,11.91975,0.32012,0.37389
16669,11.42017,0.31303,0.35885
16670,-11.63171,-0.25886,0.54532
16671,-11.92386,-0.26638,0.53600
16672,0.19920,0.00400,0.30210
16673,0.31822,0.00682,0.28914
16674,0.13675,0.00293,0.27922
16675,-0.25879,-0.02258,0.20622
16676,-0.52760,-0.01113,0.29510
16677,10.05777,0.32473,0.62829
16678,10.09398,0.32563,0.63034
16679,3.71823,-0.01805,0.07225
16680,3.38602,-0.01869,0.07607
16681,3.24983,-0.02231,0.08267
16682,-13.83962,-0.37307,0.46649
16683,-13.74490,-0.37205,0.45401
16684,-13.74835,-0.37620,0.45352
16685,-1.42645,0.15822,0.78923
16686,2.43733,-0.00078,0.01908
16687,2.71482,-0.00028,0.00916
16688,0.97016,-0.01092,0.12208
16689,1.01738,-0.00876,0.11377
16690,1.40511,-0.00777,0.09921
16691,-9.16910,-0.31637,0.30884
16692,-8.75453,-0.31043,0.30145
16693,-5.54943,-0.17809,0.58370
16694,-5.92078,-0.19051,0.58201
16695,-6.55801,-0.27204,0.26358
16696,-6.79354,-0.27500,0.26682
16697,-5.72255,-0.25595,0.24992
16698,-21.46833,0.01603,0.92503
16699,-27.16785,0.00597,0.95849
16700,-23.54671,0.01297,0.93510
16701,7.81876,0.25300,0.59769
16702,-12.57791,0.00464,0.02126
16703,-11.90235,0.00697,0.02731
16704,-12.99318,0.00249,0.01457
16705,-0.55633,-0.12371,0.17868
16706,-1.56326,-0.13514,0.19205
16707,-0.77344,-0.12412,0.18166
16708,4.52607,0.14828,0.52445
16709,4.85171,0.15937,0.52154
16710,4.72366,0.15379,0.53736
16711,-11.93103,0.07779,0.85328
16712,-15.61824,0.05818,0.87621
16713,-14.65933,0.06324,0.87121
16714,3.08675,0.05437,0.57134
16715,3.27816,0.05818,0.57632
16716,-6.97807,-0.18719,0.65290
16717,-6.26852,-0.17665,0.66318
16718,-7.76617,-0.19233,0.63536
16719,7.65304,0.14036,0.46056
16720,7.51868,0.13884,0.44199
16721,5.40231,0.21228,0.24267
16722,4.26922,0.19637,0.22598
16723,11.07469,0.26122,0.37867
16724,2.23145,0.08539,0.34326
16725,2.20868,0.08669,0.32919
16726,2.42162,0.09315,0.34060
16727,6.58492,0.23459,0.26061
16728,7.26994,0.22607,0.66758
16729,7.79345,0.22973,0.65801
16730,6.25869,0.21160,0.68093
16731,13.82179,0.38357,0.47142
16732,13.85165,0.37989,0.47905
16733,13.85344,0.38002,0.48879
16734,-1.53665,-0.12207,0.21380
16735,-1.91336,-0.12832,0.22530
16736,-3.88501,-0.22204,0.23817
16737,19.02485,-0.00097,0.98097
16738,18.87755,-0.00141,0.97496
16739,21.11546,0.00000,1.00000
16740,21.05472,0.00000,1.00000
16741,-3.28526,-0.18279,0.21251
16742,-3.30877,-0.18129,0.21293
16743,-2.26131,-0.16720,0.19902
16744,-2.60982,-0.19904,0.21415
16745,-1.86927,-0.18419,0.20248
16746,-2.71141,-0.20022,0.21630
16747,3.02199,0.08234,0.67741
16748,11.11843,-0.00956,0.03346
16749,11.08680,-0.00881,0.03222
16750,9.79208,-0.01684,0.04691
16751,8.70110,0.16314,0.49743
16752,8.95963,0.16935,0.49434
16753,8.86905,0.16734,0.47677
16754,-11.18952,0.01568,0.04230
16755,-12.05732,0.01010,0.03259
16756,6.44519,0.11531,0.52594
16757,6.20906,0.11035,0.52534
16758,6.11111,0.11005,0.54722
16759,13.03123,0.36622,0.55783
16760,12.99365,0.36270,0.55961
16761,12.53633,0.35299,0.57746
16762,6.89163,0.12448,0.52711
16763,6.80857,0.12430,0.54494
16764,7.11873,0.12909,0.52541
16765,1.27742,0.02149,0.47198
16766,-0.94222,0.16280,0.77437
16767,-2.87031,0.14504,0.79199
16768,32.75380,-0.00116,0.98950
16769,31.90283,-0.00161,0.98688
16770,29.28754,-0.00486,0.97340
16771,-6.21843,-0.20742,0.68520
16772,0.59406,-0.10594,0.16325
16773,0.73707,-0.10086,0.16014
16774,12.52803,0.38316,0.40236
16775,12.85112,0.38691,0.41457
16776,3.20089,0.17186,0.21221
16777,2.61067,0.16543,0.20405
16778,-4.47676,0.06521,0.10797
16779,-4.41536,0.06767,0.10965
16780,12.07731,0.30763,0.38600
16781,12.11230,0.30419,0.38997
16782,-7.68893,0.09658,0.81995
16783,-10.12494,0.08090,0.83755
16784,-10.28199,0.08163,0.83897
16785,-10.59425,-0.30581,0.33604
16786,2.18484,-0.12465,0.14638
16787,1.97247,-0.12787,0.14886
16788,1.02872,-0.14220,0.15994
16789,5.90828,0.11832,0.35097
16790,5.78898,0.11914,0.33774
16791,5.48905,0.11305,0.33415
16792,10.32547,0.21177,0.53998
16793,10.68076,0.21775,0.51803
16794,10.30947,0.20931,0.53251
16795,-5.54651,0.00785,0.04162
16796,-4.96398,0.01116,0.05188
16797,-5.39444,0.00720,0.04066
16798,-10.73388,0.01340,0.04020
16799,-11.30216,0.00973,0.03346
16800,5.22008,0.18394,0.42244
16801,5.39987,0.18888,0.43168
16802,5.08729,0.17769,0.43197
16803,17.76104,-0.01070,0.92795
16804,-19.18806,0.00222,0.98250
16805,-17.96889,0.00259,0.98066
16806,-18.52166,0.00427,0.97434
16807,1.67020,-0.11661,0.15172
16808,2.97765,-0.10110,0.13735
16809,1.83353,-0.11577,0.14995
16810,29.40346,-0.00112,0.98469
16811,33.71608,0.00000,1.00000
16812,-9.81448,-0.23796,0.34626
16813,-9.27206,-0.22949,0.33256
16814,-12.08670,-0.37924,0.38904
16815,-11.68913,-0.37285,0.37675
16816,6.23961,0.21056,0.48464
16817,5.93613,0.19986,0.48653
16818,5.99158,0.20344,0.47406
16819,-2.29620,0.00015,0.97609
16820,-1.91408,0.00000,1.00000
16821,-3.17409,0.00000,1.00000
16822,10.67496,0.33586,0.62571
16823,10.39532,0.32917,0.63348
16824,9.88574,0.31913,0.64514
16825,0.13233,0.12749,0.17236
16826,0.72378,0.13648,0.17960
16827,-0.55720,0.11997,0.16398
16828,-15.39488,0.00252,0.97996
16829,-15.04313,0.00191,0.98263
16830,-13.94892,0.00430,0.97235
16831,-13.60413,0.00332,0.97575
16832,6.08631,0.00000,1.00000
16833,5.59694,-0.00073,0.96484
16834,7.12652,-0.00038,0.97893
16835,7.57225,0.00000,1.00000
16836,9.12110,0.29583,0.60478
16837,-13.00174,-0.32177,0.42685
16838,37.78300,-0.00169,0.98491
16839,37.72845,-0.00149,0.98665
16840,33.99805,-0.00499,0.97030
16841,44.35765,0.00000,1.00000
16842,41.73248,0.00000,1.00000
16843,0.45923,0.11967,0.81253
16844,0.51836,0.12531,0.80969
16845,-0.43038,0.10983,0.82401
16846,0.85015,0.06234,0.19366
16847,17.06726,-0.00283,0.96125
16848,-13.89372,0.00462,0.97139
16849,-13.47342,0.00391,0.97386
16850,-17.53881,0.00035,0.99405
16851,-16.27446,0.00113,0.98757
16852,36.58446,0.00000,1.00000
16853,34.70599,-0.00256,0.98086
16854,37.31360,0.00000,1.00000
16855,37.59896,0.00000,1.00000
16856,34.34139,-0.00231,0.98097
16857,36.15191,-0.00193,0.98299
16858,-26.30245,0.00160,0.98011
16859,-26.87940,0.00000,1.00000
16860,-29.20159,0.00000,1.00000
16861,34.51602,-0.00194,0.98458
16862,40.10871,0.00000,1.00000
16863,34.57058,0.00000,1.00000
16864,-32.06441,0.00000,1.00000
16865,-30.14195,0.00174,0.98135
16866,-28.45256,0.00267,0.97479
16867,1.83971,-0.00029,0.98512
16868,1.80833,-0.00011,0.99134
16869,2.13559,-0.00017,0.98972
16870,35.45080,0.00000,1.00000
16871,1.48444,-0.00009,0.99102
16872,1.61553,-0.00023,0.98598
16873,-24.50137,0.00078,0.99122
16874,-21.75394,0.00000,1.00000
16875,-22.78891,0.00101,0.98942
16876,-21.92054,0.00000,1.00000
16877,-21.09239,0.00071,0.99145
16878,-21.21393,0.00111,0.98856
16879,-19.45965,0.00000,1.00000
16880,-19.83167,0.00069,0.99157
16881,-22.33341,0.00000,1.00000
16882,-18.81392,0.00000,1.00000
16883,-18.22840,0.00080,0.99063
16884,-19.73191,0.00069,0.99148
16885,-18.14034,0.00067,0.99154
16886,-18.30274,0.00000,1.00000
16887,-20.27525,0.00000,1.00000
16888,-21.79792,0.00000,1.00000
16889,-23.44526,0.00086,0.99055
16890,-26.31211,0.00000,1.00000
16891,-5.94709,0.00013,0.99464
16892,-6.48715,0.00009,0.99604
16893,-6.24979,0.00000,1.00000
16894,-5.90570,0.00000,1.00000
16895,15.47477,0.00000,1.00000
16896,14.81274,-0.00052,0.99224
16897,14.97149,0.00000,1.00000
16898,2.32958,-0.00005,0.99553
16899,2.66729,-0.00005,0.99590
16900,2.45049,-0.00013,0.99209
16901,2.61372,0.00000,1.00000
16902,13.88737,-0.00038,0.99321
16903,12.71886,0.00000,1.00000
16904,15.08528,0.00000,1.00000
16905,8.11775,0.00000,1.00000
16906,8.84798,0.00000,1.00000
16907,1.20651,0.00000,1.00000
16908,1.21044,-0.00002,0.99563
16909,1.33207,0.00000,1.00000
16910,1.07564,0.00000,1.00000
16911,0.86796,-0.00002,0.99546
16912,0.76026,0.00000,1.00000
16913,-4.37948,0.00008,0.99560
16914,-4.32160,0.00000,1.00000
16915,-4.57358,0.00000,1.00000
16916,1.46954,-0.00002,0.99633
16917,1.67047,-0.00003,0.99585
16918,1.50811,0.00000,1.00000
16919,6.25284,-0.00011,0.99570
16920,6.48951,-0.00013,0.99510
16921,5.96942,-0.00041,0.98975
16922,6.84141,0.00000,1.00000
16923,1.85452,0.00000,1.00000
16924,1.89026,-0.00003,0.99653
16925,-15.05955,0.00035,0.99365
16926,-16.50542,0.00000,1.00000
16927,-15.13414,0.00022,0.99542
16928,-15.11758,0.00051,0.99224
16929,-14.93279,0.00000,1.00000
16930,2.73161,-0.00015,0.99176
16931,3.02550,-0.00005,0.99605
16932,3.11975,-0.00017,0.99153
16933,-16.43842,0.00045,0.99320
16934,-15.31799,0.00055,0.99191
16935,-15.01653,0.00174,0.98367
16936,-15.91217,0.00000,1.00000
16937,4.48088,-0.00034,0.98952
16938,4.79470,-0.00009,0.99539
16939,5.01826,-0.00027,0.99122
16940,-17.58507,0.00064,0.99158
16941,-17.83061,0.00000,1.00000
16942,-17.66802,0.00096,0.98933
16943,-17.89295,0.00000,1.00000
16944,24.55648,0.00000,1.00000
16945,24.19707,-0.00076,0.99153
16946,23.42177,-0.00079,0.99097
16947,24.24309,-0.00139,0.98733
16948,22.01759,-0.00301,0.97943
16949,-17.02971,0.00140,0.98626
16950,0.77656,-0.00012,0.98538
16951,0.94259,-0.00007,0.98987
16952,0.51659,-0.00009,0.98454
16953,0.66077,-0.00004,0.99118
16954,27.43207,-0.00109,0.98986
16955,27.12327,-0.00224,0.98345
16956,24.65918,-0.00410,0.97606
16957,28.45078,0.00000,1.00000
16958,30.33925,0.00000,1.00000
16959,-27.51020,0.00075,0.99150
16960,-29.18573,0.00000,1.00000
16961,-26.73052,0.00000,1.00000
16962,-27.63424,0.00158,0.98662
16963,-31.52454,0.00000,1.00000
16964,11.97607,-0.00083,0.98846
16965,11.21168,-0.00209,0.98009
16966,11.02129,-0.00142,0.98375
16967,13.11837,-0.00026,0.99442
16968,12.39621,-0.00100,0.98727
16969,2.22353,-0.00054,0.98084
16970,1.83439,-0.00019,0.98788
16971,2.16914,-0.00025,0.98717
16972,-1.58279,0.00038,0.98119
16973,-1.27420,0.00044,0.97725
16974,-1.61735,0.00016,0.98828
16975,-1.31541,0.00021,0.98464
16976,6.64469,-0.00160,0.97961
16977,6.19828,-0.00336,0.96907
16978,6.84983,-0.00068,0.98750
16979,7.27442,-0.00078,0.98678
16980,-41.75524,0.00000,1.00000
16981,34.60042,-0.00154,0.98446
16982,30.19873,-0.00615,0.96154
16983,39.50818,0.00000,1.00000
16984,34.67457,-0.00116,0.98562
16985,31.40040,-0.00293,0.97445
16986,34.67732,0.00000,1.00000
16987,32.25096,-0.00212,0.97898
16988,28.57214,-0.00595,0.95936
16989,3.54246,0.00000,1.00000
16990,2.62557,-0.00016,0.97921
16991,3.28446,-0.00032,0.96972
16992,2.35359,-0.00048,0.95540
16993,-3.64441,0.00112,0.97783
16994,-3.49703,0.00208,0.96932
16995,-3.95836,0.00166,0.97389
16996,36.19951,-0.00151,0.98407
16997,35.94932,-0.00162,0.98425
16998,40.93317,0.00000,1.00000
16999,32.90600,-0.00387,0.97155
17000,36.39529,0.00000,1.00000
17001,10.18071,-0.00246,0.97768
17002,10.90313,-0.00250,0.97788
17003,9.69619,-0.00484,0.96757
17004,10.56948,-0.00117,0.98544
17005,11.25013,-0.00097,0.98704
17006,4.94130,-0.00032,0.97876
17007,8.04554,-0.00040,0.97892
17008,16.66396,-0.00079,0.98013
17009,15.79714,-0.00074,0.98106
17010,13.46392,-0.00307,0.95275
17011,19.25238,0.00000,1.00000
17012,17.64827,0.00000,1.00000
17013,34.56562,-0.00222,0.98090
17014,41.98444,0.00000,1.00000
17015,35.57925,-0.00174,0.98441
17016,24.94339,-0.01013,0.95982
17017,24.92710,-0.00926,0.96170
17018,32.15479,-0.00462,0.97417
17019,35.91756,-0.00131,0.98890
17020,23.78590,-0.00683,0.96793
17021,27.49150,-0.00558,0.97149
17022,29.08168,-0.00410,0.97664
17023,3.68017,-0.00073,0.95589
17024,4.22972,-0.00019,0.98092
17025,4.89597,0.00000,1.00000
17026,21.07638,-0.00908,0.96151
17027,19.40179,-0.01150,0.95584
17028,22.45403,-0.00515,0.97210
17029,23.14654,-0.00840,0.96387
17030,22.16045,-0.01196,0.95535
17031,20.32399,-0.01552,0.94834
17032,25.35105,-0.00451,0.97490
17033,-21.42614,0.00870,0.96260
17034,-23.64561,0.00398,0.97594
17035,-20.42333,0.00907,0.96127
17036,-22.47627,0.00766,0.96536
17037,-24.21470,0.00366,0.97737
17038,30.99802,-0.00871,0.96000
17039,36.37652,-0.00265,0.98076
17040,32.58751,-0.00618,0.96732
17041,30.19254,-0.00971,0.95796
17042,35.61123,-0.00250,0.98103
17043,15.58040,-0.00886,0.96050
17044,13.59179,-0.01310,0.95033
17045,15.55717,-0.01106,0.95557
17046,13.60567,-0.01577,0.94530
17047,-27.07814,0.01084,0.95731
17048,-23.69008,0.01896,0.94120
17049,-23.84286,0.01948,0.93992
17050,-30.27429,0.00472,0.97383
17051,-26.33708,0.01117,0.95641
17052,31.83459,-0.00638,0.96388
17053,31.08743,-0.00678,0.96203
17054,27.60811,-0.01375,0.94248
17055,36.32212,-0.00230,0.98050
17056,34.32484,-0.00223,0.98150
17057,5.08287,-0.00475,0.96036
17058,5.28720,-0.00634,0.95515
17059,4.37026,-0.00788,0.94724
17060,22.32663,-0.00650,0.94894
17061,18.15148,-0.01441,0.91872
17062,26.28965,-0.00204,0.97489
17063,23.62186,-0.00393,0.96143
17064,8.43839,-0.00724,0.91261
17065,14.08559,-0.00082,0.97828
17066,2.68300,-0.00076,0.94918
17067,2.89490,-0.00020,0.97732
17068,2.10637,-0.00043,0.95658
17069,3.39974,-0.00112,0.94520
17070,3.54840,-0.00032,0.97416
17071,-30.74969,0.00974,0.95442
17072,-36.11974,0.00331,0.97623
17073,-31.57363,0.00825,0.95902
17074,-30.49477,0.00972,0.95422
17075,-35.38207,0.00320,0.97619
17076,17.00650,-0.01054,0.95733
17077,16.66101,-0.01381,0.95055
17078,14.63801,-0.01891,0.94061
17079,19.31434,-0.00482,0.97273
17080,19.13378,-0.00653,0.96769
17081,21.27198,-0.01310,0.95310
17082,20.19895,-0.01949,0.94134
17083,18.35093,-0.02359,0.93440
17084,-0.17191,0.00020,0.95878
17085,0.08780,-0.00019,0.94869
17086,-0.38627,0.00087,0.94598
17087,-0.03854,0.00003,0.96807
17088,0.27020,-0.00029,0.96194
17089,-27.56404,0.01419,0.94151
17090,-21.78261,0.02909,0.91084
17091,8.34369,-0.00508,0.92455
17092,8.77330,-0.00594,0.92126
17093,10.80048,-0.00224,0.95532
17094,6.38260,-0.00833,0.89578
17095,6.63930,-0.00961,0.89172
17096,9.00236,-0.00941,0.03652
17097,9.69202,-0.00673,0.02961
17098,9.74566,-0.00721,0.03067
17099,10.72398,-0.00312,0.01859
17100,3.91509,0.13396,0.69122
17101,4.59760,0.13693,0.67834
17102,3.00642,0.12276,0.70414
17103,-6.35394,-0.20691,0.66475
17104,-6.09836,-0.19819,0.66667
17105,-5.88996,-0.19268,0.67696
17106,-5.83368,-0.18879,0.66784
17107,-11.49555,-0.37220,0.51869
17108,-11.34304,-0.36906,0.51492
17109,-11.31299,-0.36632,0.52804
17110,-4.80983,-0.21324,0.23293
17111,0.37229,0.00688,0.34290
17112,0.53001,-0.00294,0.92469
17113,0.85328,-0.00397,0.92881
17114,0.63979,-0.00480,0.91626
17115,0.43721,-0.00180,0.93235
17116,0.70873,-0.00242,0.93674
17117,-0.84808,-0.03274,0.33805
17118,-0.61238,-0.02365,0.33825
17119,-0.74753,-0.02952,0.32579
17120,-2.06144,-0.06910,0.47508
17121,-2.25055,-0.07609,0.46342
17122,-1.88739,-0.06371,0.46471
17123,-2.23181,-0.07429,0.48645
17124,-2.46426,-0.08254,0.47746
17125,-2.10575,-0.09432,0.28169
17126,-2.28242,-0.09754,0.29567
17127,-2.43566,-0.10857,0.28367
17128,-2.10381,-0.09752,0.27323
17129,10.73083,0.35976,0.35511
17130,10.49987,0.35680,0.35111
17131,9.97984,0.34610,0.33714
17132,11.22194,0.36753,0.36699
17133,11.28291,0.37007,0.37070
17134,-0.04877,0.07026,0.83790
17135,0.15406,0.07717,0.83231
17136,-0.60543,0.06745,0.84666
17137,0.28268,0.07100,0.83214
17138,9.90238,0.24500,0.61130
17139,10.02420,0.24344,0.60619
17140,9.01213,0.23140,0.62866
17141,-12.64677,-0.28577,0.46774
17142,-12.50798,-0.28046,0.46553
17143,-12.50247,-0.28411,0.44777
17144,-12.51991,-0.27935,0.48529
17145,10.76137,0.34791,0.55331
17146,10.62093,0.34473,0.54740
17147,0.37418,-0.01381,0.15212
17148,0.19543,-0.01731,0.16451
17149,-7.84228,-0.25805,0.67093
17150,-7.98962,-0.25732,0.66745
17151,-7.81078,-0.26000,0.67225
17152,-6.38053,-0.23992,0.69203
17153,-0.30660,0.04866,0.16754
17154,-0.81645,0.04544,0.15663
17155,-1.01987,0.04186,0.15166
17156,0.09503,0.05388,0.17658
17157,-12.82577,-0.40155,0.46672
17158,-12.71790,-0.40072,0.46663
17159,-12.91746,-0.40148,0.48309
17160,-12.81652,-0.40142,0.45832
17161,-4.75408,-0.16541,0.72056
17162,-4.79462,-0.16990,0.72412
17163,-5.23341,-0.17874,0.70864
17164,-4.32390,-0.15300,0.73042
17165,-4.22772,-0.15512,0.73810
17166,-1.35661,0.01553,0.80093
17167,-2.10764,0.01150,0.83126
17168,-2.25144,0.01363,0.82652
17169,-0.68603,0.01690,0.77686
17170,-1.40134,0.01182,0.81255
17171,1.18612,0.10262,0.20834
17172,1.61662,0.11181,0.22191
17173,1.40118,0.10366,0.21697
17174,13.18637,0.34858,0.41965
17175,13.44148,0.34968,0.43618
17176,13.44562,0.35342,0.43447
17177,-0.74525,-0.11318,0.19140
17178,-0.56268,-0.10692,0.18733
17179,-1.05926,-0.11674,0.19961
17180,-0.42055,-0.10899,0.18359
17181,-0.03753,-0.09907,0.17479
17182,-4.12410,0.00032,0.01166
17183,-4.24553,0.00049,0.01493
17184,-3.52860,0.00050,0.01752
17185,-10.90785,0.00440,0.02838
17186,-10.22662,0.00718,0.03788
17187,-11.66887,0.00310,0.02276
17188,-10.53249,0.00511,0.03169
17189,-9.32678,0.00993,0.04690
17190,-4.17347,0.01957,0.09083
17191,-3.23055,0.02540,0.10776
17192,-3.49094,0.02531,0.10469
17193,-4.79919,0.01515,0.07852
17194,-3.98693,0.01910,0.09199
17195,-11.75536,0.02139,0.05089
17196,-10.61924,0.02924,0.06126
17197,-12.01716,0.01961,0.04826
17198,-10.73227,0.02833,0.06034
17199,-2.04625,-0.07614,0.76839
17200,-2.24399,-0.07918,0.75619
17201,-1.89877,-0.06869,0.76540
17202,-2.44908,-0.08756,0.75669
17203,-12.32490,-0.27196,0.49425
17204,-12.21752,-0.26750,0.49323
17205,8.68952,0.28389,0.63719
17206,8.71974,0.28566,0.64078
17207,8.31771,0.27447,0.65238
17208,9.05495,0.29405,0.62099
17209,9.05312,0.29467,0.62771
17210,4.89955,0.21920,0.28604
17211,0.02465,0.05624,0.17348
17212,-0.26938,0.05186,0.16219
17213,-0.11548,0.05722,0.16827
17214,10.23328,0.21416,0.55586
17215,10.01840,0.20841,0.55831
17216,10.61742,0.21891,0.53420
17217,-5.63297,-0.21046,0.37027
17218,-5.18594,-0.19770,0.35514
17219,15.05587,-0.00335,0.01610
17220,13.92272,-0.00810,0.02779
17221,14.30297,-0.00692,0.02535
17222,12.77510,-0.01378,0.03845
17223,12.83657,-0.01380,0.03835
17224,10.06981,-0.02860,0.06510
17225,9.42744,-0.03269,0.07088
17226,10.73550,-0.02374,0.05855
17227,8.54506,-0.03986,0.07954
17228,-8.20866,-0.24222,0.65519
17229,-9.05712,-0.25554,0.64187
17230,-10.05303,-0.27011,0.62359
17231,-9.37109,-0.26254,0.63781
17232,4.44544,0.21006,0.74392
17233,5.41406,0.22718,0.72836
17234,4.12739,0.20221,0.74948
17235,5.39251,0.22396,0.72915
17236,8.47050,-0.00348,0.02947
17237,9.41518,-0.00135,0.01558
17238,7.35378,-0.00662,0.04435
17239,8.41862,-0.00304,0.02785
17240,-1.60559,0.05280,0.14544
17241,-1.78262,0.05315,0.14308
17242,-0.77463,0.06148,0.15979
17243,2.95073,0.20104,0.20870
17244,2.88069,0.20077,0.20787
17245,3.18766,0.20385,0.21162
17246,3.72786,0.21416,0.21920
17247,6.03877,0.22810,0.36176
17248,6.28231,0.23640,0.36468
17249,6.41424,0.23767,0.37661
17250,5.71384,0.21998,0.34903
17251,5.97081,0.22942,0.35031
17252,0.88601,-0.01668,0.11492
17253,0.90310,-0.01431,0.10952
17254,0.69577,-0.01649,0.12189
17255,-7.21457,-0.24219,0.49953
17256,-7.47900,-0.25149,0.49740
17257,-6.99196,-0.23604,0.48905
17258,0.59393,-0.00542,0.11609
17259,0.74759,-0.00583,0.11093
17260,0.56098,-0.00726,0.12687
17261,1.02911,-0.00490,0.09481
17262,0.76004,-0.00726,0.11732
17263,-6.80200,-0.12153,0.49243
17264,-7.01364,-0.12616,0.47337
17265,-6.51005,-0.11571,0.49211
17266,-6.67112,-0.11952,0.46370
17267,-3.41536,-0.10710,0.61703
17268,-3.63014,0.10243,0.13095
17269,-2.57359,0.11615,0.14238
17270,-2.39601,0.11912,0.14436
17271,-4.86468,0.08684,0.11798
17272,-5.39216,-0.12698,0.64645
17273,-4.17843,-0.11402,0.67194
17274,-5.69849,-0.13319,0.64312
17275,-1.49908,0.12967,0.15425
17276,-2.05148,0.12268,0.14810
17277,-2.14114,0.12024,0.14706
17278,-10.45103,0.02520,0.06039
17279,-9.54454,0.03207,0.06950
17280,-11.46239,0.01955,0.05164
17281,-9.96442,0.02799,0.06466
17282,-8.79603,0.03693,0.07621
17283,2.26373,0.06993,0.65809
17284,2.62132,0.08121,0.65755
17285,2.47429,0.07666,0.67136
17286,2.55523,0.07914,0.64580
17287,3.13488,0.11992,0.22522
17288,3.85535,0.12993,0.23781
17289,2.93580,0.12000,0.22044
17290,3.43108,0.12122,0.23190
17291,4.22299,0.13240,0.24608
17292,13.29860,0.38716,0.43189
17293,13.52121,0.39019,0.44744
17294,13.23863,0.38902,0.43089
17295,13.44811,0.38695,0.43947
17296,-8.02079,-0.27139,0.67044
17297,-0.80325,-0.01329,0.49902
17298,-0.82593,-0.01380,0.52567
17299,-7.94616,-0.15249,0.41329
17300,-7.84455,-0.15363,0.39522
17301,-8.18561,-0.15819,0.41382
17302,-7.71839,-0.14751,0.41170
17303,-0.01587,-0.08196,0.17410
17304,0.45119,-0.07242,0.16130
17305,-0.45818,-0.09136,0.18634
17306,-0.08054,-0.08636,0.17589
17307,-7.77597,-0.25165,0.61692
17308,-8.03575,-0.26029,0.60602
17309,-7.85511,-0.25425,0.60112
17310,-8.05874,-0.26112,0.61515
17311,-12.60053,-0.39187,0.52385
17312,-12.61898,-0.39453,0.51126
17313,-4.40059,-0.23564,0.24430
17314,-5.14282,-0.25135,0.25745
17315,-5.01367,-0.24793,0.25622
17316,-0.26598,-0.01961,0.19388
17317,-0.13406,-0.01969,0.18418
17318,12.64772,0.35415,0.57381
17319,12.38394,0.34588,0.58216
17320,0.76467,0.12685,0.18095
17321,-0.34115,0.11290,0.16688
17322,0.68659,0.12380,0.17998
17323,12.34356,0.33693,0.38477
17324,12.68600,0.34361,0.39694
17325,12.24853,0.33946,0.38067
17326,12.43173,0.33510,0.38863
17327,12.77631,0.34143,0.40150
17328,1.24044,0.05777,0.20767
17329,1.74620,0.06380,0.22158
17330,1.34385,0.06099,0.20913
17331,2.27239,0.06879,0.23808
17332,2.07037,0.06921,0.22891
17333,-6.82762,0.05505,0.08994
17334,-7.79864,0.04439,0.07911
17335,-8.26014,0.03895,0.07345
17336,-9.07360,0.03255,0.06580
17337,4.91905,-0.01711,0.92836
17338,5.91465,-0.07337,0.10714
17339,6.00797,-0.07268,0.10616
17340,6.67292,-0.06482,0.09957
17341,7.07869,-0.06110,0.09558
17342,3.35214,0.10552,0.68330
17343,3.05064,0.09561,0.68189
17344,3.34220,0.10467,0.67128
17345,3.33684,0.10594,0.69551
17346,-1.71905,-0.08333,0.79492
17347,-1.35704,-0.07915,0.80628
17348,-1.89857,-0.08979,0.79110
17349,-1.52267,-0.07661,0.79961
17350,-0.46115,-0.03908,0.83008
17351,-0.21125,-0.03184,0.84087
17352,-0.12940,-0.03669,0.84411
17353,-0.73988,-0.04226,0.81633
17354,-0.46462,-0.03333,0.82714
17355,-0.86542,-0.05184,0.23271
17356,-0.79569,-0.05229,0.22423
17357,-0.93130,-0.05060,0.24388
17358,-3.11559,0.08372,0.13401
17359,-4.48101,0.06935,0.11883
17360,-3.29724,0.08037,0.13178
17361,-3.07982,0.08526,0.13455
17362,-3.92135,0.07608,0.12515
17363,-4.78957,-0.13910,0.25778
17364,-5.33998,-0.14416,0.27103
17365,-4.51659,-0.13296,0.25417
17366,-5.13747,-0.14578,0.26318
17367,-5.70239,-0.15076,0.27711
17368,0.13309,0.00411,0.59070
17369,-0.27070,-0.00849,0.59961
17370,-0.36245,-0.01141,0.58443
17371,0.45951,0.01439,0.58443
17372,0.59441,0.01850,0.59695
17373,0.89336,0.02930,0.74665
17374,8.19138,0.27297,0.51344
17375,8.46207,0.28215,0.51230
17376,8.36872,0.27734,0.52486
17377,3.71061,-0.03956,0.09703
17378,3.53639,-0.03906,0.09815
17379,-6.99472,-0.28377,0.27283
17380,-7.83406,-0.29979,0.28775
17381,-7.63857,-0.29465,0.28324
17382,-7.46516,-0.29410,0.28200
17383,-1.54918,0.13373,0.15368
17384,-0.63948,0.14814,0.16471
17385,-1.66063,-0.06147,0.36504
17386,-1.94222,-0.07108,0.37454
17387,6.62216,0.24627,0.37378
17388,7.90845,0.26766,0.67191
17389,8.05461,0.27254,0.67049
17390,7.48429,0.25935,0.68474
17391,8.21382,0.27419,0.66132
17392,8.48169,0.28204,0.65692
17393,-9.33818,-0.18330,0.43440
17394,-9.08928,-0.17756,0.42984
17395,-9.00696,-0.17935,0.41028
17396,-11.45218,0.00489,0.02865
17397,-10.08955,0.00948,0.04339
17398,-10.04165,0.01020,0.04464
17399,-11.70547,0.00408,0.02640
17400,-4.73946,0.08795,0.11706
17401,-5.21789,0.08207,0.11202
17402,-3.99346,0.09822,0.12550
17403,-17.73580,0.00135,0.00967
17404,-15.92661,0.00378,0.01780
17405,-15.37035,0.00580,0.02338
17406,-15.54578,0.00350,0.01732
17407,-14.43223,0.00838,0.02909
17408,9.45952,0.30865,0.31171
17409,9.60907,0.31390,0.31521
17410,9.33305,0.30417,0.30891
17411,10.16602,0.31875,0.32619
17412,1.36727,-0.13349,0.15553
17413,1.60967,-0.12882,0.15235
17414,0.95934,-0.14080,0.16079
17415,2.02140,-0.12360,0.14736
17416,-5.77479,-0.19638,0.47191
17417,-6.07305,-0.20628,0.47513
17418,-5.86867,-0.19806,0.48418
17419,-1.39074,-0.05985,0.29126
17420,-1.42265,-0.06295,0.28315
17421,-1.22071,-0.05525,0.27667
17422,-1.31374,-0.06078,0.27184
17423,-5.49481,0.06934,0.11067
17424,-5.90694,0.06615,0.10673
17425,0.06465,0.00126,0.44971
17426,-0.08304,-0.00118,0.46713
17427,-0.36965,-0.00601,0.47393
17428,-0.06302,-0.00084,0.48871
17429,2.99497,0.20989,0.21198
17430,2.96335,0.20977,0.21183
17431,3.53993,0.21911,0.21929
17432,-7.24272,0.04753,0.89621
17433,-6.50325,0.04767,0.89459
17434,-9.56108,0.03183,0.91771
17435,-8.14474,0.03632,0.91009
17436,-4.85029,-0.18731,0.73508
17437,-5.89345,-0.21317,0.71328
17438,6.61154,0.26822,0.26294
17439,6.17451,0.26150,0.25629
17440,5.59773,0.24974,0.24691
17441,7.22907,0.28061,0.27352
17442,-12.97234,-0.31505,0.43277
17443,-12.72527,-0.30951,0.42034
17444,-12.68136,-0.31349,0.41300
17445,-13.14113,-0.31488,0.45112
17446,-12.97459,-0.31067,0.44003
17447,-12.01240,-0.29122,0.56743
17448,-11.52756,-0.28439,0.58338
17449,-11.25411,-0.27627,0.58809
17450,-12.46888,-0.30102,0.55245
17451,-12.15223,-0.29748,0.56669
17452,1.37584,0.02560,0.35116
17453,-11.29855,-0.37683,0.45430
17454,-11.23975,-0.37691,0.44223
17455,-11.54802,-0.38035,0.47137
17456,12.56875,0.38931,0.53146
17457,0.29451,-0.17090,0.77774
17458,-0.41746,-0.17833,0.77225
17459,1.83220,-0.15432,0.79343
17460,-1.14495,-0.18689,0.76267
17461,-1.73129,-0.19361,0.75815
17462,-2.53804,-0.07077,0.24763
17463,-2.54641,-0.07267,0.24510
17464,-2.97619,-0.07690,0.25979
17465,-2.31569,-0.07167,0.23600
17466,-2.87326,-0.07767,0.25317
17467,-5.38859,-0.22174,0.24180
17468,-6.11974,-0.23237,0.25296
17469,-5.47974,-0.22108,0.24325
17470,-5.45583,-0.22488,0.24272
17471,-6.22772,-0.23600,0.25452
17472,12.09510,-0.00546,0.02328
17473,12.53766,-0.00412,0.01948
17474,13.07589,-0.00188,0.01164
17475,11.26934,-0.00973,0.03295
17476,11.43227,-0.00948,0.03247
17477,0.41775,0.12290,0.17628
17478,-0.88506,0.10661,0.16007
17479,0.10812,0.11709,0.17248
17480,-2.84517,-0.11878,0.21905
17481,-2.46704,-0.11695,0.21153
17482,-12.41484,-0.28303,0.43939
17483,-12.44004,-0.27927,0.45495
17484,-12.21325,-0.27770,0.43114
17485,-19.62342,0.02635,0.90497
17486,-23.23014,0.01743,0.92596
17487,-21.26797,0.02305,0.91338
17488,-18.87758,0.02725,0.90192
17489,-22.55595,0.01772,0.92412
17490,-0.06716,-0.14786,0.17194
17491,-2.52125,-0.19110,0.21596
17492,-3.88035,-0.21988,0.23993
17493,-2.97644,-0.20133,0.22340
17494,-8.19623,-0.15352,0.45137
17495,-8.23671,-0.15636,0.43349
17496,-8.49842,-0.15885,0.48012
17497,-8.23461,-0.15301,0.47255
17498,9.07723,0.33446,0.35133
17499,8.56165,0.32309,0.33873
17500,-6.72210,-0.24641,0.38695
17501,-6.48638,-0.23841,0.38445
17502,14.60097,-0.00657,0.02547
17503,14.90232,-0.00588,0.02401
17504,16.28157,-0.00204,0.01204
17505,13.32918,-0.01188,0.03636
17506,12.97522,-0.01359,0.03998
17507,-2.11951,-0.06965,0.50804
17508,-2.59804,-0.08529,0.51056
17509,-1.77531,-0.05839,0.50498
17510,-5.74544,-0.24402,0.24745
17511,-4.71193,-0.22634,0.23222
17512,-5.26098,-0.23732,0.24040
17513,-6.58227,-0.25747,0.26030
17514,-5.72996,-0.24208,0.24701
17515,11.84853,-0.03344,0.86782
17516,14.87310,-0.02284,0.89361
17517,12.27183,-0.02941,0.87416
17518,11.72331,-0.03600,0.86476
17519,16.02549,-0.02124,0.90005
17520,2.92622,-0.04629,0.10966
17521,2.28998,-0.05438,0.12218
17522,2.53930,-0.05427,0.11906
17523,3.29391,-0.03948,0.10075
17524,2.68143,-0.04677,0.11270
17525,-1.37012,-0.10000,0.19436
17526,-0.26096,-0.08852,0.17666
17527,-1.53894,-0.10006,0.19763
17528,-0.64422,-0.09059,0.18288
17529,-3.49015,-0.08409,0.27577
17530,-2.88080,-0.07634,0.25737
17531,-2.83762,-0.07736,0.25327
17532,-2.66806,-0.07267,0.25286
17533,-2.24103,-0.06960,0.23675
17534,-11.35754,-0.34701,0.35579
17535,-10.79456,-0.33743,0.34170
17536,-10.90076,-0.34155,0.34477
17537,-11.72482,-0.35060,0.36515
17538,-11.06728,-0.33991,0.34777
17539,-13.68605,0.00930,0.03054
17540,2.68007,0.09801,0.22528
17541,3.22831,0.10254,0.23836
17542,3.36330,0.10681,0.23915
17543,1.86845,0.08958,0.20837
17544,2.80009,0.10635,0.34908
17545,2.55783,0.09930,0.33551
17546,2.43127,0.09122,0.35597
17547,13.17749,0.40222,0.47529
17548,13.03818,0.40175,0.46024
17549,-10.03770,-0.34986,0.34194
17550,-10.60969,-0.36030,0.35534
17551,-9.89535,-0.34607,0.33680
17552,-9.74153,-0.34488,0.33625
17553,-10.33583,-0.35653,0.35107
17554,2.82214,0.10065,0.39963
17555,3.03344,0.10925,0.39113
17556,2.65165,0.09623,0.38274
17557,10.88175,0.35306,0.53869
17558,11.06597,0.35975,0.52623
17559,1.53285,-0.10152,0.76440
17560,3.02028,-0.08886,0.78027
17561,1.67322,0.05539,0.49333
17562,1.82470,0.05998,0.50490
17563,1.39920,0.04601,0.50277
17564,9.55443,0.30956,0.59560
17565,9.36087,0.30355,0.61115
17566,9.66462,0.31352,0.58234
17567,9.83103,0.31844,0.58450
17568,7.65967,0.29833,0.28640
17569,6.97018,0.28557,0.27454
17570,7.04826,0.28596,0.27499
17571,-9.42996,0.01497,0.04417
17572,-9.04483,0.01640,0.04711
17573,-10.35722,0.00885,0.03256
17574,1.74571,-0.05039,0.86947
17575,1.02006,-0.05629,0.85784
17576,-10.52713,-0.25348,0.36180
17577,-10.48903,0.01704,0.05333
17578,-11.76218,0.01112,0.04098
17579,-11.99352,0.00961,0.03811
17580,-9.27091,0.02464,0.06606
17581,-10.84869,0.01586,0.05054
17582,-5.17230,-0.19682,0.35624
17583,-4.91230,-0.18806,0.35187
17584,-5.14301,-0.19294,0.36602
17585,-5.17078,-0.19912,0.34874
17586,-1.86342,-0.16191,0.19355
17587,-2.97879,-0.17844,0.20806
17588,-2.74791,-0.17286,0.20511
17589,-1.09419,-0.15218,0.18386
17590,3.23519,-0.05941,0.11465
17591,2.56484,-0.07039,0.12683
17592,3.22871,-0.06197,0.11609
17593,3.24504,-0.05710,0.11326
17594,-2.74928,-0.12807,0.27393
17595,-2.93374,-0.13584,0.27560
17596,-2.53269,-0.12491,0.26210
17597,-2.89733,-0.12939,0.28440
17598,-3.23092,-0.14088,0.29184
17599,-2.90545,0.10720,0.13849
17600,-5.22392,0.07978,0.11426
17601,4.17103,0.10568,0.27102
17602,4.29496,0.10948,0.27075
17603,4.67431,0.10999,0.28829
17604,4.93134,0.11534,0.29147
17605,-12.78978,0.00853,0.03416
17606,-11.38819,0.01437,0.04685
17607,-11.24452,0.01581,0.04932
17608,-13.92414,0.00458,0.02311
17609,-12.72930,0.00817,0.03358
17610,8.24795,0.15971,0.55763
17611,8.40839,0.16088,0.54499
17612,7.99875,0.15377,0.55949
17613,0.94717,0.15900,0.18996
17614,1.61800,0.17185,0.20111
17615,1.08355,0.16001,0.19241
17616,1.23660,0.16574,0.19448
17617,9.71534,-0.02681,0.05840
17618,9.35111,-0.02907,0.06157
17619,8.45270,-0.03813,0.07195
17620,10.53408,-0.02081,0.05022
17621,-7.34175,-0.29869,0.29835
17622,-7.81617,-0.30872,0.30976
17623,-8.06941,-0.31420,0.31317
17624,-4.60951,0.00368,0.96352
17625,-4.34521,0.00232,0.97017
17626,-4.09847,0.00659,0.95010
17627,-3.34755,0.02238,0.91174
17628,-2.68348,0.02595,0.90190
17629,-3.09598,0.02786,0.90248
17630,-3.84859,0.01729,0.92306
17631,-3.04039,0.02043,0.91267
17632,6.57790,0.12934,0.36933
17633,6.20768,0.12543,0.35050
17634,6.22069,0.12348,0.35940
17635,6.91303,0.13533,0.37658
17636,6.46481,0.13040,0.35414
17637,-3.28440,-0.10326,0.60632
17638,-0.95011,0.03416,0.76907
17639,-0.43298,0.03999,0.75507
17640,0.28902,0.04187,0.73591
17641,-1.70705,0.03265,0.78521
17642,1.20411,0.03966,0.49698
17643,0.82565,0.02719,0.49697
17644,0.95338,0.03161,0.48524
17645,5.77616,0.18418,0.61040
17646,-0.12835,0.10511,0.17168
17647,-0.17118,0.10724,0.17096
17648,0.54218,0.11904,0.18579
17649,-0.66681,0.09363,0.16036
17650,-0.76804,0.09500,0.15883
17651,10.35890,0.31393,0.33009
17652,10.11742,0.30795,0.32485
17653,-5.25443,-0.25396,0.25924
17654,-5.95656,-0.26902,0.27180
17655,-5.20544,-0.25354,0.25694
17656,-5.17364,-0.25162,0.25896
17657,-5.99729,-0.26931,0.27423
17658,-6.02105,-0.27092,0.27083
17659,-5.61543,-0.26262,0.26255
17660,-6.39446,-0.27892,0.27683
17661,-4.49371,0.09244,0.12168
17662,-3.23123,0.10870,0.13519
17663,2.47027,0.04226,0.44892
17664,2.25503,0.03824,0.46207
17665,2.57067,0.04360,0.46949
17666,2.55474,0.04421,0.42911
17667,-8.55001,0.02812,0.07237
17668,-9.72934,0.02017,0.05963
17669,-8.24002,0.02918,0.07481
17670,-8.92766,0.02663,0.06932
17671,-10.04947,0.01926,0.05742
17672,-6.37185,-0.20752,0.66432
17673,-6.68022,-0.21618,0.64901
17674,-6.22607,-0.20115,0.65673
17675,-6.38365,-0.20951,0.67146
17676,-6.77845,-0.22081,0.65746
17677,-6.43428,0.01313,0.94075
17678,-4.62082,0.02265,0.91799
17679,-5.60028,0.01920,0.92712
17680,7.71456,0.27753,0.68783
17681,7.12401,0.26735,0.69769
17682,6.69538,0.25937,0.70505
17683,-1.20484,-0.03309,0.24584
17684,-1.26757,-0.03209,0.25738
17685,-1.07875,-0.03336,0.23312
17686,-1.42809,-0.03727,0.25315
17687,-2.57775,-0.14696,0.78025
17688,4.52886,0.18686,0.74378
17689,4.77606,0.18900,0.73801
17690,5.17722,0.19992,0.73049
17691,-3.38732,-0.16223,0.26947
17692,-7.97578,-0.20449,0.63832
17693,-7.67446,-0.20389,0.64604
17694,-6.83268,-0.19141,0.65860
17695,-8.88450,-0.21704,0.62139
17696,-7.51417,-0.25107,0.66911
17697,-7.74280,-0.25573,0.65763
17698,-7.79968,-0.25997,0.66420
17699,-8.06128,-0.26557,0.65190
17700,-12.97477,-0.40219,0.47384
17701,-12.90965,-0.40161,0.47784
17702,-12.81356,-0.40116,0.45514
17703,-3.58068,0.00377,0.04976
17704,-3.99549,0.00200,0.03380
17705,-3.57750,0.00507,0.05754
17706,-4.29363,0.00224,0.03532
17707,-0.87832,0.01660,0.89067
17708,-1.18859,0.01239,0.90575
17709,-0.09354,-0.02534,0.73897
17710,-0.80756,-0.03037,0.70396
17711,0.60754,-0.02169,0.76835
17712,0.75726,0.02324,0.69158
17713,1.16671,0.03595,0.69285
17714,1.07025,0.02186,0.30846
17715,1.30649,0.02547,0.32727
17716,0.90195,0.01813,0.31222
17717,1.11097,0.02127,0.33460
17718,-4.98773,-0.19574,0.33760
17719,-5.38528,-0.20743,0.34908
17720,-4.69041,-0.18720,0.32845
17721,4.20788,-0.06176,0.12000
17722,3.51846,-0.06722,0.12782
17723,4.61577,-0.05663,0.11486
17724,2.41111,0.06765,0.68155
17725,1.81546,0.06460,0.69983
17726,2.66574,0.07272,0.67792
17727,2.11352,0.06217,0.68692
17728,1.48425,0.05950,0.70683
17729,-2.78661,-0.20341,0.20756
17730,-3.43800,-0.21401,0.21620
17731,-3.02301,-0.20819,0.21102
17732,9.44366,0.25914,0.63374
17733,8.60510,0.24523,0.64758
17734,2.21151,0.08872,0.70488
17735,3.24133,0.09520,0.68273
17736,1.59264,0.08073,0.71573
17737,3.15810,0.09791,0.68687
17738,0.42456,0.02906,0.21974
17739,0.36484,0.03002,0.20844
17740,0.31366,0.02463,0.21083
17741,-1.78852,-0.05673,0.71723
17742,-1.47929,-0.04657,0.71371
17743,-1.88215,-0.05905,0.70499
17744,5.43549,0.13234,0.65184
17745,4.34514,0.12236,0.67456
17746,4.93962,0.13071,0.66554
17747,-1.77597,0.13399,0.81489
17748,-2.69583,0.12702,0.82149
17749,7.41178,0.17363,0.62947
17750,6.38209,0.15984,0.64854
17751,8.31050,0.18712,0.61153
17752,8.53955,0.18621,0.60120
17753,1.27885,0.07904,0.22979
17754,-5.32653,-0.25701,0.25165
17755,-6.09201,-0.27240,0.26498
17756,-5.96241,-0.26952,0.26184
17757,-4.65822,-0.24383,0.24121
17758,-5.51377,-0.26092,0.25580
17759,2.66563,0.15624,0.23860
17760,2.36880,0.14629,0.23292
17761,2.77616,0.15272,0.24615
17762,1.61902,0.13622,0.21088
17763,1.23344,0.12960,0.20146
17764,0.74502,0.11929,0.19045
17765,-4.12939,-0.14342,0.69112
17766,-2.04442,-0.12567,0.72093
17767,-5.70471,-0.15843,0.66509
17768,-5.19586,-0.15625,0.67577
17769,12.59141,0.32770,0.39855
17770,12.78254,0.33377,0.40442
17771,12.25314,0.32101,0.38638
17772,12.72861,0.32593,0.40614
17773,-6.95953,0.05850,0.09668
17774,-7.86595,0.05043,0.08788
17775,-8.58077,0.04387,0.08114
17776,-7.24770,0.05649,0.09380
17777,-9.36756,-0.33398,0.39614
17778,1.32574,0.16082,0.18700
17779,2.25203,0.17357,0.19870
17780,2.63890,0.18090,0.20360
17781,1.16564,0.15713,0.18505
17782,-7.14722,0.00738,0.03584
17783,-6.81539,0.00723,0.03606
17784,-11.37243,-0.24430,0.53248
17785,-11.08513,-0.24098,0.55022
17786,-10.96808,-0.23552,0.54752
17787,-11.61578,-0.25121,0.52723
17788,-13.11568,-0.37929,0.41690
17789,-13.04272,-0.37560,0.41191
17790,1.16327,0.04890,0.29798
17791,0.98168,0.04200,0.29181
17792,1.11004,0.04861,0.28483
17793,0.58580,0.12905,0.74200
17794,1.76021,0.13602,0.72792
17795,-0.72519,0.11461,0.75621
17796,11.39701,0.38069,0.43558
17797,11.57965,0.38407,0.44011
17798,11.20737,0.37770,0.42295
17799,0.65519,-0.12003,0.16373
17800,1.33561,-0.10710,0.15244
17801,0.72744,-0.11649,0.16230
17802,2.05710,-0.09619,0.14122
17803,1.99262,-0.09540,0.14176
17804,0.48633,-0.09193,0.16330
17805,0.65267,-0.09158,0.16013
17806,1.10464,-0.08168,0.15023
17807,-3.64919,-0.11615,0.24070
17808,8.93084,0.32812,0.31732
17809,8.39119,0.31660,0.30480
17810,9.30150,0.33417,0.32337
17811,8.69337,0.32419,0.31380
17812,8.10529,0.31197,0.30083
17813,1.72072,0.10476,0.19996
17814,1.44111,0.09963,0.19583
17815,2.55441,0.11230,0.21483
17816,0.93865,0.09705,0.18712
17817,0.65553,0.09214,0.18290
17818,-11.73825,-0.37211,0.55178
17819,-11.67512,-0.36862,0.56366
17820,-11.91739,-0.37591,0.55000
17821,-11.46455,-0.36331,0.56944
17822,0.66228,0.03232,0.20605
17823,0.91996,0.03664,0.21568
17824,0.38789,0.03143,0.19212
17825,0.79449,0.03162,0.21542
17826,0.33716,-0.08160,0.16532
17827,0.93081,-0.07280,0.15120
17828,0.39354,-0.07684,0.16339
17829,10.92756,0.25793,0.37538
17830,10.29110,0.24877,0.35547
17831,11.32733,0.26556,0.38745
17832,10.94326,0.26223,0.37151
17833,0.80871,-0.04131,0.86477
17834,1.43264,-0.03689,0.87724
17835,10.11237,0.32847,0.56077
17836,10.26033,0.33240,0.56582
17837,16.26987,-0.05299,0.89052
17838,16.96839,-0.05074,0.89241
17839,13.36411,-0.06890,0.87157
17840,18.55166,-0.04189,0.90513
17841,20.87628,-0.03362,0.91566
17842,-4.73576,-0.12475,0.26892
17843,-4.19840,-0.12058,0.25415
17844,-4.79767,-0.12310,0.27335
17845,-4.04551,-0.11448,0.25468
17846,-7.50439,-0.29860,0.28678
17847,4.47056,0.23601,0.24657
17848,4.33918,0.23396,0.24334
17849,5.03441,0.24850,0.25600
17850,3.69365,0.22118,0.23154
17851,4.75920,0.24331,0.24992
17852,12.24759,0.39437,0.46361
17853,12.15790,0.39271,0.46648
17854,12.33023,0.39476,0.47484
17855,-7.23202,-0.14798,0.35967
17856,-7.42294,-0.14823,0.37518
17857,0.38109,-0.11476,0.16637
17858,0.52919,-0.11455,0.16449
17859,-0.73422,-0.12924,0.18030
17860,1.57208,-0.10076,0.15198
17861,14.90203,-0.00673,0.02543
17862,15.83316,-0.00416,0.01879
17863,16.22191,-0.00236,0.01346
17864,14.39158,-0.00860,0.02950
17865,-8.67442,-0.29473,0.66980
17866,-8.78075,-0.29600,0.66750
17867,-9.60724,-0.31146,0.65193
17868,-8.15166,-0.28437,0.67816
17869,-9.52176,-0.30870,0.65360
17870,4.45785,0.14782,0.50303
17871,4.55067,0.15198,0.49179
17872,4.85294,0.16128,0.50147
17873,-2.40947,0.12079,0.14422
17874,-1.40443,0.13524,0.15563
17875,-2.98292,-0.05176,0.56308
17876,-3.35847,-0.05734,0.53900
17877,-3.22752,-0.05645,0.56818
17878,-3.54864,-0.06022,0.51508
17879,-3.68314,-0.06286,0.52484
17880,10.84167,0.35764,0.50197
17881,10.90520,0.35745,0.51442
17882,10.72681,0.35659,0.48869
17883,10.95464,0.36225,0.49203
17884,13.10553,0.40192,0.47301
17885,13.08098,0.40168,0.46278
17886,12.91305,0.40112,0.45761
17887,7.64708,0.27345,0.68870
17888,7.55097,0.27052,0.69021
17889,3.31547,0.20957,0.74942
17890,9.90026,0.35142,0.38035
17891,9.92044,0.35136,0.38508
17892,14.08930,-0.03759,0.91411
17893,14.92309,-0.03149,0.92233
17894,17.13226,-0.02348,0.93442
17895,13.89122,-0.03396,0.91858
17896,17.52418,-0.01931,0.94099
17897,2.15614,0.03985,0.36190
17898,1.91344,0.03633,0.34560
17899,1.93233,0.03560,0.36423
17900,2.37893,0.04419,0.35706
17901,2.04713,0.03929,0.33791
17902,-0.29216,-0.01313,0.27862
17903,9.68450,-0.08827,0.83673
17904,12.85698,-0.07051,0.85830
17905,13.69690,-0.06537,0.86318
17906,16.34312,-0.05311,0.88000
17907,-0.24879,0.16453,0.78831
17908,-2.05594,0.14367,0.80666
17909,1.30689,0.18179,0.77369
17910,-6.00736,0.05936,0.10398
17911,-4.68540,0.07075,0.11749
17912,-4.74315,0.07120,0.11709
17913,-13.09079,0.01404,0.03937
17914,-11.73806,0.02169,0.05065
17915,-13.15746,0.01291,0.03728
17916,-12.84246,0.01597,0.04240
17917,-11.36133,0.02475,0.05492
17918,-8.68859,0.01535,0.05881
17919,-8.89394,0.01517,0.05759
17920,-10.33183,0.00836,0.04089
17921,-7.48907,0.02250,0.07342
17922,5.35835,-0.06074,0.10006
17923,5.32524,-0.05957,0.09949
17924,4.40863,-0.07220,0.11179
17925,6.27824,-0.05060,0.08920
17926,6.46349,-0.04679,0.08568
17927,0.59388,-0.02036,0.13224
17928,0.58832,-0.02344,0.13608
17929,-7.42148,-0.16486,0.33183
17930,-6.70001,-0.15593,0.31057
17931,-1.16081,0.11169,0.15536
17932,-0.39527,0.12516,0.16786
17933,-0.95408,0.11342,0.15851
17934,-1.75767,0.10270,0.14608
17935,-0.96741,0.11678,0.15864
17936,9.38895,0.32611,0.31648
17937,9.83071,0.33578,0.32691
17938,9.65604,0.32930,0.32113
17939,10.24652,0.34163,0.33501
17940,0.88830,-0.12503,0.16095
17941,1.48362,-0.11600,0.15220
17942,1.69269,-0.11030,0.14868
17943,0.15956,-0.13768,0.17218
17944,0.31926,-0.13664,0.16972
17945,-2.78749,0.05049,0.87735
17946,-1.90979,0.05750,0.86560
17947,-1.84666,0.06228,0.86175
17948,-1.53613,0.05760,0.86231
17949,-1.04781,0.06806,0.85110
17950,8.96700,-0.04276,0.07512
17951,10.36007,-0.03086,0.06185
17952,10.18549,-0.03204,0.06323
17953,7.88226,-0.05342,0.08593
17954,9.22265,-0.04061,0.07288
17955,-5.55850,-0.18414,0.51410
17956,-5.78618,-0.19265,0.50598
17957,-5.46289,-0.18237,0.49993
17958,-5.93517,-0.19619,0.51981
17959,1.37331,0.04394,0.54586
17960,0.98282,0.03132,0.55243
17961,0.86980,0.02788,0.54160
17962,0.80975,0.02565,0.56231
17963,0.57434,0.01829,0.55194
17964,-4.78070,-0.23411,0.23424
17965,-4.84821,-0.23651,0.23553
17966,-5.66231,-0.25023,0.24749
17967,-3.94835,-0.21929,0.22232
17968,0.33195,0.00730,0.64795
17969,0.13366,0.00318,0.65187
17970,0.20475,0.00568,0.67794
17971,0.28951,0.00571,0.62273
17972,-1.06781,-0.15091,0.19351
17973,-1.15053,-0.14671,0.19609
17974,-1.32516,-0.08701,0.72271
17975,-2.56888,-0.09877,0.70237
17976,-0.34515,-0.08267,0.73930
17977,-2.57921,-0.09527,0.69982
17978,7.31435,0.26927,0.68978
17979,6.96066,0.26443,0.69561
17980,6.31586,0.25352,0.70342
17981,5.96067,0.24902,0.70916
17982,-13.69824,-0.39194,0.50279
17983,-13.75030,-0.39008,0.50215
17984,-13.68097,-0.39566,0.49269
17985,0.25873,-0.03103,0.85898
17986,0.06451,-0.02925,0.85308
17987,0.52039,-0.03112,0.86604
17988,0.19182,-0.03775,0.85390
17989,-10.78703,-0.33998,0.62060
17990,-11.25909,-0.35072,0.60659
17991,-11.21006,-0.35046,0.60627
17992,-11.49672,-0.35554,0.60027
17993,-11.69787,-0.36187,0.59024
17994,10.81664,0.27392,0.35601
17995,10.90904,0.27797,0.35686
17996,10.36341,0.26911,0.34258
17997,11.35501,0.28190,0.37221
17998,-5.06031,0.01472,0.07570
17999,-5.61987,0.01097,0.06441
18000,-14.21705,0.06572,0.87030
18001,-17.90001,0.04806,0.89249
18002,-14.65126,0.06336,0.87428
18003,-13.44118,0.06987,0.86445
18004,-17.36439,0.05038,0.88820
18005,0.49904,0.10875,0.18542
18006,0.68869,0.10988,0.19024
18007,0.06971,0.09848,0.17542
18008,-0.01221,0.10531,0.82289
18009,0.64312,0.11061,0.81431
18010,1.00799,0.12027,0.80701
18011,-0.35436,0.09626,0.83009
18012,8.39391,0.15615,0.48439
18013,8.42387,0.15729,0.50672
18014,8.65544,0.16242,0.48125
18015,8.15837,0.15062,0.48176
18016,8.14676,0.15064,0.50489
18017,-0.28391,0.01911,0.16144
18018,-0.56590,0.01562,0.14612
18019,-0.72302,0.01631,0.14124
18020,-1.05324,-0.02645,0.25803
18021,15.65545,-0.00395,0.01941
18022,17.46317,-0.00141,0.00959
18023,16.10575,-0.00209,0.01229
18024,-9.66497,-0.32086,0.51562
18025,-9.86440,-0.32732,0.51376
18026,-9.67584,-0.32319,0.50260
18027,-9.78105,-0.32291,0.52667
18028,-1.45077,-0.04515,0.60972
18029,6.33895,-0.01117,0.06051
18030,5.33984,-0.01678,0.07703
18031,5.33349,-0.01543,0.07484
18032,7.43750,-0.00716,0.04545
18033,6.28153,-0.01242,0.06334
18034,-9.39793,-0.30538,0.58011
18035,-9.34629,-0.30324,0.59126
18036,-9.20205,-0.29920,0.57984
18037,3.32882,-0.00059,0.01890
18038,7.91725,0.24034,0.28671
18039,8.63548,0.25373,0.29959
18040,10.96792,0.32861,0.62126
18041,10.16364,0.31268,0.63844
18042,10.11484,0.31397,0.64015
18043,11.61190,0.34043,0.60502
18044,11.04214,0.32763,0.61934
18045,2.35602,0.19914,0.74490
18046,0.14003,0.17481,0.76655
18047,4.21364,0.22162,0.72473
18048,0.20706,-0.00024,0.05250
18049,-0.04474,0.00004,0.04861
18050,0.15022,-0.00007,0.03337
18051,0.23166,-0.00050,0.06921
18052,0.02836,-0.00007,0.06948
18053,-13.60095,-0.38305,0.52439
18054,-13.64638,-0.38148,0.52140
18055,-13.73838,-0.38614,0.50915
18056,2.73763,0.20414,0.75231
18057,1.14574,0.18472,0.76873
18058,1.07032,0.18293,0.77101
18059,4.29247,0.22518,0.73385
18060,3.82485,0.21902,0.73845
18061,4.34891,0.09086,0.31799
18062,4.75513,0.09741,0.32854
18063,4.28401,0.09252,0.30680
18064,4.38098,0.08881,0.32892
18065,4.85850,0.09617,0.34376
18066,-7.07611,-0.18761,0.29079
18067,-7.34278,-0.19418,0.29432
18068,-6.77296,-0.13464,0.36635
18069,-7.22013,-0.14151,0.38145
18070,-7.02335,-0.13526,0.38973
18071,-6.46595,-0.13229,0.34816
18072,-6.81946,-0.13813,0.35729
18073,9.41120,-0.02302,0.06460
18074,9.81911,-0.01962,0.05945
18075,5.14459,0.09274,0.40950
18076,4.88650,0.08792,0.40632
18077,5.06546,0.08982,0.42702
18078,4.74286,0.08417,0.41976
18079,-2.49835,-0.08005,0.71635
18080,-2.21179,-0.07004,0.71083
18081,-2.74173,-0.08891,0.72067
18082,-2.85826,-0.09108,0.70628
18083,-5.34331,0.03809,0.08440
18084,-4.13655,0.05121,0.10199
18085,-4.88808,0.04108,0.08948
18086,6.89214,-0.06410,0.09658
18087,7.52881,-0.05739,0.09013
18088,6.40476,-0.06947,0.10133
18089,8.15045,-0.05116,0.08421
18090,7.56767,0.26403,0.68545
18091,7.87436,0.26970,0.67693
18092,7.32524,0.25763,0.68996
18093,6.75792,-0.02475,0.06484
18094,7.48895,-0.01946,0.05582
18095,7.71029,-0.01606,0.05054
18096,5.97346,-0.03334,0.07699
18097,6.82990,-0.02592,0.06585
18098,2.29089,-0.02073,0.11471
18099,3.01236,-0.01596,0.09736
18100,2.77567,-0.01920,0.10572
18101,1.99706,-0.02136,0.12016
18102,2.57506,-0.01736,0.10543
18103,-3.61928,-0.15172,0.30564
18104,-3.56837,-0.15270,0.29847
18105,-12.63834,-0.39796,0.43407
18106,-12.67894,-0.39921,0.44113
18107,-12.90805,-0.40141,0.45229
18108,-12.30517,-0.39296,0.41742
18109,-12.42513,-0.39579,0.42748
18110,-10.48865,-0.33581,0.61809
18111,-10.86769,-0.34545,0.60496
18112,-10.75932,-0.34303,0.60555
18113,-10.72053,-0.34119,0.61325
18114,11.39945,0.32080,0.35625
18115,1.72206,0.15834,0.20704
18116,2.01003,0.16649,0.21195
18117,-4.32766,0.03685,0.81616
18118,-4.78551,0.03728,0.82013
18119,-2.87323,0.04630,0.79244
18120,-5.62486,0.02948,0.83666
18121,-7.02715,0.02649,0.85184
18122,10.45666,0.22617,0.56634
18123,9.70468,0.21431,0.58820
18124,9.93822,0.22077,0.58621
18125,10.73672,0.22887,0.55209
18126,-1.31907,-0.17984,0.19202
18127,-1.54364,-0.18430,0.19497
18128,-0.66609,-0.16846,0.18278
18129,-2.09268,-0.19415,0.20309
18130,3.50170,0.13213,0.35583
18131,-5.64590,-0.24462,0.71352
18132,-4.42801,-0.22756,0.72841
18133,-5.26710,-0.23874,0.71742
18134,-5.88287,-0.24844,0.71123
18135,-4.43865,-0.22785,0.72937
18136,2.63725,0.09300,0.41004
18137,2.98684,0.10513,0.41376
18138,2.80592,0.09762,0.42590
18139,-8.42016,0.00568,0.02863
18140,-7.89055,0.00772,0.03497
18141,-8.72918,0.00367,0.02216
18142,2.74098,-0.09718,0.13454
18143,3.18814,-0.09143,0.12873
18144,3.46407,-0.08594,0.12451
18145,-3.78764,0.03524,0.11085
18146,-4.38255,0.03243,0.10333
18147,-5.14621,0.02580,0.09089
18148,-3.05459,0.04253,0.12309
18149,-4.75752,0.00703,0.88880
18150,-6.16600,0.00374,0.92266
18151,-6.35536,0.00512,0.91310
18152,-4.70100,0.00495,0.90229
18153,15.72541,-0.05286,0.89247
18154,17.74344,-0.04459,0.90213
18155,20.06331,-0.03337,0.91763
18156,13.45859,0.39725,0.45734
18157,13.59585,0.39650,0.46760
18158,13.55625,0.39814,0.47178
18159,13.42580,0.39565,0.45055
18160,-4.98739,-0.15865,0.60033
18161,6.25519,0.21054,0.68948
18162,5.97916,0.20088,0.69229
18163,6.54745,0.22050,0.68582
18164,5.97203,0.20630,0.70253
18165,-3.57250,-0.11291,0.59375
18166,-3.12349,-0.09834,0.59667
18167,-15.93402,0.00170,0.01056
18168,-8.77234,0.00563,0.02815
18169,-8.99081,0.00592,0.02884
18170,-0.36452,-0.16266,0.17630
18171,-1.42374,-0.17970,0.18947
18172,-18.65920,0.03461,0.89457
18173,-19.59446,0.03260,0.89962
18174,-15.22570,0.04875,0.87247
18175,-7.88922,-0.28140,0.68426
18176,-7.05645,-0.26726,0.69736
18177,-8.01894,-0.28352,0.68160
18178,-7.61181,-0.27657,0.68917
18179,-6.60048,-0.25955,0.70502
18180,8.57215,0.28326,0.65050
18181,8.32277,0.27551,0.65429
18182,-0.63172,-0.01809,0.68815
18183,-0.63123,-0.01569,0.67293
18184,-0.90453,-0.02011,0.65785
18185,-0.43340,-0.01227,0.68618
18186,-0.53986,-0.01243,0.66141
18187,1.19085,0.13183,0.19999
18188,1.61767,0.14226,0.20902
18189,1.00346,0.13035,0.19544
18190,2.79879,0.04717,0.48786
18191,2.60949,0.04397,0.50583
18192,2.94938,0.04970,0.50842
18193,2.54827,0.04294,0.48255
18194,8.60805,0.31097,0.39204
18195,8.64137,0.31378,0.38542
18196,8.33565,0.30354,0.38609
18197,-1.31374,-0.15144,0.79242
18198,-2.18005,-0.16654,0.77965
18199,-2.51292,-0.16789,0.77625
18200,0.03406,-0.13367,0.80937
18201,-0.73584,-0.14755,0.79797
18202,-15.16385,0.00520,0.02265
18203,-16.64323,0.00156,0.01059
18204,-15.31777,0.00496,0.02215
18205,11.94538,0.26003,0.51498
18206,11.59844,0.25139,0.53061
18207,11.60082,0.25447,0.53934
18208,12.10417,0.26325,0.49631
18209,-6.75523,0.00950,0.04148
18210,-6.54554,0.01262,0.04833
18211,-7.16528,0.03253,0.08390
18212,-6.42863,0.03871,0.09261
18213,-8.06445,0.02748,0.07495
18214,-5.85832,0.04180,0.09833
18215,11.69412,0.38162,0.39225
18216,12.04372,0.38657,0.40226
18217,12.10022,0.38884,0.40823
18218,11.23200,0.37303,0.37656
18219,11.61692,0.37902,0.38670
18220,5.79473,-0.01060,0.06280
18221,4.93998,-0.01470,0.07699
18222,4.39945,-0.01826,0.08735
18223,4.16176,-0.01818,0.08928
18224,-1.64243,0.02096,0.10198
18225,-1.40463,0.02122,0.10735
18226,-1.98391,0.01863,0.09228
18227,12.26586,0.35771,0.38171
18228,11.77761,0.35108,0.36709
18229,11.77469,0.34794,0.36631
18230,12.65386,0.36526,0.39553
18231,12.12842,0.35938,0.37813
18232,-8.75531,-0.16935,0.43050
18233,-8.38495,-0.16374,0.41044
18234,-5.38473,-0.19230,0.40923
18235,-4.99947,-0.17945,0.40255
18236,-5.73860,-0.20377,0.41653
18237,-5.54927,-0.20012,0.39988
18238,-11.59641,-0.24474,0.49483
18239,-11.33931,-0.23871,0.51676
18240,-11.43927,-0.23927,0.49397
18241,8.04777,0.24087,0.28939
18242,8.29697,0.24187,0.29512
18243,7.09530,0.22201,0.27345
18244,8.09435,0.23592,0.29214
18245,-0.50544,-0.03944,0.21226
18246,-0.71005,-0.04394,0.22926
18247,11.84130,0.25901,0.44223
18248,11.68813,0.25955,0.42376
18249,11.97049,0.26416,0.44088
18250,5.29904,0.20494,0.34580
18251,5.41230,0.20602,0.35599
18252,5.04686,0.19601,0.34286
18253,5.66514,0.21581,0.35574
18254,1.98058,-0.00632,0.06134
18255,1.70692,-0.00592,0.06355
18256,10.16138,0.20334,0.44815
18257,10.18220,0.20138,0.47204
18258,-9.62119,-0.22181,0.60006
18259,-10.25320,-0.23252,0.58538
18260,-9.34746,-0.22186,0.61032
18261,-10.32117,-0.23026,0.57907
18262,7.54746,0.20386,0.29358
18263,6.67220,0.19152,0.27624
18264,7.21070,0.19640,0.28844
18265,7.84391,0.21028,0.29838
18266,6.87241,0.19751,0.27826
18267,1.48458,-0.10230,0.14959
18268,2.40288,-0.08727,0.13482
18269,-12.20430,-0.36864,0.58031
18270,-12.55034,-0.37740,0.56492
18271,-12.48555,-0.37807,0.56442
18272,-11.88340,-0.35933,0.59391
18273,-12.40666,-0.37147,0.57460
18274,0.25792,0.01418,0.24130
18275,0.32598,0.01880,0.23540
18276,0.40194,0.02093,0.24860
18277,0.16137,0.00928,0.23617
18278,0.20686,0.01351,0.22315
18279,-11.00681,-0.35350,0.56434
18280,0.61820,0.03841,0.22752
18281,0.69451,0.04388,0.22621
18282,-11.53583,-0.25805,0.55065
18283,-11.34124,-0.25246,0.55429
18284,-10.88747,-0.24366,0.56815
18285,2.92820,0.12596,0.29445
18286,3.09730,0.12832,0.30766
18287,2.71014,0.11613,0.29510
18288,3.30301,0.13772,0.30603
18289,6.13691,0.18753,0.26464
18290,5.09345,0.17393,0.24619
18291,5.36930,0.17466,0.25207
18292,6.74480,0.19792,0.27486
18293,5.81733,0.18584,0.25773
18294,9.43130,0.19893,0.38611
18295,-3.96994,-0.21689,0.24580
18296,7.54858,0.28441,0.36037
18297,7.10221,0.27365,0.34617
18298,7.35701,0.28166,0.34903
18299,7.66030,0.28537,0.36941
18300,7.25488,0.27510,0.35711
18301,5.94793,0.22947,0.69453
18302,7.37687,0.24843,0.67546
18303,-1.81748,0.00911,0.09532
18304,-1.90833,0.00731,0.08670
18305,-1.38877,0.01048,0.10891
18306,-2.29445,0.00673,0.07819
18307,5.15659,-0.05265,0.09606
18308,5.94411,-0.04245,0.08462
18309,5.25728,-0.04936,0.09335
18310,5.16741,-0.05422,0.09699
18311,6.17594,-0.04181,0.08299
18312,-11.52004,-0.30630,0.59848
18313,-11.64470,-0.30570,0.59369
18314,-12.17929,-0.31682,0.57999
18315,-10.65917,-0.29295,0.61864
18316,-10.91431,-0.29394,0.61134
18317,-13.81096,0.01012,0.03362
18318,-13.37249,0.01213,0.03744
18319,-15.40330,0.00415,0.01976
18320,-12.23785,0.01802,0.04743
18321,-8.94698,-0.19648,0.35936
18322,-1.40109,-0.05194,0.36392
18323,-1.33068,-0.04869,0.37417
18324,-1.62310,-0.05943,0.37404
18325,-9.82975,0.00067,0.00765
18326,-8.78204,0.00249,0.01829
18327,0.29052,0.00837,0.23920
18328,0.21082,0.00577,0.24322
18329,0.37604,0.00937,0.25907
18330,0.19504,0.00660,0.22367
18331,4.11960,-0.07564,0.12340
18332,5.65659,-0.06048,0.10705
18333,-9.46380,0.03694,0.07280
18334,-10.52677,0.02896,0.06280
18335,2.61759,0.14656,0.77975
18336,2.96920,0.14877,0.77344
18337,3.43189,0.16037,0.76470
18338,1.77008,0.13215,0.79449
18339,2.32190,0.13808,0.78544
18340,6.80386,-0.05815,0.09183
18341,6.07107,-0.06611,0.09957
18342,5.96237,-0.06839,0.10133
18343,2.95320,0.19780,0.20843
18344,3.80979,0.21100,0.21986
18345,4.13001,0.21783,0.22442
18346,-0.94179,-0.09607,0.73143
18347,7.23778,0.27291,0.27166
18348,7.08130,0.26851,0.26881
18349,8.05588,0.28565,0.28543
18350,6.45082,0.26025,0.25910
18351,6.35013,0.25673,0.25718
18352,6.98087,0.25341,0.69953
18353,7.13216,0.25477,0.69554
18354,6.27832,0.24122,0.71364
18355,6.35492,0.24013,0.71169
18356,-7.27227,-0.20627,0.28456
18357,0.14316,-0.07607,0.74539
18358,0.90394,-0.07395,0.75702
18359,2.00162,-0.06386,0.77272
18360,-1.30334,-0.08781,0.72259
18361,7.06388,0.14214,0.59523
18362,7.74157,0.15008,0.56852
18363,-3.92545,-0.12441,0.59228
18364,-4.19647,-0.13356,0.58430
18365,-0.85728,-0.05439,0.22685
18366,-0.67828,-0.04752,0.21872
18367,-0.89185,-0.05225,0.23449
18368,-0.72112,-0.05261,0.21619
18369,0.94698,-0.04128,0.13800
18370,1.26814,-0.03479,0.12576
18371,0.94641,-0.03749,0.13563
18372,0.93083,-0.04536,0.14066
18373,1.38938,-0.03701,0.12489
18374,-7.52242,-0.28175,0.36628
18375,10.26771,0.23457,0.58759
18376,9.86122,0.22589,0.59550
18377,10.16967,0.23600,0.59368
18378,10.99530,0.24746,0.56879
18379,-2.42252,0.05126,0.87434
18380,-2.64821,0.05388,0.87371
18381,-3.48650,0.04265,0.88860
18382,-1.72380,0.06033,0.86216
18383,-0.95770,0.06633,0.15809
18384,-0.83193,0.06923,0.16024
18385,-0.13231,0.07352,0.17155
18386,0.14246,0.07816,0.17600
18387,13.61608,0.38412,0.51925
18388,13.46532,0.38149,0.53116
18389,-6.40265,-0.24998,0.25716
18390,-8.12047,-0.21188,0.63958
18391,-8.09017,-0.20798,0.63796
18392,-7.02100,-0.20048,0.65946
18393,-6.75825,-0.19375,0.66207
18394,0.14549,0.04305,0.17851
18395,-8.29426,-0.27024,0.63195
18396,-8.04488,-0.26351,0.64473
18397,-8.58948,-0.27915,0.62042
18398,-8.34081,-0.27101,0.62290
18399,-5.11861,-0.23573,0.71729
18400,-4.50653,-0.22696,0.72359
18401,-11.58835,-0.30298,0.59407
18402,-12.13501,-0.31024,0.57740
18403,-12.47196,-0.32001,0.56929
18404,-10.73572,-0.28818,0.61365
18405,-11.20591,-0.29289,0.60158
18406,0.34360,0.06306,0.18077
18407,1.33052,0.07291,0.20203
18408,1.02227,0.07168,0.19458
18409,0.14231,0.05906,0.17696
18410,0.89322,0.06660,0.19313
18411,-1.56286,-0.05182,0.49214
18412,0.27359,-0.00159,0.92348
18413,-0.00598,0.00001,0.92472
18414,0.19772,-0.00076,0.93458
18415,-3.61624,0.10329,0.12977
18416,-2.42009,0.12069,0.14358
18417,-2.71155,0.11614,0.14010
18418,-2.10034,0.12571,0.14742
18419,2.00947,0.03500,0.40763
18420,1.98775,0.03402,0.42817
18421,2.25209,0.03887,0.42093
18422,4.89966,0.09786,0.61592
18423,5.42983,0.10281,0.59141
18424,4.89356,0.09483,0.60659
18425,4.97057,0.10144,0.62131
18426,5.69595,0.10845,0.59070
18427,6.20196,0.27359,0.26537
18428,5.52539,0.26041,0.25444
18429,5.49459,0.25930,0.25275
18430,6.93754,0.28819,0.27829
18431,6.55554,0.28114,0.27270
18432,1.88533,0.11810,0.23038
18433,2.33257,0.12793,0.24534
18434,4.90513,0.24804,0.24908
18435,4.31796,0.23588,0.23961
18436,4.90174,0.24762,0.24998
18437,-1.30365,-0.09462,0.21799
18438,-1.12052,-0.09244,0.21042
18439,-0.94829,-0.08577,0.20583
18440,-1.09910,-0.09527,0.20805
18441,-8.33967,-0.29418,0.42464
18442,-8.10038,-0.28854,0.41376
18443,-8.43830,-0.29519,0.43521
18444,-8.55816,-0.30013,0.43119
18445,-10.23894,0.01618,0.04505
18446,-9.61443,0.02115,0.05255
18447,-9.19928,0.02345,0.05623
18448,-11.19329,0.01217,0.03756
18449,-10.33938,0.01881,0.04829
18450,-10.87837,0.01640,0.04447
18451,-3.16216,-0.17123,0.71734
18452,-0.83702,-0.15061,0.74324
18453,-1.23313,-0.15138,0.73814
18454,-4.70058,-0.18884,0.69939
18455,-2.63534,-0.16902,0.72443
18456,-8.89115,-0.18850,0.37224
18457,-8.44932,-0.18467,0.35237
18458,-9.03620,-0.19414,0.36914
18459,-8.77034,-0.18354,0.37595
18460,-8.33576,-0.17999,0.35507
18461,2.46629,-0.04330,0.11248
18462,2.72046,-0.04225,0.10863
18463,3.13861,-0.03518,0.09817
18464,2.59215,-0.04627,0.11305
18465,3.29339,-0.03658,0.09793
18466,-0.94123,0.00393,0.09035
18467,-1.03209,0.00482,0.09409
18468,-1.29407,0.00317,0.07396
18469,-0.68662,0.00445,0.10477
18470,-0.78152,0.00557,0.10798
18471,-0.82238,-0.05003,0.19933
18472,-1.16817,-0.05481,0.20856
18473,-0.83028,-0.04835,0.20054
18474,0.24564,-0.11783,0.17016
18475,0.31557,-0.11919,0.16905
18476,0.76227,-0.00175,0.94601
18477,0.77154,-0.00288,0.93423
18478,0.38873,-0.00122,0.93884
18479,0.96648,-0.00135,0.95620
18480,1.11608,-0.00244,0.94678
18481,-0.10530,0.13353,0.75080
18482,-0.13434,0.13048,0.75048
18483,-2.71037,0.11207,0.77633
18484,2.18920,0.15449,0.72617
18485,2.03142,0.14995,0.72709
18486,-0.39775,-0.07328,0.18051
18487,0.50612,-0.06394,0.16428
18488,6.50007,-0.02557,0.92021
18489,5.86594,-0.02551,0.91843
18490,7.27734,-0.01848,0.93285
18491,5.93166,-0.03186,0.91043
18492,5.03049,-0.03444,0.90431
18493,0.93572,-0.06190,0.85350
18494,0.20735,-0.07278,0.83909
18495,0.35575,-0.06473,0.84473
18496,-14.20291,0.00497,0.02089
18497,-13.75651,0.00633,0.02422
18498,-13.27995,0.00891,0.02976
18499,-12.70898,0.01125,0.03435
18500,0.56270,0.09451,0.18103
18501,1.87746,0.10940,0.20177
18502,-0.62078,0.08162,0.16341
18503,-0.00401,0.08660,0.17260
18504,-14.01229,0.00641,0.02708
18505,-12.36946,0.01307,0.04165
18506,6.14338,0.20315,0.51902
18507,6.31139,0.21012,0.50756
18508,6.50748,0.21520,0.52142
18509,6.03197,0.20065,0.50766
18510,-3.61547,-0.22323,0.22272
18511,-9.88290,-0.26992,0.32673
18512,-9.74633,-0.26513,0.32489
18513,-9.12512,-0.25700,0.31076
18514,-10.00396,-0.26645,0.33214
18515,-9.21668,-0.25530,0.31397
18516,-3.18492,-0.10679,0.47921
18517,-3.13311,-0.10594,0.46688
18518,-2.85101,-0.09568,0.47628
18519,-3.42441,-0.11520,0.47554
18520,-2.93798,-0.20814,0.74675
18521,-3.21966,-0.21172,0.74267
18522,-5.33659,-0.24052,0.71931
18523,-8.11505,-0.15706,0.40859
18524,-8.38356,-0.16219,0.41663
18525,-8.37119,-0.15965,0.42991
18526,-8.58101,-0.16733,0.41529
18527,-8.62075,-0.16513,0.43456
18528,-2.72832,0.08597,0.13123
18529,-2.97307,0.08068,0.12696
18530,10.92929,0.36799,0.44979
18531,10.70427,0.36411,0.43692
18532,10.88948,0.36878,0.43757
18533,10.70786,0.36277,0.44585
18534,-8.24489,-0.26867,0.57105
18535,-8.49955,-0.27786,0.56143
18536,-7.72841,-0.30460,0.29320
18537,-7.45740,-0.29853,0.28696
18538,-6.75105,-0.28493,0.27487
18539,-8.49449,-0.31998,0.30854
18540,-8.17637,-0.31282,0.30072
18541,4.05277,-0.09761,0.12479
18542,3.51531,-0.10528,0.13094
18543,3.35565,-0.10706,0.13252
18544,2.59065,-0.11835,0.14139
18545,0.15444,0.07150,0.74158
18546,-1.29242,0.06138,0.76530
18547,-0.80943,0.06721,0.75724
18548,0.07922,0.06820,0.74289
18549,4.72279,0.08286,0.54741
18550,4.40109,0.07844,0.56786
18551,1.09807,0.04059,0.36440
18552,1.18572,0.04452,0.35314
18553,1.15428,0.04197,0.37845
18554,-7.66601,0.05355,0.08950
18555,-8.47366,0.04637,0.08165
18556,-7.02705,0.05950,0.09580
18557,0.08742,-0.00631,0.14924
18558,0.11759,-0.00887,0.14970
18559,0.15453,-0.00643,0.13705
18560,0.04921,-0.00747,0.16005
18561,-8.41552,-0.32156,0.32276
18562,-8.03635,-0.31353,0.31269
18563,-7.68856,-0.30602,0.30675
18564,-9.08174,-0.33566,0.33827
18565,-8.58748,-0.32520,0.32406
18566,0.64335,0.13548,0.80422
18567,1.64303,0.14888,0.79077
18568,6.99254,0.26399,0.36158
18569,7.12640,0.26953,0.35978
18570,6.59235,0.25321,0.35033
18571,6.73038,0.25941,0.34766
18572,9.75380,-0.01920,0.05005
18573,9.00512,-0.02558,0.05900
18574,9.45533,-0.02015,0.05174
18575,8.67010,-0.02731,0.06165
18576,0.12726,0.05124,0.17802
18577,-0.09542,0.04756,0.16799
18578,0.04992,0.05327,0.17436
18579,-10.57006,-0.33696,0.62093
18580,-10.42368,-0.33301,0.62756
18581,-10.96197,-0.34486,0.61364
18582,-12.24806,-0.38012,0.39269
18583,-12.10240,-0.37587,0.38584
18584,-6.18030,-0.27451,0.26827
18585,-5.98812,-0.27065,0.26583
18586,-6.69192,-0.28511,0.27857
18587,-5.28494,-0.25626,0.25395
18588,-6.31853,-0.27745,0.27293
18589,13.25527,-0.00099,0.00808
18590,-6.03566,0.00371,0.02748
18591,-5.94481,0.00501,0.03212
18592,-6.45193,0.00271,0.02216
18593,6.42222,0.17257,0.28180
18594,7.17958,0.18133,0.29956
18595,7.06431,0.18233,0.29474
18596,5.69339,0.16197,0.26760
18597,6.31911,0.16804,0.28205
18598,-4.81435,0.06968,0.10814
18599,-3.78405,0.08393,0.12150
18600,-4.25460,0.07599,0.11477
18601,-5.40979,0.06314,0.10125
18602,-4.38249,0.07676,0.11424
18603,2.80247,-0.07932,0.13675
18604,1.54822,-0.09354,0.15192
18605,1.50102,-0.09229,0.15242
18606,2.67804,-0.08218,0.13839
18607,1.57015,-0.11662,0.76515
18608,4.11144,-0.09952,0.78938
18609,2.99764,-0.10390,0.77926
18610,1.95053,-0.11619,0.76911
18611,-18.57916,0.04002,0.90822
18612,-16.91188,0.04835,0.89680
18613,-21.76169,0.02839,0.92414
18614,-16.07580,0.05049,0.89540
18615,-14.53413,0.05942,0.88429
18616,1.16205,0.04064,0.41544
18617,1.44195,0.05004,0.42528
18618,5.09095,0.12002,0.65001
18619,5.91624,0.13000,0.63176
18620,5.91998,0.12664,0.62598
18621,4.64580,0.11864,0.66366
18622,-0.09272,-0.09176,0.17626
18623,-0.07377,-0.09400,0.17580
18624,0.45528,-0.08343,0.16296
18625,-0.19098,-0.09097,0.17881
18626,-0.56694,-0.09946,0.18856
18627,11.23671,0.23300,0.47190
18628,11.41621,0.23897,0.47041
18629,11.28978,0.23791,0.44807
18630,11.05861,0.22714,0.49307
18631,11.29849,0.23458,0.49355
18632,4.47072,0.07677,0.49377
18633,4.78978,0.08261,0.48656
18634,4.62386,0.07990,0.46862
18635,4.91142,0.08485,0.50491
18636,-7.13513,0.09861,0.81554
18637,-6.96708,0.09812,0.81399
18638,-9.71441,0.08154,0.83456
18639,-4.99431,0.11012,0.79813
18640,-8.77267,0.08510,0.82764
18641,-0.10670,0.02135,0.17019
18642,-0.21988,0.01898,0.16406
18643,0.07754,0.02145,0.18001
18644,-0.32940,0.02070,0.15994
18645,-0.53595,0.01747,0.14913
18646,5.20831,0.10702,0.33163
18647,5.51788,0.10945,0.35050
18648,5.72492,0.11404,0.35110
18649,5.54926,0.10771,0.36166
18650,1.73650,-0.14971,0.80113
18651,-1.28519,-0.18316,0.77251
18652,0.73886,-0.15879,0.79362
18653,-3.09249,0.01977,0.10263
18654,12.91487,0.36929,0.56207
18655,12.67728,0.36140,0.57237
18656,12.43901,0.35827,0.58069
18657,-10.77090,-0.27192,0.60244
18658,-10.35585,-0.26807,0.61321
18659,-9.62956,-0.25507,0.62673
18660,-11.29140,-0.28358,0.59231
18661,6.05347,0.10940,0.42859
18662,6.30683,0.11403,0.43622
18663,6.19381,0.11363,0.41556
18664,5.90326,0.10537,0.44067
18665,6.20603,0.11077,0.45297
18666,2.08612,0.03740,0.58766
18667,2.04292,0.03810,0.60668
18668,2.36657,0.04244,0.58727
18669,1.81221,0.03224,0.58630
18670,1.73737,0.03290,0.61478
18671,-0.12398,-0.17454,0.77643
18672,-1.98182,-0.19614,0.75773
18673,-3.59149,-0.21628,0.74081
18674,7.32581,-0.00387,0.03459
18675,6.31084,-0.00736,0.05136
18676,6.90296,-0.00449,0.03869
18677,7.92815,-0.00301,0.02888
18678,6.85741,-0.00628,0.04566
18679,4.61836,0.20360,0.29073
18680,4.76865,0.20974,0.29146
18681,4.96363,0.21270,0.29985
18682,4.18442,0.19207,0.27964
18683,4.27837,0.19767,0.27808
18684,-1.03692,0.13470,0.15951
18685,-0.28717,0.14743,0.16983
18686,-0.44554,0.14373,0.16758
18687,-1.06819,0.13518,0.15920
18688,-0.04127,0.15259,0.17321
18689,6.71341,0.22245,0.67464
18690,1.86697,0.12155,0.19875
18691,0.85509,0.11093,0.18374
18692,2.86531,0.13252,0.21437
18693,2.70137,0.13252,0.21126
18694,-4.46562,0.05376,0.10147
18695,-4.20481,0.05904,0.10639
18696,-1.78872,0.12298,0.14960
18697,-2.82954,0.10684,0.13623
18698,-1.82504,0.12323,0.14927
18699,-6.82594,0.06363,0.88001
18700,-0.12599,-0.01892,0.18368
18701,-0.24784,-0.01860,0.19296
18702,-0.01562,-0.01610,0.17678
18703,-0.25229,-0.02191,0.19039
18704,-0.47084,-0.02231,0.20619
18705,4.12954,0.19508,0.75111
18706,4.67845,0.20709,0.74162
18707,3.83665,0.19393,0.75492
18708,5.56829,0.22361,0.72622
18709,4.69452,0.21033,0.74102
18710,0.04939,0.06931,0.17450
18711,0.59888,0.07663,0.19389
18712,6.22483,0.21148,0.47398
18713,6.52078,0.22165,0.47474
18714,6.44381,0.21662,0.49161
18715,6.07793,0.20774,0.46458
18716,6.28243,0.21544,0.46058
18717,-11.72155,-0.30813,0.37118
18718,-12.23705,-0.31544,0.38862
18719,-11.88665,-0.30699,0.37840
18720,-7.87554,-0.27123,0.67874
18721,-7.94358,-0.27106,0.67491
18722,-6.71056,-0.24634,0.70420
18723,-7.17068,-0.25734,0.69551
18724,-3.30832,0.01698,0.07381
18725,-3.16441,0.02043,0.08070
18726,-3.66322,0.01290,0.06318
18727,-3.70777,0.01488,0.06679
18728,-18.42567,0.04343,0.89101
18729,-15.58160,0.05631,0.87425
18730,-20.94507,0.03343,0.90554
18731,-3.27281,-0.15218,0.76742
18732,-3.52526,-0.15993,0.76260
18733,-3.98357,-0.16625,0.75282
18734,-2.82620,-0.14771,0.77609
18735,5.44479,0.18807,0.44713
18736,1.58802,-0.06358,0.13665
18737,16.17295,-0.02383,0.89761
18738,20.32964,-0.01451,0.92493
18739,4.36744,-0.07251,0.11215
18740,3.49973,-0.08374,0.12338
18741,4.23195,-0.07619,0.11476
18742,-13.19260,-0.38748,0.53796
18743,-13.37727,-0.39250,0.52325
18744,-12.97273,-0.38064,0.55293
18745,-13.21005,-0.38493,0.54118
18746,-2.86085,-0.20219,0.21943
18747,-2.31398,-0.19046,0.21077
18748,-3.11932,-0.20641,0.22453
18749,1.91069,0.19080,0.76567
18750,1.03316,0.18109,0.77364
18751,3.79952,-0.00560,0.04273
18752,3.52400,-0.00587,0.04524
18753,3.26225,-0.00871,0.05618
18754,4.28082,-0.00317,0.03038
18755,3.89240,-0.00373,0.03456
18756,3.07604,0.16794,0.76984
18757,3.84150,0.18302,0.75682
18758,2.57139,0.15722,0.77848
18759,3.16287,0.16622,0.76889
18760,-11.69981,-0.34445,0.36347
18761,-12.21845,-0.35157,0.37894
18762,-11.91629,-0.34463,0.36948
18763,-12.56644,-0.35743,0.39074
18764,-12.56801,-0.35355,0.39045
18765,-3.94723,0.05490,0.87974
18766,-3.41360,0.06245,0.87112
18767,-2.74861,0.06445,0.86619
18768,-0.69107,0.02887,0.15277
18769,-1.03430,0.02782,0.14380
18770,-1.62036,0.02397,0.12826
18771,-12.69898,0.00518,0.02743
18772,-12.89180,0.00416,0.02428
18773,-11.52904,0.00870,0.03794
18774,-14.26181,0.00171,0.01381
18775,3.38432,-0.00604,0.06410
18776,-6.92200,-0.25887,0.70231
18777,-7.68191,-0.27429,0.68819
18778,-5.87934,-0.24041,0.72014
18779,0.58021,0.01241,0.29400
18780,0.56641,0.01147,0.31084
18781,0.77076,0.01577,0.30854
18782,5.19969,-0.05445,0.09706
18783,4.78919,-0.05826,0.10186
18784,4.30714,-0.06578,0.10923
18785,5.58286,-0.04831,0.09086
18786,-10.40885,-0.26292,0.34846
18787,9.78021,0.31634,0.61424
18788,9.87183,0.31912,0.61578
18789,9.49369,0.30877,0.62926
18790,10.13073,0.32638,0.60900
18791,9.71785,0.31514,0.62592
18792,-8.15503,-0.27019,0.52760
18793,-7.86718,-0.26133,0.52108
18794,-7.78155,-0.25670,0.53552
18795,10.08637,0.35630,0.36789
18796,10.26159,0.35986,0.37652
18797,10.30885,0.36071,0.37186
18798,10.58593,0.36633,0.38335
18799,-4.30046,-0.20336,0.74740
18800,-4.05408,-0.19668,0.75178
18801,-3.11026,-0.18328,0.76557
18802,-5.33704,-0.22175,0.73029
18803,-4.93384,-0.21183,0.73735
18804,0.31224,-0.00502,0.79016
18805,0.34421,-0.00727,0.78162
18806,0.62366,-0.00523,0.81312
18807,0.11450,-0.00592,0.76243
18808,1.68013,0.08612,0.25300
18809,1.60004,0.08713,0.24418
18810,1.87628,0.09357,0.25785
18811,1.47518,0.07862,0.24683
18812,1.45575,0.08106,0.24117
18813,-0.23270,-0.00413,0.42364
18814,0.08559,0.00133,0.41228
18815,-0.21228,-0.00380,0.39725
18816,-0.28347,-0.00501,0.44500
18817,0.00092,-0.00011,0.44219
18818,4.84023,-0.03839,0.81886
18819,2.54299,-0.04858,0.78673
18820,-2.74450,-0.11610,0.29984
18821,-2.52931,-0.11121,0.28738
18822,-2.41808,-0.10527,0.28997
18823,-2.40959,-0.11052,0.27621
18824,-2.23587,-0.10205,0.27695
18825,8.98533,0.30978,0.30442
18826,8.32224,0.29861,0.29219
18827,8.26717,0.29600,0.29066
18828,9.67398,0.32334,0.31867
18829,8.82559,0.30917,0.30209
18830,-3.65004,-0.18503,0.25924
18831,-3.87650,-0.19295,0.26245
18832,-3.32581,-0.17970,0.24924
18833,-1.09027,0.00921,0.11277
18834,-0.74190,0.01229,0.13311
18835,-1.40627,0.00666,0.09387
18836,-1.05884,0.00770,0.10794
18837,0.04316,0.02567,0.17550
18838,0.08132,0.02984,0.17804
18839,0.19605,0.02974,0.18850
18840,-0.10528,0.02170,0.16197
18841,-0.06314,0.02696,0.16687
18842,-2.04078,-0.06444,0.57882
18843,-1.71431,-0.05382,0.58892
18844,-2.26593,-0.07122,0.59164
18845,-1.82469,-0.05782,0.56966
18846,0.69716,-0.16238,0.78961
18847,-1.07999,-0.18227,0.77277
18848,2.67083,-0.14217,0.80704
18849,1.01348,-0.16007,0.79097
18850,-2.16918,-0.04455,0.30746
18851,-2.03243,-0.04415,0.28983
18852,-2.37202,-0.04902,0.30625
18853,-1.94142,-0.04015,0.30459
18854,-1.85038,-0.04054,0.28706
18855,-6.07778,-0.23984,0.71713
18856,-6.57882,-0.24756,0.70793
18857,-5.68146,-0.23065,0.72419
18858,-6.83004,-0.25433,0.70352
18859,9.68043,0.19765,0.41214
18860,9.37557,0.19551,0.39109
18861,9.31123,0.19092,0.39917
18862,9.74404,0.20179,0.40409
18863,2.29228,0.09215,0.31787
18864,2.33602,0.09542,0.31117
18865,2.54635,0.10202,0.31993
18866,2.01903,0.08194,0.31322
18867,2.10300,0.08793,0.30172
18868,-4.21993,-0.21167,0.22497
18869,-3.16031,-0.19431,0.21057
18870,-3.40637,-0.19981,0.21388
18871,-4.87816,-0.22126,0.23424
18872,-3.97824,-0.20573,0.22153
18873,4.86318,0.17510,0.39831
18874,4.55418,0.16379,0.39788
18875,4.52322,0.16527,0.38375
18876,4.88069,0.17313,0.41326
18877,2.80734,-0.01285,0.07067
18878,3.15460,-0.01136,0.06395
18879,2.43982,-0.01718,0.08351
18880,2.84677,-0.01483,0.07439
18881,12.03308,-0.06344,0.85111
18882,14.55609,-0.05083,0.86858
18883,9.67942,-0.07357,0.83449
18884,11.79717,-0.06595,0.84937
18885,15.41249,-0.04873,0.87378
18886,-0.07196,-0.00510,0.83089
18887,-0.06055,-0.00762,0.84276
18888,-0.16647,-0.01123,0.82871
18889,10.00298,0.31529,0.32261
18890,9.29500,0.30447,0.30826
18891,9.12193,0.29937,0.30461
18892,10.43567,0.32459,0.33245
18893,9.83968,0.31527,0.31955
18894,9.32271,0.27377,0.64407
18895,9.55098,0.27947,0.64112
18896,10.26370,0.28873,0.62701
18897,8.42282,0.26204,0.65956
18898,-8.57035,-0.16733,0.55474
18899,-7.98236,-0.15705,0.57204
18900,-8.64480,-0.16612,0.54035
18901,11.33588,0.34433,0.61143
18902,11.39231,0.34388,0.61034
18903,10.64137,0.32887,0.62934
18904,11.85705,0.35700,0.59515
18905,11.91689,0.35621,0.59443
18906,9.21953,0.33432,0.37378
18907,9.62182,0.34362,0.38418
18908,8.88971,0.32665,0.36511
18909,-4.29118,-0.22564,0.25065
18910,-4.47381,-0.22808,0.25576
18911,-5.00572,-0.24089,0.26551
18912,-3.70084,-0.21174,0.24005
18913,16.94609,-0.05133,0.89112
18914,21.20279,-0.03364,0.91486
18915,19.88461,-0.03885,0.90682
18916,17.79866,-0.04694,0.89734
18917,8.05900,0.19679,0.63116
18918,8.18517,0.19560,0.62596
18919,7.06680,0.18285,0.64859
18920,9.21682,0.21355,0.60834
18921,9.00301,0.20694,0.60885
18922,-2.35819,0.00882,0.06472
18923,-2.63287,0.00822,0.05990
18924,-2.13687,0.00916,0.06847
18925,-2.37817,0.00689,0.05798
18926,-0.40491,-0.01418,0.70167
18927,13.74702,0.37081,0.45569
18928,13.76457,0.36767,0.45817
18929,13.61807,0.37259,0.44290
18930,13.59336,0.36854,0.44139
18931,-0.40451,-0.16562,0.17804
18932,-1.20586,-0.17938,0.18866
18933,0.66327,-0.14785,0.16449
18934,-0.05564,-0.15958,0.17366
18935,-4.56502,-0.11830,0.26993
18936,-3.77454,-0.10886,0.25083
18937,-3.50365,-0.10356,0.24666
18938,-3.06016,-0.10014,0.23499
18939,-15.02744,0.00449,0.01962
18940,-13.89106,0.00857,0.02902
18941,-13.27463,0.01124,0.03423
18942,-16.76349,0.00137,0.00878
18943,-15.30257,0.00322,0.01595
18944,15.14180,-0.00312,0.01515
18945,14.14440,-0.00738,0.02646
18946,-8.52931,-0.29295,0.67256
18947,-8.61578,-0.29420,0.67058
18948,-7.67664,-0.27624,0.68885
18949,-9.09475,-0.30368,0.65974
18950,-8.15389,-0.28449,0.67971
18951,1.04614,-0.00991,0.80865
18952,1.25779,-0.01152,0.80981
18953,1.71032,-0.00861,0.83512
18954,0.57002,-0.01110,0.78407
18955,0.69828,-0.01315,0.78477
18956,0.78504,-0.00008,0.01324
18957,0.65281,-0.00020,0.02618
18958,0.43041,-0.00007,0.01814
18959,-0.18379,-0.01265,0.19573
18960,-0.02341,-0.01098,0.17881
18961,-0.05556,-0.01308,0.18101
18962,0.10776,-0.00859,0.16382
18963,0.10199,-0.01056,0.16650
18964,-7.56379,0.04160,0.07761
18965,-7.79041,0.03803,0.07398
18966,-8.79377,0.02931,0.06320
18967,-6.61263,0.05221,0.08885
18968,-6.74329,0.04976,0.08667
18969,-1.45009,0.00263,0.04681
18970,-10.02797,-0.30460,0.32239
18971,-10.84374,-0.31814,0.34097
18972,0.25300,0.14389,0.17887
18973,-0.29316,0.13275,0.17011
18974,-0.51064,0.13082,0.16679
18975,10.89602,-0.08341,0.84763
18976,12.84535,-0.07260,0.86113
18977,7.31185,-0.10719,0.82261
18978,8.97450,-0.09629,0.83529
18979,4.46600,-0.00793,0.88219
18980,3.28185,-0.00981,0.85876
18981,3.45285,-0.01142,0.85433
18982,5.41442,-0.00474,0.91102
18983,4.15324,-0.00677,0.88578
18984,-8.05573,0.10310,0.82803
18985,-8.11784,0.10182,0.82740
18986,-10.26845,0.08851,0.84446
18987,-6.16248,0.11714,0.81519
18988,-2.35831,0.00095,0.02158
18989,-2.46266,0.00163,0.02864
18990,-2.07063,0.00180,0.03265
18991,-2.72723,0.00052,0.01435
18992,-9.05211,0.03919,0.07151
18993,-8.86079,0.04145,0.07395
18994,-8.74041,0.04144,0.07407
18995,-2.21979,-0.07242,0.69446
18996,-1.34126,-0.06755,0.71613
18997,-1.03140,-0.06272,0.72197
18998,-3.26924,-0.08221,0.66822
18999,-2.26678,-0.07581,0.69615
19000,-4.01112,0.05099,0.80172
19001,-3.05318,0.05329,0.79055
19002,-1.94228,0.06275,0.77350
19003,11.77611,0.29162,0.57867
19004,11.26085,0.28555,0.59480
19005,-9.21685,-0.18347,0.41786
19006,-9.01363,-0.18204,0.40156
19007,-8.97294,-0.17872,0.41049
19008,4.16949,0.14932,0.73474
19009,3.76827,0.13784,0.74389
19010,3.85220,0.14396,0.74581
19011,-0.23613,0.00032,0.04107
19012,-0.33612,0.00073,0.05099
19013,-0.10524,0.00027,0.05474
19014,-0.39077,0.00027,0.02944
19015,-0.53463,0.00071,0.04055
19016,1.04690,0.06283,0.23199
19017,0.87242,0.05197,0.23239
19018,-1.03321,-0.18536,0.76043
19019,1.25931,-0.16137,0.78157
19020,-0.58198,-0.17997,0.76366
19021,-1.74373,-0.19358,0.75447
19022,0.54784,-0.16868,0.77655
19023,3.14744,-0.00133,0.03146
19024,3.43108,-0.00137,0.03045
19025,2.92776,-0.00254,0.04562
19026,3.64411,-0.00048,0.01599
19027,-13.05457,-0.39509,0.52335
19028,-13.18848,-0.39762,0.51388
19029,1.97845,0.15306,0.78620
19030,1.05750,0.13721,0.80034
19031,2.17509,0.15112,0.78475
19032,1.76011,0.15340,0.78806
19033,0.86640,0.13886,0.80115
19034,-0.31539,-0.02522,0.21025
19035,-0.40264,-0.02680,0.22218
19036,-0.21442,-0.01962,0.20351
19037,-0.30746,-0.02170,0.21772
19038,6.82785,0.28219,0.30411
19039,6.79986,0.28265,0.30091
19040,7.33141,0.29413,0.31445
19041,6.30061,0.26969,0.29331
19042,6.28509,0.27060,0.29056
19043,-1.56219,-0.09510,0.19941
19044,-2.12363,-0.10276,0.20896
19045,4.99039,0.24670,0.24133
19046,4.36870,0.23460,0.23150
19047,5.67706,0.25884,0.25147
19048,5.07807,0.24905,0.24325
19049,4.04157,0.22935,0.22728
19050,6.44204,0.23187,0.68648
19051,7.46239,0.24338,0.67152
19052,5.96896,0.22332,0.69146
19053,6.90698,0.24048,0.68146
19054,8.27463,0.25677,0.66063
19055,-8.99171,-0.28621,0.30178
19056,-8.19946,-0.27455,0.28703
19057,-9.06544,-0.29045,0.30298
19058,-8.17348,-0.27167,0.28670
19059,1.86228,-0.06299,0.13231
19060,3.16057,-0.04556,0.10672
19061,12.26189,0.28660,0.54710
19062,11.76387,0.27688,0.56465
19063,11.89144,0.28268,0.56458
19064,12.50204,0.28861,0.53142
19065,11.99729,0.27818,0.55299
19066,4.41488,0.18257,0.70176
19067,2.13317,0.15930,0.72849
19068,5.06950,0.19241,0.69452
19069,-14.88796,0.00155,0.00987
19070,-14.29583,0.00275,0.01474
19071,-15.20371,0.00215,0.01261
19072,-13.94277,0.00459,0.02029
19073,-1.89056,0.02306,0.10063
19074,-2.34746,0.01791,0.08578
19075,-2.17524,0.02234,0.09517
19076,-1.60923,0.02394,0.10688
19077,5.62566,-0.09073,0.80220
19078,3.90326,-0.10386,0.78709
19079,6.69405,-0.08662,0.81117
19080,2.32440,-0.11228,0.77223
19081,12.62228,0.39933,0.45062
19082,12.80573,0.40088,0.45822
19083,12.84686,0.40128,0.46978
19084,12.42713,0.39665,0.43646
19085,12.62751,0.39886,0.44384
19086,-1.21712,-0.02986,0.67107
19087,-0.90761,-0.02850,0.69398
19088,-0.77793,-0.02508,0.69677
19089,-1.32324,-0.03324,0.67269
19090,-6.66458,0.00182,0.02576
19091,-5.82585,0.00340,0.03781
19092,-5.57899,0.00502,0.04699
19093,-5.49937,0.00339,0.03886
19094,-5.04983,0.00571,0.05208
19095,-5.83936,-0.11458,0.36020
19096,-8.11974,-0.17256,0.59900
19097,-7.35869,-0.16509,0.62130
19098,-7.19595,-0.16007,0.62135
19099,-6.87403,-0.16278,0.63585
19100,2.56975,-0.05530,0.11905
19101,3.22199,-0.04632,0.10635
19102,2.18572,-0.06277,0.12761
19103,2.84621,-0.05380,0.11509
19104,-5.17875,-0.16573,0.58551
19105,-4.99569,-0.16035,0.57430
19106,-12.53513,-0.38334,0.40186
19107,-12.21103,-0.37997,0.39170
19108,-12.70904,-0.38786,0.41087
19109,-12.19448,-0.37706,0.38868
19110,-6.67033,-0.14206,0.61580
19111,-6.67522,-0.13965,0.61041
19112,-7.46943,-0.15017,0.58879
19113,-7.11989,-0.14282,0.59237
19114,12.87804,0.40110,0.45511
19115,6.48118,-0.00240,0.02064
19116,5.82795,-0.00486,0.03194
19117,6.16013,-0.00468,0.03044
19118,6.82534,-0.00081,0.01048
19119,6.09718,-0.00257,0.02228
19120,-12.28301,-0.35995,0.38199
19121,-12.37469,-0.35810,0.38440
19122,-11.82900,-0.35051,0.36763
19123,-12.77608,-0.36611,0.39918
19124,0.04332,-0.00539,0.16837
19125,-0.04873,-0.00689,0.18543
19126,-0.05060,-0.00476,0.18930
19127,0.15730,-0.00560,0.15221
19128,0.01919,-0.00772,0.17411
19129,-0.07925,-0.00613,0.83343
19130,-0.08237,-0.00485,0.82287
19131,0.00733,0.00049,0.82858
19132,-0.12604,-0.01082,0.83580
19133,-0.16702,-0.01020,0.82486
19134,0.41542,-0.02227,0.87020
19135,0.73429,-0.02171,0.88003
19136,0.32290,-0.02776,0.86313
19137,-1.07442,-0.05934,0.20094
19138,-1.73715,-0.06566,0.21915
19139,-2.37660,0.03579,0.88790
19140,-3.10621,0.03295,0.89644
19141,-2.22701,0.03244,0.89015
19142,-7.87380,0.01997,0.05538
19143,-7.07473,0.02576,0.06502
19144,-7.18959,0.02640,0.06501
19145,-7.67223,-0.24846,0.27953
19146,-7.95634,-0.25035,0.28515
19147,-7.06719,-0.23721,0.26954
19148,-8.65366,-0.24321,0.30408
19149,-9.40801,-0.25627,0.31927
19150,-9.47947,-0.25400,0.32263
19151,-8.45587,-0.24328,0.29882
19152,-9.47022,-0.20324,0.58141
19153,-9.76913,-0.20527,0.56688
19154,7.61453,-0.05527,0.08775
19155,6.46040,-0.06814,0.09967
19156,2.60926,0.10831,0.77312
19157,3.07051,0.11906,0.76060
19158,2.93602,0.11908,0.76666
19159,3.41825,0.12486,0.74819
19160,3.44282,0.13048,0.75315
19161,14.02136,-0.01177,0.91477
19162,17.42523,-0.00521,0.94722
19163,14.84126,-0.00832,0.92870
19164,10.64556,-0.01609,0.05180
19165,11.16583,-0.01303,0.04604
19166,12.93177,0.38501,0.41545
19167,12.63507,0.38185,0.40383
19168,12.65474,0.37956,0.40246
19169,12.95787,0.38735,0.41856
19170,-7.72622,-0.25082,0.63359
19171,-7.44915,-0.24162,0.63685
19172,-7.29662,-0.23768,0.64837
19173,-7.34292,-0.23755,0.63235
19174,-7.09740,-0.23052,0.64724
19175,11.25634,0.29490,0.36000
19176,10.75911,0.28882,0.34590
19177,10.65071,0.28426,0.34419
19178,11.67585,0.30245,0.37202
19179,11.17532,0.29774,0.35576
19180,2.73960,0.20485,0.74426
19181,-9.47099,-0.18466,0.52468
19182,-9.68762,-0.18839,0.50347
19183,-9.87126,-0.19345,0.50797
19184,6.02110,0.15950,0.27987
19185,6.74243,0.16771,0.29729
19186,6.56599,0.16834,0.29031
19187,5.24185,0.14930,0.26354
19188,5.77341,0.15388,0.27647
19189,8.09622,0.27398,0.28537
19190,7.21216,0.25958,0.27021
19191,7.88612,0.26848,0.28167
19192,8.87288,0.28798,0.29953
19193,7.89021,0.27274,0.28175
19194,7.30674,0.27612,0.27321
19195,7.39041,0.27952,0.27505
19196,6.32527,0.25978,0.25742
19197,8.32430,0.29483,0.29109
19198,0.62937,-0.03155,0.14111
19199,0.33453,-0.03546,0.15492
19200,0.44243,-0.03728,0.15143
19201,0.53067,-0.02978,0.14351
19202,-1.35732,-0.04862,0.39269
19203,-1.19212,-0.04328,0.37955
19204,-9.67397,-0.22280,0.35700
19205,-10.17645,-0.23049,0.37245
19206,1.26411,0.04858,0.78190
19207,1.03789,0.04018,0.78530
19208,1.23180,0.04458,0.77271
19209,1.25799,0.05171,0.78970
19210,1.00091,0.04318,0.79716
19211,6.64579,-0.02230,0.06248
19212,5.94135,-0.02820,0.07213
19213,5.94647,-0.03008,0.07411
19214,6.39448,-0.02273,0.06392
19215,0.77424,0.15783,0.18624
19216,0.87977,0.16153,0.18765
19217,-0.11906,0.14102,0.17236
19218,-0.11544,0.14262,0.17233
19219,-1.19059,-0.03676,0.69125
19220,-0.91293,-0.02822,0.69744
19221,-0.91639,-0.02817,0.68317
19222,-7.10279,-0.15037,0.34342
19223,-7.01647,-0.14708,0.34620
19224,-6.48920,-0.14128,0.32610
19225,-7.33522,-0.29069,0.27919
19226,-8.11503,-0.30509,0.29298
19227,9.07569,0.31929,0.42086
19228,8.71543,0.31001,0.41017
19229,8.20799,-0.04830,0.08389
19230,9.26744,-0.03937,0.07389
19231,8.14404,-0.04939,0.08468
19232,8.40909,-0.04601,0.08183
19233,9.80107,-0.03457,0.06865
19234,-10.81512,-0.24007,0.56666
19235,2.46786,0.11086,0.77984
19236,3.08060,0.12665,0.76583
19237,2.17289,0.10111,0.78591
19238,9.94693,0.22345,0.58805
19239,9.48350,0.21984,0.60305
19240,10.42588,0.23313,0.57792
19241,9.65146,0.21614,0.59227
19242,8.80039,0.20748,0.61585
19243,-2.80335,-0.08577,0.68795
19244,-2.05373,-0.08293,0.70572
19245,-11.30555,0.01817,0.04590
19246,-10.33899,0.02491,0.05528
19247,-10.84258,0.02184,0.05119
19248,3.60440,0.07729,0.30277
19249,3.34874,0.07504,0.28913
19250,3.75307,0.08071,0.30283
19251,-10.19626,-0.21007,0.54587
19252,-10.53954,-0.21523,0.52559
19253,-10.68026,-0.21988,0.52840
19254,-10.58279,-0.21426,0.51205
19255,-10.83709,-0.22155,0.50930
19256,8.93928,0.19468,0.36195
19257,8.94392,0.19754,0.35683
19258,9.40886,0.19923,0.38347
19259,9.42699,0.20290,0.37599
19260,-0.35728,-0.00980,0.24633
19261,-0.24652,-0.00680,0.24715
19262,-0.24609,-0.00803,0.22933
19263,-3.72548,0.05071,0.12061
19264,-4.72183,0.04304,0.10804
19265,-4.82129,0.04099,0.10612
19266,-2.63171,0.06126,0.13541
19267,-3.81235,0.05161,0.12008
19268,-13.63397,-0.36735,0.52590
19269,-13.34245,-0.36002,0.54398
19270,-13.48879,-0.36058,0.53495
19271,-13.74106,-0.37295,0.51646
19272,12.22034,0.38676,0.51970
19273,12.19439,0.38828,0.50752
19274,12.32783,0.39083,0.50588
19275,12.06844,0.38155,0.53355
19276,12.09551,0.38503,0.51642
19277,4.07950,-0.09268,0.12270
19278,3.49001,-0.10182,0.12995
19279,4.88139,-0.08258,0.11376
19280,3.50656,-0.09998,0.12922
19281,2.73258,-0.11224,0.13884
19282,2.98117,-0.02195,0.82034
19283,1.65401,-0.02923,0.78795
19284,3.26771,-0.02351,0.82147
19285,1.99066,-0.02404,0.80072
19286,12.39864,0.39659,0.46604
19287,12.33258,0.39507,0.47328
19288,12.17444,0.39370,0.45827
19289,12.56227,0.39831,0.47286
19290,12.54925,0.39705,0.48565
19291,-13.57535,-0.33513,0.49534
19292,-13.66823,-0.34143,0.48377
19293,-13.56145,-0.33728,0.50519
19294,6.26874,0.22686,0.39769
19295,6.28142,0.22506,0.40762
19296,8.33956,-0.03465,0.06951
19297,8.32807,-0.03568,0.07035
19298,9.46109,-0.02543,0.05774
19299,7.24094,-0.04510,0.08150
19300,7.24805,-0.04627,0.08229
19301,0.07102,-0.15523,0.17289
19302,-0.66440,-0.16769,0.18299
19303,0.36829,-0.14951,0.16897
19304,4.03986,-0.10172,0.84354
19305,2.60269,-0.11804,0.82845
19306,2.23538,-0.11893,0.82692
19307,5.87746,-0.08623,0.85896
19308,13.45181,0.39771,0.50146
19309,13.50607,0.39853,0.49175
19310,13.51598,0.39556,0.50586
19311,13.46773,0.39989,0.47582
19312,13.57840,0.39738,0.49115
19313,2.27432,0.03868,0.44506
19314,1.95192,0.03293,0.45656
19315,2.26324,0.03813,0.47192
19316,-13.11847,0.00124,0.01214
19317,0.33765,-0.00064,0.87778
19318,12.76801,0.32318,0.41056
19319,13.08845,0.32603,0.42907
19320,12.31059,0.31768,0.39077
19321,-2.14354,-0.19194,0.20599
19322,-1.77222,-0.18378,0.20072
19323,9.80887,0.25188,0.61916
19324,10.67295,0.26709,0.60214
19325,-0.20972,-0.02664,0.18506
19326,-0.07100,-0.02781,0.17821
19327,-0.30129,-0.02552,0.19088
19328,0.10129,-0.02235,0.17071
19329,3.09116,0.17809,0.76728
19330,3.09735,0.18185,0.76605
19331,2.09400,0.16521,0.78074
19332,3.85346,0.18860,0.75579
19333,4.29379,0.19943,0.74817
19334,1.51875,0.05463,0.38647
19335,1.74329,0.06221,0.39474
19336,-8.43723,-0.20152,0.32713
19337,-9.31999,-0.21673,0.34782
19338,-9.08171,-0.21026,0.34488
19339,-10.76029,-0.22222,0.44201
19340,-10.48664,-0.21810,0.42443
19341,-10.58022,-0.22255,0.41888
19342,-10.24873,-0.21274,0.41733
19343,-10.23878,-0.21588,0.40693
19344,-4.31084,-0.21311,0.22590
19345,-4.63959,-0.21658,0.23048
19346,-3.50287,-0.19894,0.21477
19347,-5.41400,-0.23063,0.24173
19348,4.12716,0.15791,0.23137
19349,3.87868,0.15260,0.22814
19350,5.02174,0.16732,0.24714
19351,3.20136,0.14769,0.21643
19352,2.91045,0.14121,0.21275
19353,7.14272,0.29414,0.29459
19354,6.67973,0.28445,0.28408
19355,6.47521,0.27981,0.28170
19356,-1.94685,-0.14927,0.21646
19357,-2.10957,-0.14993,0.22141
19358,-2.65368,-0.16400,0.23324
19359,-1.37835,-0.13800,0.20355
19360,-1.36837,-0.13504,0.20398
19361,-1.78248,0.06735,0.14648
19362,-1.51984,0.06836,0.15005
19363,-0.56764,0.07875,0.16409
19364,-3.13109,0.05552,0.12804
19365,-2.58612,0.05846,0.13492
19366,0.13140,0.00712,0.23976
19367,0.03055,0.00156,0.23933
19368,0.05480,0.00328,0.22751
19369,0.22106,0.01111,0.25223
19370,0.06153,0.00299,0.25279
19371,12.83590,0.33692,0.56035
19372,12.33725,0.32816,0.57798
19373,12.80655,0.33957,0.56297
19374,12.84466,0.33358,0.55840
19375,12.32417,0.32459,0.57708
19376,7.76757,0.23274,0.28557
19377,-8.10102,0.01262,0.04452
19378,-8.60505,0.01093,0.04053
19379,-7.59655,0.01751,0.05341
19380,-8.40890,0.00951,0.03800
19381,-9.16514,0.00660,0.03063
19382,11.93747,0.38315,0.50913
19383,12.08936,0.38734,0.50100
19384,11.95038,0.38039,0.52744
19385,-2.22456,0.01117,0.83451
19386,-1.79324,0.01518,0.81236
19387,-2.44614,0.00799,0.85403
19388,-9.28050,-0.27947,0.64798
19389,-8.05009,-0.26186,0.66800
19390,-8.59676,-0.26734,0.65857
19391,1.70705,0.11570,0.79849
19392,1.14892,0.11000,0.80824
19393,0.95648,0.10218,0.81302
19394,2.38987,0.12904,0.78492
19395,1.74333,0.12155,0.79705
19396,-10.70460,-0.36606,0.42448
19397,-10.92093,-0.37094,0.42788
19398,-10.69406,-0.36677,0.41679
19399,-11.16285,-0.37576,0.43546
19400,-8.47010,-0.26941,0.29238
19401,-8.98851,-0.28013,0.30194
19402,-9.36922,-0.28362,0.30978
19403,-8.64197,-0.27648,0.29517
19404,-9.40760,-0.28931,0.30998
19405,-7.67560,0.04602,0.89865
19406,-9.14358,0.03875,0.90888
19407,0.48149,0.01595,0.48935
19408,0.65693,0.02190,0.47612
19409,0.52094,0.01752,0.46192
19410,1.05675,0.03540,0.47039
19411,-1.73716,-0.03097,0.38360
19412,-1.85871,-0.03257,0.40164
19413,-8.59067,-0.28858,0.49888
19414,-1.86036,0.01059,0.07668
19415,-1.76343,0.00887,0.07303
19416,-2.07700,0.00766,0.06431
19417,8.18277,0.28209,0.67632
19418,8.20308,0.28136,0.67460
19419,8.86745,0.29649,0.65941
19420,7.53603,0.26954,0.69018
19421,7.23557,0.26192,0.69574
19422,1.16073,-0.03054,0.12483
19423,1.33950,-0.03120,0.12124
19424,1.53928,-0.02609,0.11158
19425,1.09394,-0.03722,0.13192
19426,1.50554,-0.03213,0.11865
19427,10.30829,0.32851,0.63441
19428,9.69823,0.31587,0.64876
19429,10.25723,0.32798,0.63477
19430,3.86210,0.17970,0.75668
19431,3.68984,0.17226,0.75995
19432,-0.25327,0.01979,0.14946
19433,-0.38711,0.02004,0.14129
19434,-0.24052,0.02399,0.15351
19435,-0.35362,0.01671,0.13907
19436,-4.66683,-0.18059,0.73797
19437,10.65327,0.35246,0.49958
19438,8.69484,0.17180,0.40753
19439,8.01720,0.14948,0.52876
19440,7.69971,0.14214,0.52783
19441,8.24539,0.15495,0.52906
19442,5.79547,0.24317,0.71953
19443,6.83469,0.26140,0.70291
19444,-0.77441,-0.01314,0.44750
19445,-0.55045,-0.00949,0.43101
19446,-3.50948,-0.06332,0.38511
19447,-3.62735,-0.06652,0.37374
19448,-3.82373,-0.06800,0.40143
19449,-3.26756,-0.06040,0.36462
19450,3.52681,-0.13862,0.79547
19451,0.88552,-0.16244,0.77289
19452,5.17725,-0.12534,0.80935
19453,6.40755,-0.11495,0.81771
19454,-6.81040,-0.24104,0.26381
19455,-7.04787,-0.24237,0.26801
19456,-6.09835,-0.22810,0.25264
19457,5.74370,0.18322,0.63963
19458,6.09818,0.19502,0.63597
19459,5.47715,0.17451,0.64720
19460,5.51564,0.17539,0.63494
19461,2.73739,0.06094,0.65205
19462,3.17002,0.06370,0.62819
19463,2.67379,0.05697,0.64498
19464,2.89733,0.06517,0.65387
19465,-3.17122,0.14181,0.79204
19466,-0.81659,0.16358,0.77186
19467,-1.33940,0.15785,0.77541
19468,0.92816,0.18047,0.75486
19469,-5.15863,0.00048,0.00893
19470,-4.60464,0.00131,0.01812
19471,3.18519,0.07601,0.27585
19472,2.99478,0.07568,0.26486
19473,2.59583,0.06980,0.25401
19474,3.21864,0.08010,0.26825
19475,2.54695,0.07184,0.24752
19476,12.91198,0.35969,0.40462
19477,12.98492,0.35730,0.40792
19478,13.27420,0.36276,0.42173
19479,12.85486,0.36201,0.40236
19480,12.50031,0.35514,0.38888
19481,-5.39556,0.01706,0.06049
19482,-4.72109,0.02350,0.07308
19483,-4.74816,0.02134,0.07012
19484,-5.63197,0.01698,0.05917
19485,-5.03774,0.02204,0.06937
19486,-5.29599,0.01645,0.05982
19487,-5.20306,0.01531,0.05836
19488,-5.82961,0.01106,0.04773
19489,-4.51306,0.02240,0.07292
19490,-6.04194,-0.20563,0.68254
19491,2.11618,-0.12492,0.14708
19492,0.98938,-0.14266,0.16075
19493,1.88585,-0.12881,0.14989
19494,2.51552,-0.11843,0.14221
19495,1.27519,-0.13768,0.15721
19496,-2.62194,-0.18946,0.20340
19497,-2.04350,-0.17948,0.19591
19498,-3.61739,-0.20525,0.21659
19499,-2.95038,-0.19335,0.20758
19500,-10.41923,0.08421,0.84119
19501,-11.65426,0.07595,0.84922
19502,-15.02639,0.05925,0.87125
19503,-7.40196,0.10374,0.81974
19504,-7.86698,0.09943,0.82276
19505,-4.21515,0.09437,0.79011
19506,0.92253,0.12940,0.73722
19507,7.46475,0.24136,0.67046
19508,8.93850,0.26271,0.64834
19509,-7.66284,0.01855,0.87087
19510,-7.37357,0.01717,0.87214
19511,-9.89947,0.01084,0.90404
19512,-5.64946,0.02689,0.84050
19513,-5.46709,0.02467,0.84254
19514,-8.26467,-0.23213,0.64838
19515,-8.06776,-0.23275,0.65365
19516,-7.44040,0.04937,0.83034
19517,-4.83766,0.06401,0.80292
19518,-10.06702,0.03701,0.85626
19519,-12.40244,-0.33299,0.57857
19520,-12.59085,-0.33398,0.57131
19521,-13.02507,-0.34521,0.55628
19522,-11.77189,-0.32169,0.59662
19523,11.33054,0.24130,0.52832
19524,10.96620,0.23643,0.55000
19525,12.19375,0.38937,0.50111
19526,12.07457,0.38910,0.48691
19527,12.16712,0.38707,0.51277
19528,-2.77892,-0.08972,0.23453
19529,-2.49195,-0.08463,0.22901
19530,-3.36297,-0.09586,0.24953
19531,-0.07886,0.10455,0.17059
19532,0.88956,0.11464,0.18382
19533,0.81588,0.11651,0.18249
19534,-0.43957,0.09853,0.16584
19535,-8.58107,-0.24130,0.30272
19536,-8.50433,-0.24276,0.29996
19537,-7.75135,-0.22962,0.28618
19538,7.36174,0.27181,0.69324
19539,7.18139,0.26893,0.69562
19540,-0.90008,-0.01833,0.30539
19541,-0.83269,-0.01827,0.28371
19542,-1.09426,-0.02260,0.30158
19543,-0.71602,-0.01447,0.31063
19544,-0.68339,-0.01473,0.28895
19545,1.13641,0.17079,0.18529
19546,0.15888,-0.01199,0.86784
19547,0.05601,0.00182,0.75494
19548,12.70098,0.29099,0.45265
19549,12.65579,0.28662,0.46204
19550,12.76541,0.28954,0.47539
19551,12.50977,0.28975,0.43301
19552,12.53234,0.28591,0.44452
19553,0.48641,-0.01856,0.13437
19554,0.58868,-0.01996,0.13132
19555,0.58024,-0.02323,0.13558
19556,0.78609,-0.01874,0.12148
19557,12.11714,0.39091,0.47704
19558,12.31168,0.39322,0.48657
19559,12.19746,0.39031,0.49393
19560,11.60472,-0.04968,0.85429
19561,12.21028,-0.04886,0.85790
19562,14.85846,-0.03715,0.87812
19563,-5.45495,-0.23519,0.70840
19564,-6.90157,-0.25538,0.68987
19565,-5.77474,-0.24096,0.70560
19566,-5.28453,-0.23135,0.70925
19567,-0.51941,-0.13559,0.18419
19568,-0.65165,-0.14076,0.18637
19569,-1.34666,-0.18112,0.19191
19570,-0.69631,-0.16994,0.18276
19571,-8.17349,0.01265,0.05659
19572,-9.26517,0.00827,0.04353
19573,-9.40932,0.00703,0.04045
19574,-8.45495,0.01221,0.05460
19575,9.01570,0.24437,0.31355
19576,8.38687,0.23348,0.30113
19577,8.95791,0.24672,0.31061
19578,8.22846,0.23435,0.29638
19579,0.16955,-0.06920,0.17030
19580,-0.23023,-0.01034,0.20926
19581,-0.39052,-0.01256,0.22904
19582,-0.13738,-0.01078,0.19309
19583,-0.30178,-0.01261,0.21256
19584,2.94068,0.14875,0.71390
19585,4.67748,0.16424,0.69029
19586,3.43836,0.14992,0.70653
19587,4.89957,0.23183,0.23551
19588,5.10173,0.23700,0.23869
19589,3.95322,0.21647,0.22220
19590,5.36213,0.23844,0.24207
19591,5.89904,0.24902,0.25034
19592,12.08538,0.27601,0.42193
19593,12.38273,0.28048,0.44114
19594,12.24780,0.28312,0.42226
19595,-8.44348,-0.28698,0.66933
19596,-8.65006,-0.29075,0.66274
19597,-7.99574,-0.27643,0.67862
19598,-9.03394,-0.30029,0.65477
19599,-1.75921,-0.07977,0.79105
19600,-27.05910,0.00774,0.95266
19601,-27.21508,0.00925,0.94889
19602,-9.85205,-0.25267,0.61867
19603,-10.99176,-0.27129,0.59410
19604,-8.78306,-0.23653,0.63816
19605,3.05587,-0.01955,0.08076
19606,2.89064,-0.02365,0.08838
19607,3.32124,-0.01967,0.07838
19608,4.80165,-0.01329,0.05728
19609,4.25421,-0.01741,0.06767
19610,4.32219,-0.01891,0.06964
19611,5.15109,-0.00934,0.04718
19612,4.51336,-0.01368,0.05955
19613,10.07716,0.21433,0.56633
19614,9.80331,0.21289,0.58019
19615,9.75630,0.20726,0.57200
19616,9.20438,0.20136,0.59233
19617,-11.25674,0.02394,0.05347
19618,-12.56030,0.01547,0.04130
19619,5.11342,-0.04225,0.08917
19620,4.80126,-0.04425,0.09258
19621,4.26105,-0.05241,0.10193
19622,4.85451,-0.04117,0.08984
19623,4.04642,-0.05290,0.10383
19624,1.13881,0.03576,0.58284
19625,0.83533,0.02609,0.59194
19626,0.77910,0.02453,0.57600
19627,1.54138,0.04853,0.58073
19628,1.34011,0.04187,0.59589
19629,-0.02199,-0.00624,0.18145
19630,0.00682,-0.00448,0.16975
19631,-0.00101,-0.00886,0.17309
19632,0.02981,-0.00378,0.86413
19633,0.19317,-0.00430,0.88918
19634,0.86699,0.03898,0.27747
19635,0.69107,0.03178,0.27237
19636,15.71637,-0.00403,0.01859
19637,14.65691,-0.00698,0.02609
19638,16.35739,-0.00199,0.01202
19639,17.13513,-0.00133,0.00883
19640,-7.80929,-0.25440,0.63899
19641,-7.45166,-0.24354,0.65042
19642,-7.66031,-0.25090,0.65002
19643,-6.96794,-0.22923,0.66506
19644,0.49379,0.03942,0.21022
19645,0.64955,0.04592,0.21778
19646,0.67244,0.04258,0.22630
19647,0.43798,0.04176,0.20204
19648,-7.28279,-0.24165,0.52142
19649,-7.60288,-0.25236,0.52183
19650,7.60840,-0.00942,0.03911
19651,8.08534,-0.00610,0.03031
19652,7.90865,-0.00880,0.03702
19653,8.49320,-0.00476,0.02585
19654,-0.08744,0.07625,0.83610
19655,0.19987,0.07477,0.83245
19656,0.74351,0.08728,0.82002
19657,-0.89155,0.06735,0.84995
19658,-0.59610,0.06535,0.84771
19659,5.32604,0.24009,0.72002
19660,2.17554,0.19770,0.75687
19661,3.27965,0.18061,0.21239
19662,4.30588,0.19463,0.22672
19663,2.44799,0.16771,0.20139
19664,3.21196,0.17758,0.21159
19665,-11.72800,-0.38730,0.43877
19666,-11.49200,-0.38319,0.43106
19667,-0.62133,0.05627,0.15282
19668,10.20683,0.20409,0.51957
19669,9.84079,0.19666,0.53548
19670,9.91014,0.20011,0.54221
19671,-1.25066,-0.04122,0.49963
19672,-1.66596,-0.05496,0.49910
19673,-1.46521,-0.04871,0.48655
19674,-1.45105,-0.04752,0.51110
19675,5.90496,0.20113,0.46884
19676,5.59357,0.19192,0.45705
19677,5.89353,0.20289,0.45376
19678,5.80993,0.19650,0.47894
19679,5.58019,0.18975,0.46965
19680,-12.03239,-0.32590,0.37574
19681,-12.49358,-0.33291,0.39160
19682,-12.37270,-0.32807,0.38813
19683,-11.69350,-0.32357,0.36476
19684,-12.25969,-0.33217,0.38240
19685,11.00366,0.32018,0.34545
19686,11.55202,0.33025,0.35971
19687,11.00629,0.32329,0.34541
19688,10.89530,0.31535,0.34298
19689,0.78827,-0.11965,0.16182
19690,1.34579,-0.11148,0.15317
19691,1.68274,-0.10388,0.14752
19692,0.07620,-0.13262,0.17351
19693,0.42706,-0.12839,0.16777
19694,2.96552,-0.10486,0.83873
19695,0.10285,-0.03020,0.16518
19696,-0.07766,-0.03328,0.17765
19697,-0.01994,-0.03556,0.17346
19698,0.21085,-0.02530,0.15646
19699,-0.01239,-0.02816,0.17301
19700,-8.62112,-0.28148,0.63444
19701,-9.05395,-0.29437,0.62185
19702,3.77869,0.11988,0.58440
19703,4.08286,0.13019,0.57540
19704,3.42716,0.10837,0.58854
19705,13.13537,0.40181,0.48493
19706,13.18190,0.40002,0.49979
19707,13.09874,0.39990,0.50026
19708,13.21830,0.39790,0.51025
19709,13.11531,0.39727,0.51349
19710,4.22502,0.16885,0.32623
19711,4.34408,0.17042,0.33578
19712,4.54967,0.17796,0.33788
19713,4.77887,0.13241,0.26289
19714,5.12708,0.13839,0.26906
19715,5.80183,0.14731,0.28413
19716,7.91211,0.26123,0.67041
19717,6.64226,0.24399,0.68854
19718,7.94840,0.26414,0.67126
19719,8.63110,0.26958,0.65848
19720,7.27693,0.25081,0.67888
19721,11.34479,-0.02185,0.05075
19722,-12.81047,-0.30346,0.53043
19723,-12.83434,-0.30136,0.52345
19724,-13.08140,-0.30879,0.50959
19725,-12.37470,-0.29559,0.55180
19726,-12.43016,-0.29309,0.54470
19727,-13.91843,0.00974,0.03218
19728,-14.01962,0.00915,0.03101
19729,-15.20177,0.00523,0.02186
19730,-15.48317,0.00388,0.01841
19731,-2.34070,-0.14104,0.23523
19732,-2.10843,-0.13862,0.22709
19733,-5.82236,-0.23452,0.72174
19734,-6.73056,-0.25209,0.70546
19735,-4.87682,-0.21697,0.73752
19736,-4.88948,-0.22007,0.73668
19737,5.74185,0.20748,0.39788
19738,5.50249,0.19877,0.39774
19739,5.77335,0.20584,0.41167
19740,5.39872,0.25809,0.25797
19741,2.13457,0.09497,0.21258
19742,2.34396,0.09964,0.21563
19743,1.43557,0.08890,0.19878
19744,2.65410,0.09934,0.22373
19745,3.13071,0.10676,0.23231
19746,0.67299,-0.03377,0.86756
19747,1.15872,-0.02920,0.88049
19748,0.96446,-0.03606,0.87119
19749,0.60586,-0.00845,0.89979
19750,0.39687,-0.00682,0.89509
19751,0.56686,-0.00540,0.91017
19752,13.79952,0.35919,0.49399
19753,13.70349,0.35448,0.50767
19754,13.71398,0.35736,0.50941
19755,13.80786,0.35943,0.47849
19756,13.76692,0.35505,0.49571
19757,-11.69821,0.02126,0.05269
19758,-12.12911,0.01868,0.04855
19759,-13.46446,0.01181,0.03731
19760,-10.19153,0.03125,0.06622
19761,-10.80656,0.02707,0.06051
19762,-2.67361,-0.20306,0.20659
19763,-2.43591,-0.19945,0.20362
19764,-2.31905,-0.19640,0.20160
19765,-12.43006,-0.27578,0.47762
19766,-12.29039,-0.27062,0.49663
19767,-12.44490,-0.27668,0.49524
19768,-5.09310,-0.18178,0.24382
19769,-5.10643,-0.18475,0.24321
19770,-6.22610,-0.19871,0.26234
19771,-4.31040,-0.16963,0.23194
19772,-3.87855,-0.16648,0.22460
19773,8.74026,0.22872,0.31413
19774,8.58471,0.22396,0.31228
19775,9.28374,0.23457,0.32820
19776,7.95079,0.21777,0.29690
19777,0.00520,0.01351,0.17635
19778,0.18051,0.01598,0.19037
19779,0.01404,0.01549,0.17703
19780,-0.01795,0.01113,0.17385
19781,0.21229,0.01425,0.19573
19782,5.56057,0.18218,0.53178
19783,5.33829,0.17569,0.52160
19784,5.72995,0.18905,0.51972
19785,7.71285,-0.00231,0.02535
19786,6.60878,-0.00470,0.04071
19787,7.52600,-0.00235,0.02629
19788,4.09369,0.12959,0.67565
19789,4.15502,0.13080,0.66039
19790,-1.51643,-0.11842,0.21463
19791,-1.48127,-0.11403,0.21532
19792,-2.05454,-0.12831,0.23134
19793,0.86182,-0.04784,0.15663
19794,0.37735,-0.05095,0.16657
19795,1.13597,-0.04332,0.15047
19796,-0.39542,-0.05807,0.18353
19797,0.24764,-0.05049,0.16932
19798,10.02825,0.21099,0.40183
19799,9.67812,0.20676,0.38520
19800,-13.48366,-0.39757,0.45736
19801,-13.26136,-0.39626,0.44137
19802,-11.58864,-0.33577,0.60626
19803,-11.73575,-0.34110,0.60271
19804,-10.87924,-0.32401,0.62367
19805,-12.07731,-0.34424,0.59256
19806,-12.23959,-0.34974,0.58801
19807,-10.45353,-0.21142,0.45174
19808,-10.51536,-0.21568,0.43776
19809,-10.68634,-0.21733,0.45906
19810,-9.94789,0.06838,0.83712
19811,-6.09365,0.08848,0.80668
19812,3.25221,0.12643,0.22484
19813,4.19634,0.13631,0.24284
19814,9.31367,0.31173,0.50034
19815,9.47738,0.31824,0.49217
19816,9.04196,0.30393,0.49435
19817,9.16914,0.30989,0.48333
19818,-11.65995,-0.34389,0.60465
19819,-10.87475,-0.32866,0.62426
19820,-11.03435,-0.32952,0.62055
19821,-11.41839,-0.34083,0.61094
19822,9.90866,0.34999,0.39272
19823,9.50752,0.34098,0.38130
19824,0.38017,-0.04064,0.16449
19825,-0.09948,-0.04342,0.17723
19826,-0.30088,-0.04743,0.18222
19827,-1.99641,-0.19599,0.75868
19828,-3.14682,-0.21026,0.74693
19829,-1.94519,-0.19466,0.76077
19830,-3.28643,-0.21159,0.74650
19831,-6.41968,-0.24096,0.36769
19832,-6.07467,-0.23212,0.35503
19833,-6.74253,-0.25167,0.37181
19834,-6.25767,-0.23968,0.35325
19835,11.87140,0.36499,0.58493
19836,11.72817,0.36010,0.59284
19837,11.37483,0.35277,0.60316
19838,12.20618,0.37259,0.57270
19839,8.76134,0.32767,0.34235
19840,9.18562,0.33679,0.35398
19841,8.99298,0.33223,0.35157
19842,9.55578,0.34485,0.36249
19843,0.28788,-0.14545,0.16789
19844,-0.45097,-0.15724,0.17663
19845,-1.02603,-0.16484,0.18355
19846,1.45017,-0.12907,0.15457
19847,1.04282,-0.13559,0.15916
19848,-11.19814,-0.23552,0.44548
19849,-11.17485,-0.23906,0.42900
19850,-11.39345,-0.24233,0.44486
19851,1.02293,0.02031,0.31936
19852,1.11322,0.02265,0.30843
19853,1.28634,0.02613,0.30815
19854,1.03726,0.02240,0.28886
19855,-1.42373,0.01974,0.12690
19856,-2.00731,0.01539,0.10859
19857,-1.70558,0.01636,0.11585
19858,1.35604,-0.07100,0.15257
19859,-1.00985,-0.09316,0.18925
19860,4.63852,0.17140,0.37511
19861,6.53668,-0.03951,0.90316
19862,5.94444,-0.03962,0.90151
19863,7.44286,-0.02955,0.91707
19864,4.89667,-0.04502,0.89257
19865,6.03185,-0.03500,0.90695
19866,-5.52552,0.04362,0.10174
19867,-6.32512,0.03832,0.09302
19868,1.29930,-0.09874,0.15553
19869,1.65850,-0.09649,0.15130
19870,0.43061,-0.11023,0.16626
19871,2.17069,-0.08770,0.14492
19872,2.61003,-0.08484,0.13996
19873,-5.21895,0.08164,0.11433
19874,-5.02643,0.08449,0.11632
19875,-8.10264,-0.16305,0.58000
19876,-7.39382,-0.15279,0.60000
19877,-8.13872,-0.16079,0.57126
19878,-8.42621,-0.16978,0.57500
19879,-7.66099,-0.15957,0.59899
19880,-3.98883,-0.14323,0.39811
19881,-4.01617,-0.14224,0.41215
19882,-4.34198,-0.15420,0.41075
19883,-3.71791,-0.13492,0.38723
19884,-3.64814,-0.13067,0.39878
19885,-4.49974,-0.14575,0.24528
19886,1.77793,0.07660,0.29089
19887,1.53435,0.06843,0.28048
19888,1.86510,0.07750,0.30308
19889,-6.43788,-0.24698,0.69473
19890,-7.49428,-0.26299,0.68084
19891,-6.34316,-0.24755,0.69719
19892,-8.73850,-0.28203,0.66203
19893,-7.62340,-0.26648,0.67991
19894,-1.65307,0.10507,0.14826
19895,-1.86912,0.10318,0.14528
19896,-0.85184,0.11945,0.16096
19897,-2.41710,0.09265,0.13654
19898,-0.50513,-0.02981,0.23402
19899,-0.37398,-0.02181,0.23465
19900,-0.53119,-0.02809,0.24745
19901,-5.35746,-0.23054,0.29808
19902,-5.21758,-0.22957,0.29092
19903,-4.73683,-0.21637,0.28082
19904,-5.80314,-0.24093,0.31100
19905,-0.68937,0.14708,0.16391
19906,-1.19253,0.13917,0.15790
19907,-0.16786,0.15511,0.17017
19908,-1.34943,0.13697,0.15608
19909,-2.05079,0.12630,0.14786
19910,5.47591,0.18443,0.70044
19911,-2.34978,-0.05962,0.26006
19912,-1.45267,-0.05004,0.22463
19913,-1.96250,-0.05655,0.24189
19914,-13.83393,-0.36497,0.50084
19915,-13.85849,-0.36340,0.49111
19916,-13.88728,-0.36859,0.48131
19917,-13.68616,-0.36016,0.51825
19918,-13.74655,-0.35899,0.51022
19919,0.98295,-0.01780,0.78570
19920,7.96902,-0.04012,0.07474
19921,9.00579,-0.03107,0.06399
19922,9.25733,-0.02784,0.06030
19923,7.74518,-0.04348,0.07806
19924,12.34276,0.28021,0.43893
19925,12.51845,0.28484,0.44724
19926,12.27313,0.28333,0.42423
19927,12.25811,0.27477,0.44382
19928,-2.83163,0.10074,0.13498
19929,-2.26907,0.10841,0.14229
19930,-3.31856,0.09207,0.12811
19931,-2.37402,0.10896,0.14138
19932,-1.83497,0.11677,0.14852
19933,7.65315,0.24965,0.56102
19934,7.51288,0.24583,0.55185
19935,7.86140,0.25793,0.54705
19936,-3.28912,0.03613,0.09761
19937,-2.73942,0.04316,0.10919
19938,-1.99488,0.09669,0.14692
19939,-2.36321,0.09413,0.14274
19940,7.04006,-0.00313,0.03112
19941,7.21232,-0.00331,0.03140
19942,6.35865,-0.00575,0.04492
19943,7.74196,-0.00132,0.01790
19944,7.96178,-0.00116,0.01623
19945,-3.62948,-0.06408,0.40774
19946,-3.31557,-0.05878,0.39882
19947,-3.42682,-0.06199,0.38227
19948,-3.82208,-0.06638,0.43101
19949,-3.44380,-0.05954,0.42972
19950,0.47115,0.01164,0.26207
19951,0.58149,0.01471,0.25702
19952,0.39412,0.01139,0.24005
19953,13.15521,0.30939,0.48221
19954,13.22143,0.31345,0.47560
19955,13.03640,0.30410,0.49986
19956,13.17894,0.31104,0.49238
19957,9.59065,0.28819,0.31437
19958,9.73823,0.28774,0.31798
19959,10.36331,0.29880,0.33153
19960,9.00353,0.28087,0.30243
19961,8.56949,0.27179,0.29436
19962,8.96507,0.21169,0.33749
19963,-0.09888,0.00412,0.15361
19964,-0.18487,0.00336,0.13555
19965,-0.03550,0.00585,0.16851
19966,-0.19614,0.00530,0.14535
19967,-7.09960,0.00326,0.03237
19968,-6.47157,0.00473,0.04141
19969,-7.21578,0.00240,0.02749
19970,-1.58752,0.04184,0.77694
19971,-2.87668,0.03285,0.80308
19972,-3.48546,0.03269,0.81113
19973,-0.23354,0.05087,0.74906
19974,-0.28079,0.04778,0.75011
19975,0.01222,-0.06387,0.17267
19976,-0.29799,-0.07091,0.18346
19977,0.06604,-0.05998,0.17066
19978,-0.33728,-0.06812,0.18538
19979,-0.68981,-0.01540,0.66020
19980,-0.44263,-0.01143,0.67986
19981,-0.53761,-0.01156,0.65331
19982,-0.73836,-0.01783,0.67186
19983,-0.51680,-0.01453,0.68787
19984,1.72389,0.04183,0.26619
19985,2.10147,0.04571,0.29143
19986,2.11721,0.04789,0.28207
19987,1.52202,0.03789,0.26161
19988,1.81487,0.04094,0.28176
19989,-8.07577,0.03926,0.08225
19990,-0.06287,0.06116,0.17041
19991,0.32700,0.06921,0.18435
19992,-0.40835,0.05400,0.15813
19993,-0.33097,0.05893,0.16154
19994,13.63910,0.36147,0.44829
19995,13.77008,0.36222,0.46443
19996,13.56267,0.35693,0.44248
19997,13.74327,0.35893,0.46200
19998,-1.58930,0.11520,0.82713
19999,-2.38872,0.10242,0.83846
20000,-0.52920,0.12327,0.81759
20001,10.39896,-0.01529,0.04312
20002,9.81210,-0.01893,0.04914
20003,10.74523,-0.01250,0.03851
20004,-13.49381,-0.32889,0.47997
20005,-13.23812,-0.32919,0.43715
20006,6.34800,0.12013,0.57760
20007,6.19766,0.11652,0.57653
20008,5.72560,0.11182,0.59984
20009,-5.07728,-0.20457,0.32483
20010,-5.01854,-0.20060,0.32850
20011,-5.37373,-0.21037,0.33970
20012,-2.11067,-0.06542,0.63467
20013,-1.72257,-0.05327,0.63658
20014,-1.80632,-0.05578,0.64919
20015,-1.84951,-0.05741,0.62371
20016,-1.29025,-0.09143,0.21951
20017,-1.00474,-0.08307,0.21000
20018,-1.30795,-0.08780,0.22332
20019,7.93575,0.19030,0.31908
20020,8.36232,0.19747,0.32876
20021,7.96176,0.19430,0.31578
20022,8.74725,0.20010,0.34266
20023,8.73225,0.20373,0.33730
20024,-7.87879,0.03254,0.06899
20025,-8.99261,0.02318,0.05644
20026,-8.27982,0.03026,0.06567
20027,-8.60663,0.02533,0.05971
20028,1.24998,-0.09315,0.15549
20029,2.32607,-0.08036,0.14204
20030,2.91703,-0.07620,0.13511
20031,-0.02816,-0.10686,0.17205
20032,0.91401,-0.09487,0.15974
20033,8.37905,0.15847,0.53561
20034,8.03513,0.15236,0.54878
20035,7.58938,0.14498,0.56542
20036,7.32034,0.29635,0.28636
20037,7.94740,0.30919,0.29895
20038,7.41543,0.29878,0.28940
20039,7.83936,0.30625,0.29525
20040,12.90563,0.36172,0.40425
20041,-6.27778,-0.11974,0.38363
20042,-6.30404,-0.11770,0.40053
20043,-12.51346,0.06166,0.88461
20044,-11.47034,0.06645,0.87970
20045,-9.38522,0.08125,0.86413
20046,5.91695,0.25382,0.29626
20047,5.82630,0.25006,0.29673
20048,5.30456,0.23882,0.28277
20049,5.92716,0.25070,0.30212
20050,3.55030,-0.01316,0.08458
20051,3.80166,-0.01050,0.07561
20052,4.33199,-0.00900,0.06711
20053,2.77474,-0.01812,0.10287
20054,3.05527,-0.01480,0.09334
20055,0.96523,-0.11065,0.15968
20056,-0.40785,-0.12750,0.17643
20057,0.49203,-0.11471,0.16542
20058,1.75369,-0.10273,0.15039
20059,0.29469,-0.12081,0.16764
20060,-0.27894,-0.01555,0.23988
20061,-0.41066,-0.02123,0.25050
20062,-0.16828,-0.00925,0.24162
20063,-0.27034,-0.01358,0.25515
20064,-1.36213,0.03962,0.77417
20065,3.12305,0.08902,0.68149
20066,2.20462,0.08000,0.70096
20067,2.16138,0.08278,0.70394
20068,4.24971,0.09906,0.65357
20069,3.39907,0.08837,0.67145
20070,0.99699,-0.06662,0.15681
20071,1.23417,-0.06229,0.15275
20072,1.77437,-0.06086,0.14510
20073,0.62477,-0.07186,0.16288
20074,-6.91707,0.00157,0.01556
20075,-6.23626,0.00453,0.02976
20076,-12.65639,-0.31925,0.40704
20077,-12.66138,-0.32256,0.40499
20078,-12.32554,-0.31301,0.39443
20079,5.03564,0.08846,0.54110
20080,5.29199,0.09225,0.51547
20081,4.98770,0.08670,0.52354
20082,-3.25753,-0.11421,0.42104
20083,-3.57563,-0.12438,0.43118
20084,-3.25851,-0.11288,0.43531
20085,8.83775,0.25374,0.30454
20086,-1.13205,-0.04782,0.79391
20087,-1.14949,-0.05159,0.79878
20088,-1.41747,-0.05717,0.78638
20089,-1.35810,-0.06014,0.79528
20090,7.64281,0.25637,0.27789
20091,8.17610,0.26744,0.28706
20092,7.06593,0.24533,0.26834
20093,1.13477,-0.02332,0.13903
20094,1.67756,-0.02038,0.12429
20095,0.94028,-0.02690,0.14682
20096,1.53863,-0.01925,0.12519
20097,-13.54034,-0.33635,0.50618
20098,-13.33061,-0.33143,0.52402
20099,-13.26464,-0.32739,0.52556
20100,-13.67155,-0.34217,0.48375
20101,-13.68235,-0.34447,0.49674
20102,-17.34864,0.03817,0.88705
20103,-14.56431,0.04994,0.86859
20104,-13.93525,0.05075,0.86519
20105,-3.91916,-0.22746,0.22552
20106,-5.04167,-0.24835,0.24232
20107,11.59047,0.37259,0.37617
20108,11.29885,0.36902,0.36959
20109,11.84774,0.37546,0.38243
20110,-1.55478,0.06645,0.13815
20111,-2.27017,0.05594,0.12312
20112,4.25782,0.15902,0.74016
20113,3.82593,0.15657,0.75431
20114,3.82807,0.15191,0.75228
20115,1.20834,0.03721,0.63181
20116,1.00567,0.03088,0.64168
20117,-0.80238,-0.02566,0.55274
20118,-0.63444,-0.02012,0.56559
20119,-1.06852,-0.03399,0.56355
20120,3.07224,-0.05347,0.11257
20121,3.21924,-0.05406,0.11151
20122,10.54237,-0.02893,0.05957
20123,10.92556,-0.02615,0.05605
20124,11.89460,-0.01934,0.04695
20125,9.46053,-0.03802,0.07006
20126,4.82385,0.16197,0.48454
20127,-7.32531,0.02678,0.07838
20128,-7.67007,0.02561,0.07538
20129,-9.07723,0.01693,0.05919
20130,-5.78061,0.03747,0.09645
20131,-6.61518,0.03245,0.08727
20132,-0.81494,0.00270,0.08284
20133,-0.98588,0.00194,0.06708
20134,-1.01238,0.00113,0.05200
20135,4.48408,0.07944,0.41923
20136,4.17661,0.07368,0.41742
20137,4.42523,0.07707,0.44090
20138,-0.80105,0.14495,0.16292
20139,-1.74205,0.12985,0.15127
20140,-0.09067,0.15657,0.17199
20141,-1.04324,0.14069,0.15991
20142,10.48085,0.32065,0.63294
20143,10.78818,0.32864,0.62611
20144,11.48645,0.34082,0.60916
20145,9.85331,0.31061,0.64596
20146,-2.31892,0.11874,0.14390
20147,-2.69625,0.11232,0.13915
20148,-3.62686,0.09903,0.12801
20149,-1.18984,0.13682,0.15808
20150,-1.53461,0.13045,0.15367
20151,-8.85596,-0.29096,0.64355
20152,-8.38351,-0.27984,0.66045
20153,-8.74803,-0.28712,0.64229
20154,-8.35264,-0.27748,0.65721
20155,5.26589,0.17868,0.47118
20156,5.30296,0.18157,0.45859
20157,5.38347,0.19371,0.71937
20158,5.82173,0.20639,0.71085
20159,5.11755,0.19155,0.72856
20160,0.52684,0.01662,0.72863
20161,0.23218,0.00737,0.73878
20162,0.47393,0.01472,0.71442
20163,0.86372,0.02709,0.71904
20164,2.01619,0.05757,0.24434
20165,1.60193,0.05173,0.23112
20166,2.78793,-0.09906,0.13482
20167,1.93684,-0.11187,0.14640
20168,1.97942,-0.11278,0.14615
20169,3.58653,-0.08629,0.12381
20170,2.66807,-0.09934,0.13597
20171,-12.70443,0.01534,0.04271
20172,-14.86051,0.00575,0.02339
20173,-3.14772,0.12256,0.82552
20174,-4.35354,0.11317,0.83425
20175,-5.39833,0.10116,0.84533
20176,-1.13467,0.14420,0.80615
20177,-1.33431,0.00543,0.08897
20178,6.32198,-0.00222,0.02830
20179,7.07109,-0.00070,0.01378
20180,7.09753,-0.00083,0.01451
20181,5.34172,-0.00476,0.04578
20182,6.08027,-0.00201,0.02757
20183,-1.87702,0.02971,0.12961
20184,-1.66751,0.03338,0.13584
20185,-2.76563,0.02399,0.11130
20186,-1.23899,0.03362,0.14348
20187,-1.00937,0.03725,0.14981
20188,-9.19605,-0.22479,0.33370
20189,-8.73959,-0.21544,0.32498
20190,-0.98880,-0.09418,0.81434
20191,-0.29569,-0.08168,0.82871
20192,-0.31688,-0.08825,0.82619
20193,-0.99278,-0.08870,0.81524
20194,11.17176,-0.02283,0.05181
20195,11.55797,-0.02070,0.04889
20196,12.71398,-0.01333,0.03785
20197,9.93289,-0.03217,0.06343
20198,13.83157,-0.05280,0.86394
20199,11.25063,-0.06346,0.84625
20200,15.96864,-0.04268,0.87871
20201,0.50383,0.01556,0.61729
20202,0.81095,0.02508,0.61947
20203,0.54984,0.01690,0.63018
20204,2.15663,-0.01567,0.10811
20205,1.96249,-0.01514,0.11002
20206,2.35325,-0.01597,0.10582
20207,4.42632,0.20995,0.27168
20208,4.80836,0.21734,0.28329
20209,4.96399,0.22344,0.28415
20210,6.97406,0.14730,0.34285
20211,6.72992,0.14637,0.32961
20212,5.33976,-0.07483,0.80339
20213,4.47089,-0.07798,0.79533
20214,0.79309,0.05675,0.72552
20215,13.07410,-0.01337,0.03772
20216,12.10697,-0.01881,0.04613
20217,11.63991,-0.02201,0.05075
20218,11.74243,-0.02075,0.04899
20219,10.79227,-0.02785,0.05830
20220,-3.85867,0.07173,0.12498
20221,-0.90516,0.16442,0.77924
20222,-3.34973,0.01328,0.06639
20223,-3.01226,0.01430,0.07151
20224,-3.50439,0.00989,0.05737
20225,-3.20463,0.01624,0.07343
20226,-7.41361,-0.25057,0.48802
20227,-7.18671,-0.24242,0.49058
20228,-7.40427,-0.24869,0.49853
20229,-3.74351,-0.12329,0.71551
20230,-3.41427,-0.11288,0.72181
20231,-3.41343,-0.11584,0.73192
20232,-4.02320,-0.13001,0.70004
20233,-3.59282,-0.11659,0.70943
20234,0.85796,-0.01582,0.89149
20235,1.20292,-0.01807,0.89547
20236,1.29149,-0.01350,0.90556
20237,3.12941,0.11784,0.69976
20238,1.99013,0.11066,0.71829
20239,3.82161,0.12673,0.68984
20240,1.74738,0.10496,0.72080
20241,-12.53084,-0.29793,0.42161
20242,-12.72725,-0.30455,0.42716
20243,-12.31795,-0.29187,0.41460
20244,2.07423,-0.04063,0.13355
20245,1.20358,-0.04878,0.14997
20246,1.11283,-0.04776,0.15115
20247,1.83179,-0.04465,0.13893
20248,8.15339,0.27947,0.46535
20249,8.31473,0.28238,0.47987
20250,7.98009,0.27146,0.47730
20251,8.28441,0.28539,0.45761
20252,8.43112,0.28808,0.46979
20253,-11.75699,-0.35253,0.36628
20254,-11.70992,-0.35467,0.36581
20255,1.89148,0.04197,0.65309
20256,2.21449,0.04409,0.62836
20257,1.85884,0.03908,0.64282
20258,1.92978,0.04458,0.66073
20259,2.48920,0.04918,0.62726
20260,8.24420,0.22149,0.30343
20261,-3.59690,-0.12973,0.69527
20262,-3.50700,-0.13190,0.69803
20263,-4.47430,-0.13553,0.67962
20264,11.04736,0.36726,0.36611
20265,11.65944,0.37766,0.38348
20266,6.52927,0.25838,0.70324
20267,5.27268,0.23953,0.72033
20268,5.72496,0.24616,0.71519
20269,3.91578,0.22049,0.73675
20270,4.25085,0.22486,0.73398
20271,-9.92643,-0.31522,0.64531
20272,-10.30425,-0.32341,0.63742
20273,-9.38262,-0.30592,0.65634
20274,-10.73687,-0.33048,0.62765
20275,0.66827,0.01515,0.27770
20276,0.52218,0.01293,0.26076
20277,0.84260,0.01815,0.29006
20278,9.08357,-0.04188,0.07640
20279,9.97622,-0.03462,0.06806
20280,-4.30424,-0.07390,0.52551
20281,-4.36738,-0.07468,0.49971
20282,-4.64712,-0.07973,0.50535
20283,-3.96851,-0.06861,0.54338
20284,-4.00361,-0.06845,0.51972
20285,-2.15179,0.01710,0.91045
20286,-2.73942,0.01409,0.92196
20287,-2.27626,0.01238,0.92149
20288,-11.37021,-0.36869,0.36887
20289,-10.81318,-0.35842,0.35350
20290,-10.95480,-0.36294,0.35931
20291,0.87434,0.10451,0.19663
20292,1.02747,0.11050,0.20006
20293,0.51350,0.10015,0.18659
20294,-0.43342,0.00342,0.08675
20295,-0.32410,0.00355,0.09693
20296,-0.25925,0.00225,0.08959
20297,-0.32281,0.00488,0.10726
20298,-0.16775,0.00231,0.10449
20299,10.08680,0.35599,0.36363
20300,10.14632,0.35740,0.36885
20301,9.57593,0.34567,0.35188
20302,10.44241,0.36287,0.37175
20303,10.53612,0.36500,0.37772
20304,9.54514,0.29599,0.64838
20305,9.34903,0.29096,0.65089
20306,8.29686,0.27515,0.66873
20307,10.21692,0.30568,0.63502
20308,1.57782,0.03863,0.26397
20309,1.90351,0.04268,0.28265
20310,1.75142,0.04229,0.26641
20311,8.68240,-0.04480,0.08019
20312,9.13284,-0.04063,0.07593
20313,7.77745,-0.05280,0.08884
20314,13.30744,0.33274,0.52719
20315,13.52105,0.33818,0.51019
20316,13.27056,0.33468,0.53258
20317,13.51562,0.34059,0.51562
20318,-0.76421,0.08709,0.83819
20319,-0.70539,0.08163,0.84049
20320,0.25674,0.09751,0.82349
20321,5.32604,-0.10786,0.80083
20322,2.45917,-0.12785,0.77604
20323,2.47439,-0.13005,0.77692
20324,8.24929,-0.08794,0.82360
20325,5.23293,-0.10626,0.79967
20326,9.36317,-0.01626,0.88468
20327,7.16381,-0.02366,0.85622
20328,8.35589,-0.02141,0.86802
20329,10.58144,-0.01076,0.90606
20330,7.24171,-0.02062,0.86269
20331,-6.02493,0.02088,0.06320
20332,-5.46263,0.02726,0.07355
20333,8.37779,0.32026,0.32591
20334,7.76642,0.30709,0.31157
20335,8.06190,0.31367,0.31614
20336,11.23424,0.37531,0.45213
20337,10.98718,0.37141,0.43653
20338,10.96916,0.36991,0.44451
20339,5.61637,0.20277,0.71676
20340,5.46287,0.20268,0.72266
20341,-3.63438,-0.11535,0.68785
20342,-3.42241,-0.10987,0.70357
20343,2.18914,0.19642,0.74586
20344,1.65062,0.19171,0.75456
20345,1.81643,0.03618,0.63013
20346,1.44201,0.03069,0.64672
20347,1.48180,0.03363,0.65865
20348,-1.87346,0.10471,0.14507
20349,-2.61654,0.09359,0.13426
20350,-1.58871,0.11113,0.14966
20351,-1.60100,0.10748,0.14889
20352,-2.49137,0.09356,0.13554
20353,-10.00818,-0.33006,0.52533
20354,-10.05687,-0.33339,0.51248
20355,-10.20167,-0.33918,0.50331
20356,-9.90304,-0.33100,0.49761
20357,9.01298,0.28633,0.30228
20358,-2.23117,-0.18191,0.21232
20359,-3.48314,-0.11140,0.68752
20360,-3.49902,-0.10893,0.68492
20361,-4.72032,-0.12073,0.66119
20362,-2.62339,-0.09974,0.70017
20363,7.64953,0.24381,0.27982
20364,8.26714,0.25493,0.29071
20365,7.48656,0.24413,0.27638
20366,8.47370,0.25595,0.29507
20367,9.11930,0.26789,0.30725
20368,12.22909,0.30178,0.39765
20369,12.36639,0.29955,0.40763
20370,12.67467,0.30664,0.41996
20371,11.80920,0.29292,0.38387
20372,5.74568,0.26410,0.26830
20373,5.64698,0.26136,0.26801
20374,4.98949,0.24786,0.25491
20375,6.42811,0.27831,0.28264
20376,-3.89715,-0.22313,0.22298
20377,-0.73862,0.00146,0.04909
20378,-0.50074,0.00114,0.05226
20379,-0.58107,0.00078,0.04092
20380,-0.32036,0.00106,0.06174
20381,-0.29861,0.00052,0.04661
20382,-1.33449,0.03384,0.87857
20383,-1.68046,0.02755,0.88974
20384,-1.10183,0.03118,0.87757
20385,-6.19181,-0.25076,0.32151
20386,-5.75951,-0.24104,0.30796
20387,-5.67083,-0.23680,0.30906
20388,-5.56369,-0.23796,0.29996
20389,-5.26207,-0.22859,0.29519
20390,3.28647,-0.02427,0.90872
20391,8.85350,-0.03495,0.91295
20392,7.27148,-0.04317,0.90088
20393,8.65546,-0.03228,0.91586
20394,9.88524,-0.03245,0.91737
20395,7.59882,-0.04573,0.89879
20396,-3.46733,0.05989,0.11265
20397,-3.00568,0.06844,0.12128
20398,-2.67875,0.07107,0.12574
20399,-10.00314,-0.35196,0.34706
20400,-10.50916,-0.36213,0.36121
20401,-10.57625,-0.36241,0.36013
20402,-9.50341,-0.34254,0.33642
20403,-10.13328,-0.35534,0.35292
20404,0.20722,0.00752,0.36526
20405,-0.05021,-0.00201,0.36494
20406,0.11316,0.00399,0.37788
20407,7.51174,0.15927,0.34821
20408,6.88549,0.15217,0.32602
20409,6.85869,0.14918,0.33056
20410,7.78622,0.16527,0.35235
20411,7.24683,0.15876,0.33343
20412,-10.69484,0.02971,0.06131
20413,-11.02360,0.02713,0.05820
20414,-9.43258,0.03972,0.07294
20415,-11.84660,0.02186,0.05110
20416,-12.47150,0.01779,0.04545
20417,5.23357,0.10566,0.33830
20418,5.60842,0.10974,0.35756
20419,5.57601,0.11180,0.34487
20420,4.76997,0.09915,0.32208
20421,5.18849,0.10308,0.34477
20422,9.35448,0.20058,0.37653
20423,8.77457,0.19341,0.35475
20424,-2.23395,-0.03975,0.38792
20425,-1.97108,-0.03507,0.38557
20426,-2.01273,-0.03663,0.36678
20427,-2.40588,-0.04201,0.40922
20428,-2.12785,-0.03721,0.40513
20429,-1.42546,-0.04576,0.54659
20430,-1.79304,-0.05736,0.55280
20431,-7.72394,0.03655,0.08278
20432,-6.48010,0.04697,0.09611
20433,-7.86791,0.03452,0.08066
20434,-6.04341,0.04897,0.10001
20435,-0.08273,0.09326,0.17194
20436,0.12181,0.10056,0.17682
20437,-4.94487,-0.20890,0.23569
20438,-4.20890,-0.19602,0.22527
20439,-5.72207,-0.22262,0.24711
20440,-1.35196,0.05912,0.13842
20441,-0.90953,0.06435,0.14884
20442,-1.45666,0.05485,0.13459
20443,-1.52166,0.05920,0.13558
20444,12.94276,-0.00426,0.02497
20445,14.71291,-0.00110,0.01032
20446,14.39214,-0.00198,0.01541
20447,-0.99460,-0.02478,0.25927
20448,-1.23664,-0.02780,0.27961
20449,3.23668,-0.00352,0.03754
20450,2.86668,-0.00445,0.04428
20451,2.73438,-0.00614,0.05249
20452,2.57251,-0.00506,0.04966
20453,-10.73775,-0.36956,0.39406
20454,-11.12348,-0.37689,0.40879
20455,-10.98583,-0.37433,0.39844
20456,-10.87867,-0.37212,0.40382
20457,1.35444,0.08345,0.80690
20458,1.33475,0.08753,0.80775
20459,0.79868,0.07586,0.82085
20460,1.64028,0.08501,0.79841
20461,1.76259,0.09198,0.79644
20462,0.43572,0.02233,0.20417
20463,0.29822,0.01890,0.19765
20464,0.63955,0.02281,0.22178
20465,13.42479,0.34103,0.52608
20466,13.19425,0.33372,0.53763
20467,10.97318,0.35173,0.56817
20468,11.07928,0.35405,0.57081
20469,-4.12473,-0.13561,0.51793
20470,-4.06909,-0.13270,0.53226
20471,-3.96912,-0.13155,0.50290
20472,-3.67763,-0.12118,0.51083
20473,6.78639,0.21808,0.62073
20474,6.47408,0.20751,0.62457
20475,-4.37710,-0.23403,0.23087
20476,-5.35303,-0.25188,0.24550
20477,-3.60157,-0.22040,0.21990
20478,-7.62245,-0.26711,0.43507
20479,-7.70941,-0.26754,0.44794
20480,-7.96581,-0.27350,0.46305
20481,1.22148,-0.02152,0.13399
20482,1.58790,-0.01771,0.12086
20483,1.60045,-0.01574,0.11704
20484,2.21476,-0.01342,0.10129
20485,13.92487,-0.00206,0.01188
20486,13.32747,-0.00520,0.02147
20487,14.45511,-0.00204,0.01218
20488,-0.18357,-0.00577,0.56632
20489,0.33343,0.01055,0.56782
20490,0.38452,0.01792,0.20745
20491,0.52757,0.02107,0.21502
20492,0.26817,0.01872,0.19486
20493,-12.34640,-0.27784,0.52081
20494,-12.61273,-0.28623,0.50909
20495,-12.31243,-0.28042,0.53101
20496,-12.54971,-0.34968,0.57757
20497,-12.08116,-0.34152,0.59243
20498,-13.01538,-0.36089,0.56010
20499,0.21576,-0.01937,0.16448
20500,0.59364,-0.01384,0.14217
20501,0.49983,-0.01619,0.14940
20502,1.90529,-0.05189,0.12610
20503,2.19413,-0.04152,0.11509
20504,1.60644,-0.04978,0.12963
20505,6.95898,-0.06339,0.88057
20506,7.35512,-0.05668,0.88750
20507,8.80657,-0.04918,0.89707
20508,5.09439,-0.07967,0.86301
20509,5.55010,-0.07028,0.87176
20510,1.15834,0.12776,0.18637
20511,1.99331,0.13932,0.19759
20512,-0.69465,0.10691,0.16244
20513,0.11741,0.11507,0.17273
20514,-4.94195,-0.15741,0.59382
20515,-0.27770,-0.13226,0.17967
20516,-0.11334,-0.13276,0.17664
20517,0.14533,-0.12574,0.17218
20518,-4.80513,-0.17326,0.39785
20519,-4.82564,-0.17225,0.40788
20520,-5.12445,-0.18344,0.40614
20521,-4.60385,-0.16777,0.38739
20522,-4.55196,-0.16416,0.39663
20523,0.28168,0.02263,0.20945
20524,0.41118,0.02735,0.22162
20525,0.33884,0.02199,0.22332
20526,0.22957,0.02349,0.19897
20527,0.34624,0.02837,0.20850
20528,-2.29014,0.03187,0.10496
20529,-1.79115,0.03664,0.11702
20530,6.09023,-0.06420,0.09805
20531,6.98121,-0.05427,0.08834
20532,5.02567,-0.07747,0.11023
20533,5.77145,-0.06889,0.10213
20534,-5.98772,-0.23071,0.71823
20535,-5.41578,-0.22211,0.72887
20536,-5.82515,-0.22530,0.72089
20537,3.19130,-0.03816,0.80120
20538,3.50659,-0.03959,0.80357
20539,5.20723,-0.03016,0.83086
20540,1.63488,-0.04545,0.77494
20541,1.68273,-0.04797,0.77448
20542,9.36600,0.26684,0.63973
20543,8.59283,0.25370,0.65171
20544,9.76755,0.26978,0.63085
20545,4.41256,-0.02959,0.08202
20546,3.82755,-0.03742,0.09394
20547,4.54015,-0.03086,0.08247
20548,4.28288,-0.02859,0.08181
20549,3.73071,-0.03604,0.09350
20550,-2.91849,-0.08677,0.24228
20551,-3.32599,-0.09321,0.25119
20552,-3.70172,-0.09573,0.26391
20553,-3.95901,-0.10096,0.26798
20554,-1.32166,0.00588,0.06975
20555,-1.15810,0.00514,0.06965
20556,-0.18137,0.00240,0.12714
20557,-0.09377,0.00143,0.13115
20558,-0.07822,0.00246,0.14913
20559,-0.29423,0.00210,0.10802
20560,5.62646,0.24190,0.70953
20561,4.02251,0.22083,0.72943
20562,-1.84433,0.00737,0.08851
20563,-1.44283,0.01041,0.10780
20564,-1.81743,0.00944,0.09693
20565,-1.64061,0.00689,0.09016
20566,-1.30113,0.00946,0.10813
20567,1.84926,0.14196,0.19496
20568,3.06042,0.15737,0.21188
20569,3.08345,0.15932,0.21188
20570,3.60218,0.16354,0.21997
20571,-0.14687,-0.04836,0.18000
20572,0.10181,-0.04500,0.16806
20573,0.07990,-0.04197,0.16879
20574,-0.38845,-0.05514,0.19123
20575,-0.13367,-0.05179,0.17888
20576,9.15544,0.33661,0.34935
20577,8.65800,0.32606,0.33507
20578,3.83331,0.21805,0.22126
20579,3.30421,0.20984,0.21419
20580,2.79079,0.20037,0.20711
20581,4.22488,0.22611,0.22705
20582,-7.46369,-0.15898,0.60878
20583,-8.00549,-0.16769,0.59674
20584,-7.22901,-0.15941,0.61931
20585,10.73264,0.36668,0.42471
20586,10.90818,0.37090,0.42454
20587,10.73201,0.36583,0.43100
20588,10.46829,0.36090,0.41807
20589,-6.49558,0.06847,0.10037
20590,-6.49688,0.06839,0.10017
20591,-7.68571,0.05562,0.08831
20592,-5.33153,0.08203,0.11222
20593,-6.15017,-0.20059,0.26011
20594,8.45609,0.17574,0.58827
20595,7.91866,0.17119,0.60750
20596,8.74901,0.18248,0.58504
20597,8.20859,0.17002,0.59045
20598,7.54992,0.16367,0.61246
20599,4.14362,0.15890,0.74480
20600,4.65036,0.17164,0.73322
20601,4.33355,0.16773,0.74292
20602,4.03924,0.15217,0.74435
20603,4.56905,0.16644,0.73243
20604,6.94619,0.24641,0.69634
20605,7.35624,0.25415,0.68532
20606,6.83465,0.24613,0.70021
20607,-3.63847,-0.06288,0.54879
20608,-3.82868,-0.06508,0.49995
20609,5.89750,0.22799,0.24955
20610,4.95261,0.21270,0.23545
20611,5.33304,0.22079,0.24095
20612,-1.55415,-0.05937,0.34330
20613,8.40468,0.15626,0.50430
20614,8.49370,0.15914,0.51684
20615,8.72448,0.16449,0.51395
20616,-3.07450,-0.20265,0.73273
20617,-1.45389,-0.18456,0.74912
20618,-2.61471,-0.19603,0.73662
20619,-3.39785,-0.20775,0.73050
20620,-1.37922,-0.18480,0.75094
20621,-3.46652,-0.12818,0.74932
20622,-3.84597,-0.13706,0.73802
20623,-3.52784,-0.12580,0.74251
20624,-3.22234,-0.12550,0.75898
20625,-3.68572,-0.13644,0.74658
20626,7.60038,0.27611,0.68830
20627,8.10636,0.28458,0.67948
20628,6.90077,0.26440,0.69989
20629,-1.37775,-0.04245,0.64605
20630,-1.84082,-0.05682,0.64564
20631,0.99416,-0.00794,0.08737
20632,1.21152,-0.00684,0.07676
20633,1.06500,-0.00550,0.07406
20634,1.20899,-0.00932,0.08624
20635,-5.98869,-0.11407,0.37797
20636,-6.02925,-0.11230,0.39449
20637,-5.67638,-0.10801,0.37333
20638,-6.24331,-0.11897,0.38275
20639,-6.32907,-0.11837,0.39783
20640,9.79549,0.21893,0.36911
20641,9.86059,0.21627,0.37760
20642,10.24616,0.22338,0.38901
20643,-5.39330,-0.25834,0.25753
20644,-6.09979,-0.27288,0.27088
20645,-6.30656,-0.27725,0.27331
20646,-5.46269,-0.25942,0.26009
20647,7.66088,0.25969,0.48260
20648,7.63620,0.25678,0.49606
20649,7.77939,0.25992,0.50811
20650,7.45343,0.24937,0.50459
20651,-10.86967,0.06067,0.88637
20652,-11.23653,0.05587,0.89171
20653,8.61970,0.27979,0.59236
20654,8.58728,0.27854,0.60384
20655,8.34343,0.27047,0.60724
20656,-10.08842,-0.20078,0.45314
20657,-10.12617,-0.19968,0.48168
20658,1.41897,0.02970,0.30009
20659,6.85508,0.19069,0.28209
20660,7.54224,0.19795,0.29800
20661,7.83233,0.20531,0.30169
20662,5.88495,0.17665,0.26385
20663,6.55268,0.18320,0.27813
20664,-4.92750,0.12769,0.80865
20665,-2.19304,0.15178,0.78688
20666,-2.06971,0.15221,0.78428
20667,-7.14348,0.11039,0.82615
20668,-4.60888,0.13041,0.80774
20669,8.60106,0.25883,0.29737
20670,8.97055,0.26705,0.30405
20671,7.82498,0.24915,0.28247
20672,9.10059,0.26379,0.30797
20673,9.66250,0.27525,0.31896
20674,3.32493,-0.01685,0.83567
20675,3.61584,-0.01330,0.84990
20676,2.31893,-0.01802,0.81710
20677,4.55010,-0.01462,0.85644
20678,-2.90018,-0.06262,0.64626
20679,-3.15690,-0.06344,0.62830
20680,-3.66887,-0.07062,0.61309
20681,-2.19375,-0.05590,0.67385
20682,-2.56522,-0.05679,0.65291
20683,4.52074,0.17567,0.23393
20684,4.71922,0.17603,0.23762
20685,5.54802,0.18909,0.25057
20686,0.02663,0.10260,0.74597
20687,2.20211,0.11944,0.71699
20688,1.12357,0.10772,0.73109
20689,1.53998,0.11722,0.72685
20690,-4.41254,-0.15674,0.41051
20691,-11.13219,-0.35191,0.59741
20692,-11.17695,-0.35409,0.59030
20693,-4.50693,-0.17262,0.35029
20694,-4.73062,-0.18084,0.35211
20695,-4.55217,-0.17153,0.36085
20696,-6.35439,-0.13302,0.33734
20697,-6.21872,-0.13356,0.32677
20698,-6.30993,-0.13708,0.32388
20699,-0.75556,0.16289,0.78775
20700,2.40778,0.19915,0.75737
20701,-6.07236,-0.18018,0.66947
20702,-5.40142,-0.16998,0.67825
20703,-4.16357,-0.16036,0.69729
20704,5.87149,0.26774,0.26114
20705,4.98625,0.25005,0.24598
20706,5.72831,0.26452,0.25766
20707,5.99242,0.27041,0.26422
20708,5.06907,0.25184,0.24831
20709,0.41966,-0.00244,0.07765
20710,0.24472,-0.00121,0.07281
20711,0.24285,-0.00189,0.08648
20712,0.58037,-0.00263,0.07019
20713,0.44842,-0.00157,0.06312
20714,-4.19821,-0.08000,0.60524
20715,-4.64078,-0.08666,0.59394
20716,-4.09455,-0.08122,0.62067
20717,-4.23993,-0.07893,0.59427
20718,-1.52281,0.07286,0.14090
20719,-1.58228,0.07483,0.14071
20720,-1.00687,0.08298,0.15212
20721,-2.11403,0.06224,0.12825
20722,-2.14213,0.06461,0.12898
20723,-9.12306,-0.17592,0.52567
20724,-8.69009,-0.16726,0.54126
20725,-9.07975,-0.17332,0.51296
20726,-9.18500,-0.17890,0.53341
20727,-8.72203,-0.17106,0.55413
20728,0.15395,0.00583,0.34702
20729,0.26532,0.01025,0.33449
20730,0.43088,0.01643,0.34267
20731,-0.11712,-0.00444,0.34493
20732,11.21456,-0.02022,0.05356
20733,11.95139,-0.01561,0.04639
20734,9.70008,-0.03011,0.06794
20735,4.94341,0.19841,0.32572
20736,4.81954,0.19784,0.31575
20737,4.99669,0.19723,0.33393
20738,4.62653,0.18761,0.32050
20739,-3.54951,-0.21606,0.23162
20740,-4.25955,-0.23125,0.24382
20741,-3.54524,-0.21711,0.23059
20742,-4.24337,-0.22973,0.24471
20743,-9.73794,0.02827,0.06634
20744,-10.75355,0.02192,0.05669
20745,-11.07814,0.01967,0.05369
20746,-8.98921,0.03389,0.07364
20747,-0.81980,-0.01381,0.53519
20748,-0.99885,-0.01667,0.51694
20749,-1.13744,-0.01915,0.53720
20750,-0.72939,-0.01232,0.51201
20751,12.75566,0.31020,0.54388
20752,13.15029,0.31888,0.52283
20753,12.53991,0.30875,0.55603
20754,13.04746,0.31996,0.53462
20755,-11.74682,-0.31826,0.59604
20756,-11.39044,-0.30794,0.60356
20757,-12.01540,-0.32602,0.58989
20758,-11.34914,-0.31408,0.60701
20759,-12.53204,-0.36578,0.57615
20760,-12.00499,-0.35281,0.59435
20761,-12.35313,-0.35864,0.58366
20762,5.66151,0.20388,0.40116
20763,5.96222,0.21412,0.40442
20764,-3.69598,0.10124,0.12842
20765,-4.54804,0.08988,0.11894
20766,-3.62475,0.10275,0.12947
20767,-3.96499,0.09690,0.12507
20768,-4.99959,0.08332,0.11360
20769,13.23371,0.32111,0.45040
20770,13.28160,0.32604,0.44704
20771,13.36481,0.32400,0.46454
20772,-5.76990,0.07400,0.10822
20773,-4.60583,0.08747,0.12018
20774,-5.15452,0.08137,0.11449
20775,-4.68423,0.08601,0.11935
20776,-11.71834,0.04242,0.90702
20777,-14.02855,0.03266,0.92024
20778,-14.39368,0.02760,0.92721
20779,8.99144,0.27626,0.30272
20780,8.57841,0.26719,0.29512
20781,9.41657,0.28042,0.31160
20782,-8.67295,0.08445,0.82685
20783,-13.19633,0.05889,0.85892
20784,-13.48702,0.05855,0.86092
20785,-22.89956,0.02566,0.92812
20786,-19.56046,0.03760,0.91061
20787,-27.20212,0.01389,0.94935
20788,-27.04726,0.01347,0.95051
20789,0.83748,0.02729,0.74483
20790,1.06172,0.03381,0.73087
20791,0.44868,0.01464,0.74706
20792,-2.98570,-0.06498,0.29617
20793,-2.57070,-0.06012,0.27714
20794,-3.22716,-0.06680,0.31294
20795,-2.85038,-0.06167,0.29701
20796,11.43094,-0.03876,0.86147
20797,5.95944,0.25535,0.29660
20798,5.40993,0.24247,0.28373
20799,5.51501,0.24657,0.28375
20800,6.34139,0.26292,0.30852
20801,0.79786,0.05905,0.21520
20802,0.58099,0.05280,0.20430
20803,0.59130,0.05678,0.20213
20804,0.70723,0.05339,0.21381
20805,13.01257,-0.01120,0.03396
20806,12.24499,-0.01477,0.04024
20807,14.36486,-0.00571,0.02281
20808,-6.45959,-0.21651,0.49844
20809,-6.45558,-0.21215,0.53540
20810,-8.65426,-0.28197,0.57266
20811,-8.46538,-0.27605,0.56942
20812,-8.37937,-0.27242,0.58144
20813,-8.95381,-0.29259,0.56093
20814,-8.66822,-0.28353,0.55914
20815,-2.67933,0.05324,0.11673
20816,-2.08518,0.06159,0.12849
20817,-2.94735,0.05222,0.11328
20818,-2.23538,0.06185,0.12671
20819,-3.50063,-0.15019,0.29723
20820,-3.81854,-0.15886,0.30864
20821,-10.62904,-0.21552,0.45961
20822,-10.45084,-0.21221,0.44601
20823,-10.56490,-0.21788,0.43417
20824,-10.58141,-0.21270,0.48146
20825,-10.38176,-0.20752,0.46823
20826,4.99307,0.08930,0.56263
20827,4.94024,0.09043,0.57898
20828,5.37526,0.09622,0.55693
20829,4.54160,0.08644,0.60182
20830,5.16317,0.09529,0.58213
20831,9.42030,0.18267,0.45509
20832,9.29141,0.18270,0.43044
20833,9.13320,0.17706,0.43995
20834,9.59632,0.18855,0.44473
20835,2.49727,-0.01691,0.10444
20836,1.77203,-0.02233,0.12397
20837,2.87581,-0.05856,0.13176
20838,2.14584,-0.06350,0.14121
20839,3.70176,-0.05017,0.12029
20840,2.94602,-0.05952,0.13137
20841,13.68212,0.38180,0.45194
20842,13.63414,0.38442,0.44941
20843,13.40849,0.38057,0.43191
20844,13.79907,0.38071,0.46612
20845,-1.73417,0.11305,0.14895
20846,-1.18463,0.12082,0.15672
20847,-2.38353,0.10114,0.13930
20848,-1.69934,0.11520,0.14975
20849,-0.96033,0.12679,0.16035
20850,-2.58303,0.06532,0.12411
20851,-2.83982,0.06417,0.12081
20852,-2.30139,0.06710,0.12815
20853,-3.07498,0.05564,0.11383
20854,1.86525,-0.02943,0.10905
20855,2.19963,-0.02388,0.09717
20856,1.81355,-0.02705,0.10727
20857,1.88058,-0.03263,0.11199
20858,2.35671,-0.02507,0.09648
20859,1.81715,-0.03857,0.78291
20860,3.79447,-0.02862,0.82013
20861,2.33421,-0.03290,0.79574
20862,2.63656,-0.03718,0.79589
20863,-1.52604,-0.02758,0.37048
20864,-1.26708,-0.02325,0.35677
20865,13.04812,0.38121,0.41638
20866,13.35559,0.38502,0.43239
20867,13.19007,0.38078,0.42176
20868,11.89091,0.30821,0.37757
20869,11.66634,0.30758,0.36912
20870,12.33258,0.31416,0.39382
20871,12.23647,0.31647,0.38776
20872,0.72121,0.15130,0.79590
20873,1.06457,0.15274,0.79329
20874,2.01611,0.16760,0.78027
20875,-0.80341,-0.10581,0.73541
20876,0.69786,-0.09306,0.75448
20877,-2.19675,-0.11867,0.71669
20878,4.19180,0.14611,0.43053
20879,4.34972,0.15031,0.44188
20880,4.03624,0.13938,0.44124
20881,4.32971,0.15243,0.41955
20882,-13.73030,-0.39269,0.49677
20883,-13.69709,-0.39580,0.47936
20884,-13.65067,-0.38756,0.51553
20885,10.47959,0.36326,0.39998
20886,-2.71501,-0.08741,0.23517
20887,-3.19640,-0.09138,0.24896
20888,5.94733,0.20370,0.70010
20889,6.43551,0.21533,0.68392
20890,5.59364,0.19269,0.70653
20891,-1.77476,-0.13501,0.21671
20892,-2.40282,-0.14785,0.23347
20893,-1.39024,-0.12441,0.20791
20894,-12.89874,-0.39851,0.50441
20895,-12.90561,-0.40062,0.48987
20896,8.19007,0.20476,0.31441
20897,7.41968,0.19294,0.29775
20898,8.09638,0.20009,0.31512
20899,-6.35022,-0.27575,0.28421
20900,-6.43363,-0.27816,0.28439
20901,-5.77208,-0.26380,0.27146
20902,-6.85356,-0.28617,0.29637
20903,-7.13729,-0.29317,0.29998
20904,6.83235,-0.01063,0.05673
20905,-5.91858,0.06233,0.09823
20906,-5.82113,0.06220,0.09861
20907,-7.03757,0.04836,0.08459
20908,-4.66404,0.07789,0.11296
20909,3.83108,0.21415,0.24281
20910,-1.15671,0.00419,0.06376
20911,-1.20189,0.00558,0.07064
20912,-0.97641,0.00591,0.07853
20913,-1.35082,0.00283,0.05005
20914,-1.40627,0.00418,0.05858
20915,-6.94343,-0.27724,0.26917
20916,-5.94579,-0.25870,0.25296
20917,-6.25164,-0.26570,0.25836
20918,-7.53058,-0.28683,0.27870
20919,9.54223,0.21221,0.36543
20920,9.83060,0.21343,0.38088
20921,8.89685,0.20287,0.34580
20922,9.33558,0.20547,0.36513
20923,4.85614,0.19642,0.32221
20924,4.58455,0.19107,0.30955
20925,4.94635,0.20206,0.31795
20926,4.72125,0.18995,0.32440
20927,4.46179,0.18520,0.31084
20928,0.09686,0.15952,0.79277
20929,0.61677,0.04821,0.21162
20930,0.46019,0.04688,0.19967
20931,2.73623,-0.00060,0.01518
20932,2.46173,-0.00152,0.02723
20933,2.79179,-0.00140,0.02443
20934,-14.68013,0.05481,0.89098
20935,-12.37322,0.06644,0.87843
20936,-16.64043,0.04624,0.90099
20937,-19.03539,0.03450,0.91651
20938,-10.35891,-0.24118,0.36755
20939,-9.87591,-0.23593,0.35088
20940,-7.66758,0.00292,0.02900
20941,-6.93573,0.00578,0.04340
20942,-8.14904,0.00262,0.02649
20943,-7.16442,0.00326,0.03173
20944,-6.50139,0.00621,0.04644
20945,-2.67775,-0.14483,0.20820
20946,-1.50362,-0.12987,0.19175
20947,-2.08108,-0.13950,0.19938
20948,-3.13271,-0.14889,0.21530
20949,-2.10029,-0.13545,0.20034
20950,-12.83341,-0.30358,0.52936
20951,-13.12923,-0.31200,0.51263
20952,-12.88853,-0.30864,0.53269
20953,-12.75604,-0.29854,0.52708
20954,4.25265,0.13673,0.69183
20955,4.19461,0.13326,0.67992
20956,1.37064,0.04491,0.50707
20957,1.31011,0.04269,0.51650
20958,0.96344,0.03148,0.50929
20959,0.96705,0.03134,0.52449
20960,5.20913,0.17316,0.50375
20961,5.10223,0.17049,0.49443
20962,5.39982,0.18048,0.49562
20963,4.82703,0.16200,0.48574
20964,5.19556,0.17483,0.48356
20965,0.09535,0.00610,0.22546
20966,0.06631,0.00371,0.23937
20967,-1.95247,0.05704,0.14211
20968,-2.95522,0.04818,0.12715
20969,-2.63255,0.04946,0.13128
20970,-1.42350,0.06353,0.15057
20971,-2.74353,0.05184,0.13096
20972,-12.02723,-0.26631,0.52537
20973,-12.31487,-0.27301,0.50635
20974,-12.22233,-0.27289,0.52138
20975,-12.09694,-0.26529,0.51192
20976,13.02795,0.40058,0.45212
20977,13.19037,0.40102,0.45938
20978,12.86128,0.39984,0.44653
20979,12.75539,0.39760,0.43520
20980,3.59282,0.16343,0.28101
20981,3.58404,0.16643,0.27616
20982,3.36508,0.11923,0.69583
20983,1.51053,0.10201,0.72403
20984,-0.10439,-0.05878,0.74154
20985,0.58123,-0.05234,0.75495
20986,-1.10319,-0.06821,0.72168
20987,0.81058,-0.05658,0.75833
20988,-3.21064,-0.11027,0.44615
20989,-3.28261,-0.11193,0.45599
20990,-3.59153,-0.12318,0.44910
20991,6.09779,0.19781,0.66574
20992,6.11655,0.19999,0.67346
20993,5.70750,0.18662,0.68037
20994,6.48655,0.21025,0.65729
20995,-0.41626,-0.03247,0.19296
20996,-0.30057,-0.03294,0.18765
20997,-0.71417,-0.03694,0.20423
20998,-0.13153,-0.02865,0.18152
20999,0.08301,-0.02833,0.17284
21000,11.64945,0.35549,0.59951
21001,11.73831,0.35911,0.59474
21002,12.19712,0.36894,0.57931
21003,11.08560,0.34231,0.61676
21004,11.08956,0.34389,0.61551
21005,1.53349,-0.08761,0.14541
21006,1.29285,-0.08928,0.14923
21007,2.09064,-0.07707,0.13482
21008,-1.80452,0.12967,0.15104
21009,-0.97454,0.14230,0.16067
21010,-3.14391,-0.16047,0.21274
21011,-2.05632,-0.14753,0.19746
21012,-3.57141,-0.16864,0.21836
21013,-1.79294,-0.14134,0.19433
21014,12.85621,0.38648,0.54469
21015,-9.26519,0.01153,0.03993
21016,-10.48355,0.00526,0.02527
21017,-9.95106,0.00844,0.03291
21018,-9.48759,0.00945,0.03577
21019,-8.53111,-0.32198,0.34168
21020,-8.51922,-0.32107,0.34444
21021,-8.04300,-0.31152,0.32757
21022,-8.11438,-0.31232,0.33263
21023,-2.18663,-0.04695,0.64892
21024,-2.53552,-0.05254,0.64027
21025,-2.01595,-0.04815,0.66600
21026,-3.02078,-0.05841,0.62015
21027,-2.50001,-0.05449,0.65035
21028,-10.42633,-0.33809,0.33525
21029,-9.71969,-0.32422,0.31922
21030,-3.43280,0.01664,0.09259
21031,-2.64876,0.02067,0.10821
21032,-4.10707,0.01374,0.08072
21033,12.34385,-0.07059,0.85299
21034,12.33382,-0.06913,0.85282
21035,9.16769,-0.08773,0.83098
21036,15.90824,-0.05382,0.87579
21037,16.08397,-0.05190,0.87679
21038,9.63274,0.24187,0.61772
21039,10.40061,0.25071,0.59881
21040,9.48761,0.23646,0.61823
21041,9.79363,0.24734,0.61645
21042,10.48531,0.25557,0.59974
21043,-9.25296,-0.30028,0.59312
21044,-9.04756,-0.29381,0.59214
21045,-8.91577,-0.28935,0.60534
21046,-9.53285,-0.30964,0.58042
21047,-9.29036,-0.30208,0.58055
21048,11.51470,0.24141,0.49143
21049,11.28305,0.23526,0.50819
21050,11.38615,0.23905,0.51171
21051,11.51092,0.24185,0.47029
21052,11.31578,0.23489,0.49172
21053,-9.75338,-0.29744,0.31677
21054,-10.21568,-0.30246,0.32705
21055,-8.83479,-0.28191,0.29855
21056,0.37973,-0.00080,0.06965
21057,0.57807,-0.00069,0.05414
21058,0.60584,-0.00142,0.07237
21059,-7.96990,-0.30234,0.35086
21060,-8.43088,-0.31339,0.36357
21061,-8.09425,-0.30685,0.34934
21062,-7.77259,-0.29614,0.34979
21063,-8.32793,-0.30921,0.36642
21064,7.19183,0.23330,0.57315
21065,7.17864,0.23394,0.55973
21066,-6.01315,-0.23808,0.33340
21067,-5.66484,-0.22712,0.32709
21068,-6.08359,-0.23751,0.34120
21069,0.93974,-0.04465,0.76393
21070,0.41465,-0.05059,0.75222
21071,2.33588,-0.03903,0.78980
21072,0.56724,-0.04419,0.75678
21073,-0.62798,-0.05428,0.72885
21074,2.13745,0.06721,0.69258
21075,1.41988,-0.13012,0.15498
21076,0.23603,-0.15027,0.17087
21077,2.28623,-0.11569,0.14367
21078,1.68610,-0.12471,0.15138
21079,8.95268,0.17069,0.45639
21080,8.71714,0.16467,0.45955
21081,8.72527,0.16688,0.43981
21082,-0.98893,-0.17545,0.18532
21083,-1.09065,-0.17693,0.18641
21084,0.05138,-0.15800,0.17201
21085,-2.07248,-0.19409,0.19954
21086,6.14626,-0.07228,0.10427
21087,7.46783,-0.05800,0.09105
21088,5.21618,-0.08312,0.11381
21089,5.44778,-0.08013,0.11148
21090,11.37158,-0.07372,0.84645
21091,10.86554,-0.07450,0.84286
21092,11.65908,-0.07367,0.84854
21093,15.82209,-0.05263,0.87551
21094,2.71066,0.17417,0.22959
21095,3.52919,0.19518,0.24557
21096,3.39585,0.18998,0.24421
21097,-8.06091,0.09279,0.85243
21098,-10.07826,0.07972,0.86495
21099,-8.89378,0.08960,0.85458
21100,-14.05109,0.06514,0.87484
21101,-14.89019,0.05983,0.88174
21102,-11.48487,0.07968,0.85942
21103,-17.59405,0.04735,0.89615
21104,4.21672,-0.03342,0.90206
21105,3.73629,-0.03180,0.90158
21106,4.64827,-0.03428,0.90297
21107,-2.69344,0.03037,0.11894
21108,1.67913,0.17471,0.20108
21109,1.06063,0.16187,0.19113
21110,2.48891,0.19036,0.21502
21111,1.74966,0.17431,0.20279
21112,6.84071,0.22515,0.53362
21113,7.21599,0.23828,0.52887
21114,6.53738,0.21443,0.53818
21115,6.62217,0.21846,0.52698
21116,-1.57836,0.00092,0.02640
21117,-1.52522,0.00016,0.00924
21118,-4.03611,0.04288,0.11416
21119,-4.29191,0.04235,0.11152
21120,8.45119,0.31460,0.36013
21121,8.17015,0.30937,0.34782
21122,8.69571,0.32140,0.36290
21123,-12.06243,0.01876,0.04972
21124,-12.22950,0.01805,0.04836
21125,-13.65386,0.01108,0.03643
21126,-10.42886,0.02851,0.06389
21127,-10.40105,0.02922,0.06440
21128,1.69891,0.05985,0.76222
21129,1.88173,0.06719,0.76288
21130,1.58319,0.05965,0.77573
21131,1.76888,0.05966,0.74951
21132,2.01209,0.06901,0.75192
21133,3.40975,-0.10339,0.13073
21134,2.50436,-0.11666,0.14154
21135,2.33454,-0.11979,0.14374
21136,4.39864,-0.08897,0.11896
21137,3.22625,-0.10523,0.13262
21138,1.86182,-0.03578,0.11547
21139,1.54554,-0.04152,0.12546
21140,2.01045,-0.03650,0.11373
21141,0.63670,-0.00583,0.09211
21142,0.60125,-0.00828,0.10514
21143,0.84264,-0.00714,0.08965
21144,0.48571,-0.00427,0.09081
21145,0.43141,-0.00603,0.10552
21146,3.00551,-0.11087,0.13729
21147,4.19245,-0.09536,0.12458
21148,4.15449,-0.09613,0.12491
21149,2.07325,-0.12325,0.14757
21150,3.46966,-0.10419,0.13230
21151,-13.01474,-0.32755,0.42170
21152,-13.14999,-0.33214,0.42656
21153,-6.73608,-0.28485,0.27531
21154,-6.51882,-0.28003,0.27048
21155,-5.22891,0.02028,0.08309
21156,-5.37239,0.02073,0.08282
21157,-6.26273,0.01497,0.06835
21158,-4.46252,0.02605,0.09618
21159,-1.10657,-0.02477,0.65898
21160,-1.08155,-0.02655,0.67190
21161,-0.72559,-0.02159,0.69216
21162,13.37851,0.36428,0.42737
21163,13.47165,0.36164,0.43378
21164,4.39238,0.14131,0.55953
21165,4.06877,0.13091,0.55609
21166,4.37948,0.14170,0.54707
21167,4.18097,0.13376,0.56981
21168,10.70446,0.36810,0.37880
21169,10.68906,0.36813,0.38215
21170,10.28722,0.36006,0.36817
21171,11.09647,0.37528,0.38910
21172,11.19892,0.37772,0.39710
21173,6.03792,0.23088,0.71703
21174,6.24593,0.23174,0.71175
21175,1.10055,-0.10598,0.15551
21176,1.61172,-0.09882,0.14725
21177,-0.34972,-0.02430,0.21935
21178,-0.27904,-0.01875,0.22168
21179,11.45425,0.28212,0.58445
21180,11.97761,0.29303,0.57046
21181,10.59723,0.26976,0.60676
21182,11.48889,0.28650,0.58656
21183,3.79297,-0.00891,0.86958
21184,3.13101,-0.01259,0.84549
21185,3.55312,-0.00700,0.87758
21186,2.67606,-0.01130,0.84307
21187,3.62417,-0.08731,0.12395
21188,4.36106,-0.07752,0.11469
21189,4.45134,-0.07499,0.11293
21190,10.17366,-0.05979,0.88741
21191,7.85481,-0.07534,0.87066
21192,13.81728,0.38528,0.47382
21193,13.71091,0.38538,0.45749
21194,13.81331,0.38331,0.46825
21195,13.77244,0.38782,0.46853
21196,-3.07793,-0.18169,0.76641
21197,-1.91513,-0.16313,0.78308
21198,-2.38811,-0.17429,0.77498
21199,-3.01294,-0.17753,0.76834
21200,-1.69001,0.12213,0.76695
21201,-1.46063,0.12648,0.76499
21202,0.40384,0.13981,0.74604
21203,-3.85185,0.10513,0.78701
21204,-10.23660,0.01955,0.04884
21205,-10.90206,0.01456,0.04120
21206,-11.64160,0.01049,0.03384
21207,-9.16927,0.02804,0.06044
21208,-9.45550,0.02476,0.05651
21209,4.46083,-0.03956,0.89638
21210,3.47026,-0.04912,0.88248
21211,0.16521,0.01427,0.20573
21212,0.08065,0.00921,0.19551
21213,0.26859,0.01964,0.21502
21214,-5.83841,0.01314,0.06723
21215,-7.01250,0.00838,0.05017
21216,1.28739,0.15937,0.19638
21217,0.90350,0.15010,0.18999
21218,2.08955,0.17557,0.21071
21219,1.68717,0.16507,0.20409
21220,-2.63827,-0.08610,0.69190
21221,-3.31590,-0.08966,0.67441
21222,-1.31660,-0.07528,0.71893
21223,11.59797,0.28584,0.38005
21224,12.08321,0.29265,0.39856
21225,8.14959,0.28631,0.42996
21226,8.06724,0.28179,0.43757
21227,7.81364,0.27594,0.42416
21228,8.19921,0.28325,0.45275
21229,7.78310,0.27241,0.43554
21230,2.70563,0.14754,0.71632
21231,3.21827,0.14946,0.70905
21232,4.48069,0.16312,0.69271
21233,4.65376,0.16148,0.68890
21234,-7.88314,-0.29910,0.28767
21235,-8.80535,-0.31674,0.30522
21236,-8.39480,-0.30736,0.29636
21237,-9.39867,0.02103,0.05300
21238,-10.44318,0.01420,0.04211
21239,10.52487,-0.02279,0.05964
21240,11.04450,-0.02026,0.05527
21241,9.19247,-0.03176,0.07241
21242,12.17587,-0.01388,0.04450
21243,-3.56368,-0.11929,0.72460
21244,-2.78719,-0.09919,0.75152
21245,2.11643,0.03797,0.38096
21246,2.22086,0.04051,0.36819
21247,2.18352,0.03840,0.39930
21248,2.35171,0.04183,0.38944
21249,3.08407,0.17711,0.24110
21250,3.29975,0.17896,0.24845
21251,2.68369,0.16608,0.23303
21252,4.82868,-0.07223,0.10930
21253,5.97528,-0.05766,0.09521
21254,5.19776,-0.06616,0.10404
21255,4.43006,-0.07865,0.11475
21256,5.40988,-0.06607,0.10285
21257,-4.11716,0.02074,0.91860
21258,-5.45942,-0.25970,0.25801
21259,-5.94363,-0.26962,0.26743
21260,-5.14106,-0.25298,0.25327
21261,-10.07762,-0.33885,0.48114
21262,-9.88366,-0.33314,0.48002
21263,-10.06747,-0.33640,0.49396
21264,-9.94412,-0.33664,0.47069
21265,-3.37518,0.10283,0.13359
21266,-4.76146,0.08596,0.11906
21267,-4.09610,0.09323,0.12593
21268,-2.76855,0.11131,0.14015
21269,-4.19308,0.09333,0.12497
21270,-14.76136,0.00500,0.02291
21271,-13.22675,0.01048,0.03601
21272,-15.32333,0.00308,0.01709
21273,-13.42471,0.00912,0.03340
21274,9.85992,0.34786,0.39720
21275,10.05233,0.35271,0.39933
21276,10.19972,0.35469,0.41164
21277,8.03114,-0.00700,0.03273
21278,7.34880,-0.01012,0.04120
21279,7.22874,-0.01224,0.04545
21280,8.20174,-0.00519,0.02779
21281,-2.45546,0.06859,0.77845
21282,-0.34831,0.08352,0.75027
21283,-4.41154,0.05586,0.80313
21284,10.23500,0.28313,0.62519
21285,10.17493,0.27978,0.62502
21286,11.13678,0.29667,0.60533
21287,-7.89549,0.06486,0.82556
21288,-5.81555,0.07497,0.80731
21289,-8.18210,0.06076,0.82921
21290,-5.14539,0.07653,0.80150
21291,10.59259,0.33846,0.60869
21292,10.46458,0.33491,0.61665
21293,10.94134,0.34804,0.59382
21294,4.90697,0.16931,0.44630
21295,5.15298,0.17828,0.44386
21296,-6.76897,0.06196,0.09863
21297,-6.94731,0.05972,0.09682
21298,-8.26876,0.04803,0.08418
21299,-0.03728,-0.05918,0.17441
21300,-0.36373,-0.06444,0.18726
21301,-0.08468,-0.05562,0.17636
21302,-1.70469,-0.15386,0.19219
21303,-1.40939,-0.14815,0.18849
21304,-0.32046,-0.13522,0.17488
21305,-2.73427,-0.16723,0.20572
21306,1.86817,0.16323,0.20945
21307,1.18002,0.14999,0.19619
21308,1.51776,0.15854,0.20209
21309,0.57013,0.13723,0.18501
21310,0.63144,0.14095,0.18590
21311,9.05187,0.30274,0.66277
21312,10.78288,0.35991,0.47747
21313,11.07445,0.36311,0.50689
21314,0.83848,0.08358,0.18814
21315,-0.12411,0.07753,0.17149
21316,4.16880,0.16345,0.69816
21317,5.63142,0.18011,0.67854
21318,-13.31794,-0.40196,0.46970
21319,-13.13828,-0.40119,0.45367
21320,-13.41238,-0.40127,0.48336
21321,-0.32559,0.03573,0.85827
21322,-0.66888,0.03472,0.86669
21323,-0.78686,0.02919,0.87367
21324,4.14029,0.14777,0.40412
21325,4.28150,0.15395,0.39717
21326,4.48622,0.15951,0.40910
21327,3.96139,0.14370,0.38785
21328,5.71946,-0.07048,0.10877
21329,6.00407,-0.06689,0.10579
21330,4.23272,-0.08706,0.12408
21331,4.43290,-0.08355,0.12184
21332,-0.31704,-0.01562,0.81329
21333,-0.15720,-0.00769,0.81266
21334,0.77146,0.01313,0.55319
21335,0.39738,0.00682,0.51723
21336,0.17389,-0.00042,0.87802
21337,-0.29761,0.00049,0.87992
21338,0.62541,-0.00061,0.90958
21339,-0.15044,0.00010,0.91522
21340,7.30547,-0.02496,0.92299
21341,-9.91500,0.01252,0.04010
21342,-11.32390,0.00383,0.01980
21343,14.70135,-0.00585,0.02291
21344,14.47874,-0.00614,0.02347
21345,15.78772,-0.00203,0.01158
21346,13.59093,-0.01059,0.03271
21347,13.01235,-0.01316,0.03749
21348,3.20322,0.10744,0.47758
21349,2.92861,0.09895,0.46569
21350,3.30798,0.11196,0.46453
21351,3.07176,0.10228,0.48838
21352,2.82497,0.09459,0.47872
21353,1.47427,-0.02631,0.13497
21354,0.97614,-0.02874,0.14738
21355,1.52452,-0.02374,0.13143
21356,1.18563,-0.03064,0.14402
21357,0.58724,-0.03368,0.15911
21358,-3.91575,-0.21726,0.74323
21359,-2.43933,-0.19704,0.76074
21360,-3.19031,-0.20823,0.75079
21361,-4.81407,-0.22925,0.73277
21362,0.86995,0.02116,0.26345
21363,6.44835,-0.02718,0.06887
21364,6.93099,-0.02150,0.06047
21365,-6.51554,-0.25667,0.33534
21366,1.69849,-0.00102,0.02705
21367,2.01233,-0.00065,0.01919
21368,2.18141,-0.00091,0.02201
21369,-12.32957,-0.38329,0.54615
21370,-16.38678,0.04479,0.87992
21371,-17.73857,0.03861,0.88871
21372,-22.11835,0.02486,0.91436
21373,-12.91156,0.05854,0.85733
21374,3.58527,-0.10378,0.13095
21375,2.76833,-0.11453,0.13987
21376,0.04356,0.02619,0.74040
21377,0.76272,0.03254,0.70959
21378,-0.64184,0.02042,0.77043
21379,-9.90322,-0.29596,0.63985
21380,-10.33822,-0.30120,0.63063
21381,-8.58918,-0.27518,0.66225
21382,-9.47108,-0.28684,0.64652
21383,5.28665,0.16874,0.65882
21384,5.68925,0.18199,0.65160
21385,4.92374,0.15679,0.66436
21386,5.15206,0.16357,0.64865
21387,3.48774,-0.02205,0.08012
21388,4.06056,-0.01704,0.06807
21389,3.19133,-0.02714,0.08931
21390,3.85863,-0.02090,0.07541
21391,-1.52056,-0.05301,0.42224
21392,-1.71000,-0.06019,0.41204
21393,6.89027,-0.00253,0.02103
21394,6.98985,-0.00116,0.01313
21395,6.39681,-0.00313,0.02432
21396,7.49359,-0.00168,0.01605
21397,7.66106,-0.00071,0.00942
21398,-4.50808,0.00880,0.06633
21399,1.13741,0.16755,0.18495
21400,-0.54043,0.14331,0.16492
21401,-0.59536,0.00262,0.93001
21402,-0.46418,0.00321,0.91843
21403,-0.50291,0.00149,0.93992
21404,-0.30099,0.00148,0.92704
21405,3.65886,0.15540,0.30066
21406,3.43566,0.15209,0.28765
21407,3.87655,0.16441,0.30173
21408,3.49610,0.14780,0.30190
21409,3.20123,0.14247,0.28557
21410,5.27152,-0.06226,0.11119
21411,6.28525,-0.05220,0.10031
21412,6.63603,-0.05037,0.09710
21413,4.59371,-0.06772,0.11822
21414,4.84946,0.16097,0.50356
21415,5.19917,0.16994,0.53386
21416,-1.52681,-0.06355,0.30267
21417,-1.38824,-0.05533,0.32009
21418,0.93319,0.02927,0.23258
21419,1.19141,0.03171,0.25105
21420,1.22853,0.03374,0.24705
21421,1.31629,0.03186,0.26564
21422,1.51348,0.03599,0.26988
21423,-0.06923,0.14793,0.17031
21424,-0.72174,0.13797,0.16268
21425,-1.52084,-0.07326,0.20657
21426,-2.05613,-0.07721,0.22039
21427,-1.27091,-0.06852,0.20188
21428,-1.68463,-0.07703,0.20946
21429,-6.40784,0.06707,0.10240
21430,0.29511,-0.01048,0.76920
21431,-0.02234,-0.01286,0.74254
21432,0.16851,-0.01437,0.75584
21433,0.00715,-0.00962,0.74562
21434,-6.21088,0.04461,0.08530
21435,-5.21620,0.05686,0.09866
21436,-5.48730,0.05147,0.09374
21437,-5.92087,0.04969,0.09031
21438,-4.97984,0.03526,0.08393
21439,-5.09153,0.03220,0.08036
21440,-5.81031,0.02591,0.07000
21441,-12.84822,-0.38940,0.41663
21442,-12.54413,-0.38617,0.40522
21443,-12.94011,-0.39267,0.42374
21444,-12.98321,-0.38947,0.42054
21445,-12.58704,-0.38413,0.40377
21446,-0.36184,0.07751,0.83891
21447,0.31024,0.08509,0.82729
21448,-13.60116,0.02613,0.88507
21449,-13.40885,-0.39962,0.49896
21450,-13.45046,-0.39699,0.50772
21451,-4.28703,-0.16657,0.34128
21452,-3.85314,-0.15228,0.33112
21453,-4.16747,-0.16084,0.34465
21454,3.85383,-0.01537,0.06689
21455,4.15985,-0.01475,0.06368
21456,4.35133,-0.01167,0.05635
21457,3.51709,-0.02044,0.07787
21458,2.14341,0.09017,0.78083
21459,1.83430,0.08016,0.78770
21460,1.96414,0.09066,0.78901
21461,1.62376,0.08036,0.79725
21462,3.49852,-0.13503,0.79155
21463,6.52435,-0.11115,0.81517
21464,4.32039,-0.12670,0.79726
21465,3.17059,-0.13901,0.78960
21466,5.52529,-0.11973,0.80837
21467,12.32055,0.39593,0.44585
21468,12.48154,0.39778,0.45003
21469,12.58604,0.39890,0.46316
21470,12.50428,0.39776,0.44402
21471,12.69838,0.39998,0.46180
21472,-6.16039,0.02278,0.92320
21473,-7.54449,0.01681,0.93629
21474,-6.88214,0.01550,0.93709
21475,-5.62677,0.02893,0.91311
21476,-6.81678,0.02325,0.92431
21477,3.64276,0.21601,0.23485
21478,4.23974,0.22808,0.24620
21479,3.21476,0.20802,0.22659
21480,5.13404,0.09959,0.60391
21481,5.62417,0.10717,0.59207
21482,-9.95864,-0.32177,0.59921
21483,-10.22387,-0.32932,0.60321
21484,8.25111,0.18197,0.34619
21485,7.71854,0.17481,0.33026
21486,8.46162,0.18705,0.34873
21487,7.82917,0.17893,0.32921
21488,7.68708,0.17992,0.32118
21489,-6.19976,-0.20272,0.54410
21490,-6.16550,-0.20277,0.53147
21491,-6.25627,-0.20355,0.55622
21492,-6.50120,-0.21232,0.54967
21493,-11.68636,-0.32837,0.60158
21494,-12.62424,-0.35093,0.57474
21495,-11.98057,-0.33736,0.59455
21496,7.38710,0.28752,0.27796
21497,7.89822,0.29569,0.28635
21498,8.21898,0.30329,0.29301
21499,6.53260,0.27145,0.26346
21500,7.04337,0.27982,0.27150
21501,5.68064,0.23906,0.24638
21502,5.54603,0.23862,0.24444
21503,4.62999,0.22197,0.23102
21504,6.35433,0.24900,0.25659
21505,6.59968,0.25502,0.26057
21506,5.49002,-0.07985,0.10994
21507,5.86672,-0.07543,0.10609
21508,6.74470,-0.06515,0.09693
21509,4.23269,-0.09592,0.12342
21510,4.73991,-0.08938,0.11802
21511,-0.80595,0.00449,0.92376
21512,-0.48405,0.00286,0.92279
21513,-0.54911,0.00487,0.91180
21514,-1.13417,0.00403,0.93514
21515,-0.73750,0.00249,0.93675
21516,8.47064,-0.04794,0.08086
21517,7.75976,-0.05503,0.08800
21518,8.93971,-0.04373,0.07669
21519,6.59399,-0.06731,0.09960
21520,-4.27411,0.02383,0.83223
21521,-3.77845,0.02252,0.82854
21522,-15.40300,0.00124,0.00878
21523,-14.10866,0.00237,0.01317
21524,-3.22781,-0.19621,0.21115
21525,-10.98200,-0.36585,0.47429
21526,-11.19955,-0.37055,0.48027
21527,-10.99644,-0.36828,0.46073
21528,-10.81871,-0.36083,0.47822
21529,-11.09310,-0.36619,0.49097
21530,-1.23687,0.05617,0.86032
21531,-1.67363,0.04838,0.87032
21532,-0.97352,0.05364,0.85892
21533,-2.05426,0.04821,0.87390
21534,9.24463,-0.03818,0.07382
21535,9.96620,-0.03279,0.06703
21536,-0.80640,-0.01679,0.64254
21537,-0.37617,-0.00831,0.65478
21538,7.79784,-0.08249,0.81991
21539,3.74185,-0.10779,0.78597
21540,11.49613,-0.06335,0.84763
21541,10.91548,-0.06406,0.84379
21542,-3.97230,-0.22103,0.73155
21543,-4.66840,-0.23089,0.72524
21544,-3.27924,-0.21237,0.74070
21545,3.29928,0.18449,0.24437
21546,3.54352,0.18792,0.25162
21547,-5.85872,-0.14755,0.28597
21548,-6.56011,-0.15744,0.30228
21549,-6.53262,-0.15383,0.30603
21550,-5.07110,-0.13714,0.26839
21551,-5.18044,-0.14154,0.26775
21552,7.51388,-0.05602,0.08852
21553,-18.38828,0.01807,0.94324
21554,-18.97743,0.01921,0.94126
21555,0.27378,0.16300,0.17602
21556,0.17879,0.16152,0.17496
21557,1.35781,0.18119,0.18986
21558,-11.74403,-0.37090,0.37544
21559,-11.38542,-0.36359,0.36420
21560,-11.13306,-0.36098,0.35868
21561,-11.76768,-0.36918,0.37448
21562,1.45612,0.17019,0.18896
21563,0.39574,0.15426,0.17606
21564,1.12037,0.16390,0.18472
21565,-0.50533,0.14202,0.16548
21566,-0.65846,0.13891,0.16368
21567,-13.07526,0.00568,0.02757
21568,7.34131,0.28471,0.33954
21569,7.13622,0.27807,0.33801
21570,7.85445,0.29709,0.35408
21571,7.59208,0.28901,0.35136
21572,5.71951,-0.03885,0.08312
21573,4.76753,-0.04964,0.09668
21574,5.19549,-0.04657,0.09187
21575,6.31677,-0.03123,0.07352
21576,-11.94227,-0.30357,0.58091
21577,-10.35531,-0.27732,0.61894
21578,-11.15026,-0.28791,0.60033
21579,-9.90969,0.02322,0.06191
21580,-10.26972,0.02039,0.05771
21581,-11.37561,0.01485,0.04743
21582,4.17710,-0.09578,0.12355
21583,3.81700,-0.10036,0.12743
21584,5.08581,-0.08393,0.11363
21585,4.91611,-0.08564,0.11521
21586,1.60604,-0.01779,0.09820
21587,1.59793,-0.02055,0.10291
21588,1.91725,-0.01592,0.08906
21589,1.43650,-0.01734,0.10094
21590,1.32724,-0.02112,0.10964
21591,-8.94820,-0.28279,0.30114
21592,-8.91438,-0.27958,0.30073
21593,-8.08207,-0.26762,0.28523
21594,-6.13035,-0.22178,0.25399
21595,-6.60507,-0.22664,0.26207
21596,-5.50700,-0.21031,0.24463
21597,-6.70097,-0.23256,0.26287
21598,-7.16231,-0.23728,0.27095
21599,0.37424,0.15895,0.17918
21600,0.51860,0.16044,0.18139
21601,1.12435,0.17332,0.18990
21602,1.32176,0.17598,0.19309
21603,0.09246,-0.00227,0.12319
21604,0.11038,-0.00378,0.13262
21605,0.18762,-0.00463,0.12339
21606,0.07340,-0.00400,0.14384
21607,11.78925,0.25090,0.48950
21608,11.61973,0.24521,0.49587
21609,11.54056,0.24455,0.51344
21610,6.36790,-0.04698,0.09695
21611,5.04459,-0.05935,0.11157
21612,10.57301,0.36129,0.35851
21613,10.30628,0.35506,0.34931
21614,11.15317,0.37238,0.37544
21615,0.20508,0.00792,0.79056
21616,0.12456,0.00559,0.80695
21617,0.26379,0.00936,0.77521
21618,0.44961,0.01691,0.78507
21619,2.28292,0.14046,0.23310
21620,4.14166,-0.00362,0.04629
21621,4.83331,-0.00201,0.03178
21622,4.52527,-0.00345,0.04347
21623,-1.27639,0.00195,0.06039
21624,-1.04984,0.00280,0.07623
21625,-1.19361,0.00136,0.05267
21626,-0.94910,0.00203,0.06957
21627,1.66514,-0.01433,0.81234
21628,1.91344,-0.01063,0.83091
21629,-6.15172,-0.18276,0.26736
21630,-7.12465,-0.19638,0.28601
21631,-8.30353,0.02708,0.07326
21632,-9.74417,0.01871,0.05852
21633,-6.96103,0.03593,0.08742
21634,-7.23974,0.03487,0.08495
21635,-1.34935,0.00015,0.01538
21636,-0.99944,0.00019,0.01972
21637,-1.06510,0.00053,0.03487
21638,-0.53691,-0.09596,0.18815
21639,8.35056,-0.06619,0.82688
21640,10.61805,-0.05331,0.84624
21641,7.20520,-0.06969,0.81807
21642,9.80637,-0.06117,0.83778
21643,12.07278,-0.04912,0.85608
21644,2.71342,0.08636,0.70881
21645,0.79842,0.07864,0.20203
21646,0.70851,0.07379,0.19984
21647,1.08953,0.08503,0.21309
21648,-0.46541,0.09078,0.16347
21649,0.06959,0.10209,0.17551
21650,-0.48278,0.09418,0.16359
21651,-8.39431,-0.27259,0.61885
21652,-8.10424,-0.26314,0.62506
21653,-6.80281,-0.12188,0.51071
21654,-13.15878,0.00477,0.02545
21655,-11.58041,0.01000,0.04018
21656,-11.76632,0.00999,0.03949
21657,13.11487,0.30711,0.49360
21658,12.99177,0.30066,0.47728
21659,6.24235,0.27288,0.26351
21660,6.95248,0.28629,0.27526
21661,6.01203,0.26762,0.25876
21662,7.40475,0.24383,0.65959
21663,7.50349,0.24843,0.66297
21664,-13.75855,-0.37627,0.51426
21665,-13.85311,-0.37784,0.50082
21666,0.18887,-0.00714,0.76987
21667,0.56421,-0.00680,0.80106
21668,0.30662,-0.00481,0.79254
21669,0.29586,-0.00921,0.77292
21670,-0.74030,-0.15338,0.18670
21671,-0.89095,-0.15477,0.18938
21672,-0.14296,-0.14309,0.17694
21673,-0.07048,-0.13981,0.17583
21674,0.85082,-0.05024,0.14495
21675,0.58004,-0.05209,0.15275
21676,0.38821,-0.05760,0.15976
21677,1.27694,-0.04216,0.13092
21678,-0.01410,0.12332,0.81449
21679,-0.36095,0.12269,0.81693
21680,1.16525,0.13874,0.79878
21681,6.21839,-0.04207,0.09596
21682,1.74757,0.13383,0.21617
21683,1.48256,0.13142,0.20843
21684,6.45480,0.11466,0.47886
21685,6.69882,0.11970,0.47880
21686,6.62292,0.11914,0.45339
21687,6.54886,0.11654,0.50249
21688,-10.54649,0.02716,0.05766
21689,-9.17604,0.03867,0.07103
21690,-9.89909,0.03182,0.06335
21691,-11.13401,0.02333,0.05269
21692,-9.83879,0.03333,0.06502
21693,7.88661,0.14507,0.51231
21694,7.52238,0.13787,0.52578
21695,7.54503,0.14020,0.54294
21696,-8.36937,-0.17191,0.37810
21697,-8.21137,-0.16666,0.38066
21698,-7.74513,-0.16295,0.35554
21699,-8.74624,-0.17713,0.39382
21700,-8.65626,-0.17338,0.39854
21701,7.03936,0.24903,0.42284
21702,7.20367,0.25654,0.41532
21703,6.84348,0.24063,0.42973
21704,-13.07406,0.07113,0.86777
21705,-1.25464,-0.03883,0.69096
21706,-0.93114,-0.02892,0.70041
21707,-1.32905,-0.04137,0.70151
21708,-1.02835,-0.03173,0.68433
21709,-0.66670,-0.16576,0.75067
21710,-1.92817,-0.17933,0.73856
21711,-0.08400,-0.16208,0.75710
21712,-1.11200,-0.16811,0.74539
21713,-2.99616,-0.18840,0.72647
21714,10.21361,0.33958,0.50041
21715,10.27429,0.33937,0.51335
21716,-3.31445,-0.10561,0.69936
21717,-3.50849,-0.11084,0.68621
21718,-3.39187,-0.10918,0.70688
21719,-3.70362,-0.11828,0.69568
21720,4.74305,0.15162,0.67517
21721,4.49171,0.14360,0.68098
21722,4.56588,0.14513,0.67079
21723,-3.50841,-0.13449,0.34644
21724,-3.24607,-0.12539,0.34094
21725,2.67266,-0.07326,0.13735
21726,2.54364,-0.07301,0.13873
21727,1.31044,-0.08694,0.15456
21728,1.08842,-0.05461,0.14147
21729,1.59711,-0.04623,0.12738
21730,1.24858,-0.04908,0.13557
21731,-3.03730,-0.11704,0.34162
21732,-2.79129,-0.10728,0.34238
21733,-2.99442,-0.11817,0.32882
21734,-5.56826,0.02390,0.06881
21735,-5.03807,0.02953,0.07799
21736,-5.10061,0.02707,0.07501
21737,-6.20498,0.01878,0.05932
21738,-5.54651,0.02601,0.07142
21739,-12.68987,-0.38614,0.54735
21740,-12.39831,-0.37827,0.56357
21741,-12.81168,-0.39241,0.53008
21742,-12.56632,-0.38498,0.54878
21743,0.07038,0.01268,0.18281
21744,0.17271,0.01233,0.19432
21745,0.29789,0.01518,0.20374
21746,0.16292,0.01031,0.19665
21747,0.33492,0.01377,0.21318
21748,-4.77236,-0.08654,0.57395
21749,-5.09722,-0.09209,0.56820
21750,-4.52428,-0.08524,0.59774
21751,13.11652,0.35666,0.55399
21752,13.12492,0.35432,0.55278
21753,12.69143,0.34417,0.57016
21754,13.39519,0.36412,0.53964
21755,4.87062,-0.01551,0.07815
21756,5.84456,-0.01053,0.06157
21757,5.52736,-0.01316,0.06926
21758,5.04533,0.10496,0.32468
21759,4.73414,0.10298,0.30771
21760,2.35392,0.19588,0.76125
21761,1.56242,0.18405,0.77168
21762,1.38971,0.18461,0.77069
21763,0.65746,0.17452,0.77967
21764,4.72560,0.13492,0.25917
21765,4.39727,0.12846,0.25427
21766,0.67232,0.01160,0.56195
21767,0.71707,0.01212,0.53671
21768,0.36115,0.00610,0.54179
21769,0.89841,0.01576,0.57819
21770,0.99526,0.01690,0.54492
21771,6.67342,0.20176,0.27122
21772,6.43265,0.19592,0.26795
21773,7.37616,0.20879,0.28584
21774,6.01323,0.19442,0.25892
21775,5.45889,0.18414,0.25029
21776,-0.78276,0.02419,0.14834
21777,-0.27090,0.02794,0.16602
21778,-0.41846,0.02869,0.16160
21779,-1.16665,0.02022,0.13430
21780,-0.64209,0.02283,0.15120
21781,9.02839,0.33058,0.32082
21782,8.44271,0.31877,0.30821
21783,8.71696,0.32351,0.31252
21784,12.88983,0.32433,0.54958
21785,12.49933,0.31895,0.56610
21786,12.99998,0.33087,0.54825
21787,-0.34781,0.02859,0.15079
21788,-0.23606,0.02765,0.15619
21789,-2.39320,0.12042,0.14441
21790,-1.17547,0.13805,0.15821
21791,3.24602,0.08910,0.25402
21792,2.71315,0.08416,0.23832
21793,3.76468,0.09604,0.26717
21794,3.21860,0.09133,0.24966
21795,4.75978,0.15481,0.69206
21796,-7.16331,-0.23906,0.50896
21797,-7.68635,-0.25879,0.49506
21798,13.34355,-0.00463,0.02047
21799,13.23174,-0.00477,0.02051
21800,14.17334,-0.00181,0.01100
21801,12.15408,-0.00954,0.03180
21802,12.12926,-0.00988,0.03225
21803,-2.24702,0.00397,0.06342
21804,-1.96753,0.00582,0.07863
21805,-2.42426,0.00477,0.06653
21806,-2.09360,0.00332,0.06047
21807,-1.81578,0.00525,0.07801
21808,2.39560,0.09928,0.30586
21809,2.18485,0.09425,0.29176
21810,2.48087,0.10539,0.29742
21811,-10.99696,0.00971,0.03400
21812,-11.81180,0.00548,0.02416
21813,-12.31436,0.00483,0.02252
21814,-10.92562,0.00885,0.03239
21815,-3.70355,-0.11597,0.63797
21816,1.98352,0.04701,0.26964
21817,11.97259,0.37294,0.56607
21818,11.94938,0.37413,0.55985
21819,12.20541,0.38105,0.54735
21820,11.64736,0.36312,0.58459
21821,11.67310,0.36543,0.57758
21822,-0.54096,-0.04043,0.21439
21823,-0.47088,-0.04174,0.20537
21824,-0.34070,-0.03569,0.19869
21825,-0.50774,-0.04588,0.20462
21826,-0.27495,-0.03913,0.19037
21827,-7.64612,-0.24750,0.59320
21828,-7.45722,-0.24083,0.60884
21829,-7.46175,-0.24159,0.58858
21830,-7.30759,-0.23593,0.60174
21831,6.76022,0.23037,0.47200
21832,6.58725,0.22566,0.46341
21833,13.74339,0.39052,0.49753
21834,13.67320,0.39038,0.50698
21835,13.74902,0.38686,0.50451
21836,13.64909,0.38568,0.51635
21837,5.86604,-0.04080,0.09795
21838,7.24527,-0.03105,0.08257
21839,5.34937,-0.04338,0.10308
21840,-3.20966,0.00878,0.07637
21841,-3.51204,0.00859,0.07294
21842,-4.05346,0.00548,0.05655
21843,-3.32565,0.01090,0.08191
21844,-4.20439,0.00640,0.05959
21845,9.15991,0.32250,0.41798
21846,-3.45714,0.00802,0.94237
21847,-2.92090,0.00834,0.93801
21848,-4.07490,0.00515,0.95547
21849,-3.33191,0.00546,0.95080
21850,-2.84234,-0.14270,0.21158
21851,-3.81694,-0.15437,0.22679
21852,-3.27927,-0.14587,0.21883
21853,9.02380,0.31377,0.43799
21854,9.28493,0.31892,0.45431
21855,9.05894,0.31661,0.43023
21856,9.28586,0.32145,0.44198
21857,-0.55942,0.03793,0.16074
21858,-8.99193,-0.31457,0.30590
21859,-9.68874,-0.32666,0.31987
21860,-9.18297,-0.31591,0.30882
21861,-8.84367,-0.31373,0.30382
21862,3.48308,0.06191,0.40357
21863,3.16979,0.05684,0.39246
21864,3.22299,0.05680,0.41003
21865,2.93671,0.05381,0.37121
21866,-6.80353,-0.24059,0.69756
21867,-7.00597,-0.24283,0.69023
21868,-6.42856,-0.22967,0.70429
21869,8.42600,0.31320,0.36243
21870,8.81237,0.32298,0.37077
21871,7.98448,0.30279,0.34984
21872,8.25374,0.31048,0.35285
21873,0.49468,0.01986,0.31567
21874,0.30814,0.01266,0.30579
21875,0.51650,0.02144,0.30253
21876,0.47523,0.01854,0.32975
21877,0.23355,0.00926,0.32019
21878,-8.09893,-0.30993,0.33966
21879,-7.55116,-0.29728,0.32580
21880,-7.94727,-0.30509,0.33994
21881,-7.88433,0.04737,0.08661
21882,-8.97336,0.03840,0.07622
21883,-8.60099,0.04059,0.07934
21884,-10.00071,0.03108,0.06692
21885,-10.14581,0.02936,0.06507
21886,-0.75399,-0.03322,0.80141
21887,-0.81311,-0.03216,0.78982
21888,-0.58607,-0.02520,0.80079
21889,-0.89854,-0.04012,0.80106
21890,-1.03682,-0.04134,0.78871
21891,0.86528,-0.07126,0.15924
21892,2.03562,-0.06057,0.14177
21893,1.37422,-0.06849,0.15181
21894,-6.79984,-0.25227,0.69015
21895,-8.00244,-0.26847,0.67227
21896,-8.06275,-0.27127,0.67244
21897,9.59455,0.23961,0.33575
21898,-6.95471,-0.23741,0.68583
21899,-7.41473,-0.25030,0.67571
21900,-7.07131,-0.22898,0.64080
21901,-6.97362,-0.22842,0.66051
21902,-3.82241,-0.18249,0.27072
21903,-3.73133,-0.17791,0.27096
21904,-8.66701,0.04552,0.07830
21905,-10.09707,0.03286,0.06442
21906,-11.04487,0.02528,0.05520
21907,-13.46722,0.00531,0.02222
21908,-13.07059,0.00564,0.02291
21909,-12.92122,0.00539,0.02220
21910,10.82389,0.32895,0.34119
21911,11.53361,0.34053,0.35925
21912,11.04768,0.33536,0.34697
21913,10.51680,0.32137,0.33382
21914,11.18685,0.33225,0.35002
21915,1.13647,-0.11356,0.15757
21916,1.34955,-0.10928,0.15509
21917,1.06316,-0.11614,0.15842
21918,-0.13091,-0.13037,0.17266
21919,-9.20987,-0.30005,0.30604
21920,-9.74926,-0.31093,0.31701
21921,-10.02485,-0.31289,0.32263
21922,-8.90165,-0.29742,0.30032
21923,-10.58000,-0.32951,0.33563
21924,-10.37834,-0.32897,0.33169
21925,-11.39656,-0.34268,0.35556
21926,1.07859,-0.12039,0.15800
21927,0.17191,-0.13086,0.16863
21928,1.49402,-0.11366,0.15321
21929,0.66320,-0.12704,0.16281
21930,-0.18587,-0.13708,0.17287
21931,1.79512,-0.14406,0.77368
21932,0.06294,-0.16268,0.75964
21933,2.34928,-0.14107,0.77955
21934,-1.25337,-0.03606,0.68817
21935,-0.75275,-0.03336,0.71288
21936,-0.60066,-0.02899,0.71672
21937,-0.06572,-0.02845,0.74149
21938,-5.21018,-0.17550,0.48290
21939,-5.89425,0.07501,0.10597
21940,-5.49995,0.07988,0.11028
21941,-6.19006,0.07135,0.10267
21942,-7.35481,0.05853,0.09097
21943,-13.03765,0.01179,0.03790
21944,-13.31045,0.00972,0.03411
21945,-10.07083,0.02909,0.06514
21946,-11.89830,0.01798,0.04878
21947,-8.94458,-0.33065,0.35471
21948,-9.07433,-0.33417,0.35402
21949,-8.52776,-0.32197,0.34074
21950,-9.26102,-0.33705,0.36662
21951,7.39616,-0.02389,0.07490
21952,6.02083,-0.03355,0.09182
21953,6.23170,-0.03067,0.08819
21954,8.44098,-0.01834,0.06329
21955,7.36261,-0.02544,0.07664
21956,5.36338,-0.02493,0.91761
21957,4.42169,-0.03047,0.90660
21958,4.66399,-0.03230,0.90541
21959,-2.92902,-0.10217,0.42524
21960,-2.77310,-0.09592,0.43489
21961,-3.18512,-0.10989,0.43963
21962,-2.59250,-0.09072,0.42009
21963,-7.91856,-0.31097,0.30749
21964,-7.43610,-0.30078,0.29867
21965,-7.78152,-0.30802,0.30276
21966,-7.00601,-0.29180,0.28825
21967,1.52019,0.05157,0.75415
21968,1.24632,0.04204,0.75518
21969,1.50897,0.04949,0.74176
21970,1.52236,0.05377,0.76452
21971,1.25064,0.04408,0.76688
21972,-1.25932,-0.05117,0.31153
21973,16.40872,-0.05433,0.88435
21974,17.04486,-0.05107,0.88727
21975,12.52808,-0.07438,0.86011
21976,18.64428,-0.04397,0.89830
21977,2.36876,0.15393,0.20136
21978,3.46834,0.16842,0.21666
21979,3.10601,0.16583,0.21117
21980,1.14049,0.13706,0.18517
21981,2.43174,0.15245,0.20247
21982,-0.11085,-0.00867,0.19326
21983,2.84807,0.18792,0.72812
21984,0.74554,0.16612,0.74946
21985,4.44180,0.20349,0.70949
21986,2.53524,0.18235,0.73056
21987,6.27323,0.12789,0.60977
21988,5.33990,0.11717,0.63613
21989,6.59323,0.13606,0.60994
21990,6.80717,0.13590,0.59731
21991,1.54284,0.04742,0.66948
21992,1.90446,0.05869,0.66252
21993,1.92030,0.05929,0.67493
21994,1.21757,0.03733,0.66423
21995,-2.08080,-0.15861,0.72872
21996,-1.77712,-0.15268,0.73140
21997,-4.30067,-0.17791,0.70176
21998,-0.54560,-0.14677,0.74556
21999,0.56889,-0.13484,0.75660
22000,2.12219,0.09926,0.27090
22001,1.93791,0.09116,0.26930
22002,1.76227,0.08846,0.25666
22003,2.38706,0.10585,0.28442
22004,2.18105,0.09748,0.28179
22005,4.36698,0.11226,0.26989
22006,3.74424,0.10470,0.25440
22007,4.82072,0.11884,0.28020
22008,4.06904,0.11079,0.25968
22009,-1.08015,-0.04948,0.27408
22010,-1.06810,-0.05089,0.26538
22011,-1.15413,-0.05651,0.26010
22012,13.18120,-0.06111,0.85875
22013,11.51645,-0.06769,0.84748
22014,8.62177,-0.08516,0.82649
22015,-5.90691,-0.14617,0.28950
22016,-6.20839,-0.14743,0.30039
22017,-5.27454,0.00312,0.02661
22018,-5.73621,0.00218,0.02076
22019,-5.30451,0.00437,0.03161
22020,-5.34124,0.00191,0.02014
22021,-5.83038,0.00095,0.01276
22022,9.03169,0.26276,0.30643
22023,8.05727,0.24663,0.28793
22024,-2.25771,0.08232,0.13492
22025,-1.43928,0.09462,0.14861
22026,-2.19831,0.08086,0.13512
22027,4.03632,0.07763,0.35014
22028,4.22015,0.07901,0.36808
22029,4.39719,0.08294,0.36516
22030,3.65389,0.07208,0.33492
22031,3.89909,0.07363,0.35942
22032,-3.35297,-0.18338,0.76310
22033,-4.41390,-0.20017,0.74639
22034,-5.27736,-0.20612,0.69657
22035,-6.98493,-0.22478,0.67289
22036,-3.41805,-0.18701,0.71923
22037,-3.63703,-0.18670,0.71568
22038,-5.74575,-0.13303,0.64080
22039,-3.76261,-0.12381,0.51266
22040,-4.05498,-0.13279,0.52291
22041,-8.23136,0.02217,0.05707
22042,-7.38182,0.02892,0.06711
22043,-8.31292,0.02009,0.05443
22044,-7.29845,0.03114,0.06953
22045,-7.59597,-0.24127,0.27907
22046,-8.26937,-0.25434,0.29061
22047,-6.97477,-0.22963,0.26882
22048,3.24371,0.09829,0.24327
22049,2.66947,0.09349,0.22854
22050,-12.54561,-0.34684,0.38985
22051,-12.50355,-0.34257,0.38897
22052,-12.96900,-0.35455,0.40627
22053,-12.98302,-0.35039,0.40761
22054,-9.86968,-0.32112,0.56458
22055,-9.63336,-0.31367,0.56651
22056,-10.01501,-0.32671,0.55281
22057,-9.82296,-0.32103,0.55063
22058,-3.02655,0.11615,0.77987
22059,-3.35415,0.11576,0.78316
22060,-0.81185,0.13411,0.75932
22061,-3.31878,-0.15624,0.21696
22062,-3.01601,-0.15067,0.21287
22063,-4.00932,-0.16256,0.22797
22064,24.48856,-0.02418,0.92855
22065,24.82070,-0.02275,0.93166
22066,29.64725,-0.01157,0.95311
22067,19.84753,-0.04001,0.90418
22068,20.47513,-0.03725,0.90894
22069,13.16105,0.35270,0.55085
22070,12.77312,0.34221,0.56574
22071,-0.58450,0.05312,0.16201
22072,-1.39815,0.04465,0.14584
22073,-0.49968,0.05147,0.16360
22074,-0.59328,0.05522,0.16198
22075,-1.47289,0.04614,0.14504
22076,7.59220,0.26043,0.46352
22077,7.71790,0.26225,0.47846
22078,7.37437,0.25139,0.47280
22079,7.74989,0.26749,0.45466
22080,7.96570,0.27201,0.47065
22081,-0.79912,0.07474,0.16099
22082,-0.47231,0.07595,0.16593
22083,-9.28129,0.03090,0.06319
22084,-8.03595,0.04259,0.07651
22085,3.78026,0.07288,0.34473
22086,3.57563,0.06842,0.34738
22087,3.28462,-0.01226,0.06494
22088,2.93995,-0.01664,0.07686
22089,2.35986,0.18328,0.20029
22090,3.41744,0.20044,0.21420
22091,2.18042,0.17904,0.19792
22092,1.65131,-0.00545,0.08256
22093,1.92147,-0.00544,0.07762
22094,1.60996,-0.00440,0.07682
22095,2.00452,-0.00354,0.06403
22096,17.34485,-0.00133,0.00872
22097,-0.61522,0.00568,0.91053
22098,-0.30260,0.00387,0.90241
22099,-0.89654,0.00670,0.91574
22100,-12.66365,0.01145,0.03481
22101,-11.49254,0.01839,0.04601
22102,-12.16688,0.01394,0.03928
22103,1.80115,-0.12793,0.76883
22104,3.62485,-0.11233,0.78528
22105,2.42729,-0.12563,0.77513
22106,5.10219,-0.10446,0.79825
22107,-5.60458,0.03062,0.09258
22108,13.33956,0.36507,0.54318
22109,13.55227,0.37308,0.52967
22110,12.93269,0.35607,0.56214
22111,13.21721,0.36562,0.54955
22112,2.43714,-0.00649,0.05611
22113,2.10091,-0.00861,0.06749
22114,2.27199,-0.00929,0.06750
22115,2.11399,-0.00638,0.05934
22116,2.09096,0.09056,0.29020
22117,2.09019,0.08700,0.30315
22118,-0.24920,-0.00781,0.62160
22119,0.02485,0.00070,0.61171
22120,-0.36597,-0.01144,0.61088
22121,-10.26153,-0.26723,0.34023
22122,-10.82940,-0.27525,0.35580
22123,-10.72206,-0.27655,0.35084
22124,-0.29665,0.05569,0.75047
22125,8.14965,0.28205,0.67761
22126,-4.25915,-0.17781,0.74848
22127,-3.55618,-0.16787,0.76241
22128,-4.51045,-0.18684,0.74424
22129,-4.13578,-0.17114,0.75013
22130,-3.40497,-0.16022,0.76519
22131,9.84263,0.19996,0.54957
22132,9.36624,0.19132,0.56431
22133,9.15695,0.19110,0.57840
22134,9.15778,0.18582,0.56559
22135,9.25870,0.30020,0.58876
22136,9.42556,0.30626,0.57447
22137,8.94540,0.29001,0.59636
22138,9.16521,0.29778,0.57868
22139,-1.68935,0.00427,0.05438
22140,-1.63552,0.00287,0.04599
22141,-1.71759,0.00601,0.06279
22142,-1.40921,0.00622,0.06927
22143,-0.29275,0.03544,0.75209
22144,-1.41004,0.02935,0.78233
22145,0.04094,0.03456,0.74186
22146,-1.11155,0.02819,0.77659
22147,10.51720,0.24186,0.37460
22148,10.99256,0.24703,0.39508
22149,10.94267,0.25077,0.38575
22150,10.06472,0.23289,0.36298
22151,10.65805,0.23926,0.38670
22152,-11.21802,-0.23274,0.46831
22153,-11.04957,-0.22935,0.45332
22154,-11.09688,-0.22810,0.48969
22155,-11.02253,-0.22627,0.47243
22156,11.87460,0.36871,0.57553
22157,-12.44754,-0.31025,0.56274
22158,-11.97977,-0.29848,0.57533
22159,-12.70387,-0.31127,0.54953
22160,-12.28014,-0.30992,0.57056
22161,-11.68222,-0.29707,0.58666
22162,-1.49750,-0.10651,0.72423
22163,-1.77230,-0.10228,0.71858
22164,-2.60794,-0.11236,0.70648
22165,1.86909,0.09855,0.79472
22166,2.41847,-0.01463,0.07889
22167,2.06753,-0.01925,0.09225
22168,2.05116,-0.01629,0.08726
22169,3.80615,0.14912,0.33465
22170,6.88859,-0.05788,0.09138
22171,8.06488,-0.04570,0.07915
22172,-3.73295,-0.12194,0.52629
22173,-3.29822,-0.10893,0.50409
22174,9.92080,0.19411,0.47955
22175,10.13931,0.19979,0.48479
22176,9.67088,0.18756,0.49654
22177,9.86242,0.19281,0.50610
22178,-11.52704,0.01842,0.04611
22179,1.04932,-0.04584,0.76580
22180,0.26222,-0.04762,0.75010
22181,-0.85390,-0.05480,0.72366
22182,-0.58301,-0.05599,0.73113
22183,-2.03755,-0.10184,0.25846
22184,-2.16396,-0.10244,0.26890
22185,-1.68936,-0.09278,0.24388
22186,-1.85841,-0.09362,0.25661
22187,-5.18884,0.10764,0.79957
22188,-3.17927,0.12400,0.78291
22189,-1.77066,0.13283,0.76985
22190,-8.24133,0.08869,0.82357
22191,-6.44607,0.10125,0.81005
22192,10.46321,0.33776,0.57356
22193,10.06900,0.32645,0.57143
22194,3.36051,0.19218,0.24139
22195,3.91525,0.20368,0.25433
22196,2.66100,0.17759,0.22623
22197,0.40098,0.08853,0.18463
22198,-0.02707,0.08048,0.17258
22199,-13.52769,-0.37713,0.43630
22200,-13.40417,-0.37301,0.42805
22201,-13.17353,-0.37342,0.41652
22202,-13.67182,-0.37502,0.44621
22203,7.32612,0.15441,0.34815
22204,7.94597,0.16145,0.37415
22205,6.74122,0.14898,0.32436
22206,4.57242,-0.08438,0.11594
22207,4.71845,-0.08323,0.11461
22208,2.41907,0.10988,0.27834
22209,1.49413,0.12442,0.21108
22210,2.06585,0.13747,0.22587
22211,1.77138,0.12756,0.21974
22212,1.16551,0.11948,0.20206
22213,0.01142,0.00501,0.73569
22214,0.30918,0.00837,0.67908
22215,0.12610,0.00488,0.70185
22216,1.61144,0.16775,0.19066
22217,0.77891,0.15671,0.18049
22218,0.21478,0.14729,0.17366
22219,1.94203,0.17411,0.19485
22220,0.89239,-0.12050,0.16037
22221,0.76173,-0.12061,0.16219
22222,0.08941,-0.13468,0.17323
22223,1.45764,-0.11223,0.15184
22224,1.66059,-0.10670,0.14829
22225,8.26118,-0.02063,0.05469
22226,7.52186,-0.02589,0.06312
22227,7.26496,-0.02992,0.06809
22228,9.13186,-0.01395,0.04333
22229,8.77427,-0.01536,0.04650
22230,4.52461,0.08832,0.61110
22231,4.05804,0.08488,0.63323
22232,0.15107,0.00499,0.22860
22233,-13.53832,0.02155,0.89238
22234,-13.06068,0.02083,0.89177
22235,-17.46448,0.01094,0.92682
22236,-7.27869,-0.26276,0.40114
22237,-6.99927,-0.25446,0.39446
22238,7.64075,0.29840,0.32979
22239,8.01384,0.30781,0.33696
22240,8.24381,0.31185,0.34719
22241,7.08173,0.28600,0.31458
22242,7.48628,0.29608,0.32253
22243,9.27336,0.31131,0.30905
22244,8.82681,0.30197,0.30009
22245,9.59810,0.31422,0.31498
22246,8.93360,0.30706,0.30289
22247,-2.71413,0.02503,0.11381
22248,-2.57959,0.02707,0.11761
22249,-3.39675,0.02123,0.10104
22250,-1.93184,0.03096,0.13044
22251,-4.66707,0.07483,0.79739
22252,-7.01509,0.06075,0.82078
22253,-2.56251,0.08715,0.77544
22254,-3.70911,0.07729,0.78856
22255,-10.07795,-0.33213,0.32757
22256,-9.77994,-0.32467,0.32035
22257,-10.70574,-0.34348,0.34207
22258,-10.64396,-0.34006,0.33957
22259,-0.08415,0.00309,0.13233
22260,-0.16122,0.00397,0.12163
22261,-0.17299,0.00615,0.13176
22262,-0.19559,0.00328,0.11005
22263,-0.26987,0.00550,0.11596
22264,-6.52684,-0.27843,0.26794
22265,-7.09301,-0.29003,0.27844
22266,3.33144,0.07652,0.28322
22267,3.81319,0.08352,0.29803
22268,3.33646,0.07889,0.27725
22269,1.14462,0.02815,0.26210
22270,1.22504,0.02783,0.27764
22271,1.45425,0.03201,0.28590
22272,0.89352,0.02496,0.24356
22273,1.23737,0.10052,0.80884
22274,2.00968,0.11154,0.79275
22275,0.46966,0.09059,0.82322
22276,-2.31494,-0.17745,0.77403
22277,-1.02485,-0.15804,0.79099
22278,-0.92940,-0.16083,0.78988
22279,-3.25664,-0.18947,0.76211
22280,0.02564,-0.03008,0.17075
22281,-4.79330,0.01743,0.06404
22282,-5.03166,0.01351,0.05609
22283,-5.59851,0.01071,0.04799
22284,0.45535,-0.06131,0.75225
22285,-1.28990,-0.07381,0.71997
22286,-0.88947,-0.06721,0.72694
22287,-1.22216,0.03164,0.87905
22288,-0.88681,0.03035,0.87452
22289,-0.64521,0.03776,0.86407
22290,-1.87328,0.02583,0.89411
22291,-1.37065,0.02527,0.88817
22292,-10.53384,-0.33749,0.60892
22293,-4.92666,-0.11234,0.64433
22294,6.04269,0.20710,0.46093
22295,6.30911,0.21463,0.47271
22296,6.08925,0.21081,0.44762
22297,6.40425,0.22000,0.45921
22298,-7.20312,-0.23773,0.66438
22299,-6.64098,-0.22220,0.68114
22300,5.47014,-0.01957,0.08081
22301,6.49060,-0.01407,0.06575
22302,5.99001,-0.01764,0.07461
22303,-0.45821,-0.14371,0.18240
22304,-0.61678,-0.14438,0.18531
22305,-0.41821,-0.14471,0.18160
22306,-3.10905,-0.19225,0.76207
22307,-9.74005,-0.21967,0.36484
22308,7.00670,0.20917,0.66446
22309,8.21060,0.22310,0.64441
22310,7.56445,0.21219,0.65400
22311,-0.03262,0.00544,0.15957
22312,-0.00016,0.00465,0.17113
22313,-0.00975,0.00172,0.15845
22314,-0.01216,0.00855,0.16828
22315,3.72762,0.06970,0.60163
22316,3.10532,0.06205,0.62855
22317,3.39340,0.06819,0.62812
22318,13.06873,0.32818,0.54176
22319,12.59311,0.31822,0.56114
22320,12.82522,0.32578,0.55439
22321,13.24243,0.32915,0.52966
22322,12.84190,0.32023,0.54938
22323,-10.71194,-0.31808,0.62653
22324,-10.72562,-0.31604,0.62553
22325,-11.46287,-0.33076,0.60904
22326,-9.75542,-0.30222,0.64588
22327,-9.80736,-0.30092,0.64404
22328,-10.39750,-0.36061,0.40756
22329,-10.11458,-0.35524,0.39398
22330,-9.93272,-0.35059,0.39352
22331,-2.44650,0.03258,0.12406
22332,-2.46244,0.03407,0.12500
22333,-3.15735,0.02804,0.11142
22334,-1.68914,0.03748,0.13823
22335,-1.57585,0.04022,0.14151
22336,-2.90181,-0.10393,0.22766
22337,4.40674,0.09765,0.64351
22338,4.02080,0.09070,0.64911
22339,-0.18433,-0.00610,0.49352
22340,-0.65065,-0.02140,0.50249
22341,-2.45228,-0.14958,0.72066
22342,-0.22101,-0.12938,0.74591
22343,-3.01541,-0.15837,0.71509
22344,-0.60418,-0.13587,0.74242
22345,-2.61327,-0.16597,0.20373
22346,-2.28836,-0.15959,0.19964
22347,-1.08993,-0.14446,0.18409
22348,-3.83772,-0.18373,0.22044
22349,-3.46370,-0.17592,0.21553
22350,-3.10628,-0.12809,0.76561
22351,5.98479,-0.04175,0.08402
22352,4.83402,-0.05586,0.10016
22353,-2.26134,0.00022,0.01310
22354,-1.77597,0.00030,0.01897
22355,-0.08643,-0.00301,0.45175
22356,-0.32311,-0.01114,0.44185
22357,-0.00697,-0.00031,0.43692
22358,10.44243,0.35916,0.42497
22359,10.26606,0.35434,0.42495
22360,10.04165,0.35031,0.41231
22361,10.29794,0.35343,0.43523
22362,9.92449,0.34635,0.41543
22363,-4.66274,-0.17145,0.37985
22364,-4.90411,-0.17818,0.39107
22365,-4.92451,-0.18114,0.38029
22366,0.54770,-0.05796,0.15539
22367,0.94298,-0.05188,0.14348
22368,0.78522,-0.05699,0.14911
22369,3.78459,0.12762,0.47220
22370,4.22486,0.14271,0.47185
22371,4.08591,0.13680,0.48455
22372,4.00921,0.13659,0.45827
22373,-10.02991,-0.24524,0.34783
22374,-9.72766,-0.24429,0.33684
22375,-9.64009,-0.23709,0.33994
22376,-9.10160,-0.23259,0.32361
22377,-8.27586,-0.16763,0.38226
22378,-8.33205,-0.16581,0.39397
22379,-7.92395,-0.16084,0.37406
22380,-8.14100,-0.16061,0.39497
22381,-2.47323,0.08643,0.14095
22382,-1.16363,0.10148,0.15666
22383,-2.20037,0.09114,0.14431
22384,-2.92269,0.08031,0.13554
22385,-1.42190,0.09617,0.15337
22386,-9.41644,-0.31141,0.52633
22387,-9.67445,-0.32002,0.52230
22388,-9.46853,-0.31579,0.50716
22389,-9.33708,-0.30692,0.54186
22390,-9.61215,-0.31577,0.54001
22391,-2.90987,0.08839,0.84991
22392,-3.33804,0.08874,0.85120
22393,-1.32062,0.10410,0.83261
22394,-1.75464,0.10468,0.83440
22395,4.76038,-0.08918,0.11805
22396,5.01715,-0.08592,0.11522
22397,3.60166,-0.10429,0.13056
22398,-7.01156,-0.24055,0.46404
22399,-6.98473,-0.24216,0.44906
22400,-6.70879,-0.23202,0.45195
22401,10.06623,0.31115,0.64094
22402,9.69362,0.30299,0.64743
22403,8.87815,0.29034,0.66242
22404,-12.80323,-0.36327,0.39969
22405,-12.64254,-0.36365,0.39415
22406,-13.09810,-0.37062,0.41270
22407,-12.21084,-0.35511,0.37885
22408,-3.45005,0.09985,0.12963
22409,-2.38947,0.11614,0.14277
22410,0.47750,0.03574,0.21353
22411,0.90358,0.04952,0.24169
22412,-11.27324,-0.27126,0.37811
22413,-10.63234,-0.26309,0.35701
22414,-1.78402,-0.05573,0.60175
22415,-2.21617,-0.06920,0.60810
22416,-1.08960,-0.04153,0.34401
22417,-1.14895,-0.04296,0.35659
22418,-1.38629,-0.05216,0.35286
22419,10.08213,-0.02647,0.05718
22420,9.29290,-0.03219,0.06437
22421,10.75882,-0.02210,0.05131
22422,11.66898,-0.01524,0.04136
22423,0.39775,0.09650,0.74034
22424,-0.10009,0.09578,0.74713
22425,-9.78022,-0.23482,0.60676
22426,-8.87693,-0.22060,0.62440
22427,-9.99904,-0.23380,0.59772
22428,-0.81229,-0.16606,0.18617
22429,-1.40649,-0.17774,0.19486
22430,-0.69313,-0.16504,0.18420
22431,-1.58206,-0.18184,0.19718
22432,14.11768,-0.00462,0.01998
22433,13.39928,-0.00782,0.02760
22434,14.96188,-0.00211,0.01206
22435,5.94120,-0.01140,0.04807
22436,5.84968,-0.01039,0.04634
22437,5.23652,-0.01582,0.05908
22438,6.56586,-0.00808,0.03869
22439,6.62900,-0.00641,0.03441
22440,-2.82424,-0.04755,0.48811
22441,-3.09069,-0.05205,0.49571
22442,-2.85402,-0.04807,0.51307
22443,-2.77644,-0.04706,0.46053
22444,-3.13632,-0.05300,0.47172
22445,1.30379,0.04137,0.56043
22446,-7.86722,-0.14489,0.50865
22447,-7.93290,-0.14586,0.48700
22448,-8.16030,-0.15106,0.49651
22449,-7.55804,-0.13930,0.52803
22450,-10.05006,-0.26394,0.62000
22451,-11.20418,-0.28149,0.59393
22452,-10.61969,-0.27578,0.61005
22453,-9.43564,-0.25216,0.63002
22454,-10.53992,-0.26803,0.60727
22455,-9.41794,-0.30535,0.59720
22456,1.10856,0.04178,0.34866
22457,1.37323,0.05093,0.36140
22458,-0.98562,-0.14942,0.18292
22459,-0.35700,-0.14214,0.17524
22460,-1.58291,-0.15938,0.19030
22461,-11.83087,-0.38365,0.39443
22462,-11.90844,-0.38628,0.40080
22463,-11.81552,-0.38185,0.39043
22464,-11.33216,-0.37428,0.37689
22465,-1.72310,0.07193,0.13787
22466,-2.47385,0.06151,0.12372
22467,-1.07023,0.08176,0.15097
22468,-1.56094,0.07117,0.13990
22469,-4.23857,0.01772,0.84368
22470,-5.30410,0.01591,0.85892
22471,-4.62267,0.01409,0.85787
22472,-6.01437,0.01149,0.87864
22473,-2.86926,0.09460,0.13753
22474,-2.21629,0.10123,0.14477
22475,-4.23652,0.07934,0.12264
22476,2.96276,0.17856,0.20813
22477,3.84457,0.19307,0.21996
22478,2.40588,0.17232,0.20071
22479,4.25297,0.19710,0.22579
22480,-0.51108,0.05031,0.16344
22481,-2.56047,-0.09793,0.34480
22482,-2.28504,-0.08895,0.33395
22483,9.54869,-0.04490,0.90250
22484,12.04805,-0.03070,0.92176
22485,11.31522,-0.03799,0.91206
22486,10.35984,-0.03623,0.91329
22487,-3.25881,-0.11581,0.40669
22488,-3.24277,-0.11671,0.39399
22489,-2.93355,-0.10531,0.39520
22490,-3.54047,-0.12648,0.40190
22491,0.05153,-0.03078,0.17424
22492,-0.42470,-0.03584,0.19175
22493,1.63113,-0.12572,0.15217
22494,3.12026,-0.10629,0.13582
22495,-0.93233,0.14016,0.16119
22496,0.19023,0.15928,0.17614
22497,-0.50294,0.14658,0.16684
22498,-1.31729,0.13447,0.15630
22499,-0.38127,0.15005,0.16844
22500,-2.27312,-0.15498,0.72492
22501,-0.91737,-0.14119,0.73956
22502,-1.65378,-0.15230,0.73267
22503,0.11771,-0.13490,0.75107
22504,-4.63378,-0.08780,0.36222
22505,-4.94783,-0.09311,0.37068
22506,-4.93359,-0.09095,0.38561
22507,-4.25464,-0.08374,0.33845
22508,-4.61319,-0.08970,0.34765
22509,8.47933,0.16056,0.44345
22510,-5.59195,-0.24431,0.71657
22511,-5.59178,-0.24417,0.71557
22512,-6.80746,-0.26275,0.69921
22513,-3.97712,-0.22146,0.73629
22514,-5.13742,0.02867,0.09407
22515,-3.69167,0.03946,0.11483
22516,-5.69765,0.02363,0.08473
22517,6.17557,-0.06196,0.09671
22518,7.22368,-0.05040,0.08516
22519,7.35736,-0.04801,0.08302
22520,6.14660,-0.06346,0.09770
22521,5.51966,0.22925,0.31090
22522,5.98188,0.24127,0.32345
22523,5.87223,0.23583,0.32572
22524,-1.88005,-0.10574,0.24169
22525,-2.14184,-0.11435,0.24881
22526,-1.73844,-0.10522,0.23348
22527,-0.54116,-0.10201,0.18750
22528,-1.04532,-0.11422,0.19996
22529,-0.39866,-0.10220,0.18363
22530,-1.03742,-0.11038,0.20077
22531,-8.17132,-0.31632,0.31257
22532,-7.32136,-0.29845,0.29485
22533,-11.33850,-0.30832,0.35710
22534,-11.71109,-0.31074,0.36912
22535,-11.04685,-0.30038,0.35043
22536,-11.54271,-0.31420,0.36207
22537,-11.98832,-0.31868,0.37615
22538,-1.09998,0.01662,0.10752
22539,-1.11197,0.01360,0.10079
22540,-1.39080,0.01394,0.09454
22541,-0.83618,0.01758,0.11770
22542,7.09154,-0.00930,0.04019
22543,6.45725,-0.01244,0.04816
22544,6.21569,-0.01551,0.05436
22545,6.24277,-0.01250,0.04909
22546,5.75071,-0.01771,0.05963
22547,-6.95818,0.01122,0.94599
22548,-8.14724,0.00890,0.95375
22549,-8.10094,0.00638,0.96058
22550,-5.72021,0.01743,0.93047
22551,-2.24497,0.08576,0.77287
22552,-4.41328,0.07126,0.79677
22553,-4.52021,0.07366,0.79704
22554,-0.63713,0.09500,0.75380
22555,-2.22027,0.08279,0.77297
22556,11.02573,0.35948,0.52242
22557,10.93113,0.35494,0.53666
22558,2.81423,-0.00651,0.94350
22559,3.27638,-0.00748,0.94317
22560,2.97346,-0.00397,0.95561
22561,3.58856,-0.00422,0.95745
22562,5.90556,-0.08164,0.80540
22563,7.80460,-0.07324,0.82097
22564,-0.90629,0.00028,0.01924
22565,-0.88448,0.00082,0.03385
22566,8.14427,0.31382,0.30449
22567,7.55780,0.30226,0.29390
22568,-9.11423,-0.30102,0.53168
22569,-8.94598,-0.29726,0.51908
22570,-8.69210,-0.28960,0.51447
22571,-1.41306,0.05561,0.13571
22572,-1.20471,0.06154,0.14203
22573,-0.90487,0.06342,0.14860
22574,-1.91906,0.04795,0.12320
22575,-1.72892,0.05356,0.12941
22576,-1.97017,-0.06085,0.65645
22577,-14.34087,0.00114,0.00861
22578,-3.07673,-0.16620,0.21070
22579,-2.03317,-0.15093,0.19674
22580,-1.81774,-0.14980,0.19373
22581,-3.98578,-0.17692,0.22394
22582,-2.74970,-0.15919,0.20657
22583,-6.38005,-0.21776,0.46926
22584,-6.14172,-0.20854,0.47608
22585,-6.45158,-0.21816,0.48373
22586,-6.24711,-0.21537,0.45453
22587,-6.02795,-0.20657,0.46217
22588,-15.87877,0.04277,0.87820
22589,-16.55956,0.04170,0.88190
22590,-12.44557,0.05870,0.85448
22591,-19.46550,0.02917,0.90169
22592,-20.19200,0.02822,0.90513
22593,-1.69427,-0.07553,0.28198
22594,-1.88650,-0.08380,0.28347
22595,-1.62324,-0.07694,0.26757
22596,-11.58645,0.02097,0.04948
22597,-11.87591,0.01922,0.04702
22598,-10.41468,0.02967,0.06066
22599,-12.60663,0.01464,0.04000
22600,-13.22709,0.01134,0.03456
22601,-2.68871,0.10817,0.14057
22602,-3.95547,0.09268,0.12702
22603,-3.56046,0.09665,0.13119
22604,0.01104,0.00044,0.51758
22605,4.48707,0.07733,0.46819
22606,4.81975,0.08298,0.48430
22607,4.23546,0.07295,0.45745
22608,4.15540,0.07114,0.48029
22609,3.65028,0.06331,0.43427
22610,3.46280,0.06096,0.41119
22611,3.28240,0.05686,0.43013
22612,3.94518,0.06844,0.43761
22613,3.83891,0.06760,0.41482
22614,-7.80739,-0.27938,0.68622
22615,-6.95641,-0.26398,0.70099
22616,11.11233,-0.01354,0.04730
22617,12.40321,-0.00856,0.03562
22618,10.63888,-0.01686,0.05319
22619,5.09336,0.22596,0.23742
22620,6.37054,0.24887,0.25672
22621,13.74592,-0.00607,0.02391
22622,2.18997,0.15405,0.78369
22623,-8.81120,-0.24248,0.30881
22624,-9.74936,-0.25443,0.33080
22625,-8.01840,-0.23226,0.29214
22626,13.85166,0.37160,0.49599
22627,13.87094,0.37501,0.47808
22628,8.93824,0.29954,0.66077
22629,9.54372,0.31283,0.64516
22630,9.39457,0.30980,0.65122
22631,8.91945,0.29845,0.65998
22632,-2.66205,0.08586,0.85064
22633,3.97348,-0.13584,0.80253
22634,6.60269,-0.11445,0.82339
22635,6.59255,-0.11463,0.82189
22636,1.42630,-0.15921,0.78197
22637,4.28914,-0.13316,0.80679
22638,4.70598,0.11944,0.27448
22639,5.31716,0.12624,0.29169
22640,4.22286,0.11556,0.26000
22641,-10.99701,0.01143,0.03635
22642,-9.82794,0.01935,0.04950
22643,-9.86686,0.01786,0.04747
22644,-1.25959,-0.05148,0.30904
22645,-1.34289,-0.05618,0.30043
22646,-1.16097,-0.04895,0.29733
22647,-8.34094,0.04254,0.07584
22648,-7.55514,0.05123,0.08458
22649,-6.68415,0.06023,0.09360
22650,-9.71651,0.02995,0.06152
22651,-8.76968,0.03910,0.07192
22652,0.92606,-0.07721,0.15904
22653,0.09710,-0.08459,0.17136
22654,1.35438,-0.07449,0.15301
22655,-13.57780,0.01171,0.03566
22656,-14.61499,0.00700,0.02605
22657,-14.99603,0.00596,0.02385
22658,-12.20127,0.01910,0.04763
22659,-13.75367,0.01057,0.03347
22660,9.25170,0.33319,0.38367
22661,9.61086,0.34053,0.39885
22662,13.78310,0.35488,0.47887
22663,-5.03284,-0.09326,0.58676
22664,-5.55050,-0.09968,0.55812
22665,-6.24621,0.06953,0.10104
22666,-7.00210,0.06109,0.09334
22667,-5.65445,0.07696,0.10760
22668,-7.31266,0.05725,0.08976
22669,-4.60747,0.09555,0.84921
22670,-5.88064,0.08188,0.86248
22671,-4.14071,0.10316,0.84237
22672,-1.40165,0.03645,0.12403
22673,-1.38966,0.04050,0.12734
22674,-9.25563,-0.32690,0.41255
22675,-9.53299,-0.33262,0.42604
22676,-9.60524,-0.21068,0.37225
22677,-2.93892,-0.09360,0.70537
22678,-12.60447,0.00615,0.02422
22679,-13.77465,0.00199,0.01175
22680,-12.03199,0.00956,0.03151
22681,5.86720,-0.04895,0.08976
22682,5.08261,-0.05805,0.09985
22683,4.97396,-0.06107,0.10231
22684,6.67509,-0.03859,0.07817
22685,5.63110,-0.04999,0.09165
22686,-1.31677,-0.02584,0.32293
22687,-1.32847,-0.02713,0.30734
22688,-1.59278,-0.03120,0.32480
22689,-1.14908,-0.02519,0.28553
22690,-1.43146,-0.02997,0.29964
22691,-13.41193,-0.33295,0.45052
22692,0.75319,-0.09576,0.15922
22693,1.12397,-0.08737,0.15152
22694,0.57662,-0.09616,0.16239
22695,1.07449,-0.09271,0.15344
22696,-1.53591,-0.03485,0.27829
22697,-0.98164,-0.02913,0.23701
22698,0.06362,-0.15789,0.17199
22699,-0.82300,-0.17277,0.18338
22700,1.15693,-0.14032,0.15862
22701,0.06470,-0.15792,0.17211
22702,-1.25553,-0.04575,0.77335
22703,-1.35942,-0.05198,0.78005
22704,-1.01611,-0.03793,0.77971
22705,8.78473,-0.02837,0.06246
22706,8.36974,-0.03311,0.06812
22707,0.51822,-0.01129,0.14064
22708,0.27618,-0.01269,0.15617
22709,-2.68712,-0.10898,0.31553
22710,-2.58068,-0.10818,0.30255
22711,-5.47577,-0.18030,0.52326
22712,-5.90115,-0.19464,0.52355
22713,1.03399,0.09662,0.20469
22714,-12.72275,-0.31125,0.41847
22715,-12.46468,-0.30516,0.40821
22716,-12.23533,-0.30545,0.39500
22717,-12.40225,-0.30095,0.40860
22718,-12.02827,-0.29870,0.39002
22719,3.12398,0.21387,0.21701
22720,3.22414,0.21560,0.21905
22721,2.22514,0.19689,0.20413
22722,3.91053,0.22888,0.22858
22723,3.85680,0.22787,0.22831
22724,0.98885,-0.08255,0.15851
22725,-1.02639,-0.03408,0.48772
22726,-0.77338,-0.02587,0.47625
22727,-1.23007,-0.04122,0.47445
22728,7.28458,0.13940,0.39875
22729,7.52822,0.14428,0.40259
22730,7.24694,0.14143,0.38388
22731,7.33101,0.13756,0.41660
22732,7.60491,0.14336,0.41944
22733,-8.99847,0.00643,0.02941
22734,-9.48442,0.00526,0.02609
22735,-8.39976,0.01091,0.04023
22736,12.41441,0.27796,0.51483
22737,11.94984,0.26738,0.53842
22738,12.11620,0.27393,0.53763
22739,12.62375,0.28343,0.49376
22740,12.47263,0.27708,0.49777
22741,5.22105,0.18997,0.39023
22742,-1.13667,-0.03757,0.49691
22743,-0.85489,-0.02838,0.48856
22744,-1.15900,-0.03871,0.48061
22745,4.75740,0.15357,0.55555
22746,4.46871,0.14340,0.56546
22747,4.43152,0.14315,0.55043
22748,8.07022,0.16123,0.38600
22749,8.41670,0.16534,0.40513
22750,8.47808,0.16909,0.39554
22751,8.55235,0.16522,0.42312
22752,8.78211,0.17122,0.42108
22753,11.03837,-0.01183,0.04480
22754,10.83866,-0.01215,0.04602
22755,12.56274,-0.00557,0.02889
22756,9.73315,-0.01889,0.05873
22757,2.47568,0.20209,0.74766
22758,4.22956,0.22407,0.72859
22759,-2.14227,0.07891,0.14374
22760,-2.08549,0.08129,0.14459
22761,-3.32784,0.06826,0.12929
22762,-1.22918,0.08736,0.15544
22763,-0.47822,0.09742,0.16523
22764,-11.27969,-0.36142,0.55600
22765,-11.20578,-0.35778,0.56938
22766,-11.43150,-0.36451,0.55891
22767,10.62141,0.36600,0.37287
22768,10.48518,0.36271,0.36540
22769,11.04702,0.37372,0.38356
22770,-4.25175,0.07549,0.11388
22771,-3.48494,0.08514,0.12360
22772,-3.92257,0.08167,0.11890
22773,-3.13357,0.09201,0.12899
22774,3.13710,0.10806,0.43994
22775,2.74667,0.09440,0.44120
22776,3.42393,0.11698,0.45184
22777,3.02900,0.10331,0.45258
22778,-4.38424,-0.10734,0.27856
22779,-3.92829,-0.10025,0.26834
22780,-4.60510,-0.10737,0.28977
22781,-13.00408,-0.30113,0.48625
22782,-13.12807,-0.30767,0.47646
22783,-13.06909,-0.30484,0.49567
22784,-12.91068,-0.29704,0.47741
22785,-13.00772,-0.30354,0.46363
22786,0.04443,0.00114,0.63277
22787,-0.03423,-0.00054,0.65194
22788,-8.62852,-0.30793,0.40791
22789,-8.95626,-0.31481,0.42451
22790,-8.37449,-0.30262,0.39546
22791,-8.22019,-0.29668,0.39795
22792,3.83772,-0.01756,0.09027
22793,3.07913,-0.02250,0.10552
22794,3.39641,-0.01885,0.09681
22795,9.82166,0.34834,0.34335
22796,9.44524,0.34148,0.33643
22797,9.12029,0.33421,0.32653
22798,10.38749,0.35951,0.35810
22799,10.11969,0.35492,0.35313
22800,5.07069,0.25050,0.24496
22801,4.84409,0.24562,0.24066
22802,5.89204,0.26598,0.25771
22803,3.94156,0.22882,0.22730
22804,-1.21875,-0.13933,0.19913
22805,-1.75875,-0.14824,0.21124
22806,-1.90749,-0.15444,0.21347
22807,-0.59831,-0.12636,0.18648
22808,-0.99293,-0.13213,0.19485
22809,13.02286,0.40134,0.48646
22810,13.00137,0.39926,0.50200
22811,12.97464,0.40193,0.47070
22812,-0.74227,-0.06121,0.20927
22813,-0.59741,-0.06195,0.19970
22814,-0.80627,-0.05853,0.21659
22815,-1.02566,-0.06720,0.22442
22816,-5.98602,-0.23543,0.33720
22817,-5.56104,-0.22394,0.32522
22818,-6.42084,-0.24715,0.34975
22819,-2.94488,0.01750,0.10079
22820,-13.43617,0.03870,0.91232
22821,-12.72404,0.04580,0.90347
22822,-0.95406,-0.13690,0.18274
22823,-2.65525,-0.16274,0.20471
22824,-3.65044,-0.17626,0.21846
22825,13.46506,0.39778,0.46002
22826,13.39176,0.39537,0.44859
22827,13.58339,0.39602,0.46612
22828,13.26642,0.39227,0.43633
22829,13.52525,0.39429,0.45514
22830,-0.16494,-0.00378,0.66137
22831,-0.18047,-0.00341,0.63073
22832,-0.12559,-0.00385,0.69391
22833,0.00801,0.00047,0.67856
22834,1.63637,0.10198,0.23015
22835,1.28714,0.09456,0.21716
22836,1.38629,0.09946,0.21886
22837,1.63185,0.09776,0.23384
22838,-0.56045,-0.02537,0.20844
22839,-0.85412,-0.02733,0.22936
22840,6.24355,0.24399,0.34012
22841,6.42132,0.24642,0.35117
22842,6.30009,0.24766,0.33655
22843,7.98085,-0.05217,0.08468
22844,6.99667,-0.06277,0.09485
22845,8.48819,-0.04745,0.08005
22846,7.63979,0.25116,0.54101
22847,-9.13051,-0.29654,0.61379
22848,-8.78978,-0.28642,0.62690
22849,-8.96107,-0.29220,0.62885
22850,-9.14412,-0.29669,0.60488
22851,-8.84869,-0.28753,0.61752
22852,3.71328,-0.02985,0.08758
22853,9.89846,0.32046,0.62695
22854,9.46889,0.30990,0.64129
22855,9.47251,0.30941,0.63831
22856,-1.75368,-0.15448,0.78774
22857,-8.24519,-0.22298,0.30296
22858,-8.82192,-0.22843,0.31752
22859,-7.87587,-0.21472,0.29708
22860,-8.71108,-0.23242,0.31138
22861,-9.14862,-0.23569,0.32331
22862,-11.75142,-0.38047,0.50281
22863,-11.93322,-0.38369,0.50724
22864,-11.79443,-0.38376,0.48658
22865,-11.66337,-0.37636,0.51691
22866,-11.79836,-0.37933,0.51707
22867,-5.99746,0.06332,0.09790
22868,-5.48903,0.06856,0.10323
22869,-6.45949,0.05879,0.09324
22870,-12.83854,-0.39625,0.42883
22871,-12.47212,-0.39102,0.41198
22872,-12.60982,-0.39467,0.42186
22873,-13.05561,-0.39756,0.43698
22874,-12.69463,-0.39242,0.41759
22875,0.01681,-0.05750,0.17314
22876,0.63504,-0.05000,0.16029
22877,-0.78429,-0.06495,0.19035
22878,-0.39030,-0.05912,0.18210
22879,-3.28628,-0.14687,0.28495
22880,-3.43316,-0.15379,0.28471
22881,-2.96900,-0.14116,0.26988
22882,-10.71338,-0.35668,0.48694
22883,-10.89890,-0.36263,0.48182
22884,-10.50973,-0.35007,0.49188
22885,-7.63894,0.03376,0.08172
22886,-6.88497,0.04035,0.09028
22887,-8.75852,0.02687,0.07056
22888,19.63809,-0.03438,0.91658
22889,21.87595,-0.02717,0.92699
22890,17.92960,-0.04295,0.90429
22891,22.75963,-0.02543,0.92891
22892,-3.33488,0.09427,0.12872
22893,-3.74347,0.08961,0.12395
22894,-2.55451,0.10713,0.13922
22895,-13.44596,-0.33651,0.51999
22896,-13.57399,-0.34377,0.51500
22897,3.83532,0.12397,0.24096
22898,6.66959,0.28237,0.29112
22899,6.78967,0.28559,0.29179
22900,7.30240,0.29631,0.30452
22901,6.06405,0.26946,0.27791
22902,1.02461,0.15204,0.18337
22903,1.09248,0.15457,0.18415
22904,-0.06542,0.13786,0.17023
22905,1.91016,0.16365,0.19446
22906,-0.04882,0.00265,0.76117
22907,0.02325,0.00383,0.73398
22908,-0.12839,0.00209,0.79247
22909,-0.17654,0.00415,0.77847
22910,0.93588,-0.12474,0.16002
22911,0.33871,-0.13380,0.16701
22912,0.40164,-0.13427,0.16624
22913,-0.78242,-0.14956,0.18037
22914,-8.85278,0.03112,0.07320
22915,-0.88547,0.00290,0.93719
22916,-1.33968,0.00304,0.94548
22917,-0.93083,0.00182,0.94910
22918,5.47576,-0.06570,0.87546
22919,5.09939,-0.06513,0.87498
22920,6.78180,-0.05172,0.89116
22921,-9.67262,-0.31525,0.65001
22922,-9.20170,-0.30610,0.65972
22923,-0.09654,0.01541,0.15965
22924,-0.19970,0.01399,0.14757
22925,-0.19017,0.01764,0.15246
22926,-0.03463,0.01247,0.16596
22927,7.91198,0.29986,0.35163
22928,7.53205,0.29113,0.33996
22929,-0.10451,-0.00391,0.35856
22930,-0.37215,-0.01371,0.36742
22931,0.16624,0.00611,0.36416
22932,-0.10847,-0.00395,0.37678
22933,-6.24849,0.01149,0.04730
22934,-10.63757,-0.34583,0.54637
22935,-10.85796,-0.35328,0.53574
22936,-10.54243,-0.34147,0.56088
22937,-10.77199,-0.34839,0.55522
22938,0.66664,-0.04508,0.15886
22939,1.19084,-0.04192,0.14798
22940,0.38711,-0.04984,0.16518
22941,0.94685,-0.04076,0.15218
22942,-6.23410,0.03093,0.84036
22943,-3.51194,-0.21814,0.21828
22944,-13.72602,-0.39439,0.48645
22945,-13.80497,-0.38925,0.49316
22946,-3.62681,-0.14733,0.31783
22947,-3.29772,-0.13559,0.31198
22948,-3.58818,-0.14319,0.32566
22949,-11.20172,0.08242,0.85421
22950,-8.02115,0.10368,0.83176
22951,6.09472,0.19611,0.58113
22952,6.05442,0.19391,0.59783
22953,-0.76555,-0.12495,0.19037
22954,-0.16311,-0.11569,0.17767
22955,9.93557,-0.03550,0.06845
22956,11.71036,-0.02274,0.05260
22957,10.89794,-0.02830,0.05965
22958,9.05519,-0.04267,0.07657
22959,10.40102,-0.03168,0.06419
22960,5.01914,0.14694,0.67419
22961,5.22499,0.14554,0.66830
22962,4.92350,0.14949,0.67783
22963,6.23051,0.16157,0.65414
22964,-2.37080,-0.19853,0.20300
22965,-1.97651,-0.19121,0.19747
22966,-1.26966,-0.17957,0.18846
22967,12.99753,0.31500,0.53287
22968,13.28325,0.32385,0.51801
22969,5.77788,-0.01166,0.04968
22970,5.42542,-0.01606,0.05901
22971,6.00680,-0.00876,0.04267
22972,-2.10730,-0.08071,0.34327
22973,-2.09745,-0.07875,0.35586
22974,-2.40413,-0.08999,0.35895
22975,3.44920,0.06241,0.58786
22976,4.91474,-0.06859,0.11505
22977,4.36073,-0.07523,0.12115
22978,4.92502,-0.07033,0.11529
22979,3.19666,-0.08843,0.13386
22980,-4.27124,-0.22611,0.24938
22981,-4.88097,-0.24041,0.26015
22982,-3.75714,-0.21394,0.24036
22983,4.34146,-0.02737,0.09849
22984,4.92439,-0.02466,0.09088
22985,-2.04006,-0.12280,0.23451
22986,-2.45507,-0.13192,0.24851
22987,-2.38189,-0.13329,0.24322
22988,-3.49798,-0.21982,0.22565
22989,-3.50944,-0.22053,0.22514
22990,-2.50866,-0.20082,0.20987
22991,-4.34788,-0.23665,0.24003
22992,-4.50748,-0.24028,0.24166
22993,-11.67529,-0.24910,0.45961
22994,-11.63212,-0.24577,0.47925
22995,-11.50140,-0.24191,0.46861
22996,-11.84100,-0.25623,0.45350
22997,-1.87064,0.06324,0.14460
22998,4.47089,0.21834,0.74066
22999,5.65814,0.23698,0.72330
23000,5.47120,0.23570,0.72549
23001,3.37980,0.20025,0.75627
23002,4.61665,0.21831,0.73962
23003,-3.13836,-0.08248,0.25960
23004,-2.67720,-0.07940,0.24270
23005,-3.46404,-0.08822,0.26609
23006,-2.43708,-0.07431,0.23913
23007,4.89568,0.24639,0.24105
23008,4.32729,0.23607,0.23285
23009,5.26467,0.25271,0.24618
23010,1.06080,-0.01162,0.09787
23011,1.11271,-0.01448,0.10343
23012,12.92960,0.39763,0.50762
23013,14.08516,-0.00518,0.02472
23014,15.77627,-0.00154,0.01096
23015,12.29793,-0.01190,0.04095
23016,-10.23591,-0.35183,0.43590
23017,-10.24261,-0.35076,0.44302
23018,-10.23114,-0.35287,0.42945
23019,-3.50846,-0.13211,0.22820
23020,-3.55934,-0.13479,0.22816
23021,4.16183,-0.03995,0.11093
23022,3.14824,-0.04924,0.12559
23023,2.92401,-0.04921,0.12793
23024,5.19509,-0.03284,0.09746
23025,1.81682,-0.03247,0.13363
23026,1.46078,-0.03339,0.14031
23027,1.31916,-0.03809,0.14530
23028,0.49510,0.15710,0.79350
23029,1.82386,0.17630,0.77694
23030,0.23062,0.15701,0.79433
23031,0.76201,0.15799,0.79197
23032,1.88731,0.17429,0.77779
23033,2.04593,-0.03593,0.88488
23034,1.65166,-0.04375,0.87382
23035,2.42845,-0.02924,0.89568
23036,8.37186,-0.04202,0.08151
23037,6.89249,-0.05444,0.09584
23038,5.69492,-0.03734,0.09679
23039,6.64108,-0.03162,0.08635
23040,4.88838,-0.04520,0.10756
23041,-10.09952,-0.34108,0.47377
23042,-10.03528,-0.33714,0.48503
23043,-10.16396,-0.34486,0.46330
23044,-9.90379,-0.33812,0.45729
23045,-1.01908,-0.03153,0.62726
23046,-1.39410,-0.04311,0.63200
23047,-1.38857,-0.04311,0.61863
23048,-0.63744,-0.01969,0.63483
23049,-0.99474,-0.03068,0.64092
23050,3.74952,0.19053,0.71544
23051,5.27516,0.20851,0.69744
23052,2.12229,0.17579,0.73407
23053,4.12669,0.19742,0.71210
23054,0.06770,0.00200,0.69996
23055,0.35235,0.01077,0.69036
23056,-0.32226,-0.00999,0.69582
23057,-0.04633,-0.00152,0.68683
23058,2.44982,-0.14862,0.78832
23059,1.55022,-0.15761,0.78152
23060,4.46182,-0.13141,0.80609
23061,-0.41959,-0.17757,0.76403
23062,2.17070,-0.15217,0.78824
23063,-0.35825,0.03151,0.15190
23064,-0.59603,0.02936,0.14059
23065,-0.37595,0.03492,0.15283
23066,10.82256,0.22640,0.43200
23067,11.00918,0.23260,0.43132
23068,10.65602,0.22751,0.41092
23069,10.86490,0.22352,0.45263
23070,11.07688,0.23033,0.45168
23071,-4.82604,0.07811,0.86354
23072,11.58323,-0.01473,0.04743
23073,11.08880,-0.01632,0.05107
23074,12.86297,-0.00881,0.03517
23075,10.87389,-0.01889,0.05471
23076,10.12238,-0.02252,0.06119
23077,0.34581,0.10054,0.18210
23078,0.95942,0.11219,0.19755
23079,2.38937,0.04065,0.53728
23080,2.22023,0.03739,0.51737
23081,-0.94724,-0.04588,0.20555
23082,-0.49168,-0.03993,0.19108
23083,-10.48986,0.03072,0.06369
23084,-8.75911,0.04473,0.07968
23085,-10.62172,0.02969,0.06253
23086,-6.35192,-0.20546,0.57144
23087,-6.98513,-0.22645,0.57323
23088,6.23701,0.27535,0.27414
23089,-6.05173,-0.16182,0.27885
23090,-5.27724,-0.15313,0.26179
23091,-6.89235,-0.17288,0.29752
23092,9.71744,0.18833,0.48084
23093,9.46521,0.18183,0.48664
23094,9.48835,0.18300,0.50699
23095,9.78595,0.19160,0.45849
23096,9.54543,0.18494,0.46089
23097,6.00302,0.15235,0.28619
23098,-1.28111,-0.02136,0.51008
23099,-1.18909,-0.01998,0.46521
23100,-4.48579,0.06149,0.11692
23101,-11.27884,-0.26852,0.38199
23102,-11.71371,-0.27701,0.39541
23103,-11.71795,-0.27245,0.40235
23104,-10.70650,-0.26168,0.36193
23105,-11.07590,-0.26958,0.37071
23106,-0.43997,0.01875,0.13706
23107,-0.34356,0.02301,0.14694
23108,-0.25535,0.02077,0.15044
23109,-0.64519,0.01650,0.12337
23110,-0.57277,0.02040,0.13254
23111,-5.78097,-0.15178,0.27864
23112,-6.00029,-0.15185,0.28651
23113,0.31482,0.11428,0.81610
23114,0.60712,0.12323,0.80985
23115,-5.42303,-0.13145,0.28841
23116,-5.58458,-0.13586,0.28916
23117,-0.01480,-0.07697,0.17323
23118,-2.38451,-0.09817,0.30901
23119,-2.67142,-0.10691,0.32182
23120,-2.12400,-0.09045,0.29633
23121,-0.62517,-0.07767,0.18439
23122,0.44112,-0.06653,0.16561
23123,-0.27465,-0.07207,0.17837
23124,-6.47307,0.03281,0.07442
23125,-7.33726,0.02391,0.06198
23126,-7.41595,0.02497,0.06294
23127,-5.49833,0.04204,0.08694
23128,-6.49141,0.03064,0.07224
23129,-2.16826,-0.09045,0.21551
23130,-2.74691,-0.09484,0.22932
23131,-0.79812,-0.07662,0.20308
23132,-0.68322,-0.07708,0.19751
23133,-1.01144,-0.08017,0.21216
23134,13.07829,0.34468,0.55214
23135,0.73249,-0.00162,0.87525
23136,0.61782,-0.00427,0.82328
23137,1.05170,-0.00338,0.85625
23138,-3.81751,-0.12399,0.53639
23139,-4.21405,-0.13701,0.53787
23140,-3.96743,-0.12812,0.54931
23141,3.93484,-0.07186,0.12497
23142,3.76735,-0.07156,0.12641
23143,6.69508,-0.04655,0.09518
23144,5.32616,-0.05940,0.10997
23145,1.85344,0.08312,0.28001
23146,1.89653,0.08256,0.28820
23147,-13.73957,-0.35918,0.45785
23148,-13.81024,-0.36290,0.46536
23149,-13.83325,-0.35823,0.48020
23150,-13.56632,-0.35773,0.44102
23151,-2.84178,-0.12812,0.70790
23152,-2.81530,-0.12365,0.70728
23153,-3.13506,-0.13403,0.70503
23154,-7.09301,-0.16147,0.62696
23155,-5.90501,-0.15012,0.65397
23156,-5.99955,-0.14713,0.64839
23157,-8.04125,-0.17491,0.60606
23158,-4.50750,-0.14299,0.60047
23159,7.48339,0.24691,0.27583
23160,6.48446,0.23018,0.25936
23161,8.41335,0.25987,0.29281
23162,8.80661,-0.02172,0.06621
23163,9.07886,-0.02125,0.06459
23164,7.45296,-0.03083,0.08129
23165,10.50731,-0.01339,0.04942
23166,-2.72807,0.11472,0.14040
23167,3.88703,0.11718,0.24768
23168,4.66220,0.12487,0.26660
23169,4.47471,0.12746,0.25780
23170,-8.81959,-0.29269,0.52296
23171,-9.09173,-0.30212,0.51894
23172,-8.85868,-0.29639,0.50619
23173,-9.03998,-0.29865,0.53221
23174,-9.87407,-0.33679,0.45816
23175,-9.56792,-0.32960,0.44638
23176,-9.69535,-0.33020,0.46401
23177,-10.05348,-0.34244,0.45684
23178,-9.80555,-0.33749,0.44342
23179,-1.43322,0.00107,0.03030
23180,-1.22592,0.00057,0.02376
23181,-1.76117,0.00091,0.02486
23182,-1.09905,-0.04158,0.78095
23183,3.86436,0.12161,0.24322
23184,3.27724,0.11684,0.23009
23185,2.87239,0.11004,0.22349
23186,2.81651,0.14489,0.21018
23187,1.57637,0.12947,0.19244
23188,3.60667,0.15698,0.22152
23189,2.18248,0.13923,0.20056
23190,13.32112,0.33172,0.44264
23191,13.43317,0.32918,0.46215
23192,13.52581,0.33498,0.46410
23193,13.02666,0.32941,0.42168
23194,13.85457,0.36660,0.48695
23195,13.85220,0.36883,0.49448
23196,13.85773,0.37121,0.47442
23197,13.81202,0.36220,0.49570
23198,7.79528,0.21214,0.29575
23199,8.37745,0.21866,0.30941
23200,7.01711,0.20300,0.27935
23201,-8.01879,-0.29115,0.39260
23202,-11.93636,-0.26676,0.43013
23203,-11.89964,-0.26180,0.44045
23204,-11.93074,-0.27102,0.41994
23205,-10.09907,-0.34538,0.44818
23206,-10.38016,-0.35223,0.45599
23207,-10.15854,-0.34908,0.43787
23208,-10.28969,-0.34818,0.46389
23209,8.48385,0.30982,0.29884
23210,-13.49051,-0.39957,0.49321
23211,-13.54199,-0.39939,0.48782
23212,-13.53492,-0.39584,0.50754
23213,-0.40132,-0.00685,0.57688
23214,-0.87697,-0.01489,0.55262
23215,-0.66745,-0.01152,0.57602
23216,-5.91565,-0.10422,0.51233
23217,-6.04693,-0.10649,0.48743
23218,-6.26246,-0.11087,0.50430
23219,-5.71411,-0.10001,0.50360
23220,2.97114,-0.13600,0.81341
23221,4.95452,-0.11786,0.82953
23222,3.79214,-0.12993,0.81825
23223,2.62386,-0.13728,0.81261
23224,4.73716,-0.11790,0.82983
23225,9.39828,0.33139,0.41185
23226,-4.43828,0.01098,0.86740
23227,-4.19346,0.01374,0.85457
23228,-8.74482,0.04568,0.07874
23229,-8.00750,0.05259,0.08556
23230,-9.50670,0.03909,0.07185
23231,-8.15751,0.05146,0.08466
23232,4.05487,-0.11108,0.83612
23233,4.07285,-0.10738,0.83915
23234,5.81177,-0.09338,0.85276
23235,2.06949,-0.12917,0.81926
23236,-0.20598,0.00451,0.11856
23237,-0.20422,0.00646,0.12902
23238,-0.12775,0.00445,0.13150
23239,-0.31582,0.00720,0.11994
23240,-1.27358,0.01305,0.11894
23241,-2.31635,0.00643,0.07684
23242,-2.38224,0.00475,0.06718
23243,-3.90544,0.04369,0.80575
23244,-2.34898,0.04606,0.78590
23245,-15.42040,0.04206,0.90799
23246,-19.73885,0.02407,0.93315
23247,-0.07501,0.11487,0.17315
23248,-0.79659,0.10064,0.15932
23249,-0.70805,0.10513,0.16135
23250,0.46170,0.12328,0.18378
23251,-0.15972,0.11031,0.17138
23252,-2.75328,-0.04719,0.43831
23253,-2.48678,-0.04272,0.43083
23254,-2.89825,-0.04912,0.46243
23255,-2.51894,-0.04275,0.45313
23256,4.63382,-0.05132,0.88557
23257,4.92646,-0.04548,0.89217
23258,6.35511,-0.03803,0.90425
23259,3.45373,-0.05842,0.87447
23260,0.49274,0.03915,0.72725
23261,0.57623,0.04305,0.72646
23262,1.32184,0.04629,0.70063
23263,7.97460,0.26048,0.55957
23264,8.06662,0.26261,0.57134
23265,2.98846,0.19446,0.76141
23266,4.06995,0.21211,0.74625
23267,-6.62662,-0.25936,0.70560
23268,-5.41205,-0.23964,0.72355
23269,-11.93223,-0.36646,0.58376
23270,-11.73874,-0.36019,0.59371
23271,-0.89387,0.01819,0.13799
23272,-0.74359,0.01775,0.14208
23273,0.13741,0.02196,0.18743
23274,0.22593,0.02654,0.19453
23275,0.04322,0.01712,0.17710
23276,0.03272,0.02151,0.17499
23277,-3.27785,-0.21179,0.74571
23278,-5.02708,-0.23582,0.72486
23279,8.08553,0.16727,0.59260
23280,8.43552,0.17445,0.58699
23281,7.13812,0.15513,0.61801
23282,7.55856,0.16348,0.61187
23283,1.73925,0.06322,0.22266
23284,0.99650,0.05439,0.20237
23285,1.54866,0.05837,0.22013
23286,0.98832,0.05652,0.20070
23287,-4.15922,0.12749,0.79493
23288,0.48464,0.17020,0.75503
23289,-0.94056,-0.07072,0.21517
23290,-0.88250,-0.06622,0.21524
23291,-1.21036,-0.07452,0.23056
23292,-0.67266,-0.06638,0.20198
23293,-0.65711,-0.06269,0.20323
23294,1.88356,0.17100,0.77955
23295,1.05631,0.17205,0.18467
23296,-12.29036,-0.37584,0.56769
23297,-12.10528,-0.36960,0.57891
23298,-12.45217,-0.37792,0.56443
23299,-6.47296,-0.22442,0.44767
23300,-6.61615,-0.22689,0.46317
23301,-6.82647,-0.23553,0.45555
23302,-6.71253,-0.22790,0.47850
23303,-11.86824,-0.30117,0.38055
23304,-12.27318,-0.30855,0.39442
23305,-12.35049,-0.30619,0.40027
23306,-11.29563,-0.29454,0.36141
23307,-11.90844,-0.30646,0.37899
23308,-12.83625,-0.36506,0.56682
23309,-12.45856,-0.35855,0.58033
23310,-12.25157,-0.35198,0.58761
23311,-13.20215,-0.37578,0.54886
23312,-12.84267,-0.36840,0.56543
23313,3.88049,0.20054,0.25553
23314,4.51768,0.21862,0.26694
23315,-6.88498,0.05575,0.09615
23316,-7.37264,0.05038,0.09094
23317,-5.63273,0.06701,0.10848
23318,11.63214,0.36833,0.55917
23319,11.52349,0.36347,0.57374
23320,11.66250,0.37101,0.54765
23321,-5.76226,0.06960,0.10818
23322,-4.37331,0.08488,0.12246
23323,-3.90041,0.03845,0.09425
23324,-3.30054,0.04716,0.10620
23325,-3.36759,0.04339,0.10286
23326,-4.27841,0.03670,0.08986
23327,-11.86612,-0.35634,0.59616
23328,3.38592,-0.01058,0.06041
23329,2.98414,-0.01246,0.06834
23330,3.00403,-0.01473,0.07286
23331,3.82851,-0.00678,0.04673
23332,3.37141,-0.00814,0.05400
23333,0.04694,-0.00435,0.16570
23334,0.15121,-0.00469,0.14931
23335,0.03353,-0.00689,0.17153
23336,0.03551,-0.00237,0.16240
23337,0.11851,-0.00278,0.14278
23338,0.67195,0.01306,0.32760
23339,0.87331,0.01679,0.33099
23340,10.70857,0.25071,0.58657
23341,11.34968,0.25855,0.56437
23342,10.42951,0.24249,0.58960
23343,-5.74910,-0.24767,0.29640
23344,-6.23399,-0.26028,0.30659
23345,-5.68207,-0.24800,0.29181
23346,-5.83322,-0.24769,0.30166
23347,-6.28538,-0.25956,0.31148
23348,-1.79882,-0.03204,0.58872
23349,-1.70822,-0.03189,0.61048
23350,0.53851,0.01215,0.27904
23351,0.38320,0.01059,0.24482
23352,8.84122,0.18240,0.57872
23353,8.57789,0.18153,0.59175
23354,9.29487,0.19111,0.56846
23355,8.03788,0.17217,0.60315
23356,-10.72253,-0.34772,0.54849
23357,-10.88557,-0.35411,0.53411
23358,-10.64305,-0.34690,0.53730
23359,4.35458,0.16447,0.35845
23360,4.03347,0.15384,0.35115
23361,4.93566,0.24592,0.25523
23362,7.76176,0.30744,0.30726
23363,7.32921,0.29796,0.29994
23364,8.23357,0.31753,0.31590
23365,8.42312,0.32150,0.32256
23366,-12.88797,-0.35485,0.40328
23367,-12.97215,-0.35238,0.40714
23368,-5.24614,-0.17413,0.50875
23369,-5.25921,-0.17322,0.52273
23370,1.76474,-0.03968,0.13853
23371,1.40678,-0.04457,0.14611
23372,3.07490,-0.02806,0.11266
23373,-0.86326,-0.08684,0.20185
23374,-0.39203,-0.07821,0.18586
23375,-0.98689,-0.09552,0.20361
23376,4.03075,0.06989,0.43848
23377,-2.89509,-0.09896,0.69366
23378,-1.54925,-0.08626,0.71753
23379,-3.08543,-0.09783,0.68812
23380,0.68156,-0.00519,0.11029
23381,0.63812,-0.00375,0.10175
23382,0.47942,-0.00695,0.12998
23383,-9.20366,-0.30322,0.64659
23384,-8.84483,-0.29375,0.65414
23385,-8.56309,-0.28816,0.66398
23386,-9.78059,-0.31760,0.62849
23387,-9.48230,-0.30933,0.63366
23388,3.21849,0.12924,0.32121
23389,3.52018,0.13781,0.33459
23390,3.27599,0.12786,0.33500
23391,3.15106,0.12971,0.31082
23392,3.42399,0.13756,0.32173
23393,-3.52975,-0.11964,0.46503
23394,-7.28395,-0.21393,0.66140
23395,-10.10219,-0.24782,0.60727
23396,1.91933,-0.12795,0.14933
23397,1.27808,-0.13765,0.15674
23398,0.86794,-0.14352,0.16151
23399,3.01623,-0.11229,0.13697
23400,2.40319,-0.12111,0.14381
23401,3.78348,-0.06614,0.12465
23402,-0.64529,-0.16601,0.17952
23403,-1.70006,-0.18241,0.19260
23404,-0.44456,-0.16202,0.17695
23405,-0.76611,-0.16859,0.18114
23406,-1.65985,-0.18280,0.19230
23407,14.79376,-0.00640,0.02577
23408,13.65885,-0.01107,0.03588
23409,13.08355,-0.01340,0.04030
23410,-3.02353,-0.21186,0.21679
23411,-3.21387,-0.21576,0.21921
23412,-2.31873,-0.19880,0.20592
23413,-3.73786,-0.22549,0.22829
23414,-4.04268,-0.23172,0.23229
23415,-12.13689,-0.38260,0.53646
23416,-12.31211,-0.38661,0.53083
23417,-12.19092,-0.38663,0.51990
23418,-11.96394,-0.37712,0.54883
23419,3.60880,-0.02301,0.10134
23420,3.26278,0.13526,0.30832
23421,-12.49252,-0.37739,0.39564
23422,-12.71941,-0.37865,0.40282
23423,-12.31246,-0.37156,0.38740
23424,-13.04453,-0.38184,0.41573
23425,-12.69481,-0.37612,0.40052
23426,-1.08480,0.13891,0.15934
23427,-2.18909,0.12164,0.14560
23428,-1.27920,0.13653,0.15699
23429,1.25262,0.13636,0.18686
23430,3.42363,0.11472,0.48013
23431,2.99088,0.10042,0.47521
23432,1.33986,0.09261,0.22123
23433,1.33946,0.08821,0.22473
23434,8.18354,0.29855,0.38524
23435,7.40180,0.27799,0.36394
23436,5.77874,-0.00184,0.01912
23437,6.25940,-0.00075,0.01054
23438,6.32345,-0.00057,0.00876
23439,5.20374,-0.00454,0.03297
23440,5.84276,-0.00255,0.02275
23441,10.39919,0.30105,0.33217
23442,11.15018,0.31207,0.35070
23443,10.90019,0.31159,0.34367
23444,-4.24592,-0.15892,0.23364
23445,-4.18352,-0.16089,0.23165
23446,-0.69973,-0.03775,0.72012
23447,-1.25291,-0.04454,0.70282
23448,-0.28660,-0.03751,0.73559
23449,-0.93085,-0.03678,0.70748
23450,-1.48258,-0.04312,0.68896
23451,-1.10887,-0.07958,0.21825
23452,-1.56992,-0.09655,0.23128
23453,-7.21591,-0.13208,0.53400
23454,-7.62471,-0.14354,0.54997
23455,-7.07244,-0.13500,0.57076
23456,-5.18475,-0.08983,0.49991
23457,-5.02817,-0.08734,0.52020
23458,-4.87627,-0.08414,0.51198
23459,-5.51187,-0.09606,0.49090
23460,-5.73972,-0.23055,0.24663
23461,-6.24316,-0.24027,0.25429
23462,-1.64484,0.13229,0.15272
23463,-0.98388,0.14249,0.16075
23464,-2.39922,0.12037,0.14360
23465,-6.36673,0.00424,0.04021
23466,-8.10529,0.09268,0.85263
23467,-10.34358,0.07493,0.87056
23468,0.70892,-0.05548,0.85443
23469,0.07014,-0.03388,0.85187
23470,0.73460,-0.02746,0.87419
23471,0.35383,-0.03348,0.86044
23472,-4.70773,-0.24279,0.24891
23473,11.91346,0.33827,0.59653
23474,11.77973,0.33195,0.59943
23475,1.09698,-0.04915,0.15255
23476,1.38292,-0.04846,0.14760
23477,0.31122,-0.05744,0.16788
23478,3.24063,0.20128,0.23128
23479,-3.27640,-0.05546,0.51616
23480,-3.26446,-0.05514,0.49301
23481,-3.53958,-0.05993,0.49567
23482,-3.02418,-0.18892,0.20863
23483,-5.17849,-0.22448,0.23851
23484,1.80806,-0.02578,0.10613
23485,1.68706,-0.03304,0.11600
23486,-0.25816,-0.01436,0.24083
23487,-0.27092,-0.01715,0.22678
23488,-0.15917,-0.00995,0.22889
23489,-0.38834,-0.02146,0.24115
23490,-4.52878,0.00554,0.05277
23491,-3.74997,0.00967,0.07322
23492,11.65469,-0.06939,0.84827
23493,15.64941,-0.05093,0.87469
23494,15.00059,-0.05206,0.87082
23495,12.09151,-0.06876,0.85128
23496,1.31359,-0.01011,0.10990
23497,1.68426,-0.00766,0.09261
23498,1.68431,-0.00908,0.09811
23499,2.13229,-0.00627,0.07861
23500,5.20806,-0.02334,0.08753
23501,4.97472,-0.02367,0.08964
23502,4.24876,-0.03084,0.10293
23503,4.08976,-0.03039,0.10399
23504,2.66087,-0.02950,0.11911
23505,4.07312,-0.02142,0.09478
23506,-11.98888,0.01962,0.04760
23507,-14.72753,0.00615,0.02406
23508,-14.36641,0.00893,0.03015
23509,9.60951,-0.03468,0.06663
23510,1.50379,0.06240,0.30326
23511,1.75055,0.07176,0.30841
23512,1.29221,0.05449,0.29724
23513,1.34063,0.05804,0.28880
23514,-4.26043,-0.07763,0.58292
23515,-3.80762,-0.07009,0.59563
23516,-4.26068,-0.07542,0.56549
23517,-3.75972,-0.07287,0.61502
23518,6.44573,-0.06017,0.10073
23519,6.22609,-0.06326,0.10320
23520,4.96522,-0.07555,0.11592
23521,7.95324,-0.04607,0.08568
23522,7.79064,-0.04822,0.08757
23523,3.03109,0.14471,0.71072
23524,-2.20430,-0.07114,0.72564
23525,-1.86005,-0.06064,0.73568
23526,0.78615,-0.01514,0.13713
23527,0.32261,-0.01866,0.15924
23528,1.04405,-0.01506,0.12908
23529,-1.31661,0.01750,0.12677
23530,-1.01536,0.01795,0.13499
23531,-1.86230,0.01359,0.10797
23532,-1.50512,0.01454,0.11702
23533,8.23205,0.27054,0.64930
23534,8.67338,0.28249,0.63121
23535,7.92746,0.26561,0.66706
23536,7.79052,0.26021,0.66674
23537,-6.04405,-0.24436,0.32273
23538,-5.49125,-0.22957,0.30879
23539,-8.27697,-0.28630,0.45207
23540,-7.92913,-0.27738,0.43763
23541,-8.54482,-0.29266,0.46595
23542,-8.57373,-0.29609,0.45300
23543,-0.15012,0.13357,0.17239
23544,-0.97181,0.11951,0.15933
23545,0.06840,0.13577,0.17597
23546,8.50421,0.31807,0.35335
23547,-10.32320,0.08594,0.85463
23548,-10.52860,0.08337,0.85836
23549,-7.46139,0.10579,0.83563
23550,-11.73486,0.07763,0.86252
23551,-14.00960,0.06388,0.87804
23552,7.50923,0.24241,0.61143
23553,9.21342,0.17642,0.46648
23554,8.92791,0.16907,0.47360
23555,9.06831,0.17217,0.49122
23556,-3.99008,-0.07218,0.38877
23557,-4.18787,-0.07411,0.41294
23558,-3.51495,-0.06234,0.40217
23559,6.81229,0.25738,0.70404
23560,1.15145,-0.00786,0.10634
23561,1.42031,-0.00595,0.09043
23562,1.55126,-0.00680,0.09168
23563,1.50266,-0.00423,0.07803
23564,1.78793,-0.00458,0.07483
23565,-5.89709,0.07969,0.80670
23566,-3.51261,0.09399,0.78449
23567,9.83548,0.33911,0.32939
23568,10.56296,0.35307,0.34688
23569,10.05563,0.34486,0.33592
23570,10.39509,0.34785,0.34090
23571,-0.18726,-0.14561,0.17754
23572,0.03808,-0.14305,0.17393
23573,0.55621,-0.13280,0.16608
23574,11.62429,0.38523,0.41482
23575,-4.33993,0.00211,0.03337
23576,-5.09459,0.00066,0.01493
23577,-4.52911,0.00083,0.01938
23578,-4.12412,0.00362,0.04516
23579,-4.92368,0.00135,0.02429
23580,1.67069,-0.08925,0.14412
23581,1.12097,-0.09639,0.15349
23582,0.88686,-0.10312,0.15820
23583,9.81530,0.23421,0.60583
23584,9.19686,0.22889,0.62158
23585,10.29946,0.24510,0.59775
23586,9.37054,0.22538,0.61303
23587,8.63342,0.21779,0.63027
23588,-2.31187,-0.19949,0.74676
23589,10.47804,0.29319,0.33593
23590,10.28098,0.29388,0.33033
23591,10.50830,0.29018,0.33770
23592,6.02773,0.23798,0.69781
23593,4.93096,0.22255,0.71037
23594,6.81318,0.25026,0.68833
23595,-4.48668,0.01293,0.05789
23596,-2.05164,-0.05032,0.26430
23597,12.17520,0.38487,0.52642
23598,-21.84329,0.03292,0.91090
23599,-19.99890,0.03972,0.90171
23600,-27.75214,0.01642,0.94020
23601,-26.01832,0.02070,0.93231
23602,-6.55222,-0.26336,0.32360
23603,-3.72879,-0.15824,0.75750
23604,-3.10158,-0.14464,0.77058
23605,-4.86662,0.06047,0.80459
23606,-4.09888,0.07153,0.79369
23607,-3.96462,-0.15856,0.22837
23608,3.79767,0.11028,0.67983
23609,3.98669,0.10808,0.67259
23610,2.65103,0.09857,0.70038
23611,5.05952,0.12115,0.65188
23612,11.42229,0.37767,0.46760
23613,11.46156,0.37960,0.45947
23614,11.17556,0.37280,0.46025
23615,0.74324,-0.03302,0.13830
23616,0.93086,-0.03372,0.13325
23617,1.61986,-0.09615,0.15119
23618,1.48723,-0.09592,0.15271
23619,1.91821,-0.09438,0.14775
23620,0.59138,-0.10931,0.16380
23621,8.07296,-0.00560,0.03826
23622,8.56046,-0.00357,0.02915
23623,9.33960,-0.00177,0.01846
23624,0.08165,-0.00964,0.15624
23625,0.02830,-0.01173,0.16701
23626,0.08018,-0.01333,0.16040
23627,0.06001,-0.00620,0.15456
23628,-1.52162,-0.12725,0.19206
23629,-2.86963,-0.14410,0.21143
23630,-2.23637,-0.13374,0.20265
23631,-0.83047,-0.12083,0.18236
23632,2.83990,0.07785,0.25212
23633,2.12198,0.06555,0.23678
23634,12.17030,0.38657,0.40171
23635,6.90118,0.22415,0.56621
23636,6.66354,0.21679,0.55872
23637,6.99519,0.22845,0.55267
23638,6.80388,0.21986,0.58083
23639,6.54128,0.21155,0.57364
23640,-4.72629,-0.19385,0.31648
23641,0.96414,0.01615,0.47307
23642,0.75799,0.01272,0.50019
23643,1.09451,0.01852,0.44848
23644,0.74822,0.01261,0.45134
23645,2.09133,0.14754,0.22171
23646,2.58969,0.15685,0.23492
23647,2.01058,0.14239,0.22131
23648,5.15385,0.16338,0.62727
23649,5.46002,0.17349,0.62494
23650,-1.37046,-0.16871,0.74202
23651,-0.37204,-0.15743,0.75142
23652,-2.49247,0.12714,0.77630
23653,-1.80044,0.13542,0.77075
23654,-1.35389,0.04087,0.14539
23655,-1.49610,0.04164,0.14320
23656,-7.25150,0.05175,0.08582
23657,-8.58889,0.03816,0.07147
23658,-6.81705,0.05561,0.08987
23659,-5.36175,-0.16682,0.67786
23660,-6.16491,-0.17778,0.66644
23661,-4.06042,-0.15732,0.69828
23662,-12.30328,-0.29584,0.40851
23663,2.24767,0.06962,0.63470
23664,-3.46394,-0.13243,0.34812
23665,-3.50615,-0.13138,0.36159
23666,-3.82477,-0.14298,0.36439
23667,-3.14740,-0.12330,0.33333
23668,-3.16136,-0.12092,0.34706
23669,2.68419,-0.09580,0.13967
23670,4.15152,-0.07913,0.12362
23671,4.23352,-0.07932,0.12288
23672,5.92173,-0.06153,0.10513
23673,-9.68253,-0.31170,0.31564
23674,-10.64171,-0.32847,0.33657
23675,-1.77726,-0.05863,0.22869
23676,-1.14085,-0.05186,0.20847
23677,-2.11812,-0.06047,0.24333
23678,-1.47454,-0.05294,0.22181
23679,2.18578,-0.08576,0.13675
23680,1.97041,-0.08664,0.13957
23681,2.81305,-0.07404,0.12572
23682,-2.50104,0.00969,0.06605
23683,-2.89089,0.00821,0.05783
23684,12.57165,0.35300,0.39131
23685,12.10481,0.34764,0.37571
23686,-12.12224,0.07256,0.85187
23687,0.75924,0.16664,0.78638
23688,-0.85569,0.14676,0.80381
23689,1.05016,0.17254,0.78153
23690,-0.29884,0.15566,0.79623
23691,1.15984,-0.08797,0.15673
23692,0.11238,-0.09850,0.17072
23693,4.31120,0.07411,0.47434
23694,3.96843,0.06770,0.47935
23695,4.05243,0.18523,0.28055
23696,-5.82499,-0.21439,0.25002
23697,-4.54516,-0.19585,0.23069
23698,-5.51927,-0.21237,0.24490
23699,8.79026,0.32608,0.35508
23700,-11.46425,-0.36069,0.58369
23701,-11.06171,-0.35025,0.59783
23702,-11.09632,-0.35043,0.60077
23703,-11.74021,-0.36921,0.56685
23704,-11.45302,-0.36150,0.57834
23705,-3.15843,-0.21390,0.21477
23706,-3.87832,-0.22668,0.22476
23707,5.85742,0.19393,0.68048
23708,6.04498,0.19269,0.67650
23709,4.20156,0.17497,0.70223
23710,-0.80677,-0.14958,0.18027
23711,0.27026,-0.13513,0.16739
23712,-0.27501,-0.14384,0.17378
23713,0.17723,-0.13494,0.16849
23714,10.89389,-0.07985,0.84429
23715,6.81328,-0.10571,0.81524
23716,12.09406,-0.07249,0.85178
23717,8.46969,-0.09329,0.82655
23718,-4.81482,0.05489,0.11213
23719,-5.98776,0.04416,0.09855
23720,-4.69046,0.05445,0.11307
23721,-5.08845,0.05385,0.10948
23722,-6.50085,0.04130,0.09345
23723,-2.47902,0.04029,0.11003
23724,8.84536,-0.03897,0.07180
23725,7.50091,-0.05260,0.08589
23726,0.52395,-0.14251,0.16662
23727,0.25127,-0.14599,0.17047
23728,-0.60699,-0.16242,0.18278
23729,1.41061,-0.12765,0.15447
23730,1.33003,-0.12811,0.15546
23731,-8.40010,-0.27465,0.55983
23732,-8.88246,-0.29181,0.54576
23733,1.63706,-0.00323,0.94853
23734,1.19073,-0.00428,0.93486
23735,1.46269,-0.00159,0.96049
23736,3.85226,0.17621,0.22194
23737,4.87636,0.19243,0.23679
23738,3.77434,0.17792,0.22044
23739,3.94100,0.17493,0.22367
23740,-12.96896,-0.36230,0.40624
23741,-13.35180,-0.36589,0.42455
23742,-12.98465,-0.35885,0.40673
23743,-12.85568,-0.36410,0.40184
23744,-13.22789,-0.36809,0.41826
23745,0.84473,-0.11756,0.75727
23746,-0.39581,-0.12966,0.74451
23747,0.18957,-0.11951,0.75001
23748,-1.53127,-0.13597,0.73073
23749,1.35086,-0.12033,0.15489
23750,1.20585,-0.12349,0.15653
23751,3.69911,0.06322,0.52195
23752,3.37570,0.05812,0.54255
23753,3.52530,0.06133,0.55275
23754,2.44190,-0.05757,0.86939
23755,-3.01247,-0.11597,0.76084
23756,-3.44268,-0.13463,0.75637
23757,1.60680,-0.10886,0.14940
23758,-5.41276,-0.21586,0.72857
23759,-6.11616,-0.22854,0.71433
23760,-7.74527,-0.26959,0.44454
23761,-7.35054,-0.25834,0.43202
23762,-8.03328,-0.27801,0.45218
23763,6.13865,0.25013,0.31808
23764,6.26845,0.25113,0.32614
23765,5.71610,0.23826,0.30912
23766,6.60387,0.26160,0.33109
23767,-8.22675,0.07946,0.86653
23768,-10.32703,0.05849,0.88851
23769,-7.31062,0.05754,0.09350
23770,6.43560,-0.05774,0.09308
23771,6.62094,-0.05437,0.09022
23772,5.41473,-0.06963,0.10465
23773,7.79958,-0.04227,0.07734
23774,1.98029,-0.02074,0.90270
23775,2.32711,-0.02283,0.90324
23776,2.26256,-0.01531,0.91531
23777,2.83127,-0.01655,0.91805
23778,3.34240,-0.08412,0.12482
23779,4.46349,-0.06907,0.10984
23780,2.72871,-0.09614,0.13435
23781,-0.72669,-0.12497,0.18962
23782,-0.23019,-0.11654,0.17922
23783,-0.07839,-0.11034,0.17605
23784,-1.37959,-0.13968,0.20323
23785,-0.70985,-0.12786,0.18884
23786,1.64249,0.09460,0.23790
23787,-2.52334,0.04224,0.88283
23788,-1.66395,0.04729,0.87110
23789,-1.64613,0.05454,0.86553
23790,-2.35148,0.03796,0.88554
23791,8.09128,-0.04198,0.07581
23792,8.10825,-0.04278,0.07640
23793,7.94962,-0.04245,0.07660
23794,-0.00970,0.08816,0.17330
23795,-0.50461,0.08052,0.16116
23796,-9.09156,-0.27966,0.30444
23797,-9.93393,-0.29233,0.32190
23798,-9.41003,-0.28156,0.31132
23799,-9.62578,-0.28972,0.31507
23800,-2.09010,-0.03555,0.54750
23801,8.88480,0.28841,0.59279
23802,9.18667,0.29862,0.57960
23803,0.52191,0.02715,0.24773
23804,0.70075,0.03479,0.25552
23805,0.37943,0.02133,0.23741
23806,0.46296,0.02692,0.23387
23807,2.05101,0.08263,0.31579
23808,2.32725,0.09279,0.32150
23809,0.92594,-0.13127,0.75973
23810,1.32431,-0.13085,0.76428
23811,7.44925,0.29598,0.28436
23812,7.64079,0.26163,0.46686
23813,7.84333,0.26995,0.45918
23814,7.89775,0.26610,0.49327
23815,-0.09083,-0.00287,0.67145
23816,-0.16383,-0.00511,0.65806
23817,-0.28351,-0.00880,0.68325
23818,-0.48085,-0.01482,0.66585
23819,7.34195,0.22263,0.27890
23820,-3.55782,0.03341,0.09261
23821,-4.16499,0.02806,0.08218
23822,-2.96708,0.03948,0.10377
23823,-3.43579,0.03176,0.09206
23824,0.24409,0.15083,0.17774
23825,-0.76790,0.13265,0.16271
23826,1.13374,0.16766,0.19141
23827,5.73236,-0.05664,0.10531
23828,7.44919,-0.04193,0.08746
23829,-8.19788,-0.26625,0.58521
23830,3.98050,-0.08677,0.12115
23831,4.56118,-0.07784,0.11356
23832,3.71261,-0.08937,0.12407
23833,4.44784,-0.08160,0.11590
23834,5.22483,-0.06992,0.10587
23835,-4.93430,-0.24040,0.23748
23836,-6.08040,-0.26079,0.25489
23837,-5.47912,-0.24873,0.24521
23838,9.84909,-0.00351,0.02053
23839,8.88820,-0.00837,0.03447
23840,10.80549,-0.00104,0.00953
23841,9.95912,-0.00271,0.01764
23842,0.83388,0.17251,0.18401
23843,1.63159,0.18652,0.19493
23844,0.68840,0.16977,0.18231
23845,1.70375,-0.00890,0.83398
23846,2.16600,-0.01014,0.83886
23847,2.79433,-0.00606,0.87350
23848,0.95584,-0.01121,0.79996
23849,1.25064,-0.01302,0.80460
23850,-5.03801,-0.08916,0.42692
23851,-5.22206,-0.09384,0.41353
23852,-4.71410,-0.08378,0.41623
23853,-4.81314,-0.08708,0.39881
23854,3.99866,0.12786,0.69071
23855,-9.49929,-0.31013,0.63583
23856,-10.04229,-0.32435,0.61833
23857,-9.89519,-0.32020,0.61923
23858,-9.24442,-0.30458,0.64677
23859,-9.85655,-0.31970,0.62854
23860,5.02569,0.16469,0.69302
23861,-1.60311,0.04192,0.14181
23862,-1.79609,0.04225,0.13908
23863,-2.73546,0.03364,0.12120
23864,-0.82251,0.04985,0.15751
23865,-4.44642,-0.23043,0.22998
23866,-3.99621,-0.22346,0.22385
23867,-11.41010,-0.37852,0.46056
23868,-11.85073,-0.38641,0.47450
23869,21.89462,-0.03069,0.91982
23870,18.67676,-0.04233,0.90394
23871,22.81433,-0.02657,0.92671
23872,-4.68272,-0.15935,0.68757
23873,-2.99267,-0.14114,0.71014
23874,2.04330,0.17893,0.20875
23875,0.77280,0.04041,0.81196
23876,0.52460,0.03157,0.82108
23877,1.05238,0.04900,0.80213
23878,0.79548,0.04579,0.81549
23879,-10.83260,-0.22416,0.52516
23880,-10.94378,-0.22488,0.50852
23881,-3.23785,-0.09411,0.68096
23882,-3.97361,-0.10346,0.66734
23883,1.76533,0.04907,0.24521
23884,1.60071,0.04932,0.23398
23885,1.27741,0.04408,0.22398
23886,2.26404,0.05427,0.26907
23887,-0.72764,0.10092,0.75467
23888,1.34089,0.11806,0.72952
23889,-3.43756,0.08450,0.78450
23890,-1.27826,-0.04082,0.55416
23891,-0.80582,-0.02577,0.55081
23892,-0.91058,-0.02893,0.56377
23893,-1.13246,-0.03650,0.53810
23894,6.42092,0.20936,0.55112
23895,6.50579,0.21352,0.53713
23896,6.76537,0.22148,0.54458
23897,6.06761,0.19701,0.55695
23898,6.16679,0.20157,0.54296
23899,-3.07559,0.09981,0.13638
23900,-2.44004,0.10861,0.14330
23901,-3.89870,0.09107,0.12766
23902,-1.44087,0.12023,0.15435
23903,-4.82641,-0.16067,0.49965
23904,-4.48459,-0.14883,0.50278
23905,-0.18088,-0.01625,0.18969
23906,5.56891,0.18759,0.48380
23907,4.92880,0.16699,0.47181
23908,-9.43279,0.02982,0.06923
23909,7.17862,0.23779,0.52294
23910,7.10103,0.23343,0.53825
23911,6.83765,0.22545,0.52983
23912,7.52325,0.25023,0.51595
23913,7.43178,0.24506,0.53318
23914,-4.02387,-0.06918,0.53400
23915,-4.23304,-0.07242,0.51025
23916,-4.39942,-0.07565,0.52343
23917,-3.61092,-0.06218,0.54576
23918,-7.11985,0.05733,0.09032
23919,-8.22726,0.04542,0.07856
23920,-5.85190,0.07188,0.10381
23921,-7.10328,0.05670,0.08993
23922,6.68476,0.24926,0.37199
23923,6.64414,0.25108,0.36178
23924,6.67451,0.24661,0.37965
23925,6.38861,0.23923,0.36869
23926,6.17441,0.19796,0.64188
23927,12.98294,0.37231,0.40935
23928,13.33712,0.37774,0.42690
23929,12.56350,0.36484,0.39238
23930,-5.21239,0.12266,0.82115
23931,-8.15610,0.09945,0.84258
23932,-6.55109,0.11045,0.83321
23933,-5.06000,0.12481,0.81818
23934,-3.41458,0.06664,0.86784
23935,-4.94393,-0.17726,0.24192
23936,-5.11088,-0.17705,0.24554
23937,-4.88848,-0.17913,0.24021
23938,-13.87026,-0.37836,0.49606
23939,-13.74038,-0.37361,0.51591
23940,-13.79782,-0.37184,0.50993
23941,-13.86791,-0.38321,0.48442
23942,6.52905,0.16236,0.29503
23943,7.28350,0.17244,0.31345
23944,5.89429,0.15242,0.28204
23945,5.96047,0.10544,0.46169
23946,5.71361,0.10091,0.45196
23947,-2.02615,0.10483,0.14737
23948,-0.65443,0.12096,0.16319
23949,-0.60107,0.12351,0.16385
23950,-3.14481,0.09114,0.13484
23951,5.11686,0.17089,0.49486
23952,4.87165,0.16672,0.45703
23953,-0.94774,-0.06461,0.22165
23954,-0.75006,-0.05707,0.21400
23955,-0.98023,-0.06163,0.22819
23956,-11.37396,-0.24152,0.52406
23957,-10.43440,-0.22863,0.57034
23958,-4.67102,0.00592,0.05479
23959,3.77368,-0.10181,0.12870
23960,5.23652,-0.08317,0.11312
23961,4.42508,-0.09342,0.12159
23962,4.72784,-0.08937,0.11862
23963,8.36639,0.28569,0.67194
23964,9.10197,0.30168,0.65341
23965,-1.11283,0.15405,0.79741
23966,-1.63890,0.14624,0.80447
23967,0.34901,-0.10707,0.75072
23968,-0.83378,-0.11303,0.73589
23969,1.93931,-0.09272,0.76880
23970,-5.85823,-0.18704,0.61690
23971,-4.71076,0.03456,0.08494
23972,-3.93104,0.04385,0.09833
23973,-0.02613,0.14582,0.17072
23974,-0.72860,0.13500,0.16252
23975,0.35421,0.15028,0.17523
23976,-0.34299,0.14237,0.16704
23977,-4.83637,0.00929,0.87815
23978,-3.39942,0.01444,0.84264
23979,-6.59584,0.00663,0.90536
23980,6.72866,0.22743,0.68481
23981,7.14335,0.23786,0.67158
23982,7.11091,0.23896,0.67723
23983,6.33401,0.21543,0.69266
23984,6.91727,0.22973,0.67319
23985,12.29618,0.28865,0.41710
23986,12.55405,0.28973,0.43805
23987,-1.07459,-0.05762,0.80905
23988,-1.40841,-0.06580,0.79792
23989,-1.18340,-0.06530,0.80822
23990,7.59702,0.16090,0.60527
23991,-10.29997,-0.20950,0.53250
23992,0.05312,-0.01492,0.16518
23993,-0.07124,-0.01880,0.18152
23994,0.05045,-0.01895,0.16701
23995,0.05719,-0.01097,0.16215
23996,-0.02152,-0.01309,0.17603
23997,13.17148,0.34084,0.42237
23998,12.85234,0.33891,0.40561
23999,-1.72010,0.13144,0.15199
24000,-0.47442,0.15036,0.16666
24001,-7.98492,-0.29278,0.38271
24002,-7.77657,-0.28970,0.36917
24003,-13.50779,-0.36711,0.53422
24004,-10.06822,0.03312,0.06735
24005,-5.07859,-0.17972,0.41806
24006,-5.18350,-0.18131,0.43179
24007,-4.76939,-0.16785,0.42259
24008,0.20209,0.03531,0.18633
24009,-11.79229,-0.31907,0.36923
24010,-12.12094,-0.32077,0.38076
24011,11.67680,0.32214,0.59936
24012,11.43533,0.32023,0.60644
24013,12.17102,0.33328,0.58667
24014,-0.20935,-0.01507,0.19416
24015,-9.06124,-0.30828,0.47363
24016,-9.36474,-0.31770,0.47569
24017,1.89517,-0.03200,0.78932
24018,4.70493,-0.01620,0.85398
24019,3.60092,-0.01714,0.83896
24020,-7.92096,-0.19022,0.31876
24021,-7.11362,-0.18159,0.29725
24022,12.33217,-0.03906,0.91147
24023,13.45463,-0.03013,0.92343
24024,15.94304,-0.02200,0.93615
24025,10.45910,-0.04668,0.90145
24026,9.12025,0.33608,0.33792
24027,8.89718,0.33146,0.33543
24028,9.63575,0.34671,0.35045
24029,7.50756,0.24942,0.51798
24030,-9.75262,-0.27001,0.32338
24031,-10.33997,-0.28096,0.33630
24032,-10.48424,-0.27966,0.34130
24033,-9.42261,-0.26844,0.31490
24034,-2.45513,0.04803,0.11594
24035,0.11130,-0.00513,0.76595
24036,5.40687,-0.07323,0.11133
24037,10.04742,0.32461,0.63279
24038,10.07073,0.32509,0.63450
24039,8.55060,0.29180,0.67040
24040,2.62228,0.09202,0.41595
24041,2.35435,0.08358,0.40280
24042,2.73544,0.09724,0.40243
24043,2.49978,0.08658,0.43144
24044,2.22346,0.07796,0.41634
24045,2.78095,0.07608,0.25155
24046,3.34414,0.08139,0.27194
24047,3.35021,0.08417,0.26679
24048,2.83164,0.07407,0.25754
24049,-7.03969,-0.28988,0.27895
24050,-6.14731,-0.27211,0.26309
24051,-10.23340,-0.20676,0.44138
24052,-10.26935,-0.21094,0.42646
24053,-10.11539,-0.20139,0.45574
24054,-9.95206,-0.20047,0.43208
24055,12.16410,0.26897,0.52029
24056,-0.63986,-0.01983,0.69142
24057,7.42487,0.13481,0.51248
24058,7.75636,0.14160,0.49814
24059,7.14669,0.13066,0.53750
24060,2.58494,-0.11183,0.14002
24061,1.80979,-0.02975,0.13064
24062,1.69596,0.17711,0.77687
24063,11.55943,0.24774,0.52331
24064,11.61653,0.24687,0.50831
24065,-1.35982,0.02036,0.89455
24066,6.85944,-0.01839,0.05638
24067,7.42651,-0.01516,0.04980
24068,7.78140,-0.01147,0.04268
24069,5.90541,-0.02763,0.07154
24070,6.73847,-0.02125,0.06063
24071,-0.41114,-0.03339,0.19130
24072,0.84999,0.18269,0.76868
24073,0.54815,0.17837,0.77388
24074,0.18236,0.15776,0.17655
24075,0.48161,0.01996,0.79758
24076,0.28856,0.01355,0.81030
24077,0.28324,0.01139,0.79574
24078,0.46185,0.02206,0.81030
24079,4.02560,-0.07219,0.86591
24080,7.45696,0.23628,0.27759
24081,6.71654,0.22256,0.26540
24082,11.28289,0.37946,0.41606
24083,10.51733,0.36491,0.38672
24084,8.19793,0.16869,0.37262
24085,7.91277,0.16191,0.37007
24086,1.79563,0.05780,0.72883
24087,1.17975,0.03852,0.74304
24088,-3.65535,-0.20093,0.24647
24089,-3.59918,-0.20219,0.24339
24090,-3.10391,-0.18970,0.23422
24091,6.05244,-0.01225,0.04931
24092,12.63487,0.32561,0.40183
24093,-6.47849,-0.24536,0.25820
24094,1.46342,-0.00065,0.02315
24095,1.34909,-0.00152,0.03764
24096,1.25611,-0.00033,0.01743
24097,0.56113,0.08318,0.18249
24098,-0.47792,0.07373,0.16542
24099,-0.60373,0.06989,0.16328
24100,0.50061,0.08512,0.18112
24101,3.04991,0.20805,0.73880
24102,4.41393,0.13907,0.62326
24103,-13.33909,-0.38732,0.43231
24104,-13.35787,-0.39049,0.43617
24105,-13.58796,-0.39025,0.45021
24106,-12.97270,-0.38444,0.41485
24107,-8.84187,-0.32354,0.31100
24108,-8.22421,-0.31067,0.29782
24109,-7.98633,-0.30723,0.29453
24110,-9.56675,-0.33697,0.32580
24111,-9.01241,-0.32544,0.31304
24112,-2.48354,0.08288,0.85183
24113,5.01801,0.16269,0.54865
24114,5.02933,0.16187,0.56472
24115,10.67854,0.36029,0.45607
24116,3.05717,0.19254,0.72694
24117,0.00766,0.00038,0.27164
24118,-0.17107,-0.00767,0.27927
24119,-0.14407,-0.00689,0.26457
24120,0.19858,0.00885,0.28024
24121,-0.01459,-0.00063,0.28751
24122,-7.46559,0.05709,0.08954
24123,-7.22434,0.06012,0.09258
24124,4.28138,-0.04876,0.11453
24125,-6.64058,-0.13601,0.35051
24126,12.61465,-0.00282,0.01970
24127,13.16045,-0.00150,0.01258
24128,-15.82749,0.00307,0.01562
24129,-16.69511,0.00187,0.01124
24130,11.35485,-0.00137,0.01409
24131,11.67877,-0.00105,0.01188
24132,14.70513,-0.00334,0.01755
24133,15.60865,-0.00255,0.01533
24134,4.06196,-0.00075,0.01419
24135,4.11938,-0.00035,0.00916
24136,-16.55412,0.00142,0.00907
24137,-16.22588,0.00184,0.01107
24138,-15.24666,0.00441,0.01937
24139,-14.86086,0.00582,0.02306
24140,7.75669,-0.00129,0.01290
24141,8.06362,-0.00076,0.00946
24142,15.22080,-0.00244,0.01458
24143,11.53404,-0.00189,0.01234
24144,-3.47889,-0.05915,0.46913
24145,-3.31113,-0.05653,0.45084
24146,-7.37300,-0.27254,0.27333
24147,-5.23654,-0.10298,0.60753
24148,-4.66902,-0.09778,0.63026
24149,-30.57419,0.00125,0.98421
24150,-30.45573,0.00180,0.97935
24151,-26.15235,0.00540,0.95854
24152,-33.58439,0.00000,1.00000
24153,-34.51210,0.00000,1.00000
24154,-33.39579,0.00234,0.97873
24155,-37.08280,0.00120,0.98681
24156,-32.50909,0.00472,0.96755
24157,-36.50412,0.00000,1.00000
24158,-35.81433,0.00000,1.00000
24159,-25.29987,0.00000,1.00000
24160,-21.95023,0.00179,0.97490
24161,-21.66699,0.00169,0.97684
24162,17.62005,0.00000,1.00000
24163,15.52653,-0.00068,0.98223
24164,4.69165,-0.00028,0.97769
24165,26.80594,0.00000,1.00000
24166,23.67083,-0.00121,0.98128
24167,24.13416,-0.00230,0.97084
24168,-4.04196,0.00019,0.98075
24169,-4.81877,0.00000,1.00000
24170,-4.38954,0.00028,0.97728
24171,20.18692,-0.00096,0.98953
24172,20.55597,-0.00058,0.99279
24173,22.36712,0.00000,1.00000
24174,18.72179,0.00000,1.00000
24175,-34.69882,0.00000,1.00000
24176,-33.39604,0.00147,0.98798
24177,-32.76393,0.00220,0.98328
24178,-13.70870,0.00045,0.99237
24179,-14.58577,0.00036,0.99406
24180,-15.92835,0.00000,1.00000
24181,-13.43927,0.00000,1.00000
24182,6.74474,-0.00016,0.99480
24183,6.34151,-0.00041,0.99033
24184,6.85288,0.00000,1.00000
24185,8.64318,0.00000,1.00000
24186,8.28133,-0.00023,0.99395
24187,7.98457,0.00000,1.00000
24188,11.20619,-0.00034,0.99306
24189,11.77459,0.00000,1.00000
24190,11.54753,0.00000,1.00000
24191,-0.42862,0.00001,0.99532
24192,-0.49761,0.00000,1.00000
24193,-0.36468,0.00000,1.00000
24194,0.33118,-0.00001,0.99589
24195,0.18587,0.00000,1.00000
24196,0.45483,0.00000,1.00000
24197,-2.24941,0.00004,0.99557
24198,-2.16244,0.00000,1.00000
24199,-2.06171,0.00003,0.99630
24200,-2.45068,0.00006,0.99484
24201,-2.50760,0.00000,1.00000
24202,-8.78862,0.00014,0.99568
24203,-8.55109,0.00047,0.99044
24204,-9.26381,0.00015,0.99533
24205,-8.05010,0.00030,0.99263
24206,1.62837,-0.00009,0.99190
24207,1.52701,-0.00019,0.98667
24208,1.31641,-0.00010,0.98983
24209,1.90427,-0.00005,0.99434
24210,1.11083,-0.00003,0.99454
24211,1.31443,-0.00003,0.99482
24212,6.54365,-0.00055,0.98870
24213,6.29502,-0.00130,0.98139
24214,5.94455,-0.00100,0.98332
24215,6.99052,-0.00020,0.99416
24216,-4.84136,0.00026,0.99127
24217,-5.28140,0.00015,0.99379
24218,-5.08032,0.00008,0.99614
24219,-4.58899,0.00057,0.98604
24220,-5.04202,0.00058,0.98626
24221,-6.69113,0.00052,0.98859
24222,-6.82496,0.00087,0.98510
24223,-7.45029,0.00032,0.99165
24224,-6.18287,0.00072,0.98588
24225,-6.16007,0.00135,0.98021
24226,6.21134,-0.00065,0.98666
24227,6.52036,-0.00018,0.99396
24228,7.09740,-0.00019,0.99359
24229,5.61346,-0.00094,0.98327
24230,5.87433,-0.00038,0.99003
24231,-6.55860,0.00050,0.98874
24232,-6.84429,0.00015,0.99459
24233,-6.24643,0.00033,0.99099
24234,-6.84021,0.00064,0.98748
24235,-7.20639,0.00016,0.99430
24236,-9.50510,0.00089,0.98656
24237,-8.54130,0.00165,0.98060
24238,-8.88906,0.00215,0.97800
24239,-10.23587,0.00019,0.99462
24240,-9.08832,0.00055,0.98962
24241,23.52962,-0.00075,0.99162
24242,23.42419,-0.00138,0.98736
24243,21.54421,-0.00285,0.97998
24244,25.36467,0.00000,1.00000
24245,23.65387,0.00000,1.00000
24246,0.25755,-0.00004,0.98586
24247,0.23162,-0.00001,0.99174
24248,0.47831,-0.00003,0.99131
24249,-0.02819,0.00000,0.98127
24250,-0.02018,0.00000,0.98981
24251,2.44453,-0.00055,0.98186
24252,2.41835,-0.00028,0.98734
24253,2.73314,-0.00034,0.98653
24254,2.08130,-0.00049,0.98132
24255,1.59112,-0.00051,0.97824
24256,-0.37884,0.00007,0.98387
24257,-0.53978,0.00004,0.98996
24258,-0.23206,0.00001,0.99089
24259,-0.49864,0.00017,0.97785
24260,-0.73453,0.00013,0.98372
24261,11.79485,-0.00045,0.99184
24262,-5.70205,0.00053,0.98780
24263,-5.44893,0.00112,0.98142
24264,-5.94301,0.00088,0.98411
24265,-4.98288,0.00166,0.97637
24266,-5.42385,0.00207,0.97426
24267,-3.65942,0.00062,0.98374
24268,-3.32024,0.00106,0.97759
24269,-3.64970,0.00143,0.97486
24270,-3.61621,0.00032,0.98850
24271,-3.29296,0.00059,0.98339
24272,-13.02503,0.00139,0.98487
24273,-14.05585,0.00036,0.99343
24274,-12.93871,0.00065,0.99034
24275,-13.10918,0.00211,0.98102
24276,-14.10191,0.00087,0.98881
24277,-5.21058,0.00109,0.98116
24278,-5.59380,0.00058,0.98689
24279,-5.62372,0.00118,0.98080
24280,-4.48451,0.00114,0.97948
24281,-4.81168,0.00135,0.97825
24282,36.77581,-0.00168,0.98572
24283,32.79656,-0.00618,0.96609
24284,37.04397,0.00000,1.00000
24285,7.87535,-0.00179,0.97929
24286,8.50287,-0.00186,0.97961
24287,7.56473,-0.00404,0.96806
24288,8.34872,-0.00067,0.98850
24289,8.93038,-0.00072,0.98813
24290,11.60828,-0.00249,0.97850
24291,13.11127,-0.00051,0.99183
24292,12.69891,-0.00149,0.98419
24293,-30.86467,0.00113,0.98918
24294,-28.27305,0.00413,0.97587
24295,-30.60596,0.00122,0.98881
24296,-31.31110,0.00076,0.99187
24297,-28.60159,0.00335,0.97852
24298,-0.63784,0.00021,0.97756
24299,-0.81543,0.00012,0.98508
24300,-0.54017,0.00006,0.98694
24301,-0.97430,0.00042,0.97461
24302,-1.01404,0.00024,0.98122
24303,15.13070,-0.00139,0.98601
24304,15.64608,-0.00156,0.98505
24305,14.23631,-0.00302,0.97759
24306,15.44364,-0.00055,0.99218
24307,16.35443,-0.00050,0.99276
24308,4.61703,-0.00140,0.97759
24309,4.53506,-0.00073,0.98393
24310,-19.52060,0.00170,0.98516
24311,-17.62077,0.00285,0.97940
24312,-21.33396,0.00047,0.99369
24313,5.62058,-0.00161,0.97770
24314,6.23152,-0.00128,0.98103
24315,6.45292,-0.00188,0.97706
24316,5.68020,-0.00261,0.97166
24317,20.17319,-0.00294,0.97932
24318,18.63134,-0.00614,0.96873
24319,17.33985,-0.00726,0.96508
24320,22.93243,-0.00065,0.99195
24321,22.75554,-0.00121,0.98788
24322,-45.51093,0.00000,1.00000
24323,-37.71772,0.00123,0.98658
24324,-11.35627,0.00234,0.97907
24325,-10.27526,0.00355,0.97291
24326,-10.43296,0.00455,0.96943
24327,-12.09945,0.00101,0.98726
24328,-11.28558,0.00142,0.98385
24329,30.27440,-0.00163,0.98086
24330,37.36187,0.00000,1.00000
24331,30.49017,0.00000,1.00000
24332,28.25381,-0.00190,0.97844
24333,27.63423,-0.00229,0.97578
24334,24.54904,-0.00611,0.95479
24335,-17.59425,0.00052,0.98569
24336,-15.39000,0.00163,0.96887
24337,-16.13586,0.00072,0.98084
24338,-19.31307,0.00000,1.00000
24339,-16.15931,0.00110,0.97634
24340,41.90915,0.00000,1.00000
24341,37.02588,-0.00120,0.98666
24342,39.85457,0.00000,1.00000
24343,32.03454,-0.00464,0.96723
24344,7.49387,-0.00260,0.97457
24345,6.75330,-0.00358,0.96907
24346,7.86130,-0.00309,0.97267
24347,6.76496,-0.00553,0.96133
24348,-32.44304,0.00188,0.98104
24349,-34.79749,0.00000,1.00000
24350,-38.49697,0.00000,1.00000
24351,-31.22942,0.00206,0.97937
24352,37.32043,-0.00177,0.98549
24353,43.60523,0.00000,1.00000
24354,35.73463,-0.00205,0.98393
24355,-20.37195,0.00181,0.97432
24356,-19.24858,0.00413,0.95741
24357,-21.60596,0.00000,1.00000
24358,-2.87020,0.00110,0.97552
24359,-2.53341,0.00082,0.97765
24360,-2.29799,0.00153,0.96820
24361,-2.90888,0.00043,0.98478
24362,-6.54269,0.00036,0.97692
24363,-5.31533,0.00027,0.98033
24364,-6.23665,0.00000,1.00000
24365,-4.34986,0.00052,0.96673
24366,-4.51167,0.00000,1.00000
24367,-19.85889,0.00511,0.97215
24368,-21.67367,0.00209,0.98367
24369,-20.21301,0.00328,0.97814
24370,-22.79954,0.00084,0.99059
24371,-23.76837,0.00060,0.99293
24372,-28.96350,0.00174,0.97950
24373,-27.57159,0.00191,0.97822
24374,-29.60951,0.00000,1.00000
24375,-27.83041,0.00209,0.97691
24376,-30.79117,0.00000,1.00000
24377,14.66039,-0.00347,0.97603
24378,14.56577,-0.00501,0.97050
24379,12.82779,-0.00711,0.96344
24380,16.21129,-0.00184,0.98350
24381,21.74118,-0.00395,0.97624
24382,20.81647,-0.00675,0.96742
24383,19.21538,-0.00833,0.96292
24384,-39.18290,0.00122,0.98731
24385,-44.96208,0.00000,1.00000
24386,-42.31122,0.00000,1.00000
24387,-34.11150,0.00290,0.97793
24388,-34.72302,0.00000,1.00000
24389,-27.94344,0.00220,0.97713
24390,-30.14345,0.00000,1.00000
24391,-28.53570,0.00189,0.97854
24392,14.38053,-0.00122,0.97301
24393,16.13677,0.00000,1.00000
24394,-7.61245,0.00266,0.97408
24395,-6.79336,0.00384,0.96760
24396,-7.02076,0.00520,0.96270
24397,-8.12537,0.00119,0.98344
24398,-7.16355,0.00185,0.97805
24399,-20.91340,0.00134,0.97840
24400,-21.39653,0.00141,0.97755
24401,-17.50663,0.00511,0.94854
24402,-23.73159,0.00000,1.00000
24403,-0.40745,0.00029,0.96765
24404,-0.22318,0.00009,0.97512
24405,0.05091,-0.00003,0.97453
24406,-1.95038,0.00085,0.97466
24407,-2.30552,0.00111,0.97305
24408,-15.65263,0.00193,0.98304
24409,19.93941,-0.00449,0.97374
24410,19.51260,-0.00653,0.96781
24411,17.03515,-0.01067,0.95689
24412,21.78976,-0.00244,0.98189
24413,-0.14679,0.00000,1.00000
24414,0.64705,-0.00003,0.97781
24415,1.30211,-0.00051,0.97598
24416,0.95153,-0.00038,0.97588
24417,1.28808,-0.00027,0.98250
24418,1.16454,-0.00084,0.96755
24419,-14.35565,0.00475,0.97121
24420,-19.00934,0.00071,0.99128
24421,-17.23762,0.00229,0.98175
24422,5.08140,-0.00167,0.97636
24423,4.03756,-0.00239,0.96909
24424,11.47840,-0.00058,0.98074
24425,10.39300,-0.00067,0.97703
24426,13.59771,0.00000,1.00000
24427,13.12910,-0.00436,0.97205
24428,14.15908,-0.00190,0.98265
24429,11.59962,-0.00765,0.96117
24430,12.88719,-0.00352,0.97487
24431,-11.83219,0.00357,0.97381
24432,-11.02275,0.00388,0.97223
24433,-9.86526,0.00794,0.95841
24434,-24.28840,0.00190,0.97644
24435,-24.39296,0.00266,0.97151
24436,-21.20478,0.00649,0.94927
24437,-26.95032,0.00000,1.00000
24438,-24.33889,0.00444,0.97445
24439,-23.97115,0.00361,0.97783
24440,-21.49474,0.00888,0.96216
24441,-25.68735,0.00158,0.98673
24442,-7.39066,0.00225,0.97616
24443,-8.17432,0.00180,0.97957
24444,-8.12774,0.00086,0.98632
24445,-6.59927,0.00413,0.96618
24446,-7.41026,0.00366,0.96942
24447,5.33835,-0.00185,0.97594
24448,4.93829,-0.00322,0.96713
24449,4.71575,-0.00216,0.97239
24450,5.65200,-0.00217,0.97439
24451,-11.28545,0.00052,0.98096
24452,-9.73647,0.00094,0.96926
24453,-11.97586,0.00000,1.00000
24454,22.27174,-0.00617,0.96952
24455,20.87008,-0.00985,0.95988
24456,19.66274,-0.01137,0.95637
24457,24.36677,-0.00271,0.98131
24458,24.28293,-0.00343,0.97818
24459,35.65471,-0.00362,0.97398
24460,38.23156,-0.00157,0.98574
24461,34.19853,-0.00455,0.97099
24462,42.75663,0.00000,1.00000
24463,-12.46103,0.00899,0.95822
24464,-15.77754,0.00281,0.97892
24465,-21.31131,0.00358,0.97742
24466,-22.46878,0.00299,0.97958
24467,-19.38372,0.00656,0.96757
24468,-19.96028,0.00716,0.96616
24469,3.12949,-0.00253,0.96476
24470,3.01344,-0.00174,0.97012
24471,-4.98019,0.00198,0.97393
24472,10.57370,-0.00454,0.96936
24473,11.87219,-0.00214,0.98008
24474,11.75355,-0.00371,0.97313
24475,-3.04974,0.00179,0.96975
24476,-3.14693,0.00263,0.96415
24477,-2.62574,0.00199,0.96602
24478,-15.52144,0.00609,0.96781
24479,-16.02039,0.00682,0.96606
24480,-13.74285,0.01008,0.95697
24481,-13.78767,0.01270,0.95131
24482,-12.50502,0.00458,0.97088
24483,-31.46092,0.00586,0.96938
24484,-33.31722,0.00417,0.97492
24485,-31.96173,0.00630,0.96771
24486,-29.37936,0.00501,0.97279
24487,-33.76474,0.00121,0.98864
24488,-31.98787,0.00130,0.98885
24489,-27.16184,0.00974,0.96005
24490,-31.28811,0.00383,0.97686
24491,-23.85611,0.00607,0.96973
24492,-26.17578,0.00302,0.98032
24493,-26.58272,0.00183,0.98534
24494,-20.98219,0.01241,0.95446
24495,-21.20862,0.01337,0.95228
24496,-11.38860,0.00344,0.97419
24497,28.54012,-0.00704,0.96687
24498,26.44927,-0.01042,0.95875
24499,29.70250,-0.00444,0.97522
24500,27.42245,-0.01004,0.95912
24501,-1.40742,0.00094,0.96846
24502,-1.79320,0.00128,0.96727
24503,-1.76385,0.00067,0.97583
24504,-0.94557,0.00098,0.96144
24505,-1.36070,0.00169,0.95798
24506,-31.95382,0.00863,0.95873
24507,-30.96961,0.01004,0.95565
24508,-37.56206,0.00241,0.98066
24509,-36.95012,0.00283,0.97866
24510,-40.76165,0.00000,1.00000
24511,2.58731,-0.00173,0.96823
24512,2.89243,-0.00100,0.97694
24513,2.60549,-0.00295,0.95903
24514,10.22573,-0.00191,0.98043
24515,-32.87688,0.00566,0.96633
24516,6.01321,-0.00242,0.97365
24517,6.88780,-0.00386,0.96785
24518,5.99722,-0.00594,0.95844
24519,6.35519,-0.00345,0.96869
24520,6.24174,-0.00753,0.95387
24521,-12.60088,0.00647,0.96495
24522,-25.93902,0.00936,0.96095
24523,-27.40135,0.00610,0.96991
24524,-24.03283,0.01227,0.95450
24525,-30.77563,0.00253,0.98162
24526,27.93542,-0.01171,0.95472
24527,30.47317,-0.00759,0.96460
24528,11.33009,-0.00415,0.97147
24529,10.32158,-0.00774,0.95975
24530,9.68943,-0.00773,0.95896
24531,10.15048,-0.01026,0.95342
24532,8.84851,-0.01282,0.94616
24533,-29.54193,0.00514,0.96322
24534,-33.74001,0.00142,0.98339
24535,-33.20704,0.00152,0.98370
24536,22.12861,-0.00817,0.96420
24537,21.42705,-0.01101,0.95740
24538,19.14453,-0.01588,0.94745
24539,14.69397,-0.00500,0.97068
24540,12.94771,-0.00795,0.96121
24541,14.92465,-0.00293,0.97786
24542,13.56256,-0.00888,0.95947
24543,-19.05365,0.00198,0.97200
24544,-32.98169,0.00519,0.97004
24545,-37.03958,0.00122,0.98757
24546,-36.06855,0.00130,0.98776
24547,-30.00188,0.01079,0.95411
24548,-35.44302,0.00340,0.97659
24549,-35.35566,0.00191,0.98256
24550,-33.67225,0.00242,0.97998
24551,20.31336,-0.00844,0.94017
24552,30.94026,-0.00676,0.96122
24553,35.09763,-0.00200,0.98223
24554,35.76084,-0.00171,0.98430
24555,25.61360,-0.00571,0.95741
24556,22.92926,-0.01078,0.93862
24557,27.45294,-0.00430,0.96504
24558,-24.60300,0.00621,0.96937
24559,-25.97182,0.00518,0.97245
24560,-28.22201,0.00154,0.98640
24561,-19.12505,0.00968,0.95981
24562,-17.29636,0.01639,0.94598
24563,-18.26014,0.00956,0.95987
24564,-15.95527,0.01827,0.94216
24565,14.26580,-0.00480,0.94268
24566,17.63693,-0.00129,0.97426
24567,15.53028,-0.00229,0.96260
24568,11.92290,-0.00982,0.91446
24569,-24.72218,0.00543,0.95753
24570,-22.19273,0.00902,0.94169
24571,-25.73015,0.00402,0.96385
24572,-24.71910,0.00614,0.95484
24573,-11.47319,0.00512,0.96823
24574,-9.75592,0.01059,0.95211
24575,1.43165,-0.00042,0.94563
24576,2.77706,-0.00084,0.94547
24577,-4.25340,0.00099,0.95199
24578,-5.25644,0.00035,0.97698
24579,-0.75731,0.00053,0.96790
24580,-1.09796,0.00052,0.97312
24581,-0.57207,0.00058,0.96185
24582,-24.70566,0.00891,0.94693
24583,-29.41381,0.00252,0.97533
24584,-25.81455,0.00615,0.95662
24585,26.64625,-0.01485,0.93921
24586,30.86135,-0.00659,0.96293
24587,29.22436,-0.00887,0.95420
24588,-21.02395,0.01169,0.95578
24589,-19.68045,0.01246,0.95406
24590,-4.86458,0.00434,0.96139
24591,-5.72126,0.00318,0.96866
24592,-4.19000,0.00744,0.94781
24593,-5.18728,0.00619,0.95523
24594,0.58378,-0.00019,0.94483
24595,-3.51359,0.00305,0.96312
24596,-4.01536,0.00337,0.96337
24597,-0.47026,0.00010,0.95567
24598,-0.28741,0.00015,0.93025
24599,0.34166,-0.00012,0.94279
24600,-0.91020,0.00038,0.93761
24601,17.41610,-0.00179,0.96885
24602,-13.20687,0.00421,0.94469
24603,-10.88612,0.00698,0.92321
24604,-13.04872,0.00297,0.95269
24605,8.39709,-0.00223,0.94883
24606,-17.76699,0.01387,0.92052
24607,-17.30447,0.01308,0.92121
24608,-22.60556,0.00594,0.95271
24609,-23.69306,0.00790,0.94758
24610,-25.70232,0.00564,0.95910
24611,-22.75573,0.01083,0.93910
24612,-22.69538,0.00922,0.96135
24613,-21.69507,0.01334,0.95233
24614,-24.82876,0.00627,0.96904
24615,-12.60973,0.00231,0.95748
24616,-10.40422,0.00453,0.93469
24617,-15.07700,0.00073,0.97989
24618,-13.86881,0.00211,0.96188
24619,4.26895,-0.00108,0.95008
24620,4.52119,-0.00235,0.92932
24621,3.48156,-0.00149,0.93585
24622,3.07964,-0.00287,0.90858
24623,2.16638,-0.00230,0.96071
24624,2.07475,-0.00360,0.95106
24625,1.64389,-0.00310,0.94968
24626,19.06492,-0.00681,0.94311
24627,23.03000,-0.00214,0.97215
24628,28.76091,-0.00809,0.95424
24629,24.62568,-0.01604,0.93125
24630,25.55558,-0.01436,0.93621
24631,27.42552,-0.00992,0.94696
24632,-29.00646,0.01179,0.95294
24633,-28.50161,0.01192,0.95291
24634,-33.26610,0.00478,0.97224
24635,-22.90492,0.01375,0.95159
24636,-26.94507,0.00529,0.97185
24637,-28.12123,0.00551,0.96162
24638,3.43752,-0.00417,0.95719
24639,3.00583,-0.00350,0.95834
24640,3.64247,-0.00219,0.96913
24641,3.33456,-0.00625,0.94799
24642,2.75863,-0.00595,0.94545
24643,-5.56394,0.00163,0.94455
24644,-4.70194,0.00339,0.91642
24645,-3.80211,0.00290,0.91459
24646,-7.59055,0.00059,0.97130
24647,-5.97629,0.00247,0.93450
24648,-7.49172,0.00156,0.95337
24649,27.89342,-0.01120,0.94609
24650,32.03675,-0.00512,0.96608
24651,27.25651,-0.01180,0.94340
24652,28.45223,-0.01045,0.94931
24653,22.06048,-0.00888,0.96244
24654,24.68448,-0.00391,0.97665
24655,22.51855,-0.00874,0.96274
24656,20.09612,-0.01296,0.95315
24657,-0.57730,0.00095,0.95261
24658,-0.26388,0.00056,0.94681
24659,-27.83094,0.01410,0.94266
24660,-31.68219,0.00738,0.96078
24661,-26.46566,0.01753,0.93500
24662,-26.66193,0.01592,0.93776
24663,-31.06445,0.00777,0.95956
24664,-24.37162,0.01902,0.94052
24665,-20.23682,0.03214,0.91954
24666,-28.21902,0.01015,0.95872
24667,-27.47688,0.01095,0.95695
24668,-4.54961,-0.07802,0.49426
24669,-4.73705,-0.08167,0.47196
24670,-4.92683,-0.08492,0.48788
24671,6.02094,-0.05578,0.09380
24672,5.48948,-0.06091,0.09952
24673,1.36748,-0.02417,0.13371
24674,1.72439,-0.06079,0.13304
24675,1.64200,-0.05921,0.13358
24676,1.15947,-0.06855,0.14541
24677,1.58429,-0.05776,0.13382
24678,1.11344,-0.06622,0.14544
24679,-2.19498,-0.05491,0.26330
24680,-1.93326,-0.05051,0.25539
24681,0.51030,0.15554,0.79438
24682,-1.04635,0.13877,0.80998
24683,1.52646,0.16728,0.78328
24684,1.66002,0.06134,0.36521
24685,1.92412,0.07148,0.36171
24686,1.58338,0.05951,0.35278
24687,-4.83974,-0.21271,0.70725
24688,-3.39554,-0.19529,0.72322
24689,-4.94301,-0.21193,0.70501
24690,-4.71320,-0.21318,0.70967
24691,-3.13582,-0.19469,0.72721
24692,-2.05359,0.09028,0.77046
24693,-4.28717,0.07851,0.79379
24694,8.78404,0.29637,0.48973
24695,8.54777,0.29002,0.48097
24696,9.81810,0.28436,0.32076
24697,10.55587,0.29632,0.33750
24698,1.32646,-0.09070,0.14923
24699,1.93490,-0.08216,0.13865
24700,11.62485,0.38535,0.43147
24701,-13.27370,0.01259,0.03724
24702,-13.04639,0.01385,0.03909
24703,-13.68956,-0.36393,0.44996
24704,-13.82828,-0.36161,0.47139
24705,8.52528,0.20352,0.32831
24706,8.15632,0.20136,0.31586
24707,7.45641,0.19416,0.29771
24708,7.16976,0.18685,0.29417
24709,-5.38050,0.00402,0.04117
24710,-5.98641,0.00276,0.03180
24711,-4.72443,0.00690,0.05693
24712,8.92694,-0.01054,0.04964
24713,-12.08487,0.01801,0.04892
24714,-11.58584,0.02001,0.05235
24715,-5.06187,0.06493,0.11283
24716,-4.01565,0.07632,0.12428
24717,-4.36770,0.09487,0.84932
24718,1.82177,0.06962,0.77516
24719,1.47512,0.06207,0.78969
24720,3.88518,-0.01171,0.05933
24721,4.28353,-0.00861,0.04943
24722,3.89121,-0.00985,0.05498
24723,3.61118,-0.01521,0.06839
24724,4.19194,-0.01101,0.05586
24725,-0.04710,-0.00208,0.30857
24726,-0.19251,-0.00802,0.30741
24727,-0.19941,-0.00855,0.29480
24728,0.04234,0.00153,0.32081
24729,-0.19490,-0.00791,0.31900
24730,4.87630,-0.02638,0.09327
24731,-6.70799,-0.13275,0.36834
24732,-6.47433,-0.12766,0.36651
24733,-6.23461,-0.12611,0.35054
24734,-7.06546,-0.13681,0.38781
24735,-6.82348,-0.13142,0.38625
24736,0.05355,-0.06289,0.17104
24737,0.21553,-0.05731,0.16507
24738,-0.12362,-0.06401,0.17732
24739,4.72572,0.19906,0.30568
24740,4.49235,0.19520,0.29508
24741,4.84887,0.20482,0.30482
24742,4.59382,0.19365,0.30537
24743,4.30315,0.18799,0.29326
24744,-3.95473,-0.20910,0.22107
24745,-9.96242,0.00769,0.03050
24746,-9.60413,0.00922,0.03431
24747,-10.38387,0.00492,0.02355
24748,-9.12863,0.01295,0.04179
24749,5.45121,-0.09820,0.80097
24750,7.16411,-0.08568,0.81506
24751,3.72931,-0.10770,0.78593
24752,6.37554,-0.09425,0.80856
24753,9.77887,0.27526,0.32197
24754,10.28553,0.28134,0.33421
24755,-4.96926,0.07357,0.11578
24756,-5.13789,0.07070,0.11376
24757,-3.62063,0.08698,0.12982
24758,-8.27186,-0.30434,0.37693
24759,-8.46263,-0.31057,0.37708
24760,-8.05437,-0.30110,0.36355
24761,-8.51148,-0.30896,0.38891
24762,-8.79239,-0.31689,0.39358
24763,2.80215,-0.12960,0.78019
24764,1.62635,-0.13724,0.76931
24765,0.34777,-0.15023,0.75791
24766,5.64579,0.12332,0.31504
24767,5.41398,0.12260,0.30328
24768,6.26323,0.13052,0.33756
24769,5.96509,0.12936,0.32057
24770,6.49073,0.22651,0.68308
24771,6.63329,0.22488,0.67959
24772,-7.76307,0.01237,0.04409
24773,-8.35829,0.00934,0.03709
24774,6.21866,0.11029,0.51730
24775,6.10283,0.10760,0.50290
24776,5.77192,0.10175,0.52647
24777,5.90450,0.10368,0.49961
24778,-7.79051,-0.27074,0.67845
24779,-8.83836,-0.28750,0.66215
24780,-8.79335,-0.28522,0.66217
24781,-1.09562,0.00580,0.92475
24782,-1.44253,0.00564,0.93229
24783,7.10312,0.14764,0.35014
24784,6.74503,0.14181,0.34061
24785,7.04296,0.14448,0.35457
24786,7.11110,0.15001,0.34461
24787,6.52674,0.14180,0.32673
24788,12.64708,0.38418,0.40650
24789,-7.27047,-0.26143,0.69433
24790,-6.48378,-0.24540,0.70966
24791,-7.57176,-0.26611,0.68694
24792,-1.41531,-0.04480,0.57175
24793,-2.37577,-0.13579,0.78484
24794,-2.35488,-0.13094,0.78550
24795,-1.57034,-0.11918,0.80013
24796,-0.12611,0.00546,0.15532
24797,-0.07746,0.00420,0.15916
24798,-0.00737,0.00578,0.17510
24799,-0.27935,0.00490,0.13526
24800,-0.17497,0.00375,0.14057
24801,8.05517,-0.04980,0.08615
24802,6.52757,-0.06525,0.10104
24803,6.59349,-0.06407,0.10036
24804,13.36249,0.32078,0.48256
24805,-12.88431,-0.39403,0.42487
24806,-12.83355,-0.39524,0.42634
24807,-8.01928,-0.17244,0.35140
24808,3.20924,-0.04263,0.12132
24809,3.27714,-0.04061,0.11944
24810,-3.96892,-0.09395,0.28243
24811,-4.21450,-0.09553,0.29367
24812,-3.75758,-0.08973,0.27919
24813,-5.82501,-0.19363,0.25508
24814,-5.73893,-0.19484,0.25284
24815,12.45371,0.32082,0.56949
24816,11.90002,0.31148,0.58666
24817,12.35575,0.32207,0.57440
24818,-13.60689,-0.36083,0.52602
24819,-13.31282,-0.35312,0.54357
24820,-13.79034,-0.36626,0.50923
24821,-13.72786,-0.36726,0.51729
24822,-1.42582,-0.16356,0.73956
24823,9.90789,-0.03445,0.06808
24824,6.62846,-0.06432,0.09951
24825,6.84793,-0.06155,0.09721
24826,0.02035,0.00250,0.18723
24827,0.05829,0.00479,0.19235
24828,-0.01485,0.00352,0.17221
24829,0.00929,0.00084,0.19768
24830,0.07124,0.00326,0.21042
24831,13.83120,0.37074,0.50008
24832,-3.35545,-0.06541,0.33709
24833,-3.57101,-0.06742,0.35532
24834,-3.33128,-0.06318,0.34996
24835,-3.80255,-0.07059,0.36803
24836,3.48390,0.17966,0.21561
24837,1.93727,0.15804,0.19502
24838,-3.24081,0.10661,0.13317
24839,-2.74456,0.11438,0.13918
24840,-2.10372,0.12378,0.14681
24841,-0.91514,0.00455,0.07283
24842,-9.19945,0.00692,0.04003
24843,-9.77710,0.00618,0.03656
24844,-9.35905,0.00543,0.03476
24845,-7.92825,0.01092,0.05347
24846,-11.75239,-0.37972,0.38668
24847,-11.37948,-0.37371,0.37605
24848,-11.64269,-0.37937,0.38607
24849,-11.00450,-0.36672,0.36488
24850,-11.10116,-0.36989,0.36995
24851,6.35765,-0.00672,0.03590
24852,5.81124,-0.00892,0.04327
24853,6.43098,-0.00543,0.03205
24854,7.87361,-0.01899,0.06708
24855,8.40416,-0.01689,0.06165
24856,7.53866,-0.02198,0.07214
24857,7.80910,-0.01846,0.06682
24858,9.07860,-0.01238,0.05232
24859,6.59808,0.27037,0.26361
24860,6.96323,0.27541,0.26904
24861,-2.47182,-0.04786,0.62269
24862,-2.05372,-0.04327,0.64586
24863,-2.11426,-0.04158,0.62923
24864,-2.76040,-0.05324,0.61970
24865,-6.92681,0.03284,0.84289
24866,-5.46113,0.04191,0.82211
24867,-3.50237,0.04586,0.80060
24868,-5.51305,0.03625,0.82827
24869,-13.12760,-0.39319,0.43067
24870,1.63879,-0.07308,0.76677
24871,3.51242,-0.05994,0.79121
24872,2.28979,-0.07248,0.77450
24873,4.18077,-0.05937,0.79804
24874,-9.24560,-0.20642,0.35889
24875,-9.79231,-0.21513,0.37526
24876,1.29604,-0.15112,0.77097
24877,0.85794,-0.15309,0.76591
24878,-1.28297,-0.17447,0.74596
24879,0.53844,-0.15408,0.76205
24880,3.38155,0.19530,0.21343
24881,11.26520,-0.02544,0.05599
24882,12.20343,-0.01941,0.04763
24883,9.80374,-0.03647,0.06935
24884,-2.84770,-0.09119,0.55668
24885,-2.47118,-0.07934,0.54989
24886,-2.77430,-0.08947,0.54225
24887,-8.72968,0.07989,0.82696
24888,-10.33490,0.06907,0.83931
24889,7.99606,0.30100,0.28990
24890,7.37886,0.29065,0.27967
24891,-12.78494,0.00521,0.02640
24892,-14.08043,0.00198,0.01420
24893,-13.85214,0.00207,0.01463
24894,0.63468,-0.00722,0.09839
24895,0.46077,-0.00726,0.10873
24896,0.52370,-0.01162,0.11931
24897,-1.96663,0.05377,0.14146
24898,-0.92122,0.06473,0.15843
24899,-1.74276,0.05405,0.14450
24900,-0.68942,0.06466,0.16202
24901,13.98210,-0.01015,0.03243
24902,15.73130,-0.00451,0.01978
24903,15.79639,-0.00377,0.01793
24904,-1.20795,-0.02512,0.64483
24905,-1.14231,-0.02215,0.62550
24906,-0.40176,0.12384,0.16805
24907,-0.31945,0.12338,0.16926
24908,-0.67038,0.05674,0.15182
24909,-0.79013,0.05139,0.14681
24910,-0.79968,0.05777,0.14900
24911,-10.34859,0.02550,0.06171
24912,-10.24261,0.02691,0.06329
24913,-7.15698,-0.13932,0.57959
24914,-7.54861,-0.14590,0.56996
24915,-9.45816,-0.31541,0.50853
24916,-4.05405,0.04115,0.11306
24917,-4.41660,0.00822,0.94626
24918,-5.14530,0.00737,0.95134
24919,-5.02196,0.00501,0.95900
24920,-4.32991,0.01175,0.93673
24921,-0.20507,0.01095,0.76083
24922,0.20115,0.01454,0.72655
24923,-0.50638,0.01194,0.77775
24924,-0.09916,0.01550,0.74919
24925,-10.50210,-0.33633,0.61119
24926,-10.72570,-0.34285,0.59690
24927,12.52320,0.37500,0.39583
24928,12.85376,0.38029,0.40918
24929,12.45756,0.37189,0.39221
24930,12.80530,0.37743,0.40564
24931,0.72731,0.07372,0.18783
24932,1.01549,0.07468,0.19392
24933,1.64531,0.08310,0.20615
24934,-0.20685,0.06550,0.17021
24935,-0.08833,0.06402,0.17234
24936,-1.71579,-0.17101,0.20345
24937,-1.00836,-0.15747,0.19129
24938,-1.04623,-0.15608,0.19221
24939,-2.24406,-0.18274,0.21233
24940,-1.48570,-0.16837,0.19896
24941,-10.89967,-0.37073,0.42659
24942,-5.02918,-0.24414,0.23970
24943,-4.56375,-0.23655,0.23313
24944,-3.37311,-0.21491,0.21598
24945,5.58747,-0.07750,0.11021
24946,6.40618,-0.06810,0.10199
24947,-2.56090,-0.20037,0.21187
24948,-1.88086,-0.18773,0.20118
24949,-1.49961,-0.17973,0.19575
24950,-3.56981,-0.22058,0.22771
24951,-2.59467,-0.20176,0.21180
24952,-7.82192,0.05384,0.08852
24953,-6.49569,0.06727,0.10151
24954,-6.87256,0.06355,0.09774
24955,-6.11318,0.07194,0.10528
24956,-7.33513,0.05904,0.09315
24957,-6.82030,0.10106,0.84488
24958,-10.63021,0.07463,0.87059
24959,10.11796,-0.02075,0.05867
24960,9.86711,-0.02299,0.06179
24961,8.70803,-0.03033,0.07327
24962,11.69511,-0.01250,0.04307
24963,11.13387,-0.01588,0.04953
24964,0.36872,0.01935,0.81671
24965,0.50084,0.10967,0.17850
24966,-10.63362,0.08162,0.84215
24967,-11.47012,0.07574,0.84747
24968,-14.17218,0.06231,0.86514
24969,-6.88785,0.10551,0.81515
24970,-7.25018,0.10112,0.81760
24971,-6.71734,-0.21696,0.64474
24972,-6.28273,-0.20315,0.65632
24973,-6.12760,-0.19725,0.65260
24974,-10.16295,-0.35045,0.34235
24975,-10.69090,-0.35995,0.35492
24976,-10.16354,-0.34900,0.34030
24977,-10.09628,-0.32834,0.56100
24978,11.87392,0.37444,0.55194
24979,11.68281,0.36735,0.56947
24980,12.19281,-0.01643,0.04590
24981,12.64077,-0.01531,0.04371
24982,-10.67328,0.02700,0.06111
24983,-4.15405,-0.10560,0.26981
24984,-3.67433,-0.10177,0.25478
24985,-4.30445,-0.10985,0.27031
24986,8.77434,-0.09887,0.83802
24987,9.65905,-0.09289,0.84289
24988,-2.20670,-0.09729,0.21316
24989,-11.70359,-0.37515,0.53040
24990,-11.67723,-0.37207,0.54551
24991,-11.88540,-0.37923,0.52885
24992,-11.57577,-0.37254,0.52853
24993,-11.52568,-0.36913,0.54308
24994,4.38388,-0.12963,0.80030
24995,5.97650,-0.11768,0.81341
24996,-9.95284,-0.27397,0.62872
24997,4.37709,0.13776,0.64482
24998,4.02701,0.12641,0.64966
24999,4.14955,0.13033,0.63724
25000,-11.70903,-0.27499,0.56542
25001,-4.73701,0.03090,0.90732
25002,-0.55234,0.01010,0.13651
25003,-0.77726,0.00824,0.12058
25004,-0.59952,0.00784,0.12710
25005,-0.27593,0.01278,0.15639
25006,-0.56981,0.01209,0.14011
25007,6.31071,-0.11063,0.83469
25008,9.05190,-0.09020,0.85389
25009,4.78040,-0.08721,0.11844
25010,5.17272,-0.08296,0.11439
25011,3.79354,-0.09985,0.12874
25012,6.07646,-0.07274,0.10520
25013,5.07887,-0.08432,0.11526
25014,-13.46650,-0.34727,0.52975
25015,-2.37124,0.02242,0.09265
25016,-2.03586,0.02536,0.10146
25017,-2.72295,0.01529,0.07658
25018,-2.80482,0.01751,0.07975
25019,-0.33344,-0.01470,0.28351
25020,-0.30812,-0.01428,0.27120
25021,-0.46794,-0.01998,0.29259
25022,-0.48104,-0.02150,0.27957
25023,-2.58402,-0.19789,0.21439
25024,-2.38581,-0.19301,0.21167
25025,-2.97933,-0.20500,0.22146
25026,-1.99935,-0.18460,0.20568
25027,-2.77970,-0.20011,0.21859
25028,0.15380,-0.00150,0.11813
25029,0.04789,-0.00044,0.11896
25030,-0.01680,0.00028,0.12743
25031,7.10212,0.23285,0.66020
25032,7.05727,0.23384,0.67015
25033,7.49273,0.24517,0.65241
25034,-5.38023,-0.23552,0.29224
25035,-5.02722,-0.22533,0.28579
25036,-5.26959,-0.23503,0.28649
25037,-4.73210,-0.22075,0.27548
25038,-10.23651,-0.33404,0.54824
25039,-10.12980,-0.33219,0.53680
25040,-10.37685,-0.34303,0.51219
25041,1.86509,0.05775,0.68655
25042,1.51756,0.04689,0.68933
25043,1.70481,0.05259,0.67807
25044,1.80869,0.05635,0.69986
25045,1.52214,-0.00371,0.07338
25046,-2.55605,0.07714,0.12959
25047,-2.19421,0.08054,0.13483
25048,-2.20876,0.08454,0.13611
25049,-1.64458,0.09165,0.14501
25050,5.77737,-0.02152,0.08132
25051,7.14298,-0.01365,0.06177
25052,6.54262,-0.01826,0.07253
25053,-9.60996,-0.31369,0.65151
25054,-8.66600,-0.29561,0.67047
25055,8.90187,-0.00309,0.01985
25056,9.42420,-0.00141,0.01184
25057,9.79582,-0.00096,0.00913
25058,8.60949,-0.00473,0.02559
25059,1.89005,0.05670,0.23743
25060,1.38757,0.05069,0.22038
25061,1.61375,0.05526,0.22535
25062,-7.03694,-0.22767,0.64049
25063,-6.94871,-0.22712,0.65868
25064,13.39220,0.39300,0.51926
25065,13.43287,0.40016,0.48513
25066,-2.16736,0.06682,0.12968
25067,-2.77850,0.05671,0.11748
25068,-1.58316,0.07773,0.14167
25069,-4.35628,0.02692,0.82831
25070,1.78085,0.14334,0.79132
25071,1.18060,0.13095,0.80151
25072,2.03044,0.14145,0.78896
25073,4.40446,-0.04650,0.09699
25074,3.80104,-0.05491,0.10711
25075,4.20003,-0.05119,0.10167
25076,4.43265,-0.04418,0.09506
25077,3.83367,-0.05258,0.10539
25078,-8.72638,0.02313,0.86818
25079,-9.37069,0.02352,0.87077
25080,-9.86732,0.01805,0.88432
25081,-11.42321,0.01550,0.89696
25082,2.05952,0.06389,0.68508
25083,2.34068,0.07260,0.67620
25084,-0.29568,-0.01633,0.72043
25085,-12.12996,-0.26411,0.48677
25086,-12.15203,-0.26548,0.49669
25087,-5.30948,-0.18346,0.44752
25088,-5.66524,-0.19494,0.45487
25089,10.89487,0.23473,0.41381
25090,10.53496,0.22943,0.39720
25091,-0.10793,-0.00207,0.62745
25092,-1.16359,0.05713,0.14102
25093,3.65647,-0.02617,0.82188
25094,2.77414,-0.02788,0.80801
25095,-23.67569,0.02430,0.92095
25096,-4.32267,-0.15925,0.23545
25097,-4.69646,-0.16636,0.24083
25098,-5.31336,-0.17260,0.25206
25099,-5.61444,0.04513,0.10170
25100,-3.83432,0.00272,0.04081
25101,-3.89830,0.00180,0.03286
25102,-3.33570,0.00362,0.05050
25103,-4.45942,0.00055,0.01546
25104,-3.79272,0.00131,0.02838
25105,7.19246,0.16911,0.31394
25106,6.69694,0.16130,0.30301
25107,6.73918,0.12091,0.51540
25108,6.88677,0.12341,0.49047
25109,-17.03191,0.04684,0.88282
25110,-16.88653,0.04608,0.88227
25111,-6.39754,-0.12133,0.57761
25112,-6.86854,-0.12882,0.56209
25113,-6.47020,-0.12494,0.58473
25114,-6.83318,-0.12655,0.55427
25115,3.96766,0.14070,0.23496
25116,-1.98770,-0.06747,0.69766
25117,-2.42079,0.04897,0.87613
25118,-3.28111,0.04201,0.88803
25119,-3.06615,0.03890,0.88983
25120,-3.94034,0.04004,0.89351
25121,-4.30862,0.03225,0.90388
25122,12.48620,0.30775,0.40693
25123,11.35989,0.37466,0.47851
25124,11.21528,0.37023,0.48405
25125,11.04581,0.36850,0.46725
25126,-3.53378,-0.13050,0.37249
25127,-3.73225,-0.13791,0.37289
25128,-3.76796,-0.13732,0.38421
25129,8.00572,0.27053,0.48775
25130,8.25934,0.27733,0.49906
25131,7.98140,0.26746,0.50262
25132,8.28869,0.28068,0.48406
25133,2.60996,-0.00344,0.05585
25134,2.12102,-0.00448,0.06888
25135,2.54686,-0.00250,0.04886
25136,2.65594,-0.00429,0.06098
25137,2.24117,-0.00544,0.07284
25138,5.24006,-0.03154,0.07911
25139,5.58315,-0.02601,0.07140
25140,4.81994,-0.03391,0.08385
25141,6.31202,-0.01941,0.05987
25142,7.89604,0.14493,0.47904
25143,-11.80445,-0.38663,0.40519
25144,-11.39203,-0.37978,0.39239
25145,-11.75196,-0.38675,0.40891
25146,-11.81549,-0.38566,0.40086
25147,-11.40682,-0.37906,0.38875
25148,-1.66744,-0.12387,0.19522
25149,-2.15628,-0.13191,0.20198
25150,-1.36660,-0.11880,0.19118
25151,-20.08418,0.03428,0.91539
25152,-24.34497,0.01968,0.93856
25153,-21.19358,0.02865,0.92422
25154,-18.42154,0.04228,0.90401
25155,-22.54324,0.02684,0.92572
25156,0.62439,0.16769,0.18196
25157,0.80396,0.17044,0.18462
25158,1.29546,0.17988,0.19105
25159,1.67828,0.18650,0.19667
25160,11.92635,0.30933,0.37847
25161,11.20745,0.30529,0.35448
25162,5.68781,-0.05245,0.88786
25163,4.67642,-0.05935,0.87862
25164,5.20448,-0.05136,0.88742
25165,5.86687,-0.05559,0.88544
25166,-10.79552,0.01828,0.04710
25167,-11.98948,0.01099,0.03499
25168,-11.85206,0.01263,0.03790
25169,-9.90692,0.02405,0.05535
25170,0.21424,0.00651,0.67952
25171,-0.12309,-0.00386,0.67439
25172,-1.86745,0.11892,0.14857
25173,-2.70995,0.10593,0.13751
25174,-1.40917,0.12526,0.15460
25175,14.49927,-0.00563,0.02228
25176,15.29628,-0.00270,0.01373
25177,15.62924,-0.00194,0.01116
25178,13.27937,-0.01125,0.03391
25179,6.88694,-0.02611,0.92029
25180,5.41016,-0.02659,0.91542
25181,-7.26205,0.03291,0.91241
25182,-8.95761,0.02448,0.92666
25183,-8.01727,0.02494,0.92434
25184,-6.28254,0.04226,0.89953
25185,-7.82936,0.03364,0.91273
25186,7.95819,0.29768,0.36286
25187,8.95093,0.33250,0.33980
25188,9.35533,0.34113,0.34896
25189,9.57161,0.34555,0.35818
25190,8.48952,0.32269,0.32744
25191,-2.15064,-0.19851,0.75337
25192,-3.63312,-0.21688,0.73691
25193,-1.44735,-0.19000,0.76192
25194,-2.67798,-0.18868,0.76637
25195,-3.33577,-0.20050,0.75662
25196,-4.32029,-0.21358,0.74417
25197,-1.48570,-0.17091,0.78170
25198,-3.26032,0.00469,0.05740
25199,-2.71851,0.00617,0.07036
25200,-3.50655,0.00474,0.05583
25201,-1.96264,0.00525,0.86341
25202,-1.51128,0.00691,0.83901
25203,-1.24268,0.00577,0.83829
25204,-2.87685,0.00388,0.89325
25205,6.62768,0.23053,0.69614
25206,6.28830,0.22127,0.70316
25207,6.76908,0.23116,0.68864
25208,6.70053,0.23464,0.69700
25209,6.07119,0.21915,0.71089
25210,-3.13831,-0.10220,0.23594
25211,-2.74176,-0.09973,0.22599
25212,-3.69356,-0.11093,0.24634
25213,-2.55885,-0.09375,0.22475
25214,-13.00139,-0.39946,0.50279
25215,-13.02450,-0.40149,0.48834
25216,1.05197,0.06656,0.22729
25217,0.87067,0.06432,0.21555
25218,1.12958,0.07191,0.22691
25219,-6.75477,0.04871,0.08589
25220,-5.84401,0.05970,0.09704
25221,-5.77879,0.06164,0.09848
25222,11.08230,-0.02322,0.05265
25223,12.20624,-0.01619,0.04254
25224,12.50410,-0.01407,0.03931
25225,-12.71469,0.00539,0.02236
25226,-13.45078,0.00255,0.01371
25227,-12.78763,0.00505,0.02169
25228,-13.75304,0.00185,0.01128
25229,-10.20040,-0.33052,0.56998
25230,-10.29325,-0.33477,0.55478
25231,-10.49619,-0.34047,0.55553
25232,2.94739,0.09188,0.67180
25233,2.65830,0.08304,0.68662
25234,12.77833,0.40037,0.47671
25235,12.92114,0.40061,0.48799
25236,12.63321,0.39931,0.46974
25237,12.60081,0.39932,0.45784
25238,6.78266,-0.03748,0.08989
25239,6.08506,-0.04400,0.09818
25240,14.13289,-0.00148,0.01260
25241,12.95919,-0.00424,0.02461
25242,14.52104,-0.00126,0.01140
25243,5.76005,-0.09360,0.85248
25244,7.09937,-0.08484,0.86132
25245,-3.87090,0.07534,0.12563
25246,-3.32567,0.07952,0.13146
25247,-2.38616,0.09085,0.14241
25248,-4.81626,0.06485,0.11500
25249,7.40874,-0.01172,0.94586
25250,7.16530,-0.00942,0.95086
25251,0.00369,-0.00349,0.74724
25252,0.13761,-0.00330,0.78123
25253,0.00350,-0.00050,0.77299
25254,-0.09002,-0.00716,0.72987
25255,1.07980,-0.09979,0.83371
25256,1.19323,-0.10498,0.83145
25257,-7.23862,-0.14514,0.36886
25258,-7.50333,-0.14715,0.38680
25259,-7.71772,-0.15262,0.38484
25260,-9.82343,-0.29346,0.31887
25261,-2.03956,0.02093,0.80515
25262,-8.36080,-0.28673,0.67358
25263,-8.90320,-0.29664,0.66468
25264,4.16146,-0.04167,0.09508
25265,4.44086,-0.04025,0.09193
25266,3.70921,-0.04631,0.10218
25267,-1.57045,0.01001,0.91881
25268,-1.74440,0.00745,0.92950
25269,-1.25611,0.00820,0.91881
25270,-1.66916,0.01275,0.91339
25271,-2.02353,0.00943,0.92656
25272,-11.09734,-0.35924,0.53794
25273,-11.22064,-0.36219,0.53963
25274,-2.09110,-0.07477,0.39637
25275,-1.85477,-0.06589,0.40258
25276,-2.15372,-0.07569,0.41482
25277,-1.96445,-0.07136,0.38120
25278,-1.76381,-0.06345,0.38983
25279,3.97422,-0.07955,0.12569
25280,5.11679,-0.06727,0.11346
25281,-1.80195,-0.03835,0.64628
25282,-2.32946,-0.04412,0.61406
25283,3.93459,0.14299,0.74059
25284,3.82451,0.13739,0.73995
25285,4.35835,0.15122,0.72542
25286,3.71545,0.14091,0.74956
25287,-3.18718,0.10442,0.13273
25288,-3.48743,0.02695,0.10678
25289,-4.45158,0.02059,0.09009
25290,-4.12358,0.02128,0.09387
25291,-4.11298,0.02427,0.09778
25292,8.91415,0.23470,0.63345
25293,9.35466,0.24419,0.62756
25294,-1.20256,-0.06224,0.25099
25295,-1.08241,-0.05689,0.24826
25296,-12.73828,0.06417,0.85567
25297,-5.28401,0.08256,0.11305
25298,-4.03701,0.09809,0.12616
25299,-7.51783,0.02221,0.07256
25300,-5.62767,0.03660,0.09672
25301,-7.26055,0.02495,0.07672
25302,11.58473,-0.02289,0.05222
25303,9.97947,-0.03489,0.06710
25304,-7.22885,-0.15441,0.34187
25305,-6.94237,-0.15349,0.32690
25306,-6.59266,-0.14577,0.32251
25307,2.57498,0.08304,0.54066
25308,2.95490,0.09527,0.54333
25309,2.55945,0.08185,0.55675
25310,2.77053,0.09002,0.52712
25311,-9.52352,-0.27246,0.31645
25312,13.84191,0.38211,0.49357
25313,13.82294,0.38637,0.48043
25314,2.43073,0.07709,0.57310
25315,2.88047,0.09164,0.56971
25316,2.69278,0.08507,0.58315
25317,2.13642,0.06794,0.56560
25318,10.49829,0.25157,0.36154
25319,9.92055,0.24124,0.34678
25320,10.50009,0.24838,0.36517
25321,-5.04491,-0.08812,0.53374
25322,-5.33626,-0.09344,0.52601
25323,11.12713,0.30640,0.35160
25324,10.66475,0.30169,0.33914
25325,-9.11295,-0.33320,0.36623
25326,-1.98675,-0.07266,0.76672
25327,-11.17458,-0.37671,0.42867
25328,1.30916,-0.08440,0.14771
25329,0.81564,-0.09125,0.15721
25330,0.64549,-0.09660,0.16104
25331,1.93923,-0.07325,0.13526
25332,1.35586,-0.08057,0.14593
25333,-2.11917,-0.13582,0.78879
25334,-2.39935,-0.14449,0.78336
25335,-8.37663,-0.31236,0.29958
25336,-8.43609,-0.31208,0.29958
25337,6.74494,-0.04709,0.08453
25338,6.67440,-0.04683,0.08467
25339,5.72257,-0.05841,0.09662
25340,7.63481,-0.03799,0.07420
25341,7.53589,-0.03807,0.07465
25342,-1.60792,-0.12354,0.19405
25343,-2.79453,-0.13814,0.21154
25344,-2.22082,-0.12847,0.20349
25345,-1.06502,-0.11858,0.18618
25346,-1.13269,-0.12875,0.18599
25347,-7.23226,-0.13257,0.44570
25348,-7.01676,-0.12957,0.42739
25349,-7.23737,-0.13545,0.41896
25350,9.08223,0.17481,0.52675
25351,8.94985,0.17103,0.52358
25352,8.67483,0.16685,0.54167
25353,8.98802,0.17072,0.50997
25354,8.70998,0.16560,0.52830
25355,-2.08800,0.07515,0.13408
25356,-2.36050,0.07346,0.13020
25357,-3.16572,0.06182,0.11640
25358,-8.65680,-0.22305,0.31586
25359,-13.34981,-0.40179,0.48586
25360,-13.41195,-0.39919,0.50164
25361,-13.44582,-0.40111,0.48478
25362,4.10660,0.22916,0.22729
25363,3.49441,0.21784,0.21836
25364,4.25537,0.23102,0.22896
25365,3.26836,0.21432,0.21546
25366,3.17050,0.12160,0.34440
25367,3.44596,0.13107,0.35048
25368,3.43451,0.12804,0.36396
25369,3.67133,0.13798,0.35907
25370,5.79094,0.18453,0.62494
25371,-5.19305,0.03451,0.09910
25372,-2.24355,0.00089,0.02112
25373,-2.16890,0.00170,0.03066
25374,-1.90607,0.00157,0.03165
25375,-2.59444,0.00037,0.01138
25376,-2.47108,0.00111,0.02267
25377,-2.18418,0.10752,0.14600
25378,-0.00965,0.13588,0.17095
25379,-12.77537,-0.29065,0.48777
25380,-12.59800,-0.28311,0.49643
25381,-12.83175,-0.29405,0.49777
25382,-2.24608,-0.08262,0.37119
25383,-2.61670,-0.09843,0.35609
25384,-2.37797,-0.09144,0.34158
25385,0.65791,-0.02918,0.15405
25386,0.02950,-0.03565,0.17398
25387,1.08247,-0.02816,0.14325
25388,2.61233,-0.02095,0.10924
25389,-17.26962,0.00117,0.00830
25390,-16.65191,0.00185,0.01151
25391,2.85149,-0.08812,0.77794
25392,0.49445,-0.10326,0.75137
25393,0.50552,-0.10604,0.75188
25394,4.65369,-0.07444,0.79707
25395,1.75749,-0.09156,0.76622
25396,9.11232,0.29557,0.59527
25397,8.72568,0.28307,0.60777
25398,0.87743,0.18307,0.76101
25399,-1.81842,0.15542,0.78560
25400,0.46567,0.07482,0.18880
25401,0.82564,0.08372,0.20101
25402,0.68865,0.07691,0.19758
25403,-6.78983,-0.12416,0.54412
25404,-6.73489,-0.12180,0.53306
25405,-7.12319,-0.12913,0.51785
25406,-6.37642,-0.11871,0.56827
25407,3.17474,-0.10427,0.13552
25408,4.52597,-0.08760,0.12130
25409,4.62966,-0.08697,0.12024
25410,2.18959,-0.11605,0.14619
25411,3.69614,-0.09695,0.12994
25412,-2.40371,-0.04188,0.56782
25413,-2.06128,-0.03671,0.58572
25414,-1.98483,-0.03393,0.54722
25415,8.90209,0.29640,0.51489
25416,8.78233,0.28884,0.54341
25417,-5.69193,-0.23950,0.24633
25418,-4.83453,-0.22472,0.23373
25419,-4.77561,-0.22533,0.23296
25420,-5.47761,-0.23422,0.24305
25421,-1.31391,-0.04438,0.46466
25422,-1.61871,-0.05425,0.47595
25423,-1.76598,-0.05986,0.45963
25424,-0.86253,-0.02907,0.46495
25425,10.40863,0.32903,0.63309
25426,10.97668,0.34132,0.61828
25427,10.26284,0.32783,0.63473
25428,9.84857,0.32020,0.56388
25429,10.01521,0.32684,0.54867
25430,9.62232,0.31310,0.56588
25431,9.75582,0.31860,0.55216
25432,-9.99392,-0.35250,0.39268
25433,-10.31306,-0.35951,0.40099
25434,-1.04247,-0.04925,0.26644
25435,-1.04448,-0.04739,0.27566
25436,-0.92253,-0.04615,0.25545
25437,-0.89933,-0.04294,0.26410
25438,13.60612,0.34826,0.51494
25439,13.52189,0.34875,0.52450
25440,13.75042,0.35556,0.50323
25441,3.21226,0.11194,0.42613
25442,3.70110,0.13036,0.41654
25443,2.78635,0.16814,0.72177
25444,2.64750,0.18328,0.22314
25445,3.74768,0.20426,0.24725
25446,-7.17989,-0.22965,0.27308
25447,-6.38477,-0.21918,0.25933
25448,-7.62450,-0.23376,0.28175
25449,-6.59316,-0.21805,0.26375
25450,-7.70166,0.00658,0.04227
25451,-6.76410,0.01057,0.05667
25452,-7.12663,0.00994,0.05378
25453,-8.07215,0.00455,0.03396
25454,-5.96112,-0.19976,0.49623
25455,-6.28164,-0.21131,0.49130
25456,11.45221,0.37459,0.37836
25457,-10.56592,-0.33741,0.61555
25458,-10.05754,-0.32494,0.63297
25459,11.76770,-0.02121,0.04989
25460,11.38746,-0.02435,0.05415
25461,12.93497,-0.01487,0.04054
25462,11.36137,-0.02380,0.05317
25463,10.09859,-0.03348,0.06527
25464,-11.27200,-0.32297,0.35196
25465,10.49365,0.26852,0.34763
25466,9.88506,0.26024,0.33176
25467,-9.17491,-0.28029,0.65099
25468,0.25604,-0.01780,0.86785
25469,-0.01777,-0.01994,0.85176
25470,0.15376,-0.01013,0.86996
25471,5.51311,0.21661,0.33716
25472,5.68011,0.22281,0.33811
25473,5.16468,0.20821,0.32410
25474,5.40905,0.21674,0.32693
25475,-10.04046,0.02981,0.06088
25476,-9.77601,0.03248,0.06399
25477,-11.02121,0.02260,0.05165
25478,1.59415,0.18146,0.19156
25479,2.04765,0.18957,0.19754
25480,2.24059,0.19131,0.19969
25481,2.75083,0.20079,0.20663
25482,-0.24913,0.14966,0.16883
25483,-1.01155,0.13884,0.15998
25484,-1.30587,0.13383,0.15654
25485,-1.71646,0.12911,0.15199
25486,0.76353,0.02424,0.23107
25487,0.66260,0.01904,0.23982
25488,12.74423,0.29741,0.52500
25489,12.81468,0.29624,0.51297
25490,12.69769,0.29030,0.51323
25491,-3.39388,0.00268,0.04344
25492,-2.87441,0.00437,0.05919
25493,-8.93976,-0.28374,0.65795
25494,-8.11672,-0.27395,0.67261
25495,1.18888,0.02038,0.42930
25496,1.41360,0.02405,0.44359
25497,1.41437,0.02441,0.41923
25498,4.10431,-0.00669,0.06191
25499,3.46071,-0.00977,0.07770
25500,3.56768,-0.00810,0.07120
25501,4.70931,-0.00526,0.05231
25502,3.80516,-0.00939,0.07364
25503,3.42333,0.16922,0.26315
25504,2.98801,0.15968,0.25015
25505,3.29997,0.16858,0.25733
25506,2.62421,0.14902,0.24187
25507,2.52609,0.14995,0.23689
25508,15.18803,-0.00510,0.02207
25509,16.64605,-0.00181,0.01128
25510,15.14649,-0.00491,0.02151
25511,16.67362,-0.00178,0.01109
25512,0.18811,0.13571,0.74789
25513,2.36364,0.15832,0.72475
25514,2.41815,0.15511,0.72334
25515,-2.00712,0.02669,0.12473
25516,-1.80991,0.02622,0.12737
25517,4.29074,0.18767,0.22755
25518,-5.89438,-0.23964,0.32024
25519,-5.56523,-0.23311,0.30786
25520,6.12339,0.13977,0.30893
25521,5.24602,0.20095,0.72896
25522,5.68908,0.20718,0.71719
25523,6.17220,0.22466,0.71077
25524,5.46313,0.20893,0.72574
25525,-6.49160,0.09773,0.84870
25526,-8.41227,0.08177,0.86426
25527,-6.16429,0.09798,0.84846
25528,-2.23651,0.02925,0.79710
25529,-5.45239,-0.18140,0.68272
25530,-3.86785,-0.16448,0.70398
25531,-4.85997,-0.17109,0.68968
25532,-5.84825,-0.18918,0.67843
25533,-4.00269,-0.16910,0.70341
25534,5.77093,-0.01082,0.94424
25535,6.89940,-0.00842,0.95289
25536,5.80884,-0.01538,0.93454
25537,5.51276,-0.00840,0.94977
25538,2.73441,0.12956,0.26973
25539,2.47046,0.12565,0.25629
25540,-2.63304,-0.10922,0.77275
25541,-2.12967,-0.09872,0.78656
25542,-2.83120,-0.11012,0.76428
25543,-2.40774,-0.09967,0.77593
25544,-13.62468,-0.34316,0.46216
25545,-13.71196,-0.34700,0.47217
25546,-13.46026,-0.34231,0.44293
25547,-13.59473,-0.34714,0.45180
25548,-0.09162,0.01061,0.75138
25549,-0.42008,0.01018,0.77699
25550,0.03674,0.01471,0.74091
25551,-5.63720,-0.19904,0.71222
25552,-6.09812,-0.20924,0.69863
25553,-5.98354,-0.20976,0.70614
25554,3.01533,-0.06047,0.13097
25555,-2.31618,0.10013,0.13913
25556,-1.67351,0.11157,0.14873
25557,-1.80147,0.11092,0.14714
25558,-0.77875,0.12806,0.16223
25559,-1.26163,0.02848,0.11969
25560,-1.37665,0.02457,0.11253
25561,-0.97703,0.03261,0.13083
25562,-0.98290,0.02832,0.12675
25563,-0.31588,-0.00766,0.67159
25564,-0.57865,-0.01127,0.63041
25565,-0.82365,-0.01591,0.63032
25566,1.38073,0.14844,0.18810
25567,-1.96186,0.01151,0.10079
25568,-1.27170,0.01482,0.12292
25569,6.51918,-0.10505,0.84124
25570,8.78177,-0.08630,0.85948
25571,6.22441,-0.10528,0.84145
25572,-9.22180,0.03973,0.07207
25573,-9.15277,0.03974,0.07213
25574,-10.09601,0.03187,0.06334
25575,-11.88323,0.02430,0.88114
25576,-15.10915,0.01571,0.90859
25577,-9.39322,0.03380,0.85634
25578,-11.99805,-0.27295,0.42237
25579,-11.65452,-0.26825,0.40477
25580,-11.35215,-0.26593,0.38934
25581,-3.76822,-0.20813,0.24533
25582,-4.21416,-0.21688,0.25560
25583,-4.41338,-0.22300,0.25827
25584,-3.20776,-0.19537,0.23434
25585,-6.76048,0.00358,0.03445
25586,1.20763,0.16399,0.18575
25587,1.48307,0.07334,0.79926
25588,-3.73982,0.00844,0.05199
25589,1.11913,0.05577,0.80509
25590,0.74067,0.04937,0.82044
25591,-10.43209,-0.30704,0.63044
25592,-10.79682,-0.31540,0.62336
25593,-12.44146,0.03560,0.86905
25594,-16.19685,0.02311,0.89863
25595,-6.33253,-0.12188,0.37789
25596,-0.48217,-0.05413,0.18570
25597,0.15251,-0.04796,0.17041
25598,-0.45629,-0.05151,0.18558
25599,-8.85117,-0.25697,0.30402
25600,-8.41688,-0.24825,0.29622
25601,11.57299,0.38455,0.41342
25602,11.35994,0.38093,0.40867
25603,3.24973,0.12589,0.75823
25604,-1.82437,0.12703,0.15044
25605,-1.29434,0.13405,0.15638
25606,-0.75772,0.14252,0.16265
25607,-2.35906,-0.03978,0.50465
25608,-2.00698,-0.03385,0.51748
25609,3.70875,-0.01470,0.92759
25610,4.53581,-0.01010,0.94193
25611,4.48857,-0.01427,0.93215
25612,3.68100,-0.01140,0.93464
25613,11.01452,0.22597,0.47306
25614,10.67352,0.21793,0.45085
25615,-0.19685,-0.00630,0.53591
25616,6.77439,0.27599,0.31353
25617,6.58859,0.27029,0.31162
25618,6.23769,0.26338,0.30064
25619,7.29366,0.28717,0.32899
25620,12.00917,0.26084,0.45954
25621,11.85278,0.25708,0.44997
25622,11.87920,0.25505,0.46753
25623,-13.73923,-0.38391,0.51187
25624,-13.34073,-0.36545,0.54423
25625,-6.94257,-0.28187,0.31387
25626,-7.11974,-0.28700,0.31570
25627,-6.60107,-0.27484,0.30388
25628,-7.45321,-0.29341,0.32734
25629,3.25743,0.05837,0.58122
25630,3.16234,0.05553,0.56674
25631,3.38804,0.06183,0.59228
25632,3.62796,-0.09622,0.13058
25633,1.91581,-0.11785,0.14917
25634,2.38062,-0.11077,0.14397
25635,2.80710,-0.10727,0.13944
25636,1.27558,-0.12726,0.15636
25637,-4.44260,0.03471,0.10531
25638,-15.22806,0.06053,0.87484
25639,-6.61080,0.11339,0.81808
25640,-7.61548,-0.28315,0.37217
25641,6.77656,0.28317,0.27273
25642,7.23221,0.29250,0.28134
25643,6.58134,0.27996,0.27010
25644,2.99574,0.11988,0.32182
25645,2.76175,0.11438,0.30703
25646,2.96262,0.12177,0.31038
25647,-14.54463,0.04234,0.87229
25648,-15.12409,0.03798,0.87784
25649,-15.98077,0.03851,0.88108
25650,-5.74311,-0.11681,0.61138
25651,-5.79814,-0.11498,0.60371
25652,-3.71632,-0.08000,0.30333
25653,-3.32566,-0.07718,0.28224
25654,-0.97890,0.10930,0.15768
25655,-0.53205,0.11524,0.16521
25656,-1.37608,0.10049,0.15067
25657,-0.72985,0.11546,0.16208
25658,-0.09675,0.12554,0.17291
25659,1.60078,0.13865,0.19179
25660,2.80645,0.15350,0.20844
25661,2.66881,0.15419,0.20609
25662,-4.79416,-0.23105,0.23387
25663,-6.80452,-0.26694,0.26469
25664,13.51707,0.39432,0.45323
25665,13.31994,0.39124,0.43715
25666,13.51305,0.39149,0.44839
25667,-2.15547,-0.06793,0.58579
25668,-2.15575,-0.06838,0.57182
25669,-0.48971,-0.02505,0.25236
25670,-0.67902,-0.03307,0.26025
25671,-5.59984,-0.10272,0.40316
25672,-6.13113,-0.11070,0.43219
25673,-5.82770,-0.10510,0.42652
25674,-8.30623,-0.28648,0.67506
25675,-8.79708,-0.29687,0.66431
25676,-9.12825,-0.30425,0.65737
25677,-9.37194,-0.30927,0.64973
25678,-11.85927,0.00776,0.02881
25679,-11.34843,0.01020,0.03412
25680,10.06488,-0.01847,0.04803
25681,10.72793,-0.01475,0.04185
25682,13.20549,0.36589,0.55074
25683,-0.70156,-0.02174,0.62246
25684,-0.98299,0.07628,0.15809
25685,-4.93602,-0.24561,0.25585
25686,-5.19910,-0.25043,0.26206
25687,7.35111,0.20592,0.28686
25688,-0.20843,0.17076,0.76848
25689,3.18474,0.21041,0.22392
25690,2.56834,0.19859,0.21351
25691,3.50825,0.21773,0.22855
25692,3.38071,0.21346,0.22789
25693,2.41680,0.19451,0.21167
25694,-4.16862,0.04052,0.11115
25695,-5.13718,0.03222,0.09732
25696,1.37586,-0.12627,0.15475
25697,2.20787,-0.11328,0.14359
25698,2.21447,-0.11418,0.14369
25699,-7.03754,0.03187,0.91325
25700,-11.21279,-0.37385,0.46021
25701,-11.26416,-0.37331,0.47276
25702,-11.45092,-0.37757,0.47493
25703,-10.98360,-0.36971,0.44874
25704,11.50239,0.38238,0.40096
25705,9.38589,0.33701,0.32755
25706,8.63313,0.32324,0.31351
25707,4.24303,0.15859,0.36554
25708,4.42841,0.16298,0.37787
25709,4.17235,0.15386,0.37527
25710,4.56116,0.16901,0.37287
25711,-3.86051,0.02957,0.10569
25712,-3.38515,0.03446,0.11465
25713,-5.56104,0.01919,0.07994
25714,-4.79136,0.02276,0.09025
25715,-12.12037,-0.26597,0.45787
25716,-12.18294,-0.26571,0.47849
25717,-4.24710,-0.07716,0.58139
25718,-3.99450,-0.07220,0.58221
25719,-4.50165,-0.07919,0.55477
25720,12.77441,0.38774,0.54242
25721,12.79387,0.39046,0.53464
25722,12.90003,0.39261,0.52896
25723,-0.57867,-0.02125,0.37396
25724,-0.36847,-0.01378,0.36156
25725,10.11318,0.35674,0.37491
25726,-4.32875,-0.21829,0.22648
25727,4.56753,0.12165,0.66822
25728,5.92506,0.13384,0.63698
25729,-0.05351,-0.00093,0.33344
25730,1.56201,0.10653,0.80213
25731,1.08561,0.10277,0.81095
25732,2.21960,0.11843,0.78825
25733,0.11892,0.05799,0.17690
25734,8.00415,-0.01571,0.06223
25735,7.52437,-0.01727,0.06661
25736,7.17124,-0.02117,0.07351
25737,6.46692,-0.02406,0.08076
25738,-0.15378,0.14759,0.17175
25739,9.26181,0.32210,0.43563
25740,8.91205,0.31300,0.42508
25741,9.39628,0.32384,0.44809
25742,9.11473,0.31590,0.44234
25743,-13.66058,-0.36811,0.44582
25744,-13.79890,-0.36631,0.46232
25745,-13.86782,-0.36576,0.47988
25746,7.83402,-0.05373,0.08810
25747,8.81817,-0.04442,0.07870
25748,3.37563,-0.05442,0.11027
25749,3.57487,-0.05437,0.10851
25750,4.35415,-0.04246,0.09417
25751,2.61003,-0.06439,0.12339
25752,2.74449,-0.06526,0.12237
25753,-2.99669,-0.21155,0.21346
25754,-2.96355,-0.21112,0.21345
25755,-3.98047,-0.23010,0.22828
25756,-1.92979,-0.19224,0.19876
25757,-10.39109,0.00794,0.03107
25758,2.05271,0.03452,0.49122
25759,1.99120,0.03355,0.51350
25760,7.97463,0.26018,0.56295
25761,8.02007,0.26296,0.54910
25762,10.00078,0.32295,0.60625
25763,9.93348,0.32108,0.61592
25764,9.62109,0.31229,0.62313
25765,4.71716,0.24278,0.23822
25766,4.23068,0.23341,0.23061
25767,3.37793,0.21763,0.21810
25768,2.53225,-0.11217,0.14206
25769,1.22572,-0.12946,0.15661
25770,0.48841,-0.14028,0.16512
25771,0.04513,-0.14544,0.17018
25772,-4.47593,-0.21218,0.27221
25773,-3.97775,-0.19998,0.26068
25774,-4.27751,-0.20521,0.26979
25775,-3.58432,-0.18858,0.25315
25776,-13.79917,-0.35525,0.48157
25777,-13.81383,-0.35726,0.49094
25778,-13.73266,-0.35155,0.50223
25779,-13.75868,-0.35748,0.46464
25780,-14.88379,0.05399,0.86996
25781,-12.85132,0.06518,0.85658
25782,-10.16459,0.07835,0.83794
25783,-17.20233,0.04547,0.88431
25784,2.26614,0.17365,0.21642
25785,-2.63829,0.05481,0.13323
25786,-1.60214,0.06362,0.14819
25787,-3.48639,0.04716,0.12116
25788,-4.64156,-0.08852,0.36086
25789,-4.53376,-0.08572,0.36489
25790,-4.95419,-0.09362,0.37045
25791,-4.87863,-0.09039,0.38360
25792,8.46575,0.24281,0.64937
25793,-1.55971,-0.02596,0.50209
25794,-1.53527,-0.02569,0.52797
25795,-3.95517,-0.15171,0.34768
25796,-3.73202,-0.14277,0.34868
25797,1.82225,0.10237,0.24114
25798,1.46342,0.09407,0.22696
25799,1.66514,0.10176,0.23194
25800,-3.02728,-0.11020,0.38288
25801,-3.38717,-0.12357,0.38185
25802,-2.77259,-0.10087,0.38232
25803,-0.12391,-0.07259,0.74180
25804,0.41185,-0.05477,0.15868
25805,0.95957,-0.14242,0.16117
25806,0.03428,-0.15790,0.17287
25807,2.04108,-0.12522,0.14781
25808,13.01145,0.39934,0.44403
25809,12.98379,0.40047,0.44885
25810,24.02404,-0.02558,0.92541
25811,21.99958,-0.03181,0.91457
25812,4.36312,0.09281,0.31098
25813,-3.78395,-0.10325,0.67363
25814,10.20064,0.32844,0.61750
25815,10.65035,0.34034,0.60287
25816,10.19993,0.32836,0.62145
25817,10.50353,0.33678,0.60244
25818,2.73297,-0.05684,0.78480
25819,4.72224,-0.04656,0.81096
25820,3.96854,-0.04772,0.80304
25821,1.83455,-0.06443,0.77125
25822,3.89704,-0.05336,0.79878
25823,-12.43139,0.00445,0.02092
25824,-5.64022,-0.10244,0.56229
25825,-5.34767,-0.09994,0.58395
25826,-5.06928,-0.09406,0.58501
25827,-6.05039,-0.10886,0.54427
25828,-5.88436,-0.10800,0.56653
25829,-3.15440,-0.07781,0.26983
25830,-2.75632,-0.07177,0.25918
25831,-3.73423,-0.08414,0.29156
25832,-7.15052,-0.25165,0.26930
25833,-6.95470,-0.24600,0.26622
25834,-6.33728,-0.24010,0.25613
25835,-3.64056,-0.21417,0.21815
25836,9.84603,0.31572,0.64679
25837,-6.27812,0.00299,0.02359
25838,-6.02118,0.00502,0.03179
25839,-5.58832,0.00613,0.03666
25840,-6.64557,0.00267,0.02156
25841,0.66054,0.13916,0.18653
25842,0.72021,0.14270,0.18727
25843,0.26680,0.12984,0.17949
25844,9.14972,-0.00180,0.01391
25845,9.20316,-0.00174,0.01356
25846,9.69342,-0.00099,0.00920
25847,8.79979,-0.00304,0.01978
25848,3.97331,0.13431,0.46996
25849,3.63130,0.12202,0.47709
25850,11.40878,0.34499,0.35689
25851,16.87511,-0.00164,0.01017
25852,15.61606,-0.00453,0.01980
25853,-8.91866,0.03917,0.07751
25854,-8.90119,0.04001,0.07798
25855,9.90340,0.20738,0.40071
25856,7.87700,-0.00171,0.01499
25857,8.49004,-0.00090,0.00936
25858,7.34583,-0.00315,0.02214
25859,7.20570,-0.00456,0.02744
25860,-0.38231,-0.11772,0.81410
25861,0.10044,-0.10799,0.82244
25862,-1.08428,-0.13054,0.80265
25863,-4.60294,-0.17107,0.37094
25864,-4.29582,-0.16196,0.35961
25865,-13.08503,-0.30673,0.46814
25866,13.10715,0.37187,0.55335
25867,13.39990,0.38243,0.53410
25868,-10.32061,-0.30718,0.32942
25869,-9.81686,-0.30076,0.31826
25870,-10.72139,-0.31581,0.33832
25871,-6.12738,-0.21607,0.70535
25872,-5.50965,-0.20238,0.72065
25873,-5.98059,-0.21530,0.71127
25874,-2.00433,-0.06708,0.74395
25875,-2.31590,-0.07584,0.73159
25876,-2.21148,-0.07519,0.74717
25877,-0.17149,-0.09858,0.17469
25878,-4.36519,-0.14021,0.68832
25879,-1.62860,0.02965,0.11342
25880,-2.15246,0.02615,0.10064
25881,5.20173,-0.01250,0.86969
25882,-1.93280,-0.06576,0.45388
25883,-1.66452,-0.05580,0.47411
25884,-13.81092,-0.38461,0.46802
25885,-13.70705,-0.38306,0.45256
25886,-13.70865,-0.38641,0.45664
25887,-13.86882,-0.38174,0.47513
25888,-0.95061,-0.13518,0.19344
25889,-1.25871,-0.13990,0.20007
25890,-1.47987,-0.14650,0.20413
25891,-0.35938,-0.12384,0.18161
25892,14.34759,-0.00756,0.02672
25893,13.48326,-0.01153,0.03458
25894,13.08681,-0.01365,0.03836
25895,15.00626,-0.00529,0.02145
25896,7.01373,0.26428,0.69369
25897,8.21134,0.28321,0.67517
25898,5.81190,0.24649,0.71044
25899,6.50110,0.25696,0.70179
25900,-1.10164,-0.17500,0.77991
25901,-1.58288,-0.17893,0.77625
25902,0.12373,-0.15814,0.79443
25903,4.97839,0.17018,0.45945
25904,5.00785,0.17290,0.44624
25905,-1.96963,-0.06518,0.49544
25906,-2.36136,-0.07811,0.49732
25907,-2.20913,-0.07359,0.48550
25908,-2.31065,-0.19204,0.76521
25909,0.19673,-0.13323,0.16864
25910,1.63627,0.03487,0.64587
25911,1.31574,0.03220,0.66937
25912,1.66464,0.03743,0.65627
25913,-15.73613,0.00378,0.01747
25914,-14.84892,0.00649,0.02478
25915,-15.69937,0.00310,0.01554
25916,-14.49856,0.00744,0.02679
25917,5.14058,-0.07657,0.10951
25918,5.75649,-0.06917,0.10265
25919,8.54709,-0.01742,0.06204
25920,7.00977,-0.02618,0.07959
25921,9.36408,-0.01268,0.05169
25922,10.09363,-0.01024,0.04511
25923,-3.03251,0.09491,0.13597
25924,8.93375,0.30453,0.47023
25925,8.82101,0.29943,0.47794
25926,9.11841,0.31050,0.47055
25927,9.06274,0.31573,0.30766
25928,8.33869,0.30226,0.29372
25929,16.72118,-0.03172,0.88902
25930,13.78241,-0.04415,0.86711
25931,21.03780,-0.01875,0.91805
25932,-10.46256,-0.33662,0.59031
25933,-10.43106,-0.33623,0.58383
25934,-10.14542,-0.32737,0.59899
25935,3.21063,0.18828,0.21124
25936,3.96408,0.20062,0.22140
25937,3.07547,0.18511,0.20947
25938,3.98916,0.19935,0.22183
25939,2.09311,0.10837,0.20668
25940,1.79512,0.10675,0.20109
25941,4.73475,0.14083,0.25477
25942,0.97484,0.02702,0.24521
25943,-0.49489,-0.05695,0.18634
25944,-1.01995,-0.10687,0.20115
25945,-0.91302,-0.10138,0.19910
25946,-0.03119,-0.04510,0.17389
25947,-0.23317,-0.05252,0.18333
25948,0.18308,-0.04453,0.16407
25949,-0.29992,-0.04978,0.18762
25950,4.47036,0.22723,0.25628
25951,5.00990,0.23986,0.26670
25952,5.11441,0.24096,0.27039
25953,5.14470,0.24398,0.26810
25954,5.71171,0.25548,0.28180
25955,5.94996,-0.01979,0.85551
25956,5.07200,-0.02034,0.84724
25957,3.83491,-0.02679,0.82272
25958,8.22088,-0.01279,0.88914
25959,7.15598,-0.01320,0.88187
25960,-3.64682,-0.11642,0.57057
25961,-4.11801,-0.13197,0.56706
25962,0.73983,-0.01453,0.89043
25963,0.47679,-0.01843,0.87622
25964,1.09390,-0.01450,0.89939
25965,0.79717,-0.01928,0.88461
25966,-13.85395,-0.36604,0.47223
25967,-13.75152,-0.36608,0.45546
25968,-13.78345,-0.37092,0.45674
25969,-0.45507,0.01396,0.12820
25970,-0.54749,0.01626,0.12734
25971,9.23304,0.33000,0.39504
25972,-10.62720,0.02215,0.05161
25973,-7.91893,0.04621,0.07990
25974,0.22556,0.01356,0.82417
25975,0.26170,0.01853,0.82956
25976,0.16684,0.00895,0.81926
25977,6.74721,-0.06028,0.09346
25978,6.44177,-0.06454,0.09723
25979,13.80530,0.36111,0.49851
25980,-12.35368,-0.27563,0.51150
25981,-12.19939,-0.26982,0.51407
25982,13.81783,0.37341,0.46463
25983,13.85833,0.37792,0.47461
25984,13.76039,0.37670,0.45698
25985,1.12716,0.02022,0.59166
25986,0.83162,0.01532,0.60491
25987,1.16916,0.02019,0.56302
25988,-3.03895,0.00689,0.05205
25989,-0.38126,0.00187,0.07241
25990,-0.56401,0.00201,0.06357
25991,-0.95816,0.10488,0.15736
25992,-0.71145,0.11185,0.16206
25993,8.56181,0.16372,0.53811
25994,8.84347,0.16924,0.52836
25995,8.80077,0.16681,0.51616
25996,9.16663,0.17516,0.50797
25997,7.31761,-0.03544,0.08484
25998,-1.55103,-0.07187,0.20939
25999,-1.43265,-0.07227,0.20563
26000,13.31678,0.39998,0.45963
26001,13.34041,0.40088,0.46823
26002,13.13285,0.39798,0.44301
26003,7.52192,0.28009,0.37071
26004,-3.05729,-0.09870,0.54276
26005,-3.35484,-0.10792,0.55148
26006,12.33722,0.39597,0.43751
26007,10.62593,0.35573,0.47455
26008,10.48227,0.35001,0.48463
26009,10.53613,0.35560,0.46036
26010,10.73423,0.35974,0.46847
26011,7.27225,-0.05728,0.08999
26012,-10.17680,-0.35389,0.41350
26013,-9.97060,-0.35031,0.40119
26014,-9.76549,-0.34504,0.39890
26015,-10.54272,-0.36161,0.42640
26016,-10.30680,-0.35772,0.41128
26017,-9.49765,0.03890,0.07189
26018,-10.42038,0.03134,0.06326
26019,-9.14235,0.04174,0.07518
26020,-9.92099,0.03549,0.06794
26021,-11.14245,0.02612,0.05675
26022,1.39362,0.02329,0.49801
26023,1.39220,0.02336,0.47205
26024,1.12743,0.01881,0.49607
26025,1.66097,0.02784,0.49239
26026,-2.78480,0.11410,0.13889
26027,5.77169,0.25817,0.25162
26028,6.55627,0.27291,0.26433
26029,6.02371,0.26403,0.25621
26030,6.10202,0.26318,0.25631
26031,-1.55264,0.03674,0.87868
26032,12.14448,0.28899,0.55772
26033,-11.58244,0.03498,0.86599
26034,-15.14453,0.02379,0.89421
26035,-13.39979,0.03081,0.87846
26036,-10.24181,0.03748,0.85697
26037,-14.33159,0.02414,0.89102
26038,7.46758,0.26598,0.41510
26039,7.15505,0.25795,0.40232
26040,7.48178,0.26899,0.40472
26041,7.64335,0.26883,0.42992
26042,-4.20039,0.01278,0.05929
26043,-3.94047,0.01685,0.06852
26044,-3.97701,0.00863,0.06936
26045,6.50574,0.20580,0.67353
26046,5.49440,0.19199,0.68644
26047,-11.32767,-0.31507,0.35505
26048,1.95079,-0.02911,0.79342
26049,0.41001,-0.03745,0.75511
26050,1.35112,-0.03531,0.77704
26051,1.35508,-0.02898,0.78174
26052,11.56180,0.26265,0.55816
26053,11.10434,0.25697,0.57544
26054,11.66412,0.26836,0.56020
26055,-9.08459,-0.32707,0.31497
26056,-10.72116,-0.36916,0.39844
26057,-10.56161,-0.36579,0.39662
26058,-10.49538,-0.36484,0.38706
26059,-10.33127,-0.36135,0.38621
26060,-13.79933,0.01091,0.03452
26061,-11.97329,0.02070,0.05035
26062,0.36022,-0.00287,0.08772
26063,0.51149,-0.00287,0.07703
26064,0.29550,-0.00179,0.07932
26065,-9.70518,0.00503,0.93039
26066,-1.21618,-0.17949,0.18936
26067,-0.63599,-0.16922,0.18179
26068,-1.54768,-0.18526,0.19418
26069,-0.66100,-0.16996,0.18177
26070,-1.99781,0.09499,0.14678
26071,-4.88299,-0.08825,0.40424
26072,-4.81860,-0.08570,0.41977
26073,-4.52576,-0.08192,0.39636
26074,-5.16126,-0.09341,0.40817
26075,-5.20335,-0.09209,0.43377
26076,-0.49417,-0.04331,0.20639
26077,-0.65166,-0.04951,0.21397
26078,-0.46620,-0.04636,0.20117
26079,-0.80186,-0.05514,0.22075
26080,5.86208,0.16532,0.27008
26081,5.69826,0.16121,0.26818
26082,5.49836,0.16275,0.26143
26083,4.92091,0.15274,0.25213
26084,-0.76741,0.11051,0.82586
26085,28.98353,-0.01237,0.95031
26086,29.10760,-0.01215,0.94983
26087,0.40571,0.02395,0.82199
26088,5.56397,0.25213,0.24739
26089,5.84891,0.25647,0.25153
26090,6.64045,0.27153,0.26435
26091,11.78713,0.32104,0.36876
26092,-12.15841,0.01951,0.04842
26093,-10.34822,0.03182,0.06483
26094,11.60894,-0.01428,0.94653
26095,11.07601,-0.01366,0.94724
26096,5.64925,0.18108,0.25574
26097,6.04030,0.18446,0.26361
26098,5.85648,0.18018,0.26115
26099,-6.78486,-0.21898,0.58569
26100,-6.45809,-0.20811,0.58496
26101,-7.30325,-0.23715,0.57183
26102,1.93716,0.03281,0.53246
26103,1.71701,0.02902,0.51314
26104,2.11175,0.03595,0.54401
26105,-2.31987,-0.09994,0.29288
26106,-2.09389,-0.09432,0.27992
26107,5.83515,0.20374,0.43575
26108,5.77649,0.19967,0.44805
26109,-14.59911,0.02706,0.92807
26110,-16.95245,0.02017,0.93939
26111,5.44449,0.25918,0.25468
26112,5.19349,0.25405,0.24973
26113,5.80428,0.26622,0.26004
26114,4.45065,0.23940,0.23805
26115,-1.92528,-0.18987,0.20144
26116,-2.70223,-0.20520,0.21255
26117,-0.47104,-0.01498,0.72651
26118,-0.16658,-0.00537,0.73441
26119,-7.12410,-0.23767,0.51026
26120,-7.41664,-0.24759,0.51027
26121,-7.00978,-0.23261,0.51981
26122,-0.71694,0.02368,0.13038
26123,-0.78264,0.02642,0.13096
26124,10.15405,0.35384,0.40974
26125,-4.28455,0.08680,0.12353
26126,6.81191,0.24895,0.38861
26127,6.66628,0.24242,0.39314
26128,3.19112,0.14080,0.21818
26129,4.13784,0.15153,0.23394
26130,4.06906,0.15316,0.23189
26131,2.26159,0.12854,0.20412
26132,3.11712,0.13703,0.21779
26133,13.69468,0.34871,0.50177
26134,2.43178,0.09015,0.36481
26135,2.34805,0.08589,0.37504
26136,2.09520,0.07773,0.36363
26137,2.63614,0.09629,0.37696
26138,-1.31293,0.12314,0.15585
26139,1.09777,0.04624,0.21302
26140,2.84474,0.04841,0.53701
26141,3.14286,0.05326,0.52422
26142,2.67141,0.04635,0.56254
26143,3.07148,0.05283,0.55038
26144,-4.96257,0.05598,0.11103
26145,-5.86742,0.04768,0.10073
26146,-4.70543,0.05663,0.11340
26147,-5.98657,0.04784,0.09993
26148,-5.04797,-0.23504,0.23734
26149,-3.92404,-0.21527,0.22129
26150,-3.94885,-0.21705,0.22187
26151,-2.87634,-0.19739,0.20708
26152,-3.01417,-0.20107,0.20913
26153,1.32429,-0.11190,0.15512
26154,1.60228,-0.10972,0.15193
26155,0.33666,-0.12497,0.16673
26156,1.91012,-0.10728,0.14847
26157,0.52052,-0.12445,0.16449
26158,-6.91764,-0.26463,0.70049
26159,-0.86663,-0.14280,0.79940
26160,-1.03817,-0.14806,0.79584
26161,-1.99001,-0.15965,0.78384
26162,-0.61317,-0.14495,0.79996
26163,8.99265,-0.08119,0.86495
26164,7.42187,-0.09137,0.85500
26165,9.14442,-0.08208,0.86380
26166,6.96217,-0.09751,0.84893
26167,-6.10841,-0.12898,0.33182
26168,-5.00849,-0.11661,0.29347
26169,5.65530,-0.02216,0.08303
26170,9.85131,0.20294,0.55757
26171,1.56916,-0.13099,0.15324
26172,-8.49008,-0.17859,0.36864
26173,-8.85262,-0.18105,0.38957
26174,12.81090,-0.02382,0.93187
26175,11.18548,-0.02747,0.92522
26176,12.89424,0.30531,0.52541
26177,9.51866,-0.02696,0.06759
26178,9.40408,-0.02634,0.06760
26179,2.43921,0.08548,0.75321
26180,2.78729,0.09687,0.74675
26181,2.48209,0.09136,0.76195
26182,2.49652,0.08471,0.74352
26183,12.73264,-0.01617,0.04283
26184,14.15859,-0.00880,0.02975
26185,13.93243,-0.01030,0.03278
26186,3.89939,-0.01476,0.06521
26187,4.36442,-0.01084,0.05426
26188,-10.49135,-0.27309,0.61227
26189,-9.55735,-0.25774,0.62999
26190,-9.59331,-0.26160,0.63138
26191,-4.66506,0.10054,0.79408
26192,-4.62168,0.10259,0.79376
26193,-2.39313,0.11730,0.77354
26194,-7.94484,0.08099,0.82137
26195,6.86873,-0.06426,0.09695
26196,8.32027,-0.04953,0.08285
26197,5.50362,-0.07970,0.11066
26198,0.79655,0.18255,0.76402
26199,10.78886,-0.00092,0.00857
26200,-2.95771,-0.20811,0.21855
26201,5.05574,0.18694,0.37604
26202,10.66209,-0.01240,0.03878
26203,9.85735,-0.01743,0.04732
26204,9.98422,-0.01698,0.04653
26205,6.18847,-0.00140,0.02346
26206,6.95394,-0.00036,0.00946
26207,4.89954,0.24469,0.23967
26208,5.63381,0.25823,0.25094
26209,5.52701,0.25691,0.24972
26210,0.94271,0.18218,0.75709
26211,1.50425,0.18404,0.19375
26212,2.26749,0.19805,0.20439
26213,1.80324,0.18899,0.19832
26214,2.83988,0.13973,0.26286
26215,-10.37849,0.01543,0.05152
26216,-9.37981,0.02134,0.06233
26217,-9.24121,0.02119,0.06294
26218,-9.33798,-0.19977,0.37739
26219,8.92003,0.29123,0.56281
26220,8.67129,0.28353,0.55907
26221,8.90054,0.28948,0.57735
26222,8.60523,0.28005,0.57569
26223,1.05085,0.03560,0.45593
26224,1.05903,0.03622,0.44309
26225,1.37759,0.04702,0.44605
26226,0.91064,0.03133,0.43485
26227,10.20303,0.35794,0.38770
26228,10.33291,0.36105,0.38671
26229,4.12977,-0.04896,0.80275
26230,3.48473,-0.04982,0.79585
26231,5.61008,0.17998,0.58094
26232,5.93089,0.19101,0.57512
26233,5.96243,0.19109,0.59142
26234,-8.83081,-0.26231,0.30203
26235,2.43077,0.15042,0.23268
26236,2.93201,0.16161,0.24594
26237,-5.03755,0.00876,0.04589
26238,-13.40957,-0.39033,0.52580
26239,-13.48904,-0.39087,0.52106
26240,1.12689,-0.00230,0.04963
26241,6.70274,0.21570,0.59505
26242,3.32564,-0.03019,0.09141
26243,3.45469,-0.02659,0.08616
26244,2.93694,-0.03247,0.09769
26245,3.70433,-0.02798,0.08561
26246,3.95571,-0.02308,0.07767
26247,-3.52714,-0.06719,0.34905
26248,-3.89434,-0.07213,0.36959
26249,-3.76131,-0.06916,0.37355
26250,-4.20927,-0.07729,0.37959
26251,-4.04371,-0.07311,0.38922
26252,-0.02650,-0.00147,0.20302
26253,-0.06412,-0.00243,0.22334
26254,-0.00120,-0.08408,0.74459
26255,1.85960,-0.07003,0.77056
26256,1.09470,-0.16037,0.78975
26257,8.64532,0.27030,0.65797
26258,8.43331,0.26945,0.66233
26259,9.69440,0.28823,0.64112
26260,3.01324,-0.03048,0.11469
26261,4.18860,-0.02275,0.09460
26262,2.14854,-0.03645,0.13018
26263,2.76619,-0.03083,0.11794
26264,11.03982,0.35144,0.58509
26265,11.26565,0.35861,0.57073
26266,11.33665,0.35929,0.57590
26267,10.83907,0.34615,0.58999
26268,11.06945,0.35332,0.57626
26269,-7.81965,-0.25378,0.28139
26270,-7.31329,-0.24402,0.27279
26271,-8.44652,-0.26428,0.29270
26272,-8.41821,-0.26078,0.29261
26273,-5.55542,0.07415,0.11067
26274,0.61696,-0.14540,0.16420
26275,1.96786,-0.12591,0.14870
26276,0.61618,-0.14608,0.16429
26277,0.54535,-0.14584,0.16498
26278,1.69032,-0.12925,0.15180
26279,8.79232,0.31788,0.38812
26280,8.50889,0.31204,0.37576
26281,8.09340,0.29931,0.37222
26282,2.67457,0.06522,0.66663
26283,0.00637,0.00013,0.31090
26284,0.22839,0.00448,0.32660
26285,-0.07837,-0.00176,0.29882
26286,-0.26281,-0.00528,0.31415
26287,-11.83035,0.00472,0.02149
26288,-12.00516,0.00501,0.02223
26289,-11.67168,0.00448,0.02077
26290,-12.66572,0.00168,0.01100
26291,10.25103,-0.08595,0.84161
26292,8.72078,-0.09667,0.83189
26293,7.41222,-0.10400,0.82097
26294,3.49202,0.06410,0.37312
26295,-12.49703,-0.27988,0.50387
26296,-2.31033,-0.12331,0.20639
26297,-8.48057,0.03283,0.07619
26298,3.53255,-0.10346,0.13028
26299,2.85520,-0.11308,0.13812
26300,4.55509,-0.08902,0.11849
26301,3.34551,-0.10538,0.13217
26302,-5.96713,0.07214,0.80860
26303,-3.19446,0.08955,0.78127
26304,5.12122,0.20953,0.31749
26305,-0.51350,0.11023,0.82441
26306,4.65877,0.24326,0.23987
26307,0.36734,0.04924,0.18479
26308,0.45068,0.04830,0.18757
26309,4.72546,-0.01208,0.05496
26310,4.28734,-0.01647,0.06554
26311,4.51156,-0.01617,0.06370
26312,3.04585,0.08051,0.67414
26313,11.77225,-0.07656,0.86509
26314,9.54317,-0.09158,0.84922
26315,14.95093,-0.05859,0.88475
26316,12.56457,-0.07259,0.86847
26317,-12.94806,-0.30630,0.44596
26318,-13.09991,-0.30979,0.45860
26319,-10.42947,0.02607,0.05652
26320,-10.22423,0.02816,0.05904
26321,-9.48770,0.03341,0.06550
26322,-1.87295,-0.08622,0.27453
26323,-1.91063,-0.08988,0.26976
26324,-1.65987,-0.08221,0.25921
26325,-2.05631,-0.09049,0.28638
26326,1.55959,-0.03172,0.11693
26327,1.54515,-0.03753,0.12224
26328,-5.61800,-0.17550,0.67657
26329,-2.17211,-0.13838,0.72227
26330,-3.03949,-0.10024,0.50421
26331,-3.33351,-0.11045,0.49843
26332,-3.04700,-0.10138,0.48998
26333,-3.40841,-0.11217,0.50988
26334,-3.87384,0.02800,0.10402
26335,-1.88581,0.10793,0.14620
26336,-1.34905,0.11627,0.15403
26337,-2.00096,0.10444,0.14413
26338,-9.70016,-0.29325,0.31628
26339,-9.70836,-0.29621,0.31623
26340,1.09619,-0.14111,0.15909
26341,1.51594,-0.13468,0.15405
26342,1.16113,-0.14021,0.15828
26343,2.39193,-0.12149,0.14378
26344,6.53436,0.22093,0.48311
26345,6.56518,0.22357,0.47235
26346,6.79310,0.23029,0.48020
26347,6.75923,0.23121,0.46638
26348,13.67885,-0.01064,0.03419
26349,14.84912,-0.00551,0.02271
26350,14.49049,-0.00715,0.02697
26351,-11.13745,-0.37482,0.38229
26352,-10.68777,-0.36628,0.36853
26353,-10.89432,-0.37088,0.37729
26354,-11.11099,-0.37546,0.38681
26355,-11.44235,-0.38105,0.39509
26356,11.06600,0.35604,0.55278
26357,10.92508,0.35273,0.55004
26358,-4.58763,-0.22913,0.23107
26359,-3.24094,-0.20628,0.21239
26360,15.43561,-0.00233,0.01265
26361,12.27804,-0.04567,0.90375
26362,15.37231,-0.02919,0.92548
26363,2.31072,0.06436,0.24835
26364,1.77644,0.05851,0.23027
26365,1.99843,0.05935,0.24031
26366,1.16674,0.05211,0.21058
26367,-13.60562,0.04441,0.90526
26368,-14.23863,0.04370,0.90619
26369,-17.55529,0.02708,0.92854
26370,-10.20423,0.02938,0.06031
26371,-11.52107,0.01962,0.04746
26372,-11.32296,0.02137,0.04997
26373,-13.66117,0.00734,0.02966
26374,-14.43940,0.00492,0.02331
26375,-14.67476,0.00363,0.01928
26376,-15.51145,0.00208,0.01336
26377,-0.07180,-0.02194,0.17954
26378,-0.35931,-0.02448,0.19538
26379,1.04011,-0.11791,0.15874
26380,-12.40595,-0.30288,0.40665
26381,-11.89914,-0.29731,0.38464
26382,9.55185,-0.00484,0.02508
26383,10.46290,-0.00174,0.01340
26384,-1.79429,-0.13993,0.19494
26385,-9.80386,-0.31485,0.64821
26386,-10.80751,-0.33464,0.62552
26387,-10.55782,-0.33076,0.63116
26388,-8.80339,-0.29616,0.66731
26389,6.06302,0.19621,0.56400
26390,5.71176,0.18437,0.56577
26391,6.42482,0.20910,0.55435
26392,6.29890,0.20342,0.57326
26393,-2.13687,-0.18480,0.77082
26394,-1.46445,-0.17780,0.77732
26395,11.14987,0.28592,0.36104
26396,7.33557,0.29786,0.28944
26397,7.03860,0.29203,0.28506
26398,6.50665,0.28096,0.27407
26399,6.30023,0.27686,0.27139
26400,2.39547,-0.01943,0.81552
26401,-0.92603,0.00044,0.02384
26402,-0.66933,0.00044,0.02872
26403,-0.77223,0.00021,0.01745
26404,-0.89621,0.00091,0.03557
26405,-2.73784,-0.20422,0.74225
26406,-1.74104,-0.19307,0.75378
26407,-5.83108,0.01796,0.05971
26408,-6.06517,0.01464,0.05356
26409,-5.90502,0.01919,0.06119
26410,1.73653,0.06693,0.70470
26411,2.15581,0.07371,0.69750
26412,3.11318,0.07976,0.67057
26413,1.56778,0.07065,0.71188
26414,2.24367,0.07743,0.69786
26415,-5.52478,0.00381,0.02911
26416,-5.51788,0.00506,0.03384
26417,-3.83603,-0.06554,0.46472
26418,-3.58141,-0.06168,0.44257
26419,-0.72188,-0.07224,0.18765
26420,-0.41476,-0.06747,0.18199
26421,0.24075,-0.06216,0.16923
26422,-1.26840,-0.07609,0.19938
26423,-0.00022,-0.00014,0.24374
26424,-0.11087,-0.00313,0.24348
26425,-0.09252,-0.00238,0.26082
26426,0.03102,0.00096,0.22238
26427,5.48018,-0.04773,0.81581
26428,3.25868,-0.05864,0.78897
26429,7.58745,0.14066,0.43828
26430,8.95931,-0.01636,0.05851
26431,10.37121,-0.00972,0.04271
26432,9.72821,-0.01342,0.05136
26433,11.81754,-0.00456,0.02679
26434,11.15702,-0.00740,0.03578
26435,3.98782,0.17535,0.70581
26436,0.61527,0.14813,0.74531
26437,9.43727,-0.06815,0.87845
26438,-1.57387,0.02045,0.10284
26439,-1.30218,0.02402,0.11385
26440,10.21990,0.33008,0.58330
26441,10.28007,0.33146,0.58945
26442,10.68404,0.34480,0.56435
26443,-11.86985,0.01570,0.04608
26444,-12.91448,0.01066,0.03622
26445,-13.36806,0.00846,0.03174
26446,-10.30111,0.02519,0.06112
26447,-11.46393,0.01839,0.05026
26448,-0.91163,0.05751,0.14638
26449,-0.56091,0.06100,0.15573
26450,-0.95477,0.05286,0.14353
26451,-0.49674,0.06512,0.15838
26452,8.60883,0.29779,0.44936
26453,8.84488,0.30534,0.45074
26454,8.90161,0.30871,0.44332
26455,9.12955,0.31349,0.45688
26456,-7.26647,0.05869,0.09400
26457,1.92597,0.03460,0.38176
26458,-0.94976,-0.01646,0.57853
26459,12.53688,0.30491,0.41262
26460,12.81988,0.31101,0.42542
26461,12.40046,0.30760,0.40149
26462,12.61443,0.30249,0.42119
26463,-4.90316,-0.15871,0.68542
26464,-0.20298,0.00943,0.13845
26465,-0.11415,0.01259,0.15455
26466,8.95749,0.33228,0.32947
26467,9.18364,0.33651,0.33245
26468,9.63456,0.34607,0.34536
26469,8.28983,0.31846,0.31491
26470,8.50886,0.32273,0.31761
26471,-6.32040,-0.25512,0.25643
26472,-0.37269,-0.01357,0.37749
26473,-0.38717,-0.01394,0.38799
26474,12.61022,0.38650,0.40792
26475,12.75401,0.39049,0.41674
26476,-11.65987,-0.38624,0.43721
26477,-11.81940,-0.38818,0.45266
26478,-12.00119,-0.39134,0.45594
26479,-11.58126,-0.38429,0.44240
26480,3.08066,0.13971,0.77039
26481,2.77240,0.12978,0.77623
26482,-3.55885,-0.15441,0.76101
26483,-3.50675,-0.15712,0.76276
26484,-4.05953,-0.16526,0.75050
26485,-2.80262,-0.14629,0.77654
26486,2.36209,0.04129,0.56801
26487,2.52420,0.04322,0.54660
26488,2.16104,0.03732,0.55849
26489,2.67025,0.04520,0.52568
26490,2.38005,0.04031,0.52784
26491,2.19658,-0.12255,0.14558
26492,1.33353,-0.13639,0.15621
26493,2.34162,-0.12089,0.14396
26494,0.98752,-0.14138,0.16046
26495,-9.52163,-0.32682,0.31787
26496,-0.01429,0.00168,0.16818
26497,0.00183,0.00094,0.18076
26498,-0.00195,0.00034,0.16846
26499,-0.00388,-0.00071,0.18226
26500,-4.75915,-0.18139,0.35419
26501,-4.42259,-0.17185,0.34149
26502,8.72188,0.32764,0.32632
26503,7.19366,0.25288,0.43001
26504,7.43844,0.26191,0.42828
26505,7.17798,0.25952,0.39901
26506,-1.22155,-0.03301,0.68306
26507,-0.88603,-0.02921,0.69826
26508,-1.15060,-0.02975,0.67758
26509,4.55466,0.13769,0.25169
26510,4.09522,0.22890,0.23944
26511,-0.01201,-0.00070,0.81474
26512,0.11584,0.00611,0.81815
26513,-0.01785,-0.00204,0.84294
26514,-7.90902,-0.31035,0.31553
26515,-7.52222,-0.30218,0.30547
26516,-7.35125,-0.29804,0.30401
26517,-8.50847,-0.32327,0.33021
26518,-8.15949,-0.31597,0.31929
26519,12.08726,-0.01994,0.04819
26520,10.78129,-0.02885,0.05994
26521,10.83660,-0.02850,0.05983
26522,12.95877,-0.01460,0.03997
26523,-5.21015,0.01520,0.07534
26524,-4.41208,0.01927,0.08817
26525,-5.94143,-0.21943,0.37998
26526,2.95041,-0.10615,0.13506
26527,3.88291,-0.09167,0.12329
26528,2.78031,-0.10950,0.13740
26529,3.68508,-0.09620,0.12630
26530,5.99863,-0.05858,0.88303
26531,8.85163,-0.04134,0.90557
26532,6.97679,-0.05505,0.88833
26533,-9.29244,-0.30219,0.62120
26534,-9.05884,-0.29590,0.63245
26535,-9.36818,-0.30481,0.62451
26536,-8.69207,-0.28587,0.64460
26537,-8.93652,-0.29357,0.64229
26538,11.28125,0.32718,0.61284
26539,-9.36197,-0.30391,0.61636
26540,-9.43240,-0.30577,0.60568
26541,-9.75269,-0.31563,0.59926
26542,-1.13557,-0.01877,0.50789
26543,1.23412,-0.12597,0.15645
26544,2.05324,-0.11152,0.14488
26545,1.17405,-0.12541,0.15717
26546,0.89908,-0.13269,0.16131
26547,1.61424,-0.12105,0.15133
26548,9.78416,0.33307,0.46253
26549,9.82590,0.33667,0.45001
26550,-9.95093,-0.32213,0.58409
26551,0.27452,-0.00878,0.14969
26552,0.45010,-0.00877,0.13817
26553,0.22366,-0.01116,0.15749
26554,-1.86491,0.12903,0.14995
26555,-5.66508,-0.24435,0.71904
26556,-4.91911,-0.23339,0.72852
26557,-5.36812,-0.23900,0.72403
26558,-4.63402,-0.22857,0.73312
26559,9.13647,0.29790,0.56586
26560,9.43124,0.30775,0.55935
26561,0.77474,-0.00144,0.04792
26562,0.88166,-0.00098,0.03727
26563,0.65165,-0.00084,0.04015
26564,0.88056,-0.00226,0.05544
26565,1.02121,-0.00147,0.04244
26566,2.43348,0.13380,0.24543
26567,2.70072,0.13901,0.25519
26568,4.82795,-0.02804,0.09546
26569,4.17662,-0.03411,0.10639
26570,6.76136,-0.00318,0.02343
26571,6.15656,-0.00598,0.03443
26572,5.63035,-0.00843,0.04274
26573,-0.67372,0.06481,0.15407
26574,-0.45037,0.07131,0.16080
26575,-1.13285,0.05733,0.14173
26576,-10.38699,-0.34497,0.50172
26577,1.62970,0.04060,0.67155
26578,2.11988,0.04332,0.63688
26579,2.51135,0.04856,0.61957
26580,11.18566,-0.00533,0.02402
26581,10.68810,-0.00883,0.03249
26582,10.57790,-0.00703,0.02844
26583,10.11235,-0.01063,0.03635
26584,5.23924,0.11207,0.31818
26585,4.76190,0.10594,0.30241
26586,4.98055,0.10666,0.31522
26587,5.41098,0.11628,0.31814
26588,12.67921,-0.01516,0.04067
26589,13.54201,-0.01044,0.03235
26590,-2.46677,0.03843,0.12728
26591,-2.98047,-0.09912,0.72970
26592,-3.33691,-0.10913,0.71702
26593,-3.05799,-0.09954,0.71825
26594,-2.87707,-0.09860,0.74122
26595,-3.25114,-0.10871,0.72826
26596,11.47708,0.35905,0.36344
26597,11.05904,0.35309,0.35301
26598,10.83155,0.34704,0.34615
26599,11.90179,0.36706,0.37638
26600,11.54205,0.36239,0.36655
26601,0.29661,0.02023,0.72541
26602,0.65034,0.02574,0.70780
26603,0.74766,0.02347,0.69433
26604,-0.26273,0.01672,0.75900
26605,-0.00026,0.02124,0.74336
26606,0.56343,0.05106,0.20433
26607,-5.72490,0.00914,0.88647
26608,0.59064,-0.02577,0.15418
26609,2.24403,0.08436,0.35452
26610,2.47313,0.09329,0.35282
26611,2.02461,0.07860,0.33478
26612,1.15213,0.06339,0.20184
26613,7.53388,0.21794,0.28564
26614,7.78566,0.22347,0.28970
26615,7.74972,0.21844,0.29098
26616,8.39483,0.23015,0.30290
26617,2.51945,-0.04263,0.12898
26618,1.82694,-0.04974,0.14115
26619,4.39546,0.11618,0.26653
26620,5.13250,0.12466,0.28607
26621,4.69963,0.12223,0.27099
26622,3.88444,0.10921,0.25502
26623,4.41215,0.11379,0.27009
26624,13.02208,0.40176,0.47513
26625,3.89424,0.06644,0.49649
26626,3.99690,0.06863,0.46069
26627,3.83023,0.06537,0.47818
26628,-8.99157,-0.17050,0.49952
26629,-8.87942,-0.16771,0.48756
26630,-9.09817,-0.17329,0.47298
26631,-8.66934,-0.16260,0.48946
26632,-8.83506,-0.16755,0.46114
26633,12.32796,0.37837,0.56136
26634,12.10872,0.37350,0.56956
26635,12.35306,0.38159,0.55253
26636,11.99248,0.36884,0.57887
26637,0.77849,0.17179,0.18327
26638,0.11343,0.16055,0.17455
26639,1.24683,0.17996,0.18921
26640,-2.04713,0.05135,0.12340
26641,-2.50303,0.04457,0.11299
26642,-1.47644,0.06065,0.13691
26643,5.54520,0.25926,0.26574
26644,5.30662,0.25359,0.26225
26645,5.77543,0.26470,0.26873
26646,9.01877,-0.04260,0.07519
26647,8.67063,-0.04610,0.07890
26648,-13.48942,-0.38432,0.52980
26649,13.25010,0.39736,0.44610
26650,20.43474,-0.03641,0.90350
26651,25.19205,-0.02119,0.92987
26652,24.48551,-0.02338,0.92495
26653,19.51635,-0.03986,0.89944
26654,14.38100,-0.00527,0.02307
26655,13.35364,-0.00927,0.03348
26656,1.32583,0.11739,0.80395
26657,1.94698,0.12495,0.79319
26658,2.09781,0.13120,0.78992
26659,0.36103,0.10102,0.82100
26660,-14.36994,0.00804,0.02813
26661,-13.40628,0.01210,0.03580
26662,-15.85952,0.00282,0.01476
26663,-10.13500,-0.20048,0.50236
26664,-9.84986,-0.19483,0.52409
26665,-10.31930,-0.20526,0.48500
26666,-10.35227,-0.20641,0.49959
26667,6.15071,0.27333,0.26662
26668,0.07378,0.15381,0.17256
26669,-0.70039,0.14171,0.16341
26670,1.05905,0.04156,0.32689
26671,1.27471,0.04886,0.34012
26672,11.16986,0.36746,0.49472
26673,11.42665,0.37333,0.49828
26674,11.00828,0.36552,0.48005
26675,-3.25865,0.00819,0.07279
26676,0.49068,-0.01023,0.11797
26677,0.44156,-0.01345,0.12888
26678,-10.57641,-0.23885,0.57790
26679,-10.89579,-0.24094,0.56322
26680,-0.98350,0.02612,0.14490
26681,-0.91108,0.02509,0.14582
26682,-0.02636,0.03356,0.17514
26683,-6.55014,-0.21025,0.61819
26684,-6.37916,-0.20459,0.62873
26685,-6.56335,-0.21081,0.60514
26686,-6.21883,-0.19903,0.62102
26687,0.57821,-0.10924,0.75307
26688,3.10514,-0.09212,0.77993
26689,4.70672,0.16047,0.46180
26690,4.59005,0.15528,0.47228
26691,11.97475,0.38614,0.49381
26692,11.87861,0.38596,0.48086
26693,12.04382,0.38856,0.48572
26694,11.72348,0.38435,0.46774
26695,11.89171,0.38774,0.46770
26696,-0.96719,0.02497,0.88148
26697,11.15758,0.37720,0.41341
26698,10.83548,0.37093,0.40547
26699,10.73287,0.36919,0.39655
26700,10.89399,0.37175,0.41162
26701,10.57830,0.36551,0.40099
26702,-13.17212,-0.38392,0.42220
26703,-13.29665,-0.38327,0.42709
26704,-12.99023,-0.37990,0.41247
26705,-13.17543,-0.38638,0.42396
26706,-5.13119,-0.25324,0.24909
26707,-4.56300,-0.24203,0.24005
26708,-5.12887,-0.25326,0.24982
26709,-3.84030,-0.22791,0.22847
26710,2.76397,-0.03713,0.10396
26711,2.52327,-0.03475,0.10474
26712,-0.71126,-0.15491,0.18594
26713,0.99394,-0.12592,0.15968
26714,-1.08416,-0.03962,0.37512
26715,10.61178,0.36685,0.38847
26716,0.30069,0.12296,0.18033
26717,0.79856,0.13448,0.18998
26718,0.96117,0.13524,0.19352
26719,-0.25002,0.11327,0.16975
26720,0.11006,0.12166,0.17662
26721,6.61294,0.23995,0.26080
26722,5.68824,0.22528,0.24642
26723,5.95839,0.22713,0.25063
26724,13.31566,-0.00927,0.03439
26725,13.58816,-0.00828,0.03195
26726,11.88893,-0.01572,0.04700
26727,14.41211,-0.00550,0.02501
26728,15.22529,-0.00336,0.01852
26729,-11.96228,-0.31140,0.37874
26730,-12.33230,-0.31964,0.38993
26731,8.81536,-0.03362,0.06676
26732,4.86956,0.08397,0.51179
26733,5.18021,0.09013,0.52182
26734,0.52997,0.11416,0.18594
26735,0.34637,0.10830,0.18195
26736,-8.60017,0.02876,0.85817
26737,6.46895,0.23850,0.38120
26738,6.22744,0.22885,0.38375
26739,-8.76842,-0.31252,0.30252
26740,-0.88363,0.08990,0.15571
26741,-1.25072,0.08548,0.14884
26742,-0.72292,0.09527,0.15942
26743,-1.08874,0.08420,0.15107
26744,12.35397,0.37475,0.56885
26745,12.62246,0.37841,0.56137
26746,6.60075,0.21337,0.57608
26747,6.38812,0.20571,0.58522
26748,2.88897,0.06472,0.28604
26749,1.52597,0.04725,0.69530
26750,1.50425,0.04634,0.68265
26751,1.22284,0.03798,0.70561
26752,-2.32349,0.08766,0.13579
26753,-2.99672,0.07864,0.12572
26754,-2.31594,0.08966,0.13644
26755,-3.85954,0.06570,0.11248
26756,-10.82039,-0.25600,0.58720
26757,-6.67877,-0.22479,0.67908
26758,-8.37136,-0.24596,0.65342
26759,8.84089,-0.04039,0.07754
26760,6.31803,-0.06329,0.10208
26761,7.72919,-0.04923,0.08808
26762,2.99402,-0.09998,0.13711
26763,3.50318,-0.09328,0.13157
26764,-2.30117,0.04312,0.13268
26765,-13.24378,-0.32100,0.51636
26766,-13.33872,-0.32122,0.50174
26767,-10.28857,-0.33089,0.61560
26768,-9.98999,-0.32326,0.62806
26769,-10.27690,-0.33063,0.61291
26770,13.77986,0.39007,0.48876
26771,13.80122,0.38737,0.49355
26772,0.36631,0.06435,0.18696
26773,0.08728,0.05804,0.17590
26774,13.38401,0.37635,0.53866
26775,13.56199,0.37906,0.52676
26776,-9.60041,-0.20126,0.39291
26777,-11.76413,-0.38656,0.45801
26778,-11.87885,-0.38698,0.47529
26779,-11.93963,-0.39097,0.43598
26780,-12.16553,-0.39419,0.44934
26781,-11.64723,-0.38623,0.42208
26782,-11.71720,-0.38739,0.43094
26783,-5.32176,-0.20217,0.72703
26784,-5.07970,-0.20029,0.73324
26785,-4.47441,-0.19031,0.74547
26786,0.11053,-0.00429,0.13498
26787,0.11629,-0.00300,0.12374
26788,0.18279,-0.00560,0.12858
26789,-0.09115,0.00595,0.75813
26790,-0.41280,0.00773,0.78421
26791,8.34314,0.27258,0.63960
26792,7.98408,0.26250,0.65175
26793,8.16882,0.26669,0.64023
26794,-11.49899,-0.32124,0.60527
26795,-11.98243,-0.33129,0.59335
26796,2.86553,-0.02039,0.10632
26797,3.54195,-0.01560,0.09076
26798,2.30332,-0.02366,0.11823
26799,7.63835,-0.08874,0.81888
26800,5.23923,-0.10723,0.79993
26801,4.90904,-0.04080,0.10496
26802,13.63251,0.39382,0.50125
26803,13.63043,0.39672,0.48102
26804,-1.13099,0.00191,0.88385
26805,-1.79442,0.00259,0.89034
26806,-1.03041,0.00333,0.85544
26807,-1.50737,0.00121,0.91330
26808,-4.83091,0.02518,0.91521
26809,-5.65790,0.02319,0.92100
26810,-3.96860,0.02940,0.90568
26811,7.40570,-0.00070,0.01270
26812,-12.64215,-0.38957,0.41212
26813,10.55846,0.36225,0.42436
26814,9.80687,0.29654,0.64205
26815,11.11769,0.32189,0.61618
26816,10.83047,0.31404,0.62177
26817,19.35479,-0.02751,0.90326
26818,14.98224,-0.04359,0.87402
26819,17.94760,-0.03402,0.89251
26820,22.49703,-0.01814,0.92373
26821,17.83192,-0.03062,0.89515
26822,-5.38979,-0.17628,0.53558
26823,-5.66704,-0.18477,0.54480
26824,-5.69034,-0.18657,0.53338
26825,-5.15703,-0.16931,0.52635
26826,-5.02704,-0.16397,0.53769
26827,0.01123,-0.15220,0.79847
26828,0.91581,-0.13884,0.80986
26829,-7.95815,-0.26834,0.66978
26830,5.93270,0.11015,0.39752
26831,6.15718,0.11237,0.41900
26832,5.70298,0.10795,0.37899
26833,5.60137,0.10467,0.38639
26834,7.95538,0.22564,0.65208
26835,8.06415,0.22415,0.64866
26836,5.99031,0.19898,0.25678
26837,2.03755,-0.09108,0.14008
26838,2.58360,-0.08077,0.13071
26839,1.80308,-0.09259,0.14331
26840,2.84375,-0.07874,0.12729
26841,6.15135,-0.01875,0.92951
26842,9.06867,-0.00844,0.95626
26843,-19.07997,0.04011,0.90646
26844,-13.89777,-0.37674,0.48543
26845,0.29016,0.01700,0.82266
26846,0.19288,0.01123,0.82300
26847,1.78277,-0.07112,0.13657
26848,2.41149,-0.06211,0.12453
26849,1.95600,-0.06316,0.13083
26850,1.52289,-0.07243,0.14080
26851,16.67144,-0.04236,0.88228
26852,-9.91970,-0.35275,0.37475
26853,4.08205,-0.06966,0.12256
26854,3.66615,-0.07269,0.12704
26855,2.97979,-0.08186,0.13525
26856,2.69736,-0.08336,0.13832
26857,-0.19782,-0.02367,0.19510
26858,-0.11770,-0.02281,0.18535
26859,-0.05025,-0.02285,0.17766
26860,13.58407,-0.02099,0.89297
26861,14.52008,-0.01628,0.90530
26862,-9.08902,-0.29465,0.30327
26863,-8.79870,-0.29184,0.29789
26864,-9.58441,-0.30502,0.31319
26865,-8.56336,-0.28423,0.29336
26866,-8.08938,-0.27829,0.28485
26867,0.04548,0.01489,0.17870
26868,0.02690,0.01167,0.17678
26869,0.03426,0.00856,0.18114
26870,13.42843,0.40065,0.47504
26871,0.33507,-0.00036,0.03660
26872,-10.64232,-0.23035,0.40281
26873,-10.14004,-0.22253,0.38353
26874,-10.22405,-0.22669,0.38146
26875,-9.99822,-0.21727,0.38468
26876,9.25422,0.22693,0.33362
26877,9.88832,0.23474,0.35213
26878,-2.86417,0.00216,0.03014
26879,-2.75164,0.00142,0.02462
26880,-3.17795,0.00111,0.01982
26881,-2.51587,0.00294,0.03774
26882,10.67174,-0.02275,0.05824
26883,-2.74780,-0.05339,0.33374
26884,-2.96565,-0.05585,0.35118
26885,-2.45007,-0.04843,0.32432
26886,-2.49587,-0.05081,0.31330
26887,0.68330,0.08018,0.18530
26888,0.58341,0.08099,0.18325
26889,0.34561,0.03375,0.18797
26890,0.37221,0.03537,0.18835
26891,0.64927,0.03580,0.20066
26892,0.72913,0.03850,0.20205
26893,11.99610,0.39144,0.44534
26894,11.88629,0.38940,0.44857
26895,11.94450,0.39079,0.43742
26896,12.19151,0.39435,0.44927
26897,-2.03458,-0.12158,0.79211
26898,-10.82099,-0.22483,0.43927
26899,-10.62403,-0.22221,0.42524
26900,-10.65907,-0.22601,0.41562
26901,-10.91465,-0.22438,0.45871
26902,-10.76999,-0.22076,0.45311
26903,5.55214,-0.06776,0.10957
26904,6.74742,-0.05639,0.09746
26905,5.36716,-0.07038,0.11160
26906,4.71038,-0.07576,0.11821
26907,6.44546,-0.05819,0.10026
26908,6.23023,-0.03577,0.09211
26909,2.30478,-0.00466,0.05017
26910,2.03368,-0.00431,0.05121
26911,2.65058,-0.00311,0.03891
26912,2.37423,-0.00289,0.03951
26913,-11.27281,-0.33757,0.35192
26914,-11.38417,-0.34154,0.35511
26915,-11.89658,-0.34823,0.36909
26916,-11.17469,-0.34084,0.35015
26917,-4.84126,0.08645,0.11596
26918,3.49851,-0.06330,0.87080
26919,0.05004,0.00087,0.29542
26920,1.07545,0.03717,0.42933
26921,0.92695,0.03266,0.40619
26922,8.58359,0.16584,0.54685
26923,-5.36589,-0.13779,0.65843
26924,-6.44736,-0.14831,0.63492
26925,-5.19433,-0.14077,0.66548
26926,-4.24143,-0.12956,0.68158
26927,12.76127,0.37531,0.40300
26928,13.05666,0.37647,0.41399
26929,11.51095,-0.00890,0.03886
26930,12.41587,-0.00640,0.03186
26931,18.35111,-0.04498,0.89215
26932,22.18144,-0.03077,0.91288
26933,1.03341,0.04961,0.26262
26934,1.19600,0.05519,0.27126
26935,1.04577,0.04785,0.27285
26936,20.23881,-0.03195,0.90322
26937,25.07047,-0.01793,0.93073
26938,-10.56218,-0.27707,0.34509
26939,-9.97212,-0.27044,0.32965
26940,-10.85433,-0.27837,0.35489
26941,-10.22227,-0.26875,0.33829
26942,-0.53148,-0.14962,0.18324
26943,0.86807,0.06347,0.72644
26944,-0.60396,0.05525,0.75563
26945,0.86573,0.06768,0.72748
26946,-2.05232,-0.17168,0.21152
26947,-2.73512,-0.18590,0.22466
26948,-2.55615,-0.18347,0.22057
26949,-1.82989,-0.16516,0.20796
26950,-2.62900,-0.18146,0.22350
26951,1.65160,-0.14018,0.81020
26952,3.41870,-0.12155,0.82687
26953,2.95576,-0.12911,0.82014
26954,2.57659,-0.12749,0.82127
26955,-4.56719,-0.12017,0.26802
26956,3.89377,-0.02828,0.08481
26957,4.30078,-0.02593,0.07909
26958,3.37763,-0.03435,0.09545
26959,3.65757,-0.03304,0.09168
26960,4.64160,0.23871,0.25087
26961,5.40654,0.25473,0.26587
26962,3.83724,0.22208,0.23604
26963,6.92800,0.28359,0.30831
26964,7.82754,0.30446,0.32929
26965,-10.54773,-0.27765,0.34395
26966,-9.95211,-0.27433,0.32699
26967,-10.63693,-0.28282,0.34435
26968,8.17508,-0.00785,0.03433
26969,8.70583,-0.00498,0.02595
26970,8.89080,-0.00534,0.02723
26971,-5.60747,0.06588,0.10115
26972,-6.37896,0.05538,0.09137
26973,0.29352,-0.03953,0.15866
26974,0.54784,-0.03505,0.14675
26975,-6.70887,-0.22477,0.50002
26976,-6.63890,-0.22439,0.48521
26977,-6.78565,-0.22577,0.51282
26978,13.63206,0.34847,0.45722
26979,13.63088,0.34440,0.46461
26980,13.52204,0.34467,0.44838
26981,4.77165,-0.00084,0.01368
26982,10.01639,0.34577,0.43280
26983,9.77048,0.33908,0.42945
26984,10.30109,0.35148,0.44698
26985,-0.00308,0.00132,0.85904
26986,0.06167,-0.00181,0.88414
26987,-9.04789,-0.17487,0.44258
26988,-9.03774,-0.17220,0.46812
26989,-8.88996,-0.17453,0.41995
26990,-8.08499,-0.28345,0.28543
26991,-9.55037,-0.30962,0.31320
26992,3.88945,0.13289,0.45429
26993,4.30119,0.14746,0.45199
26994,1.66206,-0.06592,0.85791
26995,1.00477,-0.07131,0.84891
26996,1.25464,-0.06411,0.85563
26997,7.30233,0.24988,0.68320
26998,7.54436,0.25757,0.67960
26999,7.00461,0.24528,0.69324
27000,1.16143,-0.00256,0.07071
27001,0.98976,-0.00217,0.07073
27002,1.26987,-0.00153,0.05431
27003,2.14759,-0.09558,0.14531
27004,1.37218,-0.10570,0.15442
27005,-1.15216,0.13282,0.15844
27006,2.08229,-0.05375,0.12429
27007,0.75254,0.03280,0.28649
27008,0.54063,0.02334,0.28956
27009,0.52498,0.02392,0.27468
27010,0.34510,0.01475,0.29213
27011,-0.42422,-0.17666,0.76268
27012,0.97454,-0.16187,0.77422
27013,-2.31225,-0.19783,0.74447
27014,-11.32377,0.02440,0.05602
27015,-11.47530,0.02366,0.05480
27016,-11.38816,0.02378,0.05531
27017,-5.23781,-0.23390,0.28609
27018,-4.79536,-0.22698,0.27130
27019,-4.89126,-0.22729,0.27584
27020,8.26023,0.28236,0.46879
27021,8.00606,0.27554,0.45878
27022,-10.29404,-0.22297,0.39309
27023,-10.24835,-0.21983,0.39707
27024,-10.60872,-0.22963,0.40177
27025,0.12811,-0.14027,0.16950
27026,-0.09379,-0.14238,0.17210
27027,1.21564,-0.12484,0.15691
27028,-1.03930,-0.15482,0.18347
27029,6.34379,0.11445,0.43889
27030,6.43414,0.11757,0.42480
27031,6.30642,0.11242,0.45911
27032,-2.50378,-0.04219,0.47761
27033,-2.27242,-0.03835,0.46674
27034,-11.52872,-0.24260,0.47702
27035,-11.63510,-0.24602,0.48885
27036,-11.37684,-0.23789,0.50113
27037,-11.53806,-0.24469,0.45903
27038,-11.71354,-0.24986,0.46486
27039,-5.91718,0.00511,0.04444
27040,-1.14304,-0.16462,0.19275
27041,-1.70861,-0.17468,0.20226
27042,-1.88064,-0.17979,0.20458
27043,-0.46917,-0.15201,0.18197
27044,2.51940,0.05420,0.29662
27045,2.85338,0.05976,0.30717
27046,2.58687,0.05740,0.28913
27047,2.72733,0.05532,0.31698
27048,2.94564,0.05940,0.32076
27049,0.30245,0.15984,0.17792
27050,1.35660,0.17903,0.19284
27051,-0.75960,0.14117,0.16339
27052,-10.08092,0.01063,0.04508
27053,-9.49114,0.01411,0.05302
27054,-11.21355,0.00584,0.03138
27055,-1.60335,-0.02697,0.46220
27056,-1.51288,-0.02562,0.43816
27057,1.35976,-0.01078,0.08769
27058,-0.13267,-0.03660,0.18059
27059,0.42553,-0.03268,0.16315
27060,11.34948,0.25377,0.40787
27061,11.42022,0.25887,0.40348
27062,11.28595,0.24945,0.41194
27063,5.94245,-0.11702,0.81207
27064,3.42402,-0.13661,0.79152
27065,3.41459,-0.13779,0.79272
27066,5.38345,-0.12052,0.80668
27067,-3.72082,0.00161,0.02281
27068,-3.98500,0.00051,0.01142
27069,-7.25599,-0.13389,0.53992
27070,-7.13044,-0.13051,0.53376
27071,-7.50460,-0.13697,0.51289
27072,-3.68011,0.01757,0.07181
27073,-4.35062,0.01096,0.05471
27074,-3.22985,0.02192,0.08226
27075,5.07481,0.22757,0.73212
27076,-0.25098,0.01669,0.86851
27077,-0.80346,0.01317,0.89481
27078,3.98234,-0.05468,0.11959
27079,3.59200,-0.07167,0.11750
27080,3.67984,-0.07214,0.11698
27081,4.37362,-0.06174,0.10653
27082,2.70632,-0.08438,0.13070
27083,2.95369,-0.08241,0.12758
27084,-6.04950,0.06935,0.10552
27085,-6.14941,0.06750,0.10460
27086,-5.20476,0.07793,0.11406
27087,6.11462,0.24253,0.69853
27088,5.20199,0.22914,0.70918
27089,4.51951,0.22235,0.71837
27090,-1.01887,-0.10869,0.18696
27091,-0.94147,-0.10976,0.18558
27092,-0.02031,-0.09787,0.17263
27093,2.48913,-0.01365,0.09787
27094,-0.67425,-0.10415,0.81621
27095,-0.75464,-0.11012,0.81327
27096,0.08501,-0.09203,0.82943
27097,-11.00821,-0.37448,0.39103
27098,-10.12577,-0.35741,0.36879
27099,13.03379,0.32195,0.53823
27100,13.34634,0.32842,0.51858
27101,-6.63777,-0.21456,0.57904
27102,-6.71602,-0.21649,0.59058
27103,-7.04661,-0.22824,0.57854
27104,-6.27890,-0.20255,0.57998
27105,-6.36563,-0.20463,0.59430
27106,-4.31933,-0.13915,0.69109
27107,-3.24548,-0.18079,0.71954
27108,-0.60061,-0.15462,0.74758
27109,-4.54250,-0.19258,0.70328
27110,-0.04162,0.00080,0.11209
27111,0.06005,-0.00100,0.11230
27112,8.07828,-0.04266,0.08367
27113,7.43215,-0.04648,0.08950
27114,-5.58834,0.00929,0.04501
27115,-5.59279,0.01070,0.04810
27116,0.03250,-0.11844,0.17112
27117,-1.03696,-0.13160,0.18477
27118,0.79097,-0.10784,0.16180
27119,1.35185,-0.15939,0.77953
27120,-0.53210,-0.17881,0.76310
27121,0.19628,-0.17026,0.76768
27122,-4.97872,0.07262,0.11500
27123,-6.46123,0.05797,0.09977
27124,3.13833,0.10941,0.23130
27125,8.75135,0.30662,0.42984
27126,-10.23961,-0.34865,0.45431
27127,-0.40683,-0.02444,0.23140
27128,-0.52838,-0.02850,0.24417
27129,-2.82767,-0.05025,0.39164
27130,-2.52261,-0.04488,0.39042
27131,2.30282,0.07218,0.69901
27132,2.03812,0.06427,0.71020
27133,-8.87838,-0.31962,0.30776
27134,11.79861,0.28517,0.57184
27135,11.79330,0.28877,0.57554
27136,0.74739,0.02936,0.32566
27137,0.47019,0.08753,0.18023
27138,3.58795,-0.10226,0.84219
27139,-6.19024,-0.21045,0.68172
27140,1.18767,-0.01254,0.09623
27141,-1.94347,-0.12278,0.23017
27142,3.67816,-0.13730,0.79732
27143,6.68909,-0.11310,0.82050
27144,4.56872,0.22789,0.73292
27145,5.20562,0.23682,0.72528
27146,5.80743,0.24660,0.71621
27147,2.91490,0.20470,0.75319
27148,-13.31848,-0.34260,0.53794
27149,-13.33345,-0.34659,0.53873
27150,-12.98034,-0.33812,0.55482
27151,-13.53100,-0.35349,0.52874
27152,-13.13787,-0.34529,0.55054
27153,11.98218,0.32943,0.37334
27154,11.81809,0.33022,0.36777
27155,4.66591,-0.06002,0.80212
27156,4.84853,-0.06239,0.80258
27157,-1.93885,-0.06032,0.69178
27158,-1.64898,-0.05144,0.70020
27159,-1.60496,-0.04974,0.68887
27160,-13.32007,0.02657,0.92820
27161,-11.29033,0.03827,0.91167
27162,-15.62825,0.01618,0.94575
27163,-1.42793,-0.14739,0.79325
27164,-2.49084,-0.16351,0.77785
27165,-2.08594,-0.15361,0.78501
27166,-11.80164,0.01663,0.04790
27167,-12.67472,0.01155,0.03903
27168,12.38101,0.34483,0.38495
27169,11.88588,0.33747,0.36907
27170,12.67942,0.35113,0.39556
27171,12.16177,0.34492,0.37744
27172,-12.14754,-0.39021,0.41031
27173,-12.43291,-0.39509,0.42463
27174,-12.47118,-0.39481,0.42300
27175,-12.58494,-0.39800,0.43603
27176,-12.68633,-0.39822,0.43554
27177,0.09139,0.05399,0.17634
27178,0.28266,0.05675,0.18477
27179,0.16483,0.05215,0.17981
27180,12.62229,0.37969,0.55987
27181,0.91336,-0.00581,0.92037
27182,0.71883,-0.00781,0.90638
27183,-1.05829,0.15789,0.77127
27184,-3.11275,0.13929,0.78846
27185,-3.91656,0.13355,0.79630
27186,1.33729,0.18057,0.74815
27187,-1.04547,0.15647,0.76992
27188,-0.52731,-0.16780,0.17973
27189,0.56294,-0.14973,0.16597
27190,4.69815,0.15165,0.55466
27191,-11.48409,0.00749,0.03563
27192,-10.03395,0.01348,0.05077
27193,-11.69965,0.00727,0.03478
27194,-10.73158,0.00972,0.04210
27195,1.37924,0.12530,0.19001
27196,2.31393,0.13779,0.20304
27197,0.25862,0.11227,0.17479
27198,10.06774,-0.02200,0.05260
27199,10.04348,-0.02156,0.05212
27200,8.93393,-0.03077,0.06428
27201,10.58670,-0.01727,0.04590
27202,-3.49148,-0.12078,0.43745
27203,-3.24403,-0.11365,0.42108
27204,-3.26542,-0.11161,0.45244
27205,-3.53731,-0.12104,0.45242
27206,13.32126,0.37389,0.42495
27207,13.25734,0.37610,0.42265
27208,12.98982,0.37147,0.40946
27209,13.59153,0.37634,0.44227
27210,13.52416,0.37846,0.43834
27211,2.39568,0.05099,0.29750
27212,2.06527,0.04613,0.28400
27213,2.25892,0.04718,0.30348
27214,2.37112,0.05239,0.28669
27215,-0.76277,-0.06868,0.72902
27216,-2.43877,0.01418,0.07745
27217,-2.68439,0.01389,0.07399
27218,-10.66528,-0.23028,0.55899
27219,-9.39341,0.00771,0.03267
27220,-10.09444,0.00533,0.02613
27221,-9.59767,0.00580,0.02789
27222,-10.24423,0.00368,0.02107
27223,-0.56198,-0.02122,0.35192
27224,9.03355,0.29861,0.53010
27225,9.14891,0.30411,0.51683
27226,9.31288,0.30818,0.52524
27227,9.09252,0.30376,0.50686
27228,9.37154,0.31252,0.50762
27229,-1.80904,0.02233,0.10120
27230,-2.72330,-0.11959,0.70781
27231,-1.03999,-0.10509,0.73157
27232,-13.04756,-0.30976,0.45104
27233,-6.09910,-0.22849,0.36867
27234,-12.80358,0.01558,0.04165
27235,-14.03973,0.00894,0.02979
27236,7.70249,-0.01582,0.05029
27237,7.31720,-0.01983,0.05705
27238,7.51315,-0.01589,0.05094
27239,-10.25942,-0.20556,0.51765
27240,-10.10062,-0.20087,0.51657
27241,-10.06308,-0.20317,0.53506
27242,-9.82784,-0.19680,0.53758
27243,-3.95628,-0.22939,0.22746
27244,-4.67037,-0.24304,0.23849
27245,-4.56180,-0.24055,0.23623
27246,-5.19017,-0.25206,0.24551
27247,-4.22472,-0.23364,0.23050
27248,-1.96169,-0.14022,0.22084
27249,-2.40398,-0.15040,0.23191
27250,-2.16707,-0.14778,0.22451
27251,-1.89501,-0.13626,0.22031
27252,7.42574,0.24168,0.64527
27253,-6.81576,-0.19089,0.65904
27254,-8.03163,-0.20406,0.63665
27255,-1.27062,0.00185,0.04220
27256,-1.08988,0.00278,0.05482
27257,-1.00159,0.00172,0.04585
27258,-1.55677,0.00181,0.03776
27259,-5.35323,-0.17082,0.65378
27260,-5.13535,-0.16306,0.64527
27261,1.82860,0.06403,0.41758
27262,2.08049,0.07215,0.42953
27263,1.69413,0.05849,0.43374
27264,1.94252,0.06900,0.40212
27265,12.63999,-0.01190,0.03539
27266,13.42691,0.32558,0.47644
27267,-2.24301,-0.07017,0.69523
27268,-6.23715,0.05262,0.09016
27269,-6.32549,0.05258,0.08975
27270,-5.43459,0.06299,0.10041
27271,-5.76200,0.06018,0.09713
27272,-11.28429,-0.25344,0.40393
27273,-11.52047,-0.26003,0.40873
27274,-11.42400,-0.25065,0.42131
27275,9.62803,0.33345,0.32356
27276,10.18914,0.34368,0.33595
27277,9.95523,0.34125,0.33204
27278,10.70440,0.35247,0.34782
27279,10.71201,0.35419,0.34922
27280,-10.85426,-0.25240,0.37868
27281,-10.52912,-0.24609,0.36989
27282,-10.30348,-0.24586,0.35925
27283,-10.41591,-0.24135,0.36979
27284,-10.01743,-0.23931,0.35344
27285,1.40123,0.18241,0.19210
27286,-6.07334,0.07099,0.10257
27287,-5.87523,0.07376,0.10497
27288,2.45877,0.08861,0.38823
27289,2.14458,0.07697,0.39169
27290,2.10331,0.07653,0.37924
27291,4.24635,0.16561,0.33854
27292,4.60144,0.17743,0.34581
27293,14.32031,-0.00091,0.00939
27294,12.50192,-0.00364,0.02368
27295,13.24758,-0.00136,0.01274
27296,13.59787,-0.00146,0.01308
27297,-3.27680,-0.05901,0.38505
27298,5.27462,-0.07770,0.11354
27299,5.24952,-0.07717,0.11373
27300,6.87746,-0.06059,0.09752
27301,4.13928,-0.09104,0.12528
27302,-7.80403,-0.30796,0.31351
27303,-7.37759,-0.29890,0.30311
27304,-6.48480,0.02372,0.08019
27305,-6.14564,0.02442,0.08301
27306,-0.80248,-0.16349,0.18074
27307,0.33614,-0.14675,0.16719
27308,1.72905,0.05649,0.51371
27309,2.04913,0.06744,0.50232
27310,2.30552,0.07530,0.51650
27311,-14.32538,0.00673,0.02520
27312,-12.87508,0.01392,0.03886
27313,-13.66422,0.00961,0.03101
27314,13.30133,0.37113,0.54445
27315,1.57999,0.14342,0.73144
27316,4.38224,-0.01040,0.86963
27317,3.15168,-0.00762,0.86817
27318,-3.14135,-0.10105,0.71025
27319,1.61356,0.03340,0.30468
27320,1.49286,0.02941,0.32341
27321,1.72613,0.03412,0.32394
27322,7.93030,-0.00427,0.02537
27323,7.08660,-0.00773,0.03651
27324,-0.61089,-0.02811,0.27261
27325,-20.34877,0.02390,0.93337
27326,-22.66475,0.01556,0.94789
27327,-18.28992,0.02960,0.92472
27328,-22.07667,0.01974,0.94009
27329,-24.91073,0.01085,0.95734
27330,-3.89731,0.00550,0.05656
27331,-4.70539,0.00276,0.03686
27332,-2.19640,-0.11272,0.25444
27333,-2.39084,-0.11648,0.26368
27334,-2.47908,-0.12133,0.26307
27335,-1.90027,-0.10504,0.24343
27336,-2.09110,-0.10705,0.25450
27337,-13.99620,0.01683,0.94380
27338,2.78326,-0.09174,0.77698
27339,5.67296,-0.07495,0.80536
27340,0.16082,0.01823,0.19518
27341,0.13144,0.01302,0.19901
27342,13.63916,0.39641,0.48371
27343,13.64834,0.39383,0.49994
27344,-13.03345,-0.38790,0.42038
27345,12.28737,0.36849,0.57834
27346,-0.41054,-0.01970,0.81099
27347,-11.31846,-0.23532,0.48490
27348,-11.07455,-0.22882,0.50885
27349,-3.54164,0.00856,0.05370
27350,-3.58416,0.00711,0.04909
27351,-3.13356,0.01028,0.06155
27352,-5.43729,-0.25944,0.25559
27353,1.34575,-0.05647,0.13730
27354,-10.30853,-0.34654,0.47823
27355,-10.26866,-0.34352,0.48920
27356,-0.37229,-0.00726,0.32473
27357,-0.17963,-0.00365,0.31936
27358,-0.53003,-0.01000,0.34259
27359,0.50656,0.01665,0.50415
27360,10.90140,0.30881,0.61764
27361,11.84533,0.32658,0.59547
27362,11.61132,0.31871,0.60010
27363,-1.35889,0.04835,0.13292
27364,-1.34769,0.05151,0.13487
27365,-2.12302,-0.07302,0.44018
27366,-2.20324,-0.07505,0.45301
27367,-2.46992,-0.08417,0.45334
27368,-4.52712,-0.23390,0.25196
27369,-4.59044,-0.23614,0.25220
27370,-8.98276,-0.30029,0.65953
27371,-8.58046,-0.29215,0.66959
27372,-9.25874,-0.30682,0.65438
27373,-8.68584,-0.29308,0.66514
27374,-8.20833,-0.28374,0.67693
27375,-3.71175,-0.12012,0.70483
27376,-13.16764,-0.38936,0.42652
27377,-13.47189,-0.39076,0.44275
27378,1.42777,0.02476,0.56678
27379,1.41270,0.02536,0.59235
27380,1.60855,0.02911,0.59635
27381,1.78381,0.03094,0.56657
27382,1.55482,-0.03344,0.13759
27383,2.23149,-0.02847,0.12304
27384,-13.70625,0.00542,0.02545
27385,-12.83169,0.00815,0.03314
27386,13.83547,0.36404,0.47776
27387,13.82895,0.36803,0.47040
27388,-3.20888,0.02420,0.08558
27389,4.82282,0.08878,0.38510
27390,2.84942,-0.11419,0.13852
27391,-3.13445,-0.07788,0.66743
27392,-4.11693,-0.09059,0.64429
27393,-12.78929,0.03701,0.86920
27394,-10.06392,0.04669,0.84781
27395,-4.43482,0.09117,0.11997
27396,-5.50936,0.07714,0.10803
27397,-3.64144,0.10271,0.12925
27398,-1.45675,-0.14172,0.18931
27399,-0.76601,-0.13137,0.18059
27400,12.07717,0.27685,0.54495
27401,12.22602,0.28239,0.54305
27402,12.53649,0.28719,0.52453
27403,-9.27193,-0.33778,0.33106
27404,-8.60477,-0.32438,0.31669
27405,-9.14684,-0.33602,0.33105
27406,-8.81434,-0.32809,0.31950
27407,-3.59907,0.08787,0.12377
27408,-2.84341,0.09806,0.13346
27409,-3.38495,0.09233,0.12706
27410,2.44159,0.08455,0.43028
27411,6.57287,0.18019,0.28076
27412,5.85051,0.17183,0.26569
27413,5.44952,0.16847,0.25706
27414,8.49941,0.28649,0.49237
27415,8.20296,0.27658,0.49233
27416,-10.30238,-0.35991,0.39480
27417,-10.58217,-0.36457,0.41398
27418,-10.70364,-0.36769,0.41209
27419,-6.92220,-0.17270,0.29902
27420,-7.02597,-0.17699,0.29847
27421,0.03177,-0.06655,0.17294
27422,-1.02026,-0.07687,0.19310
27423,1.10471,-0.05521,0.15357
27424,4.02655,0.14662,0.23351
27425,4.27144,0.14728,0.23877
27426,5.03753,0.15949,0.25124
27427,3.19358,0.13524,0.22006
27428,-5.56921,-0.25997,0.26629
27429,-5.77144,-0.26351,0.27178
27430,10.91259,0.36255,0.48114
27431,6.76425,0.26701,0.26457
27432,11.90260,0.26715,0.54048
27433,11.50743,0.25836,0.55360
27434,12.21116,0.27201,0.52087
27435,11.87944,0.26317,0.53419
27436,12.85915,0.30038,0.44800
27437,12.69083,0.29522,0.44027
27438,12.84563,0.29575,0.46111
27439,12.79994,0.30325,0.43575
27440,12.59307,0.29841,0.42491
27441,5.44691,-0.00796,0.04229
27442,5.10122,-0.01125,0.05130
27443,5.26471,-0.00769,0.04228
27444,-11.83992,0.00698,0.02776
27445,-6.63304,-0.23151,0.43953
27446,11.17964,0.37470,0.44635
27447,11.32188,0.37599,0.46256
27448,11.10519,0.37211,0.45220
27449,11.32087,0.37810,0.44493
27450,11.49981,0.38034,0.46071
27451,-4.05915,-0.18105,0.28736
27452,-4.47283,-0.19298,0.29770
27453,0.41103,0.00918,0.27962
27454,0.26739,0.00624,0.26784
27455,5.56623,0.14202,0.28104
27456,6.32057,0.15178,0.29936
27457,-9.96536,-0.34905,0.34141
27458,-10.60943,-0.36138,0.35776
27459,-10.49334,-0.35787,0.35225
27460,-9.74926,-0.31649,0.57900
27461,-9.50202,-0.30811,0.59512
27462,-9.76837,-0.31798,0.56659
27463,-8.83007,-0.27099,0.65490
27464,-9.18883,-0.27376,0.64787
27465,0.71561,0.02560,0.22218
27466,0.88756,0.03058,0.22476
27467,2.37850,-0.10778,0.14101
27468,3.60891,-0.08918,0.12478
27469,1.77309,0.07720,0.28791
27470,1.81191,0.07617,0.29911
27471,1.67781,0.07598,0.27724
27472,1.90607,0.08398,0.28490
27473,1.21067,-0.05891,0.15253
27474,2.95850,-0.04415,0.12498
27475,0.44518,-0.07612,0.84057
27476,0.63269,-0.08000,0.84073
27477,-9.17737,-0.33321,0.37386
27478,-9.34874,-0.33806,0.37402
27479,-8.45817,-0.31690,0.35305
27480,-8.83008,-0.32485,0.36578
27481,-5.49490,-0.09871,0.42225
27482,-5.25077,-0.09663,0.39450
27483,-5.48914,-0.09723,0.44069
27484,8.05259,0.18288,0.33403
27485,-10.99898,0.00566,0.03257
27486,-12.51169,0.00193,0.01682
27487,-10.94508,0.00461,0.02973
27488,-12.42747,0.00243,0.01952
27489,-2.80969,-0.20443,0.74061
27490,3.07053,0.14849,0.26662
27491,-1.77625,0.03375,0.11467
27492,-2.11930,0.03112,0.10666
27493,-1.77707,0.03697,0.11750
27494,5.61071,0.18872,0.48614
27495,5.73277,0.19412,0.47673
27496,9.07973,-0.01581,0.05783
27497,9.99761,-0.01233,0.04919
27498,9.02646,0.19009,0.58293
27499,8.32324,0.18058,0.60240
27500,13.28984,0.32473,0.44997
27501,9.82554,0.28102,0.32159
27502,9.91080,0.27980,0.32422
27503,9.20957,0.27245,0.30840
27504,-10.49368,-0.35741,0.44573
27505,-10.48710,-0.35491,0.45917
27506,-1.75463,-0.05591,0.55842
27507,10.52883,-0.03011,0.06300
27508,2.79092,0.05599,0.32000
27509,3.05442,0.05921,0.33723
27510,3.13591,0.06210,0.32738
27511,2.55622,0.05171,0.31574
27512,-7.73260,-0.16809,0.34363
27513,-7.24489,-0.16240,0.32721
27514,-7.71634,-0.17078,0.33718
27515,-7.44992,-0.16236,0.33868
27516,-3.27546,0.00034,0.01358
27517,-2.93308,0.00108,0.02957
27518,-2.83199,0.00058,0.02105
27519,1.76756,-0.00179,0.03592
27520,1.28298,-0.00026,0.01466
27521,1.12500,-0.00073,0.02839
27522,-12.54625,-0.39542,0.42407
27523,-12.17012,-0.38983,0.40855
27524,4.11741,-0.08336,0.85764
27525,3.08014,-0.09183,0.84819
27526,4.16637,-0.07930,0.86089
27527,2.74183,-0.09956,0.84173
27528,1.80707,-0.11248,0.14790
27529,3.49271,-0.08593,0.12436
27530,2.52200,-0.09985,0.13745
27531,1.90187,-0.09520,0.14850
27532,1.38777,-0.10261,0.15459
27533,-0.42426,-0.03435,0.20969
27534,-0.28933,-0.03106,0.19795
27535,-0.31333,-0.02865,0.20399
27536,-0.18583,-0.03014,0.18775
27537,-0.19098,-0.02682,0.19071
27538,1.88790,0.10221,0.24591
27539,-7.28529,0.10787,0.83272
27540,-2.19248,-0.03729,0.44439
27541,-2.25069,-0.03882,0.42290
27542,-1.49627,-0.14757,0.18945
27543,0.85281,0.05067,0.23262
27544,2.03814,-0.03964,0.11557
27545,1.80971,-0.03972,0.11926
27546,2.30192,-0.03474,0.10763
27547,-4.02697,-0.12681,0.66604
27548,-1.21332,-0.17349,0.18633
27549,-2.25569,-0.19058,0.19960
27550,-2.06985,-0.18654,0.19704
27551,-2.57086,-0.20087,0.20511
27552,-0.95579,-0.17394,0.18426
27553,1.46984,-0.03707,0.77777
27554,2.51346,-0.03148,0.79969
27555,2.18116,-0.03589,0.79037
27556,1.90852,-0.06083,0.13036
27557,1.60422,-0.06693,0.13751
27558,2.42798,0.05082,0.30425
27559,2.35315,0.04821,0.31090
27560,2.68415,0.05292,0.32789
27561,-8.65681,0.04527,0.07787
27562,-8.68092,0.04468,0.07725
27563,-4.28318,0.00668,0.04353
27564,-4.19880,0.00863,0.04967
27565,-3.84070,0.00955,0.05418
27566,10.48164,0.33520,0.61853
27567,10.71405,0.34129,0.60828
27568,10.87550,0.34504,0.60582
27569,10.55652,0.33749,0.61075
27570,10.93535,0.34767,0.59565
27571,-6.18117,-0.17256,0.66275
27572,-7.18439,-0.18135,0.64273
27573,3.16809,-0.06435,0.11777
27574,3.41677,-0.06325,0.11497
27575,-6.25009,-0.23904,0.71380
27576,-11.20508,0.01468,0.04081
27577,0.32882,0.03138,0.18827
27578,-5.23754,0.01519,0.07559
27579,-3.29911,0.02581,0.10746
27580,7.96543,0.28062,0.68291
27581,7.20176,0.26694,0.69702
27582,6.87025,0.25941,0.70309
27583,-11.10722,-0.29112,0.35675
27584,7.27471,0.13967,0.57113
27585,6.24605,0.12502,0.60327
27586,6.65841,0.13224,0.59561
27587,-1.07405,0.00389,0.84992
27588,2.72183,-0.04266,0.88393
27589,1.89615,-0.04981,0.87136
27590,2.09184,-0.04390,0.87796
27591,1.42458,-0.05686,0.86185
27592,1.19185,-0.05368,0.86155
27593,4.59655,0.21092,0.23022
27594,0.58432,0.01064,0.59804
27595,0.27718,0.00512,0.60398
27596,0.36166,0.00731,0.62945
27597,0.15613,0.00275,0.58441
27598,3.13035,-0.00931,0.07931
27599,3.69175,-0.00621,0.06270
27600,2.88434,-0.01189,0.08963
27601,4.38294,-0.05989,0.10552
27602,3.88851,-0.06777,0.11333
27603,3.71029,-0.06824,0.11498
27604,-17.71936,0.02936,0.92524
27605,-14.19566,0.04506,0.90440
27606,-21.13994,0.01680,0.94561
27607,-18.37576,0.02418,0.93317
27608,-0.73922,0.00353,0.07162
27609,-0.64916,0.00466,0.08377
27610,-0.56352,0.00307,0.07558
27611,-1.98804,0.12055,0.14833
27612,-4.00561,0.09504,0.12647
27613,-3.41414,0.10185,0.13275
27614,0.24761,0.00524,0.30114
27615,0.07668,0.00163,0.28664
27616,0.39783,0.00802,0.31146
27617,6.22613,0.27069,0.26141
27618,1.29137,-0.02400,0.78552
27619,2.01213,-0.02279,0.80246
27620,1.94942,-0.01606,0.81431
27621,1.01843,-0.02219,0.78093
27622,-4.12478,-0.23332,0.23172
27623,-4.56233,-0.24152,0.23786
27624,2.85745,0.08877,0.66192
27625,2.93794,0.09126,0.65044
27626,5.46237,0.13406,0.28669
27627,2.62584,0.09698,0.36819
27628,2.96414,0.10858,0.37578
27629,2.32696,0.08450,0.38116
27630,2.32406,0.08573,0.36816
27631,0.98559,-0.09474,0.83583
27632,0.98714,-0.08864,0.83916
27633,2.13356,-0.07918,0.85243
27634,4.36388,-0.12959,0.81608
27635,4.63434,-0.12838,0.81616
27636,4.99302,-0.12608,0.81740
27637,2.72592,-0.14648,0.79910
27638,11.88683,-0.00656,0.02668
27639,13.54404,-0.00212,0.01350
27640,12.35068,-0.00452,0.02102
27641,-9.78155,0.00578,0.02726
27642,-8.92053,0.00947,0.03657
27643,-9.93073,0.00610,0.02781
27644,-9.05859,0.01047,0.03850
27645,-1.01180,-0.04205,0.30254
27646,1.77306,0.05583,0.57965
27647,2.17425,0.06876,0.57462
27648,2.15813,0.06781,0.58820
27649,6.93009,0.17759,0.64836
27650,6.92395,0.18483,0.65325
27651,-8.63007,0.06423,0.88171
27652,-0.20290,0.00001,0.00731
27653,-0.17736,0.00005,0.01658
27654,0.08694,-0.00001,0.01003
27655,-0.90993,-0.05825,0.22619
27656,-1.07974,-0.06080,0.23937
27657,1.07073,0.04382,0.21310
27658,0.39216,0.03743,0.18805
27659,-12.18945,-0.31337,0.57763
27660,-12.66840,-0.32484,0.56316
27661,-12.43378,-0.31527,0.56743
27662,-12.90203,-0.32665,0.55209
27663,-1.73414,-0.04073,0.27079
27664,-1.49769,-0.03635,0.26449
27665,-9.04548,-0.20656,0.60572
27666,-9.88879,-0.21846,0.58358
27667,-9.66549,-0.21794,0.59331
27668,-4.24618,-0.23403,0.23067
27669,-4.51315,-0.23800,0.23383
27670,0.41495,0.01645,0.31806
27671,0.27349,0.01055,0.32862
27672,0.19762,0.00789,0.31063
27673,-3.05462,0.07618,0.12436
27674,-13.64127,-0.39685,0.47233
27675,4.45210,0.07844,0.42570
27676,4.17289,0.07296,0.43105
27677,4.42760,0.07692,0.44945
27678,-15.46109,0.04078,0.90980
27679,-14.12037,0.04910,0.89928
27680,2.52967,-0.09778,0.14165
27681,2.17922,-0.10359,0.14568
27682,5.59821,0.10295,0.57423
27683,-2.96112,-0.21110,0.21500
27684,-2.19688,-0.19682,0.20381
27685,-1.68048,-0.18748,0.19631
27686,-2.96701,0.08926,0.13014
27687,-3.90184,0.07592,0.11722
27688,-3.26830,0.08644,0.12652
27689,-4.87037,0.06298,0.10425
27690,3.53463,0.06545,0.59907
27691,3.09155,0.05954,0.61698
27692,2.80414,0.05402,0.61835
27693,-0.85742,-0.17152,0.18511
27694,-1.64917,-0.18560,0.19649
27695,-2.10035,-0.19440,0.20261
27696,0.36385,-0.15029,0.16857
27697,-0.00877,-0.15622,0.17364
27698,-2.43203,0.00034,0.01143
27699,2.19382,0.16567,0.19799
27700,1.01039,0.04505,0.27914
27701,0.85636,0.03935,0.27127
27702,15.26129,-0.00513,0.02197
27703,16.60587,-0.00168,0.01071
27704,15.16917,-0.00539,0.02248
27705,16.05326,-0.00250,0.01378
27706,17.25272,-0.00137,0.00912
27707,-2.98256,0.11063,0.13636
27708,-1.90654,0.12708,0.14931
27709,-2.31358,0.12033,0.14425
27710,25.17726,-0.02128,0.93301
27711,-2.00685,-0.07116,0.22534
27712,-12.06090,-0.37939,0.38887
27713,-12.40734,-0.38476,0.40093
27714,-11.72098,-0.37490,0.37923
27715,-12.27188,-0.38459,0.39825
27716,7.90166,0.17166,0.34567
27717,7.31533,0.16522,0.32568
27718,-10.36204,-0.23384,0.37779
27719,-9.87546,-0.22908,0.35857
27720,-10.43560,-0.23778,0.37584
27721,-7.23622,-0.17127,0.31325
27722,-1.53951,-0.04982,0.53171
27723,-6.03539,0.01060,0.06131
27724,-7.21779,0.00582,0.04280
27725,-13.32501,-0.32266,0.50840
27726,-13.09341,-0.31721,0.52699
27727,-13.45141,-0.32724,0.49565
27728,-9.61941,-0.34592,0.36934
27729,0.24743,0.00751,0.68346
27730,0.65830,0.02012,0.67617
27731,12.38032,0.35636,0.38498
27732,12.74587,0.36360,0.39836
27733,9.22586,-0.04088,0.07334
27734,7.83871,-0.05399,0.08678
27735,3.67803,0.06319,0.45314
27736,3.69838,0.06455,0.42679
27737,3.43677,0.05982,0.42805
27738,3.84243,0.06787,0.41145
27739,-1.02287,0.01162,0.09844
27740,-1.08192,0.00927,0.08945
27741,-1.24806,0.01036,0.08859
27742,-1.13915,0.00696,0.07905
27743,5.51940,0.17826,0.67138
27744,5.11867,0.16613,0.68375
27745,5.40450,0.17363,0.66704
27746,5.48707,0.17844,0.67905
27747,-1.33491,0.00069,0.03515
27748,-13.03868,-0.31384,0.52707
27749,-12.96402,-0.31538,0.53568
27750,-12.53943,-0.30440,0.55226
27751,-12.99481,-0.31893,0.53739
27752,-12.46917,-0.30765,0.55974
27753,-16.04475,0.00161,0.01015
27754,-14.66268,0.00524,0.02164
27755,-15.70290,0.00192,0.01153
27756,-9.76178,-0.31736,0.31813
27757,-9.98715,-0.31904,0.32244
27758,-9.29574,-0.30729,0.30827
27759,-10.21351,-0.32707,0.32819
27760,-10.44726,-0.32853,0.33285
27761,-8.41046,-0.28991,0.45623
27762,4.54219,-0.00613,0.04081
27763,4.60275,-0.00435,0.03414
27764,5.07024,-0.00334,0.02837
27765,6.71243,0.26410,0.33450
27766,6.64228,0.26003,0.33801
27767,2.19490,-0.10030,0.14541
27768,-2.34497,-0.17454,0.19986
27769,11.51055,0.37257,0.51656
27770,11.50328,0.37020,0.53077
27771,11.62147,0.37646,0.50798
27772,11.68535,0.37550,0.52335
27773,5.80610,-0.07328,0.10823
27774,5.19900,-0.07929,0.11435
27775,1.58522,0.02969,0.34831
27776,1.39296,0.02561,0.35782
27777,-3.69294,-0.06510,0.56782
27778,-4.13169,-0.07213,0.55518
27779,-3.64835,-0.06623,0.58762
27780,-5.15789,0.01115,0.05084
27781,-5.63802,0.00867,0.04330
27782,0.36755,0.02777,0.19347
27783,0.26160,0.02839,0.18766
27784,11.10929,0.35338,0.58181
27785,11.38700,0.36165,0.56813
27786,11.23365,0.35612,0.58220
27787,11.59308,0.36811,0.55599
27788,11.57522,0.36597,0.56605
27789,-12.78355,-0.38238,0.40710
27790,-12.80678,-0.38530,0.41070
27791,-0.87653,-0.05382,0.19886
27792,-0.00844,-0.04558,0.17570
27793,-3.33791,-0.11866,0.40508
27794,-3.49239,-0.12286,0.41726
27795,-7.17214,-0.20572,0.28257
27796,-7.03086,-0.20167,0.28082
27797,-7.36700,-0.21042,0.28524
27798,-6.71902,-0.27860,0.30442
27799,-6.15728,-0.26581,0.29155
27800,-6.50171,-0.27471,0.29720
27801,4.85258,-0.07467,0.10993
27802,3.88025,-0.08766,0.12184
27803,3.98305,-0.08730,0.12095
27804,3.61867,-0.09022,0.12474
27805,2.93632,-0.10128,0.13385
27806,-6.55904,-0.16043,0.29843
27807,-7.30101,-0.16844,0.31999
27808,-7.22178,-0.17091,0.31295
27809,-7.26977,-0.14043,0.57414
27810,-6.51995,-0.12713,0.58944
27811,23.36568,-0.02255,0.92147
27812,24.87147,-0.01817,0.93013
27813,20.13754,-0.03157,0.90300
27814,-13.97132,0.00872,0.02955
27815,0.04769,0.00157,0.46395
27816,-0.29387,-0.00996,0.46247
27817,0.23317,0.00778,0.47584
27818,-8.53014,-0.16866,0.40418
27819,14.44979,-0.00415,0.02214
27820,12.84886,-0.00832,0.03416
27821,14.44171,-0.00323,0.01930
27822,0.27766,0.09432,0.18074
27823,0.59261,0.10327,0.18858
27824,0.81821,0.10491,0.19489
27825,0.07831,0.09360,0.17570
27826,-10.00411,-0.32328,0.61611
27827,-10.19149,-0.32854,0.60434
27828,-9.85387,-0.31892,0.61595
27829,-9.40508,-0.33886,0.32973
27830,-9.91124,-0.34917,0.34232
27831,8.91899,0.29890,0.50181
27832,9.09943,0.30601,0.49384
27833,8.69964,0.29132,0.50402
27834,-5.36878,-0.19247,0.68882
27835,-4.77302,-0.17102,0.72688
27836,-5.05490,-0.18193,0.72369
27837,-4.22392,-0.15634,0.73926
27838,12.25527,0.36242,0.58404
27839,11.70148,0.34959,0.60212
27840,11.87723,0.35552,0.59588
27841,12.62331,0.36935,0.57097
27842,12.08954,0.35585,0.59109
27843,3.72238,0.18349,0.26402
27844,4.15302,0.19446,0.27492
27845,3.41584,0.17798,0.25441
27846,3.88714,0.19032,0.26541
27847,7.90269,-0.01958,0.06763
27848,6.16401,-0.03043,0.08847
27849,5.26465,-0.03825,0.10067
27850,-13.35226,-0.33826,0.43790
27851,4.42783,0.19143,0.74640
27852,3.81906,0.17884,0.75744
27853,-3.02763,-0.18579,0.20832
27854,-1.26573,-0.15871,0.18585
27855,-1.59652,-0.16512,0.18992
27856,8.65320,0.31591,0.37888
27857,-2.25981,-0.08974,0.32428
27858,-2.06672,-0.08130,0.32833
27859,2.12035,0.17990,0.20985
27860,2.94564,0.19664,0.22479
27861,2.48610,0.18566,0.21715
27862,2.66321,0.19232,0.21886
27863,6.88946,0.22473,0.67460
27864,5.30646,0.20375,0.69499
27865,8.16352,-0.01219,0.94634
27866,6.64772,-0.01830,0.93164
27867,7.71979,-0.01940,0.93230
27868,10.24144,0.24239,0.35977
27869,9.68605,0.23482,0.34347
27870,-0.56096,-0.02368,0.29697
27871,-0.58741,-0.02395,0.31093
27872,9.99556,-0.00736,0.03044
27873,9.39537,-0.00949,0.03582
27874,11.07169,-0.00326,0.01848
27875,10.58135,-0.00402,0.02158
27876,-4.29744,0.06321,0.10773
27877,2.12902,0.06591,0.62911
27878,2.15660,0.06659,0.65127
27879,-7.21409,-0.13286,0.43798
27880,-7.02680,-0.13155,0.41331
27881,-6.95654,-0.12775,0.43278
27882,-13.03656,-0.32536,0.54197
27883,-12.78202,-0.32317,0.55582
27884,-12.50943,-0.31532,0.56358
27885,-12.99855,-0.33035,0.54875
27886,-0.67593,0.04046,0.14497
27887,-1.05722,0.03539,0.13118
27888,-0.93355,0.04104,0.13810
27889,-0.41198,0.04235,0.15453
27890,-0.67481,0.03598,0.14241
27891,10.40349,0.28556,0.33615
27892,-2.28737,-0.17406,0.77574
27893,-1.85525,-0.16501,0.78268
27894,-0.83344,-0.15331,0.79445
27895,-3.56117,-0.19380,0.75788
27896,8.56816,-0.04491,0.08127
27897,9.82407,-0.03467,0.06958
27898,-4.65362,0.04257,0.10804
27899,-2.42642,-0.11956,0.26203
27900,-2.30070,-0.12103,0.25118
27901,0.00596,-0.00180,0.17350
27902,6.68605,-0.11257,0.82929
27903,-3.68764,-0.10586,0.25114
27904,-3.95336,-0.11149,0.25478
27905,0.94070,-0.14678,0.80422
27906,-5.53774,-0.18429,0.69383
27907,10.73794,0.34438,0.34347
27908,11.22260,0.35051,0.60579
27909,11.38335,0.35540,0.59774
27910,11.73507,0.36360,0.58626
27911,11.23446,0.35237,0.60094
27912,13.00898,0.38864,0.53920
27913,12.78793,0.38269,0.55306
27914,12.89843,0.38750,0.54288
27915,0.33074,0.01541,0.26949
27916,0.41760,0.02019,0.26160
27917,0.16579,0.00797,0.26351
27918,0.29227,0.01463,0.25522
27919,-10.48035,-0.36353,0.36921
27920,-10.87219,-0.37086,0.37942
27921,-10.48932,-0.36299,0.36550
27922,-9.73833,-0.31545,0.61313
27923,-9.95994,-0.32202,0.59934
27924,-9.64398,-0.31253,0.60833
27925,-6.06661,0.03417,0.90803
27926,-7.43817,0.02435,0.92411
27927,-6.57262,-0.21503,0.54533
27928,-6.76223,-0.22236,0.53575
27929,-6.35338,-0.20880,0.53366
27930,16.44090,-0.03340,0.88750
27931,22.03639,-0.01781,0.92262
27932,13.16234,-0.04694,0.86372
27933,7.94089,0.29113,0.38258
27934,8.24317,0.29986,0.38815
27935,8.34554,0.30078,0.39764
27936,11.51917,0.25058,0.42932
27937,11.22184,0.24779,0.40925
27938,11.26505,0.24345,0.42323
27939,11.70777,0.25520,0.43678
27940,-6.24694,-0.22481,0.25608
27941,-1.03490,-0.03567,0.43553
27942,-1.39300,-0.04810,0.43346
27943,-1.92599,0.11556,0.82811
27944,3.41664,0.12570,0.37435
27945,3.32362,0.12421,0.36219
27946,3.66266,0.13536,0.37130
27947,3.22895,0.12266,0.35078
27948,-8.47813,-0.27614,0.57432
27949,4.80929,0.24628,0.24680
27950,3.78415,0.22563,0.23007
27951,2.98714,0.20954,0.21797
27952,-1.70025,-0.02882,0.54076
27953,-2.60635,-0.09775,0.35758
27954,6.89326,-0.01744,0.05501
27955,-0.32234,0.04584,0.15874
27956,-0.24961,0.05082,0.16255
27957,-0.58851,0.04028,0.14747
27958,-0.71923,0.04215,0.14438
27959,-0.01805,0.03121,0.17079
27960,3.66300,0.06882,0.60336
27961,3.53180,0.07232,0.63224
27962,5.75848,-0.07437,0.10873
27963,5.00872,-0.08319,0.11632
27964,-0.00262,0.00000,0.64887
27965,-0.18687,-0.00387,0.65096
27966,0.12807,0.00255,0.62957
27967,-8.70020,-0.17246,0.40553
27968,-8.57275,-0.17401,0.38716
27969,-11.87959,-0.31367,0.37444
27970,-3.49262,-0.16610,0.21796
27971,-3.61753,-0.17063,0.21913
27972,-6.27360,-0.17922,0.27268
27973,-5.93412,-0.17731,0.26471
27974,-6.75534,-0.18864,0.28040
27975,-12.56665,-0.39849,0.44148
27976,-1.68992,0.01517,0.11378
27977,-6.25798,-0.25260,0.71174
27978,-5.99720,-0.24756,0.71618
27979,1.52225,-0.13155,0.15397
27980,17.84576,-0.01839,0.91076
27981,20.11538,-0.01413,0.92487
27982,21.97331,-0.00963,0.93918
27983,13.47210,-0.03129,0.87766
27984,15.91965,-0.02539,0.89422
27985,11.73357,0.37448,0.53600
27986,11.86426,0.37937,0.52312
27987,11.55789,0.36954,0.54282
27988,-9.89082,0.03408,0.06569
27989,-10.03823,0.03236,0.06378
27990,-10.02966,0.03320,0.06474
27991,-0.27064,0.00021,0.04525
27992,-0.20515,0.00033,0.06201
27993,-0.47199,0.00055,0.05379
27994,5.13170,0.14403,0.26426
27995,-11.80048,-0.35916,0.36947
27996,-11.27215,-0.34980,0.35482
27997,-11.33803,-0.35347,0.35748
27998,2.51682,-0.01904,0.08572
27999,2.10088,-0.02201,0.09600
28000,-11.74911,0.00354,0.01853
28001,-12.57797,0.00158,0.01090
28002,-3.02736,-0.11159,0.37249
28003,-3.10161,-0.11529,0.36625
28004,-2.85904,-0.10690,0.36121
28005,-3.28457,-0.12258,0.36377
28006,-8.26544,-0.31788,0.31140
28007,-7.62720,-0.30464,0.29817
28008,-7.84804,-0.30892,0.30113
28009,0.35282,0.04496,0.19286
28010,0.21034,0.04379,0.18382
28011,0.32591,0.04103,0.19303
28012,-0.41318,0.02290,0.14287
28013,-0.54970,0.02348,0.13695
28014,-1.12301,0.11871,0.15723
28015,-0.26180,0.13681,0.17074
28016,0.32794,0.14672,0.18000
28017,-8.82930,-0.33033,0.33495
28018,-9.46372,-0.34372,0.35072
28019,-1.73933,0.06576,0.13514
28020,-0.98714,0.08053,0.15204
28021,-13.65175,-0.39626,0.49405
28022,-13.58851,-0.39754,0.49614
28023,-13.42596,-0.38927,0.52704
28024,-9.01078,0.03398,0.06718
28025,-8.98426,0.03479,0.06788
28026,0.22091,-0.00343,0.13215
28027,0.04934,-0.00124,0.14512
28028,0.11053,-0.00152,0.12837
28029,10.73540,-0.00363,0.02011
28030,-8.83693,-0.29546,0.65893
28031,-8.12143,-0.27952,0.67610
28032,-8.32604,-0.28189,0.66840
28033,-7.92608,-0.27390,0.67921
28034,-4.01849,-0.13420,0.49097
28035,-4.34512,-0.14557,0.48777
28036,-3.62789,-0.12067,0.49439
28037,9.75791,-0.04373,0.84853
28038,7.44562,-0.05490,0.82692
28039,11.86873,-0.03442,0.86776
28040,8.36610,-0.04759,0.83742
28041,9.61898,0.31464,0.64505
28042,9.68856,0.31635,0.64514
28043,-5.00626,-0.22662,0.28282
28044,-7.81885,-0.26188,0.66707
28045,-7.37396,-0.25004,0.67821
28046,-4.55952,-0.14510,0.58963
28047,-4.82070,-0.15407,0.58214
28048,-4.55382,-0.14565,0.57623
28049,-8.31013,-0.20315,0.62788
28050,-8.72329,-0.21154,0.62191
28051,-7.54706,-0.19685,0.64473
28052,-8.88572,-0.20793,0.61289
28053,-9.46987,-0.21845,0.60228
28054,-12.54507,-0.33778,0.57474
28055,-12.93962,-0.34438,0.55995
28056,-13.06957,-0.35056,0.55608
28057,-11.89006,-0.32658,0.59479
28058,10.45993,0.32959,0.63258
28059,6.08152,0.24057,0.71705
28060,5.74039,0.23650,0.72249
28061,6.51010,0.11863,0.42935
28062,6.71554,0.12322,0.42393
28063,6.37258,0.11891,0.40063
28064,6.97273,0.12784,0.43263
28065,6.76252,0.12587,0.40990
28066,0.30167,-0.00535,0.13570
28067,0.18527,-0.00734,0.15369
28068,0.45982,-0.00488,0.12062
28069,0.38380,-0.00691,0.13595
28070,-9.18740,-0.28567,0.65283
28071,-10.14053,-0.30061,0.63521
28072,-10.11165,-0.30248,0.63699
28073,0.32692,0.01217,0.21863
28074,-5.82662,-0.22907,0.33762
28075,-12.18489,0.01872,0.04723
28076,-11.02798,0.02611,0.05774
28077,-13.66566,0.01099,0.03439
28078,-12.48656,0.01695,0.04468
28079,10.15349,-0.02154,0.05159
28080,-1.39619,-0.15951,0.19913
28081,-1.62399,-0.16696,0.20251
28082,-1.17267,-0.15682,0.19479
28083,1.58383,-0.12136,0.15237
28084,0.56918,-0.13471,0.16394
28085,1.04532,-0.12713,0.15837
28086,-0.27097,-0.14669,0.17382
28087,-0.28844,-0.14573,0.17398
28088,2.04778,-0.08122,0.14527
28089,3.22012,-0.07032,0.13108
28090,-0.25788,-0.01602,0.22838
28091,3.26870,0.07616,0.65686
28092,-6.51984,0.04766,0.09616
28093,-5.74064,0.05523,0.10473
28094,-6.36392,0.03137,0.07362
28095,-5.73452,0.03634,0.08120
28096,-6.92802,0.02442,0.06429
28097,-6.04607,0.03592,0.07912
28098,-5.38444,0.04212,0.08769
28099,-9.17656,-0.30507,0.66072
28100,-1.84867,-0.18248,0.20267
28101,-1.48325,-0.17418,0.19730
28102,-5.63985,-0.18995,0.68286
28103,-7.39808,-0.20595,0.65369
28104,-7.44743,-0.20961,0.65519
28105,6.10194,-0.03189,0.07513
28106,11.81863,0.37823,0.52461
28107,11.46859,-0.08061,0.85850
28108,-8.31315,0.04937,0.08372
28109,-8.89753,0.04411,0.07804
28110,6.21156,0.11500,0.40634
28111,1.23949,0.07438,0.72110
28112,-0.02341,0.06462,0.74459
28113,2.11601,0.07906,0.70235
28114,11.82031,0.28009,0.39746
28115,-6.11102,-0.19777,0.56812
28116,-6.06295,-0.19476,0.59111
28117,13.56567,-0.00738,0.03058
28118,11.74302,-0.01519,0.04705
28119,10.53159,-0.02835,0.05882
28120,2.51107,-0.05761,0.12127
28121,2.05501,-0.06637,0.13117
28122,-2.31954,0.09472,0.13771
28123,-3.38777,0.06407,0.12792
28124,-2.22722,0.07626,0.14254
28125,-3.51884,0.06471,0.12670
28126,0.30903,-0.00212,0.10699
28127,0.22714,-0.00123,0.09951
28128,0.36999,-0.00139,0.08741
28129,0.22583,-0.00285,0.12613
28130,2.29616,-0.04699,0.78352
28131,1.80200,-0.05396,0.77370
28132,0.43953,-0.09511,0.16611
28133,-0.59053,-0.10656,0.18032
28134,0.16583,-0.09649,0.16988
28135,1.38951,-0.08401,0.15346
28136,0.32879,0.02103,0.72317
28137,0.66945,0.02164,0.69482
28138,0.31970,0.01804,0.71886
28139,0.58660,0.02554,0.71218
28140,0.91358,0.02653,0.68794
28141,-6.79318,0.06334,0.09794
28142,1.22137,-0.01759,0.12934
28143,-1.14549,-0.03879,0.75636
28144,-1.09470,-0.03860,0.76797
28145,-1.40076,-0.04797,0.75794
28146,-0.83584,-0.02857,0.76177
28147,-10.15590,-0.35775,0.36582
28148,-9.65082,-0.34741,0.35148
28149,-9.82712,-0.35118,0.35905
28150,-9.87851,-0.35175,0.35405
28151,6.50617,0.12346,0.38891
28152,6.85655,0.12991,0.39700
28153,7.03113,0.13064,0.41912
28154,7.20070,-0.10821,0.83337
28155,5.61011,-0.12027,0.82273
28156,-10.25303,-0.33137,0.33007
28157,-10.26071,-0.32934,0.32961
28158,-10.32024,-0.23640,0.58667
28159,-10.94548,-0.24793,0.57101
28160,-1.00965,0.02042,0.11631
28161,-1.37660,0.01630,0.09954
28162,8.68626,0.28212,0.29610
28163,9.42486,0.29478,0.31040
28164,1.29034,-0.14862,0.80293
28165,0.28549,-0.15780,0.79487
28166,-6.49505,-0.23894,0.70744
28167,11.71189,0.38286,0.47785
28168,11.53021,0.37911,0.47556
28169,11.84689,0.38379,0.49223
28170,11.68207,0.38048,0.49046
28171,-8.90172,0.00091,0.01359
28172,-8.71763,0.00178,0.02053
28173,-9.31646,0.00084,0.01232
28174,0.01788,0.00115,0.83185
28175,-0.00852,-0.00154,0.84389
28176,-5.86271,-0.13334,0.30707
28177,-6.04656,-0.13737,0.30920
28178,-4.43917,-0.14618,0.51604
28179,-4.42596,-0.14481,0.52781
28180,-4.78545,-0.15709,0.52394
28181,-13.26854,-0.39863,0.44751
28182,-13.43946,-0.39896,0.45854
28183,-13.29368,-0.39706,0.44432
28184,-13.26164,-0.39986,0.45167
28185,-13.42655,-0.40025,0.46332
28186,-1.02263,-0.01694,0.48360
28187,-0.75318,-0.01256,0.47101
28188,9.01625,0.30173,0.30305
28189,8.41622,0.28917,0.29155
28190,2.18814,-0.11690,0.77146
28191,4.87312,-0.09733,0.79612
28192,2.70967,-0.11692,0.77681
28193,-0.97048,0.01006,0.09523
28194,-1.08385,0.01116,0.09502
28195,-0.92680,0.01307,0.10501
28196,-0.90728,0.00809,0.09046
28197,-1.11178,0.00741,0.08141
28198,-8.19311,0.08284,0.86314
28199,-10.51672,0.06794,0.87846
28200,-5.72001,0.10297,0.84373
28201,-6.32434,0.10011,0.84632
28202,-12.76379,-0.39941,0.49027
28203,-12.80554,-0.40060,0.48218
28204,-12.67801,-0.39987,0.47507
28205,-12.87733,-0.39981,0.49547
28206,1.41560,0.04782,0.46097
28207,1.07192,0.03590,0.47268
28208,-0.35777,-0.11577,0.17645
28209,-0.90897,-0.12401,0.18361
28210,0.90222,-0.10132,0.16036
28211,0.10965,-0.11209,0.17035
28212,-3.06085,-0.08372,0.25253
28213,-2.78226,-0.08195,0.24284
28214,-3.28667,-0.08856,0.25554
28215,-2.51042,-0.08027,0.23382
28216,14.06637,-0.00965,0.03185
28217,15.02662,-0.00595,0.02370
28218,13.66187,-0.01138,0.03528
28219,-4.30994,-0.22613,0.73083
28220,-2.29383,-0.20007,0.75386
28221,13.41508,0.34077,0.44189
28222,13.56274,0.34057,0.45939
28223,11.36581,-0.01550,0.04215
28224,8.53181,0.28552,0.29327
28225,8.04991,0.27890,0.28478
28226,7.46149,0.26797,0.27452
28227,8.69738,-0.09546,0.83000
28228,9.42814,-0.09148,0.83591
28229,9.36419,0.25313,0.63248
28230,8.47017,0.24057,0.64803
28231,-0.80334,0.08827,0.16105
28232,2.27189,-0.02012,0.11290
28233,1.65813,-0.02469,0.12868
28234,-12.91145,-0.38438,0.54926
28235,-12.75063,-0.37867,0.56018
28236,-13.03552,-0.38526,0.54567
28237,-12.94248,-0.38760,0.54321
28238,-0.22660,-0.01125,0.20588
28239,-0.37295,-0.01455,0.21645
28240,-0.07024,-0.00979,0.18540
28241,2.87958,0.05254,0.59484
28242,3.01100,0.05572,0.60168
28243,2.52447,0.04747,0.60903
28244,-1.01675,-0.01753,0.41498
28245,-0.96745,-0.01702,0.39027
28246,-1.05816,-0.01907,0.36999
28247,3.08103,0.15748,0.25715
28248,11.65843,0.37404,0.52907
28249,11.58764,0.37391,0.51945
28250,11.74108,0.37805,0.51543
28251,11.53662,0.36921,0.54181
28252,11.45410,0.36869,0.53231
28253,12.90326,0.39857,0.50245
28254,12.82193,0.39567,0.51472
28255,12.79887,0.39792,0.50113
28256,12.90176,0.39529,0.51913
28257,-3.92806,-0.12317,0.63679
28258,-3.83836,-0.12023,0.64751
28259,0.05423,0.00197,0.79010
28260,0.25196,0.00939,0.78474
28261,0.35377,0.01273,0.77726
28262,0.44506,0.01685,0.78593
28263,-1.05144,-0.06455,0.19760
28264,-12.60397,-0.38762,0.54100
28265,-12.50494,-0.38685,0.54055
28266,-12.61583,-0.38509,0.54903
28267,-8.26323,0.04977,0.08265
28268,-0.00239,-0.00363,0.85311
28269,0.00419,-0.00690,0.85524
28270,13.85247,0.36580,0.47847
28271,5.13233,0.10156,0.34703
28272,5.15813,0.10387,0.33937
28273,3.96067,0.20012,0.71598
28274,2.48184,0.18269,0.73153
28275,1.72187,0.17716,0.74052
28276,4.52605,0.20407,0.70834
28277,4.77928,0.14499,0.67875
28278,4.10086,0.14161,0.69111
28279,5.36960,0.15332,0.67037
28280,2.65063,0.12862,0.71220
28281,3.13603,0.13559,0.70666
28282,-12.36071,-0.28866,0.42282
28283,-12.06512,-0.28538,0.40609
28284,-12.50917,-0.28800,0.43792
28285,-12.16759,-0.28191,0.41829
28286,-9.86049,0.01701,0.05584
28287,-10.84600,0.01265,0.04621
28288,-11.54476,0.00922,0.03879
28289,-8.55604,0.02460,0.06957
28290,-5.72992,0.07674,0.10742
28291,-4.54041,0.09172,0.12016
28292,-5.26872,0.08222,0.11215
28293,-5.84768,0.07543,0.10632
28294,-1.76781,0.13860,0.81124
28295,0.21103,0.16403,0.78906
28296,-1.54158,0.14324,0.80722
28297,3.94981,0.07231,0.38034
28298,1.56346,0.18218,0.19165
28299,2.81366,0.20330,0.20800
28300,-9.22981,-0.33229,0.38646
28301,-9.56398,-0.33939,0.39959
28302,-2.43746,0.12003,0.14310
28303,-2.70868,0.11629,0.14004
28304,11.48803,0.37361,0.37696
28305,1.02228,0.06611,0.22519
28306,0.77901,0.06127,0.21156
28307,0.96337,0.06896,0.21763
28308,1.26046,0.07100,0.23931
28309,12.14550,0.37629,0.38784
28310,12.10348,0.37797,0.38854
28311,-13.41022,-0.34934,0.53520
28312,-13.04744,-0.33880,0.55187
28313,-13.35433,-0.35079,0.53975
28314,-13.00388,-0.34114,0.55535
28315,12.14626,0.39267,0.46632
28316,12.27039,0.39354,0.47895
28317,12.13363,0.39145,0.47648
28318,-8.89725,-0.32723,0.31563
28319,-9.31040,-0.33462,0.32346
28320,-8.64928,-0.32116,0.30872
28321,-1.49772,-0.05870,0.70519
28322,-2.46612,-0.06612,0.67698
28323,-0.65695,-0.05116,0.72702
28324,6.15719,-0.01125,0.88192
28325,6.17991,-0.01360,0.87403
28326,4.48167,-0.01754,0.84804
28327,16.02458,-0.05640,0.88376
28328,13.04378,-0.07231,0.86485
28329,11.72164,-0.07974,0.85765
28330,12.02348,-0.07803,0.85746
28331,-6.56801,0.03504,0.07601
28332,-7.13474,0.02880,0.06790
28333,-7.35214,0.02789,0.06618
28334,-5.71928,0.04371,0.08706
28335,-6.46652,0.03460,0.07608
28336,5.43322,0.18145,0.49680
28337,5.85589,0.19519,0.50220
28338,12.69371,0.39383,0.51840
28339,12.83487,0.39964,0.49040
28340,1.18088,-0.05615,0.15250
28341,3.48461,0.08501,0.27321
28342,2.19448,0.06986,0.23396
28343,-7.44821,-0.27965,0.27554
28344,-11.90266,-0.28723,0.39432
28345,-11.27908,-0.28344,0.36804
28346,-11.67709,-0.29080,0.37981
28347,-5.37841,-0.16464,0.25741
28348,-11.69236,-0.38367,0.47029
28349,10.59474,0.23379,0.39266
28350,-14.70189,0.00512,0.02107
28351,11.95011,0.38870,0.46984
28352,11.76301,0.38582,0.46161
28353,11.80798,0.38733,0.45553
28354,-3.22388,0.13824,0.80904
28355,-1.51827,0.15594,0.79293
28356,-3.36523,0.13828,0.80781
28357,-7.87221,0.01792,0.05309
28358,-7.91580,0.01637,0.05085
28359,-8.58808,0.01236,0.04294
28360,0.99056,0.01664,0.47591
28361,1.09980,0.01854,0.45695
28362,0.84273,0.01420,0.45422
28363,1.16214,0.01954,0.49809
28364,-6.29455,-0.20739,0.67634
28365,-6.69560,-0.21862,0.66167
28366,-6.63048,-0.21834,0.67078
28367,-6.54369,0.01164,0.04666
28368,-6.28934,0.01177,0.04770
28369,-6.99333,0.00960,0.04129
28370,-6.42394,0.01372,0.05091
28371,-2.34921,-0.13783,0.23805
28372,-11.60484,0.01470,0.04126
28373,-13.15465,0.00715,0.02718
28374,-10.24557,0.02374,0.05449
28375,-10.52644,0.02098,0.05091
28376,11.03929,0.36297,0.36061
28377,10.78573,0.35982,0.35568
28378,10.95196,0.36440,0.36210
28379,-0.50488,0.00903,0.13541
28380,-0.40648,0.01123,0.14606
28381,13.63242,0.34017,0.47969
28382,13.58502,0.33754,0.47280
28383,-13.50688,0.01217,0.03598
28384,-13.32566,0.01280,0.03721
28385,-14.31834,0.00848,0.02911
28386,-8.80186,0.02227,0.06632
28387,-6.79496,0.03800,0.08941
28388,-7.92415,0.03024,0.07739
28389,-11.87595,-0.25631,0.46062
28390,-5.87026,0.06396,0.87789
28391,-7.41779,0.05136,0.89275
28392,-3.40043,-0.06765,0.32909
28393,-3.69883,-0.07080,0.34962
28394,-3.59765,-0.07161,0.33077
28395,-2.67274,-0.07747,0.24391
28396,-3.41386,-0.08538,0.26731
28397,-5.44658,-0.15152,0.26828
28398,-6.13482,-0.16125,0.28222
28399,7.57274,0.15490,0.36448
28400,7.41207,0.15540,0.35135
28401,-2.20203,0.02720,0.10110
28402,-12.96570,0.01005,0.03221
28403,4.08771,0.14525,0.40853
28404,4.38815,0.15685,0.40367
28405,3.93825,0.14171,0.39538
28406,-1.80962,-0.09030,0.20657
28407,-6.24734,-0.11241,0.43741
28408,-5.96939,-0.10636,0.44454
28409,-5.92052,-0.10681,0.42432
28410,-5.71361,-0.10250,0.42671
28411,1.17389,0.03352,0.68533
28412,0.93262,0.02930,0.69388
28413,0.59972,0.02821,0.71395
28414,1.72453,-0.11024,0.15088
28415,4.53201,0.19865,0.29242
28416,3.62820,0.17348,0.27003
28417,-5.75844,-0.25726,0.28205
28418,-6.07027,-0.26534,0.28713
28419,-5.48754,-0.25251,0.27431
28420,-5.69222,-0.25450,0.28259
28421,-6.26242,-0.26766,0.29511
28422,8.27976,-0.08159,0.86471
28423,-5.24045,-0.24803,0.26778
28424,-4.79010,-0.23744,0.25957
28425,-2.50619,0.14246,0.78181
28426,-2.49354,0.14115,0.78102
28427,-5.19645,0.12030,0.80355
28428,-11.76163,-0.38816,0.42215
28429,12.10024,0.38996,0.41227
28430,11.78048,0.38512,0.40185
28431,11.73902,0.38350,0.39700
28432,4.70245,0.08191,0.54030
28433,3.19717,0.20568,0.73228
28434,5.07066,0.22814,0.71061
28435,4.25528,0.20116,0.27268
28436,4.29652,0.20511,0.27027
28437,4.43317,0.20308,0.28020
28438,0.80916,0.01357,0.49569
28439,0.92004,0.01547,0.51906
28440,0.60053,0.01005,0.51529
28441,-1.79392,-0.12543,0.72416
28442,-3.52970,-0.14024,0.70034
28443,-3.26027,-0.14048,0.70525
28444,-4.67896,-0.15233,0.68380
28445,-12.92598,-0.31672,0.42732
28446,6.40624,0.27715,0.26800
28447,7.31460,0.29495,0.28393
28448,9.64382,0.33821,0.32781
28449,10.69725,0.35729,0.35206
28450,10.23765,0.34956,0.34164
28451,11.57737,-0.02174,0.05027
28452,11.42620,-0.02251,0.05129
28453,-2.64417,0.01322,0.07323
28454,-1.97219,0.09008,0.14672
28455,-3.20166,0.07609,0.13205
28456,-1.77135,0.09046,0.14899
28457,-4.29513,0.06460,0.11933
28458,-3.03204,0.07600,0.13370
28459,9.27668,0.28409,0.64982
28460,8.94671,0.27698,0.65451
28461,9.03615,0.18287,0.56647
28462,9.43207,0.19044,0.55575
28463,1.51788,0.05295,0.42055
28464,1.20165,0.04257,0.40297
28465,1.53874,0.05438,0.40617
28466,1.70624,0.12619,0.79673
28467,-13.06951,0.00591,0.02794
28468,-13.99190,0.00314,0.01871
28469,-14.49682,0.00194,0.01360
28470,-12.45456,0.00862,0.03497
28471,-0.85579,0.01389,0.10974
28472,16.80839,-0.03750,0.91405
28473,13.34580,-0.05369,0.89428
28474,11.26306,-0.02409,0.05509
28475,12.78629,-0.01461,0.04096
28476,11.69706,-0.02155,0.05150
28477,11.53272,-0.02190,0.05238
28478,2.79508,0.09229,0.72958
28479,-12.42744,-0.34466,0.58103
28480,-7.77858,-0.29285,0.36012
28481,-7.51652,-0.28837,0.34707
28482,-7.92431,-0.29467,0.36995
28483,-11.68349,-0.38653,0.41358
28484,-11.93655,-0.39034,0.41947
28485,-11.48513,-0.38260,0.40142
28486,-12.11287,-0.39353,0.43307
28487,-3.29624,0.01318,0.08673
28488,-2.50167,0.01854,0.10677
28489,-1.19465,0.08268,0.14921
28490,-9.74478,-0.23285,0.34807
28491,-9.31864,-0.22988,0.33376
28492,-3.34133,0.00685,0.04999
28493,-3.68199,0.00421,0.03784
28494,-7.87406,0.03809,0.08279
28495,-9.35224,0.02758,0.06808
28496,-8.62840,0.03338,0.07579
28497,3.78332,-0.00163,0.02266
28498,3.46264,-0.00338,0.03488
28499,4.13637,-0.00047,0.01033
28500,-4.45628,0.08244,0.11572
28501,-3.84102,0.09162,0.12349
28502,-3.50430,0.09551,0.12730
28503,0.97074,-0.01205,0.12476
28504,1.11969,-0.00956,0.11343
28505,-0.70297,-0.02396,0.44765
28506,-0.47021,-0.01589,0.45907
28507,-8.03533,-0.16990,0.35883
28508,-7.66959,-0.15865,0.36123
28509,-10.86134,-0.22687,0.43564
28510,-10.98773,-0.22774,0.45111
28511,-12.56046,-0.35460,0.57720
28512,-12.98326,-0.36421,0.56092
28513,-12.86416,-0.36424,0.56605
28514,-8.92228,0.04335,0.07601
28515,-10.10874,0.03325,0.06484
28516,-9.10835,0.04191,0.07455
28517,-8.76028,0.04454,0.07721
28518,-10.62390,0.02867,0.05953
28519,0.11372,-0.00187,0.11032
28520,0.08516,-0.00088,0.09582
28521,-2.89090,-0.13403,0.21474
28522,-1.85977,-0.13507,0.19622
28523,-6.28727,-0.20135,0.61705
28524,-6.65598,-0.21378,0.60949
28525,-6.51716,-0.20942,0.59954
28526,-6.17962,-0.19781,0.63085
28527,-6.58489,-0.21132,0.62511
28528,10.23279,0.32942,0.60846
28529,-5.53548,0.01607,0.07522
28530,-4.87329,0.02092,0.08719
28531,-6.08759,0.01455,0.06920
28532,3.63024,0.14978,0.31101
28533,3.25404,0.14242,0.29033
28534,3.54211,0.15022,0.30082
28535,-1.63083,-0.08315,0.25411
28536,-1.77643,-0.08451,0.26686
28537,-1.92147,-0.09201,0.26588
28538,-1.49144,-0.07582,0.25419
28539,3.97525,-0.04743,0.11656
28540,2.77975,-0.05784,0.13260
28541,-0.72677,-0.16331,0.18009
28542,-1.73780,-0.17888,0.19258
28543,-1.19403,-0.16947,0.18571
28544,-0.11921,-0.15496,0.17282
28545,-1.62547,-0.17816,0.19123
28546,-11.91225,0.06305,0.85015
28547,-4.06350,-0.18754,0.27850
28548,-2.27667,0.03805,0.12962
28549,-3.21710,-0.20021,0.21132
28550,-2.66026,-0.19251,0.20410
28551,-3.85513,-0.21228,0.22008
28552,-2.14819,-0.18316,0.19739
28553,-4.44529,0.11583,0.83179
28554,-2.73568,0.13264,0.81662
28555,4.69245,0.20877,0.70749
28556,4.85264,-0.02032,0.06835
28557,10.99339,-0.02521,0.05757
28558,12.22364,-0.01772,0.04632
28559,11.22862,-0.02386,0.05527
28560,11.47967,0.36521,0.55903
28561,11.29733,0.36105,0.55924
28562,-9.20744,-0.18796,0.39973
28563,-9.30346,-0.18621,0.41554
28564,8.44446,-0.02812,0.06295
28565,-2.59563,-0.14085,0.24771
28566,-2.42001,-0.13351,0.24525
28567,-2.93261,-0.14659,0.26065
28568,-5.31803,-0.17101,0.57285
28569,-5.08431,-0.16279,0.58118
28570,-5.33399,-0.17066,0.58727
28571,6.89792,0.12519,0.44886
28572,7.10642,0.12898,0.45753
28573,7.07817,0.12987,0.43696
28574,7.15825,0.12928,0.47638
28575,7.41424,0.13538,0.45793
28576,-1.88630,0.04774,0.12360
28577,-1.96120,0.04977,0.12374
28578,-1.61703,0.04959,0.12904
28579,0.38450,-0.08880,0.16494
28580,0.79886,-0.08377,0.15600
28581,-0.11509,-0.09612,0.17658
28582,2.75608,-0.00419,0.88957
28583,1.99683,-0.00578,0.86100
28584,3.77518,-0.00487,0.89579
28585,3.86702,-0.00320,0.91328
28586,1.90276,0.07015,0.76846
28587,1.72966,0.06806,0.77949
28588,-7.80049,-0.27918,0.68431
28589,-7.63064,-0.27670,0.68744
28590,-6.76449,-0.26239,0.70052
28591,-12.03396,-0.36897,0.57997
28592,-11.58145,-0.35780,0.59715
28593,-11.78472,-0.36152,0.59192
28594,-12.26447,-0.37648,0.56612
28595,-11.84881,-0.36567,0.58459
28596,8.54242,0.18488,0.59969
28597,8.24442,0.18389,0.61147
28598,-7.27367,-0.24931,0.68388
28599,-8.30735,-0.27490,0.65419
28600,-8.06151,-0.23149,0.29319
28601,-6.77591,-0.21612,0.26828
28602,-7.48453,-0.22889,0.28004
28603,-4.20191,-0.08660,0.32127
28604,-4.58805,-0.09190,0.33612
28605,-4.55018,-0.08924,0.34480
28606,-3.86881,-0.08375,0.30302
28607,-4.34317,-0.09089,0.31698
28608,0.07107,0.04294,0.17590
28609,-0.15918,0.03666,0.16341
28610,0.27598,0.04039,0.18974
28611,-0.53002,-0.01919,0.38711
28612,6.47828,0.21705,0.49749
28613,-9.67906,-0.34675,0.34310
28614,-10.30457,-0.35950,0.36047
28615,5.80506,-0.02974,0.83732
28616,4.43900,-0.03732,0.81613
28617,6.83677,-0.02821,0.84720
28618,2.76526,-0.04432,0.79193
28619,1.01696,0.01698,0.51934
28620,0.74154,0.01247,0.52908
28621,1.26155,0.02105,0.51357
28622,-0.79089,0.13455,0.16315
28623,-0.34896,0.14323,0.16950
28624,0.03524,0.14937,0.17510
28625,-0.36584,0.14379,0.16925
28626,0.74894,0.16353,0.18548
28627,-0.31590,0.01400,0.13785
28628,-0.43585,0.01190,0.12520
28629,-0.49319,0.01475,0.12778
28630,-0.33494,0.01044,0.12897
28631,8.90234,0.33071,0.32507
28632,8.28483,0.31800,0.31146
28633,25.32534,-0.01536,0.93433
28634,19.76767,-0.02934,0.90256
28635,-6.63335,0.06094,0.81837
28636,-9.79532,0.04368,0.84892
28637,-9.69592,0.04637,0.84649
28638,-12.12840,-0.38508,0.39791
28639,4.96862,0.16762,0.70821
28640,5.39297,0.17918,0.69533
28641,4.73670,0.15860,0.70835
28642,5.20357,0.17137,0.69333
28643,-1.52576,-0.17930,0.19653
28644,-1.02998,-0.16902,0.18927
28645,16.29371,-0.03504,0.91757
28646,18.18497,-0.02456,0.93280
28647,-3.39421,0.08230,0.85604
28648,-9.57594,-0.19775,0.40123
28649,-9.29351,-0.19475,0.38614
28650,-9.88029,-0.20282,0.41368
28651,-3.21392,0.10958,0.13471
28652,-2.03282,0.12652,0.14811
28653,3.43211,0.09740,0.68008
28654,2.58164,0.09249,0.69971
28655,4.11797,0.10564,0.66693
28656,4.39874,0.10557,0.65686
28657,4.50637,0.10422,0.65066
28658,3.49880,0.09508,0.67587
28659,-3.76652,0.07898,0.12721
28660,-1.91188,0.09892,0.14812
28661,-2.21789,0.09709,0.14472
28662,6.60282,0.22007,0.50730
28663,6.87087,0.22822,0.51543
28664,4.06074,-0.07257,0.11433
28665,5.04891,-0.05961,0.10107
28666,4.66014,-0.06281,0.10528
28667,3.20686,-0.08462,0.12618
28668,-2.90430,-0.20459,0.75390
28669,-0.82942,-0.17790,0.77701
28670,-2.77691,-0.20414,0.75360
28671,4.06669,-0.08999,0.12140
28672,-15.23218,0.05895,0.88232
28673,-3.03634,-0.14642,0.26743
28674,-2.74662,-0.13959,0.25755
28675,-2.79552,-0.13793,0.26260
28676,-3.43057,-0.15769,0.27838
28677,1.06128,-0.00011,0.01037
28678,2.71966,-0.14726,0.79630
28679,3.96240,-0.13552,0.80786
28680,1.17061,-0.16212,0.78403
28681,-3.08760,-0.16608,0.21128
28682,-4.35377,-0.18316,0.22946
28683,-5.51190,-0.19969,0.24714
28684,-5.14242,0.05442,0.88444
28685,13.09920,-0.01280,0.03785
28686,14.28032,-0.00726,0.02671
28687,-0.05703,0.00075,0.90132
28688,0.08822,-0.00081,0.91223
28689,0.13469,-0.00196,0.90006
28690,-0.16963,0.00135,0.91425
28691,-0.61111,-0.02781,0.20838
28692,-0.66044,-0.03034,0.20770
28693,-0.96086,-0.03203,0.22660
28694,7.08581,0.13158,0.55425
28695,6.57372,0.12478,0.57840
28696,6.85593,0.13075,0.57668
28697,6.59586,0.12297,0.56717
28698,-0.46654,-0.05042,0.19844
28699,-0.36533,-0.05156,0.19133
28700,-0.63182,-0.05180,0.20979
28701,1.06114,-0.02868,0.12566
28702,0.80655,-0.03095,0.13513
28703,0.77235,-0.03488,0.13910
28704,1.27173,-0.02424,0.11526
28705,1.00138,-0.02584,0.12430
28706,-6.69485,0.04421,0.08296
28707,-5.73013,0.05575,0.09523
28708,-5.66507,0.05472,0.09493
28709,-6.31499,0.04989,0.08863
28710,-9.83092,-0.31974,0.64336
28711,-9.98292,-0.32323,0.63822
28712,-9.24111,-0.30706,0.65688
28713,1.25182,0.02293,0.60163
28714,1.01968,0.01963,0.62278
28715,1.17370,0.02311,0.62847
28716,1.12585,0.01978,0.58030
28717,0.90906,0.01668,0.60581
28718,0.84028,-0.11500,0.16053
28719,1.70530,-0.01476,0.90969
28720,2.26322,-0.01151,0.92375
28721,1.77309,-0.01036,0.92091
28722,-7.67355,0.05588,0.08982
28723,-6.25320,0.07067,0.10384
28724,-6.84755,0.06454,0.09792
28725,4.08558,-0.09664,0.84756
28726,2.66256,-0.10846,0.83537
28727,4.49215,-0.08938,0.85400
28728,2.91729,-0.10995,0.83502
28729,17.96244,-0.03672,0.89063
28730,13.25991,-0.05221,0.86132
28731,2.77059,0.10297,0.36379
28732,-6.45836,0.00642,0.95774
28733,-5.42859,0.00929,0.94689
28734,0.39455,-0.15205,0.16740
28735,-0.95254,-0.17413,0.18421
28736,-9.99636,-0.26298,0.33411
28737,-10.14555,-0.26283,0.33914
28738,-5.51239,0.05221,0.09347
28739,-6.04419,0.04416,0.08521
28740,5.22988,-0.07731,0.10913
28741,5.90363,-0.06820,0.10115
28742,5.69140,-0.07227,0.10439
28743,6.68222,-0.05957,0.09294
28744,2.16922,0.07404,0.45028
28745,1.99173,0.06847,0.44066
28746,2.25021,0.07742,0.43966
28747,-3.68934,0.05809,0.12329
28748,-3.54421,0.05783,0.12462
28749,-2.48508,0.06818,0.13831
28750,-5.27534,0.04488,0.10426
28751,-4.70079,0.04809,0.11039
28752,7.68666,-0.02634,0.06313
28753,8.31025,-0.02232,0.05681
28754,6.64631,-0.03645,0.07665
28755,1.10440,0.02834,0.67614
28756,1.09658,0.03073,0.68418
28757,2.27069,0.17230,0.19895
28758,3.48446,-0.04692,0.10459
28759,4.23866,-0.03839,0.09182
28760,5.88492,-0.07299,0.10442
28761,5.60450,-0.07507,0.10662
28762,0.78082,-0.14564,0.16277
28763,-9.51243,-0.32943,0.31931
28764,-9.17925,-0.32194,0.31163
28765,-10.16638,-0.34207,0.33397
28766,-9.89570,-0.33510,0.32664
28767,-5.17457,-0.17142,0.69690
28768,-4.80457,-0.15992,0.70469
28769,-4.68792,-0.16041,0.71684
28770,-5.48593,-0.17878,0.68094
28771,-5.06181,-0.16554,0.69069
28772,0.53058,0.07037,0.19267
28773,1.07552,0.08543,0.21198
28774,0.01309,-0.00086,0.16325
28775,-6.73115,-0.21956,0.55491
28776,-6.50108,-0.21104,0.56460
28777,12.20949,-0.01693,0.04637
28778,13.57109,-0.01008,0.03399
28779,11.67365,-0.02042,0.05144
28780,10.94555,-0.02459,0.05788
28781,-1.05884,-0.13782,0.80014
28782,-0.77836,-0.13011,0.80556
28783,4.82158,0.20004,0.23459
28784,9.17564,0.31372,0.46294
28785,-0.05903,-0.01624,0.84856
28786,-0.21295,-0.02042,0.83681
28787,-0.13956,-0.01413,0.83855
28788,-0.07992,-0.02120,0.84749
28789,-0.33250,-0.14064,0.18028
28790,0.01262,-0.13258,0.17451
28791,-0.69921,-0.14569,0.18674
28792,-3.06733,0.03040,0.11421
28793,-2.12895,0.03769,0.13152
28794,-2.47876,0.03344,0.12403
28795,2.46398,0.18028,0.77150
28796,0.91865,0.16448,0.78743
28797,-11.75741,-0.37751,0.52240
28798,-11.75907,-0.37503,0.53775
28799,3.79772,0.19618,0.25565
28800,6.43427,0.17453,0.28051
28801,4.29758,0.14277,0.71114
28802,4.58086,0.15217,0.70677
28803,4.31545,0.14602,0.71812
28804,4.86924,0.16038,0.69805
28805,0.08775,0.03270,0.17917
28806,0.24173,0.03222,0.18525
28807,0.58041,0.03710,0.19761
28808,-5.25120,0.12476,0.81199
28809,-11.44337,0.08049,0.85746
28810,-1.42591,0.10281,0.15373
28811,-4.28720,-0.15655,0.38438
28812,-4.37504,-0.16175,0.37455
28813,-3.67896,-0.13659,0.36846
28814,-3.93701,-0.14378,0.38270
28815,-9.67215,-0.31428,0.65047
28816,-10.39781,-0.32852,0.63427
28817,-10.47626,-0.33129,0.63162
28818,-8.98474,-0.30088,0.66421
28819,-9.65863,-0.31326,0.65092
28820,-11.64366,-0.25624,0.42821
28821,-11.40900,-0.25532,0.40975
28822,-11.65846,-0.26059,0.41887
28823,-11.57538,-0.25082,0.43627
28824,-11.30978,-0.25037,0.41165
28825,-12.11247,-0.34201,0.37532
28826,-8.41623,-0.27299,0.60936
28827,-8.40254,-0.27251,0.60002
28828,-8.08780,-0.26202,0.61352
28829,-8.66157,-0.28110,0.59474
28830,-14.59100,0.00759,0.02783
28831,-16.10434,0.00288,0.01518
28832,-14.53501,0.00751,0.02786
28833,-15.93723,0.00335,0.01688
28834,2.51962,0.16374,0.20263
28835,3.53865,0.17789,0.21651
28836,1.49995,0.14864,0.18934
28837,2.82278,0.16622,0.20683
28838,13.85774,0.37573,0.49524
28839,13.79937,0.37695,0.50516
28840,3.06944,0.21245,0.21740
28841,-6.36447,-0.21695,0.69264
28842,-6.01428,-0.20620,0.69919
28843,9.32904,-0.00404,0.02961
28844,10.36854,-0.00143,0.01518
28845,10.55582,-0.00146,0.01511
28846,8.04012,-0.00791,0.04533
28847,9.01084,-0.00406,0.03032
28848,-2.77061,-0.13004,0.27212
28849,-3.11784,-0.13905,0.28512
28850,-2.89513,-0.13582,0.27249
28851,-2.77107,-0.12675,0.27783
28852,4.77772,-0.01174,0.86844
28853,5.83240,-0.00787,0.89435
28854,2.34045,0.05332,0.28148
28855,2.41502,0.05691,0.27477
28856,2.13188,0.05185,0.26729
28857,11.57012,0.24421,0.49902
28858,0.15828,-0.01579,0.15432
28859,0.15243,-0.01892,0.15742
28860,-3.22486,-0.17798,0.24631
28861,-2.89450,-0.17214,0.23732
28862,-3.63613,-0.18694,0.25685
28863,3.31507,0.10854,0.51682
28864,10.83061,0.34080,0.61869
28865,-4.00952,-0.08707,0.64093
28866,-3.02659,-0.07847,0.67173
28867,-4.67042,-0.09505,0.62175
28868,-3.15450,0.11000,0.13564
28869,-1.92637,0.12715,0.14935
28870,-2.01280,0.12615,0.14837
28871,-1.35141,0.13529,0.15591
28872,-0.70426,0.14538,0.16346
28873,-4.08231,0.07730,0.12378
28874,-5.05135,0.06675,0.11328
28875,-4.86608,0.07026,0.11553
28876,-5.58284,0.06239,0.10782
28877,2.77226,0.12435,0.28236
28878,2.65134,0.11808,0.28385
28879,4.76984,0.18646,0.33875
28880,5.13343,0.19698,0.35037
28881,4.93498,0.18844,0.35284
28882,-11.33527,-0.32692,0.35369
28883,-1.74464,-0.07177,0.21439
28884,0.46164,0.13023,0.17647
28885,-0.99535,0.11258,0.15873
28886,-2.46115,-0.06288,0.25918
28887,-2.92478,-0.06894,0.27523
28888,-10.91274,-0.25316,0.57899
28889,-10.70581,-0.24718,0.58160
28890,7.60013,0.27247,0.27701
28891,7.84630,0.27848,0.28140
28892,6.81341,0.26083,0.26414
28893,8.62196,0.29003,0.29509
28894,-0.46406,-0.01470,0.57057
28895,0.07716,0.00242,0.57530
28896,3.86409,0.22015,0.22189
28897,3.53406,0.21311,0.21695
28898,4.10909,0.22541,0.22567
28899,3.04225,0.20679,0.21083
28900,11.87489,0.32076,0.59181
28901,12.31680,0.33091,0.58003
28902,11.71786,0.31512,0.59481
28903,-6.16934,-0.20778,0.48875
28904,-6.14922,-0.20507,0.50515
28905,9.47056,0.20804,0.59059
28906,10.38411,0.36229,0.38378
28907,-10.49253,-0.36204,0.36185
28908,-10.44572,-0.36043,0.35856
28909,-9.94863,-0.35095,0.34613
28910,-10.97994,-0.37170,0.37715
28911,-14.86808,0.03270,0.88278
28912,-16.43437,0.02926,0.89219
28913,-11.47271,0.04736,0.85553
28914,-16.87067,0.02551,0.89822
28915,-20.05401,0.01747,0.91913
28916,-7.43544,0.01195,0.88766
28917,5.15566,0.15458,0.67636
28918,5.71181,0.16339,0.66896
28919,6.79225,0.17263,0.64827
28920,-0.08058,0.07892,0.83485
28921,9.73503,0.19318,0.43725
28922,9.58714,0.18840,0.44167
28923,9.61881,0.19367,0.41971
28924,9.35792,0.18705,0.41653
28925,-11.80614,0.01765,0.04907
28926,-12.87810,0.01236,0.03948
28927,-11.95335,0.01736,0.04827
28928,-8.25652,-0.27094,0.64545
28929,-10.76898,0.02880,0.06064
28930,-9.63847,0.03770,0.07112
28931,-10.76787,0.02870,0.06048
28932,-10.99278,0.02722,0.05878
28933,-9.47680,0.03890,0.07275
28934,3.57999,0.20763,0.21658
28935,2.82847,0.19413,0.20645
28936,2.03142,0.18159,0.19618
28937,2.11038,0.18173,0.19706
28938,5.76149,0.13315,0.30237
28939,5.75636,0.13071,0.30640
28940,-1.70926,-0.02971,0.41109
28941,-2.00116,-0.03448,0.41936
28942,-1.80118,-0.03073,0.43578
28943,-1.58540,-0.02812,0.38906
28944,-1.89031,-0.03335,0.39508
28945,-10.74399,-0.21901,0.51104
28946,-10.47186,-0.21175,0.51794
28947,-9.56247,-0.19865,0.56678
28948,-8.66851,0.05058,0.83714
28949,10.13877,-0.01345,0.05050
28950,5.25945,-0.02977,0.09427
28951,5.96484,-0.02408,0.08364
28952,6.51106,-0.02216,0.07828
28953,4.69509,-0.03236,0.10076
28954,-12.10879,0.05813,0.85267
28955,-0.60860,-0.02361,0.78848
28956,-0.40500,-0.01542,0.78675
28957,3.10254,-0.00443,0.04205
28958,3.33249,-0.00268,0.03166
28959,13.05796,0.40214,0.46945
28960,-7.03060,-0.29057,0.29886
28961,-6.62823,-0.28220,0.28890
28962,-6.50659,-0.27886,0.28829
28963,-7.48621,-0.30048,0.30925
28964,-2.49728,-0.17601,0.22213
28965,-2.46555,-0.17343,0.22236
28966,-6.26489,-0.11174,0.52486
28967,-5.87598,-0.10438,0.53492
28968,11.08641,0.35839,0.53942
28969,11.24521,0.36217,0.54120
28970,-3.40049,0.01552,0.92374
28971,-3.06641,0.01480,0.92299
28972,-3.54739,0.01096,0.93466
28973,1.18710,0.02140,0.37069
28974,1.09673,0.01938,0.38989
28975,1.33605,0.02347,0.39553
28976,1.12605,0.02121,0.34382
28977,0.91671,0.01711,0.35106
28978,12.24389,-0.01848,0.04788
28979,10.92376,-0.02662,0.05964
28980,12.51652,-0.01689,0.04580
28981,-4.76458,-0.21249,0.73973
28982,-5.65960,-0.22918,0.72460
28983,-4.09407,-0.20275,0.74989
28984,3.20823,-0.02957,0.09224
28985,2.72752,-0.03500,0.10281
28986,6.73994,0.22061,0.54486
28987,-5.60299,-0.26283,0.25880
28988,11.14082,0.37662,0.41697
28989,11.25971,0.37774,0.43510
28990,3.47570,0.21766,0.22704
28991,4.37240,0.23588,0.24227
28992,3.11089,0.21109,0.22046
28993,4.11257,0.23119,0.23691
28994,9.92932,0.34506,0.42300
28995,9.61999,0.33841,0.41056
28996,2.72989,0.20590,0.21226
28997,1.53856,0.18348,0.19507
28998,0.60435,-0.13746,0.16407
28999,1.36482,-0.12809,0.15542
29000,5.21326,0.24669,0.26805
29001,4.54294,0.23185,0.25469
29002,5.64238,0.25714,0.27539
29003,5.75202,0.25806,0.28014
29004,-8.40479,0.10118,0.83400
29005,-11.75576,0.07951,0.85676
29006,6.54819,0.11809,0.53572
29007,6.16993,0.11317,0.56164
29008,-0.97094,0.13639,0.16022
29009,-1.63175,0.12657,0.15270
29010,-0.21083,0.14804,0.16907
29011,-18.19355,0.04667,0.89433
29012,-22.46863,0.03044,0.91719
29013,-21.21636,0.03423,0.91239
29014,-18.80987,0.04443,0.89628
29015,7.33670,-0.03748,0.08583
29016,-7.67216,0.04306,0.08631
29017,-8.58571,0.03645,0.07746
29018,-9.27061,0.03090,0.07065
29019,-6.24080,0.05547,0.10084
29020,-7.23559,0.04752,0.09090
29021,11.67803,0.24855,0.46499
29022,11.40434,0.24366,0.44050
29023,11.51611,0.24382,0.45818
29024,0.12661,0.00308,0.25614
29025,0.02676,0.00048,0.26417
29026,0.09976,0.00282,0.23669
29027,-13.21958,-0.38488,0.54114
29028,-12.83043,-0.37378,0.56349
29029,-0.07124,0.03458,0.16753
29030,-0.20090,0.03600,0.16099
29031,0.06387,0.02973,0.17693
29032,-12.14983,-0.38742,0.40256
29033,-12.50548,-0.39164,0.41390
29034,-0.55713,-0.06596,0.19571
29035,-0.81049,-0.07382,0.20512
29036,-0.47212,-0.06902,0.19063
29037,6.07401,0.23743,0.25202
29038,6.06020,0.11720,0.36955
29039,5.27276,0.10995,0.32610
29040,2.03797,0.06787,0.74228
29041,2.28392,0.07540,0.73615
29042,2.14805,0.07372,0.75100
29043,2.85204,-0.08397,0.13739
29044,3.91063,-0.07349,0.12552
29045,2.97937,-0.08423,0.13609
29046,-0.41418,-0.01011,0.26329
29047,6.59549,-0.00572,0.04374
29048,7.30187,-0.00394,0.03432
29049,9.05267,0.29414,0.61890
29050,-6.73499,-0.22659,0.49333
29051,-5.97951,-0.20218,0.48163
29052,-3.83053,-0.10560,0.25645
29053,-4.30849,-0.11271,0.26674
29054,-13.33741,-0.40198,0.48222
29055,-13.20319,-0.40235,0.46588
29056,5.45018,0.11804,0.31569
29057,2.94740,0.09191,0.62188
29058,2.47360,0.07692,0.62058
29059,3.09067,0.09630,0.63155
29060,2.55423,0.07922,0.63575
29061,-9.06778,-0.30278,0.30388
29062,-3.84297,-0.17684,0.75709
29063,-5.23009,-0.20616,0.73101
29064,-12.24338,-0.35993,0.58631
29065,-12.49546,-0.36329,0.57832
29066,-11.60903,-0.34615,0.60582
29067,-11.89923,-0.35028,0.59792
29068,-3.81468,0.09127,0.85078
29069,-5.35276,0.07862,0.86429
29070,-3.67695,0.09677,0.84634
29071,15.06793,-0.00387,0.01883
29072,15.89505,-0.00224,0.01291
29073,-0.12338,0.00039,0.93671
29074,0.12204,-0.00027,0.94811
29075,-8.25259,-0.30156,0.38439
29076,-8.67439,-0.31149,0.39990
29077,-7.79394,-0.28962,0.37156
29078,-8.02437,-0.29371,0.38446
29079,1.90495,-0.00817,0.92920
29080,-8.13311,-0.28393,0.67838
29081,-3.04548,-0.07560,0.26629
29082,-3.49432,-0.08228,0.27864
29083,-3.61446,-0.08135,0.28927
29084,-2.61643,-0.06966,0.25378
29085,-8.45858,-0.29096,0.67340
29086,-7.69139,-0.27639,0.68849
29087,-6.93022,0.00226,0.02670
29088,-6.21619,0.00314,0.03405
29089,-7.91424,0.00077,0.01269
29090,-7.48511,0.00088,0.01483
29091,1.55278,-0.01393,0.09158
29092,1.79858,-0.01414,0.08738
29093,4.30736,0.14030,0.53331
29094,4.00912,0.12983,0.54237
29095,-2.34405,0.05010,0.13487
29096,-11.66664,-0.35722,0.36566
29097,-11.04172,-0.34763,0.34953
29098,0.41213,-0.14346,0.75642
29099,13.19509,0.39420,0.52307
29100,-2.99303,-0.09371,0.61056
29101,-10.66825,-0.32630,0.62909
29102,-10.35571,-0.32176,0.63613
29103,-11.10975,0.02466,0.05427
29104,-11.92068,0.01904,0.04653
29105,-12.46367,0.01584,0.04182
29106,-10.92305,0.02582,0.05571
29107,4.25137,-0.06032,0.87632
29108,8.00807,-0.03916,0.90662
29109,-1.43754,-0.16481,0.78528
29110,0.39439,0.06810,0.83091
29111,0.45325,0.07385,0.82837
29112,-0.27275,0.06249,0.84459
29113,0.95840,0.07887,0.81703
29114,5.48272,0.20715,0.36115
29115,5.84131,0.21753,0.37234
29116,5.31494,0.20463,0.34871
29117,5.67961,0.21531,0.35915
29118,-3.27541,-0.10464,0.56442
29119,-9.49298,-0.30877,0.62692
29120,-3.70573,-0.20863,0.21811
29121,-3.65382,-0.20580,0.21726
29122,-3.59646,-0.20833,0.21677
29123,9.09949,-0.01759,0.05981
29124,11.39495,-0.00863,0.03847
29125,7.62329,0.29029,0.28130
29126,7.07101,0.28129,0.27233
29127,8.46785,0.30613,0.29678
29128,8.04201,0.29990,0.28967
29129,-11.60532,-0.36305,0.58396
29130,-11.46398,-0.35803,0.59404
29131,-11.65826,-0.36558,0.57730
29132,-6.65323,-0.23260,0.43760
29133,-6.89761,-0.24159,0.43563
29134,-6.57719,-0.23323,0.42041
29135,-0.62046,0.03933,0.15872
29136,-0.09279,0.04533,0.17199
29137,-11.30218,-0.23812,0.44972
29138,-11.24176,-0.24068,0.43088
29139,-11.47411,-0.24494,0.44420
29140,-11.06874,-0.23191,0.44246
29141,-11.04938,-0.23524,0.42701
29142,-15.91859,0.00186,0.01219
29143,0.14040,0.00686,0.71308
29144,0.32240,0.01174,0.70204
29145,-3.38783,-0.05982,0.57244
29146,-3.23860,-0.05668,0.56621
29147,-3.25955,-0.05938,0.59376
29148,-2.97512,-0.05393,0.59250
29149,-9.29686,0.03007,0.07011
29150,-8.14418,0.03874,0.08143
29151,-9.37473,0.02891,0.06897
29152,-8.56381,-0.32328,0.33871
29153,-7.98956,-0.31054,0.32490
29154,-8.43672,-0.31924,0.34166
29155,-10.54075,-0.35420,0.47120
29156,-10.43142,-0.34959,0.47983
29157,-10.59964,-0.35727,0.46289
29158,-6.00586,-0.10983,0.41059
29159,-5.75443,-0.10715,0.38985
29160,-4.66923,-0.21260,0.74092
29161,3.90946,0.13638,0.73252
29162,8.88780,0.19066,0.36732
29163,8.98999,0.18902,0.37855
29164,9.76108,-0.09171,0.84631
29165,13.63061,-0.06824,0.87123
29166,7.12070,-0.11032,0.82855
29167,1.37619,0.08762,0.19827
29168,0.33532,0.07630,0.17958
29169,1.21303,0.08921,0.19439
29170,-13.74666,-0.35418,0.46731
29171,-13.66505,-0.35065,0.45627
29172,11.05832,0.23125,0.52697
29173,11.03346,0.22849,0.51834
29174,-7.16100,-0.25504,0.26902
29175,13.58277,0.37818,0.44168
29176,13.79124,0.38040,0.46204
29177,13.61661,0.38198,0.44585
29178,13.53396,0.37493,0.43759
29179,12.99919,0.38220,0.54909
29180,-0.66004,-0.03521,0.24531
29181,-0.79594,-0.04008,0.25417
29182,-0.77118,-0.04145,0.24449
29183,-16.85347,0.02156,0.90316
29184,-17.98526,0.01726,0.91343
29185,-21.77086,0.01049,0.93661
29186,0.13388,-0.08365,0.17004
29187,0.07450,-0.08185,0.17141
29188,-0.30250,-0.09034,0.18158
29189,0.63296,-0.07607,0.15765
29190,0.58028,-0.07321,0.15818
29191,-6.94604,-0.26435,0.69613
29192,-7.91637,-0.27958,0.68111
29193,-8.25098,-0.28448,0.67529
29194,-9.02164,-0.29840,0.66256
29195,9.59433,0.30313,0.31383
29196,8.89940,0.29312,0.30021
29197,10.23383,0.31459,0.32745
29198,9.77335,0.30868,0.31759
29199,11.36822,0.37541,0.47465
29200,-0.54827,0.03205,0.15799
29201,-10.15551,0.01483,0.05207
29202,-10.16062,0.01395,0.05094
29203,-0.06259,0.00713,0.16721
29204,-0.05072,0.00885,0.16984
29205,6.86310,0.13885,0.35868
29206,6.97462,0.13683,0.37613
29207,6.45385,0.12894,0.35855
29208,-3.46258,0.11351,0.83317
29209,-2.11591,0.13048,0.81806
29210,-3.83623,0.11334,0.83377
29211,-2.44426,0.12086,0.82583
29212,1.76073,0.06226,0.76216
29213,1.50282,0.05614,0.77537
29214,1.82911,0.06662,0.76758
29215,-2.49828,-0.09066,0.69840
29216,-4.07750,-0.10771,0.66827
29217,-0.85678,-0.04990,0.72074
29218,-0.47657,-0.04419,0.73088
29219,0.34152,-0.04220,0.75229
29220,-0.23323,0.15392,0.17032
29221,-10.25624,-0.35199,0.34403
29222,-10.02247,-0.34645,0.33706
29223,-9.52131,-0.33761,0.32651
29224,-7.28363,-0.25633,0.69073
29225,-7.78755,-0.26901,0.68054
29226,-12.44171,-0.39149,0.51548
29227,-12.32611,-0.38993,0.51394
29228,-12.50250,-0.39433,0.50377
29229,-12.38194,-0.39285,0.50152
29230,-3.00161,-0.13019,0.29247
29231,-3.14353,-0.13206,0.30322
29232,-3.41752,-0.14257,0.30650
29233,-2.69225,-0.12091,0.28199
29234,-2.81109,-0.12143,0.29314
29235,13.45484,0.39212,0.44639
29236,-6.99279,-0.15039,0.33563
29237,-7.46274,-0.15924,0.34518
29238,-8.42901,0.01595,0.04875
29239,-8.38609,0.01758,0.05100
29240,0.02846,0.00406,0.84457
29241,1.71081,-0.13136,0.15170
29242,-3.32290,-0.05615,0.48988
29243,11.02535,-0.03062,0.86708
29244,14.05676,-0.02008,0.89533
29245,-0.98865,-0.04307,0.28658
29246,-0.88243,-0.04038,0.27341
29247,-1.19637,-0.05196,0.28797
29248,11.31436,0.35039,0.60705
29249,13.87901,-0.00773,0.03032
29250,15.09698,-0.00401,0.02024
29251,15.60211,-0.00267,0.01565
29252,15.84077,-0.00244,0.01516
29253,16.21274,-0.00144,0.01004
29254,14.39333,-0.00712,0.02629
29255,13.26751,-0.01268,0.03736
29256,-6.47209,-0.21571,0.50787
29257,-6.60163,-0.21841,0.52214
29258,-0.73760,0.00035,0.03389
29259,-0.47409,0.00046,0.04849
29260,-0.70913,0.00086,0.05415
29261,-0.42643,0.00016,0.03000
29262,2.14220,0.14243,0.22612
29263,7.93519,-0.10204,0.82601
29264,11.87868,-0.07725,0.85333
29265,-0.32922,0.00178,0.82785
29266,0.43324,-0.00837,0.11562
29267,0.29433,-0.00729,0.12302
29268,0.36023,-0.01027,0.12712
29269,4.06217,-0.00816,0.06634
29270,3.90604,-0.00763,0.06579
29271,-12.36795,-0.28869,0.54336
29272,1.47033,-0.04294,0.14370
29273,2.17002,-0.03801,0.13081
29274,3.88248,0.13582,0.73387
29275,-3.47850,0.10043,0.13208
29276,-11.18401,-0.32187,0.61458
29277,-12.29399,-0.34641,0.58589
29278,-11.52950,-0.33159,0.60722
29279,2.41237,-0.04722,0.11626
29280,3.04509,-0.03996,0.10364
29281,1.78953,-0.05690,0.13053
29282,12.00079,0.38230,0.39308
29283,0.85381,-0.02557,0.14681
29284,3.61199,0.15931,0.28911
29285,4.04913,0.16633,0.31385
29286,-0.53455,-0.01038,0.32719
29287,-0.72890,-0.01380,0.33921
29288,-0.55427,-0.01025,0.35264
29289,-0.50598,-0.01036,0.30553
29290,-0.75203,-0.01485,0.31863
29291,1.27302,0.07341,0.23681
29292,1.44597,0.08118,0.24017
29293,-0.33667,-0.01385,0.30834
29294,-0.42260,-0.01771,0.29996
29295,-0.41608,-0.01671,0.31876
29296,-3.64698,-0.19786,0.72037
29297,10.67122,0.31868,0.62708
29298,-9.87233,-0.19558,0.44743
29299,-9.97375,-0.19615,0.47115
29300,-9.73500,-0.18984,0.46705
29301,-10.00342,-0.19672,0.48843
29302,-9.77945,-0.19053,0.49442
29303,4.45328,0.16565,0.69485
29304,2.28152,0.14609,0.72281
29305,3.46113,0.16045,0.70942
29306,5.47416,0.17405,0.67935
29307,-10.38969,-0.32725,0.63496
29308,-6.60186,-0.21628,0.26479
29309,-6.73347,-0.22113,0.26627
29310,6.88005,-0.05778,0.09695
29311,5.60763,-0.07035,0.10966
29312,-5.75297,-0.18573,0.66558
29313,-5.85195,-0.19021,0.67180
29314,-5.33267,-0.17230,0.67526
29315,-11.08870,0.05597,0.84769
29316,1.02274,0.03967,0.21610
29317,-3.16236,0.10729,0.13397
29318,-3.81687,0.09843,0.12653
29319,-4.83321,-0.09829,0.33004
29320,-5.20128,-0.10373,0.34252
29321,-5.27099,-0.10303,0.35260
29322,-4.48644,-0.09606,0.30919
29323,-5.07697,-0.10392,0.33030
29324,-8.60770,-0.23115,0.63923
29325,-9.32319,-0.23851,0.62435
29326,-9.81570,-0.24820,0.61640
29327,-1.37909,0.15655,0.77560
29328,-1.28500,0.15678,0.77388
29329,0.86042,0.17904,0.75555
29330,1.09836,0.17989,0.75189
29331,2.42200,0.08054,0.48836
29332,2.75484,0.09188,0.48448
29333,0.82532,-0.00469,0.07685
29334,0.82614,-0.00665,0.08751
29335,1.19871,-0.00419,0.06304
29336,1.03026,-0.00352,0.06258
29337,-4.83570,0.04267,0.09149
29338,-4.29228,0.05124,0.10121
29339,-3.81444,0.05517,0.10733
29340,-5.62739,0.03431,0.07994
29341,-5.21498,0.04034,0.08736
29342,-2.32315,0.07146,0.14075
29343,-1.10153,0.08258,0.15686
29344,-3.16420,0.06442,0.13030
29345,2.78631,0.06191,0.28997
29346,2.90426,0.06467,0.28964
29347,2.53274,0.06026,0.27325
29348,-0.16484,0.00888,0.87260
29349,-0.12525,0.00471,0.87869
29350,-0.04696,0.00471,0.86578
29351,-0.25255,0.00611,0.88713
29352,10.25041,0.34253,0.48901
29353,10.45561,0.34627,0.50292
29354,10.22996,0.34393,0.47713
29355,-1.78223,-0.11130,0.23065
29356,-2.23297,-0.12288,0.24497
29357,3.15672,-0.09972,0.13188
29358,7.37393,0.25153,0.47194
29359,7.02583,0.24171,0.45853
29360,-4.22495,0.01034,0.05378
29361,-4.21647,0.00913,0.05083
29362,-4.68034,0.00646,0.04110
29363,-3.71696,0.01510,0.06709
29364,-3.73225,0.01236,0.06156
29365,7.09127,-0.00859,0.03881
29366,7.48117,-0.00508,0.02913
29367,3.96379,0.12822,0.54440
29368,4.38880,0.14295,0.53415
29369,3.66896,0.11926,0.53369
29370,4.00358,0.13070,0.52783
29371,-6.78609,0.06567,0.81751
29372,-10.45363,-0.20963,0.50340
29373,-10.67406,-0.21557,0.49260
29374,-10.37171,-0.20675,0.49156
29375,-2.94968,0.10973,0.13626
29376,-2.18847,0.12091,0.14542
29377,2.52311,0.08379,0.73573
29378,4.74569,0.08791,0.38253
29379,4.60129,0.08774,0.36110
29380,5.02445,0.09164,0.39986
29381,5.04562,0.09406,0.38133
29382,-13.44227,-0.33709,0.44836
29383,-13.54046,-0.34136,0.45338
29384,-13.56026,-0.33735,0.46441
29385,3.62777,0.11590,0.69644
29386,3.35151,0.10789,0.70746
29387,3.71519,0.12006,0.70424
29388,-1.81569,-0.12127,0.19822
29389,-9.33463,-0.32041,0.45663
29390,-9.48304,-0.32272,0.46958
29391,-13.87838,0.00162,0.01056
29392,-3.87306,-0.12979,0.72080
29393,-4.21907,-0.13915,0.70868
29394,-3.99658,-0.13050,0.70663
29395,-10.68144,-0.36733,0.37369
29396,-10.48385,-0.36385,0.37040
29397,-10.97154,-0.37335,0.38565
29398,-10.13908,-0.35676,0.35893
29399,-1.82751,-0.11183,0.23246
29400,-1.48121,-0.10465,0.22028
29401,-1.48762,-0.10156,0.22257
29402,-2.13339,-0.12155,0.24049
29403,-1.68303,-0.11210,0.22494
29404,-3.06007,-0.05459,0.38951
29405,12.77128,0.39396,0.42406
29406,11.23399,0.37693,0.38936
29407,11.15648,0.37481,0.38377
29408,-5.15032,-0.25257,0.24653
29409,7.05546,0.17337,0.30281
29410,-8.25725,-0.23630,0.65077
29411,-8.60880,-0.24387,0.64679
29412,6.97263,0.26560,0.69791
29413,6.69330,0.26095,0.70132
29414,5.55901,0.24337,0.71810
29415,8.12449,0.28516,0.67944
29416,7.90617,0.28106,0.68259
29417,-0.92757,-0.11984,0.19525
29418,-1.39659,-0.12693,0.20717
29419,13.67998,-0.00770,0.03011
29420,-5.84036,-0.13697,0.29953
29421,-6.22888,-0.14380,0.30725
29422,-13.18833,-0.40117,0.45479
29423,-13.12967,-0.39972,0.44584
29424,-12.96469,-0.39915,0.43998
29425,6.76132,0.27822,0.30797
29426,7.17948,0.28653,0.32124
29427,6.52924,0.27148,0.30512
29428,-7.01917,-0.25851,0.68911
29429,-3.99682,-0.21765,0.72657
29430,-8.11523,-0.26497,0.56286
29431,-8.28551,-0.27199,0.54843
29432,-8.22554,-0.26775,0.57406
29433,-8.15821,-0.22068,0.30148
29434,-8.08627,-0.22229,0.29855
29435,-8.84967,-0.23257,0.31531
29436,-8.50904,0.00393,0.02331
29437,-9.06435,0.00138,0.01183
29438,2.31330,-0.02067,0.90622
29439,2.04642,-0.01880,0.90649
29440,2.61904,-0.01503,0.91905
29441,1.98449,-0.02648,0.89467
29442,1.67133,-0.02403,0.89406
29443,-5.81506,-0.11221,0.59473
29444,-5.85197,-0.11014,0.58284
29445,4.95468,-0.08632,0.11549
29446,3.69020,-0.10316,0.12933
29447,-9.30579,-0.30731,0.64939
29448,-9.79530,-0.31890,0.63598
29449,-9.55076,-0.31246,0.64002
29450,-10.64273,-0.28655,0.34297
29451,-11.20871,-0.29659,0.35743
29452,13.69532,0.36400,0.45190
29453,13.80435,0.36436,0.46717
29454,13.62919,0.36056,0.44698
29455,13.77925,0.36085,0.46528
29456,-6.70927,0.07516,0.81306
29457,1.42907,0.13057,0.79910
29458,1.45589,0.12344,0.80069
29459,2.08610,0.13608,0.78944
29460,-2.93515,-0.05997,0.63468
29461,-3.27699,-0.06514,0.62644
29462,-2.48127,-0.05748,0.66061
29463,-3.34327,-0.06378,0.61336
29464,8.36513,-0.02008,0.93230
29465,-3.66645,-0.18731,0.21747
29466,-5.21432,-0.21269,0.23934
29467,-4.59005,-0.20099,0.23047
29468,9.74826,0.32282,0.31975
29469,-5.01594,0.00645,0.03989
29470,-4.59262,0.00752,0.04470
29471,-5.12481,0.00446,0.03269
29472,2.76763,0.20494,0.20833
29473,4.38616,0.23473,0.23167
29474,-0.16582,-0.03365,0.18474
29475,-0.34258,-0.03695,0.19827
29476,2.89063,0.12034,0.30558
29477,3.81528,0.11956,0.63048
29478,4.15613,0.13053,0.63223
29479,-3.48654,0.04756,0.10477
29480,-2.58421,0.06143,0.12217
29481,-0.14820,-0.01528,0.19899
29482,-0.20464,-0.01615,0.21102
29483,-2.40361,-0.08340,0.42993
29484,-2.54195,-0.08737,0.44229
29485,-3.72544,-0.12540,0.47693
29486,-3.65034,-0.12392,0.46423
29487,-3.36250,-0.11401,0.46403
29488,-4.06424,-0.13686,0.47840
29489,-3.95409,-0.13447,0.46312
29490,10.39608,0.21149,0.52929
29491,10.46747,0.21546,0.53675
29492,10.76436,0.21964,0.51269
29493,10.14022,0.20588,0.53709
29494,9.85320,0.20264,0.55511
29495,-4.60649,-0.14239,0.25017
29496,-4.85611,-0.14391,0.25619
29497,-4.11450,-0.13353,0.24227
29498,-5.48545,-0.15281,0.26831
29499,5.16294,0.22408,0.29512
29500,5.33044,0.23068,0.29579
29501,1.57368,0.18513,0.19471
29502,12.29454,0.37987,0.39426
29503,11.93465,0.37278,0.38105
29504,12.35131,0.37878,0.39443
29505,-0.16148,0.01278,0.86718
29506,-2.62413,-0.13131,0.21018
29507,-10.13667,-0.32781,0.32707
29508,-7.17266,-0.28478,0.32585
29509,-6.82220,-0.27510,0.31985
29510,8.94946,0.25615,0.64450
29511,3.25417,0.15021,0.27678
29512,0.56535,-0.10086,0.16303
29513,-6.79435,-0.28631,0.29063
29514,-7.22015,-0.29583,0.29788
29515,-8.32774,0.04898,0.08294
29516,-9.59294,0.03753,0.07082
29517,-7.96255,0.05208,0.08642
29518,7.83095,-0.04064,0.08451
29519,7.18950,-0.04677,0.09132
29520,8.45497,-0.03511,0.07788
29521,9.81326,-0.02635,0.06519
29522,10.06213,0.34922,0.34135
29523,-1.85075,0.07616,0.13747
29524,7.60630,0.25184,0.66234
29525,7.83808,0.25733,0.65173
29526,7.30056,0.24482,0.67417
29527,7.19039,0.23998,0.67293
29528,-6.12143,-0.20338,0.68403
29529,-6.05169,-0.19913,0.67876
29530,-5.63272,-0.18889,0.69595
29531,-0.77480,0.14419,0.16337
29532,-0.49797,0.14914,0.16694
29533,0.43160,0.16485,0.17913
29534,-1.30657,0.13595,0.15662
29535,-0.85113,-0.02649,0.70866
29536,-0.56799,-0.01782,0.71953
29537,2.05206,0.19347,0.19930
29538,-8.81206,-0.16959,0.43680
29539,-9.03467,-0.17380,0.44722
29540,-8.86351,-0.17242,0.42689
29541,8.48182,0.27569,0.62361
29542,3.14243,-0.04852,0.10894
29543,-7.93027,-0.14684,0.45730
29544,-7.94234,-0.14616,0.47602
29545,-7.76318,-0.14448,0.44201
29546,-8.02076,-0.15020,0.44179
29547,8.77822,-0.00911,0.04614
29548,9.74003,-0.00595,0.03510
29549,8.50475,-0.01122,0.05142
29550,8.99069,-0.00768,0.04215
29551,9.97759,-0.00463,0.03062
29552,1.65897,0.07056,0.21327
29553,-8.89153,-0.29089,0.66256
29554,-7.90541,-0.27740,0.67971
29555,-5.07259,0.01979,0.08345
29556,-2.64264,-0.08703,0.50499
29557,-2.43017,-0.07957,0.51391
29558,-2.78313,-0.09101,0.51783
29559,-2.09957,-0.06853,0.51742
29560,-2.45716,-0.07979,0.52854
29561,-8.13503,-0.28950,0.41499
29562,1.31044,-0.10933,0.15317
29563,2.14123,-0.00141,0.02902
29564,1.87068,-0.00250,0.04116
29565,2.10926,-0.00264,0.04002
29566,-7.25929,0.04864,0.08341
29567,3.17982,-0.01689,0.07494
29568,3.30361,-0.01747,0.07481
29569,5.46964,-0.07636,0.11107
29570,4.83250,0.08524,0.55293
29571,3.07451,0.10855,0.22977
29572,0.22653,0.17060,0.75934
29573,-1.94417,0.14956,0.77840
29574,2.28301,0.19092,0.73855
29575,0.35732,0.17032,0.75707
29576,-8.16240,-0.28140,0.45658
29577,8.33093,0.27029,0.58956
29578,8.57566,0.27819,0.59235
29579,8.23679,0.26760,0.58081
29580,-0.54370,-0.05391,0.20100
29581,-0.55307,-0.05063,0.20415
29582,-0.49130,-0.05595,0.19649
29583,-5.33221,-0.25098,0.26826
29584,-5.96772,-0.26522,0.28096
29585,-12.60258,-0.32806,0.56780
29586,-12.89128,-0.29788,0.50580
29587,2.55923,0.06837,0.67750
29588,3.53919,0.07738,0.64602
29589,3.03195,0.06966,0.65688
29590,-12.02450,-0.26048,0.46917
29591,3.05301,0.11749,0.34225
29592,2.99933,0.11332,0.35336
29593,2.97895,0.11662,0.33259
29594,-9.81124,-0.32350,0.32051
29595,-9.30899,-0.31507,0.31037
29596,-11.15913,-0.23119,0.50300
29597,-11.14629,-0.22995,0.48965
29598,6.53643,0.12661,0.37761
29599,6.18669,0.12046,0.36923
29600,-9.18624,-0.33780,0.34693
29601,5.10732,-0.02846,0.07670
29602,2.17526,-0.00304,0.95549
29603,1.97143,-0.00189,0.96267
29604,2.45182,-0.00178,0.96697
29605,1.97722,-0.00450,0.94508
29606,3.84484,0.20432,0.25096
29607,13.37952,0.38627,0.53171
29608,13.42989,0.39004,0.52390
29609,13.55037,0.39166,0.51479
29610,13.39303,0.39154,0.52320
29611,13.52222,0.39485,0.50855
29612,0.02092,0.03995,0.17312
29613,-0.11399,0.04104,0.16626
29614,4.69838,0.23651,0.23441
29615,5.03791,0.24132,0.23895
29616,3.78997,0.22076,0.22145
29617,-6.88661,-0.17281,0.64512
29618,-8.41015,-0.19110,0.61326
29619,5.53537,0.25838,0.25109
29620,-12.49909,-0.33315,0.57484
29621,-12.67131,-0.33378,0.56753
29622,-12.46215,-0.32833,0.57434
29623,2.73506,0.05195,0.34622
29624,-2.32320,-0.15596,0.22597
29625,0.33810,0.13455,0.17514
29626,-2.87020,0.01456,0.09457
29627,4.63643,-0.06233,0.10507
29628,4.23929,-0.06941,0.11147
29629,-13.39889,-0.33417,0.44582
29630,1.33498,0.06155,0.27188
29631,1.13235,0.05592,0.25770
29632,2.09814,0.19255,0.20423
29633,1.41480,0.17913,0.19438
29634,1.35070,0.12323,0.20688
29635,0.79049,0.11259,0.19275
29636,1.85920,0.13293,0.22055
29637,2.51930,0.18106,0.20205
29638,-5.18536,-0.16732,0.56383
29639,13.38516,0.33684,0.44263
29640,0.51922,-0.00008,0.01813
29641,0.90879,-0.00015,0.01888
29642,1.39401,0.18017,0.77510
29643,-2.00142,-0.07949,0.32303
29644,-4.78917,-0.08321,0.53124
29645,-4.56657,-0.07883,0.53009
29646,1.28076,0.09322,0.21760
29647,1.49782,0.10110,0.22325
29648,-6.18994,-0.25406,0.25443
29649,-6.76314,-0.26554,0.26380
29650,-5.58028,-0.24214,0.24494
29651,-1.57919,-0.08361,0.24856
29652,-1.50285,-0.08502,0.23995
29653,-1.82423,-0.08940,0.26150
29654,-1.86994,-0.06340,0.69685
29655,2.03251,0.17173,0.73362
29656,3.80352,0.18937,0.71387
29657,3.07849,0.17976,0.72148
29658,1.37001,0.16767,0.74140
29659,3.33809,0.18673,0.72014
29660,9.53184,-0.03875,0.07158
29661,3.09840,-0.09995,0.13206
29662,-7.60811,-0.21734,0.28810
29663,0.25402,-0.05474,0.16363
29664,0.71745,-0.05165,0.14916
29665,-11.86558,-0.27234,0.55188
29666,-11.47829,-0.26323,0.56220
29667,-11.73923,-0.27251,0.56031
29668,-11.21278,-0.26118,0.57428
29669,-1.68244,0.00764,0.07006
29670,-1.50551,0.00768,0.07342
29671,-1.47641,0.00960,0.08069
29672,-8.13944,0.01269,0.88901
29673,0.58723,-0.07808,0.16375
29674,0.88080,-0.07711,0.15958
29675,-9.22090,-0.31577,0.46195
29676,5.51350,0.19112,0.44332
29677,5.70130,0.19878,0.43672
29678,5.31033,0.18338,0.44731
29679,12.24472,0.30039,0.56405
29680,10.48195,-0.01973,0.04908
29681,9.48417,-0.02732,0.05946
29682,11.37200,-0.01332,0.03910
29683,-13.16693,-0.34394,0.42044
29684,-13.44570,-0.34675,0.43833
29685,-13.33794,-0.34201,0.43288
29686,-12.75482,-0.33904,0.40089
29687,-12.96074,-0.34541,0.40847
29688,-3.28183,0.07223,0.86301
29689,6.59575,0.27564,0.26612
29690,12.85688,0.39977,0.48954
29691,12.76580,0.40020,0.47412
29692,12.91750,0.40114,0.47863
29693,5.78621,0.18963,0.25550
29694,6.68254,0.20463,0.27026
29695,-2.91004,0.03082,0.89752
29696,8.33080,0.27014,0.59830
29697,-4.67345,-0.22066,0.27249
29698,-3.27668,-0.05777,0.40511
29699,-3.47996,-0.06081,0.41945
29700,-3.29176,-0.05692,0.42865
29701,-4.71904,-0.22295,0.27233
29702,-4.69814,-0.22424,0.26989
29703,-4.19961,-0.21202,0.25939
29704,0.45969,-0.00224,0.92801
29705,0.18352,-0.00098,0.92567
29706,0.53864,-0.00091,0.95279
29707,0.03737,-0.00299,0.15145
29708,0.00373,-0.00005,0.14933
29709,0.00938,-0.00127,0.16227
29710,0.07689,-0.00441,0.14421
29711,6.15392,0.27324,0.27448
29712,5.68437,0.26325,0.26584
29713,6.58627,0.28217,0.28403
29714,4.64296,-0.02319,0.91735
29715,5.36180,-0.02060,0.92413
29716,4.90776,-0.02552,0.91510
29717,4.59623,-0.02007,0.92205
29718,-7.17106,-0.12945,0.49146
29719,-7.46434,-0.13568,0.49099
29720,-3.69517,0.03421,0.09217
29721,-9.36906,-0.17997,0.49261
29722,11.39240,-0.02260,0.05409
29723,12.38296,-0.01674,0.04535
29724,9.03459,-0.04881,0.84017
29725,6.06045,-0.06456,0.81168
29726,7.69819,-0.05800,0.82636
29727,8.68158,-0.04769,0.83851
29728,5.40887,-0.06531,0.80629
29729,-0.65442,0.04202,0.15875
29730,-1.11031,0.03950,0.14901
29731,-0.38390,0.04630,0.16549
29732,-7.90498,-0.29809,0.28718
29733,-7.00868,-0.28153,0.27160
29734,-8.41753,-0.30873,0.29724
29735,4.75332,0.15090,0.59970
29736,-3.12044,-0.11561,0.75432
29737,-3.48531,-0.12501,0.74422
29738,-3.27429,-0.11622,0.74504
29739,-3.15581,-0.12022,0.75762
29740,1.80449,0.05966,0.74192
29741,4.89399,0.22943,0.27320
29742,4.25951,0.21482,0.25914
29743,4.32929,0.21839,0.25873
29744,5.15050,0.23343,0.28157
29745,-5.79089,0.07930,0.86453
29746,9.42851,0.30736,0.56432
29747,7.87319,0.30130,0.34329
29748,1.62136,0.07588,0.79477
29749,1.46311,0.06769,0.79651
29750,-1.36579,0.02233,0.13147
29751,-13.79394,-0.35715,0.50080
29752,-13.59449,-0.35194,0.52195
29753,-1.40990,-0.04354,0.67936
29754,0.08026,0.00253,0.23480
29755,0.08039,0.00198,0.25817
29756,-11.00992,0.08368,0.84810
29757,5.27706,0.11318,0.63176
29758,6.15918,0.12402,0.60729
29759,9.42401,0.22555,0.34221
29760,8.72925,0.21708,0.32300
29761,4.90446,-0.04756,0.10876
29762,-1.90255,-0.06623,0.42510
29763,-2.14717,-0.07464,0.42753
29764,-1.72819,-0.05975,0.43286
29765,6.94885,0.13272,0.39359
29766,-1.57521,0.03571,0.12008
29767,-1.79918,0.03031,0.11102
29768,-2.15055,-0.06707,0.61285
29769,-10.92044,-0.22355,0.46785
29770,-11.00076,-0.22524,0.48896
29771,-10.77727,-0.21866,0.49366
29772,-11.18516,-0.23176,0.46758
29773,-6.64134,0.04370,0.08275
29774,3.16064,0.10021,0.57956
29775,-4.90220,-0.19138,0.73521
29776,-1.16900,0.09555,0.15645
29777,-0.49154,0.10150,0.16509
29778,0.08614,-0.01614,0.74831
29779,-0.36935,-0.02035,0.71939
29780,0.59083,-0.01509,0.77514
29781,-1.11286,-0.05433,0.26018
29782,-0.89591,-0.04848,0.24369
29783,4.72032,-0.08962,0.11856
29784,-0.51362,0.05027,0.15396
29785,-0.87988,0.04625,0.14224
29786,-0.62139,0.05142,0.15125
29787,-1.19801,0.04025,0.13124
29788,-1.24602,0.04250,0.13167
29789,20.05858,-0.03814,0.90330
29790,24.58629,-0.02298,0.92778
29791,19.92463,-0.03909,0.90295
29792,25.53218,-0.02028,0.93331
29793,1.54211,-0.12118,0.15247
29794,1.07357,-0.12825,0.15897
29795,0.56568,-0.13820,0.16630
29796,1.07619,-0.12688,0.15876
29797,11.43233,0.34222,0.61002
29798,11.04030,0.32949,0.62012
29799,13.50049,0.33601,0.45785
29800,13.50680,0.33307,0.46586
29801,0.05281,-0.15342,0.17087
29802,0.09470,-0.00034,0.06425
29803,0.23539,-0.00106,0.07043
29804,0.32981,-0.00092,0.05777
29805,-0.08001,0.00036,0.06864
29806,4.18193,0.21956,0.72351
29807,0.82519,0.14086,0.18084
29808,0.34007,0.13550,0.17482
29809,0.09259,0.16489,0.78831
29810,-1.11206,0.15009,0.80122
29811,-1.26279,0.12509,0.15631
29812,0.12759,0.14864,0.17660
29813,-0.67973,0.13355,0.16458
29814,-5.91426,-0.19225,0.55494
29815,9.48805,0.26728,0.31698
29816,10.11323,0.27868,0.33018
29817,9.41770,0.26403,0.31628
29818,9.86160,0.20628,0.56335
29819,9.35912,0.19726,0.57696
29820,7.99784,-0.05183,0.08434
29821,3.91811,-0.12354,0.79045
29822,5.98801,-0.10741,0.80701
29823,2.57719,-0.13182,0.77859
29824,1.27364,-0.05986,0.15176
29825,2.31071,-0.04955,0.13491
29826,2.51067,-0.04979,0.13251
29827,1.37834,-0.05718,0.14975
29828,13.77047,0.35290,0.48613
29829,13.77274,0.35649,0.47165
29830,13.73660,0.35272,0.46811
29831,13.73628,0.35239,0.49913
29832,-9.83314,-0.34059,0.43179
29833,1.86161,0.11447,0.23192
29834,2.10270,0.11773,0.24230
29835,1.75376,0.10862,0.23097
29836,-9.90824,-0.32113,0.64259
29837,-9.18022,-0.30599,0.65937
29838,-10.28942,-0.32909,0.63373
29839,11.29164,-0.06347,0.88351
29840,9.85446,-0.07059,0.87600
29841,12.79085,-0.05225,0.89615
29842,10.33672,-0.07189,0.87449
29843,7.82431,-0.08783,0.85845
29844,-2.84125,-0.05174,0.37129
29845,3.08641,0.16503,0.77017
29846,5.63916,0.10070,0.43127
29847,5.40022,0.09576,0.43449
29848,-1.52640,-0.09115,0.19984
29849,-1.00090,-0.08735,0.18999
29850,2.65047,0.08589,0.53124
29851,2.66594,0.08572,0.54526
29852,2.23540,0.07216,0.53577
29853,2.95062,0.09553,0.53444
29854,10.32008,0.35013,0.34267
29855,10.21428,0.35022,0.34259
29856,10.68825,0.35538,0.35019
29857,-2.66579,-0.16227,0.77629
29858,-1.79797,-0.14582,0.79047
29859,9.27974,0.20262,0.59166
29860,2.57845,-0.09691,0.13599
29861,2.04089,-0.10658,0.14401
29862,3.06863,0.13913,0.28045
29863,3.18766,0.14477,0.28033
29864,3.37819,0.14804,0.29025
29865,2.87449,0.13637,0.26982
29866,-1.57531,-0.06608,0.21298
29867,-2.12170,-0.07127,0.22841
29868,-3.01643,-0.15641,0.77222
29869,4.33803,0.18225,0.22899
29870,-21.21134,0.03299,0.90733
29871,-19.24335,0.04079,0.89622
29872,-16.02131,0.05355,0.87700
29873,10.40959,0.35521,0.34937
29874,10.83347,0.36393,0.36162
29875,10.10347,0.35066,0.34368
29876,8.62359,0.16138,0.47929
29877,-3.52010,-0.06946,0.33202
29878,-3.16598,-0.06368,0.32127
29879,-3.15379,-0.06573,0.30845
29880,-3.87323,-0.07339,0.35563
29881,-2.56881,0.14367,0.80512
29882,-4.79192,0.12217,0.82455
29883,-2.77975,0.14012,0.80888
29884,-4.44224,0.12689,0.81943
29885,7.68010,-0.04989,0.08893
29886,9.36269,-0.03501,0.07230
29887,6.28403,0.21933,0.25749
29888,6.06864,0.21833,0.25365
29889,7.07204,0.23063,0.27076
29890,6.97723,0.23156,0.26861
29891,-6.14386,0.02595,0.06850
29892,-6.61570,0.02279,0.06287
29893,-5.85002,0.03080,0.07505
29894,-6.25460,0.02341,0.06505
29895,-6.95142,0.01825,0.05573
29896,-0.65252,-0.04237,0.72463
29897,0.09936,-0.03265,0.74772
29898,-10.01040,-0.35462,0.35873
29899,14.45100,-0.00579,0.02290
29900,15.85288,-0.00208,0.01192
29901,-1.23516,-0.08972,0.72434
29902,0.46032,-0.02073,0.15540
29903,-1.70951,-0.18823,0.19573
29904,-2.16423,-0.19636,0.20234
29905,-0.76719,-0.17164,0.18304
29906,-1.10407,-0.17730,0.18773
29907,11.10564,0.24344,0.55451
29908,10.90347,0.24303,0.56717
29909,6.82833,0.22462,0.66720
29910,14.20953,-0.00197,0.01217
29911,13.74629,-0.00354,0.01705
29912,12.78798,-0.00736,0.02722
29913,0.49105,0.03616,0.21495
29914,7.05638,-0.10879,0.83389
29915,6.92239,-0.10867,0.83489
29916,6.71154,-0.10883,0.83560
29917,4.73250,-0.00409,0.03277
29918,5.25981,-0.00294,0.02607
29919,5.28099,-0.00177,0.01970
29920,4.35393,-0.00689,0.04417
29921,4.75561,-0.00549,0.03788
29922,11.81683,0.30131,0.37821
29923,12.14169,0.30857,0.38824
29924,11.33390,0.29248,0.36402
29925,0.28698,0.00496,0.39193
29926,0.44721,0.00793,0.37987
29927,0.38400,0.00656,0.41264
29928,0.57464,0.01002,0.39908
29929,2.10745,0.04403,0.30352
29930,1.83302,0.03944,0.29403
29931,11.95636,-0.01534,0.04122
29932,10.09701,-0.02779,0.05857
29933,10.31567,-0.02665,0.05714
29934,-12.26678,-0.27878,0.43469
29935,0.69484,0.02373,0.44627
29936,-1.75019,0.01223,0.08327
29937,12.53531,0.36489,0.57572
29938,12.90177,0.37431,0.55980
29939,12.72334,0.36729,0.56926
29940,-0.51671,-0.01825,0.41222
29941,-0.18539,-0.00661,0.41297
29942,6.60811,0.23352,0.42346
29943,-10.03381,0.01874,0.04875
29944,-0.04328,-0.00201,0.80423
29945,-0.18167,-0.00721,0.79334
29946,5.29334,0.19961,0.36198
29947,-6.83558,0.00602,0.04470
29948,5.39831,0.14788,0.66612
29949,6.54912,0.15969,0.64395
29950,3.55036,-0.02521,0.82216
29951,4.03465,-0.02896,0.82162
29952,5.84673,-0.02297,0.84823
29953,-12.17653,0.01759,0.89555
29954,-16.14038,0.00977,0.92806
29955,-13.00390,0.01862,0.89586
29956,2.30144,0.19880,0.20451
29957,3.14823,0.21451,0.21660
29958,3.15322,0.21462,0.21707
29959,1.39201,0.18242,0.19165
29960,2.61760,0.20457,0.20852
29961,-2.50426,0.06776,0.12643
29962,-2.06792,0.07216,0.13345
29963,-3.08851,0.06118,0.11713
29964,-8.31475,-0.31886,0.32642
29965,-6.47042,-0.20645,0.26480
29966,-6.05680,-0.20419,0.25655
29967,-6.93539,-0.21548,0.27201
29968,-0.87669,-0.05884,0.72362
29969,-1.66058,-0.06350,0.70395
29970,-1.86490,-0.06738,0.70077
29971,-2.88740,-0.07339,0.67027
29972,-5.47526,-0.20724,0.36050
29973,-5.79353,-0.21343,0.38176
29974,-1.73407,-0.03144,0.37093
29975,-2.09695,-0.03761,0.37870
29976,-5.83817,0.00984,0.06038
29977,-5.25327,0.01127,0.06719
29978,-6.25717,0.00891,0.05588
29979,-1.29588,0.13266,0.76432
29980,-3.28384,-0.10234,0.65551
29981,6.19736,0.24141,0.69572
29982,7.36038,0.25562,0.67907
29983,-1.71032,-0.12805,0.72591
29984,-2.74101,0.05237,0.11534
29985,10.05173,-0.08970,0.84467
29986,4.79983,-0.12771,0.80544
29987,10.33740,0.33102,0.62795
29988,1.09517,0.03361,0.66248
29989,1.18566,0.03643,0.67660
29990,-7.94575,-0.26543,0.50975
29991,-7.59402,-0.25353,0.51001
29992,-11.20235,0.02579,0.05647
29993,-12.01884,0.02020,0.04893
29994,-12.29246,0.01859,0.04656
29995,0.33191,0.01051,0.56269
29996,-7.24959,-0.13587,0.55502
29997,-12.13196,-0.37446,0.56853
29998,-11.85678,-0.36757,0.57994
29999,4.39899,0.22005,0.25998
30000,-3.47894,-0.08074,0.65511
30001,1.77885,0.06059,0.45198
30002,6.64277,-0.09927,0.81152
30003,-3.02048,-0.05165,0.43995
30004,0.01215,0.01576,0.17714
30005,-12.91524,-0.30069,0.51223
30006,0.74568,0.03593,0.80787
30007,-9.50237,-0.18943,0.54436
30008,-9.13934,-0.18559,0.56516
30009,5.77113,0.19269,0.49946
30010,-7.25062,0.03960,0.07719
30011,-4.80016,-0.18825,0.33754
30012,-0.64551,-0.08679,0.19303
30013,-0.27945,-0.08066,0.18155
30014,10.47299,0.27336,0.34403
30015,19.24862,-0.03919,0.90879
30016,-2.40602,0.00117,0.03382
30017,-2.05425,0.00130,0.03908
30018,-2.46077,0.00041,0.01857
30019,0.13317,-0.00374,0.14720
30020,0.23963,-0.00420,0.13556
30021,-4.30341,-0.13637,0.67025
30022,0.72588,0.02255,0.60709
30023,1.03470,0.03223,0.60186
30024,5.66985,0.26385,0.26194
30025,1.28317,-0.13654,0.15659
30026,13.49650,0.35954,0.53246
30027,0.49396,-0.10474,0.16511
30028,7.46911,0.26684,0.27456
30029,7.18124,0.26459,0.26984
30030,11.25112,0.24269,0.54202
30031,10.74671,0.23361,0.56139
30032,11.38468,0.24932,0.54589
30033,11.63888,0.25196,0.52867
30034,-8.57522,-0.18469,0.36026
30035,-12.95312,-0.38187,0.55253
30036,-12.74994,-0.37471,0.56446
30037,-13.01446,-0.38096,0.55161
30038,-12.45621,-0.36681,0.57742
30039,4.26219,0.23131,0.24362
30040,-13.37552,-0.37822,0.42810
30041,7.41664,0.27159,0.69319
30042,-7.73319,-0.30326,0.29101
30043,12.91650,0.34312,0.40736
30044,1.12143,0.08649,0.72740
30045,1.34630,0.08525,0.72321
30046,-1.02557,0.06947,0.76114
30047,2.64233,0.09674,0.70034
30048,-8.21566,0.05703,0.88831
30049,-10.55275,0.04209,0.90657
30050,-8.82735,0.04914,0.89706
30051,-7.11070,0.06853,0.87597
30052,1.25260,0.11427,0.73004
30053,5.07428,0.15400,0.67672
30054,6.13395,0.16388,0.65810
30055,4.51900,0.15057,0.68646
30056,2.77312,0.06358,0.65825
30057,5.42059,0.09790,0.41298
30058,5.71448,0.10358,0.41544
30059,0.95873,-0.02294,0.14280
30060,0.04153,0.00441,0.84021
30061,0.01972,0.00747,0.85056
30062,6.54149,-0.05326,0.09817
30063,5.72916,-0.06162,0.10674
30064,6.27570,-0.05733,0.10132
30065,7.43582,0.29966,0.30569
30066,7.22301,0.29533,0.29968
30067,8.96332,0.31388,0.30567
30068,9.13712,0.31867,0.30989
30069,9.60813,0.32441,0.31820
30070,9.66588,0.32749,0.32034
30071,-7.70113,-0.25946,0.67439
30072,-8.68197,-0.27457,0.65963
30073,-8.14376,-0.26815,0.66900
30074,-6.61281,-0.24290,0.68871
30075,-4.98031,-0.19147,0.23870
30076,-5.81168,-0.20275,0.25194
30077,-7.78889,-0.27894,0.40914
30078,-7.54306,-0.27015,0.40979
30079,-7.43175,-0.26895,0.39890
30080,-7.19918,-0.26105,0.39716
30081,-0.18240,0.00006,0.02915
30082,0.05965,-0.00001,0.01528
30083,-0.47769,0.00022,0.03415
30084,-0.49528,0.00007,0.01767
30085,2.90532,0.09299,0.55651
30086,2.48557,0.07918,0.56215
30087,3.28399,0.10504,0.56065
30088,2.93882,0.09350,0.56870
30089,-0.73360,-0.02971,0.21392
30090,-0.39661,0.03807,0.75369
30091,-2.43016,-0.09655,0.77196
30092,-2.02987,-0.08710,0.78395
30093,1.21125,0.17801,0.18767
30094,2.25067,0.19516,0.20098
30095,6.16368,0.27208,0.27907
30096,4.26491,-0.06530,0.10920
30097,3.52759,-0.07769,0.12066
30098,-1.76051,-0.03200,0.36643
30099,-1.48325,-0.02780,0.34706
30100,0.55892,-0.08425,0.16444
30101,6.57574,-0.06742,0.09904
30102,6.95272,-0.06332,0.09535
30103,5.37286,-0.08157,0.11148
30104,5.85477,-0.07577,0.10657
30105,8.39011,0.28039,0.66188
30106,7.80938,0.26666,0.67717
30107,8.06717,0.27097,0.66746
30108,8.58586,0.28627,0.65898
30109,2.58618,-0.07504,0.12846
30110,1.85344,-0.08625,0.14087
30111,-10.57026,0.00478,0.02264
30112,-10.11225,0.00779,0.03064
30113,-11.09911,0.00294,0.01674
30114,-0.30107,0.15268,0.16939
30115,8.15105,0.15928,0.40238
30116,8.35474,0.15975,0.42717
30117,13.02334,0.32346,0.53994
30118,12.70113,0.31462,0.55208
30119,2.57054,0.18087,0.20279
30120,1.30107,0.16169,0.18674
30121,2.66566,-0.08149,0.77767
30122,4.69561,-0.06865,0.79985
30123,2.76813,-0.07741,0.77944
30124,4.91264,-0.06989,0.80130
30125,2.94249,0.09258,0.59564
30126,3.94638,0.12457,0.60101
30127,-8.45457,-0.27583,0.63380
30128,-8.61442,-0.27965,0.61139
30129,-3.58827,-0.13956,0.33828
30130,-3.95628,-0.15208,0.34612
30131,1.54429,-0.13398,0.15372
30132,0.80017,-0.14582,0.16279
30133,1.87090,-0.12858,0.14971
30134,5.63267,-0.05091,0.09239
30135,-12.19813,-0.37839,0.55870
30136,-11.50960,-0.35803,0.59541
30137,1.16039,0.18289,0.77172
30138,3.99038,0.22039,0.73888
30139,11.77258,-0.00319,0.02312
30140,10.60678,-0.00644,0.03516
30141,13.15766,-0.00102,0.01146
30142,13.08066,-0.00098,0.01031
30143,14.19021,-0.05479,0.89218
30144,11.35569,-0.07119,0.87428
30145,12.85264,-0.06043,0.88612
30146,15.62639,-0.04879,0.89894
30147,-2.43675,-0.09341,0.76807
30148,-2.07325,-0.08244,0.77694
30149,-2.76683,-0.09937,0.75398
30150,-2.40449,-0.08808,0.76198
30151,13.67085,0.39397,0.47150
30152,13.74241,0.39157,0.47757
30153,-3.86612,0.01290,0.08217
30154,-3.43217,0.01147,0.85296
30155,-5.26251,0.12464,0.81055
30156,-7.49503,0.10758,0.82662
30157,-10.63120,-0.36085,0.44629
30158,-10.34992,-0.35466,0.43734
30159,-10.49045,-0.35636,0.45036
30160,-10.74702,-0.36466,0.44157
30161,-10.37161,-0.35670,0.42873
30162,13.75873,0.38288,0.50882
30163,13.67352,0.37716,0.51974
30164,13.54834,0.37569,0.53012
30165,13.83681,0.38575,0.48817
30166,-11.89551,-0.38894,0.45930
30167,-4.95056,-0.09533,0.35690
30168,-4.94157,-0.09736,0.34497
30169,-5.36121,-0.10178,0.37020
30170,-2.77720,0.08217,0.12938
30171,-5.99106,-0.19187,0.60231
30172,-6.20725,-0.19883,0.60800
30173,-1.41268,0.12355,0.15478
30174,-2.04699,0.11415,0.14759
30175,-0.88320,0.13154,0.16085
30176,-1.96025,0.11738,0.14873
30177,7.53954,0.30260,0.29623
30178,6.59678,0.28305,0.27828
30179,-13.46102,-0.32725,0.48270
30180,-4.32198,0.01343,0.05996
30181,-3.85042,0.01832,0.07167
30182,-4.78563,0.01107,0.05256
30183,-4.31925,0.01565,0.06405
30184,0.04660,-0.01394,0.17225
30185,9.33586,0.17911,0.47203
30186,9.12330,0.17375,0.47319
30187,-16.51343,0.04403,0.90460
30188,0.75825,0.08423,0.73308
30189,2.04393,0.09051,0.70981
30190,0.45722,0.08558,0.73859
30191,2.28580,0.09842,0.70865
30192,9.56169,-0.08136,0.86411
30193,6.57129,-0.10503,0.84104
30194,3.03182,0.18403,0.76581
30195,3.26445,0.19050,0.76143
30196,1.92011,0.16988,0.77984
30197,-0.61981,0.00233,0.08695
30198,-0.43801,0.00284,0.10472
30199,-0.56634,0.00357,0.10376
30200,-0.75557,0.00153,0.06814
30201,-0.52812,0.00138,0.07556
30202,11.38677,0.37246,0.49715
30203,11.41323,0.37041,0.51452
30204,8.13761,-0.03705,0.08146
30205,9.96667,-0.02472,0.06379
30206,6.91035,-0.04589,0.09345
30207,8.37414,-0.03405,0.07833
30208,-0.45488,-0.01905,0.79829
30209,-0.60563,-0.02329,0.78656
30210,-0.39721,-0.01505,0.78535
30211,4.91059,0.12596,0.27440
30212,5.63232,0.13404,0.29423
30213,5.79786,0.13372,0.30259
30214,6.20774,0.14040,0.31185
30215,6.33126,0.23968,0.36042
30216,6.56688,0.24762,0.36318
30217,7.93569,-0.03662,0.08161
30218,9.43408,-0.02627,0.06668
30219,11.62097,0.36433,0.57802
30220,11.43142,0.35959,0.58431
30221,-4.85141,0.05129,0.09733
30222,7.71322,0.15199,0.38708
30223,3.69414,0.11794,0.56812
30224,3.65746,0.11766,0.55221
30225,3.27857,0.10429,0.57250
30226,-5.16971,-0.08965,0.48022
30227,-5.16783,-0.08956,0.50760
30228,-4.97998,-0.08646,0.46278
30229,-13.45444,-0.39503,0.44875
30230,-13.54247,-0.39758,0.46105
30231,-3.85081,0.05127,0.88247
30232,-6.02744,-0.18740,0.26239
30233,-6.70235,-0.19375,0.27624
30234,-5.35244,-0.18017,0.24987
30235,0.96167,-0.01602,0.13325
30236,-1.28199,-0.03051,0.26781
30237,-8.30110,-0.27845,0.50250
30238,-8.57979,-0.28802,0.50055
30239,-8.40363,-0.28382,0.48984
30240,-8.32811,-0.27743,0.51623
30241,-8.58131,-0.28626,0.51295
30242,6.49142,-0.03299,0.07434
30243,5.92249,-0.04049,0.08333
30244,6.73776,-0.03252,0.07280
30245,5.13056,-0.05007,0.09464
30246,-0.66129,0.13964,0.75865
30247,0.61899,0.02915,0.26531
30248,-6.10878,0.05841,0.10257
30249,13.80102,-0.00390,0.02202
30250,13.75048,-0.00443,0.02375
30251,14.87113,-0.00141,0.01164
30252,14.97043,-0.00143,0.01149
30253,-13.19646,-0.37889,0.54735
30254,-0.47933,-0.07909,0.82651
30255,-1.55958,0.00348,0.07078
30256,-1.59272,0.00264,0.06236
30257,-1.81493,0.00330,0.06475
30258,-1.87582,0.00214,0.05264
30259,8.19983,-0.01421,0.88536
30260,7.55506,-0.01866,0.86989
30261,10.14316,-0.01168,0.90236
30262,7.10503,-0.01474,0.87733
30263,5.86475,-0.02038,0.85434
30264,8.85415,0.29449,0.65612
30265,8.15775,0.27900,0.67426
30266,9.11394,0.29966,0.64547
30267,2.03314,0.18278,0.19623
30268,11.77510,0.38076,0.50252
30269,20.70393,-0.01596,0.92257
30270,23.18691,-0.01246,0.93445
30271,26.40964,-0.00575,0.95775
30272,-5.12258,-0.10770,0.32140
30273,-5.40826,-0.11406,0.32365
30274,-5.49987,-0.11068,0.34248
30275,-10.07517,-0.32563,0.62514
30276,-10.29162,-0.33106,0.62127
30277,-10.11371,-0.32646,0.62046
30278,11.56319,0.24647,0.44971
30279,11.52566,0.24837,0.43727
30280,11.71216,0.24831,0.47351
30281,11.71622,0.25217,0.44875
30282,3.76827,0.07552,0.32796
30283,3.26182,0.06844,0.30838
30284,4.19467,0.08181,0.34419
30285,4.86801,0.21166,0.23429
30286,3.61337,0.19173,0.21668
30287,4.93511,0.21469,0.23517
30288,8.04704,0.30265,0.35651
30289,-7.14264,0.04570,0.08169
30290,-9.09001,0.02672,0.05941
30291,0.84131,-0.04371,0.15616
30292,-11.95613,-0.25866,0.50442
30293,-13.24309,0.00579,0.02297
30294,-13.97694,0.00297,0.01540
30295,-13.95467,0.00224,0.01247
30296,-12.46639,0.00991,0.03195
30297,-12.73420,0.00855,0.02965
30298,-0.92269,-0.16160,0.18897
30299,-1.52787,-0.17433,0.19839
30300,0.19519,-0.14111,0.17167
30301,-3.49676,-0.21459,0.73601
30302,1.46318,0.17257,0.19751
30303,1.82824,0.18090,0.20304
30304,2.39771,0.19133,0.21274
30305,2.66622,0.19804,0.21651
30306,-3.52338,-0.19295,0.24729
30307,-3.97225,-0.20454,0.25615
30308,-3.05943,-0.18498,0.23532
30309,-3.93766,-0.20143,0.25756
30310,2.67125,-0.11511,0.14085
30311,1.34554,-0.13347,0.15567
30312,3.83059,-0.09992,0.12833
30313,3.14826,-0.10917,0.13562
30314,2.76996,-0.00936,0.06266
30315,2.36804,-0.01335,0.07718
30316,2.87025,-0.01078,0.06543
30317,2.54277,-0.00918,0.06459
30318,1.22540,-0.03838,0.12973
30319,0.89309,-0.04250,0.14035
30320,2.06046,0.05659,0.68124
30321,1.45184,0.04985,0.69899
30322,1.20627,0.04991,0.70879
30323,0.87892,0.14306,0.79913
30324,1.99428,0.16008,0.78359
30325,-0.74741,0.10200,0.16179
30326,-1.78166,0.09027,0.14895
30327,-0.35151,0.06043,0.16137
30328,-11.84700,0.00261,0.01492
30329,-12.09996,0.00205,0.01277
30330,-2.31894,-0.19482,0.20864
30331,-2.92672,-0.20611,0.21878
30332,-3.46063,-0.21601,0.22831
30333,-8.47200,-0.23030,0.30512
30334,-8.48818,-0.23441,0.30337
30335,9.70228,0.25865,0.32672
30336,5.63647,-0.09111,0.85454
30337,4.04545,-0.10447,0.84142
30338,4.89765,-0.09291,0.85199
30339,2.49573,-0.13373,0.77811
30340,5.10520,-0.11490,0.80047
30341,5.02821,-0.11365,0.79920
30342,0.38713,-0.15213,0.75906
30343,2.17393,-0.13835,0.77627
30344,13.80119,0.38831,0.48734
30345,13.47969,0.37406,0.53380
30346,4.81890,-0.08655,0.11824
30347,2.56874,0.10145,0.32679
30348,4.86673,0.20920,0.29858
30349,5.30592,0.21905,0.31363
30350,5.05760,0.21049,0.31023
30351,4.53653,0.20320,0.28616
30352,-6.74459,-0.17935,0.28688
30353,-7.42939,-0.18819,0.30239
30354,-6.21331,-0.27194,0.28341
30355,-6.65163,-0.28105,0.29399
30356,9.14005,0.29887,0.65927
30357,8.73328,0.29046,0.66599
30358,8.94003,0.29629,0.66339
30359,6.78104,-0.11320,0.82218
30360,8.42061,-0.10104,0.83318
30361,2.45229,-0.14871,0.78747
30362,4.31748,-0.13276,0.80373
30363,6.08379,0.12342,0.34649
30364,5.88062,0.11966,0.34249
30365,6.31226,0.12375,0.36557
30366,-7.96097,0.00314,0.02938
30367,-9.13049,0.00090,0.01338
30368,-7.97518,0.00247,0.02608
30369,-4.71168,0.12862,0.81362
30370,-7.00549,0.10962,0.83165
30371,-5.91503,0.11894,0.82164
30372,-0.06576,0.01739,0.16383
30373,-0.03754,0.01496,0.16607
30374,-1.55866,-0.10892,0.80194
30375,1.79455,0.09476,0.24879
30376,-1.81366,-0.10014,0.24358
30377,-1.50783,-0.09659,0.22775
30378,13.67633,0.39475,0.48020
30379,-13.02845,-0.33935,0.41459
30380,-13.22454,-0.33978,0.42637
30381,-12.93024,-0.33373,0.41147
30382,-12.93236,-0.34240,0.40776
30383,-13.32792,-0.34497,0.42983
30384,-7.55996,0.01676,0.06563
30385,12.12921,0.37255,0.57187
30386,3.86995,0.08664,0.29291
30387,3.76093,0.08743,0.28362
30388,4.22196,0.08947,0.31086
30389,-0.96955,-0.11888,0.18468
30390,0.31448,0.17574,0.77575
30391,-0.62130,0.16608,0.78319
30392,1.45554,-0.04890,0.13177
30393,1.07404,-0.05651,0.14285
30394,5.47454,0.20415,0.24521
30395,4.16775,0.18187,0.22614
30396,-8.88147,-0.32413,0.37618
30397,-8.73241,-0.31938,0.37654
30398,-9.20308,-0.33002,0.39278
30399,-8.58443,-0.31815,0.36377
30400,-9.10808,-0.26108,0.64366
30401,-8.07320,-0.24484,0.65991
30402,-9.64010,-0.26585,0.63279
30403,10.37144,0.33706,0.55224
30404,-0.46712,0.10433,0.16528
30405,-0.29497,0.10481,0.16753
30406,0.71196,0.11742,0.18079
30407,-0.53023,0.10557,0.16445
30408,1.02371,0.07076,0.19533
30409,0.70128,0.06545,0.18905
30410,1.49145,0.07765,0.20445
30411,-2.06690,-0.19265,0.76452
30412,7.24609,0.14470,0.37031
30413,6.65437,0.13797,0.34429
30414,0.10376,-0.01670,0.86054
30415,2.93170,-0.00320,0.03743
30416,2.93068,0.06907,0.27655
30417,2.44022,0.06387,0.25693
30418,2.49856,0.06225,0.26459
30419,12.30778,0.39458,0.42898
30420,-1.33384,0.12220,0.76320
30421,0.96795,0.13969,0.73912
30422,-9.39572,-0.30632,0.56583
30423,-9.59026,-0.31340,0.55515
30424,-9.44436,-0.30922,0.55160
30425,-2.72386,0.00332,0.03852
30426,-2.34565,0.00503,0.05060
30427,3.88214,0.19897,0.25695
30428,1.62762,-0.00669,0.93085
30429,1.16262,-0.00766,0.91894
30430,1.28157,-0.00486,0.93335
30431,1.44726,-0.01026,0.91611
30432,9.55948,0.34273,0.33653
30433,10.12059,0.35313,0.34851
30434,10.20556,0.35592,0.35385
30435,9.32290,0.33725,0.32907
30436,12.53379,0.39177,0.41557
30437,12.37214,0.38807,0.40632
30438,9.38900,0.34093,0.33769
30439,9.31701,0.33989,0.33851
30440,8.67623,0.32641,0.32184
30441,-10.91297,0.01670,0.94142
30442,12.56195,0.29097,0.53014
30443,0.37519,-0.02861,0.75667
30444,0.28352,-0.02339,0.75639
30445,-4.66415,-0.08346,0.56544
30446,-2.91402,0.00655,0.06981
30447,-2.34886,0.00906,0.08658
30448,7.34876,0.29880,0.29423
30449,7.99409,0.31220,0.30678
30450,8.10109,0.31462,0.31077
30451,6.78927,0.28709,0.28336
30452,2.02130,-0.06960,0.13277
30453,-2.43864,-0.08184,0.47443
30454,-2.59828,-0.08651,0.48711
30455,-2.24554,-0.07603,0.46075
30456,-2.02064,-0.06780,0.47375
30457,-11.09672,-0.34276,0.61681
30458,-6.14381,-0.26789,0.28691
30459,-5.57614,-0.25592,0.27385
30460,-5.64538,-0.25570,0.24932
30461,-5.11321,-0.24475,0.24063
30462,-0.09159,0.00725,0.16284
30463,-0.24610,0.00738,0.14790
30464,0.02045,0.00809,0.17797
30465,-0.00934,0.00969,0.17444
30466,7.10612,-0.03733,0.83784
30467,1.82331,-0.06712,0.77058
30468,7.51573,0.25437,0.48474
30469,7.74144,0.26093,0.49226
30470,7.45171,0.25032,0.49740
30471,2.03930,0.18454,0.19655
30472,0.02531,0.15357,0.17178
30473,2.77327,-0.10472,0.13963
30474,-5.33070,-0.17950,0.48498
30475,-5.79060,-0.19468,0.48969
30476,7.36505,0.26252,0.69226
30477,5.16588,0.08964,0.50262
30478,9.56756,0.30843,0.65210
30479,10.03131,0.31832,0.64268
30480,-2.26679,0.11482,0.82968
30481,-10.11121,0.00601,0.02754
30482,-10.79391,0.00294,0.01816
30483,-7.76154,-0.27311,0.68534
30484,-9.53186,-0.31195,0.64076
30485,-13.37042,-0.33772,0.52948
30486,-13.45328,-0.34262,0.52698
30487,-13.11424,-0.33460,0.54548
30488,-13.63650,-0.34956,0.51537
30489,1.36618,-0.01851,0.12757
30490,0.72473,-0.02262,0.14868
30491,-2.78356,-0.09191,0.72913
30492,-2.53490,-0.08403,0.73420
30493,-2.58728,-0.08790,0.74231
30494,13.38381,0.39919,0.45985
30495,13.52451,0.39863,0.47329
30496,5.90308,0.25705,0.29044
30497,5.23281,0.24204,0.27493
30498,6.27065,0.20218,0.65325
30499,6.60683,0.21297,0.64379
30500,-2.64893,0.09645,0.13476
30501,-2.42467,0.10182,0.13845
30502,0.04049,0.07578,0.74364
30503,0.66040,-0.13765,0.16470
30504,0.07541,-0.14665,0.17317
30505,-3.32761,-0.13367,0.32200
30506,-3.63167,-0.14208,0.33569
30507,0.76128,-0.00317,0.06777
30508,0.59704,-0.00393,0.08112
30509,0.66224,-0.00214,0.06098
30510,1.56007,0.19074,0.76179
30511,3.42944,0.21401,0.74169
30512,0.60798,-0.02564,0.87267
30513,0.46818,-0.02251,0.87167
30514,0.31612,-0.02629,0.86367
30515,3.51893,0.12901,0.37735
30516,3.74393,0.13681,0.38068
30517,3.55519,0.12876,0.38802
30518,-11.66650,-0.27366,0.39668
30519,-11.79155,-0.27900,0.39740
30520,3.56691,0.11168,0.62172
30521,4.02595,0.12671,0.61315
30522,3.62259,-0.02665,0.08519
30523,4.08761,-0.02391,0.07816
30524,-0.36856,0.00213,0.07734
30525,-7.53516,-0.24337,0.60935
30526,-7.78467,-0.25196,0.59649
30527,-7.52660,-0.24330,0.59648
30528,-7.54084,-0.24369,0.61967
30529,-7.87966,-0.25495,0.60655
30530,3.66362,0.20565,0.21761
30531,6.84076,0.24872,0.70140
30532,7.47735,0.26369,0.68893
30533,-0.73533,-0.08448,0.18542
30534,0.28562,-0.07291,0.16837
30535,-4.94992,-0.17176,0.44014
30536,-5.08819,-0.17457,0.45590
30537,-2.07163,0.00305,0.04265
30538,-2.38278,0.00312,0.04043
30539,-2.03571,0.00496,0.05407
30540,14.34428,-0.00785,0.02948
30541,14.49342,-0.00677,0.02680
30542,16.47764,-0.00219,0.01341
30543,-2.35647,0.04034,0.78940
30544,-1.52632,0.04176,0.77591
30545,5.42436,0.24448,0.24391
30546,4.40447,0.22665,0.22900
30547,-7.39059,-0.20806,0.65535
30548,-7.98337,-0.21917,0.64793
30549,-2.91754,-0.14858,0.25759
30550,-3.28061,-0.15766,0.26857
30551,-2.55072,-0.14478,0.24217
30552,-0.37595,0.08033,0.83773
30553,0.14091,0.09056,0.82746
30554,-11.92066,-0.37844,0.53683
30555,-12.06202,-0.38157,0.53430
30556,-12.03625,-0.38315,0.52270
30557,7.42022,-0.01586,0.06485
30558,7.82844,-0.01495,0.06163
30559,10.53213,0.21770,0.42982
30560,10.26583,0.21490,0.41110
30561,10.44678,0.21104,0.45092
30562,10.65498,0.21710,0.45067
30563,-12.76466,0.01179,0.03821
30564,-11.93441,0.01633,0.04643
30565,-14.57568,0.00572,0.02431
30566,-15.33899,0.00260,0.01504
30567,4.80696,-0.08186,0.11382
30568,3.03134,-0.10605,0.13472
30569,-19.31570,0.02151,0.90979
30570,7.19965,0.21856,0.66537
30571,-10.41437,0.00419,0.02887
30572,-11.02869,0.00356,0.02536
30573,-11.26268,0.00220,0.01925
30574,4.33809,0.15264,0.41997
30575,4.69481,0.16515,0.42173
30576,-5.54830,-0.10875,0.35502
30577,-4.69160,-0.10068,0.31069
30578,5.73795,-0.02680,0.84135
30579,8.21817,-0.01849,0.87410
30580,10.06844,-0.01431,0.89390
30581,-5.88526,-0.26504,0.27607
30582,-0.25617,-0.00411,0.44850
30583,-0.08630,-0.00132,0.42789
30584,5.35035,-0.02532,0.08883
30585,5.52309,-0.02546,0.08794
30586,-6.95468,-0.22381,0.62049
30587,-6.93501,-0.22311,0.60971
30588,-7.24030,-0.23340,0.60992
30589,-9.35023,0.01669,0.05751
30590,-7.89263,0.02503,0.07348
30591,4.90384,0.24179,0.25942
30592,4.94351,0.24159,0.26157
30593,4.36802,0.22956,0.24985
30594,6.52335,-0.06782,0.10073
30595,6.17170,-0.07145,0.10436
30596,7.95796,-0.05289,0.08678
30597,5.03382,-0.08477,0.11585
30598,-6.99324,-0.23894,0.68561
30599,18.31282,-0.04559,0.89726
30600,12.72529,0.30229,0.43007
30601,4.16823,0.21124,0.71764
30602,6.17303,0.23464,0.69285
30603,-4.00208,0.13022,0.79444
30604,-6.58118,0.11031,0.81421
30605,-6.51593,-0.28070,0.28357
30606,5.85636,0.17389,0.26445
30607,5.74534,0.17027,0.26362
30608,6.53542,0.18116,0.27881
30609,5.81874,0.17568,0.26248
30610,5.01379,0.16418,0.24844
30611,9.78902,-0.02324,0.92979
30612,10.90199,-0.01738,0.94041
30613,11.39044,-0.01881,0.93826
30614,8.21196,-0.03018,0.91777
30615,9.56513,-0.02050,0.93355
30616,-2.36586,0.13339,0.77628
30617,-4.35126,0.11973,0.79380
30618,-4.55444,0.11572,0.79481
30619,13.44274,0.34168,0.52511
30620,13.60933,0.34927,0.51526
30621,-5.42761,-0.18553,0.46288
30622,-5.51357,-0.18685,0.47611
30623,-5.80314,-0.19738,0.47190
30624,1.35486,0.14501,0.20124
30625,-5.85522,-0.18714,0.64197
30626,-5.77813,0.04474,0.10040
30627,-11.41792,-0.31011,0.35934
30628,-11.22981,-0.31051,0.35332
30629,-10.77557,-0.29896,0.34290
30630,-10.74851,-0.30143,0.34143
30631,6.64236,0.23916,0.70299
30632,6.35326,0.23113,0.70826
30633,7.32190,0.25435,0.68779
30634,-1.48079,-0.16858,0.74039
30635,-1.97324,-0.17132,0.73445
30636,11.35992,0.36489,0.54316
30637,11.36399,0.36958,0.51296
30638,15.79483,-0.00169,0.01002
30639,15.84473,-0.00202,0.01160
30640,1.73592,0.02919,0.47252
30641,1.96922,0.03302,0.48519
30642,-0.93913,-0.11217,0.18523
30643,-2.34563,-0.13002,0.20554
30644,0.19934,-0.09941,0.16952
30645,2.79455,0.11112,0.32433
30646,2.67434,0.10910,0.31276
30647,-0.40594,0.12535,0.16806
30648,4.96535,0.24476,0.23994
30649,5.58864,-0.02239,0.06706
30650,6.81578,-0.01437,0.05053
30651,-5.80805,-0.26556,0.26966
30652,-6.20529,-0.27358,0.27872
30653,-5.37019,-0.25661,0.26059
30654,12.83525,-0.01153,0.03500
30655,10.42779,-0.02763,0.05828
30656,-1.36169,0.00760,0.07638
30657,-3.60557,0.09841,0.12799
30658,-0.20961,-0.01943,0.83626
30659,-0.30734,-0.02534,0.83245
30660,-0.39361,-0.02244,0.82060
30661,-0.08596,-0.01399,0.84521
30662,-10.74603,-0.35206,0.52122
30663,-10.62358,-0.35016,0.51051
30664,-10.50127,-0.34489,0.52232
30665,6.41096,0.25944,0.25857
30666,6.03281,0.25416,0.25299
30667,-1.66554,0.01358,0.08768
30668,-12.23262,0.00296,0.02031
30669,-11.84430,0.00601,0.03103
30670,-13.41899,0.00188,0.01513
30671,-9.28674,0.02525,0.06652
30672,-0.03847,-0.00579,0.18481
30673,-0.11456,-0.00823,0.19499
30674,3.82558,0.09251,0.27692
30675,3.41899,0.08632,0.26681
30676,4.09944,0.09324,0.29155
30677,3.83562,0.09471,0.27307
30678,4.61233,-0.09031,0.12002
30679,4.12991,-0.09661,0.12507
30680,-1.46382,-0.02556,0.40462
30681,-1.27350,-0.02269,0.38646
30682,-3.01794,-0.15131,0.71313
30683,-2.52247,-0.14992,0.72035
30684,-4.39898,-0.16382,0.69443
30685,-11.77589,-0.28424,0.39096
30686,-11.32701,-0.27969,0.37319
30687,-12.23797,-0.29016,0.41141
30688,-6.96988,0.06134,0.09370
30689,-8.00665,0.05000,0.08280
30690,1.68185,-0.11369,0.15144
30691,-3.71840,-0.08024,0.30105
30692,-3.35611,-0.07454,0.29105
30693,-3.06617,-0.07309,0.27361
30694,-3.76319,-0.07837,0.31251
30695,3.90848,0.09806,0.66423
30696,4.54331,0.10143,0.64390
30697,-9.31984,-0.33793,0.32983
30698,-9.79785,-0.34694,0.33991
30699,2.78126,0.12644,0.27924
30700,3.02636,0.13092,0.29334
30701,2.66612,0.11980,0.28173
30702,2.86725,0.13159,0.27718
30703,3.12025,0.13668,0.28988
30704,-4.40173,-0.19655,0.22824
30705,-3.47003,-0.18143,0.21534
30706,3.18928,0.17055,0.25031
30707,5.63521,0.22747,0.72501
30708,5.25383,0.22236,0.73141
30709,4.85706,0.15354,0.64234
30710,5.19428,0.16467,0.63518
30711,-2.52187,-0.17119,0.22512
30712,6.51630,-0.06695,0.09868
30713,6.15638,-0.07136,0.10262
30714,-0.45137,0.05902,0.16550
30715,9.17985,0.31074,0.48105
30716,9.34933,0.31422,0.49262
30717,9.23794,0.31436,0.47114
30718,9.49144,0.32034,0.48319
30719,0.81589,-0.02582,0.12955
30720,-3.70208,0.13798,0.80280
30721,0.17196,-0.06119,0.17010
30722,6.73982,0.12666,0.56720
30723,7.01611,0.23867,0.68410
30724,7.23722,0.24550,0.68016
30725,6.78893,0.23592,0.69371
30726,7.65490,0.25492,0.66580
30727,5.03283,0.22834,0.73209
30728,4.03909,0.21340,0.74563
30729,6.74819,-0.00923,0.05490
30730,6.31428,-0.01234,0.06381
30731,5.47573,-0.01562,0.07505
30732,7.52510,-0.00564,0.04133
30733,8.24227,-0.00423,0.03422
30734,2.19107,-0.09613,0.14535
30735,1.49000,-0.10315,0.15348
30736,-5.26970,-0.21571,0.24001
30737,-5.79904,-0.26330,0.25486
30738,-8.35981,-0.28575,0.46928
30739,-8.60868,-0.29256,0.47806
30740,-8.59949,-0.29390,0.46889
30741,-8.23072,-0.27998,0.47738
30742,-8.47782,-0.28722,0.48381
30743,2.80206,0.04979,0.57924
30744,-8.23617,0.00347,0.03022
30745,-9.19031,0.00176,0.01966
30746,-9.20394,0.00108,0.01397
30747,-8.83586,-0.18686,0.58682
30748,-8.71075,-0.28503,0.63804
30749,-4.31666,-0.14703,0.46245
30750,-4.15928,-0.14279,0.45069
30751,-3.80247,-0.13095,0.44488
30752,1.02722,-0.00342,0.08339
30753,0.86368,-0.00286,0.08317
30754,1.16355,-0.00216,0.06581
30755,0.80722,-0.00432,0.09867
30756,-8.31316,-0.15480,0.50266
30757,-7.94538,-0.14750,0.52287
30758,-1.49336,-0.09122,0.19912
30759,1.85742,-0.00660,0.08470
30760,1.45072,-0.00906,0.10302
30761,-8.07254,-0.26181,0.58947
30762,-8.54618,-0.27760,0.58720
30763,6.33143,-0.10680,0.81006
30764,6.20464,-0.10919,0.80954
30765,8.96917,-0.09050,0.82995
30766,3.60632,-0.12777,0.78851
30767,-2.60213,-0.04399,0.52925
30768,3.08355,0.17948,0.76695
30769,3.25496,0.17911,0.76522
30770,3.88715,0.18726,0.75560
30771,-5.80040,-0.20966,0.39882
30772,-5.50457,-0.20012,0.39240
30773,-5.63358,-0.20233,0.40458
30774,-5.22985,-0.19249,0.38082
30775,-5.26601,-0.19076,0.39499
30776,8.50889,0.28037,0.53801
30777,8.29352,0.27227,0.54700
30778,8.21942,0.27100,0.53612
30779,8.68428,0.28518,0.54671
30780,8.46981,0.27753,0.55252
30781,-2.27140,-0.15332,0.20038
30782,-1.51901,-0.14222,0.19059
30783,-1.10510,-0.13825,0.18508
30784,-1.43835,-0.13970,0.18969
30785,-6.61597,0.04046,0.09193
30786,-5.57427,0.04780,0.10306
30787,-0.57458,0.00019,0.01946
30788,-0.29187,0.00010,0.02029
30789,-0.41204,0.00005,0.01013
30790,-0.66888,0.00044,0.02838
30791,-2.56165,0.03076,0.10029
30792,-1.24809,-0.03150,0.25698
30793,20.77430,-0.02799,0.90761
30794,26.12752,-0.01453,0.93744
30795,-7.23991,-0.29404,0.30701
30796,-6.88030,-0.28529,0.30112
30797,-7.56880,-0.30191,0.31211
30798,0.26649,0.13827,0.17898
30799,-3.26341,0.02056,0.10170
30800,10.23644,-0.00907,0.04174
30801,9.61106,-0.01234,0.04984
30802,8.89563,-0.01493,0.05677
30803,11.47296,-0.00449,0.02729
30804,10.95828,-0.00675,0.03463
30805,-6.32114,-0.20304,0.64056
30806,-6.58998,-0.21232,0.64128
30807,-9.32778,-0.31534,0.48332
30808,-9.06197,-0.30722,0.48043
30809,-9.26263,-0.31136,0.49458
30810,-9.36268,-0.31807,0.47416
30811,-9.12666,-0.31117,0.47016
30812,-0.50486,-0.15401,0.18225
30813,0.30030,-0.13984,0.16994
30814,-0.48344,-0.15511,0.18171
30815,4.73349,-0.03447,0.10176
30816,6.01586,-0.02583,0.08468
30817,5.50475,-0.03039,0.09256
30818,4.61615,-0.03387,0.10225
30819,5.94072,-0.02480,0.08413
30820,-0.83025,0.03745,0.15446
30821,-0.33641,0.04319,0.16683
30822,2.92534,-0.11376,0.13786
30823,2.43668,-0.12090,0.14346
30824,3.35005,0.16170,0.26773
30825,3.47009,0.16739,0.26806
30826,2.95215,0.15141,0.25632
30827,2.49555,0.20098,0.20506
30828,2.10474,0.19371,0.19949
30829,-1.72558,-0.17654,0.19224
30830,-1.57715,-0.17212,0.19029
30831,-0.32096,-0.15332,0.17501
30832,2.13799,0.10317,0.78797
30833,-1.62296,-0.13561,0.21149
30834,-2.01779,-0.14731,0.21969
30835,0.35428,-0.04949,0.15889
30836,0.20997,-0.05416,0.16479
30837,0.55392,-0.04909,0.15248
30838,0.34922,-0.04604,0.15812
30839,0.03253,-0.05428,0.17134
30840,8.31456,-0.01326,0.04459
30841,7.85183,-0.01823,0.05323
30842,0.84063,-0.02157,0.12361
30843,1.09974,-0.02042,0.11398
30844,1.09751,-0.01666,0.10771
30845,11.06955,0.24474,0.40491
30846,11.33367,0.24631,0.42355
30847,10.97481,0.24013,0.40746
30848,13.29051,0.36697,0.42200
30849,-2.36168,0.00441,0.04782
30850,-2.18571,0.00627,0.05806
30851,-2.59850,0.00330,0.03978
30852,2.76063,-0.02239,0.90758
30853,2.20140,-0.02784,0.89526
30854,1.66805,-0.03344,0.88336
30855,13.11141,0.38005,0.54818
30856,12.69764,0.36935,0.56853
30857,8.76936,0.16518,0.49752
30858,-9.33141,0.06029,0.83653
30859,-0.06936,-0.10226,0.17294
30860,-1.09815,-0.11399,0.18733
30861,13.74283,0.36873,0.51395
30862,6.18996,-0.04709,0.82189
30863,7.22329,-0.04572,0.83052
30864,-9.47770,-0.31824,0.49466
30865,-9.16847,-0.30641,0.50676
30866,11.04783,0.25066,0.56944
30867,10.61130,0.24148,0.58009
30868,11.30091,0.25222,0.55739
30869,-2.02931,-0.18249,0.77265
30870,-7.62919,0.00908,0.05008
30871,-6.03762,0.01483,0.06921
30872,11.06543,0.37353,0.43335
30873,-5.02958,-0.24619,0.25982
30874,2.77470,0.16525,0.23697
30875,3.22662,0.17449,0.24892
30876,2.89045,0.16457,0.24207
30877,-12.59904,-0.29045,0.52552
30878,-12.98669,-0.30283,0.50608
30879,-12.12911,-0.28088,0.54785
30880,3.51142,-0.02102,0.91501
30881,2.89416,-0.02724,0.90199
30882,2.65147,-0.02490,0.90322
30883,4.21856,-0.01927,0.92167
30884,3.60875,-0.02602,0.90825
30885,-12.92202,-0.39019,0.53750
30886,-12.89926,-0.39179,0.53318
30887,-12.77088,-0.38657,0.54648
30888,1.03819,-0.04096,0.86848
30889,1.46467,-0.02998,0.88424
30890,-16.83801,0.04651,0.89997
30891,-19.44325,0.03442,0.91644
30892,-18.44459,0.04036,0.90761
30893,2.56833,-0.09043,0.14095
30894,3.95012,-0.07543,0.12546
30895,3.52601,-0.08120,0.13029
30896,5.42860,-0.03449,0.09666
30897,4.71632,-0.04085,0.10650
30898,4.13509,-0.04362,0.11298
30899,16.02911,-0.03907,0.91226
30900,19.52589,-0.02479,0.93231
30901,13.92615,-0.04823,0.90090
30902,1.45279,-0.12723,0.15412
30903,2.48377,-0.11380,0.14270
30904,14.07006,-0.02411,0.93221
30905,0.25559,-0.01303,0.14119
30906,0.17742,-0.01089,0.14536
30907,0.38128,-0.01311,0.13160
30908,-9.05628,-0.17902,0.55019
30909,-9.49615,-0.18556,0.52328
30910,-2.38966,-0.19752,0.20928
30911,-1.75599,-0.18594,0.19939
30912,-0.40703,-0.13825,0.18185
30913,10.73987,0.36499,0.43807
30914,-11.69172,-0.35640,0.59866
30915,0.90245,0.02765,0.65569
30916,0.17197,0.00519,0.64999
30917,0.45642,0.01396,0.64280
30918,13.64723,0.34131,0.47544
30919,13.59879,0.34469,0.45648
30920,13.55019,0.33990,0.45752
30921,-1.86671,-0.14990,0.19479
30922,2.10435,0.09895,0.26959
30923,2.12744,0.10267,0.26436
30924,4.40476,0.21520,0.22768
30925,5.22575,0.22839,0.23948
30926,5.23237,0.23006,0.23961
30927,21.30310,-0.01715,0.92237
30928,13.79934,0.38055,0.50479
30929,7.12040,0.24775,0.44319
30930,6.92602,0.24316,0.43157
30931,-6.59469,0.01507,0.05257
30932,9.43233,-0.01150,0.04928
30933,5.77310,0.23286,0.24744
30934,4.91202,0.21769,0.23477
30935,3.10155,-0.00916,0.07822
30936,3.20002,0.10310,0.54558
30937,-4.72113,-0.22773,0.23238
30938,-5.03944,-0.23152,0.23677
30939,-8.28900,0.01674,0.93784
30940,-3.33748,-0.14131,0.22102
30941,-3.30732,-0.14288,0.21995
30942,3.13690,0.10498,0.73036
30943,4.81858,-0.00793,0.06050
30944,5.76057,-0.00443,0.04223
30945,5.27349,-0.00726,0.05562
30946,-4.85357,-0.20991,0.29700
30947,-4.92996,-0.21464,0.29476
30948,-2.95234,-0.20009,0.20842
30949,-3.88547,-0.21599,0.22112
30950,-4.02556,-0.21683,0.22280
30951,-3.31572,-0.20762,0.21349
30952,3.30222,0.06291,0.61189
30953,13.52949,0.38494,0.52535
30954,13.58251,0.38936,0.51607
30955,-3.40389,-0.14921,0.21997
30956,-3.33168,-0.14656,0.21934
30957,0.60948,0.11353,0.18772
30958,0.66719,-0.04033,0.15903
30959,-5.11273,-0.20139,0.33599
30960,7.72984,0.25570,0.67131
30961,-7.09342,-0.17241,0.30578
30962,-6.35021,-0.16351,0.28742
30963,-4.03288,-0.22248,0.24342
30964,-3.46545,-0.20930,0.23374
30965,-8.42027,-0.29539,0.29234
30966,-9.04543,-0.30501,0.30382
30967,-8.26973,-0.28969,0.28895
30968,-8.43942,-0.29780,0.29323
30969,-9.36651,-0.31351,0.31070
30970,-5.85749,0.05645,0.09504
30971,-5.24207,0.06291,0.10206
30972,-10.72041,-0.36071,0.46365
30973,-10.98550,-0.36705,0.46837
30974,-10.66101,-0.35756,0.47265
30975,6.90846,0.23332,0.26700
30976,5.96081,0.21783,0.25182
30977,8.07944,0.24819,0.28817
30978,7.67943,0.24428,0.28046
30979,6.43788,-0.01701,0.05588
30980,6.52289,-0.01811,0.05710
30981,5.62825,-0.02380,0.06840
30982,5.79704,-0.02396,0.06782
30983,-11.41861,-0.37263,0.50393
30984,-11.58418,-0.37661,0.50347
30985,-11.45565,-0.37551,0.49072
30986,4.85184,-0.00911,0.04772
30987,4.95457,-0.00686,0.04128
30988,5.44562,-0.00545,0.03511
30989,1.65884,0.02837,0.54335
30990,-13.54041,-0.37094,0.43603
30991,-13.58195,-0.36883,0.43945
30992,-9.45771,-0.32992,0.31916
30993,-1.18237,-0.02153,0.60096
30994,12.99291,0.36887,0.40894
30995,12.64796,0.36784,0.39615
30996,1.11967,-0.14094,0.15899
30997,2.01581,-0.12718,0.14839
30998,1.12094,-0.14088,0.15891
30999,6.30173,0.11680,0.56796
31000,10.09585,-0.03080,0.06581
31001,3.08499,-0.14373,0.79879
31002,2.87209,0.17485,0.23468
31003,3.27264,0.18522,0.24288
31004,6.36310,-0.00068,0.00992
31005,6.03397,-0.00184,0.01849
31006,6.50702,-0.00079,0.01058
31007,5.69049,-0.00209,0.02079
31008,-7.45132,0.10239,0.84170
31009,-9.90517,0.08250,0.86204
31010,-7.48436,0.10042,0.84434
31011,5.10519,0.23142,0.73006
31012,6.24925,0.24981,0.71298
31013,-1.57199,0.14282,0.77033
31014,0.11690,0.15651,0.75418
31015,0.55300,0.16229,0.75055
31016,-9.28667,-0.32369,0.43174
31017,-9.49018,-0.32978,0.43335
31018,-9.30384,-0.32233,0.44086
31019,-3.16833,0.07122,0.13148
31020,6.14569,0.17902,0.66798
31021,5.41491,0.16776,0.67785
31022,7.78543,0.19747,0.63989
31023,15.72810,-0.00220,0.01275
31024,5.56407,0.25338,0.24796
31025,6.01150,0.26264,0.25545
31026,5.07805,0.24588,0.24114
31027,6.29235,0.26597,0.25915
31028,5.60767,-0.02975,0.07538
31029,6.11958,-0.02297,0.06537
31030,3.85518,0.16896,0.22334
31031,3.23126,0.15431,0.21543
31032,-4.50745,-0.08724,0.60972
31033,-2.81826,-0.15529,0.24625
31034,-2.97108,-0.15586,0.25320
31035,10.90021,0.27233,0.36048
31036,10.76991,0.26767,0.35878
31037,10.99514,0.26728,0.36873
31038,0.13350,-0.01243,0.75460
31039,-11.04374,-0.35959,0.52650
31040,-9.85494,-0.34085,0.33049
31041,-10.13478,-0.34752,0.33849
31042,-10.63416,-0.35593,0.34961
31043,-10.64772,-0.35799,0.35203
31044,-0.22273,-0.16179,0.17609
31045,0.00399,-0.15758,0.17319
31046,-1.13391,-0.17746,0.18842
31047,0.64084,-0.14661,0.16491
31048,-0.20548,-0.16067,0.17605
31049,0.23501,-0.00280,0.10010
31050,0.09016,-0.00058,0.08137
31051,-3.34695,0.01710,0.07366
31052,8.57283,-0.04397,0.07671
31053,1.92186,0.06026,0.59302
31054,2.42224,0.07602,0.59568
31055,-11.33233,-0.36084,0.56724
31056,-4.04972,0.00066,0.01282
31057,0.26965,-0.01657,0.14578
31058,13.85984,-0.04033,0.87050
31059,3.29570,0.10106,0.24197
31060,-7.89604,-0.30906,0.32052
31061,-7.57715,-0.30143,0.31539
31062,-7.16701,-0.29290,0.30406
31063,-1.13765,0.09505,0.15279
31064,-0.82231,0.09805,0.15824
31065,-1.59706,0.08520,0.14379
31066,-0.59421,0.09988,0.16235
31067,-1.28474,0.08753,0.14885
31068,12.95973,0.39194,0.53158
31069,13.01710,0.39657,0.51574
31070,12.76686,0.38541,0.54797
31071,2.46063,0.20109,0.20790
31072,-4.79007,0.08870,0.11764
31073,-3.34553,0.10798,0.13342
31074,-4.25150,0.09576,0.12358
31075,-13.08685,-0.34799,0.41394
31076,-12.81513,-0.34473,0.40161
31077,-3.89998,-0.13497,0.43863
31078,-4.91696,-0.18407,0.23938
31079,-4.00930,-0.17087,0.22569
31080,8.12232,-0.03824,0.08215
31081,7.86668,-0.04100,0.08501
31082,9.24282,-0.02997,0.07109
31083,9.30618,-0.03022,0.07091
31084,0.30944,0.02822,0.72930
31085,0.28945,0.02550,0.72905
31086,-0.33998,0.02237,0.75757
31087,0.51357,0.03282,0.72252
31088,0.88558,0.03313,0.70357
31089,-0.46016,-0.03181,0.72471
31090,-0.43106,-0.02961,0.72439
31091,-2.39371,-0.05550,0.27801
31092,-2.35891,-0.05299,0.28453
31093,-2.02181,-0.04954,0.26561
31094,-2.70930,-0.05782,0.30003
31095,-0.33789,0.02598,0.75525
31096,-0.32207,0.02942,0.75307
31097,-7.97336,-0.14771,0.45934
31098,-7.78139,-0.14279,0.47344
31099,-2.67988,-0.04658,0.56460
31100,-2.65607,-0.04528,0.54343
31101,-3.00310,-0.05116,0.53934
31102,-2.15755,-0.16528,0.21661
31103,-2.34025,-0.17113,0.21950
31104,-1.74156,-0.15820,0.20771
31105,-2.77939,-0.18099,0.22831
31106,-6.87090,-0.23806,0.69167
31107,6.75411,0.23522,0.44157
31108,7.06506,0.24543,0.44531
31109,-4.73607,-0.21867,0.27811
31110,-4.43434,-0.21317,0.26897
31111,10.33116,0.30107,0.33031
31112,10.66518,0.30879,0.33770
31113,-4.13890,-0.14710,0.73360
31114,-4.00917,-0.14758,0.74138
31115,-4.21461,-0.14628,0.72715
31116,-1.63210,-0.04565,0.24572
31117,-1.17429,-0.04122,0.22412
31118,-6.56603,0.00291,0.03293
31119,-5.74911,0.00556,0.04821
31120,7.52671,-0.02673,0.92089
31121,6.62649,-0.04025,0.90259
31122,-22.95488,0.01883,0.92325
31123,1.39183,0.04775,0.43949
31124,-6.64700,-0.27898,0.26829
31125,-10.16257,0.02556,0.92689
31126,-10.65250,-0.32223,0.62904
31127,-11.31321,-0.33423,0.61355
31128,-11.41215,-0.33812,0.61143
31129,-9.85333,-0.30653,0.64500
31130,8.05915,-0.02127,0.86721
31131,8.92911,-0.02062,0.87329
31132,11.33698,-0.01328,0.90155
31133,-1.34996,-0.06823,0.25489
31134,-1.26542,-0.06882,0.24403
31135,-1.62408,-0.07699,0.26720
31136,2.36268,0.12174,0.25403
31137,0.62997,0.03262,0.81350
31138,0.62350,0.03557,0.81790
31139,0.43266,0.03016,0.82697
31140,0.90498,0.04294,0.80572
31141,0.80235,0.07845,0.73224
31142,-0.82970,0.06649,0.75876
31143,3.68045,-0.03759,0.89486
31144,2.94346,-0.04552,0.88277
31145,-7.41737,-0.25920,0.43866
31146,7.01391,0.26824,0.35203
31147,0.77633,-0.00277,0.08546
31148,0.11489,0.00494,0.80472
31149,0.98275,-0.00336,0.06300
31150,0.75076,-0.00314,0.06840
31151,1.15379,-0.00231,0.04963
31152,-2.06534,-0.18753,0.19708
31153,-1.16587,-0.17347,0.18581
31154,-11.52738,-0.38348,0.40532
31155,-11.28199,-0.37853,0.39273
31156,-11.87766,-0.38945,0.41938
31157,-1.99297,0.02662,0.10354
31158,-2.72444,0.01531,0.07643
31159,10.94000,0.22555,0.51467
31160,10.70852,0.22226,0.53318
31161,11.05030,0.22985,0.52003
31162,2.81497,0.16696,0.23733
31163,2.52854,0.15838,0.23171
31164,3.33797,0.17854,0.25044
31165,2.96840,0.16799,0.24278
31166,5.71936,0.18236,0.64017
31167,6.83271,0.21320,0.67047
31168,7.00875,0.21822,0.66901
31169,8.29453,0.23281,0.64817
31170,5.60757,0.20143,0.68849
31171,12.21490,0.35584,0.58774
31172,-1.69135,-0.02936,0.57240
31173,-1.32313,-0.02364,0.59431
31174,0.65092,-0.01683,0.14446
31175,0.23566,-0.02086,0.16443
31176,8.04002,-0.04613,0.07929
31177,7.96959,-0.04606,0.07941
31178,6.96293,-0.05740,0.09057
31179,9.23164,-0.03442,0.06667
31180,3.32951,-0.13701,0.81088
31181,-4.89525,0.08686,0.11763
31182,-5.65029,0.07819,0.10984
31183,-6.61368,0.06716,0.10016
31184,-3.59852,0.10327,0.13131
31185,-4.27784,0.09484,0.12403
31186,2.45788,0.08014,0.72802
31187,2.15703,0.06985,0.72787
31188,2.36861,0.07957,0.74150
31189,2.10476,0.06972,0.73922
31190,1.73611,0.14886,0.19287
31191,0.38254,0.13105,0.17569
31192,21.79708,-0.01629,0.94687
31193,18.42290,-0.02722,0.92895
31194,21.81821,-0.01798,0.94384
31195,-8.93561,0.02007,0.05275
31196,3.31535,0.06227,0.35859
31197,3.00295,0.05850,0.33625
31198,-9.03894,-0.23931,0.31753
31199,-8.39308,-0.23036,0.30325
31200,-8.78646,-0.23862,0.31005
31201,1.75524,0.02958,0.48398
31202,11.86678,0.37026,0.37759
31203,11.44988,0.36172,0.36443
31204,11.67329,0.36910,0.37349
31205,-2.79555,-0.08684,0.63871
31206,-2.10141,-0.06508,0.63503
31207,-2.30435,-0.07134,0.64546
31208,-4.26024,-0.07943,0.59526
31209,12.58146,0.28568,0.51352
31210,12.36968,0.27828,0.52035
31211,6.19311,0.14283,0.30672
31212,-6.95463,-0.22720,0.55336
31213,-6.86098,-0.22306,0.56476
31214,-10.69516,0.02786,0.06135
31215,-10.40240,-0.32515,0.63503
31216,-9.92760,-0.31500,0.64522
31217,-2.90513,-0.20691,0.74143
31218,4.48218,0.17388,0.69735
31219,7.43112,-0.01030,0.05379
31220,9.42942,0.30773,0.63457
31221,3.92024,-0.06156,0.10991
31222,4.06929,-0.05764,0.10657
31223,4.54325,-0.05405,0.10099
31224,-4.02785,0.09796,0.84622
31225,-5.90375,-0.10408,0.46519
31226,-6.18743,-0.10983,0.46280
31227,-5.57096,-0.19639,0.42399
31228,-5.26621,-0.18658,0.41723
31229,10.15789,0.33527,0.33053
31230,10.27941,0.33555,0.33238
31231,10.40134,0.34176,0.33707
31232,-3.42879,0.02365,0.10351
31233,-2.99728,0.02545,0.11035
31234,-2.61018,0.02979,0.11953
31235,1.83769,0.06004,0.73612
31236,-5.52971,0.04042,0.09982
31237,-4.12484,0.05112,0.11667
31238,-6.17522,0.06744,0.09991
31239,-5.37817,0.07714,0.10862
31240,-6.22868,0.06604,0.09885
31241,-0.05878,0.16475,0.78830
31242,-0.45653,0.16299,0.78924
31243,-0.05492,0.00974,0.15988
31244,2.21728,-0.00657,0.05943
31245,2.26773,-0.00858,0.06591
31246,-3.17977,-0.10393,0.71959
31247,-2.79055,-0.09311,0.73395
31248,-3.09662,-0.10403,0.73246
31249,8.81080,-0.00993,0.04857
31250,-11.17891,-0.36039,0.54551
31251,-11.41124,-0.36744,0.53650
31252,-10.95498,-0.35320,0.55581
31253,-8.52699,0.02134,0.05465
31254,-8.65341,0.02129,0.05426
31255,-7.06919,0.03378,0.07221
31256,6.79101,0.22957,0.48465
31257,7.04554,0.23959,0.47600
31258,10.38199,0.30768,0.63144
31259,-5.29837,0.00201,0.02920
31260,-6.08098,0.00065,0.01348
31261,0.31724,-0.00312,0.11841
31262,0.21809,-0.00214,0.11795
31263,0.13009,-0.00100,0.11019
31264,9.84141,0.31780,0.64606
31265,9.07170,0.30253,0.66216
31266,-6.13377,-0.26392,0.29342
31267,-6.48461,-0.27072,0.30389
31268,0.94830,0.14942,0.18249
31269,-0.02595,0.13694,0.17074
31270,-0.72692,0.11400,0.16217
31271,11.58217,0.35628,0.36406
31272,12.20677,0.36617,0.38273
31273,12.00879,0.36624,0.37802
31274,11.00288,0.34535,0.34843
31275,11.42155,0.35030,0.35841
31276,6.03866,0.14344,0.64425
31277,6.25637,0.14293,0.63614
31278,5.12028,0.13633,0.66493
31279,5.05441,0.16227,0.25031
31280,-10.35841,-0.33648,0.55854
31281,-10.12082,-0.32803,0.57453
31282,-10.03646,-0.32619,0.56625
31283,-4.49708,0.04706,0.11187
31284,-5.25125,0.03997,0.10200
31285,-3.92783,-0.06971,0.57349
31286,-4.17104,-0.07252,0.55016
31287,-7.96968,-0.29623,0.28683
31288,10.29982,0.33508,0.33247
31289,-11.83902,-0.37037,0.56932
31290,-0.56778,-0.01296,0.27557
31291,-0.65488,-0.01389,0.29414
31292,-0.46740,-0.01034,0.28358
31293,2.29284,0.07227,0.58492
31294,2.55467,0.07988,0.60713
31295,1.97985,0.12887,0.22740
31296,2.29090,0.13877,0.23443
31297,-15.23892,0.05890,0.87256
31298,6.63303,0.27603,0.30316
31299,6.70088,0.27666,0.30669
31300,3.05597,0.08793,0.24733
31301,-1.54489,-0.04761,0.65997
31302,0.36082,0.00727,0.30787
31303,0.21957,-0.06414,0.74716
31304,-0.28884,-0.07004,0.73819
31305,1.45329,-0.05916,0.76711
31306,-6.04463,-0.27127,0.27196
31307,10.81708,0.29862,0.61556
31308,10.45767,0.28945,0.62173
31309,9.66902,0.27983,0.63804
31310,11.58321,0.30879,0.59669
31311,9.70596,-0.03349,0.06506
31312,10.98879,-0.02356,0.05280
31313,10.76881,-0.02443,0.05407
31314,8.89168,-0.04121,0.07353
31315,-2.68368,0.04549,0.88108
31316,-1.32375,-0.07405,0.24057
31317,-1.07281,-0.06473,0.23187
31318,11.70654,0.38244,0.39356
31319,0.92501,0.03123,0.75741
31320,-8.76752,0.04557,0.07927
31321,-7.89981,0.05383,0.08758
31322,-2.92115,0.08975,0.77921
31323,8.47519,0.20669,0.62553
31324,3.18906,0.10810,0.73456
31325,-2.70528,-0.09366,0.74660
31326,-3.00731,-0.10413,0.74270
31327,8.17521,0.19216,0.32669
31328,0.05087,-0.00102,0.13839
31329,-0.01038,-0.00094,0.21425
31330,-0.05181,-0.00329,0.23035
31331,0.03127,0.00263,0.20344
31332,0.07894,0.00564,0.21425
31333,-3.10269,0.14269,0.79272
31334,-1.71979,0.15442,0.78002
31335,-3.77038,0.13591,0.79619
31336,-5.13660,0.12517,0.80822
31337,-3.98348,-0.12865,0.24200
31338,-5.34276,0.01524,0.05782
31339,10.08299,0.23093,0.59139
31340,-11.98822,-0.38949,0.47134
31341,9.06589,-0.06475,0.83288
31342,6.07605,-0.08262,0.80746
31343,5.17140,0.25244,0.25646
31344,4.83406,0.24580,0.24966
31345,10.70666,-0.01593,0.04404
31346,-7.88090,-0.26494,0.66901
31347,-7.42617,-0.25534,0.68317
31348,-7.40674,0.05960,0.82449
31349,-10.80144,0.04428,0.85404
31350,-9.60630,0.05144,0.84270
31351,1.25854,-0.02437,0.88754
31352,0.88077,-0.02766,0.87698
31353,-16.59568,0.00165,0.01078
31354,11.71361,0.36804,0.56909
31355,11.33672,0.35702,0.58893
31356,3.58102,0.12379,0.43765
31357,3.83127,0.13371,0.42741
31358,9.11823,0.22880,0.32689
31359,8.45555,0.21684,0.31321
31360,0.26471,0.00506,0.32295
31361,-6.81563,0.01719,0.06963
31362,-7.68024,0.01353,0.05970
31363,2.53001,0.08498,0.47312
31364,2.23545,-0.01965,0.09076
31365,2.84010,0.10229,0.39011
31366,3.13539,0.11294,0.39121
31367,3.07597,0.10953,0.40214
31368,-5.94042,0.06484,0.09959
31369,-5.82126,0.06732,0.10151
31370,-5.10111,-0.10204,0.61473
31371,-5.29653,-0.10145,0.59641
31372,2.35879,0.08734,0.70195
31373,1.62020,0.08295,0.71700
31374,-9.20937,-0.21547,0.34453
31375,-9.44431,-0.18283,0.51150
31376,-9.59009,-0.18551,0.49018
31377,13.44810,-0.01049,0.03267
31378,14.50971,-0.00624,0.02391
31379,12.99172,-0.01292,0.03701
31380,14.85348,-0.00478,0.02014
31381,11.50000,-0.02185,0.05049
31382,6.74162,0.12339,0.43083
31383,6.81053,0.12645,0.41616
31384,-0.16065,0.05596,0.16656
31385,1.57938,-0.01453,0.81028
31386,1.06142,-0.01880,0.78720
31387,-2.79429,-0.20682,0.21381
31388,-2.52976,-0.20210,0.20941
31389,-1.96337,-0.19101,0.20134
31390,8.37197,0.27129,0.60675
31391,8.34247,0.27050,0.61709
31392,8.08045,0.26178,0.61771
31393,8.63861,0.28003,0.60247
31394,10.47363,0.23531,0.38133
31395,10.90758,0.24111,0.39934
31396,10.76294,0.24246,0.38724
31397,-2.79866,-0.13955,0.26062
31398,-8.88726,-0.29338,0.66380
31399,-8.59512,-0.28740,0.66807
31400,-9.68903,-0.30580,0.64882
31401,-8.78109,-0.28910,0.66439
31402,-7.55097,-0.15770,0.35482
31403,-7.41154,-0.15343,0.35604
31404,-13.31850,0.00776,0.03187
31405,-11.82367,0.01379,0.04488
31406,-14.37535,0.00424,0.02175
31407,-12.98588,0.00843,0.03360
31408,-3.76465,0.00148,0.03004
31409,-4.17104,0.00082,0.01992
31410,-3.95530,-0.19442,0.75352
31411,-3.78947,-0.19514,0.75528
31412,-6.01003,0.03072,0.91191
31413,-4.62799,0.03929,0.89729
31414,-5.28572,0.03963,0.89934
31415,-6.74948,0.02364,0.92348
31416,-5.38029,0.02966,0.91124
31417,4.56491,-0.08960,0.11875
31418,0.02631,0.00097,0.79564
31419,0.46130,-0.00013,0.01733
31420,0.71560,-0.00014,0.01448
31421,0.54665,-0.00005,0.00868
31422,0.55087,-0.00033,0.02700
31423,3.07073,0.20972,0.21212
31424,2.11903,0.19287,0.19915
31425,2.87356,0.20542,0.20906
31426,2.74280,0.20457,0.20796
31427,1.81885,0.18826,0.19541
31428,-5.18215,-0.20252,0.24062
31429,-4.02093,-0.18550,0.22356
31430,4.40307,-0.09374,0.12171
31431,5.82189,-0.07593,0.10658
31432,3.51605,-0.10555,0.13140
31433,-10.01905,-0.23402,0.35931
31434,7.40380,0.27079,0.38763
31435,7.29374,0.26941,0.37883
31436,7.70848,0.28060,0.39106
31437,7.32618,0.26694,0.39140
31438,7.06228,0.26126,0.37800
31439,2.50849,0.04975,0.32326
31440,3.16755,0.05944,0.35509
31441,-5.18747,-0.18038,0.24625
31442,-21.16716,0.03002,0.90792
31443,-12.71814,-0.39553,0.51212
31444,-6.34393,-0.22424,0.42352
31445,-6.45776,-0.22987,0.41574
31446,-6.15360,-0.22059,0.40784
31447,-6.98150,-0.17569,0.64374
31448,-5.90784,-0.16621,0.66478
31449,-5.84145,-0.16215,0.66358
31450,-1.96251,-0.11319,0.23888
31451,-1.55666,-0.10411,0.22451
31452,1.08701,0.12680,0.19820
31453,0.24723,-0.00133,0.09849
31454,-3.56603,-0.22178,0.22124
31455,-3.06805,-0.21218,0.21355
31456,-2.70391,0.05880,0.87019
31457,-0.08218,-0.01180,0.18991
31458,-0.04480,-0.00646,0.19091
31459,12.26609,0.30909,0.57057
31460,11.80516,0.29786,0.58239
31461,-1.66381,-0.07053,0.29630
31462,0.25492,0.02302,0.83501
31463,0.09387,0.02098,0.84647
31464,0.15564,0.01313,0.83514
31465,-4.61589,0.01531,0.06160
31466,-4.28271,0.02034,0.07161
31467,-13.78408,-0.39097,0.47493
31468,-0.45285,-0.09913,0.18512
31469,-0.89602,-0.10796,0.19673
31470,-0.74175,-0.10767,0.19214
31471,-0.25817,-0.09257,0.18027
31472,-0.79249,-0.10225,0.19463
31473,-9.47731,-0.32692,0.31736
31474,-8.69649,-0.31268,0.30185
31475,-9.16494,-0.32316,0.31213
31476,-0.92895,-0.03137,0.46313
31477,-0.58114,-0.01959,0.46641
31478,-0.98958,-0.03377,0.44898
31479,-0.55222,-0.01881,0.45389
31480,-6.46988,-0.22016,0.69087
31481,4.25132,0.13458,0.59846
31482,3.96194,0.12483,0.60873
31483,3.82907,0.12106,0.59434
31484,2.60058,0.05476,0.64311
31485,2.47271,0.05576,0.65651
31486,7.49510,0.28347,0.27744
31487,6.49297,0.26465,0.26061
31488,8.00511,0.29403,0.28683
31489,10.92859,-0.02568,0.05556
31490,9.81367,-0.03449,0.06612
31491,12.22819,-0.01643,0.04278
31492,4.83544,0.20479,0.70337
31493,2.94273,0.18510,0.72554
31494,5.13346,0.20527,0.69846
31495,0.80729,0.02471,0.66712
31496,-7.47789,-0.29235,0.33229
31497,-7.86556,-0.30214,0.34059
31498,-7.55715,-0.29258,0.33875
31499,-7.99435,-0.30388,0.34793
31500,-11.51838,-0.34966,0.60641
31501,-12.04357,-0.36142,0.58966
31502,-11.12556,-0.33989,0.61786
31503,-11.77645,-0.35376,0.59955
31504,-8.94068,0.02720,0.06070
31505,-1.47885,-0.02876,0.32754
31506,-1.40211,-0.02878,0.30554
31507,-1.71004,-0.03339,0.32455
31508,-1.33084,-0.02582,0.32997
31509,-1.14657,-0.02339,0.30801
31510,0.79101,-0.14728,0.80362
31511,-0.19803,-0.15723,0.79451
31512,0.06157,-0.15800,0.79447
31513,-0.80530,-0.16694,0.78639
31514,-7.07225,-0.29307,0.28679
31515,-16.92534,0.01588,0.91334
31516,-20.28603,0.00795,0.94157
31517,12.44675,0.36724,0.38969
31518,11.97924,0.36045,0.37479
31519,12.67123,0.37298,0.39890
31520,6.25125,0.18340,0.26946
31521,6.72929,0.18693,0.28051
31522,-11.54894,-0.33952,0.35897
31523,-12.17816,-0.34907,0.37742
31524,-11.80000,-0.33993,0.36579
31525,-7.68956,0.05530,0.08914
31526,-7.28484,0.05917,0.09309
31527,-6.08275,0.07214,0.10505
31528,-8.25158,0.05008,0.08373
31529,-0.60567,0.07465,0.16346
31530,-0.82979,0.07424,0.16014
31531,9.74957,0.25387,0.33103
31532,10.33438,0.26129,0.34667
31533,10.31433,0.26457,0.34356
31534,-13.74785,-0.39107,0.46857
31535,-13.82169,-0.38658,0.47341
31536,-13.73225,-0.38884,0.46211
31537,-3.71068,-0.11829,0.57517
31538,-4.04826,-0.12914,0.57836
31539,-8.61977,-0.32192,0.35310
31540,0.06355,0.00297,0.70872
31541,-0.02190,-0.00033,0.70797
31542,-0.00621,0.00078,0.73534
31543,-6.96854,-0.23366,0.50043
31544,10.13073,0.35718,0.37226
31545,9.77236,0.34983,0.36040
31546,7.54900,0.30305,0.30046
31547,1.20180,0.03880,0.53051
31548,1.61310,0.05139,0.55438
31549,-1.40686,-0.10740,0.21535
31550,-1.28524,-0.10262,0.21257
31551,-5.97476,-0.21722,0.39381
31552,-5.57102,-0.20470,0.38333
31553,2.61073,-0.14726,0.79818
31554,1.05661,-0.16235,0.78593
31555,3.74614,-0.13597,0.80939
31556,1.61383,-0.15755,0.78773
31557,-0.22355,-0.17637,0.77234
31558,9.90548,0.33769,0.45845
31559,9.53579,0.33260,0.42608
31560,-0.40616,-0.01826,0.20919
31561,-0.44846,-0.01705,0.21724
31562,-21.30316,0.01481,0.92587
31563,-16.56982,0.02577,0.89601
31564,2.43042,-0.11613,0.14366
31565,3.76061,-0.09972,0.12930
31566,2.47569,-0.11634,0.14313
31567,-4.38733,-0.14172,0.55206
31568,-4.61595,-0.15026,0.53866
31569,-6.35767,-0.22970,0.25699
31570,-5.65819,-0.21695,0.24634
31571,3.33930,0.15427,0.21733
31572,2.54685,0.14578,0.20536
31573,2.74922,-0.10672,0.13950
31574,3.55724,-0.09625,0.13077
31575,-0.58692,0.00913,0.10804
31576,-0.44885,0.01115,0.12219
31577,-0.56313,0.00651,0.09865
31578,-0.02980,0.14226,0.17070
31579,-1.14347,0.12898,0.15793
31580,-0.13342,0.00056,0.06773
31581,0.05178,-0.00020,0.06717
31582,3.18784,-0.00250,0.04323
31583,-10.68552,0.02776,0.05836
31584,-9.67952,0.03618,0.06821
31585,-9.08189,0.04114,0.07370
31586,-8.39862,0.04796,0.08069
31587,-6.73264,-0.16488,0.64193
31588,0.73415,0.05884,0.82296
31589,13.34113,0.31982,0.48944
31590,9.57297,0.25010,0.32755
31591,8.63693,0.23869,0.30544
31592,0.16206,0.00391,0.66407
31593,-10.25877,-0.23088,0.58284
31594,-9.71277,-0.22553,0.60017
31595,8.96761,-0.02258,0.05562
31596,10.13710,-0.01436,0.04257
31597,9.68404,-0.01562,0.04514
31598,-2.14847,0.10781,0.14273
31599,-1.50354,0.11724,0.15170
31600,-1.11046,0.02430,0.11903
31601,2.11642,0.04978,0.27377
31602,1.80773,0.04683,0.25622
31603,-8.50866,-0.16881,0.56694
31604,4.89466,0.17959,0.38191
31605,-1.88257,0.11646,0.14946
31606,9.62193,0.32480,0.31852
31607,0.60113,-0.00194,0.06139
31608,0.39281,-0.00171,0.06956
31609,-13.55742,-0.38754,0.44521
31610,-13.35943,-0.38498,0.43163
31611,-11.62319,-0.29219,0.58585
31612,4.93529,0.10776,0.30849
31613,5.47091,0.11453,0.32704
31614,5.18607,0.11291,0.31174
31615,5.69100,0.11908,0.32967
31616,6.78501,0.27732,0.26820
31617,2.25861,0.04711,0.64076
31618,2.14371,0.04825,0.65593
31619,0.15772,0.03885,0.18164
31620,0.22672,0.03538,0.18799
31621,-0.83350,-0.02721,0.51654
31622,0.03140,0.00582,0.18312
31623,-0.00088,0.00502,0.16969
31624,0.01995,0.00232,0.19100
31625,0.00458,0.00123,0.17536
31626,2.43351,-0.01127,0.83886
31627,-6.19723,-0.22321,0.40316
31628,-6.20352,-0.22592,0.39266
31629,-5.89234,-0.21053,0.41055
31630,-6.18129,-0.22023,0.41438
31631,-11.53536,-0.38174,0.39399
31632,-11.88503,-0.38838,0.40956
31633,-12.01487,-0.38947,0.40962
31634,6.87491,0.13403,0.58608
31635,7.33898,0.13905,0.56320
31636,-3.63202,-0.13331,0.37724
31637,2.41232,-0.11816,0.14370
31638,0.44653,-0.14603,0.16601
31639,1.55082,-0.12965,0.15328
31640,2.48629,-0.09476,0.13625
31641,3.40698,-0.08151,0.12323
31642,2.11705,-0.10204,0.14210
31643,2.76337,-0.09260,0.13291
31644,2.97767,0.17168,0.77025
31645,4.03232,0.18909,0.75319
31646,4.62270,0.19784,0.74294
31647,4.76604,0.20401,0.74043
31648,5.96906,0.11861,0.60570
31649,0.01793,0.00130,0.19223
31650,0.04148,0.00185,0.20593
31651,0.05634,0.00372,0.19537
31652,6.88689,0.12343,0.50591
31653,7.21864,0.13033,0.50517
31654,5.95917,0.10535,0.52554
31655,5.69290,0.10066,0.53562
31656,5.78311,0.10346,0.54912
31657,-5.08575,-0.08902,0.44943
31658,-4.89226,-0.08584,0.43973
31659,11.17465,0.31334,0.35087
31660,-7.40927,-0.14123,0.40564
31661,-7.54731,-0.14153,0.42579
31662,-0.95110,0.12328,0.15949
31663,-0.64542,-0.05854,0.20512
31664,0.48376,0.01553,0.22923
31665,0.48977,0.01421,0.23899
31666,0.65173,0.01723,0.25006
31667,0.32420,0.01397,0.21078
31668,11.29566,0.36309,0.36323
31669,0.58135,-0.01000,0.78767
31670,1.14882,-0.00757,0.82410
31671,0.46897,-0.01299,0.77362
31672,-13.72416,0.00620,0.02436
31673,-12.31853,0.01153,0.03532
31674,-2.04778,0.09912,0.14647
31675,-1.30206,0.10722,0.15513
31676,-1.21217,-0.13250,0.18682
31677,-0.38604,-0.12279,0.17601
31678,3.61183,0.16621,0.27841
31679,3.89759,0.17214,0.28949
31680,3.66067,0.17010,0.27630
31681,3.99072,0.17740,0.28788
31682,-10.21477,-0.21371,0.41064
31683,14.68856,-0.04806,0.90064
31684,11.51520,-0.06690,0.87940
31685,18.88989,-0.02943,0.92520
31686,16.40956,-0.04184,0.90814
31687,-16.89085,0.04947,0.89494
31688,-4.58424,-0.23968,0.24755
31689,-1.35163,-0.11319,0.21048
31690,-1.10464,-0.10530,0.20431
31691,-0.69037,-0.09571,0.19266
31692,-1.08170,-0.10111,0.20497
31693,13.23360,0.31856,0.51161
31694,-6.76188,-0.26189,0.69969
31695,-7.00332,-0.26433,0.69439
31696,5.78290,-0.02983,0.09075
31697,-3.47713,-0.05891,0.47797
31698,-10.53008,-0.23311,0.38925
31699,-10.83987,-0.24038,0.39650
31700,-9.95416,-0.22625,0.36658
31701,2.31572,0.06683,0.24309
31702,1.77512,0.06203,0.22460
31703,-3.97765,-0.07615,0.35254
31704,-4.30793,-0.08019,0.37258
31705,-4.09321,-0.07560,0.37476
31706,0.29233,-0.01033,0.13241
31707,0.41964,-0.00985,0.12096
31708,0.30453,-0.00710,0.12088
31709,-9.14983,0.08669,0.85809
31710,-10.63805,0.07523,0.86999
31711,7.32106,0.14387,0.38220
31712,7.46017,0.14300,0.40155
31713,-1.60057,-0.12160,0.21624
31714,-2.09072,-0.13240,0.23013
31715,-1.86020,-0.13028,0.22189
31716,0.42533,0.02503,0.82158
31717,7.19570,-0.06071,0.09414
31718,8.19215,-0.05084,0.08436
31719,6.71814,-0.06577,0.09865
31720,8.31084,-0.04974,0.08340
31721,-4.29639,-0.13746,0.57366
31722,-2.44992,0.06440,0.12545
31723,-3.05653,0.05501,0.11391
31724,-1.84609,0.07304,0.13665
31725,8.92029,-0.07488,0.87158
31726,7.27399,-0.08906,0.85738
31727,-14.36965,0.06479,0.87221
31728,-5.96046,0.04263,0.08502
31729,-4.41523,-0.17722,0.23196
31730,-4.23510,-0.17321,0.22961
31731,-3.51323,-0.16407,0.21874
31732,-2.16119,-0.06771,0.60014
31733,-13.76603,-0.35033,0.48167
31734,-13.77406,-0.35510,0.46967
31735,-13.68730,-0.34410,0.49406
31736,12.17733,-0.01513,0.04526
31737,12.47438,-0.01364,0.04283
31738,10.75855,-0.02281,0.05827
31739,-6.34408,0.05170,0.08970
31740,-1.38119,-0.04260,0.64548
31741,-3.38768,-0.07111,0.30904
31742,0.68604,-0.13859,0.16472
31743,2.91041,-0.10225,0.13470
31744,-2.51554,0.09454,0.13610
31745,3.55368,-0.10043,0.13153
31746,2.33190,-0.11589,0.14473
31747,2.40758,-0.11563,0.14390
31748,2.54303,-0.03352,0.89182
31749,2.18320,-0.03167,0.89067
31750,1.87467,-0.02937,0.89011
31751,6.04280,0.22584,0.36987
31752,6.15565,0.23115,0.36646
31753,-0.04094,0.06923,0.17317
31754,-1.01016,0.05954,0.15631
31755,0.40692,0.07496,0.18109
31756,-1.40901,0.05274,0.14819
31757,-1.21512,0.05282,0.15110
31758,-3.18697,0.03148,0.11370
31759,7.72547,0.25853,0.50498
31760,7.93575,-0.02477,0.06045
31761,7.13055,-0.03259,0.07110
31762,6.67898,-0.03489,0.07502
31763,5.16789,-0.04762,0.10673
31764,6.09602,-0.04137,0.09674
31765,3.31259,0.05595,0.50072
31766,3.63511,0.06168,0.49253
31767,-0.55511,0.00111,0.06800
31768,-0.34230,0.00085,0.07479
31769,-4.63688,0.06259,0.11585
31770,-5.61092,0.05400,0.10524
31771,-3.45076,0.07537,0.12950
31772,-5.24055,0.05830,0.10960
31773,7.35902,0.22948,0.27732
31774,6.48888,0.21662,0.26230
31775,6.83614,0.21944,0.26873
31776,5.71863,0.20618,0.24954
31777,5.86475,0.20581,0.25240
31778,-17.54421,0.02831,0.89578
31779,-13.11159,-0.36229,0.55555
31780,-1.24483,-0.02832,0.27714
31781,-13.08639,0.05286,0.89514
31782,-0.03594,-0.02627,0.84950
31783,0.19803,-0.02307,0.86147
31784,-7.80169,0.09926,0.84459
31785,-11.06113,0.07614,0.86764
31786,2.16006,0.04195,0.33169
31787,-4.12471,-0.07058,0.47136
31788,-2.54850,-0.09355,0.37406
31789,-2.53564,-0.09166,0.38690
31790,9.72854,0.30860,0.64805
31791,10.54925,0.32385,0.63120
31792,-0.27992,-0.05784,0.18454
31793,2.57211,-0.03834,0.12636
31794,7.03421,-0.01457,0.05016
31795,-0.58811,-0.01812,0.65013
31796,0.12807,0.00430,0.76145
31797,6.52595,0.24006,0.25923
31798,6.88940,0.24258,0.26525
31799,4.25607,0.20358,0.22545
31800,9.21359,0.17567,0.49060
31801,9.22806,0.17657,0.50780
31802,9.25598,-0.03957,0.84821
31803,6.85593,-0.05044,0.82452
31804,8.48041,-0.04536,0.83888
31805,3.91143,0.16344,0.22552
31806,4.34984,0.16691,0.23302
31807,-15.78906,0.04618,0.90234
31808,-19.35879,0.03068,0.92283
31809,-20.97399,0.02628,0.92893
31810,10.44500,0.25883,0.60366
31811,5.84955,0.15502,0.27796
31812,10.82376,0.36798,0.37062
31813,10.77122,0.36618,0.36668
31814,10.58345,0.36389,0.36546
31815,10.50353,0.36314,0.40661
31816,-11.39342,0.02360,0.05447
31817,-10.03494,0.03332,0.06693
31818,-0.58159,0.00765,0.90138
31819,-0.87248,0.00997,0.90437
31820,8.13729,-0.03584,0.08003
31821,-0.65352,-0.08167,0.18434
31822,-7.27980,-0.28088,0.34481
31823,-6.82548,-0.26970,0.33210
31824,-7.48312,-0.28368,0.35666
31825,1.80832,0.09904,0.20390
31826,2.76250,0.11135,0.22047
31827,10.06486,0.32961,0.53996
31828,10.06040,0.33116,0.52717
31829,10.28648,0.33756,0.52995
31830,9.85503,0.32232,0.54748
31831,9.80831,0.32284,0.53124
31832,10.60265,0.33636,0.62342
31833,-11.30917,-0.34131,0.61356
31834,-11.38604,-0.34412,0.61122
31835,-11.93403,-0.35519,0.59557
31836,5.22276,0.12270,0.29342
31837,5.81133,0.12901,0.31280
31838,-1.08691,0.03378,0.12897
31839,-0.82688,0.03677,0.13816
31840,-0.71812,0.03550,0.14059
31841,-4.13575,-0.09260,0.29600
31842,-11.09527,-0.23137,0.51962
31843,-11.19904,-0.25965,0.38824
31844,-10.68243,-0.25348,0.36841
31845,-11.60987,-0.26406,0.40801
31846,-11.31754,-0.25746,0.39898
31847,5.86319,-0.05903,0.10550
31848,4.38073,-0.07342,0.12111
31849,5.15645,-0.06451,0.11264
31850,6.72869,-0.05208,0.09685
31851,8.00276,0.28619,0.40897
31852,7.63784,0.27586,0.39950
31853,5.01583,-0.06934,0.87125
31854,12.28638,0.28076,0.53616
31855,12.71879,0.28804,0.49873
31856,0.84963,0.12230,0.18236
31857,0.44886,0.11589,0.17717
31858,-0.00038,-0.00007,0.76967
31859,0.17443,0.00594,0.76553
31860,-0.26296,-0.00898,0.76154
31861,9.25914,0.20308,0.36528
31862,8.63212,0.19489,0.34475
31863,10.54436,0.33643,0.61924
31864,10.96915,0.34689,0.60553
31865,10.71964,0.34003,0.61714
31866,0.52572,-0.12833,0.16629
31867,0.81215,-0.12480,0.16195
31868,4.57743,0.20695,0.28363
31869,4.22423,0.19957,0.27288
31870,4.66035,0.21119,0.28281
31871,3.83687,0.19168,0.26161
31872,-8.43739,-0.32021,0.31037
31873,-7.63078,-0.30374,0.29389
31874,-8.82958,-0.32878,0.32056
31875,-1.53171,-0.04913,0.73039
31876,-1.16522,-0.03713,0.72778
31877,2.24906,0.04244,0.61186
31878,2.72629,0.04870,0.58371
31879,1.02128,0.16474,0.18365
31880,-12.19155,-0.39237,0.41780
31881,-12.36845,-0.39563,0.42971
31882,-4.44776,0.00097,0.02096
31883,-5.09429,0.00064,0.01594
31884,8.76466,-0.00209,0.02282
31885,7.53560,-0.00715,0.04586
31886,-2.44320,-0.18990,0.21456
31887,5.35005,0.20904,0.33998
31888,9.66030,0.31272,0.61308
31889,9.31381,0.30317,0.62951
31890,12.19357,0.37869,0.55588
31891,12.03491,0.37297,0.56879
31892,-11.44735,-0.37705,0.47860
31893,-1.17383,-0.03612,0.65667
31894,2.56607,-0.11899,0.14185
31895,3.47997,-0.10608,0.13163
31896,3.99050,-0.09902,0.12587
31897,2.15137,-0.12499,0.14662
31898,1.59059,-0.01931,0.89995
31899,-9.22395,-0.26781,0.30964
31900,-9.37160,-0.26730,0.31364
31901,-8.59454,-0.25586,0.29774
31902,-9.86149,-0.27956,0.32271
31903,-9.96797,-0.27796,0.32614
31904,13.03194,0.38764,0.42096
31905,12.50219,0.37971,0.39817
31906,1.73825,-0.10429,0.15024
31907,-0.04561,0.00183,0.13432
31908,-0.01297,0.00094,0.14542
31909,0.03479,-0.00128,0.13619
31910,-0.06180,0.00427,0.14672
31911,2.16132,0.07226,0.47953
31912,0.17495,0.00817,0.26537
31913,0.31762,0.01501,0.26380
31914,-21.01753,0.03567,0.90910
31915,-22.84766,0.02915,0.91816
31916,-25.02004,0.02258,0.93007
31917,1.06253,0.17467,0.77991
31918,6.24036,0.13222,0.33160
31919,14.49063,-0.00440,0.02278
31920,16.06003,-0.00128,0.01045
31921,0.51220,0.00883,0.41742
31922,0.61441,0.01072,0.40016
31923,0.54858,0.00932,0.43501
31924,0.84185,0.01442,0.42330
31925,9.73684,0.27914,0.31996
31926,10.48244,0.28715,0.33808
31927,-0.32967,-0.02733,0.20878
31928,3.26721,-0.09785,0.84457
31929,5.38599,-0.08454,0.85965
31930,-3.54036,-0.06020,0.52290
31931,-11.22229,-0.34790,0.61089
31932,-10.95598,-0.34092,0.61959
31933,-11.48817,-0.35283,0.60407
31934,12.59581,0.29547,0.43056
31935,12.66294,0.28890,0.45542
31936,12.79013,0.29472,0.45459
31937,1.67948,-0.01809,0.09687
31938,-11.18417,-0.36484,0.36289
31939,-11.22617,-0.36745,0.36613
31940,-11.15757,-0.36299,0.36090
31941,-10.61799,-0.35361,0.34719
31942,8.37531,-0.02648,0.07279
31943,7.65722,-0.03217,0.08107
31944,9.81866,-0.01802,0.05780
31945,9.45633,-0.02071,0.06222
31946,1.86850,0.03141,0.51088
31947,1.74021,0.02947,0.53364
31948,2.02977,0.03436,0.53225
31949,1.49176,0.02540,0.54724
31950,1.76771,0.03044,0.55984
31951,-0.81093,-0.09570,0.19702
31952,-1.22701,-0.10596,0.20902
31953,14.71321,-0.00680,0.02574
31954,16.81095,-0.00187,0.01129
31955,-2.55127,-0.04893,0.61892
31956,-1.42844,-0.04552,0.55911
31957,-1.15279,-0.03689,0.55289
31958,1.35167,0.03869,0.68586
31959,9.73642,0.32351,0.51077
31960,9.55826,0.32007,0.49722
31961,9.77690,0.32738,0.49432
31962,9.55570,0.31619,0.52233
31963,-12.26594,-0.39465,0.47091
31964,-12.42212,-0.39518,0.48911
31965,-12.47034,-0.39705,0.47821
31966,-12.13702,-0.39251,0.47032
31967,-12.24098,-0.39280,0.48466
31968,3.37052,-0.04224,0.11965
31969,2.73850,-0.04900,0.12983
31970,4.03902,-0.03891,0.11130
31971,4.14191,0.23354,0.23295
31972,3.51648,0.22140,0.22351
31973,3.93093,0.22932,0.23024
31974,-11.43455,-0.32786,0.60912
31975,-3.78181,-0.14180,0.74722
31976,-4.37967,-0.16214,0.73710
31977,-7.68763,0.02245,0.07221
31978,-6.70759,0.02963,0.08455
31979,-8.19049,0.02064,0.06758
31980,-6.12723,0.03215,0.09041
31981,-11.30227,-0.29085,0.36364
31982,-12.30234,0.00498,0.02215
31983,6.61056,-0.04214,0.08149
31984,6.41372,-0.04587,0.08516
31985,7.52081,-0.03375,0.07107
31986,5.55464,-0.00371,0.02853
31987,10.22483,0.32858,0.62921
31988,10.63324,0.33874,0.61427
31989,10.01282,0.32600,0.55789
31990,10.86514,0.32938,0.34212
31991,10.50103,0.32139,0.33343
31992,11.46422,0.33976,0.35732
31993,-2.83647,-0.18311,0.72659
31994,-1.06096,-0.16686,0.74588
31995,-8.70055,-0.30367,0.43689
31996,-2.16031,-0.03626,0.52065
31997,-1.83699,-0.03094,0.53733
31998,-1.86268,-0.03102,0.50621
31999,-2.36403,-0.03994,0.53189
32000,12.61215,-0.01704,0.04399
32001,0.89802,0.01620,0.37415
32002,0.61159,0.01128,0.35535
32003,3.84457,0.17683,0.27893
32004,4.35306,0.18653,0.29946
32005,-5.27103,0.11221,0.80133
32006,-8.54481,0.08966,0.82657
32007,9.86628,0.34416,0.41771
32008,8.00696,0.21359,0.64418
32009,-0.53764,-0.01065,0.31750
32010,4.04934,0.23172,0.23085
32011,8.29153,0.24715,0.29329
32012,6.95962,0.26138,0.36589
32013,6.51196,0.25039,0.34999
32014,1.09040,0.15195,0.19361
32015,1.66318,-0.00319,0.87981
32016,2.19810,-0.00365,0.88593
32017,2.30194,-0.00198,0.91332
32018,1.50009,-0.00478,0.85629
32019,-5.92154,-0.21116,0.25248
32020,0.44106,-0.02817,0.14617
32021,0.32766,-0.03234,0.15384
32022,0.32533,-0.02690,0.15088
32023,0.21057,-0.03168,0.15941
32024,3.72242,-0.09781,0.12933
32025,4.60263,-0.08771,0.12017
32026,12.42196,0.39285,0.41848
32027,7.17354,0.13659,0.40006
32028,7.26067,0.13551,0.42002
32029,7.54727,0.14158,0.42272
32030,6.77523,0.13148,0.37942
32031,2.28952,-0.05759,0.13818
32032,1.35640,-0.06588,0.15190
32033,-4.77071,0.06301,0.80299
32034,6.93751,-0.10004,0.84620
32035,-8.68978,0.03919,0.07806
32036,-0.83212,0.13035,0.16134
32037,-0.74774,0.13020,0.16220
32038,-1.64442,0.12710,0.15177
32039,12.27365,0.26855,0.48476
32040,-7.62692,-0.28411,0.27894
32041,-8.21857,-0.29595,0.28976
32042,9.80754,-0.00997,0.03563
32043,10.63246,-0.00577,0.02554
32044,9.59369,-0.01241,0.04027
32045,-2.69764,0.11684,0.14039
32046,-3.39327,0.10697,0.13251
32047,-4.07914,0.09763,0.12496
32048,-0.35828,0.00552,0.13143
32049,-0.50234,0.00623,0.12524
32050,-1.98631,0.00071,0.02872
32051,-1.70473,0.00231,0.05640
32052,-7.95330,0.01617,0.05011
32053,3.86237,0.15843,0.31397
32054,-10.86683,-0.22120,0.49224
32055,-10.80145,-0.21963,0.47309
32056,-1.16223,0.03796,0.77133
32057,-2.40076,0.03204,0.79703
32058,-5.96380,-0.24710,0.25055
32059,-6.97217,-0.26315,0.26624
32060,-9.60022,-0.23533,0.61344
32061,-8.63318,-0.22123,0.63212
32062,17.13748,-0.04928,0.88416
32063,19.78156,-0.03842,0.89922
32064,15.18534,-0.05730,0.87199
32065,-5.77804,-0.20440,0.42114
32066,-5.45664,-0.19491,0.40963
32067,-6.11338,-0.21549,0.42622
32068,-5.97015,-0.21280,0.41341
32069,-1.65853,-0.10187,0.23158
32070,-1.88018,-0.11014,0.23689
32071,-2.13317,-0.11410,0.24829
32072,0.10705,-0.03573,0.74720
32073,-12.60222,0.00972,0.03217
32074,-13.92521,0.00430,0.01963
32075,0.39287,0.01234,0.58453
32076,-0.04487,-0.00138,0.58008
32077,-8.81417,-0.32335,0.36988
32078,-9.27443,-0.33421,0.38227
32079,-13.62817,-0.34071,0.47103
32080,3.96744,-0.09808,0.12538
32081,2.67140,-0.11673,0.14030
32082,4.47304,-0.09072,0.11945
32083,3.13949,-0.10946,0.13470
32084,4.57201,-0.07309,0.11104
32085,4.99793,-0.06881,0.10628
32086,3.68198,-0.08530,0.12252
32087,3.77993,-0.08529,0.12174
32088,3.82051,0.06508,0.50878
32089,3.69115,0.06288,0.47181
32090,5.16267,-0.03158,0.07944
32091,5.03957,-0.03063,0.07915
32092,-4.85185,-0.15916,0.52650
32093,-5.13254,-0.16779,0.53574
32094,-5.43065,-0.22337,0.70176
32095,-6.51378,-0.23444,0.68685
32096,-4.60838,-0.21519,0.71243
32097,-3.41325,-0.19990,0.72540
32098,-5.22112,-0.18322,0.71622
32099,3.93048,0.12919,0.51517
32100,-9.08890,0.01471,0.04453
32101,-8.24066,0.02166,0.05586
32102,-8.11244,0.02134,0.05595
32103,-9.15582,-0.26991,0.30745
32104,5.89931,-0.04183,0.08438
32105,5.97249,-0.03941,0.08221
32106,9.29993,-0.04066,0.07415
32107,10.63498,-0.02994,0.06179
32108,-1.91716,0.06817,0.14495
32109,-1.32788,0.07581,0.15341
32110,-2.60062,0.06376,0.13607
32111,1.67051,-0.02540,0.10785
32112,0.74016,-0.00922,0.12530
32113,-1.12226,-0.17081,0.18496
32114,-2.03780,-0.18589,0.19652
32115,-12.30893,-0.36025,0.38303
32116,-12.72065,-0.36691,0.39765
32117,-0.01715,0.00048,0.14739
32118,-3.73443,0.02961,0.08716
32119,-3.68623,0.02789,0.08571
32120,-4.19985,0.02333,0.07618
32121,-1.66354,-0.08954,0.24637
32122,-1.84851,-0.09758,0.24942
32123,-1.45562,-0.08717,0.23358
32124,-1.74654,-0.08911,0.25432
32125,-2.01051,-0.09831,0.26208
32126,-7.94934,0.10363,0.83525
32127,-4.64398,0.12988,0.80995
32128,-1.50985,-0.17636,0.19744
32129,-3.92731,-0.14105,0.73857
32130,-3.60431,-0.13116,0.74514
32131,-3.43102,-0.13064,0.75381
32132,4.67903,-0.11556,0.83225
32133,0.34307,-0.00315,0.91159
32134,0.02164,-0.00054,0.88878
32135,-4.50054,-0.15415,0.45558
32136,-4.60796,-0.15636,0.46972
32137,12.27498,0.29218,0.41103
32138,12.43122,0.29680,0.41554
32139,-13.60922,-0.36736,0.52703
32140,-13.29991,-0.35901,0.54573
32141,-13.56588,-0.36323,0.52972
32142,11.50777,-0.01242,0.04384
32143,10.08679,-0.01972,0.05788
32144,11.34473,-0.01353,0.04587
32145,-13.21723,-0.40261,0.47015
32146,-13.05821,-0.40201,0.45778
32147,-13.11687,-0.40273,0.46939
32148,-8.17657,0.10158,0.82841
32149,-6.04064,0.11603,0.81177
32150,-1.00250,-0.01694,0.44952
32151,-0.92882,-0.01590,0.42723
32152,12.80896,0.40076,0.46012
32153,8.88075,-0.04075,0.07796
32154,5.07823,0.17230,0.70860
32155,4.63276,0.16030,0.72081
32156,5.31362,0.17696,0.69759
32157,13.40226,0.38386,0.43421
32158,13.09135,0.37931,0.41696
32159,12.94764,0.37416,0.40864
32160,1.38454,-0.02529,0.11396
32161,1.68561,-0.02222,0.10369
32162,-0.78532,0.11302,0.16114
32163,-2.17104,0.09034,0.13844
32164,-1.29382,0.10577,0.15288
32165,-6.25260,-0.11456,0.41737
32166,-6.40923,-0.11580,0.43939
32167,-6.63052,-0.12099,0.43097
32168,-9.01416,0.04360,0.90323
32169,-11.54707,0.03200,0.91948
32170,-7.05493,0.06248,0.88147
32171,-8.63202,-0.17836,0.37973
32172,-8.22696,-0.17543,0.35814
32173,5.50606,-0.07948,0.10953
32174,6.92953,-0.06278,0.09467
32175,5.96828,-0.07364,0.10445
32176,7.92193,-0.05238,0.08482
32177,8.38763,-0.04745,0.07990
32178,-6.68687,-0.27020,0.31997
32179,-6.35636,-0.25905,0.31761
32180,-6.89439,-0.27332,0.32959
32181,-2.82084,0.14546,0.79883
32182,-5.16484,-0.12885,0.28128
32183,-6.21974,-0.14671,0.30225
32184,-4.04364,0.05341,0.88133
32185,-3.74931,0.04979,0.88324
32186,-4.98392,0.05046,0.88758
32187,-5.72267,0.04182,0.89846
32188,2.30325,0.12549,0.24607
32189,2.70627,0.13446,0.26075
32190,1.40463,-0.00653,0.07158
32191,13.45999,0.38855,0.44111
32192,8.30951,0.15781,0.54003
32193,3.50615,-0.04302,0.11842
32194,3.83638,-0.03876,0.11269
32195,0.47810,-0.09411,0.75105
32196,2.29046,-0.08437,0.77260
32197,3.09685,-0.07564,0.78227
32198,-1.49483,-0.10982,0.72510
32199,-0.27282,-0.10289,0.74184
32200,-6.64616,-0.12792,0.38340
32201,-6.95936,-0.13209,0.40027
32202,-6.87949,-0.12901,0.40818
32203,9.17310,0.24739,0.63439
32204,-9.58844,-0.32320,0.48575
32205,-0.14406,-0.00813,0.24013
32206,10.06950,-0.02065,0.05074
32207,10.74423,-0.01548,0.04288
32208,10.42606,-0.01893,0.04797
32209,11.37580,-0.01245,0.03762
32210,10.33469,0.20608,0.46605
32211,3.57060,0.22210,0.22195
32212,2.52919,0.20284,0.20685
32213,-6.51438,-0.16288,0.29404
32214,7.77138,-0.04171,0.07699
32215,6.21313,-0.05821,0.09439
32216,5.74382,0.19259,0.69459
32217,-1.61635,0.07023,0.14933
32218,15.61006,-0.02324,0.89645
32219,20.65282,-0.01191,0.93117
32220,8.82337,0.17118,0.54436
32221,-7.12001,0.01381,0.06226
32222,-7.96826,0.00965,0.05021
32223,-7.25920,0.01208,0.05831
32224,-8.99664,0.00588,0.03711
32225,-8.53117,0.00662,0.04057
32226,0.00720,0.00032,0.21874
32227,-0.02817,-0.00094,0.24333
32228,13.20534,0.34687,0.54554
32229,13.18710,0.34973,0.54819
32230,2.96954,0.13590,0.77246
32231,2.27402,0.12151,0.78726
32232,2.85229,0.12789,0.77385
32233,3.06967,0.14297,0.77108
32234,-6.10431,-0.18966,0.26295
32235,6.03298,0.26954,0.27557
32236,2.18737,0.12196,0.20440
32237,2.20284,0.12027,0.20515
32238,3.09755,0.13174,0.21933
32239,1.19230,0.11130,0.18911
32240,1.22374,0.10944,0.18999
32241,-6.89662,-0.28224,0.30981
32242,-6.47702,-0.27370,0.29775
32243,-8.05651,-0.28048,0.67787
32244,-7.26390,-0.26774,0.68969
32245,-13.64810,0.06277,0.86145
32246,-13.20891,0.06344,0.85865
32247,9.01191,0.33014,0.36544
32248,8.72256,0.32295,0.36008
32249,8.52383,0.31931,0.35101
32250,8.64174,0.32022,0.36116
32251,-6.26128,-0.25233,0.70352
32252,-11.43337,-0.30301,0.36242
32253,2.64885,-0.08888,0.13287
32254,2.12677,-0.09873,0.14120
32255,3.28525,-0.07773,0.12281
32256,2.39011,-0.09073,0.13609
32257,9.99821,0.27908,0.62931
32258,8.90519,0.26281,0.64875
32259,1.65137,0.05279,0.55174
32260,1.86825,0.06014,0.53996
32261,-7.43490,-0.24244,0.56081
32262,-7.39902,-0.24221,0.55025
32263,-7.14678,-0.23477,0.54058
32264,8.91071,0.21305,0.61802
32265,8.19405,0.20635,0.63446
32266,9.37495,0.22230,0.61022
32267,3.87576,-0.07623,0.11734
32268,2.35632,-0.10074,0.13930
32269,3.38288,-0.08539,0.12499
32270,-8.44255,0.00533,0.02768
32271,-8.60647,0.00383,0.02299
32272,-1.16323,0.07258,0.14662
32273,-1.49131,0.07004,0.14038
32274,-0.92976,0.07426,0.15130
32275,-1.45287,0.06482,0.13901
32276,-4.39198,-0.07829,0.40740
32277,-4.59216,-0.08065,0.42902
32278,-4.53731,-0.08206,0.39594
32279,-13.86065,-0.37799,0.47094
32280,-1.02359,0.03775,0.87060
32281,-0.63217,0.04313,0.86034
32282,-1.03031,0.04344,0.86643
32283,-0.18969,0.04647,0.84989
32284,-0.25338,0.05162,0.84901
32285,-0.29318,0.09968,0.74959
32286,6.84891,-0.00635,0.03393
32287,6.21808,-0.01011,0.04485
32288,6.71442,-0.00822,0.03904
32289,7.41666,-0.00319,0.02265
32290,6.59646,-0.00637,0.03489
32291,0.75066,0.02724,0.22088
32292,0.21296,0.02074,0.18882
32293,1.54054,-0.04485,0.12779
32294,2.35832,-0.03407,0.10655
32295,2.54990,-0.02904,0.09891
32296,3.06093,0.11402,0.36326
32297,3.06127,0.11600,0.35153
32298,2.73875,0.10240,0.35942
32299,-11.47794,-0.31610,0.35938
32300,-10.94291,-0.30892,0.34502
32301,-11.90447,-0.32083,0.37244
32302,11.50461,0.36416,0.36709
32303,10.86887,0.35388,0.35073
32304,10.97154,0.35357,0.35189
32305,-3.14736,0.01192,0.08520
32306,-4.24642,-0.13398,0.66038
32307,-1.74174,0.11594,0.14939
32308,1.66966,0.03052,0.36559
32309,13.71544,-0.06233,0.88215
32310,-0.21676,0.12025,0.16814
32311,-0.95212,-0.03075,0.73804
32312,-1.21602,-0.03944,0.73807
32313,-0.80683,-0.02653,0.74793
32314,-1.05193,-0.03476,0.74808
32315,9.48671,0.30818,0.57765
32316,9.37755,0.30409,0.59359
32317,-13.28788,0.02972,0.92388
32318,-0.72023,0.00123,0.04574
32319,-0.51657,0.00127,0.05393
32320,-2.53949,-0.13084,0.25468
32321,-2.63944,-0.13085,0.26119
32322,-2.54374,-0.12589,0.26126
32323,0.77111,-0.11221,0.75601
32324,-8.41043,-0.30391,0.39462
32325,-8.49320,-0.30806,0.38936
32326,-8.31659,-0.29984,0.39811
32327,2.17857,-0.03180,0.10684
32328,0.83587,0.01461,0.57796
32329,0.52347,-0.08891,0.83511
32330,-0.03717,-0.09969,0.82485
32331,-0.57848,-0.10242,0.81795
32332,1.45193,-0.07877,0.84825
32333,15.78697,-0.05674,0.87755
32334,9.39956,-0.01164,0.04969
32335,10.54536,-0.00695,0.03644
32336,10.82366,-0.00656,0.03501
32337,8.24162,-0.01657,0.06188
32338,9.44224,-0.01021,0.04670
32339,12.01455,-0.01582,0.04176
32340,11.83673,0.35872,0.59399
32341,11.22232,0.34387,0.61365
32342,11.36164,0.34891,0.60804
32343,2.97052,0.11055,0.75717
32344,2.47045,0.10159,0.77464
32345,2.58827,0.09891,0.76560
32346,2.48044,0.10644,0.77734
32347,0.41401,-0.02245,0.14264
32348,0.30763,-0.02076,0.14714
32349,0.09148,-0.00009,0.90719
32350,-0.51090,0.00052,0.90795
32351,-10.09562,-0.29535,0.63458
32352,-8.46301,-0.27094,0.66297
32353,-9.12800,-0.27838,0.65131
32354,-4.95181,0.07284,0.10886
32355,-4.65048,0.07555,0.11197
32356,-7.44851,-0.28992,0.33659
32357,-7.64044,-0.29560,0.33877
32358,3.27178,0.05981,0.37712
32359,2.67413,0.04869,0.37307
32360,1.42892,-0.01298,0.09141
32361,1.37389,-0.01636,0.10000
32362,1.76507,-0.00998,0.07684
32363,12.00909,-0.01699,0.04347
32364,6.88015,0.22420,0.65677
32365,-0.61861,0.06203,0.84960
32366,9.52477,-0.05584,0.83889
32367,8.66523,-0.05769,0.83275
32368,2.15195,-0.11324,0.14417
32369,-3.43665,-0.10988,0.56516
32370,-3.75611,-0.12064,0.55924
32371,-3.81908,-0.12370,0.54259
32372,-8.72065,-0.16526,0.52081
32373,17.92274,-0.03098,0.92308
32374,23.42035,-0.01471,0.94968
32375,-6.92735,0.01513,0.93788
32376,-7.72224,0.00934,0.95201
32377,-5.11930,-0.22027,0.29847
32378,-5.10908,-0.21697,0.30309
32379,-4.43976,-0.20663,0.27639
32380,5.04808,-0.00489,0.03464
32381,4.43739,-0.00844,0.04809
32382,-0.50633,-0.00902,0.59508
32383,-0.03990,-0.00533,0.19302
32384,6.05702,-0.05587,0.09338
32385,5.15653,-0.06444,0.10312
32386,-3.37822,0.00145,0.02287
32387,-2.06297,0.00479,0.07182
32388,-13.08657,-0.40144,0.45295
32389,-12.83177,-0.39857,0.43633
32390,-12.86591,-0.39998,0.44283
32391,-6.02281,0.04278,0.08432
32392,-5.57265,0.04700,0.08978
32393,-6.31644,0.03811,0.07928
32394,-4.97475,0.05396,0.09789
32395,-5.44507,0.04677,0.09044
32396,1.32243,0.16522,0.74166
32397,1.41522,0.16327,0.73937
32398,-0.79204,0.05961,0.15926
32399,0.13862,0.06926,0.17600
32400,-12.45352,-0.33809,0.38799
32401,11.54816,-0.01357,0.03878
32402,10.46807,-0.02114,0.05043
32403,11.21197,-0.01504,0.04148
32404,2.48111,0.11920,0.21103
32405,3.46081,0.13111,0.22762
32406,3.09359,0.12876,0.22042
32407,-5.74364,-0.25387,0.28625
32408,-5.12899,-0.23938,0.27327
32409,-9.52929,-0.31141,0.65362
32410,-9.72127,-0.31439,0.64978
32411,10.70788,0.32092,0.62718
32412,-1.23754,-0.07554,0.23116
32413,-1.50064,-0.08235,0.24347
32414,-1.40753,-0.08245,0.23577
32415,4.66123,0.16753,0.39954
32416,4.42085,0.16066,0.38847
32417,4.75128,0.16894,0.41063
32418,-1.13622,-0.09533,0.20994
32419,5.86080,-0.00061,0.01419
32420,5.03114,-0.00164,0.02734
32421,5.66259,-0.00050,0.01243
32422,5.16903,-0.00202,0.03015
32423,-0.14087,-0.00544,0.35225
32424,-0.04111,-0.00173,0.33652
32425,-1.84896,-0.04942,0.67902
32426,-12.44413,0.07042,0.87272
32427,12.52223,0.38474,0.54723
32428,12.72570,0.39082,0.53220
32429,8.24929,0.17825,0.60339
32430,-2.03204,0.03581,0.13199
32431,2.63477,0.04620,0.40958
32432,-1.55370,-0.05389,0.42827
32433,-1.36708,-0.04712,0.43635
32434,-1.66559,-0.05715,0.44260
32435,1.57947,0.15841,0.73563
32436,4.80046,-0.00149,0.01894
32437,5.07299,-0.00049,0.00962
32438,-4.02296,-0.06918,0.45405
32439,-4.32808,-0.07426,0.47193
32440,-3.72215,-0.06386,0.44875
32441,-9.97212,-0.30649,0.64194
32442,-9.98833,-0.30476,0.64082
32443,-10.79212,-0.31975,0.62479
32444,-8.89674,-0.28927,0.66156
32445,-9.07328,-0.29019,0.65763
32446,5.57782,-0.06658,0.10220
32447,6.10633,-0.06909,0.81050
32448,4.33962,-0.08082,0.79291
32449,-6.75927,-0.13304,0.59087
32450,-6.82431,-0.13170,0.58028
32451,-7.49012,-0.14214,0.55985
32452,12.28009,0.37354,0.38853
32453,12.60634,0.37887,0.40059
32454,12.33169,0.38838,0.52072
32455,12.43167,0.39345,0.49911
32456,12.44674,0.39141,0.51352
32457,-0.54516,-0.03901,0.19512
32458,-0.97467,-0.04160,0.21249
32459,6.24117,-0.07125,0.10287
32460,7.14298,-0.06136,0.09394
32461,5.98117,-0.07427,0.10569
32462,12.45936,0.39544,0.48711
32463,8.14450,-0.03180,0.06718
32464,8.89564,-0.02469,0.05812
32465,-5.73148,-0.23874,0.72227
32466,-5.29926,-0.23045,0.72930
32467,-4.58605,-0.22034,0.73926
32468,3.27126,-0.04292,0.10338
32469,1.38207,0.05005,0.70317
32470,12.74532,0.35484,0.56964
32471,12.24446,0.34445,0.58644
32472,-4.52733,-0.09580,0.31529
32473,-4.82099,-0.09799,0.33254
32474,-5.03534,-0.10249,0.33408
32475,-6.36864,-0.27783,0.26964
32476,-5.83509,-0.26734,0.26114
32477,-8.16774,0.04735,0.08027
32478,-6.47973,0.06512,0.09751
32479,-11.72072,-0.36223,0.36915
32480,9.00201,0.17866,0.41201
32481,-5.95492,-0.25936,0.29029
32482,-6.59610,-0.27406,0.30537
32483,11.36337,0.38033,0.39953
32484,3.84206,0.17123,0.22246
32485,5.22691,0.16751,0.57865
32486,0.18797,0.02624,0.84134
32487,-0.04654,0.01667,0.85670
32488,8.15316,-0.04210,0.08308
32489,6.76547,-0.05434,0.09690
32490,6.86926,-0.05241,0.09570
32491,8.25973,-0.04180,0.08212
32492,-1.56395,0.00369,0.94455
32493,-1.95653,0.00320,0.95241
32494,-11.15151,-0.33500,0.61804
32495,-10.62241,-0.32345,0.63001
32496,-1.51568,-0.05805,0.34154
32497,-1.27814,-0.04920,0.33847
32498,-1.33305,-0.05250,0.32601
32499,-11.42131,0.00223,0.01484
32500,-11.56769,0.00175,0.01284
32501,-11.84255,0.00104,0.00947
32502,-12.21364,0.00084,0.00763
32503,0.19405,-0.15505,0.17056
32504,19.75814,-0.01556,0.94817
32505,16.62213,-0.02806,0.92735
32506,-12.40370,-0.35634,0.58263
32507,-11.82487,-0.34499,0.60010
32508,-12.91155,-0.36844,0.56304
32509,-12.71759,-0.36609,0.57057
32510,-11.70369,-0.24909,0.50090
32511,-11.84389,-0.25340,0.47897
32512,-11.94642,-0.25694,0.49093
32513,-11.48089,-0.24217,0.50759
32514,-10.76286,-0.34169,0.61402
32515,-10.65281,-0.33933,0.61531
32516,-10.29711,-0.33056,0.62816
32517,6.27605,-0.05640,0.09304
32518,0.52174,-0.01616,0.12934
32519,0.61237,-0.01389,0.12044
32520,9.64854,-0.00705,0.03035
32521,10.70844,-0.00288,0.01760
32522,10.02658,-0.00450,0.02318
32523,11.53496,-0.00112,0.00970
32524,11.65291,-0.00089,0.00799
32525,-3.94776,-0.20059,0.22075
32526,0.09297,-0.14798,0.17317
32527,-0.44631,-0.15684,0.18115
32528,-0.93710,-0.16703,0.18833
32529,0.94878,-0.13303,0.16098
32530,0.97202,0.05753,0.81356
32531,-11.50201,-0.36226,0.58010
32532,0.89043,-0.15050,0.76478
32533,7.87506,0.25909,0.65272
32534,10.70594,0.23492,0.56482
32535,-4.25059,0.00155,0.02079
32536,-4.09229,0.00267,0.02845
32537,16.08478,-0.05547,0.88033
32538,10.81684,0.34994,0.55129
32539,11.00104,0.35555,0.54563
32540,10.92601,0.35155,0.56103
32541,10.69906,0.34797,0.54152
32542,9.33467,-0.02662,0.86494
32543,11.02684,-0.02398,0.87741
32544,6.39600,-0.03718,0.83297
32545,-3.07609,-0.09873,0.70870
32546,4.77931,0.08500,0.42125
32547,4.80038,0.08695,0.40198
32548,4.96037,0.08719,0.44192
32549,5.13767,0.09179,0.42341
32550,5.61461,0.24142,0.72138
32551,0.98347,-0.15603,0.76905
32552,1.54706,-0.15227,0.77495
32553,3.36562,-0.13595,0.79000
32554,5.48575,0.09853,0.55751
32555,1.24455,0.08475,0.19578
32556,1.55381,0.09254,0.20017
32557,6.31888,0.27231,0.28942
32558,0.02692,0.03236,0.17367
32559,-0.16176,0.02927,0.16097
32560,-0.21570,0.01790,0.75504
32561,-0.11925,0.04196,0.85006
32562,-0.43364,0.03453,0.86168
32563,-0.00966,0.03757,0.84857
32564,4.28175,0.17587,0.31445
32565,-5.24451,-0.09155,0.46077
32566,-3.29111,-0.20279,0.23233
32567,-3.54034,-0.20642,0.23828
32568,4.70805,0.09922,0.31784
32569,4.69168,0.10133,0.30996
32570,-7.87460,0.08809,0.85795
32571,7.27172,0.16578,0.62637
32572,7.55005,0.17260,0.62434
32573,11.10660,0.23642,0.43031
32574,3.73791,-0.00915,0.05417
32575,4.16228,-0.00661,0.04436
32576,3.42637,-0.01245,0.06435
32577,6.04142,-0.03441,0.07766
32578,5.97146,-0.03679,0.08009
32579,6.75056,-0.02849,0.06891
32580,5.36390,-0.04100,0.08672
32581,5.26089,-0.04390,0.08956
32582,4.59055,0.24193,0.23831
32583,3.77434,0.22620,0.22554
32584,5.51689,0.25991,0.25310
32585,-12.23793,0.01837,0.04760
32586,-12.72304,0.01585,0.04349
32587,-11.76208,0.02104,0.05176
32588,13.45836,0.35743,0.43391
32589,-9.35914,-0.34068,0.35904
32590,10.38638,0.20693,0.47874
32591,10.34886,0.20619,0.49924
32592,12.59754,0.37422,0.56754
32593,12.47429,0.37363,0.57029
32594,12.73128,0.37482,0.56421
32595,-1.50770,0.00788,0.09698
32596,-1.10880,0.01067,0.11681
32597,8.68188,0.20626,0.33198
32598,9.26252,0.21297,0.34999
32599,-0.50854,0.07373,0.15992
32600,-0.05246,0.08459,0.17214
32601,-5.86417,0.06679,0.10055
32602,-10.33148,-0.25396,0.35300
32603,-10.90599,-0.26112,0.37162
32604,-12.57987,-0.39667,0.49520
32605,-12.69342,-0.39755,0.49880
32606,-12.63417,-0.39863,0.48413
32607,-12.61571,-0.39358,0.51743
32608,-6.68065,-0.22421,0.67875
32609,6.96993,0.29064,0.29007
32610,-7.83261,-0.22315,0.65374
32611,-7.57634,-0.22267,0.65938
32612,-6.45879,-0.20738,0.67521
32613,-19.08439,0.04305,0.89698
32614,-0.40693,-0.00783,0.33400
32615,9.19037,-0.00247,0.01686
32616,-12.78417,-0.39748,0.50555
32617,-12.76237,-0.39446,0.52008
32618,-15.48223,0.00199,0.01382
32619,-14.38545,0.00485,0.02349
32620,-15.26518,0.00272,0.01627
32621,-15.98378,0.00143,0.01035
32622,1.89107,0.18240,0.20343
32623,1.57136,0.17525,0.19856
32624,2.53176,0.19515,0.21391
32625,-6.83956,-0.28757,0.27863
32626,-7.28345,-0.29623,0.28595
32627,-6.32019,-0.27719,0.26987
32628,2.11976,0.09560,0.78534
32629,1.74646,-0.11117,0.15066
32630,2.71129,-0.10018,0.13992
32631,4.54814,-0.02982,0.82568
32632,8.34576,-0.06566,0.82793
32633,4.44180,0.14036,0.60913
32634,8.37221,-0.00855,0.04606
32635,7.78477,-0.01172,0.05542
32636,9.21485,-0.00633,0.03820
32637,8.21678,-0.00096,0.01057
32638,-8.69914,-0.32517,0.31538
32639,4.21208,-0.01388,0.08107
32640,6.60665,-0.05587,0.09083
32641,-9.67024,-0.34618,0.34186
32642,-10.49448,-0.33671,0.60437
32643,-10.17683,-0.32806,0.61398
32644,-4.78457,0.03951,0.08922
32645,-4.42957,0.04532,0.09614
32646,9.38863,0.30335,0.65502
32647,8.84892,0.29305,0.66440
32648,10.13065,0.31732,0.64055
32649,2.10517,0.16461,0.19700
32650,-9.98579,-0.20710,0.40973
32651,1.04245,-0.07376,0.14942
32652,-3.30939,0.01689,0.09561
32653,-1.48152,0.09192,0.15244
32654,-2.24330,0.08270,0.14296
32655,-0.91069,0.09637,0.15953
32656,5.50943,0.14416,0.66053
32657,1.96887,0.07492,0.34644
32658,-12.08002,-0.34429,0.59274
32659,-1.15679,0.06998,0.76175
32660,0.39658,0.01992,0.25326
32661,9.19917,0.33076,0.31934
32662,8.68964,0.32153,0.30960
32663,-1.35258,0.02545,0.88770
32664,1.31642,0.05397,0.78903
32665,1.20588,0.04803,0.78729
32666,1.15822,0.05293,0.79969
32667,11.16717,-0.02555,0.05677
32668,9.84004,-0.03557,0.06906
32669,12.03160,-0.02066,0.04974
32670,-7.10079,0.04917,0.08493
32671,3.80083,0.17812,0.27434
32672,3.60159,0.17062,0.27174
32673,-1.97882,-0.03301,0.48178
32674,-1.90047,-0.03194,0.46036
32675,-2.21427,-0.03710,0.46661
32676,-3.89393,-0.16695,0.22453
32677,10.12883,0.26618,0.61917
32678,11.12450,0.27950,0.59519
32679,10.25833,0.26436,0.61373
32680,10.53697,0.35729,0.45191
32681,10.53688,0.35549,0.46287
32682,10.71477,0.36224,0.45146
32683,10.78951,0.36209,0.46495
32684,8.60231,0.28975,0.66468
32685,9.11410,0.30129,0.65076
32686,-1.03814,0.03696,0.76930
32687,8.98721,-0.03112,0.06438
32688,8.50724,-0.03613,0.07013
32689,10.44619,0.35093,0.47289
32690,0.46877,-0.02641,0.15909
32691,-10.20900,0.02100,0.05864
32692,1.46874,-0.01004,0.08250
32693,1.49660,-0.00790,0.07471
32694,-0.23302,-0.17568,0.77559
32695,-0.23062,-0.17481,0.77742
32696,7.69382,0.19205,0.63692
32697,8.54335,0.19994,0.61742
32698,11.91244,-0.02061,0.93603
32699,9.95665,-0.02900,0.92191
32700,13.64485,-0.01062,0.95555
32701,-0.41397,0.04989,0.85274
32702,-1.82181,0.00358,0.94839
32703,-1.79311,0.00230,0.95718
32704,3.62232,0.06161,0.49819
32705,14.30852,-0.00277,0.01475
32706,14.82246,-0.00148,0.00948
32707,-1.08609,-0.17285,0.18940
32708,-0.23660,-0.15683,0.17725
32709,-1.57434,-0.18260,0.19623
32710,-12.21456,-0.38121,0.54848
32711,6.50065,0.24731,0.69302
32712,6.86906,0.25390,0.68899
32713,8.11965,0.27096,0.67036
32714,6.48203,0.24967,0.69499
32715,0.05008,-0.11858,0.17368
32716,-0.88827,-0.13688,0.19170
32717,4.99535,0.18211,0.72675
32718,4.81316,0.18149,0.73347
32719,-8.04897,-0.26136,0.62647
32720,-8.41461,-0.27292,0.60948
32721,-0.72987,-0.12939,0.18064
32722,-5.38146,0.07475,0.10720
32723,-5.81587,0.06828,0.10169
32724,-4.46910,-0.14520,0.69574
32725,-4.59517,-0.15131,0.70246
32726,-0.54137,0.05314,0.85316
32727,-0.05122,0.05961,0.84198
32728,6.21146,-0.06803,0.09998
32729,5.57622,-0.07630,0.10718
32730,6.66893,-0.06327,0.09549
32731,-6.07304,-0.21460,0.42329
32732,-8.14169,-0.18857,0.33029
32733,-7.56177,-0.18042,0.31540
32734,-7.67943,-0.18450,0.31531
32735,-1.04713,0.02229,0.11816
32736,2.66247,-0.09169,0.13362
32737,3.64135,-0.07651,0.11931
32738,2.33050,-0.09885,0.13902
32739,5.42909,0.09544,0.53437
32740,5.12049,0.09016,0.54342
32741,-11.82539,-0.36231,0.37142
32742,0.30534,-0.08132,0.83654
32743,1.01235,-0.07217,0.84841
32744,1.36324,-0.07334,0.85084
32745,-0.41239,-0.08825,0.82479
32746,0.04453,-0.07959,0.83412
32747,-12.36432,0.01645,0.04285
32748,4.89426,-0.05046,0.88732
32749,3.96786,-0.05446,0.88018
32750,3.13996,-0.06605,0.86703
32751,2.68038,0.20139,0.20622
32752,1.67281,0.18471,0.19307
32753,4.81373,-0.00964,0.04942
32754,-5.83926,-0.26674,0.25898
32755,11.17575,0.32654,0.34959
32756,11.38385,-0.01966,0.05214
32757,9.87628,-0.02967,0.06653
32758,9.05278,-0.03612,0.07458
32759,-14.03504,0.01926,0.93968
32760,-12.30906,0.02556,0.92902
32761,-15.50302,0.01246,0.95283
32762,-12.92491,0.01995,0.93780
32763,8.20920,0.28294,0.28757
32764,8.09008,0.27891,0.28538
32765,-10.22878,-0.32948,0.60763
32766,-9.85728,-0.31887,0.61541
32767,0.00074,0.00007,0.12299
32768,5.94440,0.11119,0.39211
32769,5.65578,0.10596,0.38519
32770,5.87312,0.10796,0.40549
32771,4.23266,0.23490,0.23652
32772,5.04408,0.25119,0.24993
32773,3.74069,0.22534,0.22804
32774,4.72484,0.24485,0.24361
32775,11.56833,0.32958,0.36010
32776,11.39680,0.32161,0.35614
32777,-1.70505,-0.05744,0.74946
32778,-1.81983,-0.06313,0.75693
32779,-0.67509,-0.09698,0.81848
32780,-1.81494,-0.10793,0.79695
32781,-2.63847,-0.19582,0.21682
32782,-3.43640,-0.21188,0.23086
32783,-1.20267,-0.02300,0.33436
32784,-0.97580,-0.01835,0.34208
32785,-8.21209,0.02107,0.06759
32786,-8.72202,0.01907,0.06303
32787,-7.06229,0.02755,0.08025
32788,-7.01538,0.02940,0.08216
32789,-3.35589,0.08894,0.12673
32790,-3.50457,0.08498,0.12405
32791,2.73022,-0.05691,0.78370
32792,1.62155,-0.06124,0.76853
32793,0.48816,-0.07062,0.75095
32794,-8.56386,-0.16042,0.49710
32795,-8.75463,-0.16500,0.47926
32796,-8.82596,-0.16647,0.49475
32797,12.26927,0.26929,0.50275
32798,-9.90373,0.00331,0.02013
32799,-10.57532,0.00211,0.01557
32800,-13.89384,-0.37462,0.48156
32801,-13.88338,-0.37010,0.49132
32802,-10.91535,0.00953,0.03291
32803,-9.87715,0.01648,0.04553
32804,-9.89592,0.01508,0.04341
32805,-10.97390,0.01037,0.03450
32806,2.68482,-0.05633,0.13300
32807,3.46595,-0.05074,0.12278
32808,-2.80386,-0.05770,0.31053
32809,-2.97510,-0.05820,0.33164
32810,-2.66946,-0.05414,0.31487
32811,-3.26182,-0.06224,0.34648
32812,0.13729,-0.17257,0.77137
32813,-1.04556,-0.18484,0.75929
32814,3.51627,-0.06270,0.12653
32815,4.25266,-0.09031,0.12037
32816,3.69039,-0.09783,0.12685
32817,-0.67127,-0.04673,0.21970
32818,12.57131,-0.01711,0.04467
32819,10.90517,-0.02780,0.05953
32820,11.70944,-0.02218,0.05235
32821,13.29060,-0.01322,0.03819
32822,11.75641,-0.02198,0.05170
32823,-0.75478,0.00392,0.09721
32824,-0.60442,0.00561,0.11617
32825,5.96102,-0.00541,0.04539
32826,-4.86259,0.03886,0.08780
32827,-5.45017,0.03330,0.07943
32828,7.88834,0.28499,0.39796
32829,-2.00471,-0.03773,0.34568
32830,-1.76413,-0.03300,0.34661
32831,-2.29033,-0.04175,0.36868
32832,-6.96348,-0.23041,0.52449
32833,4.27580,0.17127,0.74622
32834,4.63922,0.18037,0.73875
32835,4.32436,0.17669,0.74668
32836,7.66813,-0.00810,0.04708
32837,3.08585,0.13828,0.70758
32838,3.45854,0.13794,0.70118
32839,9.36020,-0.03797,0.07386
32840,7.91757,-0.05040,0.08745
32841,8.16732,-0.04773,0.08500
32842,-7.29651,-0.25656,0.27159
32843,-0.65832,-0.12433,0.17964
32844,-2.92001,0.11380,0.13802
32845,-3.11556,0.11112,0.13589
32846,-8.44367,0.02155,0.06743
32847,-9.46827,0.01396,0.05326
32848,-0.14700,0.00094,0.92066
32849,0.11933,-0.00104,0.91201
32850,-0.37116,0.00153,0.93219
32851,-0.04931,0.00017,0.93552
32852,-2.74034,-0.18388,0.76831
32853,-5.20828,-0.23396,0.72832
32854,-4.41071,-0.21995,0.74046
32855,-6.46608,-0.25456,0.70947
32856,7.70231,0.30327,0.29190
32857,8.17276,0.31137,0.29926
32858,-0.04019,-0.15954,0.17324
32859,-0.14318,0.08889,0.17034
32860,-0.35223,0.08880,0.16732
32861,-1.49484,0.07617,0.15129
32862,0.35015,0.09801,0.17731
32863,8.97781,0.33322,0.33617
32864,8.83734,0.33025,0.33066
32865,-1.63695,-0.18519,0.19680
32866,-1.08257,-0.17460,0.18908
32867,-1.24649,-0.02115,0.43967
32868,-2.65616,-0.12438,0.21296
32869,-2.57912,-0.12102,0.21255
32870,-8.95434,-0.22741,0.32266
32871,1.32563,-0.00301,0.05231
32872,1.38844,-0.00488,0.06324
32873,8.05203,0.27180,0.28454
32874,7.20148,0.25854,0.27004
32875,11.69791,-0.00447,0.02128
32876,10.79960,-0.00836,0.03115
32877,10.85229,-0.00913,0.03278
32878,12.68729,-0.00143,0.01031
32879,11.47403,-0.00462,0.02189
32880,-1.85530,0.08621,0.76831
32881,-7.81505,-0.22376,0.29063
32882,-7.96640,-0.22893,0.29220
32883,-6.97316,-0.21108,0.27506
32884,-7.03749,-0.21449,0.27516
32885,-1.46276,-0.04409,0.69077
32886,-1.39334,-0.04049,0.68832
32887,-7.98727,0.00610,0.03077
32888,-7.31745,0.01031,0.04178
32889,-7.19636,0.00971,0.04110
32890,-9.77307,-0.31531,0.31801
32891,-9.90585,-0.31948,0.32116
32892,8.08294,0.28592,0.28602
32893,8.56978,0.29244,0.29449
32894,8.82102,0.29931,0.29959
32895,7.54124,0.27516,0.27639
32896,-1.61202,0.03065,0.11462
32897,-1.82011,0.02633,0.10606
32898,-1.79234,0.03087,0.11159
32899,-12.11630,-0.39265,0.42274
32900,-12.29205,-0.39569,0.43510
32901,-4.67476,-0.23618,0.25582
32902,-4.09088,-0.22548,0.24281
32903,-8.94403,0.00074,0.01155
32904,-7.61465,-0.24778,0.56906
32905,-7.46004,-0.24165,0.58326
32906,-7.85252,-0.25499,0.57956
32907,1.46387,0.05073,0.76059
32908,1.10331,0.10797,0.18825
32909,1.10847,0.10609,0.18868
32910,5.76786,-0.00587,0.03570
32911,5.46640,-0.00894,0.04504
32912,6.15831,-0.00537,0.03311
32913,5.41554,-0.00656,0.03881
32914,-2.45707,-0.09133,0.76330
32915,-0.09824,-0.16053,0.17388
32916,0.94931,0.11283,0.19725
32917,0.41430,0.10272,0.18386
32918,4.99036,0.19247,0.73312
32919,0.78160,-0.06129,0.15958
32920,-11.91023,-0.38271,0.51002
32921,-3.33261,-0.12112,0.69596
32922,7.96647,0.30301,0.29103
32923,6.28305,0.27085,0.26165
32924,-3.30266,-0.21100,0.74774
32925,-2.87227,-0.12032,0.21882
32926,-2.97598,-0.11926,0.22163
32927,-2.10514,-0.10984,0.20622
32928,-3.66705,-0.13148,0.23222
32929,10.16033,0.33564,0.51696
32930,0.55647,-0.01459,0.12410
32931,-4.64998,0.04900,0.09723
32932,-3.83459,0.05862,0.10916
32933,-6.77321,-0.16168,0.30589
32934,5.47632,0.17490,0.65465
32935,5.25668,0.16715,0.64924
32936,5.15504,0.16461,0.66320
32937,-4.97746,-0.23615,0.26986
32938,2.94900,-0.09426,0.13685
32939,4.30695,-0.07975,0.12225
32940,3.04382,-0.09466,0.13591
32941,3.09120,0.08344,0.25516
32942,3.10203,0.08564,0.25231
32943,-0.04206,0.00293,0.14624
32944,-0.01031,0.00236,0.16019
32945,-0.09382,0.00522,0.14231
32946,-0.04623,0.00611,0.15670
32947,3.37487,0.14134,0.30487
32948,-0.17627,-0.00558,0.71984
32949,-0.29500,-0.00978,0.74957
32950,-0.57535,-0.01854,0.73810
32951,-3.12262,-0.06802,0.64769
32952,-3.06121,-0.06973,0.65514
32953,-3.66303,-0.07492,0.63080
32954,12.92554,0.30778,0.44011
32955,12.72125,0.39951,0.47841
32956,6.73242,0.15201,0.62921
32957,2.69464,0.13737,0.25647
32958,2.29457,0.12922,0.24203
32959,-8.13413,0.05024,0.08480
32960,-9.41112,0.03890,0.07255
32961,-9.43255,0.03857,0.07242
32962,-7.00353,0.06156,0.09585
32963,-8.83843,-0.29408,0.65561
32964,-8.22118,-0.28002,0.67170
32965,-8.41163,-0.28305,0.66482
32966,11.42507,-0.04096,0.85909
32967,-12.49308,-0.31221,0.56203
32968,-12.87293,-0.31857,0.54563
32969,-11.96958,-0.30105,0.57794
32970,-1.51503,-0.14701,0.79271
32971,-0.73393,-0.13272,0.80485
32972,-0.10748,-0.12798,0.81148
32973,-1.42645,-0.15012,0.20193
32974,-1.79260,-0.15535,0.20991
32975,-0.79102,-0.13801,0.18951
32976,-3.01693,-0.13068,0.70658
32977,1.93091,0.13434,0.72537
32978,2.40006,0.13525,0.71864
32979,-11.00815,-0.25958,0.37836
32980,8.51160,-0.02575,0.06027
32981,7.41704,-0.03631,0.07368
32982,9.26800,-0.01954,0.05124
32983,6.24043,0.13525,0.32396
32984,5.89525,0.13279,0.30939
32985,5.53818,0.12640,0.30233
32986,1.33715,-0.04187,0.87175
32987,4.01182,0.16633,0.31019
32988,3.94569,0.16143,0.31511
32989,10.46605,0.25471,0.35715
32990,10.94463,0.26353,0.37007
32991,6.76868,0.20625,0.27179
32992,7.67809,0.21686,0.28990
32993,0.20064,0.01922,0.20140
32994,21.88960,-0.02229,0.91570
32995,23.63797,-0.01694,0.92658
32996,17.48303,-0.03436,0.88947
32997,-2.35026,0.00048,0.02140
32998,-2.03265,0.00117,0.03755
32999,-1.52486,0.00097,0.04017
33000,-1.64894,0.00172,0.05071
33001,-3.67683,-0.14404,0.75324
33002,-3.35616,-0.14069,0.76270
33003,2.59636,-0.02454,0.11399
33004,2.56363,-0.02316,0.11277
33005,-6.61346,-0.24017,0.68769
33006,-19.61068,0.03954,0.90564
33007,-12.64013,-0.37138,0.56964
33008,-12.20712,-0.36055,0.58657
33009,-12.71028,-0.37553,0.56459
33010,-12.26473,-0.36399,0.58343
33011,-2.79256,-0.12359,0.28660
33012,-3.19465,-0.13592,0.29938
33013,2.82885,-0.00156,0.92724
33014,2.18129,-0.00255,0.89965
33015,1.83052,-0.00132,0.91765
33016,12.86085,0.29395,0.48009
33017,-0.23589,-0.00593,0.25531
33018,-7.17078,-0.28255,0.33049
33019,-6.99497,-0.28001,0.32208
33020,-1.43841,-0.13561,0.20601
33021,-1.82725,-0.14639,0.21399
33022,-7.47633,-0.25369,0.27472
33023,-8.10550,-0.26604,0.28549
33024,8.38949,0.31938,0.31127
33025,8.86261,0.32854,0.32011
33026,-1.00761,0.14161,0.15998
33027,0.49862,0.16616,0.17850
33028,8.22519,0.28422,0.67647
33029,9.59557,0.31359,0.64092
33030,11.63314,-0.02564,0.87670
33031,8.80078,-0.03664,0.84855
33032,12.34205,-0.02127,0.88701
33033,-3.19494,0.08127,0.12470
33034,3.78194,0.12992,0.44623
33035,3.54084,0.12249,0.43632
33036,-6.60110,-0.27189,0.30975
33037,-7.01212,-0.28222,0.31841
33038,-11.42233,-0.35749,0.59368
33039,-11.57752,-0.36039,0.59091
33040,3.32679,-0.00497,0.88927
33041,2.26433,-0.00585,0.86533
33042,4.59169,-0.00422,0.90874
33043,-6.88634,0.01430,0.05035
33044,3.22186,-0.07170,0.12081
33045,3.51144,-0.06880,0.11691
33046,-4.88515,0.07418,0.10933
33047,-5.50299,0.06526,0.10133
33048,-4.61158,0.07657,0.11208
33049,-4.25166,-0.16328,0.34758
33050,-3.94075,-0.15426,0.33593
33051,-4.57085,-0.17369,0.35524
33052,-7.18229,-0.25329,0.68241
33053,-5.55095,-0.23141,0.70359
33054,5.90864,-0.06449,0.10586
33055,5.05734,-0.07370,0.11466
33056,4.58694,-0.07782,0.11944
33057,-5.67685,-0.26186,0.25364
33058,-5.38552,-0.25724,0.25031
33059,6.47584,0.24015,0.70869
33060,5.92250,0.22775,0.71920
33061,6.57482,0.23972,0.70567
33062,6.17633,0.24617,0.32923
33063,5.85802,0.23949,0.31733
33064,6.14083,0.24266,0.33410
33065,6.21661,0.20087,0.65817
33066,-3.59124,-0.17620,0.76133
33067,-3.03811,-0.17478,0.76882
33068,0.40036,0.01467,0.36813
33069,0.61974,0.02293,0.36314
33070,0.39726,0.01483,0.35593
33071,4.69838,0.16362,0.43372
33072,4.37365,0.15203,0.43444
33073,8.34654,-0.00172,0.01430
33074,13.05123,-0.01479,0.04039
33075,-10.64131,0.06859,0.87766
33076,-11.10338,0.06230,0.88453
33077,10.16944,0.35655,0.39304
33078,-0.76851,-0.02095,0.24579
33079,0.08153,0.02897,0.84698
33080,0.32026,0.03182,0.83509
33081,0.31385,0.03641,0.83650
33082,0.57088,-0.04857,0.15204
33083,5.30471,0.09620,0.40849
33084,5.46502,0.10047,0.39737
33085,5.39260,0.09655,0.42448
33086,15.81872,-0.01898,0.90308
33087,3.35876,0.12032,0.39738
33088,3.72663,0.13273,0.40478
33089,0.15172,0.12201,0.81400
33090,1.19214,0.13517,0.79991
33091,1.90776,-0.01403,0.91377
33092,2.11023,-0.01552,0.91314
33093,1.56525,-0.01892,0.90001
33094,1.69539,-0.01038,0.10218
33095,1.23604,-0.01259,0.11870
33096,3.73298,-0.06926,0.12625
33097,4.40675,-0.06390,0.11885
33098,-1.75852,-0.04524,0.25718
33099,-2.08884,-0.04815,0.27750
33100,-9.61467,0.02500,0.92689
33101,3.31423,0.07522,0.28683
33102,2.81674,0.06999,0.26653
33103,-6.76818,-0.14826,0.62202
33104,-6.98029,-0.15402,0.62167
33105,-6.49664,-0.14264,0.62456
33106,-8.32777,0.02992,0.85565
33107,-9.85307,0.02689,0.86819
33108,-6.64522,0.03981,0.83308
33109,-6.70103,-0.19099,0.27778
33110,-7.36247,-0.20061,0.29067
33111,3.77338,-0.00197,0.02546
33112,4.27195,-0.00145,0.02032
33113,-6.31058,0.01605,0.07013
33114,-11.76189,-0.26630,0.41571
33115,-11.80849,-0.26333,0.42610
33116,4.22501,0.17445,0.70182
33117,0.19921,0.00645,0.52669
33118,0.48821,0.01589,0.51586
33119,-0.11629,-0.00372,0.53828
33120,-6.57681,0.02255,0.06331
33121,-6.33068,0.02676,0.06915
33122,-5.51823,0.03298,0.07930
33123,-7.53754,0.01459,0.04909
33124,-7.16777,0.01926,0.05706
33125,8.61873,0.17339,0.39321
33126,8.37359,0.16787,0.39019
33127,8.43492,0.17293,0.37871
33128,8.19926,0.16758,0.37577
33129,-10.03045,-0.20263,0.43251
33130,-10.24035,-0.20613,0.44665
33131,-10.22840,-0.20872,0.43065
33132,-7.37907,0.05693,0.09218
33133,-8.26394,0.04881,0.08359
33134,-9.35571,0.03891,0.07320
33135,-3.39881,-0.12276,0.23003
33136,-4.19889,-0.13109,0.24610
33137,-2.40203,-0.11083,0.21212
33138,8.42931,-0.01565,0.04800
33139,-12.17748,-0.33662,0.37847
33140,-11.90234,-0.33545,0.36956
33141,-11.94651,-0.33030,0.37167
33142,5.33115,0.19410,0.38997
33143,4.95917,0.18191,0.38223
33144,5.48791,0.19330,0.42407
33145,0.54967,0.02338,0.21162
33146,-0.02762,0.01703,0.17396
33147,-6.43821,-0.22692,0.70136
33148,-5.82914,-0.21491,0.71690
33149,-8.35799,-0.31345,0.35446
33150,-3.69719,0.09056,0.12927
33151,-9.60007,-0.18943,0.43974
33152,-8.09055,-0.15378,0.42495
33153,-8.29380,-0.15586,0.44579
33154,-7.81007,-0.15091,0.40360
33155,2.83834,-0.09962,0.13430
33156,3.25094,-0.09440,0.12912
33157,-0.33969,0.10913,0.16781
33158,0.44116,0.12314,0.18315
33159,8.07297,0.26838,0.51874
33160,8.07114,0.27046,0.50351
33161,7.76915,0.25778,0.52157
33162,0.38202,0.02500,0.22327
33163,1.71420,-0.03666,0.13786
33164,2.14940,-0.03490,0.13014
33165,2.18815,-0.03130,0.12710
33166,-1.81788,-0.05957,0.51037
33167,-2.17163,-0.07161,0.50114
33168,-6.35592,0.00168,0.02490
33169,-5.99525,0.00135,0.02274
33170,-7.21748,0.00055,0.01231
33171,-6.89292,0.00053,0.01165
33172,-10.81588,-0.35295,0.34875
33173,-10.37983,-0.34711,0.33967
33174,-9.99756,-0.33828,0.32961
33175,-11.80483,-0.25725,0.52424
33176,-5.26862,-0.21811,0.31293
33177,-5.58856,-0.22810,0.31878
33178,-5.33888,-0.21808,0.31857
33179,-11.09746,-0.37330,0.44339
33180,-6.11519,0.06572,0.10494
33181,-5.01880,0.07673,0.11597
33182,-4.70854,0.08094,0.11920
33183,-7.45667,0.05262,0.09176
33184,-6.10065,0.06513,0.10498
33185,4.16707,0.18830,0.22524
33186,6.09440,0.20404,0.49679
33187,5.87247,0.19746,0.48850
33188,6.07049,0.20490,0.48336
33189,-12.74663,-0.30528,0.53879
33190,-12.30461,-0.29713,0.55767
33191,0.87898,0.02727,0.60651
33192,-4.50263,0.09263,0.12124
33193,6.39843,0.25605,0.70475
33194,0.18941,0.09487,0.17519
33195,10.48588,-0.08694,0.84653
33196,-16.83403,0.04560,0.90193
33197,-20.38543,0.03026,0.92284
33198,-5.11013,-0.10539,0.62266
33199,-4.43712,-0.09683,0.64006
33200,7.35933,0.16322,0.33133
33201,7.82778,0.16812,0.34861
33202,6.93167,0.15638,0.32102
33203,-9.49232,0.09115,0.84981
33204,-15.69146,0.05370,0.89034
33205,-11.66361,0.07606,0.86575
33206,13.38418,0.32291,0.49308
33207,-12.32315,0.01266,0.03710
33208,-6.37302,-0.25607,0.70600
33209,-7.73548,-0.27794,0.68563
33210,2.26210,-0.10937,0.77128
33211,3.27719,-0.10626,0.13444
33212,4.61023,-0.08946,0.12032
33213,3.02089,-0.01247,0.92799
33214,-3.46487,0.06464,0.12730
33215,-3.35984,0.06394,0.12818
33216,-2.17488,0.07635,0.14314
33217,-4.86618,0.05113,0.11037
33218,-0.28064,-0.04439,0.18377
33219,13.20534,-0.01414,0.03971
33220,14.43398,-0.00869,0.02960
33221,-5.21101,-0.10035,0.36274
33222,-4.87648,-0.09688,0.34274
33223,-0.66476,-0.14498,0.17862
33224,-1.44216,-0.15435,0.18828
33225,10.69343,0.23475,0.39685
33226,10.95196,0.23584,0.41574
33227,6.73901,0.22685,0.49134
33228,-4.57003,-0.22876,0.73212
33229,-5.98026,-0.24992,0.71304
33230,-5.87738,-0.24805,0.71536
33231,-3.61565,-0.21590,0.74280
33232,-5.14605,-0.18823,0.72491
33233,-5.54757,-0.19524,0.71249
33234,-6.58429,-0.28212,0.27311
33235,6.77442,0.23334,0.26444
33236,6.10094,0.22193,0.25379
33237,-4.11922,-0.07101,0.45110
33238,-4.34647,-0.07572,0.43728
33239,-4.41913,-0.07600,0.46639
33240,5.89917,-0.02974,0.07382
33241,5.75219,-0.03341,0.07815
33242,6.72131,-0.02317,0.06313
33243,5.43685,-0.03359,0.07985
33244,-1.32619,0.02069,0.13140
33245,10.86472,0.32454,0.34195
33246,11.70983,0.34028,0.36406
33247,13.00198,-0.00756,0.02738
33248,12.45227,-0.00937,0.03085
33249,1.26065,0.09744,0.19326
33250,2.35166,0.10913,0.21198
33251,0.41059,0.08673,0.17976
33252,1.54741,0.09846,0.19860
33253,9.79194,-0.02833,0.05983
33254,6.12357,0.27301,0.26715
33255,5.48447,0.26010,0.25618
33256,6.81108,0.28709,0.28005
33257,6.36039,0.27800,0.27264
33258,-11.93383,-0.38547,0.39859
33259,-11.76817,-0.38372,0.39572
33260,2.55725,-0.11913,0.14211
33261,1.19135,-0.13948,0.15792
33262,-0.98614,-0.04445,0.27806
33263,-1.04156,-0.04531,0.28774
33264,-7.99895,-0.26225,0.55111
33265,-7.86116,-0.25651,0.56336
33266,12.15040,0.31856,0.38351
33267,2.90870,0.18731,0.22879
33268,2.30293,0.17414,0.21704
33269,2.36815,0.17737,0.21742
33270,-0.27657,0.01284,0.87441
33271,-7.18357,-0.19166,0.65069
33272,-8.59728,-0.20779,0.62307
33273,0.50787,-0.00990,0.89156
33274,0.67897,-0.01122,0.89512
33275,0.21947,-0.00742,0.88079
33276,0.38206,-0.00703,0.89383
33277,0.35430,-0.15085,0.16750
33278,2.06830,-0.12534,0.14757
33279,3.01166,0.06757,0.28771
33280,-0.86578,0.01351,0.13129
33281,1.29948,0.02509,0.33014
33282,1.49536,0.02907,0.32715
33283,0.99730,0.03708,0.77954
33284,1.24148,0.04628,0.77769
33285,0.33949,-0.12905,0.81352
33286,1.71944,-0.11513,0.82781
33287,0.62052,-0.13111,0.81366
33288,2.04699,-0.10753,0.83391
33289,1.61390,0.18111,0.19187
33290,-15.59749,0.03875,0.87974
33291,4.66030,0.15475,0.68571
33292,4.69567,0.15856,0.68674
33293,-13.36408,0.00792,0.03189
33294,-12.63692,0.01137,0.03936
33295,-8.55152,-0.16151,0.45133
33296,-8.60152,-0.16135,0.47205
33297,-8.39584,-0.15661,0.46788
33298,-8.40650,-0.15637,0.49327
33299,3.69237,-0.03059,0.10751
33300,2.76874,-0.03774,0.12303
33301,3.19230,-0.03578,0.11693
33302,2.15038,-0.00269,0.03925
33303,1.89583,-0.00380,0.04925
33304,2.07242,-0.00441,0.05063
33305,2.15631,-0.00159,0.02998
33306,1.85465,-0.00258,0.04137
33307,11.15635,-0.02419,0.05354
33308,9.98548,-0.03348,0.06486
33309,-0.29283,-0.03964,0.19205
33310,6.09063,0.18935,0.26262
33311,5.17774,0.17674,0.24694
33312,6.29180,0.19426,0.26535
33313,5.42059,0.18203,0.25028
33314,-2.68854,-0.09081,0.46646
33315,-3.06011,-0.10329,0.46920
33316,-2.93267,-0.10010,0.45286
33317,8.99014,0.29281,0.62750
33318,9.28083,0.30163,0.62163
33319,8.87500,0.29049,0.63772
33320,-9.78111,-0.21593,0.58559
33321,-9.49741,-0.20806,0.58868
33322,0.12978,-0.00700,0.14272
33323,-4.64651,-0.15630,0.48355
33324,-4.94817,-0.16716,0.47805
33325,12.05459,0.34960,0.37439
33326,-1.77963,0.06796,0.85744
33327,-2.74009,0.06135,0.86842
33328,-1.10680,0.07244,0.84914
33329,-4.74814,0.01901,0.92424
33330,-3.99870,0.02037,0.91860
33331,5.43882,0.21413,0.72770
33332,5.56803,0.21952,0.72561
33333,-6.61529,-0.11875,0.52607
33334,9.81278,0.31806,0.62511
33335,10.11132,0.32610,0.61702
33336,1.29683,-0.09391,0.15031
33337,0.79958,-0.10396,0.15966
33338,0.12818,0.00203,0.49046
33339,-0.13849,-0.00251,0.49413
33340,0.02496,0.00024,0.51924
33341,-0.13636,-0.00246,0.46819
33342,9.87272,0.34835,0.39668
33343,9.54319,0.34050,0.38929
33344,9.85352,0.34696,0.40162
33345,13.60817,0.38740,0.45011
33346,13.49626,0.38403,0.43945
33347,-4.37075,-0.23787,0.23895
33348,-4.50632,-0.24033,0.24191
33349,-5.29632,-0.25653,0.25458
33350,-12.22015,-0.38952,0.40731
33351,-9.05487,-0.31325,0.44711
33352,6.01179,0.23310,0.71799
33353,6.52012,0.24458,0.70868
33354,-5.33143,-0.19214,0.68978
33355,-5.00365,-0.18582,0.69254
33356,-6.52208,-0.20230,0.67142
33357,-3.25504,0.01920,0.09890
33358,-2.77531,0.02134,0.10758
33359,-2.54102,0.02406,0.11418
33360,-3.94638,0.01616,0.08702
33361,-3.73237,-0.06518,0.42235
33362,-3.87593,-0.06692,0.44127
33363,8.37903,-0.05675,0.88886
33364,0.05387,0.10560,0.17229
33365,-1.10151,0.09264,0.15713
33366,1.27380,0.08448,0.19693
33367,1.09280,0.07981,0.19418
33368,7.62309,0.17957,0.31906
33369,8.25422,0.18818,0.33620
33370,7.98032,0.18741,0.32448
33371,-11.05261,-0.35428,0.56684
33372,-10.80088,-0.34637,0.58019
33373,-10.50812,-0.33754,0.59449
33374,-10.69275,-0.34262,0.59097
33375,-12.57780,0.01666,0.04386
33376,-13.28400,0.01276,0.03728
33377,5.12205,-0.02092,0.84671
33378,6.10152,-0.01600,0.86659
33379,4.41437,-0.02076,0.84003
33380,3.63689,0.16207,0.22085
33381,2.12310,-0.05196,0.87152
33382,1.42045,0.04368,0.66169
33383,1.62572,0.05007,0.66901
33384,-3.66471,-0.15231,0.30856
33385,-3.37761,-0.14446,0.29794
33386,6.12241,-0.00267,0.93498
33387,-0.87342,0.01711,0.13774
33388,-0.49454,0.02147,0.15498
33389,-7.70005,-0.15409,0.37896
33390,-8.05615,-0.15853,0.39676
33391,0.91180,0.02816,0.61981
33392,-3.47369,-0.17037,0.26505
33393,0.94020,-0.02595,0.77514
33394,-6.09914,-0.18365,0.26594
33395,-1.15146,0.10457,0.15699
33396,-1.80626,0.09553,0.14901
33397,4.57530,0.22789,0.26008
33398,-0.39090,0.06617,0.16133
33399,-0.71975,0.06300,0.15254
33400,-0.06724,0.07039,0.17091
33401,-0.36194,0.06351,0.16160
33402,-0.96705,0.07061,0.14957
33403,1.29879,-0.04272,0.14640
33404,12.22013,0.39447,0.45407
33405,7.08601,0.18196,0.64638
33406,5.81877,0.16816,0.66823
33407,-0.63141,-0.05949,0.73001
33408,-9.94611,0.02650,0.05789
33409,-8.02373,0.04415,0.07812
33410,-0.68435,0.00341,0.07287
33411,-0.73119,0.00520,0.08339
33412,1.04066,-0.08616,0.75864
33413,-5.22761,-0.22543,0.29776
33414,-4.76293,-0.21727,0.28137
33415,-4.74109,-0.21437,0.28379
33416,13.51961,0.35317,0.52716
33417,3.42838,0.20217,0.72577
33418,4.57376,0.21462,0.71226
33419,3.35144,0.20294,0.72786
33420,5.51552,0.22726,0.70199
33421,3.17363,0.18318,0.21068
33422,3.19475,0.18134,0.21110
33423,2.67483,0.17770,0.20410
33424,1.80102,0.16407,0.19286
33425,-13.22853,-0.39588,0.51913
33426,7.48899,0.20804,0.65343
33427,3.03588,0.16122,0.21099
33428,2.69366,0.15860,0.20591
33429,3.91237,0.17214,0.22373
33430,-2.82304,-0.19154,0.22430
33431,-2.51653,-0.18694,0.21778
33432,-2.04680,-0.17589,0.20987
33433,10.33190,-0.03172,0.06481
33434,-8.84582,-0.27272,0.29983
33435,4.48000,0.19577,0.74554
33436,5.10216,0.20727,0.73410
33437,4.81782,0.20433,0.73959
33438,5.62088,0.21557,0.72355
33439,5.81676,0.22280,0.72073
33440,-5.10498,-0.08916,0.44946
33441,5.16670,0.21631,0.70264
33442,-1.71739,0.08435,0.14927
33443,-2.28000,0.07696,0.14202
33444,-0.82965,0.09173,0.16065
33445,-3.28841,0.06828,0.12987
33446,-2.44258,-0.19500,0.73915
33447,-0.55132,-0.17470,0.75767
33448,-1.77550,-0.18609,0.74490
33449,1.15441,-0.15840,0.77369
33450,0.90383,-0.15937,0.77042
33451,-0.42819,0.00276,0.10481
33452,3.30859,-0.03672,0.80475
33453,1.85977,-0.04363,0.77996
33454,4.18879,-0.03048,0.82178
33455,4.60290,-0.00669,0.05744
33456,4.73014,-0.00491,0.04925
33457,-3.80335,-0.13658,0.39761
33458,-4.09457,-0.14568,0.40776
33459,-4.08057,-0.14694,0.39597
33460,2.14773,-0.01879,0.11393
33461,2.16691,0.18917,0.19876
33462,2.76498,0.19825,0.20644
33463,3.32426,0.20835,0.21404
33464,0.73350,0.16619,0.18075
33465,1.69401,0.18046,0.19256
33466,-8.11196,-0.28394,0.28574
33467,-8.90127,-0.29861,0.30035
33468,-9.07019,-0.29893,0.30317
33469,-7.43100,-0.27341,0.27417
33470,-4.87075,-0.15759,0.55295
33471,-5.21166,-0.16831,0.56099
33472,-5.29623,-0.17208,0.54840
33473,-4.58023,-0.14729,0.56366
33474,-4.94124,-0.15877,0.56972
33475,-2.47020,0.00594,0.86801
33476,-4.28608,-0.07703,0.39903
33477,-4.56187,-0.08054,0.42257
33478,3.65766,0.21519,0.23597
33479,3.31097,-0.09378,0.13316
33480,3.41878,-0.09330,0.13202
33481,2.89824,0.20742,0.74617
33482,2.90260,0.20743,0.74729
33483,4.43157,0.22757,0.72913
33484,2.20153,0.19843,0.75587
33485,5.36884,0.17775,0.68280
33486,6.46759,0.19021,0.66653
33487,7.61203,0.20260,0.64708
33488,6.51764,0.18695,0.66433
33489,-10.86419,0.03135,0.91985
33490,7.45613,-0.00849,0.03741
33491,7.86557,-0.00583,0.02999
33492,-2.39718,0.00418,0.88196
33493,-2.78531,0.00558,0.87530
33494,-1.81234,0.00732,0.84348
33495,-2.88534,0.00212,0.91686
33496,8.07823,0.26164,0.60908
33497,-2.79838,-0.17705,0.20593
33498,6.32290,0.20296,0.59651
33499,5.48916,0.11614,0.62554
33500,-10.00239,-0.35411,0.38000
33501,6.92726,0.25650,0.37721
33502,6.86530,0.25787,0.36573
33503,6.96462,0.25526,0.38615
33504,4.73150,-0.11449,0.83331
33505,5.52408,-0.10522,0.84195
33506,9.47174,0.18229,0.49088
33507,9.29490,0.17786,0.48588
33508,9.66666,0.18778,0.47086
33509,9.42614,0.18151,0.47425
33510,3.97338,0.15646,0.33276
33511,3.69422,0.14861,0.32167
33512,3.97994,0.15914,0.32526
33513,7.70203,-0.01313,0.05875
33514,6.62274,-0.01919,0.07354
33515,-4.07814,-0.23174,0.22921
33516,-4.48076,-0.23978,0.23602
33517,2.49344,0.13645,0.78273
33518,-10.57496,-0.23360,0.56999
33519,-10.10535,-0.22610,0.58365
33520,6.37014,0.14156,0.62946
33521,0.53622,0.16438,0.17835
33522,-1.53482,0.13337,0.15384
33523,-2.39005,0.12107,0.14407
33524,-2.82496,0.11477,0.13923
33525,-0.34324,0.15151,0.16786
33526,-11.44086,-0.35585,0.36056
33527,0.56670,-0.00018,0.01941
33528,0.44394,-0.00039,0.03285
33529,0.79811,-0.00048,0.02716
33530,0.25112,-0.00011,0.02327
33531,-8.93280,-0.31897,0.40271
33532,2.67097,0.05992,0.65458
33533,0.48629,-0.13798,0.16719
33534,1.87676,-0.11305,0.14709
33535,10.63316,-0.02832,0.86906
33536,9.88948,-0.03378,0.85860
33537,0.61013,-0.06618,0.15623
33538,0.20605,-0.07108,0.16732
33539,0.59599,-0.06223,0.15552
33540,-4.82038,-0.11419,0.28749
33541,-4.65784,-0.10966,0.28743
33542,-5.34629,-0.12144,0.30167
33543,-5.36607,-0.11887,0.30799
33544,0.00460,0.00024,0.22802
33545,-4.56417,-0.16283,0.40720
33546,-4.27162,-0.15383,0.39676
33547,-8.72339,0.01610,0.05919
33548,-8.63341,0.01760,0.06149
33549,9.39379,0.33623,0.32615
33550,9.92646,0.34600,0.33757
33551,0.41592,0.13932,0.18166
33552,2.58401,0.19982,0.21311
33553,0.97467,0.11837,0.80805
33554,0.18304,0.10538,0.82109
33555,0.90384,0.11142,0.81108
33556,1.05003,0.12480,0.80501
33557,-0.14354,0.10696,0.82330
33558,-12.99735,0.01298,0.03716
33559,-11.56265,0.02169,0.05036
33560,5.54990,0.14552,0.27696
33561,-3.76492,0.06144,0.87342
33562,-3.49987,0.06838,0.86683
33563,-2.31117,0.07698,0.85487
33564,7.23098,0.29432,0.28382
33565,7.40148,0.29837,0.28832
33566,6.58361,0.28173,0.27287
33567,11.73019,0.38739,0.42455
33568,10.99996,0.37423,0.39509
33569,-5.88678,-0.18790,0.62923
33570,2.23136,-0.00026,0.01541
33571,2.66288,-0.00030,0.01516
33572,1.73350,-0.00166,0.04850
33573,1.85602,-0.00074,0.03085
33574,0.02943,0.03673,0.84760
33575,-12.41561,0.01479,0.04020
33576,-13.46004,0.00968,0.03123
33577,-10.32024,-0.26237,0.61071
33578,7.52223,0.27308,0.69135
33579,8.10730,0.28374,0.68026
33580,-12.80862,-0.40096,0.45184
33581,0.74592,0.01492,0.31362
33582,-5.11066,-0.16896,0.51313
33583,-4.50085,-0.20689,0.22895
33584,0.34444,-0.13665,0.80920
33585,0.67424,-0.13564,0.81112
33586,3.95608,-0.03663,0.81203
33587,0.49884,-0.05203,0.75404
33588,12.25195,0.26852,0.47973
33589,12.19043,0.26823,0.45877
33590,-2.73123,-0.08490,0.66029
33591,-2.47303,-0.07678,0.66779
33592,-2.79072,-0.08692,0.67109
33593,1.36032,0.17982,0.19282
33594,0.82730,0.16978,0.18541
33595,11.30739,0.27474,0.37625
33596,11.38067,0.27184,0.38272
33597,11.09996,0.27530,0.36635
33598,10.79065,0.26857,0.35898
33599,0.12505,0.02495,0.18396
33600,-4.85124,-0.24297,0.23818
33601,-5.86779,-0.26019,0.25287
33602,6.30154,0.20418,0.56513
33603,5.96803,0.19273,0.56900
33604,-0.09006,0.02609,0.17225
33605,-9.70290,0.01130,0.03843
33606,4.75135,-0.00813,0.04586
33607,4.63922,-0.00740,0.04433
33608,-1.21111,-0.07897,0.22561
33609,11.81203,0.31623,0.37112
33610,1.51539,0.02872,0.34204
33611,10.91228,0.37176,0.41662
33612,2.03866,-0.05820,0.14136
33613,1.06718,-0.06689,0.15605
33614,1.68642,-0.05920,0.14606
33615,13.06992,-0.01196,0.03544
33616,12.33960,-0.01632,0.04257
33617,14.11719,-0.00750,0.02692
33618,6.37486,0.11294,0.49001
33619,6.61193,0.11780,0.49780
33620,6.63875,0.11855,0.47253
33621,-6.26143,0.03503,0.07723
33622,-5.63357,0.04292,0.08669
33623,-5.25782,0.04564,0.09093
33624,1.70943,0.03246,0.34385
33625,11.84341,0.33188,0.59698
33626,0.33864,-0.00105,0.08068
33627,-6.11938,-0.27337,0.26868
33628,-7.79952,-0.14797,0.55132
33629,-7.99323,-0.15004,0.53531
33630,-8.23044,-0.15554,0.53538
33631,11.48639,0.36805,0.36995
33632,11.21442,0.36540,0.36438
33633,2.58302,-0.11433,0.14174
33634,2.33243,-0.11834,0.14454
33635,3.66938,-0.10016,0.13005
33636,3.43405,-0.10377,0.13259
33637,2.20822,0.05149,0.27388
33638,1.86874,0.04809,0.25561
33639,2.54028,0.05605,0.28792
33640,0.27992,0.00941,0.22532
33641,0.13730,0.00672,0.20474
33642,-4.00644,0.00984,0.07155
33643,8.00767,0.14848,0.52321
33644,1.35498,-0.02308,0.11137
33645,1.68740,-0.02129,0.10192
33646,-2.30098,0.02165,0.11431
33647,-1.70695,0.02513,0.12796
33648,-10.25694,-0.33945,0.51080
33649,3.77665,0.19435,0.21885
33650,-0.26469,0.00044,0.06200
33651,-0.44852,0.00081,0.06457
33652,-9.72959,-0.31750,0.64349
33653,-8.58570,-0.29272,0.67020
33654,2.91723,-0.01715,0.91742
33655,1.91412,0.05728,0.68962
33656,-2.72611,0.00424,0.06013
33657,6.36983,0.25285,0.71073
33658,5.31081,0.23630,0.72611
33659,13.35442,0.37286,0.54219
33660,13.61558,0.38088,0.52317
33661,-5.70369,-0.14296,0.28544
33662,6.77565,-0.05699,0.09118
33663,7.34390,-0.04995,0.08440
33664,6.87876,-0.06058,0.09678
33665,-5.76335,0.07076,0.10339
33666,-6.49321,0.06119,0.09477
33667,-5.02349,0.08088,0.11213
33668,4.61054,0.24250,0.23987
33669,15.71023,-0.03912,0.91230
33670,-3.58357,-0.11787,0.71642
33671,0.11588,0.01720,0.84380
33672,0.24398,0.01886,0.83205
33673,0.04129,0.01213,0.84944
33674,0.13713,0.01191,0.83585
33675,-19.01686,0.01861,0.91461
33676,-17.93546,0.01986,0.90913
33677,5.65042,0.18310,0.55562
33678,-9.77851,-0.26486,0.32630
33679,-9.07511,-0.25421,0.31090
33680,-9.19687,-0.25906,0.31231
33681,7.03819,0.25744,0.38821
33682,0.83166,0.01636,0.63068
33683,0.58865,0.01166,0.63139
33684,-10.00090,-0.31531,0.64367
33685,-10.85600,-0.33097,0.62501
33686,1.32265,-0.07294,0.14411
33687,0.84028,-0.08017,0.15449
33688,-12.39874,-0.39714,0.44261
33689,-9.36379,-0.17984,0.50076
33690,-9.27371,-0.17717,0.48682
33691,-8.78271,-0.16700,0.52282
33692,-12.17260,0.02160,0.88699
33693,-15.59726,0.01308,0.91656
33694,2.12580,-0.04417,0.13471
33695,-3.73327,0.06592,0.12500
33696,-4.02087,0.06460,0.12197
33697,-11.31916,-0.23547,0.48172
33698,-1.95624,-0.11963,0.72064
33699,-2.06955,0.06751,0.77429
33700,-0.30024,0.07803,0.74941
33701,0.98827,0.08823,0.72988
33702,-10.61530,-0.36677,0.39802
33703,-7.43607,0.01410,0.06240
33704,-8.68808,0.00906,0.04752
33705,-8.61065,0.00790,0.04502
33706,-1.00665,-0.14687,0.18292
33707,-0.65871,-0.14073,0.17870
33708,-4.51429,-0.16897,0.36536
33709,5.44328,0.09640,0.44029
33710,-2.62490,-0.18839,0.20361
33711,-2.21372,-0.18057,0.19826
33712,-10.46773,-0.24817,0.59303
33713,9.45500,0.18839,0.54697
33714,9.82748,0.19405,0.52531
33715,9.44075,0.18536,0.53616
33716,9.76869,0.19582,0.54225
33717,-0.01845,0.00100,0.13843
33718,-0.31121,0.06238,0.16764
33719,0.91240,0.07525,0.19091
33720,-0.47867,0.05843,0.16441
33721,0.25928,0.01625,0.22579
33722,0.26046,0.01433,0.23963
33723,0.15879,0.00974,0.22698
33724,6.78711,0.26398,0.34144
33725,6.53117,0.25596,0.33771
33726,11.04877,0.37291,0.37968
33727,8.60676,0.22365,0.63462
33728,7.71172,0.21304,0.65086
33729,-13.24389,-0.35852,0.41988
33730,-13.10204,-0.36024,0.41232
33731,-13.45317,-0.36342,0.43132
33732,1.11468,-0.13641,0.15840
33733,2.29914,-0.11952,0.14508
33734,0.34549,-0.14721,0.16730
33735,1.22448,-0.13404,0.15712
33736,-0.39647,-0.13309,0.74487
33737,-0.04353,-0.13326,0.74901
33738,7.60473,0.15226,0.37650
33739,0.91947,-0.03656,0.13595
33740,12.33318,0.27324,0.46413
33741,-12.46955,0.01765,0.04490
33742,-11.75105,0.02179,0.05106
33743,-7.18991,-0.23231,0.59168
33744,-6.89307,-0.22222,0.59475
33745,-6.91669,-0.22263,0.60785
33746,-7.25124,-0.23434,0.62894
33747,-7.25763,-0.23423,0.62137
33748,5.84698,0.25038,0.24986
33749,5.63559,0.24886,0.24711
33750,5.02750,0.23677,0.23766
33751,2.69126,0.16099,0.20562
33752,5.65609,0.24202,0.24618
33753,6.50848,0.25534,0.25914
33754,5.21139,0.23626,0.23975
33755,4.69943,0.22583,0.23214
33756,10.79180,0.36659,0.36799
33757,11.28105,0.37501,0.38074
33758,11.33269,0.37715,0.38599
33759,0.07672,-0.05511,0.17297
33760,-13.37483,-0.34953,0.43086
33761,-13.21938,-0.35172,0.42025
33762,-8.67610,-0.30646,0.42010
33763,-9.01777,-0.31558,0.42917
33764,5.11116,0.21165,0.23804
33765,5.65260,0.21728,0.24639
33766,4.69416,0.20724,0.23187
33767,0.45719,0.05846,0.19326
33768,0.27674,0.05087,0.18585
33769,-11.85555,0.01585,0.04194
33770,-12.56785,0.01119,0.03430
33771,0.93719,0.03170,0.45617
33772,0.70724,0.02403,0.44864
33773,1.03086,0.03521,0.44391
33774,11.82052,0.38869,0.42318
33775,12.01037,0.39178,0.43479
33776,11.48238,0.38317,0.41814
33777,6.12460,0.25336,0.31080
33778,-2.29400,-0.15914,0.20006
33779,-2.61790,-0.16181,0.20458
33780,-4.53072,-0.09275,0.32499
33781,-13.23321,-0.33344,0.53588
33782,-0.04827,-0.00218,0.72450
33783,-0.01811,-0.00133,0.74425
33784,-0.09838,-0.00493,0.71846
33785,4.25782,0.21610,0.71935
33786,-6.65672,0.04439,0.09375
33787,-7.92389,0.03422,0.08022
33788,5.10051,0.20091,0.33544
33789,-8.40093,-0.28247,0.66448
33790,7.57870,0.26426,0.44073
33791,7.85957,0.27253,0.44824
33792,1.95721,0.18940,0.19689
33793,1.40415,0.18052,0.18990
33794,0.55153,0.16618,0.17904
33795,8.23963,-0.02630,0.92292
33796,3.63956,0.15120,0.75805
33797,3.52290,0.14388,0.75887
33798,7.62505,-0.02889,0.06579
33799,7.36930,-0.03231,0.06999
33800,8.22065,-0.02481,0.05982
33801,-0.96913,-0.16653,0.18872
33802,-0.91951,-0.16441,0.18824
33803,-0.19131,-0.15286,0.17700
33804,0.72493,0.01403,0.33083
33805,0.69039,0.01230,0.38142
33806,10.07450,0.32468,0.63704
33807,9.36625,0.30941,0.65405
33808,1.06633,0.13222,0.19652
33809,0.62014,0.12443,0.18697
33810,-6.77566,-0.28193,0.30123
33811,-6.48184,-0.27601,0.29320
33812,-7.27467,-0.29333,0.31240
33813,11.81054,-0.00911,0.03138
33814,0.88827,0.13027,0.19266
33815,1.45904,0.14173,0.20476
33816,2.65336,0.09032,0.45403
33817,-4.54992,0.07572,0.11208
33818,-5.85899,0.07603,0.10732
33819,-4.29087,0.06857,0.12041
33820,3.53711,0.11737,0.49543
33821,3.92953,0.13069,0.49401
33822,3.88228,0.12815,0.50598
33823,-6.18235,-0.24381,0.71530
33824,-7.07558,-0.26050,0.69915
33825,-5.24291,-0.22798,0.73056
33826,-10.44734,0.02639,0.06207
33827,-10.08622,0.02958,0.06600
33828,0.86334,0.17183,0.18310
33829,4.73591,0.19736,0.74079
33830,13.46296,0.39663,0.50658
33831,0.49617,0.07761,0.18947
33832,4.91533,0.18754,0.35306
33833,10.49679,0.32929,0.63213
33834,9.71744,0.31419,0.64943
33835,11.05676,0.34045,0.61821
33836,-11.50372,0.01211,0.03647
33837,-11.89886,0.00949,0.03152
33838,-10.85751,0.01574,0.04278
33839,-8.11118,0.04924,0.08190
33840,1.49178,0.02781,0.60960
33841,1.55377,0.02768,0.58599
33842,2.47968,0.16432,0.22686
33843,2.16537,0.16272,0.21786
33844,8.02877,0.26778,0.67099
33845,7.49181,0.26151,0.67975
33846,8.73023,0.27976,0.66077
33847,6.92587,0.25485,0.68845
33848,-0.58739,0.03401,0.14397
33849,-0.34220,0.04097,0.15645
33850,-0.70360,0.03016,0.13714
33851,-3.32706,0.10799,0.13337
33852,-5.07150,0.08459,0.11408
33853,-5.43408,0.08025,0.11040
33854,1.17743,-0.00117,0.90816
33855,1.27676,-0.00057,0.93628
33856,1.43208,-0.00207,0.89300
33857,1.81912,-0.00111,0.92590
33858,-5.48796,-0.17465,0.63070
33859,-5.11217,-0.16212,0.62977
33860,1.08293,0.03320,0.67784
33861,0.59766,0.01828,0.67886
33862,1.45569,0.05276,0.77065
33863,-1.39396,-0.11852,0.72824
33864,-1.28114,0.11219,0.15548
33865,8.19003,0.26808,0.28725
33866,5.72495,0.18514,0.56190
33867,5.39901,0.17396,0.56719
33868,1.11561,-0.00649,0.10126
33869,0.83367,-0.00870,0.12008
33870,0.74924,-0.00698,0.11664
33871,0.73745,-0.03100,0.76648
33872,0.29234,-0.03660,0.75251
33873,0.73842,-0.03666,0.76304
33874,7.92155,-0.00245,0.01877
33875,7.27784,-0.00490,0.02871
33876,0.40347,-0.08460,0.75040
33877,12.68635,0.34610,0.57089
33878,13.21322,0.35680,0.54958
33879,-4.97383,-0.15045,0.25518
33880,-4.28230,-0.14002,0.24319
33881,-3.80687,-0.13704,0.23296
33882,-5.27861,-0.15161,0.26307
33883,12.56644,0.39180,0.52020
33884,-9.04325,-0.25928,0.30769
33885,-8.26315,-0.24521,0.29306
33886,-7.97435,-0.24387,0.28673
33887,-8.40281,-0.24429,0.29679
33888,11.01551,0.35282,0.56958
33889,11.16863,0.35845,0.55535
33890,-0.95032,-0.04490,0.80452
33891,8.94165,0.29915,0.66464
33892,7.96900,0.28170,0.68137
33893,4.60952,0.20817,0.74233
33894,5.29097,0.21876,0.73103
33895,3.84706,0.19524,0.75437
33896,-1.07081,-0.03680,0.44026
33897,-1.07423,-0.03654,0.45369
33898,-1.38257,-0.04720,0.44987
33899,-0.75889,-0.02621,0.43136
33900,4.58029,-0.06616,0.11734
33901,4.28645,-0.07049,0.12093
33902,9.82396,0.28899,0.63855
33903,-0.99270,0.01518,0.10756
33904,-0.93132,0.01779,0.11450
33905,-11.69695,-0.25079,0.51343
33906,10.16287,0.32746,0.60046
33907,10.39602,0.33415,0.59515
33908,-7.07156,-0.16253,0.31826
33909,0.43450,-0.04355,0.16363
33910,1.12207,-0.03772,0.14768
33911,5.82435,0.20470,0.42749
33912,-6.80335,-0.13630,0.36350
33913,-1.24895,0.00911,0.08426
33914,6.80517,0.19145,0.65932
33915,-7.43566,-0.24070,0.63034
33916,-2.86734,0.10476,0.13581
33917,-3.92063,0.08937,0.12261
33918,-1.72778,0.12235,0.15060
33919,-1.52049,-0.16556,0.18942
33920,-0.18883,-0.14583,0.17326
33921,-1.09524,-0.15742,0.18415
33922,7.63928,0.25203,0.27815
33923,8.04130,0.26109,0.28493
33924,8.21531,0.25938,0.28872
33925,10.21146,0.30673,0.32689
33926,10.51323,0.31400,0.33371
33927,9.85561,0.30371,0.31917
33928,0.72227,-0.14636,0.16332
33929,4.72222,0.14952,0.65741
33930,-0.09655,-0.00901,0.20345
33931,4.44809,-0.09083,0.12190
33932,4.80568,-0.08593,0.11813
33933,4.65025,-0.07999,0.11939
33934,3.33509,-0.09399,0.13320
33935,-5.46707,-0.09882,0.41291
33936,-1.87422,0.08118,0.76962
33937,-1.45376,0.09935,0.83611
33938,-2.67017,0.08499,0.85124
33939,-12.25041,-0.38871,0.40557
33940,-12.05284,-0.38433,0.39590
33941,-13.61815,-0.38291,0.52283
33942,-0.26472,0.16200,0.76164
33943,5.88443,0.12344,0.33089
33944,2.42024,0.11097,0.27605
33945,2.62717,0.11501,0.28854
33946,-4.68135,-0.15055,0.68316
33947,-4.39848,-0.14277,0.69636
33948,-4.89192,-0.15655,0.67268
33949,-2.67078,0.10049,0.13638
33950,-8.09954,-0.26706,0.53728
33951,-7.83823,-0.25796,0.54075
33952,-7.68550,-0.25149,0.55348
33953,-7.57171,-0.25419,0.27674
33954,-8.41484,-0.26706,0.29181
33955,-6.35149,0.02086,0.07739
33956,-5.89298,0.02482,0.08497
33957,10.58044,0.36083,0.43770
33958,-6.84057,0.02349,0.06347
33959,11.55510,-0.01409,0.03960
33960,12.73967,-0.00697,0.02609
33961,8.35739,0.29193,0.43693
33962,12.87204,0.29476,0.47653
33963,12.74454,0.28936,0.47183
33964,-5.39724,-0.21733,0.72907
33965,-5.18264,-0.22772,0.23866
33966,-4.50543,-0.21800,0.22899
33967,-2.84140,-0.18796,0.20632
33968,-4.00509,-0.10890,0.67267
33969,5.30740,0.20820,0.24161
33970,6.53478,0.22778,0.26067
33971,-0.69442,-0.15373,0.17891
33972,-1.98795,-0.17289,0.19492
33973,0.11100,-0.14329,0.16935
33974,-1.06661,-0.16051,0.18348
33975,-1.21890,0.03524,0.12696
33976,-1.02055,0.04081,0.13565
33977,-13.59730,-0.39357,0.50905
33978,9.61398,0.29998,0.64795
33979,10.11872,-0.03334,0.06496
33980,9.59355,-0.03790,0.07025
33981,12.57607,-0.01631,0.04252
33982,-0.23770,0.08849,0.16906
33983,-1.80023,0.07226,0.14713
33984,7.82702,0.14838,0.55197
33985,7.21352,0.14116,0.58213
33986,1.77244,0.03502,0.32276
33987,1.67100,0.03491,0.30193
33988,1.72423,0.03304,0.33611
33989,-10.42315,-0.33481,0.60349
33990,0.04548,0.00065,0.54728
33991,13.36259,0.39990,0.46091
33992,13.38028,0.39849,0.45517
33993,-6.51959,0.06309,0.09592
33994,-5.35366,0.07707,0.10865
33995,-7.49808,0.05242,0.08562
33996,-6.37102,0.06546,0.09793
33997,1.18531,0.07704,0.22531
33998,-3.83709,-0.12265,0.24174
33999,-9.51003,-0.31254,0.65251
34000,-4.73335,0.08311,0.11482
34001,-4.93752,0.08120,0.11279
34002,-5.90666,0.06909,0.10193
34003,-5.12828,0.07933,0.11089
34004,0.36240,0.03548,0.20053
34005,-2.01477,-0.07998,0.21813
34006,-0.69229,-0.06518,0.18900
34007,-1.16724,-0.07132,0.19879
34008,1.53505,-0.09523,0.83905
34009,0.97007,-0.10612,0.82952
34010,2.52607,-0.08880,0.84809
34011,8.94653,0.30308,0.48137
34012,-12.83115,-0.35817,0.56735
34013,-13.28673,-0.36958,0.54693
34014,-5.52088,-0.17594,0.64145
34015,2.82479,-0.00858,0.93685
34016,2.32099,-0.00865,0.93228
34017,2.77718,-0.01125,0.92907
34018,0.16655,-0.00405,0.88783
34019,0.04633,-0.00190,0.87840
34020,0.08460,-0.00538,0.87112
34021,-1.87540,-0.06237,0.48681
34022,7.85847,-0.00887,0.03722
34023,7.20817,-0.01395,0.04853
34024,3.47696,-0.01412,0.06742
34025,4.30209,-0.08499,0.11823
34026,4.26300,-0.08658,0.11912
34027,5.23298,-0.07316,0.10737
34028,1.16349,-0.15478,0.79702
34029,9.25967,0.32291,0.43082
34030,9.55215,0.33151,0.43337
34031,4.23524,0.18133,0.29948
34032,-2.33159,0.04124,0.88226
34033,5.40686,-0.07778,0.11181
34034,-0.18438,0.05681,0.17052
34035,0.04142,0.06069,0.17501
34036,6.41929,-0.08498,0.86067
34037,-12.02517,-0.26180,0.46118
34038,-12.01265,-0.25938,0.48209
34039,-5.89362,0.06725,0.10110
34040,0.32347,0.03120,0.20113
34041,1.81500,0.13926,0.19492
34042,0.98228,0.07373,0.21479
34043,0.68011,0.06212,0.20434
34044,2.28171,0.04539,0.32091
34045,-0.73802,-0.01656,0.27984
34046,-9.44544,-0.21660,0.60139
34047,0.04112,-0.00425,0.15579
34048,2.55130,-0.01502,0.07838
34049,-6.44883,0.01812,0.07288
34050,-6.03532,0.01901,0.07644
34051,-6.45563,-0.22503,0.69841
34052,-9.01808,-0.32050,0.40871
34053,-0.94859,-0.09456,0.18786
34054,2.94316,0.10405,0.74846
34055,9.35293,0.26599,0.63950
34056,10.25606,0.27799,0.62187
34057,11.99642,0.39023,0.46336
34058,3.67377,-0.00336,0.03403
34059,-7.09788,0.03162,0.07024
34060,-0.63498,-0.06769,0.18676
34061,-0.39512,-0.06349,0.18233
34062,0.23668,-0.05568,0.16943
34063,1.38714,-0.10447,0.15133
34064,1.58983,-0.10298,0.14845
34065,-2.53577,-0.17107,0.22557
34066,-3.10573,-0.18305,0.23831
34067,-5.53026,-0.18725,0.47709
34068,-3.30623,-0.14381,0.76524
34069,11.65263,0.26875,0.40206
34070,11.39896,0.26860,0.38742
34071,-5.23639,-0.16682,0.65459
34072,-4.94048,-0.15731,0.66281
34073,11.39629,0.25180,0.55042
34074,11.44658,0.25767,0.55748
34075,11.69906,0.25956,0.54327
34076,-8.39985,0.00726,0.04309
34077,-9.61258,0.00366,0.02838
34078,-8.89070,0.00446,0.03246
34079,-10.49009,0.00278,0.02378
34080,-11.02019,0.00108,0.01302
34081,-2.36006,-0.04275,0.37248
34082,-2.08723,-0.03856,0.35731
34083,-2.21912,-0.04164,0.34867
34084,-2.45218,-0.04317,0.39762
34085,-12.10844,-0.31880,0.58382
34086,-12.73385,-0.32942,0.56304
34087,9.10290,0.33533,0.34879
34088,8.92534,0.33176,0.34170
34089,7.48714,0.27095,0.68603
34090,0.54580,0.03673,0.82427
34091,0.67966,0.04382,0.82103
34092,-11.71794,-0.36968,0.56332
34093,-11.47130,-0.36265,0.57515
34094,-11.30876,-0.35863,0.57910
34095,-0.01303,0.00012,0.08827
34096,-1.81597,-0.16883,0.73596
34097,-3.72709,-0.18819,0.71484
34098,-4.55592,-0.19998,0.29228
34099,-4.42056,-0.19440,0.29168
34100,-4.95158,-0.20742,0.30823
34101,6.81540,0.12316,0.44888
34102,6.92402,0.12417,0.47712
34103,6.38464,0.11360,0.46935
34104,12.58997,-0.07377,0.85927
34105,12.39756,0.39677,0.45800
34106,12.13472,0.39344,0.44194
34107,4.68247,0.08115,0.52991
34108,4.70236,-0.07401,0.79836
34109,10.90537,-0.01234,0.04652
34110,10.57892,-0.02093,0.05719
34111,10.89685,-0.01818,0.05313
34112,-3.90000,-0.08343,0.63884
34113,-4.72669,-0.09289,0.61101
34114,-5.20364,-0.14680,0.26428
34115,-4.92854,-0.14123,0.26008
34116,-5.89147,-0.15585,0.27885
34117,14.32374,-0.00873,0.03093
34118,-2.53038,-0.20098,0.74338
34119,-4.30284,0.03378,0.10576
34120,0.56231,0.14621,0.18420
34121,-12.05707,-0.39287,0.43815
34122,-7.29543,0.05901,0.09150
34123,-7.20346,0.06033,0.09274
34124,-4.76534,-0.18429,0.34527
34125,2.20958,-0.12209,0.14566
34126,16.48625,-0.02595,0.89545
34127,13.15391,-0.03629,0.87128
34128,20.89968,-0.01354,0.92781
34129,-8.01262,0.01761,0.05201
34130,-9.87155,0.02106,0.05190
34131,-10.85777,0.01364,0.04022
34132,3.23465,0.11726,0.38579
34133,3.29910,0.12102,0.37597
34134,7.82048,0.30359,0.33128
34135,7.99694,0.30668,0.33885
34136,4.94041,0.18743,0.23901
34137,-0.11447,0.00156,0.10335
34138,-0.03668,0.00043,0.09725
34139,3.38373,0.13569,0.75952
34140,3.47855,0.13411,0.75454
34141,7.83136,0.16157,0.59519
34142,2.42362,0.18492,0.76935
34143,0.79133,0.02992,0.70449
34144,1.36995,0.03554,0.67520
34145,7.68608,0.30426,0.31519
34146,8.19870,0.31552,0.32749
34147,7.98901,0.31043,0.32472
34148,8.03016,0.31237,0.32047
34149,26.63945,-0.01664,0.94360
34150,25.26876,-0.01856,0.94087
34151,27.76137,-0.01316,0.95106
34152,-1.00308,-0.03279,0.51341
34153,1.94404,-0.12141,0.14778
34154,-4.14511,-0.15596,0.36067
34155,-4.22466,-0.16024,0.35542
34156,0.99546,0.03278,0.49879
34157,0.66482,0.02179,0.50501
34158,0.60648,0.02005,0.49304
34159,1.00525,0.03276,0.51444
34160,0.44774,0.01397,0.59714
34161,-12.40019,-0.38646,0.53740
34162,-12.44950,-0.38971,0.52531
34163,-12.47692,-0.38670,0.54039
34164,1.87112,-0.00786,0.08990
34165,-0.83811,0.02536,0.14666
34166,-0.25838,0.03078,0.16588
34167,4.05695,0.13018,0.56075
34168,-13.88272,-0.38201,0.48441
34169,1.84386,0.05903,0.54734
34170,1.71026,0.05521,0.53269
34171,4.32520,-0.02265,0.09404
34172,5.14484,-0.01873,0.08216
34173,7.63946,0.30193,0.31889
34174,8.00420,0.30925,0.33083
34175,7.32678,0.29380,0.31483
34176,1.83652,0.12942,0.22143
34177,-3.04914,0.14256,0.80271
34178,-0.65632,0.14468,0.16415
34179,-0.50357,0.14757,0.16600
34180,-1.76225,0.12892,0.15146
34181,-6.48757,-0.27298,0.26353
34182,4.34172,-0.01422,0.93150
34183,3.62077,-0.01898,0.91894
34184,3.56323,-0.01577,0.92435
34185,5.15844,-0.01282,0.93769
34186,4.21852,-0.01841,0.92302
34187,-2.43627,-0.04423,0.59832
34188,-2.88751,-0.05076,0.57489
34189,-2.15794,-0.04050,0.61275
34190,-2.19393,-0.03983,0.59804
34191,1.89826,-0.00604,0.06056
34192,1.68958,-0.00567,0.06199
34193,-2.91838,0.01056,0.93171
34194,-19.00123,0.02962,0.89963
34195,-24.00310,0.01709,0.92848
34196,-0.59961,-0.01929,0.53792
34197,-0.35093,-0.01120,0.54991
34198,-5.56736,0.00787,0.04154
34199,-5.93165,0.00356,0.02666
34200,-13.58087,-0.39907,0.47642
34201,-13.52114,-0.39442,0.51195
34202,8.80193,0.29648,0.49176
34203,9.17108,0.30611,0.50740
34204,-8.55646,-0.29785,0.44157
34205,-8.88357,-0.30625,0.45398
34206,7.03422,0.29026,0.29958
34207,7.17818,0.29259,0.30527
34208,-0.50249,-0.09535,0.18012
34209,1.82465,-0.07998,0.85006
34210,2.18832,-0.07941,0.85260
34211,-0.21112,-0.08511,0.17922
34212,-5.65845,0.07558,0.10673
34213,-7.73880,-0.16609,0.34723
34214,-8.30454,-0.17353,0.36740
34215,-8.07698,-0.16766,0.36618
34216,13.72083,0.35181,0.46739
34217,13.70093,0.35544,0.45920
34218,13.57057,0.35245,0.44598
34219,3.79277,0.18778,0.71377
34220,8.19731,0.23593,0.29486
34221,-6.78800,-0.22030,0.65181
34222,-13.64975,-0.35809,0.52079
34223,-13.65655,-0.34498,0.46535
34224,-13.71915,-0.34704,0.47687
34225,-13.55451,-0.34546,0.44989
34226,10.87186,-0.05830,0.84495
34227,11.99218,-0.05526,0.85248
34228,15.30134,-0.04033,0.87624
34229,12.85348,-0.05340,0.85793
34230,-8.68843,-0.31461,0.38878
34231,1.75859,0.18675,0.19883
34232,1.12751,0.17458,0.18992
34233,5.67019,0.22715,0.32740
34234,6.04073,0.25861,0.29606
34235,6.40753,0.26581,0.30747
34236,5.94824,0.25817,0.29118
34237,6.51955,0.27117,0.30490
34238,11.88542,0.37672,0.54093
34239,-7.57227,0.00174,0.01499
34240,-7.28459,0.00377,0.02449
34241,-7.02703,0.00372,0.02469
34242,4.70123,0.23661,0.25590
34243,5.33436,0.25114,0.26755
34244,5.40079,0.25137,0.27067
34245,5.36896,0.25298,0.26669
34246,5.87144,0.26341,0.27778
34247,12.04868,-0.00549,0.02413
34248,11.92725,-0.00472,0.02200
34249,11.86909,-0.00709,0.02794
34250,13.22270,-0.00232,0.01428
34251,2.92201,-0.11294,0.13809
34252,3.26404,-0.10805,0.13437
34253,4.09791,-0.09720,0.12535
34254,1.64754,-0.13111,0.15239
34255,12.37571,0.38694,0.53145
34256,12.46203,0.38722,0.53508
34257,-11.77305,-0.30151,0.37670
34258,-11.62615,-0.29571,0.37394
34259,-12.18699,-0.30849,0.39074
34260,9.00260,0.17343,0.53154
34261,9.17811,0.17851,0.53576
34262,9.38678,0.18101,0.51273
34263,-0.07276,0.09569,0.17110
34264,-4.29495,-0.23633,0.23729
34265,-3.41991,-0.21914,0.22313
34266,0.92945,0.06695,0.81748
34267,0.64250,0.06559,0.82550
34268,1.42502,0.07633,0.80303
34269,1.08002,0.07494,0.81382
34270,3.19113,-0.06023,0.12900
34271,2.05362,-0.07140,0.14403
34272,-4.82077,-0.18630,0.73566
34273,-11.14396,-0.36840,0.48607
34274,-11.06676,-0.36480,0.49630
34275,-10.80598,-0.32540,0.34024
34276,-11.27808,-0.33538,0.35201
34277,-10.55882,-0.32404,0.33460
34278,-13.51047,-0.33866,0.51551
34279,2.64193,0.08187,0.65198
34280,2.97243,0.09240,0.64210
34281,3.13357,0.09746,0.65377
34282,3.41939,0.10669,0.63854
34283,8.75139,-0.05790,0.88820
34284,11.07818,-0.04160,0.90764
34285,6.96022,-0.07331,0.87163
34286,-9.39807,0.01239,0.04098
34287,-8.89150,0.01481,0.04585
34288,-8.97062,0.01600,0.04723
34289,-1.56822,-0.02661,0.55233
34290,-0.83360,0.09685,0.15810
34291,-1.53668,0.08681,0.14535
34292,1.56541,0.17318,0.19962
34293,0.83926,0.15953,0.18784
34294,-0.06667,0.14289,0.17374
34295,0.42145,0.15307,0.18111
34296,-3.08720,0.00275,0.04626
34297,-3.34809,0.00141,0.03143
34298,-2.76485,0.00263,0.04773
34299,11.31143,-0.06103,0.88627
34300,7.72196,0.26231,0.27894
34301,8.16404,0.27152,0.28663
34302,7.19244,0.25617,0.26987
34303,8.63763,0.27742,0.29536
34304,5.53767,0.22510,0.70018
34305,7.41153,0.25012,0.67583
34306,0.98068,-0.00532,0.83228
34307,9.70763,0.31443,0.61462
34308,9.52348,0.30892,0.61707
34309,-0.39218,0.00187,0.09438
34310,12.46912,0.36152,0.57843
34311,12.79571,0.36704,0.56625
34312,12.59251,0.36009,0.57472
34313,12.24689,0.35416,0.58638
34314,-3.26729,0.00870,0.86313
34315,-6.35006,-0.20959,0.26138
34316,-7.18302,-0.21953,0.27665
34317,-4.64547,-0.13433,0.67453
34318,-5.95851,-0.14522,0.64749
34319,2.70053,0.20112,0.21518
34320,3.07054,0.20906,0.22086
34321,1.95029,0.18645,0.20327
34322,2.39205,0.19604,0.20966
34323,3.99053,0.13300,0.23927
34324,3.08294,0.12345,0.22218
34325,2.83625,0.11836,0.21872
34326,-0.79177,-0.03063,0.33371
34327,-0.62624,-0.02477,0.32206
34328,-0.59429,-0.02400,0.31288
34329,-12.01487,-0.39034,0.46971
34330,-12.09544,-0.38966,0.48817
34331,-2.77228,-0.05520,0.32359
34332,-11.23608,0.02466,0.05432
34333,-10.64086,0.02922,0.06024
34334,15.45472,-0.04603,0.87468
34335,14.41475,-0.04919,0.86807
34336,-4.57436,-0.22822,0.73320
34337,-5.67280,-0.24437,0.71910
34338,-15.22412,0.00135,0.01050
34339,-1.77487,-0.05535,0.60907
34340,-2.93673,-0.11515,0.33260
34341,-2.85599,-0.11472,0.32065
34342,10.96691,-0.06981,0.87645
34343,8.31527,-0.08743,0.85871
34344,-8.21709,-0.21122,0.30986
34345,-12.94873,-0.36175,0.40544
34346,-13.22015,-0.36796,0.41802
34347,-13.44771,-0.37300,0.43083
34348,-13.55214,-0.37103,0.43738
34349,-2.37893,-0.06536,0.24865
34350,-2.58858,-0.06605,0.25980
34351,-4.08586,-0.14361,0.23651
34352,-3.82541,-0.14257,0.23107
34353,-4.73250,-0.15408,0.24690
34354,-3.38790,-0.13400,0.22492
34355,-8.63173,0.04179,0.07453
34356,-9.61956,0.03296,0.06466
34357,-8.41013,0.04337,0.07630
34358,-9.72362,0.03126,0.06284
34359,7.16958,0.23939,0.50748
34360,7.09919,0.23911,0.49168
34361,-4.32700,-0.14622,0.47421
34362,-4.84621,-0.16528,0.46324
34363,6.16717,0.26446,0.29426
34364,6.36747,0.27012,0.29692
34365,-0.34910,-0.01341,0.34525
34366,-0.37072,-0.01459,0.33077
34367,8.94455,0.27058,0.30258
34368,0.08780,-0.01865,0.17065
34369,-3.62912,0.00393,0.03662
34370,-4.09748,0.00277,0.02869
34371,-3.86942,0.00471,0.03875
34372,-4.56504,-0.21855,0.74020
34373,-3.39050,-0.13281,0.33422
34374,-6.88803,0.02235,0.07629
34375,-7.82692,0.01653,0.06403
34376,-1.60552,-0.05995,0.35892
34377,-7.83575,-0.30565,0.32688
34378,-7.24007,-0.29129,0.31479
34379,-8.06018,-0.31141,0.32979
34380,-7.54611,-0.30010,0.31673
34381,11.58775,0.35242,0.60284
34382,12.02136,0.36296,0.58790
34383,12.08634,0.36233,0.58772
34384,7.84942,0.29908,0.28775
34385,7.65771,0.29399,0.28344
34386,5.92022,0.11287,0.37773
34387,5.93328,0.11736,0.35574
34388,-2.33510,0.00203,0.04546
34389,-4.29861,-0.22380,0.22701
34390,13.51088,0.37309,0.43568
34391,13.62638,0.37158,0.44434
34392,13.76961,0.37514,0.45746
34393,-0.03482,0.02007,0.16814
34394,-0.10955,0.02191,0.16199
34395,3.08031,-0.03319,0.11682
34396,-10.70423,0.02352,0.05329
34397,-9.77089,0.03045,0.06209
34398,4.69421,0.18681,0.32931
34399,4.48614,0.17966,0.32598
34400,1.09523,0.12760,0.18542
34401,1.87936,0.13866,0.19591
34402,1.31569,0.13264,0.18814
34403,-1.70040,0.06933,0.76952
34404,-3.99560,0.05873,0.79774
34405,0.19181,0.13154,0.17816
34406,-0.22630,0.07848,0.16728
34407,12.44172,0.39752,0.45788
34408,-4.03170,-0.13196,0.24124
34409,-4.63952,-0.14187,0.25158
34410,9.31195,-0.04048,0.07318
34411,-9.50001,-0.33518,0.41026
34412,-9.14307,-0.32666,0.39903
34413,-9.31933,-0.32909,0.41265
34414,2.58277,0.14913,0.20542
34415,-9.98521,-0.32308,0.58946
34416,0.19867,0.00612,0.60223
34417,-3.24065,-0.19688,0.75905
34418,11.05926,-0.00455,0.02855
34419,11.86781,-0.00335,0.02321
34420,-6.50584,-0.21433,0.26302
34421,-7.23983,-0.28889,0.32119
34422,-0.34278,0.03672,0.15488
34423,-2.68419,0.11106,0.14100
34424,-0.28680,-0.15885,0.17780
34425,0.60853,-0.14270,0.16546
34426,-7.15640,-0.13022,0.45451
34427,1.54371,-0.12662,0.81978
34428,1.64143,-0.12835,0.81889
34429,0.36505,-0.14223,0.80594
34430,1.57115,-0.12326,0.82207
34431,-2.68187,-0.09865,0.37219
34432,-4.64153,0.06640,0.11679
34433,-4.71983,0.08874,0.11760
34434,-4.10168,0.09705,0.12450
34435,7.52229,0.24771,0.65901
34436,6.80165,0.22912,0.68260
34437,-11.09705,-0.34965,0.60416
34438,-11.46853,-0.35968,0.58841
34439,-10.59570,-0.33712,0.62169
34440,-11.12194,-0.34935,0.60641
34441,-0.86907,-0.01800,0.30174
34442,-0.92064,-0.01972,0.29208
34443,0.37141,-0.00336,0.81252
34444,1.11377,-0.05261,0.14037
34445,-10.87426,0.02554,0.05541
34446,-7.74601,-0.30395,0.29214
34447,-9.08993,0.01988,0.06257
34448,-10.15381,0.03039,0.06143
34449,7.43515,-0.03767,0.07478
34450,-6.21620,-0.21485,0.25697
34451,4.39185,-0.01038,0.07158
34452,4.21397,-0.00995,0.07183
34453,4.96237,-0.00676,0.05665
34454,3.71630,-0.01155,0.08039
34455,4.60056,-0.00702,0.05997
34456,1.31304,0.04074,0.70089
34457,1.44496,0.04520,0.70977
34458,1.14017,0.03560,0.71096
34459,-4.67237,-0.08115,0.45022
34460,8.82231,-0.01160,0.04078
34461,-11.90516,-0.29147,0.57280
34462,-11.97574,-0.29570,0.57340
34463,5.16238,0.20614,0.32856
34464,1.14697,0.04273,0.21997
34465,1.16722,0.04077,0.22418
34466,1.61395,0.04640,0.24221
34467,-8.77848,0.02820,0.06167
34468,-8.73830,0.02722,0.06076
34469,-7.88496,0.03721,0.07247
34470,-7.43604,0.03997,0.07624
34471,-4.06798,0.09783,0.12517
34472,-6.22681,0.07069,0.10209
34473,6.29606,0.25479,0.70812
34474,7.05272,0.26690,0.69624
34475,7.28600,0.25413,0.44039
34476,7.55821,0.26119,0.45327
34477,7.33626,0.25294,0.45609
34478,7.37848,0.25933,0.43076
34479,7.63243,0.26561,0.44353
34480,2.85384,0.19869,0.20743
34481,3.75726,0.21453,0.21973
34482,0.00358,-0.11727,0.81737
34483,-1.92142,-0.14595,0.78912
34484,10.63894,-0.02879,0.05942
34485,11.27223,-0.02414,0.05363
34486,12.21633,-0.01794,0.04488
34487,9.51893,-0.03802,0.07025
34488,13.39823,0.35880,0.42991
34489,13.26102,0.35979,0.42158
34490,13.07969,0.35538,0.41259
34491,1.02505,-0.00689,0.10586
34492,1.30482,-0.00503,0.08762
34493,1.33475,-0.00633,0.09431
34494,10.68053,-0.00404,0.02113
34495,9.74826,-0.00796,0.03208
34496,-7.60974,-0.27004,0.68818
34497,13.07225,0.40077,0.49140
34498,11.39880,0.33262,0.61029
34499,-12.17092,-0.35399,0.58986
34500,-12.89943,-0.37255,0.56184
34501,-5.33332,0.08110,0.11271
34502,-13.29042,-0.39495,0.43975
34503,-13.04178,-0.39154,0.42511
34504,-13.03596,-0.39338,0.42759
34505,-13.23866,-0.39204,0.43292
34506,-6.38064,-0.11666,0.55492
34507,5.97697,0.23526,0.33613
34508,6.36403,0.25140,0.33366
34509,1.49012,0.02513,0.49075
34510,-1.06417,0.06979,0.85030
34511,7.85743,0.25945,0.53230
34512,-13.19304,-0.35263,0.54983
34513,-11.19028,0.01068,0.04266
34514,-6.35242,0.03990,0.08105
34515,-6.73304,0.03459,0.07490
34516,5.88988,0.20752,0.42530
34517,6.11700,0.21376,0.43576
34518,-6.02658,0.03107,0.07450
34519,-5.73774,0.03533,0.07996
34520,-6.67399,0.02402,0.06420
34521,-6.65623,0.02660,0.06736
34522,-1.70228,-0.02930,0.41885
34523,9.50807,0.30060,0.31199
34524,10.35642,0.31396,0.33003
34525,19.70086,-0.03882,0.89806
34526,26.08801,-0.01952,0.93268
34527,25.38384,-0.02088,0.92847
34528,8.17978,0.29393,0.40215
34529,8.47680,0.30044,0.41652
34530,8.18968,0.29193,0.41152
34531,2.58879,0.09480,0.75933
34532,2.88432,0.10039,0.74542
34533,11.25928,0.36803,0.50588
34534,-8.81162,-0.29948,0.47702
34535,9.93608,0.19450,0.47635
34536,9.97920,0.19744,0.45420
34537,-4.34984,0.01530,0.08201
34538,-6.74742,-0.28621,0.28494
34539,-6.11146,-0.27248,0.27384
34540,-6.64239,-0.28420,0.28041
34541,-10.15913,-0.32751,0.63112
34542,-9.99286,-0.32375,0.63303
34543,-2.06548,0.00906,0.09089
34544,-6.22898,0.02104,0.06263
34545,7.13865,0.29404,0.28739
34546,-15.63653,0.00436,0.01950
34547,3.15978,0.05579,0.40376
34548,-1.84200,0.00761,0.06783
34549,-1.67119,0.00647,0.06592
34550,-1.64027,0.01045,0.08046
34551,-1.53189,0.00892,0.07769
34552,0.67296,0.02273,0.46321
34553,-2.75651,0.01636,0.91751
34554,-3.51471,0.01408,0.92741
34555,-3.47759,0.01120,0.93375
34556,-7.42206,0.05862,0.09143
34557,-7.86489,0.05393,0.08684
34558,3.11386,-0.01931,0.91522
34559,0.88148,-0.00176,0.87813
34560,0.78215,-0.00326,0.84437
34561,-0.13657,0.00375,0.77008
34562,2.46880,-0.00073,0.02670
34563,2.12028,-0.00138,0.04027
34564,2.08916,-0.00071,0.02897
34565,2.86011,-0.00056,0.02087
34566,2.37090,-0.00172,0.04254
34567,-4.54353,-0.16112,0.72775
34568,-4.35166,-0.15415,0.72990
34569,-5.21128,-0.24898,0.26489
34570,-4.85065,-0.24320,0.25533
34571,2.64858,-0.10458,0.13734
34572,-6.41566,-0.13087,0.34940
34573,-0.74180,-0.03449,0.80559
34574,-0.98973,-0.04216,0.79618
34575,-0.83788,-0.03440,0.79387
34576,-0.73872,-0.03779,0.81156
34577,-6.61065,-0.22632,0.69119
34578,-0.22437,0.09777,0.16887
34579,-0.17551,0.09654,0.16965
34580,0.76967,0.10781,0.18285
34581,-1.16791,0.08633,0.15621
34582,-2.25321,-0.17691,0.21483
34583,-2.70372,-0.18494,0.22407
34584,-3.12831,-0.19570,0.23136
34585,-1.49781,-0.16127,0.20096
34586,-2.01807,-0.16985,0.21112
34587,0.52999,0.04107,0.19185
34588,0.87768,0.04553,0.20287
34589,0.96001,0.04471,0.20703
34590,3.30307,0.20390,0.72923
34591,2.57969,0.19681,0.73765
34592,3.34593,0.11800,0.41322
34593,3.27462,0.11414,0.42608
34594,2.98452,0.10500,0.41446
34595,2.08617,0.04235,0.31343
34596,1.82960,0.03741,0.30941
34597,1.19321,-0.12365,0.15691
34598,12.36416,0.34439,0.58243
34599,11.59923,0.33016,0.60425
34600,-0.34463,-0.00736,0.29208
34601,-0.16064,-0.00366,0.28389
34602,10.22301,0.26181,0.34216
34603,9.75390,0.34018,0.42155
34604,9.64241,0.34002,0.40575
34605,-0.59236,-0.01837,0.70401
34606,-0.24089,-0.00752,0.70871
34607,-0.65418,-0.02018,0.69267
34608,-12.86822,-0.34767,0.40363
34609,17.51989,-0.04909,0.89376
34610,10.24601,0.34290,0.48722
34611,10.43063,0.34690,0.49636
34612,10.25558,0.34067,0.50281
34613,10.21532,0.34452,0.47218
34614,10.47751,0.35026,0.48397
34615,-1.00040,0.03280,0.13055
34616,-1.24688,0.02754,0.11929
34617,-1.41803,0.02866,0.11662
34618,-11.65323,0.02636,0.92731
34619,-11.08506,0.02622,0.92702
34620,-9.48556,0.03635,0.91214
34621,0.48138,-0.00129,0.94281
34622,0.86221,-0.00168,0.94950
34623,11.01268,-0.00542,0.03115
34624,11.96372,-0.00243,0.01910
34625,10.20370,-0.00875,0.04124
34626,-0.14747,0.12413,0.17214
34627,-7.38916,-0.26395,0.69191
34628,-10.89304,-0.24487,0.39221
34629,-11.09780,-0.24539,0.40555
34630,-3.94676,0.01559,0.08681
34631,-3.93137,0.01696,0.08927
34632,-4.67242,0.01254,0.07459
34633,-13.52167,-0.38471,0.44040
34634,-9.83329,0.03034,0.86285
34635,-6.34783,-0.17233,0.27993
34636,-5.63335,-0.16228,0.26595
34637,-5.77012,-0.16667,0.26682
34638,-5.58097,-0.15955,0.26633
34639,-4.84733,-0.15136,0.25129
34640,-5.63164,-0.18539,0.52638
34641,2.72019,0.09018,0.49358
34642,3.62217,0.11845,0.52210
34643,-4.45078,-0.16682,0.23528
34644,-11.25585,-0.24492,0.41941
34645,-1.33230,-0.07215,0.80488
34646,-2.41737,-0.05399,0.28498
34647,-5.86246,-0.10605,0.55687
34648,-5.38979,-0.10026,0.58456
34649,-5.74347,-0.10163,0.53431
34650,13.93565,-0.00373,0.02115
34651,14.58124,-0.00193,0.01438
34652,15.31762,-0.00136,0.01057
34653,12.48731,-0.00807,0.03422
34654,12.79887,-0.00649,0.03032
34655,-13.03059,-0.37741,0.55435
34656,-12.90913,-0.37660,0.55848
34657,-13.32670,-0.38546,0.53609
34658,9.34508,0.29746,0.65350
34659,9.16295,0.29607,0.65757
34660,8.11697,0.27787,0.67426
34661,7.15801,0.24153,0.27035
34662,-0.11603,0.00819,0.14705
34663,-6.04413,0.06583,0.10514
34664,-6.66643,0.05882,0.09867
34665,6.69128,0.24553,0.26181
34666,6.01962,0.23265,0.25130
34667,6.70617,0.28065,0.29834
34668,6.69546,0.27923,0.30080
34669,6.04048,0.26485,0.28544
34670,7.20166,0.29187,0.30938
34671,11.88915,-0.07187,0.87236
34672,0.85311,0.02641,0.70399
34673,1.12522,0.03471,0.69199
34674,0.40850,0.01252,0.69912
34675,5.17374,-0.03636,0.08401
34676,4.79542,-0.03831,0.08796
34677,5.95579,0.21558,0.39675
34678,7.09022,-0.00315,0.02285
34679,7.41983,-0.00134,0.01334
34680,-11.24858,-0.37129,0.37173
34681,-10.80763,-0.36246,0.35833
34682,-11.63845,-0.37732,0.38218
34683,-11.24560,-0.36960,0.36912
34684,-12.86519,-0.39181,0.53242
34685,10.08434,0.33239,0.52238
34686,-2.59051,0.01056,0.06713
34687,0.30822,0.08919,0.18183
34688,6.51513,0.14957,0.31138
34689,8.18496,0.31439,0.30417
34690,-1.74799,0.01203,0.10557
34691,-1.36116,0.01584,0.12210
34692,-0.74730,-0.04994,0.19535
34693,0.04310,-0.04020,0.17343
34694,6.87636,-0.02480,0.06457
34695,7.90542,-0.01671,0.05109
34696,-8.96419,0.04371,0.07682
34697,-10.50349,0.03091,0.06248
34698,-7.69912,0.05575,0.08899
34699,1.85130,0.03305,0.58834
34700,1.62335,0.03086,0.61720
34701,13.84848,0.37794,0.47311
34702,-18.82275,0.04026,0.89364
34703,-15.12383,0.05542,0.87113
34704,-12.23905,0.06969,0.85239
34705,11.80133,0.31065,0.59025
34706,2.44085,-0.00393,0.06104
34707,-2.79352,0.11584,0.13971
34708,-1.72731,0.13144,0.15189
34709,-3.23733,-0.05524,0.45059
34710,0.97575,-0.12941,0.15970
34711,0.71897,-0.13393,0.16270
34712,3.88051,-0.00550,0.05729
34713,3.39524,-0.00655,0.06565
34714,4.12827,-0.00329,0.04384
34715,3.69819,-0.00735,0.06630
34716,-5.15580,-0.20781,0.32470
34717,-4.84383,-0.20093,0.31208
34718,-5.19850,-0.21101,0.32148
34719,-0.91544,-0.07697,0.20920
34720,10.03011,-0.01379,0.04198
34721,13.93581,-0.00434,0.01929
34722,-4.41667,-0.20105,0.28206
34723,0.75978,0.17163,0.18271
34724,0.89371,0.17384,0.18430
34725,-0.21947,0.15511,0.17022
34726,6.97645,0.20553,0.27707
34727,-10.31367,0.02176,0.05903
34728,10.51570,-0.03000,0.06096
34729,10.41689,-0.03131,0.06278
34730,0.16791,-0.04431,0.17000
34731,0.91231,-0.03771,0.15186
34732,4.45037,0.14924,0.48447
34733,4.62816,0.15444,0.49357
34734,4.33700,0.14399,0.49990
34735,-2.69200,-0.09596,0.40087
34736,-2.95766,-0.10463,0.41007
34737,-0.30442,-0.00485,0.50227
34738,-0.55196,-0.00909,0.49209
34739,-2.17852,0.08196,0.14360
34740,-3.56894,0.06882,0.12702
34741,0.76352,0.16662,0.18508
34742,13.60681,0.35281,0.44917
34743,13.61944,0.34936,0.45322
34744,-0.05160,-0.00777,0.84522
34745,-0.22225,-0.01546,0.82949
34746,12.80192,0.34883,0.40067
34747,-12.15848,-0.37079,0.57717
34748,-11.48077,-0.35303,0.60403
34749,-12.00355,-0.36542,0.58591
34750,-3.01278,-0.12795,0.29957
34751,-2.73120,-0.11863,0.29179
34752,7.62921,-0.02639,0.07653
34753,3.71750,0.22125,0.22123
34754,3.43175,0.21539,0.21693
34755,4.40417,0.23263,0.23071
34756,-6.41254,-0.27581,0.28870
34757,-11.06599,-0.37576,0.41117
34758,-2.70170,-0.04624,0.43782
34759,-2.75380,-0.04777,0.41697
34760,7.16959,-0.00635,0.04410
34761,6.32480,-0.00926,0.05597
34762,6.77883,-0.00671,0.04659
34763,3.17490,-0.08126,0.13324
34764,-8.54750,-0.28715,0.29343
34765,-9.38994,-0.30048,0.30945
34766,-13.35548,-0.36608,0.42502
34767,-10.33753,0.02966,0.06063
34768,-11.58049,0.02072,0.04914
34769,-0.02386,0.03168,0.85080
34770,-4.67499,-0.12386,0.66568
34771,8.96773,-0.00675,0.03074
34772,4.99805,-0.05074,0.09586
34773,4.26533,-0.05894,0.10584
34774,-13.91412,0.00269,0.01514
34775,-14.21743,0.00137,0.00938
34776,-5.05783,-0.20417,0.69946
34777,5.46856,0.09565,0.46421
34778,-0.54858,-0.02174,0.32492
34779,3.28091,0.20609,0.22938
34780,-10.62065,-0.33695,0.62360
34781,-10.96161,-0.34298,0.61721
34782,0.16166,0.00844,0.24877
34783,0.01211,0.00063,0.25450
34784,-8.35929,0.03673,0.07063
34785,-5.28934,-0.20897,0.33459
34786,8.06011,0.22608,0.65013
34787,9.27171,0.24603,0.63066
34788,7.93633,-0.00609,0.91671
34789,6.08694,-0.00903,0.89042
34790,0.94163,-0.02233,0.77789
34791,0.18013,-0.02677,0.75020
34792,7.29160,0.18794,0.29751
34793,6.45522,0.17584,0.28034
34794,-0.28026,0.07359,0.16530
34795,6.14581,-0.00561,0.04540
34796,-1.78928,0.03859,0.87967
34797,13.87631,0.37398,0.48245
34798,4.68584,0.23255,0.23310
34799,4.52984,0.23104,0.23116
34800,3.97214,-0.08554,0.12625
34801,4.52382,-0.07871,0.12032
34802,3.10011,-0.09416,0.13553
34803,0.96513,0.07941,0.72791
34804,1.92367,0.03806,0.32238
34805,2.01196,0.03817,0.34247
34806,8.13723,-0.04044,0.07474
34807,2.76701,-0.09931,0.13487
34808,7.10146,-0.03813,0.07629
34809,7.87107,-0.02952,0.06576
34810,7.03475,-0.03669,0.07524
34811,7.77659,-0.03311,0.06968
34812,8.34021,-0.02644,0.06139
34813,0.70127,-0.11759,0.16241
34814,-0.53707,-0.13343,0.17741
34815,4.66015,0.18449,0.23430
34816,-6.03696,0.02612,0.06963
34817,-5.94351,0.02548,0.06926
34818,-7.72219,-0.15557,0.37424
34819,-1.78691,-0.15052,0.21136
34820,-1.97405,-0.15215,0.21630
34821,8.49540,0.29048,0.46761
34822,3.86052,-0.13703,0.80366
34823,-1.68906,0.04380,0.87415
34824,-1.08888,0.04543,0.86584
34825,2.24623,0.12463,0.20480
34826,3.08701,0.18728,0.23482
34827,1.36431,0.14872,0.20068
34828,-4.96120,0.06203,0.11298
34829,-3.51882,0.07660,0.12906
34830,8.72329,0.28595,0.66412
34831,8.60134,0.28201,0.66515
34832,-14.93262,0.00582,0.02336
34833,-16.59539,0.00186,0.01129
34834,13.43476,0.38515,0.53048
34835,-4.94691,-0.24554,0.24011
34836,-5.68431,-0.11517,0.34271
34837,-11.19539,0.01758,0.04559
34838,-12.48914,0.01040,0.03353
34839,-5.85619,0.07546,0.10784
34840,-8.74347,-0.23957,0.64104
34841,0.57768,0.01058,0.60064
34842,1.04384,0.01784,0.55820
34843,4.24922,0.08120,0.35381
34844,-0.75664,-0.01351,0.38018
34845,-3.91602,-0.21327,0.24681
34846,-4.62455,-0.22963,0.26071
34847,1.29541,-0.04515,0.13238
34848,-13.87904,-0.37480,0.47501
34849,-13.85148,-0.37716,0.46947
34850,1.56630,-0.08799,0.15179
34851,2.43287,-0.07752,0.14086
34852,8.58805,0.28843,0.49800
34853,12.35377,0.39646,0.44550
34854,12.23093,0.39491,0.44370
34855,12.07136,0.39247,0.43054
34856,-3.38394,0.08053,0.12271
34857,-3.58072,0.07928,0.12055
34858,-3.35498,-0.14742,0.76477
34859,-3.91412,-0.15868,0.75238
34860,4.00764,0.08306,0.31748
34861,3.66825,0.07873,0.30375
34862,3.84700,0.07896,0.31938
34863,3.82141,0.08304,0.30135
34864,13.09102,0.39235,0.52882
34865,13.11561,0.39619,0.51638
34866,-1.02226,-0.01838,0.60110
34867,-0.72180,-0.01304,0.60452
34868,1.37792,0.11613,0.19129
34869,0.28066,0.10373,0.17575
34870,0.17256,0.10093,0.17432
34871,1.44917,0.11938,0.19202
34872,0.53476,0.01107,0.30187
34873,0.47271,0.00918,0.32404
34874,0.79530,0.02767,0.76704
34875,0.00237,0.00021,0.17179
34876,0.01241,-0.00169,0.16132
34877,-3.09560,-0.12190,0.70121
34878,0.84510,0.15345,0.18827
34879,-0.38672,0.13061,0.16813
34880,6.69351,0.15564,0.31066
34881,0.87340,-0.01345,0.13124
34882,-1.56492,0.03396,0.88141
34883,-2.22120,0.02799,0.89518
34884,-7.31733,0.01211,0.05866
34885,-7.63296,0.00915,0.05050
34886,-6.78583,0.01610,0.06866
34887,0.52653,0.05631,0.19820
34888,0.61449,0.05529,0.20471
34889,-0.30128,-0.01660,0.72133
34890,7.43674,0.25177,0.67702
34891,7.15415,0.24718,0.68756
34892,0.02480,-0.00176,0.16064
34893,0.07569,-0.00243,0.14946
34894,0.03634,-0.00344,0.16522
34895,0.00536,-0.00031,0.15615
34896,-0.21228,-0.15893,0.17692
34897,-0.89789,-0.17046,0.18670
34898,25.30127,-0.02050,0.93548
34899,22.50975,-0.02949,0.92015
34900,-4.08732,-0.13730,0.71881
34901,-4.10928,-0.13521,0.70937
34902,-3.81716,-0.12783,0.72148
34903,-4.27742,-0.14411,0.71706
34904,-4.50663,-0.14877,0.70489
34905,5.95035,-0.01357,0.05247
34906,-0.68522,0.01343,0.11551
34907,-0.59782,0.01108,0.11373
34908,0.24733,0.00429,0.42712
34909,-8.46217,0.04583,0.07858
34910,-13.87544,0.06649,0.86468
34911,-15.98647,0.05575,0.87726
34912,-18.55359,0.04491,0.89257
34913,-9.91752,0.01585,0.88969
34914,-7.57820,0.02154,0.86417
34915,-9.95145,0.01335,0.89667
34916,0.78692,0.03232,0.30446
34917,-5.75110,-0.23552,0.24707
34918,-6.11824,-0.24339,0.25267
34919,-1.77117,-0.07162,0.78201
34920,9.63767,0.34491,0.34036
34921,10.42261,0.36079,0.36190
34922,9.95536,0.35191,0.35049
34923,3.10858,0.06601,0.30168
34924,4.25754,-0.01260,0.07795
34925,-4.23719,-0.14902,0.42066
34926,10.54681,0.21159,0.48250
34927,-8.69600,0.04559,0.08021
34928,-12.63517,-0.38237,0.40318
34929,-12.15921,-0.37412,0.38558
34930,2.86050,-0.09023,0.84848
34931,4.03339,-0.07641,0.86270
34932,1.70154,-0.10142,0.83619
34933,10.89145,0.34173,0.61821
34934,-2.96452,-0.19752,0.22529
34935,-9.51234,0.02586,0.05746
34936,-8.34536,0.03592,0.06995
34937,-0.90272,-0.15229,0.79464
34938,0.32271,-0.13911,0.80768
34939,0.09920,-0.04027,0.16718
34940,0.20500,-0.04050,0.16231
34941,-0.52216,0.06287,0.75386
34942,-0.23329,0.06174,0.74899
34943,-12.15413,0.01760,0.04462
34944,-6.98499,-0.26807,0.26727
34945,-0.91629,-0.07435,0.81821
34946,-0.88768,-0.07018,0.81905
34947,-0.51593,-0.06663,0.82860
34948,-5.86947,-0.12358,0.62125
34949,-5.02502,-0.11645,0.64695
34950,-8.42596,-0.27367,0.58732
34951,-8.75095,-0.28494,0.57594
34952,-11.33815,-0.36135,0.36189
34953,3.62535,0.13206,0.38315
34954,12.56434,-0.00207,0.01668
34955,0.29970,-0.05954,0.16808
34956,1.18278,-0.05246,0.15178
34957,-1.06043,-0.04047,0.34454
34958,-1.32710,-0.05007,0.35104
34959,0.79886,-0.14248,0.16290
34960,-0.75922,-0.16888,0.18403
34961,-5.91818,-0.20745,0.43213
34962,-6.33558,-0.22101,0.43952
34963,-5.70074,-0.19891,0.43672
34964,-12.03271,-0.38142,0.53289
34965,-11.83392,-0.37498,0.54711
34966,3.61326,0.13829,0.34741
34967,3.77979,0.14519,0.34600
34968,3.92427,0.14763,0.35961
34969,-6.67103,-0.25197,0.36268
34970,2.17153,0.05678,0.67680
34971,-0.85480,-0.03024,0.40514
34972,-0.73349,-0.02562,0.41792
34973,-0.65547,-0.02347,0.39334
34974,-13.62497,-0.39276,0.45731
34975,1.83445,-0.15563,0.78685
34976,0.30349,-0.17094,0.77434
34977,6.43814,0.13245,0.60971
34978,9.70122,0.19299,0.43573
34979,9.85190,0.19415,0.45522
34980,8.24048,0.27155,0.65076
34981,8.22044,0.26952,0.64514
34982,7.88755,0.26314,0.66421
34983,-4.32680,0.09868,0.79090
34984,-1.94844,0.11537,0.76856
34985,-2.75019,0.10718,0.77619
34986,-6.09006,0.08955,0.80630
34987,-0.24363,0.10183,0.16898
34988,9.91025,-0.03338,0.06752
34989,-1.55641,0.07251,0.15034
34990,-2.61100,0.06300,0.13605
34991,0.20072,0.00916,0.20726
34992,0.08876,0.00757,0.18985
34993,0.12367,0.00525,0.21056
34994,-10.66377,-0.27923,0.61064
34995,10.30660,0.22352,0.56977
34996,10.32240,0.22681,0.57381
34997,-5.76313,-0.22244,0.34846
34998,10.66750,0.22354,0.54264
34999,-0.99954,-0.16192,0.19025
35000,7.88234,0.25742,0.64442
35001,8.59814,0.27941,0.62516
35002,-12.73249,-0.37829,0.56128
35003,-12.78332,-0.38210,0.55523
35004,-12.43519,-0.36880,0.57687
35005,-8.34072,-0.25940,0.66083
35006,12.26838,0.32328,0.38626
35007,-5.30607,-0.17240,0.68175
35008,-5.46925,-0.17951,0.68671
35009,3.43149,0.11686,0.69336
35010,-1.89384,-0.09592,0.79336
35011,-2.44945,-0.10579,0.77808
35012,-1.34682,-0.08550,0.80727
35013,5.81460,0.22811,0.33796
35014,6.20429,0.23840,0.35036
35015,8.18867,0.26744,0.63890
35016,-0.73937,-0.02308,0.60530
35017,-1.25841,-0.03932,0.59915
35018,7.50615,0.15369,0.36353
35019,9.03996,0.29680,0.54715
35020,8.81469,0.28861,0.55581
35021,9.24064,0.30420,0.53857
35022,9.29469,0.30431,0.55254
35023,1.64007,-0.03837,0.12115
35024,-12.50063,0.01672,0.04588
35025,-13.83240,0.01036,0.03474
35026,-0.35149,0.08030,0.75030
35027,-3.06771,0.03329,0.09713
35028,-2.23213,0.04615,0.11758
35029,-11.35651,-0.28795,0.36787
35030,-4.75923,0.00791,0.04494
35031,9.24823,-0.00783,0.03254
35032,8.80767,-0.01118,0.03997
35033,10.63949,0.36632,0.37424
35034,10.85892,0.37102,0.38485
35035,10.95221,0.37201,0.38210
35036,1.34754,0.17542,0.19381
35037,0.62657,0.16147,0.18314
35038,-2.70845,-0.19985,0.20584
35039,-6.51247,-0.11812,0.54327
35040,-2.76281,-0.05385,0.33132
35041,3.37017,0.15241,0.21833
35042,4.43982,0.16498,0.23540
35043,4.67310,-0.07573,0.11154
35044,4.28766,-0.07962,0.11579
35045,12.25540,0.37027,0.57650
35046,11.82174,0.36008,0.59253
35047,12.00998,0.36583,0.58399
35048,-11.06041,0.02292,0.05216
35049,-13.12812,0.00979,0.03162
35050,0.81765,-0.05578,0.14823
35051,0.77470,-0.05366,0.14847
35052,11.61441,0.37820,0.49537
35053,11.49576,0.37641,0.48866
35054,-7.39524,-0.28735,0.27757
35055,-12.71781,-0.29177,0.45525
35056,5.04778,0.24140,0.26633
35057,5.41319,0.25053,0.27260
35058,5.71082,0.25609,0.28057
35059,4.83712,0.23815,0.26030
35060,0.04337,0.00070,0.31670
35061,-8.77174,-0.28473,0.59914
35062,-8.62233,-0.27994,0.59229
35063,-13.08932,-0.40230,0.46301
35064,2.83596,0.12225,0.21724
35065,-0.88241,-0.03565,0.31456
35066,-11.14458,0.02008,0.04839
35067,-11.00908,0.02178,0.05072
35068,-11.45412,0.01738,0.04446
35069,10.62071,0.22963,0.40277
35070,5.21632,0.17300,0.50713
35071,5.52059,0.18305,0.50953
35072,0.44385,-0.12205,0.16547
35073,-0.50939,-0.13494,0.17704
35074,-0.43228,-0.01871,0.28861
35075,9.14202,0.32674,0.31526
35076,9.63716,0.33690,0.32661
35077,-0.51816,0.04664,0.15259
35078,-1.27749,0.03406,0.12487
35079,-1.39430,0.03519,0.12324
35080,-4.14814,0.02492,0.82907
35081,-1.77988,-0.08354,0.20914
35082,-1.70132,-0.08474,0.20653
35083,-3.19694,-0.21510,0.21909
35084,-0.02066,-0.01106,0.85160
35085,0.05585,-0.01292,0.85891
35086,-10.15002,-0.34275,0.47116
35087,-10.29879,-0.34377,0.49135
35088,4.10273,-0.09391,0.12307
35089,4.60006,-0.08780,0.11768
35090,5.49750,-0.07554,0.10730
35091,2.87148,-0.11155,0.13754
35092,1.11193,-0.10356,0.15493
35093,1.16600,-0.10497,0.15437
35094,-1.84917,0.09064,0.14226
35095,-0.16912,0.03991,0.16362
35096,-0.00980,0.04567,0.17171
35097,-0.33753,0.03982,0.15640
35098,0.11009,-0.06483,0.16927
35099,-0.26051,-0.00847,0.51330
35100,-11.82943,0.01389,0.03914
35101,-11.54554,0.01544,0.04179
35102,-12.20993,0.01221,0.03611
35103,-11.02190,0.01977,0.04812
35104,-11.91755,-0.27459,0.41232
35105,0.18707,0.06521,0.83560
35106,0.57839,0.06819,0.82676
35107,-4.51423,0.06055,0.87704
35108,-5.36376,0.02195,0.08458
35109,-4.65432,0.02600,0.09462
35110,-4.49459,0.02846,0.09857
35111,-1.25152,0.00493,0.08857
35112,-0.36086,0.00400,0.12158
35113,-0.80271,0.00314,0.08842
35114,0.32261,0.03375,0.73182
35115,4.95149,0.13989,0.26208
35116,4.22440,0.13034,0.24766
35117,-0.01935,0.00006,0.08813
35118,-0.15029,0.00046,0.08116
35119,0.02150,0.00059,0.69497
35120,0.08770,0.00265,0.70865
35121,-4.85004,-0.22599,0.71446
35122,-5.13958,-0.23081,0.71179
35123,-3.26446,-0.20758,0.73329
35124,-5.65824,-0.23463,0.70363
35125,1.15100,-0.04895,0.13778
35126,-7.41639,-0.27873,0.27505
35127,10.29174,0.33775,0.52827
35128,10.11401,0.33146,0.53554
35129,10.24546,0.33437,0.54351
35130,6.66784,0.26941,0.31942
35131,6.71121,0.26867,0.32423
35132,6.88016,0.27017,0.33482
35133,6.71902,0.26787,0.32663
35134,1.34785,0.16261,0.18723
35135,-1.32531,0.12585,0.15567
35136,-9.50986,-0.30006,0.31183
35137,-6.89671,0.06369,0.09695
35138,-3.75471,0.03646,0.81030
35139,-1.96831,0.04547,0.78078
35140,-2.58499,0.03966,0.79319
35141,-5.84797,-0.18761,0.65402
35142,-6.18039,-0.19819,0.64138
35143,0.31559,0.00530,0.43596
35144,4.92585,0.23163,0.27210
35145,4.65270,0.22399,0.26752
35146,-0.87107,-0.16043,0.18159
35147,-3.09966,0.01746,0.07660
35148,-1.06178,-0.16635,0.18382
35149,4.60584,0.15844,0.44893
35150,13.59723,0.36741,0.52744
35151,13.48938,0.36156,0.53391
35152,1.14911,0.05703,0.80454
35153,0.94731,0.04964,0.80982
35154,-12.87354,-0.38788,0.41530
35155,-13.22493,-0.38802,0.53662
35156,-13.20601,-0.39050,0.53295
35157,-5.20184,-0.17694,0.46830
35158,-1.87760,-0.06934,0.36740
35159,-2.13005,-0.07804,0.37413
35160,-2.10538,-0.07821,0.36308
35161,-6.77043,0.11009,0.81647
35162,-9.90962,0.08956,0.83908
35163,-10.62841,0.08385,0.84339
35164,7.09168,0.27209,0.34920
35165,7.16618,0.27615,0.34556
35166,0.48503,0.01501,0.61040
35167,12.47879,0.28258,0.52010
35168,-5.84832,-0.12712,0.31869
35169,-6.01760,-0.12664,0.33114
35170,6.42522,0.16528,0.65235
35171,7.26530,0.17251,0.63382
35172,6.23293,0.15957,0.65317
35173,4.15911,-0.08545,0.12415
35174,11.14910,0.25140,0.39698
35175,5.78759,0.21379,0.37874
35176,5.48878,0.20566,0.36710
35177,5.76497,0.21557,0.36908
35178,1.31651,-0.02706,0.11717
35179,2.19416,-0.05484,0.13813
35180,3.28192,-0.04689,0.12271
35181,0.10740,0.00384,0.21940
35182,-2.85641,0.01791,0.10118
35183,3.07250,0.05257,0.45349
35184,3.34669,0.05757,0.44627
35185,9.70551,0.28452,0.63945
35186,10.49927,0.29536,0.62351
35187,-4.41386,-0.14934,0.71682
35188,-4.14926,-0.13945,0.71797
35189,-3.99568,-0.13798,0.72874
35190,-5.58958,0.07470,0.10633
35191,-4.50918,0.08877,0.11847
35192,25.53774,-0.01882,0.93101
35193,-9.91771,-0.34672,0.41431
35194,-9.63019,-0.33953,0.40826
35195,6.99127,-0.05270,0.09462
35196,5.45687,-0.06828,0.11035
35197,5.63054,-0.06565,0.10840
35198,-1.74651,0.00156,0.03312
35199,-1.80869,-0.06320,0.42028
35200,-1.85063,-0.06396,0.43364
35201,-2.20778,-0.07641,0.43210
35202,7.12973,0.12859,0.50253
35203,-0.12622,-0.00385,0.23983
35204,9.71468,0.34424,0.33659
35205,10.30313,0.35566,0.35104
35206,2.63265,-0.02646,0.11660
35207,12.89518,-0.02918,0.92436
35208,10.44744,-0.04162,0.90713
35209,10.90422,-0.03566,0.91453
35210,7.56726,0.24981,0.53112
35211,-4.31078,0.07203,0.11252
35212,-0.93220,-0.07400,0.21212
35213,-0.65726,-0.06931,0.19966
35214,-9.87850,-0.19298,0.48933
35215,2.51056,-0.10868,0.14203
35216,2.49808,-0.09066,0.13488
35217,3.22384,-0.08004,0.12420
35218,13.22913,0.36565,0.41928
35219,13.49784,0.36322,0.43583
35220,1.20460,-0.06170,0.14210
35221,1.83480,-0.05144,0.12654
35222,0.78690,-0.06609,0.15192
35223,-0.78895,0.00945,0.12429
35224,-0.96946,0.00970,0.11859
35225,-1.08562,0.00725,0.10572
35226,-2.47506,-0.20240,0.74796
35227,2.07770,0.06336,0.23789
35228,-12.09488,-0.38729,0.50483
35229,-12.03924,-0.38398,0.51876
35230,-11.97223,-0.38662,0.49253
35231,11.26469,-0.01392,0.03994
35232,12.47420,-0.00749,0.02772
35233,10.97044,-0.01626,0.04357
35234,-9.30184,-0.30907,0.51762
35235,-10.09370,0.01477,0.05245
35236,13.66661,0.39300,0.46517
35237,13.68983,0.39049,0.46181
35238,-8.78884,-0.30530,0.30011
35239,-8.05868,-0.29260,0.28677
35240,-8.73601,-0.30643,0.29963
35241,-2.40905,-0.16695,0.20108
35242,-2.54602,-0.16678,0.20306
35243,-1.45152,-0.15206,0.18886
35244,-1.07985,-0.01799,0.53379
35245,9.71457,0.31664,0.56067
35246,9.60696,0.31445,0.54909
35247,-0.08577,-0.06033,0.17601
35248,-0.27656,-0.06148,0.18378
35249,6.60753,0.20804,0.67243
35250,0.18909,0.10765,0.17816
35251,-3.21115,0.08614,0.12628
35252,6.81099,0.13684,0.36059
35253,1.32903,-0.00391,0.07915
35254,1.25435,-0.00315,0.07448
35255,1.52888,-0.00279,0.06499
35256,8.97048,0.29312,0.63619
35257,8.47636,0.27994,0.65189
35258,8.72883,0.28767,0.64861
35259,10.06062,0.32468,0.63646
35260,-3.06729,-0.09794,0.56454
35261,-3.26120,-0.10363,0.57686
35262,5.57043,0.24445,0.24542
35263,4.47440,0.22549,0.22937
35264,8.93329,-0.04120,0.07347
35265,-0.03715,-0.00108,0.26639
35266,-0.15212,-0.00398,0.25840
35267,13.16057,0.38336,0.42248
35268,-9.65196,-0.31584,0.64396
35269,-9.53471,-0.31329,0.64853
35270,0.68140,-0.03997,0.14466
35271,0.63262,-0.04382,0.14803
35272,0.55351,-0.03905,0.14827
35273,-1.42008,0.05402,0.14896
35274,-2.33895,0.04569,0.13352
35275,-1.82296,0.04883,0.14156
35276,-3.52765,-0.06671,0.60652
35277,-3.08734,-0.06005,0.62018
35278,-13.97792,0.00653,0.02658
35279,-14.11062,0.00568,0.02446
35280,-15.30433,0.00233,0.01347
35281,11.19200,0.24026,0.42691
35282,5.37775,0.09454,0.53233
35283,2.85033,0.05216,0.59606
35284,-2.71551,-0.13425,0.77821
35285,11.86274,0.29514,0.38475
35286,11.42156,0.29020,0.36891
35287,11.52294,0.28785,0.37478
35288,12.20341,0.30094,0.39696
35289,11.88415,0.29865,0.38294
35290,2.13540,-0.05033,0.12154
35291,6.64969,0.28313,0.28692
35292,4.29236,0.17299,0.32247
35293,4.30270,0.17027,0.33098
35294,4.68708,0.18337,0.33796
35295,6.49498,0.11669,0.45167
35296,-5.03483,-0.20549,0.23718
35297,12.16455,-0.04579,0.90351
35298,11.40493,-0.05300,0.89518
35299,8.78108,-0.06850,0.87774
35300,-11.84458,-0.28730,0.57177
35301,-11.87205,-0.28444,0.56761
35302,-6.72773,0.06237,0.09480
35303,-7.77036,0.05086,0.08376
35304,-12.46815,-0.29781,0.54907
35305,-12.68437,-0.30739,0.54604
35306,-4.46548,0.05920,0.10444
35307,-2.94979,0.07350,0.12417
35308,-3.83560,-0.14988,0.33687
35309,1.52816,0.05548,0.38047
35310,1.64149,0.05880,0.39289
35311,1.34479,0.04820,0.39200
35312,1.74584,0.06430,0.36889
35313,1.84656,0.06667,0.38584
35314,2.40334,0.19038,0.73626
35315,1.74660,0.18317,0.20035
35316,0.96367,0.16882,0.18844
35317,1.81263,0.18352,0.20174
35318,-6.69041,0.04306,0.09291
35319,-7.91554,0.03349,0.07982
35320,-0.43548,-0.01793,0.30522
35321,-0.24043,-0.01022,0.29437
35322,-0.65157,-0.02695,0.30345
35323,9.11429,-0.01388,0.04354
35324,8.75813,-0.01736,0.04936
35325,-8.17278,0.03866,0.07340
35326,-9.01500,0.03141,0.06476
35327,-0.40165,-0.05911,0.19055
35328,-0.44096,-0.06306,0.19126
35329,13.50836,0.39948,0.47451
35330,13.60439,0.39707,0.49217
35331,-2.37184,-0.08704,0.37329
35332,-2.36124,-0.08811,0.36039
35333,-2.60381,-0.09451,0.38327
35334,-6.17167,-0.20851,0.69184
35335,0.56545,0.02285,0.79451
35336,0.74382,0.02741,0.78000
35337,9.40627,0.30479,0.61168
35338,-0.45038,-0.01389,0.68376
35339,4.73136,-0.02287,0.07206
35340,5.21567,-0.02019,0.06586
35341,5.32178,-0.01703,0.06058
35342,14.48993,-0.03611,0.91611
35343,10.96959,-0.07169,0.84343
35344,8.84297,-0.08059,0.82792
35345,8.21396,-0.08616,0.82319
35346,11.55249,0.28004,0.57834
35347,12.57537,0.29885,0.54239
35348,1.95434,0.16258,0.21187
35349,1.37498,0.14831,0.20093
35350,2.27013,0.17045,0.21780
35351,-7.83627,-0.21002,0.29873
35352,0.34558,-0.00005,0.01198
35353,9.43799,0.31083,0.65334
35354,10.16208,0.32614,0.63629
35355,9.59498,0.31391,0.65047
35356,3.90273,0.09748,0.27137
35357,3.62305,0.09245,0.26611
35358,4.27785,0.09943,0.28756
35359,1.70553,0.08353,0.26067
35360,1.24896,0.07434,0.23331
35361,0.83401,0.02929,0.76913
35362,3.49860,0.08157,0.28250
35363,-1.61868,0.04181,0.87504
35364,-2.15789,0.03352,0.88827
35365,-1.03179,0.05055,0.86163
35366,-10.19177,-0.29405,0.32809
35367,-7.47664,-0.30165,0.30018
35368,-7.93533,-0.31141,0.30900
35369,6.42747,0.20681,0.58882
35370,6.06488,-0.05901,0.81385
35371,1.53467,0.04291,0.24364
35372,1.19588,0.03996,0.22620
35373,4.07649,0.12820,0.62091
35374,3.52246,0.11030,0.62163
35375,-10.32898,0.02848,0.06427
35376,8.09954,0.20369,0.31170
35377,-13.05516,-0.39133,0.53424
35378,-13.00107,-0.38626,0.54494
35379,-12.77867,-0.38467,0.55060
35380,-13.17463,-0.39228,0.52970
35381,10.39242,-0.03050,0.06333
35382,-3.86712,-0.15171,0.22829
35383,1.93299,-0.12291,0.14848
35384,-0.79026,-0.01977,0.25835
35385,-0.97923,-0.02318,0.26813
35386,-0.91927,-0.02070,0.27882
35387,-13.48831,-0.37952,0.43499
35388,-13.44192,-0.38168,0.43354
35389,-13.25844,-0.37565,0.42160
35390,3.34133,0.08907,0.67427
35391,15.46697,-0.04364,0.87547
35392,-11.04223,0.02384,0.05328
35393,-4.54770,-0.22457,0.72006
35394,-0.23420,-0.00767,0.70059
35395,-0.27056,-0.01068,0.71016
35396,9.23043,-0.02872,0.06963
35397,9.51565,-0.02768,0.06748
35398,-5.02610,-0.24770,0.25749
35399,-5.58141,-0.25882,0.26937
35400,2.91186,-0.01360,0.09361
35401,3.17808,-0.01363,0.09069
35402,-8.49561,0.03033,0.06504
35403,-4.95016,0.05187,0.10979
35404,-4.39399,0.05793,0.11659
35405,-6.65491,-0.12415,0.40824
35406,-0.49392,0.11157,0.16555
35407,1.78392,-0.09016,0.14943
35408,3.05059,-0.07716,0.13436
35409,-8.61612,-0.26779,0.29600
35410,-8.21311,-0.25920,0.28884
35411,-8.78325,-0.26523,0.30014
35412,-3.19457,-0.16377,0.25711
35413,13.67339,0.35701,0.45331
35414,3.13301,0.11583,0.36944
35415,-0.49014,-0.02258,0.80715
35416,-0.61418,-0.02852,0.80679
35417,-0.64899,-0.02669,0.79545
35418,1.58179,-0.13122,0.15295
35419,5.75238,0.19045,0.68812
35420,-4.05260,-0.12990,0.56733
35421,1.39823,-0.11708,0.82529
35422,0.77276,-0.12081,0.82026
35423,1.09542,-0.12439,0.81964
35424,11.66643,0.37601,0.38107
35425,1.69617,0.02891,0.43453
35426,1.64444,0.02780,0.45614
35427,10.62303,0.21459,0.50728
35428,10.24291,0.20569,0.52435
35429,11.00588,0.22599,0.50577
35430,10.95899,0.22357,0.48835
35431,-2.45440,-0.08713,0.40414
35432,11.52711,0.35685,0.59761
35433,2.33155,0.09197,0.77249
35434,2.09200,0.07546,0.76297
35435,-2.92920,-0.20246,0.20858
35436,-6.65093,0.04331,0.82987
35437,-6.18432,-0.21746,0.25623
35438,-6.93962,-0.22720,0.26905
35439,-0.37908,-0.00665,0.55657
35440,11.26044,0.36451,0.52792
35441,-1.55102,0.02333,0.10750
35442,0.08999,0.15274,0.17571
35443,-0.96894,0.13411,0.16082
35444,9.47741,0.25195,0.32343
35445,6.23584,0.20392,0.54119
35446,-1.09638,-0.04605,0.29878
35447,-0.87371,-0.03634,0.30160
35448,-1.08211,-0.04367,0.31397
35449,2.10426,0.07940,0.35123
35450,1.76946,0.06750,0.34336
35451,-0.28102,-0.01390,0.20488
35452,-0.11233,-0.01227,0.18747
35453,-0.46046,0.04977,0.15535
35454,0.01619,0.00052,0.28540
35455,0.04395,0.00166,0.29845
35456,0.14835,0.00652,0.27804
35457,-4.33357,-0.08577,0.61714
35458,13.43479,0.36967,0.43094
35459,13.18889,0.36875,0.41739
35460,14.61126,-0.05937,0.86794
35461,18.25361,-0.04365,0.89009
35462,9.49987,0.32583,0.45405
35463,9.54293,0.32891,0.44516
35464,-5.47271,-0.17910,0.53680
35465,-5.59608,-0.18221,0.54825
35466,-5.86386,-0.19212,0.53713
35467,-5.22758,-0.16978,0.54978
35468,8.57900,0.22922,0.30877
35469,9.28541,0.23796,0.32585
35470,10.44519,0.32705,0.33291
35471,11.14507,0.34027,0.34990
35472,-2.64273,-0.04712,0.58414
35473,-2.81791,-0.05073,0.59021
35474,-8.77801,-0.18325,0.58288
35475,-8.16009,-0.17263,0.59752
35476,-5.40719,0.02299,0.92049
35477,0.12913,-0.00230,0.13581
35478,9.84738,0.21059,0.38803
35479,0.49720,0.05758,0.73338
35480,5.71840,0.10011,0.47926
35481,2.68735,0.18063,0.22545
35482,1.31221,0.15231,0.19857
35483,1.65194,0.16155,0.20429
35484,1.01362,0.13875,0.18336
35485,-11.73647,0.07666,0.84992
35486,-15.59975,0.05770,0.87545
35487,13.61385,0.38829,0.45230
35488,13.57496,0.38626,0.44706
35489,13.72272,0.38693,0.46121
35490,9.36038,-0.01498,0.04456
35491,9.23521,-0.01744,0.04827
35492,10.21079,-0.01078,0.03640
35493,8.41423,-0.02173,0.05559
35494,6.71867,0.23730,0.69861
35495,4.34923,0.16158,0.36992
35496,3.21958,0.12947,0.32018
35497,3.43826,0.13850,0.32010
35498,6.29370,-0.06227,0.10220
35499,4.74224,-0.07796,0.11799
35500,-5.38995,0.05240,0.10649
35501,-6.29047,0.04418,0.09630
35502,-5.72930,0.05044,0.10308
35503,-2.47655,0.01553,0.10289
35504,-2.84282,0.01467,0.09646
35505,-1.87696,0.01956,0.11923
35506,-1.87116,-0.06234,0.48458
35507,2.50865,0.08584,0.44692
35508,2.86886,0.09855,0.44269
35509,2.83544,0.09620,0.45933
35510,5.65620,0.26366,0.26048
35511,5.05141,0.10265,0.61972
35512,-0.56372,-0.01552,0.24463
35513,-0.49017,-0.01341,0.24517
35514,-0.76430,-0.01852,0.26354
35515,8.88615,0.29928,0.66417
35516,1.88489,0.05868,0.69731
35517,-2.90707,0.00260,0.03345
35518,-3.08526,0.00140,0.02341
35519,-2.74384,0.00202,0.03032
35520,2.22424,-0.09083,0.13790
35521,2.45091,-0.08437,0.13339
35522,4.38869,0.22164,0.22787
35523,-14.38135,0.00390,0.01824
35524,-15.46297,0.00168,0.01012
35525,-15.15948,0.00172,0.01029
35526,-11.28991,-0.37987,0.40482
35527,-11.77136,-0.38816,0.42074
35528,-11.38530,-0.38171,0.41472
35529,-12.60900,-0.31423,0.40847
35530,-7.82254,-0.27936,0.41181
35531,-7.93306,-0.28034,0.42395
35532,-8.14809,-0.28766,0.42441
35533,-7.43306,-0.26929,0.39733
35534,-7.59205,-0.27072,0.41391
35535,-2.86118,0.04478,0.12701
35536,1.85304,-0.00435,0.87016
35537,1.43298,-0.00292,0.87608
35538,-8.64050,-0.21985,0.31772
35539,0.00605,-0.05106,0.17229
35540,11.65880,0.30315,0.59086
35541,10.94115,0.29061,0.60799
35542,12.07251,0.30835,0.57809
35543,10.78270,0.26512,0.36128
35544,-9.32764,-0.29186,0.65241
35545,-7.93352,-0.27297,0.67641
35546,-3.06749,-0.16356,0.77075
35547,10.00203,0.33254,0.50560
35548,9.95388,0.32919,0.51816
35549,9.75952,0.32947,0.47891
35550,10.02713,0.33566,0.49076
35551,2.28566,-0.10911,0.14195
35552,9.25110,0.30002,0.60675
35553,6.86451,0.22103,0.63152
35554,7.22096,0.23300,0.62806
35555,-13.79013,0.00533,0.02261
35556,-3.38375,-0.16609,0.71196
35557,-4.78497,-0.17977,0.69396
35558,-1.89971,-0.15078,0.72919
35559,10.62886,0.35223,0.49869
35560,10.38197,0.34579,0.33941
35561,10.96655,0.35918,0.35604
35562,1.00367,0.03520,0.76787
35563,0.96586,0.03249,0.75632
35564,-1.20513,-0.08781,0.21777
35565,11.15435,0.35297,0.59123
35566,8.15832,0.26771,0.54805
35567,-3.07626,-0.14236,0.27607
35568,-3.26052,-0.15001,0.27788
35569,-3.26757,-0.14518,0.28663
35570,-3.45881,-0.15257,0.28907
35571,-12.27517,-0.37987,0.55622
35572,2.55369,0.18332,0.22007
35573,0.13880,-0.00055,0.08820
35574,2.49529,0.11810,0.26948
35575,2.32016,0.11109,0.26661
35576,2.93275,-0.11331,0.83262
35577,2.58691,-0.12016,0.82689
35578,1.26645,0.06304,0.80284
35579,1.48653,0.06541,0.79272
35580,1.53710,0.07076,0.79499
35581,4.82426,0.17578,0.38746
35582,-7.95292,0.03184,0.06736
35583,-7.61633,0.03588,0.07211
35584,-8.87474,0.02328,0.05602
35585,-8.69584,0.02614,0.05969
35586,-10.20100,0.03308,0.06496
35587,-10.21383,0.03342,0.06560
35588,-2.17112,-0.19612,0.20320
35589,-1.70942,-0.18804,0.19620
35590,3.16341,0.10343,0.71964
35591,1.92828,-0.07032,0.14533
35592,4.02666,-0.04918,0.11695
35593,0.95970,0.15946,0.74415
35594,-0.13978,0.15187,0.75567
35595,-6.15827,-0.12079,0.59646
35596,-5.52558,-0.11352,0.61738
35597,-5.83601,-0.11985,0.61476
35598,0.07613,-0.07203,0.83762
35599,0.43109,-0.06397,0.84617
35600,0.78529,-0.06376,0.85078
35601,-0.22884,-0.07079,0.83327
35602,-11.44850,-0.38272,0.42320
35603,-1.96321,0.02993,0.89027
35604,-1.71177,-0.17724,0.19196
35605,10.19123,0.32810,0.62551
35606,0.31340,-0.12062,0.16915
35607,-0.82551,-0.02678,0.52720
35608,8.26688,0.30798,0.36294
35609,9.89569,0.35029,0.38814
35610,-1.24682,-0.04499,0.38587
35611,-1.49626,-0.05410,0.38458
35612,-1.17650,-0.04201,0.39580
35613,-1.50509,-0.05369,0.39730
35614,-12.90518,0.00995,0.91849
35615,-13.06428,0.01342,0.90816
35616,0.81418,0.05043,0.19847
35617,-4.03999,-0.13835,0.45260
35618,2.80019,-0.01060,0.06534
35619,10.49252,0.34686,0.50817
35620,12.61624,0.28463,0.46673
35621,-6.23818,0.07014,0.10168
35622,5.03505,-0.08536,0.11554
35623,-2.18184,-0.15017,0.72512
35624,0.66036,0.13615,0.18688
35625,1.31077,0.15029,0.19906
35626,0.07458,0.12626,0.17605
35627,-7.69833,-0.20175,0.29987
35628,2.99537,-0.11294,0.13715
35629,-6.57194,0.08274,0.81106
35630,11.82701,0.28905,0.38843
35631,3.97827,0.21572,0.22221
35632,-6.78576,0.01996,0.92919
35633,-8.01502,0.01350,0.94336
35634,0.69774,0.14049,0.17951
35635,-0.20399,-0.02706,0.84035
35636,3.39029,-0.08681,0.13209
35637,5.03394,0.16145,0.67295
35638,-1.77037,0.01597,0.90800
35639,6.08252,0.24227,0.25226
35640,3.32395,0.14908,0.76585
35641,13.72513,0.37889,0.45507
35642,-5.31164,0.06675,0.10314
35643,-6.15805,0.05660,0.09308
35644,-1.93620,0.03344,0.13176
35645,-1.95369,0.01958,0.90399
35646,-1.14403,-0.02491,0.28754
35647,-7.37474,-0.26197,0.27276
35648,-6.59691,-0.24977,0.26013
35649,-11.02059,-0.35194,0.58045
35650,-10.73369,-0.34548,0.57179
35651,-8.42212,-0.24585,0.29710
35652,9.36490,-0.02488,0.06651
35653,8.28951,-0.03254,0.07774
35654,8.00406,-0.03370,0.08008
35655,10.77585,-0.01713,0.05299
35656,9.43298,-0.02532,0.06661
35657,7.33702,0.25464,0.27245
35658,7.60033,0.25648,0.27702
35659,6.70463,0.24598,0.26199
35660,0.48119,-0.00542,0.90566
35661,0.30064,-0.00431,0.89980
35662,-0.13056,-0.00596,0.27892
35663,2.21637,0.13025,0.20290
35664,1.75433,0.12659,0.19581
35665,14.48677,-0.05617,0.88993
35666,0.74807,0.02295,0.68895
35667,-12.44105,-0.33452,0.38857
35668,-12.66323,-0.33458,0.39805
35669,-12.75056,-0.38645,0.54644
35670,-12.71603,-0.38306,0.55395
35671,-12.97792,-0.39182,0.53313
35672,0.98321,0.09654,0.18823
35673,6.91937,0.27665,0.32323
35674,-13.66949,0.01055,0.03485
35675,-15.35085,0.00456,0.02085
35676,-14.76944,0.00616,0.02537
35677,-14.20754,0.00831,0.03016
35678,1.97359,0.18103,0.77346
35679,0.49486,0.16239,0.78995
35680,3.61439,0.12625,0.42481
35681,3.22078,0.11108,0.43879
35682,0.03132,-0.00987,0.17283
35683,1.38137,0.06110,0.28220
35684,0.22760,0.08208,0.17978
35685,0.00406,0.07483,0.17318
35686,0.17805,0.06305,0.17926
35687,11.79649,-0.01668,0.04882
35688,9.95335,-0.02739,0.06559
35689,-1.83088,-0.03413,0.35239
35690,-2.20865,-0.03848,0.40630
35691,-4.10537,0.09299,0.12261
35692,-3.92756,0.09608,0.12489
35693,-0.50193,0.00407,0.11216
35694,0.51942,0.03102,0.23122
35695,0.49955,0.03278,0.22282
35696,-3.33473,-0.11183,0.47982
35697,1.41678,0.02476,0.57280
35698,1.26033,0.02167,0.55956
35699,-0.08871,-0.02625,0.18005
35700,10.78409,0.36742,0.37090
35701,10.70066,0.36677,0.37191
35702,6.16849,-0.02727,0.08529
35703,6.72686,-0.02233,0.07657
35704,5.46003,-0.03320,0.09536
35705,4.88543,-0.03619,0.10191
35706,-6.79072,0.04831,0.08491
35707,-13.79152,0.01044,0.03316
35708,-14.75425,0.00586,0.02330
35709,6.82534,0.28635,0.29282
35710,7.09576,-0.04549,0.08232
35711,-8.84000,-0.30231,0.46698
35712,-8.78129,-0.29828,0.47872
35713,0.18981,0.06364,0.17745
35714,-10.45908,-0.35184,0.47247
35715,13.38309,0.39983,0.49369
35716,-5.43976,-0.21892,0.32539
35717,-5.90390,-0.23044,0.34142
35718,-3.38350,-0.11365,0.69121
35719,-3.43692,-0.11708,0.69181
35720,-4.67007,-0.12714,0.66855
35721,-5.86963,0.02251,0.08298
35722,3.56343,0.10375,0.24911
35723,3.20148,0.10161,0.23879
35724,-4.57521,-0.17259,0.73691
35725,-9.59958,-0.21885,0.35872
35726,-10.01466,-0.22550,0.37099
35727,-10.07565,-0.22309,0.37831
35728,-0.55525,0.16501,0.78632
35729,-1.25155,0.15658,0.79420
35730,0.27657,0.17341,0.77969
35731,3.11778,0.19711,0.21010
35732,2.70778,0.08405,0.66596
35733,5.39877,0.17145,0.62354
35734,5.71690,0.18207,0.62117
35735,5.65496,0.18021,0.60885
35736,-0.31147,0.05740,0.16185
35737,-4.48571,-0.15137,0.71490
35738,-4.00330,-0.13863,0.72955
35739,-4.96692,-0.16428,0.69921
35740,-1.94570,-0.08336,0.29409
35741,-4.89197,-0.11390,0.64750
35742,-7.11932,-0.27925,0.27163
35743,-5.10835,-0.22233,0.70719
35744,-3.31089,-0.20116,0.72782
35745,-0.43815,-0.00783,0.57864
35746,-0.81062,-0.02432,0.69091
35747,-10.71642,-0.26864,0.35601
35748,7.09559,0.29017,0.30506
35749,6.46901,0.27653,0.29052
35750,7.00932,0.28919,0.30036
35751,-0.79677,-0.07501,0.82102
35752,-11.33718,-0.23695,0.46691
35753,4.27169,-0.01348,0.06031
35754,1.16190,-0.14606,0.76659
35755,-10.01628,-0.20833,0.40902
35756,-9.75633,-0.20732,0.38967
35757,-12.34113,-0.39191,0.41403
35758,-11.39795,-0.23928,0.46349
35759,-11.55071,-0.24825,0.44323
35760,4.00477,0.22958,0.22766
35761,6.61129,-0.01544,0.06763
35762,1.27503,-0.02853,0.13947
35763,2.05498,0.15355,0.19671
35764,5.24021,-0.03119,0.09573
35765,10.54126,-0.00764,0.02983
35766,9.88149,-0.01054,0.03625
35767,5.78005,-0.02311,0.84813
35768,2.98003,-0.10093,0.77898
35769,2.82500,-0.09908,0.77747
35770,-1.40573,0.02205,0.13148
35771,-2.00746,0.01679,0.11233
35772,-1.44754,-0.09204,0.22831
35773,-0.65433,-0.03436,0.81392
35774,-0.39829,-0.02609,0.82554
35775,1.87771,0.04885,0.67623
35776,2.27022,0.04987,0.65189
35777,2.04371,0.05331,0.67597
35778,-8.28567,-0.15503,0.51761
35779,-13.83332,-0.37536,0.46442
35780,-1.05786,-0.07983,0.72513
35781,-1.62769,-0.08102,0.71411
35782,-13.48710,-0.35511,0.53285
35783,4.36258,0.15768,0.73394
35784,-6.08138,0.01080,0.04659
35785,-13.14197,-0.39718,0.51539
35786,7.68573,0.24905,0.62961
35787,7.89309,0.25649,0.63405
35788,6.60852,0.27167,0.31024
35789,-7.75204,-0.14912,0.56212
35790,-8.22198,-0.15769,0.55053
35791,-7.23695,-0.14252,0.58313
35792,-6.66163,-0.13427,0.60011
35793,12.30347,0.31532,0.57270
35794,-4.12838,0.12990,0.79597
35795,-1.09047,-0.01877,0.56505
35796,-1.34540,-0.02282,0.55172
35797,-0.89000,-0.01514,0.55459
35798,1.68433,0.14631,0.19208
35799,-1.46523,-0.04537,0.69242
35800,-8.58880,0.03944,0.07934
35801,0.49527,0.00959,0.32894
35802,0.41423,0.00781,0.34133
35803,-4.19207,0.09635,0.12434
35804,3.16084,0.11507,0.75082
35805,2.92567,0.11177,0.76085
35806,2.78572,0.10355,0.75917
35807,0.01795,0.02227,0.74263
35808,-4.41659,0.11994,0.79476
35809,-7.08194,0.10078,0.81571
35810,12.13922,0.37329,0.38520
35811,13.04923,0.38463,0.41916
35812,0.69311,0.02238,0.52854
35813,0.37405,0.01199,0.54009
35814,0.27510,0.00936,0.45524
35815,0.61630,0.02060,0.47864
35816,0.23483,0.00780,0.48603
35817,10.77831,-0.02059,0.05674
35818,-9.47655,-0.30226,0.65266
35819,-10.30122,-0.31685,0.63658
35820,12.20651,0.29698,0.40064
35821,-12.45064,-0.39803,0.44891
35822,-12.54528,-0.39901,0.46128
35823,-0.81100,-0.01499,0.35552
35824,-10.41512,-0.33990,0.54081
35825,-2.73454,-0.09045,0.49808
35826,-4.58204,-0.08479,0.37988
35827,11.18248,-0.02973,0.92222
35828,-2.85888,-0.14962,0.25326
35829,-13.23533,-0.36046,0.54915
35830,3.72408,-0.08357,0.85634
35831,6.14255,0.20585,0.49518
35832,1.65752,0.11032,0.79999
35833,-9.33485,-0.32723,0.42358
35834,-8.98947,-0.31788,0.41597
35835,9.48128,-0.03014,0.06225
35836,-1.49007,-0.12268,0.80045
35837,-0.05066,-0.00278,0.24097
35838,-0.12559,-0.00643,0.25187
35839,0.73355,-0.05440,0.15920
35840,-5.45853,-0.10393,0.59284
35841,-9.29413,0.04050,0.07307
35842,-13.76552,-0.35319,0.49859
35843,-13.78825,-0.35324,0.48736
35844,-13.67810,-0.34699,0.50605
35845,-1.67262,-0.03835,0.66222
35846,-10.66231,-0.29074,0.34186
35847,-10.28477,0.02589,0.05631
35848,2.38287,0.17504,0.77451
35849,3.05073,0.18695,0.76459
35850,3.53289,0.19210,0.75861
35851,4.19916,0.20537,0.74795
35852,-4.23220,0.08134,0.12303
35853,9.54863,0.18565,0.51674
35854,0.22883,0.15322,0.17734
35855,0.68367,0.16037,0.18426
35856,-0.29181,0.14254,0.16972
35857,1.55326,0.17683,0.19769
35858,-7.93359,0.02537,0.06096
35859,2.55673,0.07819,0.23866
35860,-3.23659,-0.19191,0.23722
35861,-4.04152,-0.15962,0.33155
35862,-3.78243,-0.15346,0.31844
35863,-3.71692,-0.14914,0.32319
35864,-5.37237,-0.18487,0.70903
35865,-5.61546,-0.19372,0.70658
35866,-5.06234,-0.17403,0.71307
35867,-5.88029,0.00939,0.94778
35868,-5.98497,0.00629,0.95702
35869,-5.82711,0.01316,0.93896
35870,-6.95910,0.00809,0.95372
35871,-3.90344,-0.20336,0.71881
35872,-2.05309,-0.18234,0.73823
35873,-4.45259,-0.18609,0.74545
35874,-2.66989,-0.15341,0.77797
35875,-1.90743,-0.14105,0.79053
35876,4.13507,0.07133,0.45509
35877,-4.09536,0.00172,0.02226
35878,-4.57204,0.00052,0.01030
35879,-4.55222,0.00132,0.01807
35880,-6.80589,-0.26291,0.70059
35881,-8.25158,0.10231,0.83140
35882,-5.43252,0.12334,0.81109
35883,-4.24457,0.00366,0.04582
35884,-3.58150,0.00628,0.06335
35885,-2.90451,0.00869,0.07911
35886,-11.99609,-0.27004,0.53802
35887,-3.75442,-0.16862,0.28487
35888,-3.85506,-0.16852,0.29255
35889,-4.16394,-0.17850,0.29926
35890,-0.99594,0.05622,0.76208
35891,-1.63639,0.05585,0.77179
35892,0.97882,0.03576,0.77648
35893,13.51672,-0.02267,0.93401
35894,15.38022,-0.01812,0.94245
35895,14.44459,-0.01597,0.94550
35896,11.55828,0.24749,0.52272
35897,13.03064,0.36449,0.55852
35898,-3.29290,-0.06009,0.59438
35899,-3.03722,-0.05513,0.59455
35900,2.10492,0.07701,0.37418
35901,-7.87294,-0.16284,0.36432
35902,-12.81419,-0.37018,0.56557
35903,2.15608,-0.01197,0.07681
35904,2.02564,-0.01142,0.07724
35905,-8.03864,-0.15202,0.54315
35906,-8.13127,-0.15502,0.54810
35907,-8.17180,-0.15253,0.52303
35908,-8.57196,-0.16142,0.51780
35909,-9.73001,0.00116,0.01012
35910,-9.53738,0.00129,0.01129
35911,8.16349,0.17114,0.36368
35912,-2.42800,-0.11472,0.26971
35913,-2.16131,-0.10571,0.26241
35914,-9.31313,-0.24676,0.32124
35915,8.29000,0.31426,0.34347
35916,0.20030,0.00673,0.45622
35917,-7.01264,-0.29179,0.28527
35918,-8.70803,0.04594,0.07891
35919,-9.58138,0.03825,0.07083
35920,-10.24433,0.03266,0.06437
35921,6.08504,-0.07117,0.10243
35922,7.62067,-0.05402,0.08653
35923,4.70775,-0.08849,0.11734
35924,-9.40203,-0.24299,0.32638
35925,-9.13533,-0.24189,0.31849
35926,-9.87371,-0.25300,0.33587
35927,11.54921,0.31514,0.36228
35928,10.89725,0.30541,0.34481
35929,11.88762,0.32270,0.37159
35930,-8.83039,0.08121,0.86464
35931,5.40122,0.23598,0.70954
35932,-3.47733,-0.18579,0.25080
35933,-12.55851,-0.34124,0.57557
35934,-12.99023,-0.35204,0.56006
35935,-3.51813,0.10501,0.13107
35936,7.70434,-0.05672,0.82772
35937,6.04307,-0.05019,0.08985
35938,-3.55954,0.09359,0.12676
35939,-0.97134,-0.03488,0.38957
35940,-4.04672,-0.18041,0.28748
35941,-3.81425,-0.17731,0.27662
35942,7.00866,0.25846,0.26698
35943,-5.58482,0.07163,0.10487
35944,-6.02219,0.06690,0.10028
35945,-13.31738,0.05813,0.88844
35946,-2.20442,0.12442,0.14636
35947,3.01219,0.05679,0.35339
35948,7.26935,-0.04880,0.09142
35949,3.13905,0.09791,0.62638
35950,3.37333,0.10521,0.63858
35951,-12.14003,0.00353,0.01872
35952,-13.23240,0.00110,0.00857
35953,-13.29142,0.00104,0.00830
35954,3.98472,-0.05633,0.79813
35955,5.83922,-0.07596,0.10669
35956,5.48021,-0.08012,0.11021
35957,-10.35472,-0.31271,0.32951
35958,-9.12635,-0.28932,0.30401
35959,-9.38753,-0.29679,0.30907
35960,-6.68252,-0.14778,0.62525
35961,13.19410,0.34497,0.42172
35962,1.37656,0.05663,0.30556
35963,1.20392,0.05089,0.29529
35964,1.36802,0.05469,0.31771
35965,-3.24215,-0.10787,0.49187
35966,-2.95201,-0.09776,0.49747
35967,-2.90715,-0.09722,0.48204
35968,7.35684,0.27158,0.27313
35969,7.55856,0.27310,0.27636
35970,3.41377,-0.10708,0.13249
35971,11.47864,0.36581,0.55483
35972,11.23994,0.35821,0.56849
35973,11.28779,0.36150,0.55348
35974,-6.20065,-0.19615,0.67492
35975,-6.26531,-0.19997,0.67522
35976,-2.45397,-0.06053,0.66953
35977,-3.06456,-0.06511,0.64322
35978,-10.95311,-0.35026,0.57972
35979,-11.08905,-0.35368,0.57833
35980,-11.19155,-0.35766,0.56693
35981,-6.23262,-0.20009,0.59539
35982,6.32771,-0.01017,0.05832
35983,-11.58913,-0.27945,0.38565
35984,13.15614,0.37843,0.54841
35985,13.23250,0.38428,0.54012
35986,-0.16242,-0.00270,0.58258
35987,0.00706,0.00032,0.60403
35988,-4.39962,0.01525,0.08208
35989,-5.66304,0.03803,0.09738
35990,-4.14820,-0.08695,0.31308
35991,13.41271,0.34127,0.44020
35992,13.42978,0.34560,0.43783
35993,-10.00199,-0.30196,0.63954
35994,-4.37217,-0.21925,0.25989
35995,-4.00162,-0.20906,0.25347
35996,-3.94615,-0.21189,0.24894
35997,-3.63234,-0.20278,0.24408
35998,7.65454,0.26908,0.68604
35999,0.04029,-0.15091,0.17083
36000,-7.50472,-0.24506,0.67171
36001,-6.65677,-0.23862,0.68576
36002,5.33951,-0.06090,0.80806
36003,0.78346,-0.00179,0.07159
36004,-12.03961,-0.36597,0.58486
36005,-5.63651,-0.13745,0.65013
36006,-0.37330,0.00824,0.14120
36007,-0.33732,0.01022,0.14855
36008,-4.76850,0.00944,0.04877
36009,-5.34573,0.00576,0.03636
36010,0.88688,0.06526,0.19384
36011,10.21635,0.35768,0.36031
36012,0.25677,-0.15026,0.17018
36013,-0.78370,-0.16857,0.18468
36014,0.93917,-0.13787,0.16099
36015,7.78006,0.29736,0.34569
36016,7.95368,0.30290,0.34626
36017,7.38234,0.28744,0.33612
36018,8.85113,0.17917,0.39443
36019,-3.04870,0.00513,0.06195
36020,-2.38462,0.00799,0.08260
36021,-1.68059,-0.04224,0.26013
36022,11.48952,0.37643,0.48775
36023,11.60284,0.37660,0.50451
36024,-2.16351,-0.03641,0.48880
36025,-11.61934,-0.37955,0.48881
36026,9.46662,0.33645,0.32604
36027,0.60240,0.02266,0.35133
36028,4.47493,0.18445,0.74467
36029,4.61000,0.19091,0.74267
36030,-3.61898,-0.16167,0.28584
36031,2.82288,-0.05900,0.87075
36032,2.23676,-0.06876,0.86005
36033,5.56200,0.11998,0.62949
36034,4.58505,0.10739,0.65088
36035,-11.53564,0.01325,0.04497
36036,-2.35172,0.06916,0.14008
36037,8.70273,-0.05396,0.89207
36038,7.78482,-0.00365,0.03177
36039,-3.76986,0.09034,0.12347
36040,-3.01980,0.10084,0.13283
36041,-24.60255,0.01585,0.93123
36042,-26.26858,0.01167,0.94187
36043,9.68242,0.19756,0.41160
36044,6.61284,-0.00475,0.03012
36045,1.47908,0.11885,0.21280
36046,-8.37122,-0.30042,0.29306
36047,-7.88447,-0.29276,0.28471
36048,-8.48994,-0.30420,0.29586
36049,-7.47757,-0.28376,0.27703
36050,-0.39446,0.05602,0.84940
36051,-2.15042,-0.16051,0.21831
36052,-7.90715,0.05170,0.08433
36053,-6.82533,0.06343,0.09546
36054,-8.69904,0.04419,0.07670
36055,-7.45413,0.05683,0.08929
36056,-0.77999,-0.01361,0.57907
36057,-0.63968,-0.01098,0.55638
36058,20.26818,-0.03603,0.90121
36059,25.08167,-0.02123,0.92704
36060,1.60951,-0.00209,0.03999
36061,1.91856,-0.00140,0.02993
36062,1.56848,-0.00326,0.05003
36063,1.73590,-0.00765,0.06948
36064,-13.32483,0.06387,0.88007
36065,2.91648,0.10019,0.23108
36066,2.33090,0.09231,0.21943
36067,5.82812,0.24508,0.24891
36068,6.46891,0.25717,0.25895
36069,6.89280,0.22271,0.64240
36070,12.50406,0.38803,0.53474
36071,12.57678,0.38817,0.53721
36072,12.54482,0.39144,0.52143
36073,-3.73979,0.00996,0.05596
36074,-4.20449,0.00798,0.04789
36075,9.57500,0.30010,0.31338
36076,-0.07309,0.00826,0.15534
36077,-0.72680,-0.06362,0.19031
36078,2.22673,0.07129,0.55035
36079,1.76422,-0.10298,0.14627
36080,2.54497,-0.09158,0.13468
36081,-1.58143,-0.05223,0.74420
36082,-1.33102,-0.04393,0.74591
36083,1.01307,-0.00056,0.03651
36084,0.91807,-0.00021,0.02222
36085,1.02563,-0.00121,0.05343
36086,0.76327,-0.00095,0.05483
36087,2.51740,0.10389,0.21780
36088,3.46637,0.11486,0.23655
36089,10.61383,0.33678,0.33835
36090,-14.28968,0.00622,0.93745
36091,4.74998,-0.02103,0.06951
36092,5.16173,-0.01441,0.05710
36093,4.36999,-0.02218,0.07354
36094,-0.46007,0.00018,0.02177
36095,-0.19703,0.00011,0.02659
36096,0.16443,-0.00008,0.02478
36097,0.79547,-0.03764,0.15547
36098,1.45058,-0.03167,0.13946
36099,0.23562,-0.04115,0.16950
36100,0.96947,-0.03434,0.15053
36101,-11.01338,-0.37197,0.43893
36102,-10.81542,-0.36745,0.43631
36103,-7.72837,-0.26976,0.27850
36104,-7.58223,-0.26530,0.27601
36105,4.38926,0.23409,0.23132
36106,0.36277,0.01248,0.76644
36107,0.56571,0.02010,0.77381
36108,2.66424,-0.14530,0.78782
36109,6.31083,-0.11505,0.81643
36110,14.46344,-0.04714,0.90214
36111,4.01334,0.10966,0.67396
36112,4.75899,0.11430,0.65484
36113,-4.41555,-0.19424,0.22840
36114,-0.76525,0.02080,0.14471
36115,0.92881,0.07185,0.72750
36116,0.65207,0.07358,0.73416
36117,4.74204,0.17176,0.23945
36118,3.99885,0.15993,0.22820
36119,5.36357,0.09548,0.55039
36120,-3.57495,-0.10035,0.25349
36121,-4.24028,-0.11049,0.26743
36122,-4.15867,-0.10723,0.26848
36123,1.46658,-0.13533,0.15458
36124,12.84597,-0.01638,0.89944
36125,15.30891,-0.01239,0.91700
36126,-2.81501,0.11509,0.13899
36127,-1.85435,0.12931,0.15013
36128,0.48458,0.01232,0.67461
36129,0.31749,0.00934,0.68574
36130,0.66454,0.01432,0.65268
36131,0.42590,0.00997,0.66107
36132,-0.30252,-0.00709,0.27118
36133,0.41300,0.01689,0.30507
36134,-3.57732,-0.08859,0.66538
36135,7.90124,0.15796,0.38258
36136,4.86404,0.22872,0.23465
36137,4.47359,0.22094,0.22897
36138,-0.49674,0.00474,0.11707
36139,-4.07982,-0.23228,0.23310
36140,-3.92710,-0.22944,0.23001
36141,-0.12355,0.04712,0.16688
36142,4.00231,0.20430,0.25744
36143,4.01487,0.20643,0.25613
36144,4.47641,0.21641,0.26723
36145,1.37122,-0.01337,0.09420
36146,-8.18982,-0.29326,0.40716
36147,-7.83350,-0.28719,0.38406
36148,1.79587,0.06126,0.75265
36149,-3.23550,-0.05482,0.47051
36150,-3.49368,-0.05950,0.45833
36151,6.96879,0.29019,0.29256
36152,7.55790,0.30286,0.30483
36153,2.57645,0.20266,0.75315
36154,2.16197,0.03756,0.56670
36155,-10.41324,-0.21942,0.41233
36156,-10.02389,-0.21443,0.39255
36157,6.51163,0.25683,0.70735
36158,-1.40165,0.09544,0.83813
36159,1.99880,0.11541,0.20272
36160,1.11743,0.10365,0.18923
36161,0.04531,0.00548,0.18534
36162,-9.43512,-0.22109,0.34791
36163,8.00440,-0.09449,0.82246
36164,7.61793,-0.09497,0.81930
36165,-6.14073,0.07152,0.10277
36166,-4.64769,0.09031,0.11897
36167,-7.41858,-0.24168,0.56506
36168,-7.60017,-0.24834,0.55809
36169,-10.13895,-0.20068,0.47483
36170,5.68023,-0.06899,0.10842
36171,7.54335,0.13708,0.48402
36172,7.41633,0.13532,0.46103
36173,-0.16620,0.01009,0.16051
36174,-15.55964,0.04225,0.87697
36175,-12.02192,0.05629,0.85279
36176,-5.70731,0.03740,0.08201
36177,-1.39174,-0.04882,0.70143
36178,-1.89258,-0.05113,0.68079
36179,-1.80286,0.04386,0.12234
36180,-2.08876,0.04265,0.11710
36181,-4.92693,-0.09542,0.35587
36182,-0.90057,0.01343,0.79123
36183,-1.62628,0.01060,0.82323
36184,-0.49845,0.01283,0.77581
36185,-1.07030,0.00928,0.81165
36186,2.26174,0.07271,0.54471
36187,-1.95109,0.00386,0.06703
36188,-1.53579,0.00502,0.08236
36189,-2.15925,0.00232,0.05099
36190,6.51571,-0.03525,0.07608
36191,7.10744,-0.02819,0.06708
36192,-7.29454,-0.17352,0.63259
36193,-6.79096,-0.17065,0.64499
36194,5.29681,-0.01900,0.06404
36195,-2.51114,0.04393,0.11244
36196,-0.01884,0.00349,0.16978
36197,-25.70662,0.01645,0.93366
36198,-23.74884,0.02198,0.92279
36199,-19.58414,0.03386,0.89924
36200,-31.96464,0.00553,0.96521
36201,-28.61323,0.01088,0.94890
36202,1.10092,-0.00294,0.94225
36203,-9.24237,-0.30229,0.55637
36204,-9.11847,-0.29932,0.54700
36205,5.75668,0.11634,0.34361
36206,-4.26833,0.03486,0.08848
36207,1.69687,0.07913,0.27048
36208,-2.91015,0.00986,0.06237
36209,1.33677,0.02717,0.63666
36210,1.07448,0.02549,0.66547
36211,0.99006,0.02211,0.65601
36212,-4.65392,-0.07989,0.47981
36213,-4.58935,-0.07947,0.45213
36214,-9.56939,-0.28916,0.64524
36215,-8.93084,-0.18475,0.57735
36216,2.26088,-0.07286,0.85737
36217,-10.15632,0.08195,0.83830
36218,-15.04922,0.05666,0.87083
36219,-9.33915,-0.33308,0.32149
36220,-9.77782,-0.34024,0.32984
36221,-9.58585,-0.33905,0.32846
36222,5.04809,-0.08540,0.11527
36223,2.01836,0.06450,0.55443
36224,1.68015,0.05333,0.56528
36225,-11.99488,-0.34486,0.59521
36226,-11.58126,-0.33811,0.60680
36227,26.99298,-0.01724,0.94022
36228,10.02111,0.35432,0.35821
36229,-3.89358,-0.15196,0.74977
36230,-3.72409,-0.15189,0.75554
36231,-4.20887,-0.16140,0.74364
36232,-5.55179,-0.09694,0.50124
36233,-5.68379,-0.09984,0.51905
36234,-5.41232,-0.09427,0.48095
36235,-5.71099,-0.10009,0.47555
36236,7.18439,0.24080,0.50054
36237,8.97665,0.29092,0.60615
36238,12.11157,0.38056,0.54280
36239,12.65735,-0.00554,0.02391
36240,12.13610,-0.00724,0.02811
36241,14.09376,-0.00146,0.01053
36242,13.78581,-0.00226,0.01404
36243,8.14271,-0.02124,0.05598
36244,-8.41341,-0.16081,0.54296
36245,-8.16367,-0.15883,0.56173
36246,-7.83764,-0.15238,0.56761
36247,6.13120,0.27001,0.28124
36248,6.00261,0.26536,0.28219
36249,-11.48657,0.04510,0.85708
36250,7.91463,0.25668,0.58459
36251,7.71696,0.28348,0.38218
36252,2.12309,0.07206,0.22818
36253,2.67536,0.07734,0.24483
36254,2.74531,-0.05310,0.13115
36255,4.42175,-0.03846,0.10722
36256,3.73210,-0.04500,0.11736
36257,6.89655,-0.04141,0.90195
36258,1.87995,-0.00242,0.05588
36259,1.93450,-0.00317,0.06210
36260,6.77803,-0.01703,0.06935
36261,9.35131,0.30694,0.54394
36262,11.76766,-0.00996,0.03334
36263,0.41753,0.16420,0.17727
36264,-5.58542,-0.09832,0.52758
36265,-5.77780,-0.10121,0.48310
36266,9.45599,0.31033,0.64548
36267,0.14587,-0.08726,0.17003
36268,7.42567,-0.05305,0.08618
36269,8.85797,-0.03875,0.07136
36270,-4.70977,0.08631,0.11638
36271,-4.89405,0.08431,0.11454
36272,3.69353,0.11697,0.68548
36273,3.73218,0.11742,0.67269
36274,-10.97705,-0.31052,0.61682
36275,-10.68980,-0.36267,0.44658
36276,-10.76131,-0.36310,0.45588
36277,10.04524,-0.03349,0.06502
36278,10.75541,-0.02774,0.05802
36279,-11.93674,-0.25749,0.46926
36280,-9.01174,-0.29604,0.54655
36281,-9.25154,-0.30614,0.52717
36282,5.37724,0.18819,0.68704
36283,-4.73058,-0.15355,0.69043
36284,-5.21019,-0.25415,0.24811
36285,11.42244,0.27023,0.38689
36286,11.54099,0.27493,0.38787
36287,11.73348,0.27142,0.40407
36288,11.86189,0.27703,0.40426
36289,7.39865,0.28499,0.27696
36290,-6.10528,-0.26049,0.29746
36291,-5.44462,-0.24499,0.28246
36292,-3.54257,-0.14128,0.75670
36293,-6.40903,0.05973,0.10127
36294,-6.93511,-0.26436,0.69652
36295,-7.91207,-0.27982,0.68130
36296,3.23568,-0.02349,0.82100
36297,-6.71659,0.04589,0.08343
36298,-5.23823,0.06360,0.10181
36299,-7.84248,0.03469,0.07037
36300,4.28618,0.10737,0.66180
36301,4.84655,0.11449,0.65039
36302,-0.62800,-0.07158,0.19724
36303,-12.40514,-0.36953,0.57634
36304,5.01790,-0.00560,0.90109
36305,4.97980,-0.00344,0.91884
36306,7.11343,0.20039,0.28335
36307,7.73127,0.20704,0.29725
36308,-2.69272,0.03172,0.09972
36309,-2.66236,0.02968,0.09792
36310,-2.29019,0.03782,0.11048
36311,-2.23125,0.03606,0.10978
36312,9.89362,0.24835,0.33987
36313,10.42256,0.25724,0.35322
36314,12.13451,0.36936,0.57874
36315,12.58825,0.39467,0.50679
36316,12.45458,0.39118,0.51630
36317,-0.88671,-0.03204,0.38588
36318,1.34459,0.05087,0.34773
36319,1.55911,0.06090,0.32939
36320,-7.77754,-0.25488,0.55147
36321,-7.97198,-0.26083,0.55709
36322,7.22178,0.13037,0.48194
36323,-2.12731,0.12091,0.14591
36324,-21.79903,0.02902,0.91127
36325,-19.64498,0.03547,0.89919
36326,-25.30950,0.01810,0.93147
36327,-10.98108,-0.26185,0.58613
36328,2.92790,-0.08620,0.12927
36329,3.47946,-0.07689,0.12080
36330,-0.82089,-0.03289,0.31651
36331,-0.67582,-0.02915,0.28957
36332,0.38342,0.01703,0.28111
36333,1.14193,0.04992,0.28477
36334,-7.52392,-0.26633,0.42261
36335,-1.83177,0.12298,0.15039
36336,10.96092,0.37096,0.43428
36337,0.43189,0.00734,0.49282
36338,0.19073,0.00336,0.49790
36339,-1.53266,-0.02878,0.34609
36340,1.22446,0.02062,0.53637
36341,-3.69636,-0.12704,0.73165
36342,4.11268,-0.02771,0.08210
36343,3.68816,-0.03428,0.09223
36344,7.03750,0.22734,0.63731
36345,-1.04392,-0.06860,0.81430
36346,2.13483,0.15754,0.72771
36347,9.39425,0.33424,0.39809
36348,-9.23693,0.07156,0.83153
36349,-7.91306,0.07631,0.82157
36350,-10.99019,0.00377,0.02022
36351,-11.76281,0.00112,0.00907
36352,-0.58363,-0.02107,0.77607
36353,-0.50587,-0.01750,0.76599
36354,-0.27708,-0.00997,0.77632
36355,-0.46135,0.00690,0.10695
36356,-0.57288,0.00853,0.10692
36357,-0.45355,0.00929,0.11671
36358,11.83890,-0.01693,0.04806
36359,9.38378,0.34170,0.34489
36360,8.73809,0.32802,0.32589
36361,9.22074,0.33816,0.33852
36362,-0.29823,0.09010,0.74957
36363,-13.48023,-0.39344,0.44757
36364,-1.23807,-0.13398,0.20089
36365,-13.81661,0.06152,0.88301
36366,3.80581,-0.05374,0.10621
36367,2.93911,-0.06519,0.12038
36368,4.30608,-0.04577,0.09698
36369,2.94703,-0.00901,0.08007
36370,2.56864,-0.01205,0.09379
36371,9.59418,0.31491,0.54097
36372,9.88268,0.32459,0.53474
36373,7.22444,0.25465,0.69218
36374,0.58346,0.14762,0.17785
36375,0.30035,0.14524,0.17453
36376,-10.85179,0.00869,0.03126
36377,3.85433,0.14255,0.37139
36378,4.10676,0.14933,0.38645
36379,-11.54911,-0.36626,0.56371
36380,0.94369,0.08560,0.20556
36381,0.75147,0.08564,0.19733
36382,-0.28082,-0.00499,0.60082
36383,-0.44151,-0.00832,0.61780
36384,-2.54245,0.02240,0.90561
36385,-2.27178,0.02103,0.90520
36386,-3.24186,0.01841,0.91738
36387,0.44899,0.10714,0.17793
36388,9.37732,0.22728,0.61450
36389,-1.04489,-0.15609,0.19226
36390,-1.50647,-0.03269,0.28933
36391,-2.03038,-0.03988,0.32514
36392,-1.70399,-0.03449,0.31188
36393,-12.80688,-0.32746,0.40881
36394,3.66185,0.18011,0.21842
36395,-0.17003,-0.15375,0.17691
36396,3.09638,-0.01061,0.93290
36397,3.73068,0.15192,0.31672
36398,3.58765,0.14492,0.31965
36399,5.23990,-0.05347,0.10859
36400,5.55809,-0.04951,0.10456
36401,-11.26330,-0.28681,0.59516
36402,11.21989,0.37725,0.43153
36403,1.36795,0.05806,0.79147
36404,-3.35732,0.05717,0.12646
36405,-3.11038,0.06084,0.12999
36406,-10.05446,-0.22308,0.58224
36407,-9.18880,-0.21017,0.60443
36408,-10.69021,-0.23376,0.56338
36409,8.07178,0.29212,0.39522
36410,8.13497,0.29169,0.40511
36411,8.48520,0.30182,0.41212
36412,-13.75826,-0.35070,0.47953
36413,-13.73459,-0.34968,0.49499
36414,8.95242,0.29362,0.64052
36415,9.37139,0.30504,0.62752
36416,9.74379,0.31683,0.63510
36417,-13.29150,0.00652,0.02496
36418,-12.47541,0.00995,0.03221
36419,8.65588,0.28064,0.61271
36420,8.28326,0.26919,0.62861
36421,7.12349,0.24421,0.46404
36422,7.29008,0.25109,0.45744
36423,2.46266,-0.00738,0.85846
36424,3.36121,0.05734,0.46767
36425,3.57398,0.06088,0.47836
36426,-10.70766,-0.32100,0.33763
36427,-9.92559,-0.30823,0.32019
36428,-0.49845,-0.03050,0.19776
36429,-1.33102,0.08350,0.14734
36430,-1.60609,0.08218,0.14302
36431,5.48970,-0.07787,0.10845
36432,-7.05776,0.02476,0.06401
36433,5.43189,0.12205,0.63889
36434,3.07181,0.10656,0.23127
36435,3.87782,0.11434,0.24981
36436,2.22112,0.09588,0.21477
36437,3.04947,0.10380,0.23247
36438,-4.75180,0.01118,0.06996
36439,-6.52113,0.00373,0.03587
36440,-3.49552,-0.06471,0.36654
36441,-0.05582,-0.15427,0.17200
36442,1.13063,-0.00692,0.07971
36443,1.02274,-0.00498,0.07297
36444,8.90129,0.17909,0.56692
36445,8.88074,-0.03772,0.90970
36446,-0.44933,-0.01517,0.22517
36447,8.14475,0.15253,0.53417
36448,-7.50554,-0.24256,0.61840
36449,5.75112,0.23924,0.70427
36450,5.48361,0.23681,0.70865
36451,7.06754,0.25838,0.68775
36452,3.67131,0.21830,0.23386
36453,11.09659,0.29711,0.60663
36454,6.27049,0.25352,0.71025
36455,10.95496,0.25727,0.58258
36456,11.28495,0.26588,0.57689
36457,2.77202,0.09098,0.50975
36458,-0.00751,-0.00178,0.18607
36459,-10.49896,-0.35938,0.43496
36460,-10.75902,-0.36522,0.44176
36461,-1.36307,0.12841,0.15534
36462,3.77015,0.11015,0.24998
36463,-9.16973,-0.33704,0.33483
36464,-9.62458,-0.34611,0.34463
36465,-9.22171,-0.33844,0.33910
36466,1.60636,0.03551,0.28572
36467,-9.83913,-0.33856,0.32844
36468,5.90744,0.16174,0.27403
36469,5.40605,0.15399,0.26475
36470,4.93681,0.14971,0.25434
36471,3.23809,-0.00595,0.06424
36472,2.76550,-0.00922,0.08206
36473,3.65563,-0.00369,0.04869
36474,0.40815,0.14995,0.18119
36475,1.99839,0.18065,0.20716
36476,8.26768,0.30592,0.36982
36477,-2.18403,-0.07809,0.70013
36478,-9.28626,-0.33636,0.32695
36479,-7.70618,0.00603,0.03128
36480,-8.13966,0.00487,0.02719
36481,1.47715,0.07530,0.25343
36482,0.92167,0.03669,0.70729
36483,1.52188,0.04284,0.68434
36484,0.95928,0.03998,0.70960
36485,-10.40866,-0.35884,0.35516
36486,8.14807,0.26879,0.53522
36487,-2.31720,0.00030,0.01084
36488,-2.04475,0.00073,0.02001
36489,12.97813,-0.01092,0.03824
36490,4.84801,0.19412,0.23602
36491,-0.16850,0.00103,0.07865
36492,-0.29863,0.00110,0.06453
36493,-12.33314,-0.39665,0.44968
36494,0.87679,0.02716,0.23332
36495,11.91433,-0.02110,0.05018
36496,2.84981,-0.02486,0.09019
36497,3.98291,0.14026,0.41782
36498,8.60615,0.17628,0.38316
36499,8.97586,0.18342,0.39230
36500,8.43369,0.17671,0.36826
36501,8.66675,0.17448,0.39444
36502,9.01406,0.18065,0.40588
36503,1.69358,-0.09543,0.14541
36504,-4.42989,0.04014,0.09203
36505,-1.58437,-0.16777,0.20137
36506,2.05600,0.06358,0.67829
36507,1.99211,0.06147,0.66906
36508,-6.86048,-0.26406,0.69977
36509,2.47399,-0.00710,0.07755
36510,2.32871,-0.00630,0.07589
36511,2.95161,-0.00418,0.05745
36512,2.04458,-0.01001,0.09459
36513,1.92111,-0.00919,0.09398
36514,0.28666,0.16014,0.17547
36515,0.06747,-0.07024,0.74425
36516,-3.27530,-0.05625,0.54570
36517,9.74737,0.32203,0.31932
36518,10.14059,0.32637,0.32708
36519,-19.86526,0.03397,0.90060
36520,-16.86264,0.04500,0.88233
36521,6.37498,0.21889,0.69537
36522,-12.37758,-0.32733,0.38831
36523,-12.51518,-0.32584,0.39502
36524,-8.98631,-0.29964,0.65675
36525,-1.42382,-0.03202,0.27927
36526,3.29843,0.13868,0.76380
36527,2.73449,0.12414,0.77607
36528,-1.65919,-0.06242,0.35339
36529,-1.90713,-0.07100,0.36128
36530,-5.06276,0.00044,0.00858
36531,-4.59773,0.08132,0.11995
36532,-5.27160,0.09041,0.79933
36533,-8.14258,-0.15126,0.46153
36534,-8.41569,-0.32084,0.31355
36535,-12.62982,-0.38969,0.53493
36536,-2.80660,-0.15344,0.20886
36537,-2.55307,-0.14811,0.20561
36538,-0.23619,-0.15780,0.17753
36539,9.10192,0.33097,0.37370
36540,-7.47462,-0.27216,0.39259
36541,2.90067,-0.02800,0.09366
36542,-10.96087,-0.23795,0.41111
36543,10.98083,0.29258,0.35163
36544,11.56791,0.30184,0.36829
36545,10.76218,0.28641,0.34715
36546,0.88008,0.17339,0.18390
36547,1.95534,0.19206,0.19818
36548,6.41663,0.22402,0.43780
36549,6.33963,0.21983,0.44626
36550,-5.99332,-0.19375,0.56797
36551,-5.60350,-0.18133,0.56082
36552,-6.24292,-0.20270,0.56005
36553,6.66161,-0.04753,0.08547
36554,0.16364,0.05945,0.83782
36555,1.20730,0.06747,0.80799
36556,2.70029,0.15587,0.77713
36557,3.04768,0.15744,0.77172
36558,-0.82194,-0.03804,0.27174
36559,-0.54497,-0.02679,0.25913
36560,-0.65485,-0.03012,0.27276
36561,4.58158,0.14688,0.56894
36562,3.90211,0.12410,0.58022
36563,-2.26216,-0.13344,0.23716
36564,-8.26794,-0.31471,0.34018
36565,-7.87746,-0.30553,0.33128
36566,6.26682,0.24303,0.25507
36567,0.27922,-0.01308,0.15631
36568,0.18089,-0.01593,0.16435
36569,0.88281,-0.00986,0.12201
36570,4.29744,0.16776,0.23179
36571,-13.26509,-0.32414,0.52000
36572,-10.98324,0.07273,0.84351
36573,-2.98967,-0.09831,0.50935
36574,7.30134,0.24707,0.48441
36575,1.09296,-0.00524,0.09502
36576,1.56315,-0.00280,0.06479
36577,-9.53834,0.07454,0.83320
36578,-0.03872,-0.07852,0.17433
36579,5.94081,0.19310,0.55154
36580,5.35948,0.17223,0.57269
36581,-8.03910,-0.27314,0.67231
36582,-7.69733,-0.26361,0.67878
36583,3.51569,0.11572,0.50883
36584,4.33206,0.14240,0.51727
36585,4.67948,0.15447,0.51201
36586,10.88422,0.33893,0.34417
36587,11.49512,0.34849,0.35969
36588,10.43655,0.32937,0.33322
36589,-10.95673,0.06916,0.84338
36590,1.95058,-0.01840,0.09305
36591,2.21270,-0.01745,0.08738
36592,9.06331,-0.09510,0.83527
36593,1.43019,0.12172,0.21003
36594,1.07350,0.11266,0.20112
36595,3.43005,0.11417,0.49079
36596,-13.25410,-0.37591,0.54666
36597,-6.93738,-0.23354,0.49303
36598,11.73896,0.36638,0.57716
36599,4.76124,0.08277,0.45555
36600,5.23039,0.09206,0.44763
36601,-1.32969,-0.04147,0.60476
36602,-8.46894,-0.32193,0.33280
36603,-8.49761,-0.32192,0.33713
36604,-8.96024,-0.33235,0.34720
36605,-7.95072,-0.31089,0.31871
36606,-1.43966,-0.18646,0.75137
36607,-3.27309,-0.20590,0.73177
36608,0.42974,-0.07176,0.84244
36609,-3.02323,-0.05807,0.34124
36610,-2.99318,-0.05969,0.32449
36611,-8.36528,-0.19390,0.61758
36612,3.07707,-0.07284,0.86167
36613,2.88870,-0.07975,0.85586
36614,1.89185,-0.08664,0.84631
36615,-8.92274,-0.33195,0.34289
36616,-0.91752,0.05726,0.15739
36617,-13.70677,0.01125,0.03443
36618,-17.27896,0.00128,0.00859
36619,2.32219,-0.10720,0.14439
36620,1.26713,-0.03139,0.12279
36621,1.51175,-0.03005,0.11622
36622,-6.56518,0.03376,0.90977
36623,-7.48159,0.02325,0.92572
36624,2.73732,0.17744,0.77080
36625,11.56412,0.24324,0.48187
36626,2.37215,0.06148,0.25668
36627,-1.72255,-0.06722,0.77926
36628,-1.72116,-0.07140,0.78540
36629,-11.97986,-0.37587,0.55536
36630,6.56651,0.23507,0.40895
36631,-10.92177,-0.36773,0.36699
36632,-12.26873,-0.28635,0.54618
36633,-8.50445,-0.27868,0.64037
36634,-4.94304,-0.11836,0.28657
36635,-1.86415,-0.09657,0.20551
36636,-3.59890,0.08740,0.12967
36637,3.22709,-0.13192,0.78620
36638,5.14030,-0.11623,0.80137
36639,3.82886,-0.12887,0.79215
36640,-0.72410,0.00742,0.80535
36641,-3.54234,-0.06462,0.59372
36642,3.38582,0.07388,0.29689
36643,3.46963,0.07305,0.30773
36644,8.11009,0.27920,0.67521
36645,-7.12296,-0.26127,0.38636
36646,-0.55639,-0.01854,0.75403
36647,-2.12206,-0.19615,0.76017
36648,-12.70489,-0.39014,0.41405
36649,-13.03300,-0.39544,0.43133
36650,9.68658,-0.03551,0.06715
36651,9.54324,-0.03692,0.06881
36652,-11.32606,-0.37133,0.49635
36653,-11.41657,-0.37102,0.51320
36654,5.14675,0.20721,0.23918
36655,-13.82267,-0.37971,0.46399
36656,1.82106,0.05612,0.65942
36657,11.19569,-0.00743,0.02915
36658,3.99209,-0.01443,0.08316
36659,4.64404,-0.01091,0.07004
36660,5.88904,-0.01536,0.07172
36661,-4.96337,0.02443,0.83816
36662,-3.04946,0.03148,0.80698
36663,2.46629,0.09965,0.77294
36664,-3.91820,0.05503,0.79917
36665,-10.24233,-0.35958,0.36843
36666,-10.58233,-0.36615,0.37620
36667,3.74824,0.08645,0.28626
36668,5.02291,-0.03693,0.08522
36669,2.15240,-0.05367,0.12362
36670,-0.01704,0.00129,0.16252
36671,0.00513,0.00184,0.17913
36672,-9.85011,-0.19377,0.51189
36673,-0.72278,-0.04488,0.22844
36674,-0.71959,-0.04191,0.23477
36675,-5.43829,-0.09675,0.54733
36676,-5.45084,-0.09812,0.55922
36677,8.43636,-0.02753,0.06232
36678,9.84017,0.31931,0.63097
36679,6.73501,-0.01311,0.04853
36680,-0.90367,-0.04375,0.80665
36681,0.33235,0.00611,0.35365
36682,0.45127,0.00804,0.37719
36683,-3.32256,-0.16399,0.26362
36684,-3.82862,-0.17200,0.70696
36685,-1.83011,0.00761,0.84313
36686,-9.34103,0.04012,0.07274
36687,1.60382,-0.00553,0.93541
36688,10.31643,0.21425,0.41887
36689,1.84431,-0.01250,0.10521
36690,2.50751,-0.00868,0.08338
36691,1.39528,-0.01534,0.12070
36692,1.50647,-0.01286,0.11287
36693,-5.95654,0.01736,0.86145
36694,14.61609,-0.00774,0.02777
36695,6.04870,-0.04860,0.08869
36696,-0.01454,-0.00178,0.19876
36697,0.18543,0.08483,0.17847
36698,-6.12235,0.03062,0.07407
36699,10.19705,0.35579,0.40470
36700,10.94144,0.28159,0.35575
36701,-6.48732,0.04017,0.08062
36702,-4.00557,-0.13879,0.43806
36703,5.28405,0.22534,0.73063
36704,7.89381,0.14483,0.49979
36705,-1.65097,-0.10682,0.80040
36706,-1.37050,-0.07521,0.20185
36707,10.39144,0.35039,0.46831
36708,13.80454,0.35714,0.48470
36709,13.83513,0.36146,0.48293
36710,-8.70800,-0.26042,0.65279
36711,8.93326,0.17630,0.41513
36712,-8.47124,-0.19092,0.34286
36713,-0.98323,-0.01727,0.39822
36714,-0.54593,0.14477,0.75866
36715,-8.79892,-0.20201,0.61053
36716,8.28214,0.31471,0.34116
36717,-4.45802,0.10996,0.83713
36718,-0.98146,0.10507,0.15710
36719,11.66557,-0.02237,0.05273
36720,4.81821,0.15394,0.58054
36721,4.32456,0.13764,0.58403
36722,-10.68340,-0.30341,0.33914
36723,-3.64730,0.03843,0.09645
36724,-5.07036,-0.25070,0.24456
36725,-4.65613,-0.24226,0.23743
36726,5.25059,0.11653,0.30693
36727,-4.01306,-0.14684,0.38163
36728,-4.36237,-0.15757,0.39384
36729,-0.23804,0.00267,0.09759
36730,0.12426,-0.02841,0.17048
36731,-8.73830,-0.28642,0.55357
36732,7.24433,0.29581,0.29989
36733,7.93672,0.31078,0.31495
36734,7.59103,0.30292,0.30984
36735,4.49332,-0.07277,0.11156
36736,3.84324,0.22276,0.22265
36737,4.94511,0.24222,0.23851
36738,5.44666,-0.07421,0.11166
36739,6.76413,-0.06109,0.09859
36740,0.71979,0.06302,0.20637
36741,-8.47737,-0.15853,0.50551
36742,-8.30766,0.01591,0.93919
36743,8.98358,-0.09652,0.83640
36744,0.73732,0.02056,0.68426
36745,-9.72608,-0.34908,0.35443
36746,-11.63235,-0.36497,0.36912
36747,2.42227,0.08214,0.45903
36748,9.87925,0.34592,0.41060
36749,10.12938,0.35190,0.41639
36750,-4.05181,-0.16326,0.32227
36751,2.35065,-0.03154,0.10390
36752,2.85700,-0.02786,0.09370
36753,2.01003,-0.03399,0.11123
36754,-7.17224,-0.23134,0.62607
36755,-6.80004,-0.21889,0.63144
36756,-20.47205,0.03722,0.90407
36757,1.57352,-0.13376,0.15333
36758,2.87533,-0.11454,0.13830
36759,8.19082,0.28971,0.42108
36760,7.88320,0.28038,0.41560
36761,-5.25083,-0.20087,0.72868
36762,-11.24119,0.08268,0.85220
36763,-9.09819,0.01503,0.05638
36764,-13.58160,0.00429,0.02305
36765,-13.31423,0.00480,0.02520
36766,14.17496,-0.00923,0.03090
36767,14.58778,-0.00520,0.02338
36768,16.26716,-0.00155,0.01047
36769,13.20099,-0.01036,0.03574
36770,8.54368,0.32093,0.34669
36771,5.74729,-0.07674,0.10832
36772,-0.14778,0.12722,0.17201
36773,6.55660,-0.07150,0.87264
36774,4.55462,-0.00037,0.00848
36775,4.85457,-0.00037,0.00825
36776,-12.35527,0.01408,0.03904
36777,4.24682,-0.00183,0.03155
36778,4.93098,-0.00059,0.01462
36779,3.61574,-0.00271,0.04215
36780,1.08322,-0.00051,0.03428
36781,15.13563,-0.00353,0.01790
36782,15.91007,-0.00185,0.01125
36783,8.15412,-0.00121,0.01628
36784,-16.37061,0.00176,0.01155
36785,-16.94160,0.00149,0.00998
36786,-14.92212,0.00561,0.02406
36787,11.58606,-0.00141,0.01062
36788,9.70152,-0.00089,0.01226
36789,8.84234,-0.00150,0.01769
36790,8.43532,-0.00132,0.01683
36791,-33.81495,0.00333,0.97501
36792,-36.50759,0.00155,0.98501
36793,-36.13609,0.00155,0.98483
36794,-34.15406,0.00295,0.97599
36795,13.84393,-0.00143,0.00997
36796,13.06352,-0.00427,0.01991
36797,14.16036,-0.00136,0.00924
36798,14.75082,-0.00138,0.00959
36799,14.52845,-0.00135,0.00921
36800,-9.37318,0.00183,0.01884
36801,-10.04173,0.00142,0.01547
36802,-8.99339,0.00171,0.01798
36803,6.50195,-0.00093,0.01206
36804,-14.47794,0.00516,0.02441
36805,-15.00642,0.00287,0.01704
36806,-9.87531,0.00120,0.01456
36807,-15.02230,0.00205,0.01359
36808,-12.57829,0.00178,0.01493
36809,15.95222,-0.00191,0.01278
36810,-6.80834,0.00095,0.01594
36811,-8.98748,0.00142,0.01660
36812,-3.17265,0.00043,0.01144
36813,-14.20223,0.00131,0.01122
36814,-13.42876,0.00238,0.01742
36815,-1.66777,0.00015,0.01257
36816,-1.44505,0.00046,0.02748
36817,-1.39014,0.00020,0.01672
36818,17.38283,-0.00154,0.00958
36819,-9.86422,0.00078,0.00825
36820,10.64994,-0.00168,0.01657
36821,3.25707,-0.00035,0.01394
36822,-14.17111,0.00109,0.00890
36823,-12.71675,0.00217,0.01371
36824,-9.90441,0.00154,0.01639
36825,30.20759,-0.00560,0.96334
36826,34.40273,-0.00167,0.98302
36827,26.57898,-0.01197,0.94220
36828,-15.24244,0.00171,0.01176
36829,-16.11043,0.00133,0.01055
36830,11.53098,-0.00182,0.01225
36831,3.09826,-0.00045,0.01172
36832,15.47328,-0.00149,0.00991
36833,14.00256,-0.00137,0.01241
36834,14.56299,-0.00216,0.01452
36835,-14.26106,0.00313,0.01823
36836,16.24411,-0.00204,0.01312
36837,11.59948,-0.00161,0.01135
36838,-10.70019,0.00195,0.01873
36839,11.06508,-0.00187,0.01698
36840,8.91723,-0.00124,0.01156
36841,-15.60508,0.00208,0.01192
36842,4.01096,-0.00050,0.01537
36843,7.29200,-0.00109,0.01717
36844,16.05772,-0.00213,0.01206
36845,-11.28676,0.00183,0.01215
36846,-15.95225,0.00227,0.01309
36847,15.26195,-0.00146,0.01118
36848,-0.77943,0.00007,0.00925
36849,16.61307,-0.00177,0.01135
36850,-16.43363,0.00185,0.01183
36851,-14.44216,0.00227,0.01286
36852,12.14830,-0.00294,0.95222
36853,14.07577,-0.00082,0.97930
36854,13.04307,-0.00126,0.97157
36855,15.21434,-0.00159,0.01037
36856,15.89517,-0.00187,0.01158
36857,-33.09116,0.00190,0.98202
36858,-29.01628,0.00729,0.95679
36859,-29.25579,0.00805,0.95525
36860,21.48182,0.00000,1.00000
36861,16.90639,-0.00119,0.97628
36862,18.57702,-0.00090,0.98158
36863,15.89121,-0.00311,0.95761
36864,-0.53414,0.00005,0.00987
36865,-36.74627,0.00000,1.00000
36866,-33.54524,0.00218,0.97937
36867,-34.16227,0.00174,0.98277
36868,-30.01415,0.00601,0.96113
36869,-19.74115,0.00108,0.98079
36870,-19.10776,0.00160,0.97492
36871,-16.74087,0.00380,0.95556
36872,15.24534,-0.00140,0.01140
36873,-25.91148,0.00180,0.97712
36874,-28.59599,0.00139,0.98159
36875,-24.78043,0.00420,0.96241
36876,-27.94921,0.00000,1.00000
36877,-30.03462,0.00000,1.00000
36878,27.71596,-0.00177,0.97809
36879,29.26527,-0.00129,0.98362
36880,33.36023,0.00000,1.00000
36881,30.44029,0.00000,1.00000
36882,-24.61191,0.00130,0.97995
36883,-26.62329,0.00000,1.00000
36884,-28.19263,0.00000,1.00000
36885,-14.03574,0.00000,1.00000
36886,-13.07099,0.00082,0.97772
36887,-10.92178,0.00250,0.95349
36888,-35.11634,0.00229,0.98096
36889,-35.71040,0.00199,0.98359
36890,-37.09661,0.00000,1.00000
36891,-38.73757,0.00000,1.00000
36892,-13.85071,0.00065,0.98053
36893,-14.82434,0.00000,1.00000
36894,-18.54159,0.00000,1.00000
36895,-16.18310,0.00000,1.00000
36896,-14.04626,0.00045,0.98442
36897,-12.20634,0.00175,0.96242
36898,-33.99565,0.00171,0.98598
36899,-35.15363,0.00132,0.98875
36900,-39.02226,0.00000,1.00000
36901,-35.93313,0.00000,1.00000
36902,31.27319,-0.00181,0.98546
36903,32.60210,-0.00120,0.98958
36904,34.06839,0.00000,1.00000
36905,34.28790,0.00000,1.00000
36906,-16.40350,0.00249,0.98056
36907,-5.57300,0.00000,1.00000
36908,-19.71274,0.00000,1.00000
36909,-17.44923,0.00138,0.97545
36910,-16.61699,0.00123,0.97666
36911,29.91999,0.00000,1.00000
36912,9.50615,0.00000,1.00000
36913,8.34657,-0.00057,0.97663
36914,9.07450,-0.00103,0.96763
36915,-9.48528,0.00000,1.00000
36916,-8.07201,0.00078,0.97139
36917,-9.28700,0.00000,1.00000
36918,-25.42423,0.00109,0.98988
36919,-24.94442,0.00181,0.98522
36920,-18.83214,0.00133,0.97663
36921,-19.68535,0.00000,1.00000
36922,-23.41230,0.00000,1.00000
36923,6.15961,-0.00147,0.95084
36924,-26.76714,0.00070,0.99218
36925,-26.82543,0.00063,0.99228
36926,-24.44622,0.00240,0.98226
36927,37.94520,0.00000,1.00000
36928,15.30622,-0.00031,0.99429
36929,15.28607,-0.00035,0.99398
36930,14.14016,-0.00124,0.98610
36931,14.71496,-0.00085,0.98921
36932,14.43278,-0.00061,0.99077
36933,17.83892,-0.00067,0.98342
36934,-14.83897,0.00045,0.99300
36935,-14.00970,0.00182,0.98300
36936,-34.12709,0.00000,1.00000
36937,-32.24848,0.00000,1.00000
36938,-19.09044,0.00000,1.00000
36939,-17.91228,0.00108,0.97938
36940,-18.03374,0.00154,0.97340
36941,-20.18456,0.00000,1.00000
36942,-21.45418,0.00000,1.00000
36943,-35.64613,0.00000,1.00000
36944,-40.16285,0.00000,1.00000
36945,30.86827,0.00000,1.00000
36946,31.25701,-0.00186,0.98000
36947,36.79478,0.00000,1.00000
36948,35.47050,0.00000,1.00000
36949,36.84944,-0.00219,0.98211
36950,34.77237,-0.00232,0.98210
36951,4.22754,0.00000,1.00000
36952,3.49680,0.00000,1.00000
36953,7.06096,-0.00044,0.97675
36954,6.55971,0.00000,1.00000
36955,5.67188,-0.00046,0.97396
36956,35.84961,0.00000,1.00000
36957,35.21409,-0.00226,0.98279
36958,34.42515,-0.00332,0.97766
36959,-5.86099,0.00000,1.00000
36960,-6.95957,0.00037,0.97736
36961,-25.32652,0.00123,0.98132
36962,-24.95722,0.00000,1.00000
36963,-24.52958,0.00188,0.97546
36964,-27.63790,0.00192,0.97648
36965,-33.33039,0.00000,1.00000
36966,-35.04682,0.00000,1.00000
36967,-34.59209,0.00209,0.98200
36968,-41.60677,0.00000,1.00000
36969,35.97250,-0.00215,0.98183
36970,39.13965,0.00000,1.00000
36971,38.20881,0.00000,1.00000
36972,-3.41157,0.00000,1.00000
36973,-2.40143,0.00000,1.00000
36974,31.43196,0.00000,1.00000
36975,-8.68920,0.00037,0.98106
36976,-10.32516,0.00000,1.00000
36977,-9.23807,0.00073,0.97241
36978,22.79353,-0.00055,0.99308
36979,22.73930,-0.00069,0.99176
36980,21.13340,-0.00196,0.98402
36981,21.07955,-0.00257,0.98126
36982,32.13776,-0.00497,0.96823
36983,35.00669,-0.00180,0.98270
36984,35.59446,0.00000,1.00000
36985,34.01395,-0.00197,0.98138
36986,34.56829,0.00000,1.00000
36987,31.95271,-0.00135,0.98395
36988,31.31483,-0.00267,0.97415
36989,32.92778,0.00000,1.00000
36990,29.33393,-0.00213,0.97796
36991,-18.19396,0.00000,1.00000
36992,23.11639,-0.00138,0.97763
36993,24.56261,0.00000,1.00000
36994,28.33087,0.00000,1.00000
36995,37.85538,-0.00184,0.98366
36996,33.98421,0.00000,1.00000
36997,45.89165,0.00000,1.00000
36998,5.41587,-0.00032,0.99059
36999,5.26142,-0.00081,0.98403
37000,5.81823,-0.00010,0.99551
37001,6.31235,-0.00009,0.99600
37002,6.47298,0.00000,1.00000
37003,17.79266,0.00000,1.00000
37004,15.17136,-0.00105,0.97668
37005,-14.00057,0.00086,0.97770
37006,-14.71506,0.00000,1.00000
37007,-15.35801,0.00000,1.00000
37008,-33.83622,0.00190,0.98500
37009,-35.71348,0.00000,1.00000
37010,-34.52522,0.00172,0.98605
37011,37.97235,0.00000,1.00000
37012,34.51123,-0.00232,0.98242
37013,37.57924,0.00000,1.00000
37014,34.48920,0.00000,1.00000
37015,-36.65806,0.00000,1.00000
37016,-34.89738,0.00126,0.98890
37017,-24.99229,0.00118,0.98112
37018,-23.03114,0.00000,1.00000
37019,-29.52689,0.00000,1.00000
37020,5.03694,0.00000,1.00000
37021,4.67175,-0.00040,0.97370
37022,-17.18565,0.00000,1.00000
37023,-16.01115,0.00057,0.98426
37024,-31.93338,0.00205,0.98422
37025,-36.81187,0.00000,1.00000
37026,-31.67267,0.00000,1.00000
37027,-32.69023,0.00000,1.00000
37028,-31.69048,0.00156,0.98176
37029,-36.77964,0.00000,1.00000
37030,-34.51077,0.00000,1.00000
37031,-36.65862,0.00179,0.98457
37032,-44.66940,0.00000,1.00000
37033,-7.50561,0.00065,0.98778
37034,-7.86776,0.00081,0.98661
37035,-36.27762,0.00144,0.98672
37036,-37.50220,0.00000,1.00000
37037,-24.70933,0.00000,1.00000
37038,-26.36771,0.00100,0.98957
37039,-26.29829,0.00103,0.98983
37040,-41.93722,0.00000,1.00000
37041,-36.84504,0.00180,0.98342
37042,-40.90733,0.00000,1.00000
37043,27.33133,0.00000,1.00000
37044,27.73393,-0.00126,0.98869
37045,31.21176,0.00000,1.00000
37046,43.38365,0.00000,1.00000
37047,36.98933,-0.00183,0.98444
37048,40.27830,0.00000,1.00000
37049,35.74891,-0.00122,0.98852
37050,32.62151,0.00000,1.00000
37051,35.62856,-0.00156,0.98609
37052,15.00814,-0.00027,0.99492
37053,14.98283,-0.00038,0.99351
37054,13.91805,-0.00095,0.98829
37055,13.91769,-0.00144,0.98509
37056,22.66809,-0.00081,0.99083
37057,21.56627,-0.00050,0.99292
37058,22.21285,-0.00048,0.99348
37059,20.44226,-0.00163,0.98539
37060,24.15776,0.00000,1.00000
37061,22.67447,0.00000,1.00000
37062,30.96656,-0.00161,0.98114
37063,34.95868,0.00000,1.00000
37064,34.14301,0.00000,1.00000
37065,-33.47034,0.00000,1.00000
37066,-33.62836,0.00135,0.98794
37067,-38.80183,0.00000,1.00000
37068,30.52603,0.00000,1.00000
37069,27.49210,-0.00150,0.98731
37070,27.05429,0.00000,1.00000
37071,32.65201,-0.00095,0.99035
37072,29.24121,-0.00148,0.98704
37073,26.64798,-0.00110,0.98926
37074,-29.51878,0.00000,1.00000
37075,-32.10109,0.00000,1.00000
37076,27.55087,0.00000,1.00000
37077,-28.60521,0.00000,1.00000
37078,-32.68333,0.00143,0.98769
37079,-30.20637,0.00284,0.98089
37080,-29.41350,0.00000,1.00000
37081,-30.37884,0.00122,0.98879
37082,-35.23995,0.00000,1.00000
37083,-2.26971,0.00017,0.99006
37084,-2.58847,0.00014,0.99196
37085,28.78998,0.00000,1.00000
37086,-28.23271,0.00000,1.00000
37087,-27.81154,0.00099,0.99070
37088,-22.13904,0.00085,0.99035
37089,-20.79781,0.00000,1.00000
37090,-25.82265,0.00000,1.00000
37091,-17.36392,0.00065,0.99136
37092,-17.83643,0.00000,1.00000
37093,-17.00409,0.00083,0.98994
37094,-12.09742,0.00000,1.00000
37095,-15.66774,0.00000,1.00000
37096,20.58980,0.00000,1.00000
37097,18.48716,-0.00070,0.99109
37098,18.87770,0.00000,1.00000
37099,17.22023,0.00000,1.00000
37100,19.65480,-0.00042,0.99378
37101,17.75639,-0.00098,0.98890
37102,-20.50064,0.00000,1.00000
37103,-16.81538,0.00070,0.99083
37104,-39.43937,0.00000,1.00000
37105,-31.16936,0.00101,0.98949
37106,-30.35971,0.00000,1.00000
37107,-11.70327,0.00000,1.00000
37108,-12.55590,0.00033,0.99334
37109,-12.83609,0.00033,0.99367
37110,19.63378,-0.00046,0.99364
37111,20.92901,0.00000,1.00000
37112,19.66465,-0.00076,0.99076
37113,-10.99393,0.00031,0.99338
37114,-11.33436,0.00000,1.00000
37115,-10.94368,0.00000,1.00000
37116,17.13975,0.00000,1.00000
37117,-10.57552,0.00029,0.99357
37118,-11.59206,0.00000,1.00000
37119,-10.16275,0.00000,1.00000
37120,17.11213,-0.00051,0.99265
37121,17.58890,0.00000,1.00000
37122,19.16166,0.00000,1.00000
37123,12.25534,-0.00029,0.99390
37124,12.33423,0.00000,1.00000
37125,12.96184,-0.00029,0.99408
37126,-11.47970,0.00000,1.00000
37127,-12.14198,0.00031,0.99347
37128,-12.41396,0.00032,0.99374
37129,-29.88350,0.00000,1.00000
37130,-28.86432,0.00000,1.00000
37131,9.16255,0.00000,1.00000
37132,10.38310,-0.00026,0.99406
37133,9.64774,-0.00028,0.99345
37134,9.90443,-0.00028,0.99346
37135,9.46829,0.00000,1.00000
37136,11.60692,0.00000,1.00000
37137,8.09987,-0.00019,0.99452
37138,-8.41055,0.00021,0.99421
37139,-8.35984,0.00000,1.00000
37140,-9.05431,0.00000,1.00000
37141,-9.10726,0.00000,1.00000
37142,-8.73227,0.00024,0.99394
37143,-9.72578,0.00020,0.99470
37144,9.01154,-0.00022,0.99435
37145,10.41769,0.00000,1.00000
37146,9.59049,-0.00018,0.99526
37147,5.86697,0.00000,1.00000
37148,11.74940,0.00000,1.00000
37149,11.10443,-0.00020,0.99520
37150,-5.23510,0.00011,0.99513
37151,-4.71696,0.00000,1.00000
37152,-4.71294,0.00012,0.99477
37153,7.77842,-0.00024,0.99375
37154,-4.57971,0.00000,1.00000
37155,-4.44834,0.00009,0.99530
37156,-7.76666,0.00017,0.99463
37157,-7.33435,0.00000,1.00000
37158,-8.31622,0.00000,1.00000
37159,3.32259,-0.00004,0.99665
37160,3.56119,-0.00007,0.99531
37161,0.90862,0.00000,1.00000
37162,0.72273,-0.00001,0.99545
37163,0.62356,0.00000,1.00000
37164,0.09491,0.00000,1.00000
37165,0.21085,-0.00000,0.99539
37166,-0.04119,0.00000,0.99554
37167,-0.14404,0.00000,0.99566
37168,-0.01730,0.00000,1.00000
37169,0.09445,-0.00000,0.99560
37170,0.46351,-0.00001,0.99556
37171,0.28224,0.00000,1.00000
37172,0.59461,0.00000,1.00000
37173,6.20778,0.00000,1.00000
37174,5.35056,-0.00011,0.99498
37175,5.22604,0.00000,1.00000
37176,1.47197,0.00000,1.00000
37177,-0.87715,0.00001,0.99644
37178,-0.64091,0.00002,0.99463
37179,-3.51058,0.00005,0.99586
37180,-3.15103,0.00000,1.00000
37181,-3.08526,0.00003,0.99687
37182,-2.97916,0.00000,1.00000
37183,-2.85324,0.00004,0.99610
37184,-3.70144,0.00000,1.00000
37185,-3.91060,0.00006,0.99583
37186,-4.16605,0.00000,1.00000
37187,-3.50322,0.00006,0.99582
37188,-3.59436,0.00000,1.00000
37189,3.40236,0.00000,1.00000
37190,4.10612,0.00000,1.00000
37191,1.38193,-0.00009,0.00750
37192,3.65627,-0.00034,0.00942
37193,4.08403,-0.00028,0.00769
37194,5.37151,-0.00048,0.00874
37195,5.39055,-0.00077,0.01109
37196,7.16690,-0.00083,0.01020
37197,7.86929,-0.00082,0.00938
37198,9.53407,-0.00086,0.00864
37199,10.95218,-0.00078,0.00773
37200,10.45571,-0.00135,0.01109
37201,12.15268,-0.00105,0.00867
37202,11.95607,-0.00125,0.00945
37203,15.04901,-0.00068,0.00590
37204,13.24872,-0.00151,0.01005
37205,14.75159,-0.00128,0.00882
37206,14.62342,-0.00128,0.00875
37207,15.55224,-0.00113,0.00797
37208,15.09083,-0.00155,0.00955
37209,16.51006,-0.00119,0.00749
37210,16.78804,-0.00132,0.00868
37211,17.78575,-0.00112,0.00786
37212,18.08711,-0.00128,0.00863
37213,15.92992,-0.00195,0.01090
37214,15.65543,-0.00270,0.01442
37215,17.79853,-0.00114,0.00836
37216,17.84061,-0.00098,0.00719
37217,17.15270,-0.00111,0.00898
37218,16.50272,-0.00122,0.00954
37219,16.04824,-0.00136,0.01034
37220,15.87901,-0.00124,0.00987
37221,14.66188,-0.00143,0.01164
37222,14.20832,-0.00164,0.01264
37223,15.50833,-0.00087,0.00805
37224,12.83525,-0.00133,0.01212
37225,12.66006,-0.00102,0.01111
37226,12.34836,-0.00085,0.00931
37227,11.03972,-0.00217,0.01930
37228,8.00699,-0.00078,0.01272
37229,6.81163,-0.00061,0.01239
37230,4.02775,-0.00037,0.01270
37231,2.85661,-0.00025,0.01258
37232,2.22775,-0.00019,0.01259
37233,1.60474,-0.00018,0.01451
37234,-0.25905,0.00002,0.01242
37235,-0.72376,0.00004,0.00962
37236,-1.11729,0.00011,0.01388
37237,-3.24663,0.00044,0.01613
37238,-4.41284,0.00037,0.01211
37239,-7.73822,0.00117,0.01665
37240,-8.22654,0.00104,0.01510
37241,-10.26618,0.00085,0.01146
37242,-11.96368,0.00078,0.01027
37243,-12.48163,0.00066,0.00841
37244,-11.52846,0.00131,0.01348
37245,-12.16557,0.00109,0.01165
37246,-12.55771,0.00115,0.01202
37247,-13.62219,0.00083,0.00872
37248,-13.20839,0.00128,0.01203
37249,-13.52910,0.00134,0.01198
37250,-14.13786,0.00120,0.01086
37251,-14.61663,0.00131,0.01071
37252,-15.62291,0.00148,0.01059
37253,-16.03282,0.00151,0.01059
37254,-15.41266,0.00196,0.01207
37255,-16.57887,0.00157,0.01059
37256,-17.22617,0.00130,0.00932
37257,-17.36811,0.00117,0.00808
37258,-16.84583,0.00153,0.01032
37259,-16.28131,0.00180,0.01112
37260,-16.69801,0.00173,0.01039
37261,-16.99877,0.00137,0.00864
37262,-17.48752,0.00122,0.00840
37263,-16.28115,0.00157,0.00971
37264,-16.14706,0.00125,0.00834
37265,-15.48179,0.00157,0.00957
37266,-15.38716,0.00134,0.00873
37267,-15.00455,0.00132,0.00882
37268,-16.31335,0.00066,0.00568
37269,-15.02022,0.00123,0.00870
37270,-14.98906,0.00102,0.00730
37271,-13.23674,0.00139,0.00968
37272,-14.90507,0.00060,0.00552
37273,-11.86798,0.00073,0.00726
37274,-11.32334,0.00101,0.00917
37275,-8.59933,0.00083,0.00904
37276,-8.28556,0.00064,0.00807
37277,-7.91386,0.00087,0.01020
37278,-7.28349,0.00079,0.00955
37279,-6.74302,0.00071,0.00946
37280,-5.79589,0.00063,0.00950
37281,-3.64469,0.00038,0.00957
37282,-3.51277,0.00024,0.00774
37283,-3.23694,0.00023,0.00785
37284,-1.08741,0.00009,0.00840
37285,0.68159,-0.00007,0.00919
37286,1.07061,-0.00012,0.00970
37287,1.64146,-0.00017,0.01003
37288,1.93773,-0.00013,0.00742
37289,2.53769,-0.00023,0.00885
37290,3.04312,-0.00022,0.00739
37291,3.41918,-0.00030,0.00894
37292,4.12976,-0.00019,0.00594
37293,5.69139,-0.00057,0.00921
37294,7.09535,-0.00062,0.00842
37295,8.22923,-0.00048,0.00696
37296,8.70213,-0.00075,0.00843
37297,8.95948,-0.00100,0.01026
37298,9.29040,-0.00078,0.00842
37299,11.06644,-0.00087,0.00832
37300,11.05136,-0.00146,0.01153
37301,11.87118,-0.00077,0.00739
37302,11.53104,-0.00282,0.01611
37303,12.62414,-0.00135,0.00966
37304,14.25042,-0.00076,0.00637
37305,13.58387,-0.00135,0.00956
37306,15.27486,-0.00071,0.00603
37307,14.42444,-0.00150,0.00976
37308,14.89344,-0.00158,0.00969
37309,15.46904,-0.00134,0.00886
37310,14.80185,-0.00228,0.01283
37311,15.24809,-0.00138,0.00909
37312,17.23763,-0.00091,0.00659
37313,15.56489,-0.00172,0.01027
37314,15.89095,-0.00154,0.00952
37315,16.65043,-0.00110,0.00764
37316,15.52519,-0.00218,0.01210
37317,16.44604,-0.00167,0.01001
37318,16.57488,-0.00170,0.00994
37319,16.50749,-0.00174,0.01022
37320,16.37745,-0.00204,0.01242
37321,17.17679,-0.00128,0.00901
37322,16.64728,-0.00116,0.00836
37323,16.15830,-0.00126,0.00961
37324,14.26709,-0.00284,0.01697
37325,14.84756,-0.00163,0.01194
37326,14.45834,-0.00145,0.01141
37327,14.57745,-0.00107,0.00998
37328,13.34473,-0.00101,0.01036
37329,11.61231,-0.00158,0.01441
37330,9.46936,-0.00171,0.01749
37331,10.07718,-0.00062,0.00937
37332,8.92815,-0.00100,0.01381
37333,6.29371,-0.00055,0.01323
37334,5.83567,-0.00038,0.00999
37335,3.11428,-0.00025,0.01198
37336,0.74590,-0.00004,0.00922
37337,0.23120,-0.00002,0.01330
37338,-0.48119,0.00005,0.01313
37339,-2.67257,0.00034,0.01514
37340,-5.90288,0.00038,0.01068
37341,-6.13328,0.00046,0.01176
37342,-5.88199,0.00076,0.01497
37343,-7.58614,0.00049,0.01089
37344,-8.19144,0.00044,0.00904
37345,-8.04921,0.00075,0.01277
37346,-7.91915,0.00164,0.02065
37347,-8.92447,0.00118,0.01527
37348,-8.84493,0.00260,0.02357
37349,-10.61010,0.00105,0.01227
37350,-10.96525,0.00109,0.01194
37351,-11.66841,0.00121,0.01257
37352,-12.71480,0.00082,0.00904
37353,-11.98466,0.00161,0.01520
37354,-13.53375,0.00104,0.01066
37355,-13.33427,0.00147,0.01225
37356,-14.13762,0.00137,0.01174
37357,-15.17072,0.00093,0.00837
37358,-14.65839,0.00158,0.01246
37359,-15.50981,0.00157,0.01112
37360,-16.10759,0.00149,0.01039
37361,-16.16323,0.00181,0.01122
37362,-16.82824,0.00137,0.00936
37363,-16.61911,0.00184,0.01097
37364,-16.30294,0.00179,0.01069
37365,-17.03356,0.00123,0.00784
37366,-16.69442,0.00173,0.01092
37367,-16.50139,0.00154,0.00956
37368,-15.88576,0.00181,0.01065
37369,-16.83963,0.00139,0.00897
37370,-18.56086,0.00078,0.00603
37371,-16.03737,0.00173,0.01049
37372,-15.41762,0.00266,0.01400
37373,-15.80376,0.00182,0.01051
37374,-16.25236,0.00126,0.00797
37375,-15.95466,0.00161,0.01001
37376,-16.39440,0.00096,0.00683
37377,-13.11575,0.00105,0.00821
37378,-12.97525,0.00054,0.00565
37379,-10.81331,0.00122,0.01021
37380,-11.67670,0.00062,0.00634
37381,-10.99133,0.00108,0.00979
37382,-7.51221,0.00080,0.00941
37383,-3.52556,0.00036,0.00921
37384,-2.77924,0.00056,0.01401
37385,-0.90192,0.00007,0.00801
37386,3.64018,-0.00108,0.01868
37387,5.09395,-0.00124,0.01635
37388,7.90759,-0.00114,0.01169
37389,9.23950,-0.00170,0.01395
37390,10.00413,-0.00135,0.01147
37391,10.63457,-0.00194,0.01375
37392,11.66980,-0.00114,0.00966
37393,11.49953,-0.00216,0.01411
37394,12.59291,-0.00288,0.01570
37395,13.41612,-0.00138,0.00995
37396,13.67806,-0.00282,0.01534
37397,14.72632,-0.00144,0.00975
37398,13.75875,-0.00258,0.01372
37399,15.39022,-0.00317,0.01587
37400,16.43235,-0.00167,0.01040
37401,16.04319,-0.00348,0.01720
37402,16.38768,-0.00259,0.01466
37403,15.11649,-0.00407,0.02115
37404,15.11438,-0.00298,0.01754
37405,15.82732,-0.00137,0.01085
37406,13.68082,-0.00290,0.01880
37407,14.03843,-0.00258,0.01805
37408,13.55713,-0.00140,0.01213
37409,5.99065,-0.00122,0.02055
37410,4.93733,-0.00105,0.02159
37411,2.55459,-0.00022,0.01338
37412,1.81852,-0.00038,0.02171
37413,-0.79021,0.00014,0.02081
37414,-7.37764,0.00160,0.02092
37415,-11.64104,0.00146,0.01560
37416,-11.26481,0.00205,0.01929
37417,-12.17375,0.00131,0.01358
37418,-13.95166,0.00138,0.01248
37419,-13.66794,0.00266,0.01745
37420,-16.52996,0.00246,0.01447
37421,-15.86369,0.00360,0.01883
37422,-15.65017,0.00286,0.01487
37423,-15.60892,0.00132,0.00970
37424,-15.01149,0.00207,0.01301
37425,-14.30576,0.00243,0.01417
37426,-13.45224,0.00212,0.01362
37427,-11.70151,0.00200,0.01361
37428,-8.22669,0.00105,0.01134
37429,-7.25076,0.00145,0.01442
37430,-6.47008,0.00148,0.01540
37431,-6.32254,0.00078,0.01062
37432,-3.38368,0.00058,0.01355
37433,-3.02931,0.00082,0.01780
37434,0.85595,-0.00017,0.01425
37435,2.64745,-0.00060,0.01656
37436,3.06715,-0.00049,0.01313
37437,3.68923,-0.00055,0.01324
37438,5.76503,-0.00108,0.01414
37439,8.34739,-0.00159,0.01420
37440,8.45721,-0.00285,0.01985
37441,13.48455,-0.00308,0.01629
37442,14.58095,-0.00267,0.01439
37443,15.95070,-0.00171,0.01113
37444,15.54252,-0.00294,0.01549
37445,15.05850,-0.00306,0.01546
37446,16.09055,-0.00187,0.01133
37447,15.70437,-0.00310,0.01538
37448,15.67057,-0.00249,0.01348
37449,15.37691,-0.00448,0.02097
37450,16.37761,-0.00152,0.01028
37451,15.46646,-0.00197,0.01368
37452,14.34971,-0.00269,0.01730
37453,13.67664,-0.00276,0.01819
37454,13.15607,-0.00350,0.02206
37455,13.11918,-0.00242,0.01791
37456,12.50970,-0.00172,0.01529
37457,9.27763,-0.00219,0.02125
37458,8.36049,-0.00120,0.01661
37459,6.59689,-0.00202,0.02648
37460,5.47110,-0.00116,0.02256
37461,4.25051,-0.00058,0.01617
37462,1.51022,-0.00052,0.02911
37463,-0.12228,0.00002,0.01779
37464,-2.34988,0.00108,0.03329
37465,-5.17130,0.00144,0.02569
37466,-5.56644,0.00123,0.02248
37467,-7.53851,0.00094,0.01636
37468,-7.53909,0.00130,0.01982
37469,-10.23429,0.00187,0.01883
37470,-11.49865,0.00214,0.01900
37471,-11.75276,0.00205,0.01801
37472,-13.82541,0.00248,0.01778
37473,-14.88968,0.00154,0.01191
37474,-15.65894,0.00314,0.01672
37475,-16.07025,0.00228,0.01361
37476,-15.73222,0.00411,0.01907
37477,-15.76178,0.00294,0.01520
37478,-16.63208,0.00258,0.01445
37479,-15.21256,0.00324,0.01626
37480,-15.18313,0.00247,0.01397
37481,-12.38137,0.00086,0.00822
37482,-11.43132,0.00192,0.01437
37483,-9.59024,0.00243,0.01698
37484,-8.88147,0.00222,0.01686
37485,-7.53683,0.00128,0.01255
37486,2.45645,0.00000,1.00000
37487,1.69353,0.00000,1.00000
37488,1.42420,-0.00004,0.98690
37489,2.55572,-0.00012,0.98105
37490,8.41648,0.00000,1.00000
37491,9.60770,0.00000,1.00000
37492,8.26872,-0.00036,0.98142
37493,9.69529,-0.00029,0.98588
37494,14.28023,0.00000,1.00000
37495,19.57475,0.00000,1.00000
37496,26.02108,0.00000,1.00000
37497,21.22616,-0.00080,0.98328
37498,22.23126,0.00000,1.00000
37499,21.09211,-0.00075,0.98426
37500,26.88888,0.00000,1.00000
37501,23.23308,-0.00089,0.98399
37502,25.95401,0.00000,1.00000
37503,30.89203,0.00000,1.00000
37504,31.50405,-0.00131,0.98434
37505,35.88461,0.00000,1.00000
37506,32.94437,-0.00133,0.98472
37507,37.02669,0.00000,1.00000
37508,32.85346,-0.00162,0.98384
37509,32.74036,0.00000,1.00000
37510,41.74547,0.00000,1.00000
37511,40.29522,-0.00103,0.98969
37512,41.68577,0.00000,1.00000
37513,36.67064,-0.00167,0.98615
37514,44.47221,0.00000,1.00000
37515,39.68168,-0.00108,0.99015
37516,38.22782,0.00000,1.00000
37517,35.56881,-0.00164,0.98681
37518,44.30794,0.00000,1.00000
37519,38.94914,-0.00102,0.99051
37520,43.34355,0.00000,1.00000
37521,40.14824,-0.00074,0.99215
37522,42.05556,0.00000,1.00000
37523,41.32979,0.00000,1.00000
37524,37.96422,-0.00081,0.99152
37525,30.14124,0.00000,1.00000
37526,35.45572,-0.00133,0.98825
37527,39.43416,0.00000,1.00000
37528,33.53846,-0.00155,0.98712
37529,36.13636,0.00000,1.00000
37530,34.57460,-0.00106,0.99028
37531,35.33497,0.00000,1.00000
37532,31.91769,-0.00119,0.98967
37533,31.04327,0.00000,1.00000
37534,30.01740,-0.00079,0.99245
37535,28.33924,0.00000,1.00000
37536,28.20440,0.00000,1.00000
37537,26.77262,-0.00077,0.99170
37538,28.19148,0.00000,1.00000
37539,26.35066,-0.00090,0.99049
37540,27.91419,0.00000,1.00000
37541,26.30678,-0.00079,0.99164
37542,26.10801,-0.00061,0.99332
37543,24.47192,0.00000,1.00000
37544,24.36633,0.00000,1.00000
37545,23.33617,-0.00068,0.99206
37546,24.88263,-0.00036,0.99504
37547,21.15652,0.00000,1.00000
37548,17.92370,0.00000,1.00000
37549,18.02824,-0.00050,0.99304
37550,22.77430,0.00000,1.00000
37551,19.12252,-0.00032,0.99470
37552,15.76833,0.00000,1.00000
37553,18.06484,-0.00029,0.99489
37554,14.62375,0.00000,1.00000
37555,15.86738,0.00000,1.00000
37556,15.17716,-0.00049,0.99277
37557,17.09143,0.00000,1.00000
37558,15.60768,0.00000,1.00000
37559,15.95537,0.00000,1.00000
37560,15.08005,-0.00020,0.99593
37561,14.58559,0.00000,1.00000
37562,14.07032,-0.00024,0.99500
37563,13.07553,0.00000,1.00000
37564,11.86712,-0.00024,0.99480
37565,10.60515,0.00000,1.00000
37566,10.59558,0.00000,1.00000
37567,9.92533,-0.00015,0.99585
37568,9.36294,-0.00018,0.99496
37569,7.19680,0.00000,1.00000
37570,5.81146,-0.00009,0.99619
37571,5.05837,0.00000,1.00000
37572,4.98406,-0.00008,0.99610
37573,4.50164,-0.00011,0.99458
37574,4.37744,0.00000,1.00000
37575,4.12443,0.00000,1.00000
37576,4.19254,-0.00008,0.99559
37577,3.92793,0.00000,1.00000
37578,3.98881,-0.00007,0.99588
37579,4.16904,0.00000,1.00000
37580,3.82404,-0.00005,0.99632
37581,3.13166,0.00000,1.00000
37582,3.52381,-0.00004,0.99693
37583,2.79227,0.00000,1.00000
37584,3.16462,0.00000,1.00000
37585,2.96661,-0.00003,0.99742
37586,2.64726,0.00000,1.00000
37587,2.61251,-0.00003,0.99682
37588,2.41147,0.00000,1.00000
37589,2.40142,-0.00003,0.99655
37590,1.77727,0.00000,1.00000
37591,2.15283,-0.00002,0.99689
37592,1.76243,0.00000,1.00000
37593,1.71461,-0.00002,0.99644
37594,1.45876,-0.00003,0.99568
37595,1.11045,-0.00001,0.99751
37596,0.96865,-0.00002,0.99478
37597,0.52495,-0.00001,0.99660
37598,-0.47107,0.00000,1.00000
37599,-0.25892,0.00000,1.00000
37600,-0.35659,0.00000,0.99656
37601,-0.89770,0.00000,1.00000
37602,-0.70282,0.00000,0.99764
37603,-1.10472,0.00000,1.00000
37604,-0.99165,0.00001,0.99787
37605,-1.36094,0.00000,1.00000
37606,-1.25553,0.00001,0.99789
37607,-1.97040,0.00000,1.00000
37608,-1.62409,0.00000,1.00000
37609,-1.71951,0.00001,0.99744
37610,-2.06337,0.00000,1.00000
37611,-1.90245,0.00002,0.99669
37612,-2.87970,0.00000,1.00000
37613,-2.66764,0.00004,0.99638
37614,-3.02916,0.00000,1.00000
37615,-3.24636,0.00004,0.99657
37616,-3.67832,0.00007,0.99572
37617,-4.21396,0.00006,0.99646
37618,-4.70023,0.00008,0.99563
37619,-4.99462,0.00000,1.00000
37620,-5.35910,0.00000,1.00000
37621,-6.95244,0.00000,1.00000
37622,-5.80097,0.00007,0.99655
37623,-5.39519,0.00000,1.00000
37624,-6.02803,0.00007,0.99649
37625,-7.81008,0.00000,1.00000
37626,-6.66801,0.00008,0.99645
37627,-6.69592,0.00000,1.00000
37628,-6.92517,0.00007,0.99675
37629,-9.23649,0.00000,1.00000
37630,-7.54399,0.00000,1.00000
37631,-7.83449,0.00008,0.99661
37632,-7.77478,0.00000,1.00000
37633,-8.24965,0.00010,0.99629
37634,-8.20316,0.00015,0.99548
37635,-11.65311,0.00000,1.00000
37636,-11.34755,0.00000,1.00000
37637,-10.67783,0.00014,0.99592
37638,-10.67385,0.00021,0.99480
37639,-14.10343,0.00000,1.00000
37640,-12.33082,0.00014,0.99650
37641,-15.06725,0.00000,1.00000
37642,-13.17138,0.00029,0.99442
37643,-17.76122,0.00000,1.00000
37644,-16.02171,0.00031,0.99455
37645,-15.44547,0.00000,1.00000
37646,-20.86997,0.00000,1.00000
37647,-18.61915,0.00058,0.99258
37648,-23.20066,0.00000,1.00000
37649,-21.15090,0.00061,0.99249
37650,-23.15384,0.00039,0.99473
37651,-27.56782,0.00000,1.00000
37652,-26.59121,0.00000,1.00000
37653,-24.88353,0.00071,0.99204
37654,-30.98293,0.00000,1.00000
37655,-27.19041,0.00059,0.99327
37656,-30.19482,0.00000,1.00000
37657,-28.36921,0.00046,0.99416
37658,-30.93331,0.00000,1.00000
37659,-27.60488,0.00090,0.99105
37660,-33.17550,0.00000,1.00000
37661,-30.66446,0.00061,0.99333
37662,-32.25927,0.00000,1.00000
37663,-30.26296,0.00098,0.99057
37664,-29.54433,0.00120,0.98876
37665,-35.53747,0.00000,1.00000
37666,-32.52748,0.00101,0.99055
37667,-38.72334,0.00000,1.00000
37668,-34.42104,0.00072,0.99272
37669,-36.47567,0.00000,1.00000
37670,-39.94909,0.00000,1.00000
37671,-37.85703,0.00000,1.00000
37672,-35.55449,0.00088,0.99123
37673,-33.98651,0.00136,0.98815
37674,-42.06656,0.00000,1.00000
37675,-42.05857,0.00000,1.00000
37676,-39.35524,0.00069,0.99224
37677,-42.53267,0.00000,1.00000
37678,-39.37160,0.00084,0.99121
37679,-37.26872,0.00000,1.00000
37680,-37.85206,0.00100,0.99040
37681,-38.12357,0.00000,1.00000
37682,-44.11024,0.00000,1.00000
37683,-40.48131,0.00000,1.00000
37684,-39.29187,0.00080,0.99094
37685,-41.34205,0.00000,1.00000
37686,-39.64840,0.00098,0.98943
37687,-36.86018,0.00000,1.00000
37688,-37.55697,0.00108,0.98989
37689,-40.87057,0.00000,1.00000
37690,-36.61836,0.00165,0.98531
37691,-40.70087,0.00000,1.00000
37692,-37.84241,0.00116,0.98854
37693,-48.98573,0.00000,1.00000
37694,-37.68897,0.00000,1.00000
37695,-39.97765,0.00085,0.99026
37696,-35.56863,0.00000,1.00000
37697,-40.20726,0.00103,0.98895
37698,-37.25098,0.00141,0.98685
37699,-40.66009,0.00000,1.00000
37700,-37.54477,0.00131,0.98742
37701,-36.36087,0.00000,1.00000
37702,-35.84622,0.00171,0.98455
37703,-43.23989,0.00000,1.00000
37704,-34.93970,0.00000,1.00000
37705,-34.46557,0.00000,1.00000
37706,-43.75314,0.00000,1.00000
37707,-33.17011,0.00000,1.00000
37708,-38.16187,0.00000,1.00000
37709,-38.31783,0.00000,1.00000
37710,-33.61059,0.00120,0.98550
37711,-31.23584,0.00217,0.97813
37712,-32.61602,0.00108,0.98618
37713,-33.49281,0.00000,1.00000
37714,-35.97371,0.00000,1.00000
37715,-30.30780,0.00109,0.98501
37716,-29.38724,0.00000,1.00000
37717,-26.99051,0.00116,0.98362
37718,-31.59384,0.00000,1.00000
37719,-27.19025,0.00079,0.98615
37720,-23.67994,0.00000,1.00000
37721,-20.83883,0.00000,1.00000
37722,-20.36565,0.00000,1.00000
37723,-17.31394,0.00089,0.98108
37724,-15.80238,0.00111,0.97561
37725,-15.12450,0.00000,1.00000
37726,-12.88892,0.00000,1.00000
37727,-13.19402,0.00027,0.98845
37728,-11.83279,0.00000,1.00000
37729,-10.52787,0.00052,0.98091
37730,-9.40592,0.00000,1.00000
37731,-8.26920,0.00043,0.98052
37732,-9.34857,0.00000,1.00000
37733,-8.30742,0.00021,0.98710
37734,-1.53817,0.00000,1.00000
37735,-0.59356,0.00000,1.00000
37736,-0.64537,0.00004,0.97969
37737,6.03147,0.00000,1.00000
37738,9.48635,0.00000,1.00000
37739,10.20501,0.00000,1.00000
37740,8.41199,-0.00033,0.98341
37741,12.88402,0.00000,1.00000
37742,10.91189,-0.00051,0.98101
37743,14.76802,0.00000,1.00000
37744,12.09762,0.00000,1.00000
37745,11.89442,-0.00067,0.97845
37746,14.80025,0.00000,1.00000
37747,13.07401,-0.00055,0.98252
37748,14.72078,0.00000,1.00000
37749,12.88936,-0.00085,0.97699
37750,21.36060,0.00000,1.00000
37751,21.54393,0.00000,1.00000
37752,19.55068,-0.00058,0.98641
37753,22.94158,0.00000,1.00000
37754,20.31118,-0.00097,0.98196
37755,25.58898,0.00000,1.00000
37756,23.21965,0.00000,1.00000
37757,22.30940,-0.00100,0.98249
37758,24.98862,-0.00065,0.98741
37759,31.95737,0.00000,1.00000
37760,27.67856,-0.00073,0.98745
37761,31.58124,0.00000,1.00000
37762,27.10047,0.00000,1.00000
37763,26.61301,-0.00113,0.98311
37764,28.56480,-0.00095,0.98639
37765,30.39842,0.00000,1.00000
37766,31.10023,0.00000,1.00000
37767,33.84680,0.00000,1.00000
37768,29.89466,-0.00150,0.98244
37769,30.26351,-0.00152,0.98238
37770,39.78067,0.00000,1.00000
37771,35.14736,-0.00081,0.98901
37772,39.59881,0.00000,1.00000
37773,35.69352,0.00000,1.00000
37774,34.57174,-0.00113,0.98619
37775,39.14876,0.00000,1.00000
37776,36.44806,-0.00088,0.98918
37777,42.67941,0.00000,1.00000
37778,37.31098,0.00000,1.00000
37779,36.70490,-0.00149,0.98553
37780,40.52281,0.00000,1.00000
37781,42.50495,0.00000,1.00000
37782,46.91581,0.00000,1.00000
37783,41.05151,-0.00102,0.98966
37784,37.64219,-0.00154,0.98614
37785,35.85727,-0.00288,0.97866
37786,45.90238,0.00000,1.00000
37787,39.44297,-0.00099,0.99031
37788,39.30169,0.00000,1.00000
37789,39.99567,0.00000,1.00000
37790,35.74995,-0.00210,0.98368
37791,37.55311,-0.00152,0.98729
37792,39.77893,0.00000,1.00000
37793,37.60756,-0.00120,0.98905
37794,44.26232,0.00000,1.00000
37795,39.65446,0.00000,1.00000
37796,38.82923,-0.00094,0.99053
37797,40.98477,0.00000,1.00000
37798,39.99303,-0.00087,0.99131
37799,41.67162,0.00000,1.00000
37800,38.07621,-0.00109,0.98950
37801,35.86942,-0.00146,0.98730
37802,37.87689,0.00000,1.00000
37803,35.28158,0.00000,1.00000
37804,36.48127,0.00000,1.00000
37805,34.82157,0.00000,1.00000
37806,33.86385,0.00000,1.00000
37807,34.68353,0.00000,1.00000
37808,39.45411,0.00000,1.00000
37809,35.09226,-0.00068,0.99286
37810,38.97994,0.00000,1.00000
37811,35.90169,-0.00055,0.99361
37812,35.31568,0.00000,1.00000
37813,30.92569,-0.00092,0.99136
37814,28.40563,-0.00089,0.99119
37815,27.29524,0.00000,1.00000
37816,27.69710,-0.00048,0.99413
37817,29.17557,0.00000,1.00000
37818,26.30202,-0.00064,0.99235
37819,25.33883,-0.00066,0.99238
37820,25.90414,0.00000,1.00000
37821,22.49401,0.00000,1.00000
37822,22.07919,0.00000,1.00000
37823,20.83686,0.00000,1.00000
37824,20.72244,-0.00044,0.99376
37825,23.45838,0.00000,1.00000
37826,19.33383,0.00000,1.00000
37827,19.87492,-0.00039,0.99411
37828,17.64145,-0.00050,0.99300
37829,16.94079,0.00000,1.00000
37830,14.48254,0.00000,1.00000
37831,13.28399,-0.00027,0.99461
37832,11.55850,0.00000,1.00000
37833,13.88091,0.00000,1.00000
37834,12.54032,-0.00023,0.99495
37835,13.58044,0.00000,1.00000
37836,12.03897,-0.00020,0.99520
37837,10.72973,0.00000,1.00000
37838,11.70178,-0.00019,0.99535
37839,10.80206,-0.00018,0.99543
37840,8.77333,0.00000,1.00000
37841,8.03689,0.00000,1.00000
37842,8.06142,-0.00014,0.99567
37843,8.31116,0.00000,1.00000
37844,7.84634,-0.00009,0.99671
37845,6.83934,0.00000,1.00000
37846,7.08764,0.00000,1.00000
37847,6.87102,-0.00007,0.99694
37848,5.52059,0.00000,1.00000
37849,5.86837,0.00000,1.00000
37850,5.52023,-0.00009,0.99577
37851,5.34247,0.00000,1.00000
37852,5.32370,-0.00007,0.99649
37853,4.10522,0.00000,1.00000
37854,3.44454,0.00000,1.00000
37855,2.86121,0.00000,1.00000
37856,1.24077,-0.00001,0.99740
37857,0.66479,-0.00001,0.99658
37858,-0.15533,0.00000,1.00000
37859,-0.23943,0.00000,0.99642
37860,-1.05465,0.00000,1.00000
37861,-1.14473,0.00000,1.00000
37862,-1.04429,0.00001,0.99783
37863,-1.29102,0.00000,1.00000
37864,-1.26684,0.00002,0.99670
37865,-2.23118,0.00000,1.00000
37866,-1.56087,0.00000,1.00000
37867,-1.80592,0.00001,0.99792
37868,-2.23703,0.00000,1.00000
37869,-2.13870,0.00001,0.99765
37870,-2.54656,0.00000,1.00000
37871,-2.37492,0.00002,0.99732
37872,-2.92921,0.00000,1.00000
37873,-2.72376,0.00002,0.99771
37874,-3.80548,0.00000,1.00000
37875,-4.25757,0.00000,1.00000
37876,-3.89726,0.00003,0.99745
37877,-4.46884,0.00000,1.00000
37878,-4.08686,0.00006,0.99631
37879,-4.48615,0.00000,1.00000
37880,-4.28671,0.00007,0.99581
37881,-6.00175,0.00000,1.00000
37882,-5.70278,0.00008,0.99616
37883,-7.26617,0.00000,1.00000
37884,-7.71465,0.00000,1.00000
37885,-7.26646,0.00006,0.99720
37886,-7.51138,0.00000,1.00000
37887,-7.58661,0.00012,0.99592
37888,-9.86352,0.00000,1.00000
37889,-9.86067,0.00000,1.00000
37890,-9.47755,0.00000,1.00000
37891,-9.54745,0.00013,0.99595
37892,-11.03216,0.00000,1.00000
37893,-12.44346,0.00000,1.00000
37894,-11.23160,0.00012,0.99660
37895,-10.79037,0.00021,0.99488
37896,-15.27223,0.00000,1.00000
37897,-12.93487,0.00015,0.99633
37898,-15.02335,0.00000,1.00000
37899,-13.57244,0.00027,0.99468
37900,-14.79369,0.00000,1.00000
37901,-15.63017,0.00000,1.00000
37902,-18.10703,0.00032,0.99519
37903,-18.31147,0.00000,1.00000
37904,-18.16818,0.00048,0.99334
37905,-22.57710,0.00000,1.00000
37906,-23.25329,0.00000,1.00000
37907,-24.50500,0.00000,1.00000
37908,-22.53708,0.00047,0.99410
37909,-26.57406,0.00000,1.00000
37910,-24.03927,0.00052,0.99308
37911,-25.30860,0.00000,1.00000
37912,-24.09628,0.00053,0.99328
37913,-27.86339,0.00000,1.00000
37914,-26.49743,0.00050,0.99357
37915,-25.45881,0.00000,1.00000
37916,-31.27859,0.00000,1.00000
37917,-29.65214,0.00070,0.99292
37918,-29.51628,0.00000,1.00000
37919,-29.05995,0.00106,0.98998
37920,-34.01126,0.00053,0.99384
37921,-34.91758,0.00000,1.00000
37922,-32.71599,0.00000,1.00000
37923,-31.26120,0.00000,1.00000
37924,-37.62056,0.00000,1.00000
37925,-32.19045,0.00110,0.98949
37926,-32.91869,0.00000,1.00000
37927,-33.26016,0.00101,0.99043
37928,-37.86991,0.00000,1.00000
37929,-33.40801,0.00114,0.98968
37930,-32.98155,0.00138,0.98794
37931,-34.86317,0.00104,0.99021
37932,-35.86388,0.00000,1.00000
37933,-40.84777,0.00000,1.00000
37934,-35.73409,0.00136,0.98843
37935,-42.44267,0.00000,1.00000
37936,-40.53607,0.00085,0.99104
37937,-44.03199,0.00000,1.00000
37938,-40.13576,0.00099,0.98991
37939,-40.37189,0.00088,0.99085
37940,-41.21860,0.00000,1.00000
37941,-38.66421,0.00130,0.98827
37942,-43.80511,0.00000,1.00000
37943,-39.20997,0.00000,1.00000
37944,-35.10071,0.00000,1.00000
37945,-44.58436,0.00000,1.00000
37946,-37.50551,0.00124,0.98661
37947,-39.48181,0.00000,1.00000
37948,-35.44212,0.00132,0.98661
37949,-37.64762,0.00000,1.00000
37950,-33.61931,0.00000,1.00000
37951,-31.63196,0.00180,0.98103
37952,-31.67707,0.00155,0.98297
37953,-33.66720,0.00000,1.00000
37954,-34.11489,0.00000,1.00000
37955,-30.15461,0.00135,0.98320
37956,-30.56365,0.00090,0.98718
37957,-29.79004,0.00000,1.00000
37958,-25.80165,0.00105,0.98363
37959,-23.52755,0.00000,1.00000
37960,-25.61309,0.00000,1.00000
37961,-22.01611,0.00130,0.98012
37962,-21.27492,0.00000,1.00000
37963,-19.82455,0.00119,0.97968
37964,-19.90173,0.00000,1.00000
37965,-13.20600,0.00000,1.00000
37966,-10.45249,0.00033,0.98579
37967,-10.28516,0.00000,1.00000
37968,-9.33301,0.00000,1.00000
37969,-9.06472,0.00018,0.98816
37970,-7.06546,0.00000,1.00000
37971,-7.70644,0.00018,0.98706
37972,1.41234,-0.00016,0.96967
37973,5.81339,0.00000,1.00000
37974,8.39054,-0.00081,0.96919
37975,15.44441,-0.00129,0.97429
37976,17.24037,0.00000,1.00000
37977,16.80641,0.00000,1.00000
37978,18.33545,-0.00174,0.97103
37979,18.09491,-0.00293,0.96115
37980,19.54566,-0.00156,0.97442
37981,20.81185,0.00000,1.00000
37982,21.81269,-0.00122,0.97933
37983,21.85453,-0.00295,0.96579
37984,29.38758,-0.00238,0.97662
37985,39.19424,0.00000,1.00000
37986,31.82315,-0.00248,0.97710
37987,34.66121,-0.00353,0.97612
37988,36.44693,0.00000,1.00000
37989,35.21336,-0.00163,0.98679
37990,35.10971,-0.00296,0.97931
37991,36.56462,-0.00235,0.98201
37992,33.90416,-0.00305,0.97952
37993,32.10778,-0.00280,0.98087
37994,31.23866,-0.00381,0.97716
37995,32.53141,-0.00178,0.98558
37996,24.66472,-0.00171,0.98550
37997,17.72501,-0.00080,0.99013
37998,17.03176,-0.00107,0.98812
37999,15.95707,-0.00062,0.99108
38000,14.20392,-0.00044,0.99246
38001,9.23966,-0.00051,0.99044
38002,3.94017,-0.00023,0.99109
38003,3.71337,-0.00019,0.99175
38004,3.44258,-0.00015,0.99250
38005,3.10968,-0.00007,0.99489
38006,2.75537,-0.00007,0.99436
38007,2.43574,-0.00010,0.99278
38008,2.15267,-0.00009,0.99279
38009,-0.58724,0.00001,0.99448
38010,-0.84970,0.00001,0.99607
38011,-1.11462,0.00002,0.99502
38012,-1.44119,0.00002,0.99652
38013,-1.65296,0.00005,0.99361
38014,-1.87592,0.00008,0.99244
38015,-2.07437,0.00010,0.99219
38016,-2.90652,0.00007,0.99493
38017,-5.63038,0.00024,0.99217
38018,-6.06262,0.00020,0.99316
38019,-6.54178,0.00026,0.99215
38020,-7.06016,0.00012,0.99514
38021,-7.92381,0.00025,0.99307
38022,-9.79818,0.00057,0.98987
38023,-14.96389,0.00115,0.98704
38024,-15.92556,0.00048,0.99246
38025,-21.11710,0.00120,0.98792
38026,-24.85074,0.00150,0.98648
38027,-26.26516,0.00129,0.98778
38028,-29.30547,0.00156,0.98690
38029,-36.76516,0.00203,0.98324
38030,-36.28130,0.00233,0.98168
38031,-34.92706,0.00283,0.97950
38032,-36.16230,0.00268,0.97968
38033,-34.94719,0.00302,0.97812
38034,-34.29173,0.00416,0.97315
38035,-36.59558,0.00170,0.98402
38036,-34.99889,0.00232,0.98054
38037,-12.62119,0.00079,0.97614
38038,-11.61938,0.00073,0.97480
38039,-9.37721,0.00090,0.97106
38040,-7.29645,0.00067,0.97039
38041,-0.15120,-0.00000,0.97520
38042,11.10638,-0.00061,0.97877
38043,20.44082,-0.00148,0.97544
38044,21.94415,-0.00199,0.97106
38045,26.02328,-0.00141,0.97891
38046,25.96112,-0.00401,0.96439
38047,28.15819,-0.00198,0.97723
38048,28.10720,-0.00299,0.97176
38049,33.71434,-0.00153,0.98187
38050,33.85561,-0.00212,0.97882
38051,33.08029,-0.00269,0.97530
38052,33.93589,-0.00319,0.97559
38053,36.39222,-0.00304,0.97698
38054,36.39126,-0.00212,0.98283
38055,36.28637,-0.00270,0.97984
38056,37.30587,-0.00193,0.98441
38057,33.85234,-0.00432,0.97415
38058,32.33419,-0.00189,0.98510
38059,32.65836,-0.00185,0.98476
38060,28.63871,-0.00163,0.98700
38061,25.67782,-0.00141,0.98693
38062,23.68551,-0.00240,0.98219
38063,21.51388,-0.00103,0.98915
38064,19.43116,-0.00069,0.99109
38065,11.05870,-0.00073,0.98882
38066,10.81762,-0.00038,0.99234
38067,7.60954,-0.00026,0.99282
38068,-1.08899,0.00003,0.99473
38069,-1.56374,0.00003,0.99550
38070,-1.94556,0.00003,0.99617
38071,-2.18061,0.00005,0.99436
38072,-2.53168,0.00005,0.99496
38073,-3.79599,0.00010,0.99415
38074,-3.96369,0.00022,0.99104
38075,-10.56115,0.00037,0.99219
38076,-14.24680,0.00074,0.99006
38077,-22.14558,0.00122,0.98780
38078,-22.10207,0.00198,0.98381
38079,-27.87556,0.00192,0.98459
38080,-30.32171,0.00170,0.98564
38081,-28.79034,0.00413,0.97581
38082,-30.14311,0.00340,0.97862
38083,-31.61587,0.00210,0.98407
38084,-33.64877,0.00249,0.98234
38085,-36.12012,0.00160,0.98596
38086,-31.70528,0.00701,0.96274
38087,-34.69286,0.00367,0.97426
38088,-36.44384,0.00271,0.97881
38089,-33.64047,0.00157,0.98342
38090,-33.40088,0.00000,1.00000
38091,-31.80417,0.00361,0.97097
38092,-31.90499,0.00317,0.97337
38093,-27.32121,0.00288,0.97030
38094,-24.98414,0.00152,0.97902
38095,-12.93037,0.00000,1.00000
38096,13.17517,-0.00403,0.01914
38097,-4.54058,-0.07886,0.53919
38098,-1.25086,0.00087,0.04132
38099,-0.21421,0.01539,0.16255
38100,-0.44939,0.01479,0.15000
38101,3.65311,-0.00155,0.03155
38102,6.78768,-0.00130,0.95596
38103,6.49221,-0.00272,0.93525
38104,-1.60338,-0.06094,0.22002
38105,-8.18821,0.00310,0.93851
38106,-7.86487,0.00231,0.94508
38107,5.76933,-0.00559,0.04789
38108,5.34573,-0.00625,0.05249
38109,6.09833,-0.00375,0.03830
38110,9.90647,-0.00794,0.91571
38111,10.88091,-0.00807,0.91926
38112,-18.65340,0.00258,0.96533
38113,12.75187,-0.00273,0.95482
38114,-7.95811,0.00427,0.03353
38115,9.53929,-0.00763,0.04015
38116,10.52871,-0.00391,0.02662
38117,-4.14322,0.04821,0.11530
38118,-10.05355,0.00306,0.02420
38119,-10.52976,0.00349,0.02570
38120,-26.30289,0.00434,0.96367
38121,7.73595,-0.01782,0.06579
38122,-10.20804,0.00560,0.03399
38123,11.59624,-0.00734,0.03532
38124,23.56339,-0.00622,0.95273
38125,25.85610,-0.00656,0.95518
38126,13.17839,-0.00590,0.02790
38127,-7.38858,-0.21931,0.28139
38128,26.05265,-0.01107,0.94324
38129,22.31497,-0.02086,0.91939
38130,0.55788,0.14364,0.74482
38131,12.46492,-0.01383,0.04254
38132,9.04683,-0.07281,0.83032
38133,11.52603,-0.01959,0.05187
38134,13.08754,-0.01176,0.03814
38135,12.35491,-0.01555,0.04501
38136,14.18972,-0.00772,0.02800
38137,12.62526,-0.01533,0.04239
38138,-6.58577,0.05134,0.09702
38139,-13.51892,0.01267,0.03711
38140,13.52397,0.39876,0.49103
38141,-14.23953,0.00815,0.02863
38142,-15.15829,0.00487,0.02082
38143,-24.58401,0.02254,0.93170
38144,32.11381,-0.00577,0.96938
38145,14.33694,-0.00584,0.02312
38146,14.19347,-0.00432,0.01931
38147,3.80825,-0.10121,0.12842
38148,31.29281,-0.00725,0.96506
38149,22.72672,-0.01935,0.94074
38150,17.98785,-0.03654,0.91475
38151,-13.86015,-0.38494,0.48432
38152,32.20176,-0.00511,0.97179
38153,26.99896,-0.00807,0.96423
38154,26.18861,-0.00902,0.96248
38155,10.70762,-0.00564,0.02488
38156,-31.92442,0.00471,0.97363
38157,7.75952,-0.00510,0.02832
38158,7.61803,-0.00669,0.03303
38159,7.31487,-0.00270,0.02102
38160,18.27924,-0.00162,0.98527
38161,17.86588,-0.00299,0.97885
38162,19.11523,-0.00200,0.98358
38163,12.40510,-0.02077,0.93622
38164,13.47013,-0.01370,0.94915
38165,13.54812,-0.00274,0.97826
38166,3.69572,-0.00130,0.02101
38167,3.69737,-0.01725,0.92255
38168,4.33726,-0.00043,0.98781
38169,3.93410,-0.00053,0.98570
38170,4.17506,-0.00025,0.99111
38171,2.43947,-0.00428,0.95039
38172,0.11793,-0.00027,0.05283
38173,0.02346,-0.00003,0.04254
38174,-14.63414,0.00534,0.02192
38175,-31.84947,0.00436,0.97509
38176,2.50130,-0.00024,0.98815
38177,-0.82971,0.00005,0.99120
38178,-1.35942,0.00008,0.99113
38179,-1.07255,0.00010,0.98823
38180,-3.17691,0.00019,0.99108
38181,-3.59878,0.00021,0.99118
38182,-1.97892,0.00900,0.07055
38183,-8.86722,0.00073,0.98803
38184,-10.13837,0.00065,0.98942
38185,-10.39277,0.00299,0.01821
38186,-5.60075,0.03000,0.07540
38187,2.73325,0.20642,0.20983
38188,2.38822,0.20021,0.20531
38189,-29.59481,0.00297,0.98066
38190,-12.07906,0.01529,0.04101
38191,-14.32026,0.00668,0.02495
38192,-14.85225,0.00501,0.02091
38193,-31.86776,0.00469,0.97328
38194,-27.65961,0.01255,0.95209
38195,-31.73256,0.00637,0.96735
38196,-31.58986,0.00762,0.96313
38197,2.94727,0.19858,0.20827
38198,-12.64393,0.01665,0.04348
38199,11.71392,0.34476,0.60241
38200,12.14081,0.35634,0.58911
38201,-33.20952,0.00541,0.96897
38202,-29.64236,0.01139,0.95120
38203,-25.81354,0.02032,0.93251
38204,-24.26063,0.02465,0.92383
38205,-34.35638,0.00417,0.97272
38206,-34.43933,0.00378,0.97427
38207,-14.30665,0.00540,0.02412
38208,-14.48696,0.00332,0.01919
38209,-29.27770,0.00484,0.96380
38210,-12.81257,0.00369,0.02304
38211,-28.79229,0.00402,0.96684
38212,-26.18902,0.00660,0.95468
38213,-11.72295,0.00422,0.02642
38214,-11.33419,0.00556,0.03077
38215,-10.27349,0.00925,0.04248
38216,-10.02796,0.00463,0.03186
38217,-21.13723,0.00415,0.95802
38218,-19.11967,0.00549,0.94987
38219,0.32360,0.06567,0.18042
38220,-8.37136,0.00533,0.03667
38221,-7.41116,0.00881,0.05039
38222,-9.13212,0.00251,0.02379
38223,-0.04988,0.04329,0.17314
38224,6.43044,0.11499,0.52450
38225,-2.73424,0.00117,0.03151
38226,-3.02703,0.00129,0.03154
38227,-7.74630,0.00600,0.91498
38228,-7.33963,0.00122,0.96068
38229,-5.21185,0.00106,0.95497
38230,-0.30701,0.00332,0.12120
38231,7.33834,-0.00120,0.96052
38232,7.16586,-0.00233,0.94344
38233,-3.32353,-0.08219,0.26875
38234,9.23466,-0.00691,0.91800
38235,6.81194,-0.01138,0.88619
38236,9.44560,-0.00166,0.95862
38237,9.85668,-0.00214,0.95407
38238,8.25527,-0.00810,0.04525
38239,9.41754,-0.00455,0.03132
38240,8.23511,-0.02141,0.06805
38241,12.04916,-0.00538,0.02937
38242,13.72580,-0.00496,0.02519
38243,8.36735,-0.02817,0.07410
38244,14.42190,-0.00479,0.02378
38245,28.15077,-0.00489,0.96278
38246,13.82234,-0.00729,0.03016
38247,-0.15533,-0.14732,0.75099
38248,11.49887,-0.02197,0.05401
38249,31.95793,-0.00519,0.96652
38250,26.82019,-0.01712,0.93601
38251,31.60672,-0.00833,0.95841
38252,30.45400,-0.00934,0.95431
38253,-28.07178,0.00686,0.96742
38254,15.11841,-0.00514,0.02128
38255,15.01549,-0.00507,0.02111
38256,14.54494,-0.00582,0.02274
38257,31.23695,-0.00768,0.96240
38258,-0.44309,-0.17901,0.76858
38259,11.24367,-0.02047,0.04875
38260,-27.15103,0.00362,0.97762
38261,-17.39369,0.01295,0.95241
38262,-7.78377,0.03205,0.06811
38263,-8.13016,0.02764,0.06266
38264,4.79009,0.23213,0.72840
38265,13.50694,-0.00407,0.01898
38266,-3.67269,0.05468,0.10818
38267,-2.98796,0.06516,0.12015
38268,-10.71087,0.02892,0.92293
38269,-11.33512,0.02281,0.93214
38270,-11.97767,0.01068,0.95418
38271,-12.81845,0.01082,0.95465
38272,-13.78362,0.00666,0.96543
38273,-13.68074,0.00103,0.98787
38274,-12.68475,0.00192,0.98185
38275,-6.91111,0.00255,0.02047
38276,-10.33995,0.00083,0.98764
38277,-4.62777,0.00306,0.96689
38278,-2.31796,0.00226,0.03438
38279,-1.96235,0.00272,0.04104
38280,-1.59878,0.01651,0.09520
38281,-1.82492,0.00010,0.99125
38282,-0.75164,0.00031,0.97537
38283,-1.16645,0.00116,0.03503
38284,-2.95893,-0.12029,0.31524
38285,7.74417,-0.00041,0.99101
38286,7.17895,-0.00217,0.97644
38287,9.90881,-0.00134,0.98366
38288,10.16871,-0.00057,0.99016
38289,9.35857,-0.00108,0.98530
38290,-8.15646,-0.27166,0.66033
38291,-1.24830,-0.10996,0.80684
38292,19.28806,-0.00183,0.98405
38293,19.68675,-0.00320,0.97837
38294,2.98727,-0.07810,0.12567
38295,-0.26134,-0.14911,0.79940
38296,9.83866,-0.00421,0.02263
38297,25.58426,-0.00353,0.97824
38298,11.30221,-0.00285,0.01634
38299,12.46443,-0.00524,0.02256
38300,24.52354,-0.01351,0.95209
38301,24.26214,-0.01211,0.95478
38302,27.73662,-0.00686,0.96756
38303,28.44173,-0.00625,0.96919
38304,11.71894,-0.00703,0.02731
38305,11.26306,-0.00934,0.03268
38306,4.56038,-0.12460,0.82255
38307,7.14066,-0.04390,0.08060
38308,-0.94775,0.00161,0.04559
38309,3.65089,-0.08929,0.85189
38310,14.40509,-0.00743,0.02675
38311,33.00332,-0.00559,0.96906
38312,-30.22672,0.00517,0.97224
38313,-28.36739,0.00803,0.96387
38314,-26.02140,0.01386,0.95018
38315,-14.41143,0.00593,0.02315
38316,-1.06972,-0.04188,0.32838
38317,-9.19061,-0.30580,0.51473
38318,2.91259,0.10120,0.42856
38319,1.43294,-0.00211,0.05957
38320,8.63146,-0.00288,0.01944
38321,0.26682,-0.07577,0.16596
38322,1.28332,0.04089,0.55630
38323,6.63481,0.22931,0.45152
38324,-12.90250,-0.33682,0.40892
38325,-4.23485,0.00023,0.99154
38326,2.11167,0.19167,0.20478
38327,-5.18585,-0.23512,0.28177
38328,-2.52471,-0.04245,0.50766
38329,0.08147,-0.07012,0.17077
38330,2.74521,-0.00153,0.02684
38331,-14.12001,0.00358,0.01776
38332,-0.69954,0.10694,0.16158
38333,12.88236,-0.00469,0.02135
38334,34.89084,-0.00370,0.97653
38335,-13.33900,-0.35718,0.42505
38336,-13.30943,-0.39595,0.51720
38337,7.98632,0.27707,0.44794
38338,8.26768,0.28715,0.44565
38339,10.39603,0.33527,0.33410
38340,10.72883,0.33482,0.62577
38341,-1.74167,-0.06747,0.77755
38342,-8.96103,-0.30965,0.30374
38343,-15.73611,0.01305,0.95162
38344,-7.31618,-0.26668,0.27180
38345,10.67229,-0.00393,0.02639
38346,-8.03976,-0.27077,0.28391
38347,7.23808,0.17916,0.30380
38348,6.24390,0.20533,0.53086
38349,-3.51204,0.04247,0.10100
38350,-3.06259,0.04578,0.10768
38351,1.22328,0.17181,0.19224
38352,2.10520,0.18852,0.20607
38353,-4.52239,-0.20652,0.28122
38354,0.10754,0.00384,0.38847
38355,5.26310,-0.00249,0.03318
38356,5.45797,-0.00278,0.03429
38357,-6.34559,-0.11631,0.41688
38358,-6.87962,-0.22157,0.59798
38359,-6.82951,-0.25144,0.38330
38360,-6.91672,-0.25143,0.39496
38361,-14.93115,0.00582,0.02376
38362,-9.26557,0.00362,0.02832
38363,-1.51290,-0.19086,0.75730
38364,-2.68713,-0.19564,0.76198
38365,-13.07782,0.00682,0.02565
38366,9.27928,0.29911,0.30758
38367,10.05584,0.31165,0.32346
38368,9.70549,0.30833,0.31621
38369,-13.67267,-0.37941,0.44800
38370,-1.78816,0.04032,0.12002
38371,-1.37203,0.04447,0.13035
38372,12.02981,-0.00520,0.02903
38373,11.14258,-0.00785,0.03746
38374,-8.52208,-0.28033,0.64556
38375,8.53491,0.30727,0.39714
38376,-2.50465,0.11415,0.14096
38377,-4.21590,-0.21571,0.71999
38378,-4.13494,-0.21274,0.71990
38379,-8.86552,-0.29900,0.66668
38380,13.62798,0.39251,0.46088
38381,-13.29420,-0.33050,0.52733
38382,-2.94075,0.00047,0.98458
38383,-2.86511,0.00097,0.97717
38384,-3.25800,0.00052,0.98448
38385,7.16241,0.23088,0.62431
38386,9.99749,0.35358,0.35485
38387,9.91832,0.35145,0.35005
38388,7.95514,0.27870,0.43482
38389,-1.69084,0.10803,0.14842
38390,-7.50605,-0.29367,0.33173
38391,-1.69495,0.01182,0.10652
38392,0.82532,-0.06850,0.75689
38393,-8.46893,-0.31111,0.29908
38394,9.25253,-0.03150,0.06374
38395,0.23282,-0.14449,0.16846
38396,-5.54431,-0.22963,0.31247
38397,-3.24738,-0.19613,0.23508
38398,5.11625,0.12596,0.28290
38399,-11.31496,-0.37995,0.39938
38400,-9.51236,-0.19458,0.56010
38401,5.79034,-0.00397,0.04084
38402,-0.09602,-0.16049,0.17434
38403,0.31145,-0.15355,0.16925
38404,-1.50734,-0.02586,0.42600
38405,6.60243,-0.00172,0.01686
38406,15.46855,-0.00339,0.01629
38407,-0.15026,-0.03183,0.73827
38408,-5.66252,-0.18643,0.68556
38409,-5.25027,-0.17619,0.70169
38410,-0.37058,0.00623,0.13410
38411,-0.22059,0.00853,0.15296
38412,-0.43549,0.00779,0.13550
38413,0.61768,0.02207,0.38838
38414,-0.79500,0.01187,0.10674
38415,-0.61720,0.01226,0.11568
38416,-0.76214,0.00979,0.10197
38417,13.35804,0.39616,0.51188
38418,4.60007,0.07920,0.51153
38419,3.60314,-0.00182,0.03459
38420,3.56685,-0.00119,0.02782
38421,3.23363,0.10130,0.61198
38422,3.57543,0.11241,0.60734
38423,3.67326,0.16103,0.75945
38424,6.46863,0.20772,0.63671
38425,3.83036,0.14990,0.70007
38426,5.55340,0.16490,0.67349
38427,4.83524,-0.08782,0.11659
38428,6.76665,-0.00225,0.01926
38429,-0.47118,-0.14863,0.74711
38430,-30.72815,0.00446,0.97493
38431,1.85273,0.06261,0.46092
38432,2.27995,0.07741,0.45637
38433,7.78377,-0.02122,0.05712
38434,-12.54115,0.00114,0.98633
38435,-3.71199,-0.19924,0.75470
38436,3.23572,0.13109,0.70298
38437,0.54286,0.02806,0.24999
38438,0.54997,0.02662,0.26139
38439,-4.71049,-0.16828,0.40582
38440,12.98308,-0.00686,0.03000
38441,8.10974,0.28892,0.28684
38442,7.51826,0.23539,0.27901
38443,-5.90576,-0.22784,0.34858
38444,-7.50320,-0.26197,0.27499
38445,-3.87951,-0.19304,0.22052
38446,-10.68581,-0.27258,0.35225
38447,17.17931,-0.00163,0.98490
38448,17.22651,-0.00228,0.98175
38449,-11.00251,-0.25037,0.39027
38450,-0.90562,0.11361,0.16008
38451,-8.92677,-0.29185,0.56079
38452,-8.68871,-0.28378,0.56476
38453,-9.13346,-0.19599,0.58660
38454,-1.71968,-0.06311,0.77032
38455,-0.83189,-0.03040,0.77733
38456,7.12890,0.12935,0.45608
38457,12.21166,0.38409,0.53333
38458,-10.45563,-0.34601,0.50625
38459,-5.75469,-0.10203,0.44817
38460,-5.49309,-0.09643,0.45735
38461,-6.18023,-0.12066,0.36740
38462,-6.59022,-0.12571,0.38876
38463,1.98768,0.10287,0.25238
38464,-6.52976,-0.21711,0.67889
38465,6.53257,0.25395,0.34284
38466,-2.47374,-0.18291,0.77043
38467,-3.87119,0.05231,0.80019
38468,12.20511,-0.00827,0.02960
38469,-13.36538,-0.40140,0.46529
38470,-13.30361,-0.40217,0.46909
38471,-10.99650,-0.37462,0.40336
38472,-1.05153,-0.03303,0.71455
38473,7.72715,-0.00201,0.94926
38474,-8.96683,-0.30114,0.66205
38475,2.92807,-0.00113,0.03022
38476,-5.71333,-0.12045,0.32691
38477,-5.03683,-0.13093,0.27333
38478,-5.72036,-0.13967,0.28991
38479,-5.02853,0.06920,0.10661
38480,-3.89510,0.00061,0.01778
38481,-5.01601,-0.22033,0.29177
38482,-0.02858,0.06958,0.17294
38483,-1.94445,-0.03279,0.46986
38484,-4.71290,-0.11512,0.28159
38485,-0.12401,0.01817,0.16861
38486,-0.34792,0.01492,0.15456
38487,0.19051,0.00454,0.26788
38488,5.55695,0.10651,0.36817
38489,-0.08531,0.01283,0.16936
38490,0.18180,0.01573,0.19103
38491,-22.29657,0.03076,0.91700
38492,-4.40731,0.05340,0.11515
38493,0.00634,-0.11443,0.17446
38494,5.21575,0.21477,0.73234
38495,0.59480,-0.14527,0.16557
38496,12.04676,0.26183,0.50689
38497,2.75365,0.14879,0.24834
38498,2.48327,0.13988,0.24253
38499,-4.02643,-0.21723,0.24774
38500,10.20112,0.29896,0.63262
38501,11.01432,0.33454,0.62053
38502,11.42117,0.34100,0.61020
38503,-8.07869,-0.28075,0.28489
38504,-4.78244,-0.15121,0.62278
38505,11.87180,0.25988,0.52716
38506,-11.92597,-0.34728,0.59735
38507,-11.96698,0.00868,0.03022
38508,-11.59727,0.01034,0.03371
38509,4.12972,0.08835,0.63817
38510,3.46941,0.08046,0.65534
38511,-6.98787,0.05646,0.09003
38512,-7.41540,0.05255,0.08602
38513,-7.10461,-0.12842,0.46727
38514,-13.32794,-0.37428,0.54401
38515,-13.53204,-0.37769,0.53125
38516,0.67540,0.02739,0.31172
38517,2.39388,-0.00172,0.03038
38518,-0.03908,0.00148,0.87802
38519,-0.12407,0.00277,0.88948
38520,-1.03860,-0.17225,0.18901
38521,-4.93478,-0.16094,0.69074
38522,2.00845,0.19323,0.19950
38523,1.78136,0.18922,0.19666
38524,10.88775,0.36703,0.45003
38525,-4.95228,0.00090,0.01378
38526,7.36491,0.28812,0.27809
38527,-2.25903,-0.03869,0.42756
38528,-2.11629,-0.03582,0.44294
38529,-4.81231,-0.10668,0.30283
38530,-5.08129,-0.11257,0.30552
38531,3.39002,0.21703,0.21755
38532,2.92403,0.20899,0.21128
38533,4.14336,0.18795,0.70806
38534,-8.97658,-0.30246,0.49227
38535,6.75205,0.28565,0.27729
38536,3.37429,0.06737,0.32541
38537,-0.43666,-0.00760,0.40913
38538,1.53632,0.05157,0.47005
38539,11.53481,0.33504,0.35908
38540,12.95156,0.39411,0.42821
38541,4.68709,0.22842,0.26444
38542,-4.40625,-0.23524,0.24536
38543,10.73400,-0.05162,0.89628
38544,-5.97949,-0.19448,0.55334
38545,-7.84761,-0.30850,0.31654
38546,-6.28181,-0.27652,0.27525
38547,-11.99645,-0.36905,0.37873
38548,3.63804,-0.08649,0.12956
38549,8.21909,-0.00286,0.01997
38550,0.81078,-0.08037,0.15528
38551,0.17151,-0.09154,0.16998
38552,2.92725,0.20470,0.21949
38553,2.34412,0.19223,0.21038
38554,8.77702,0.32353,0.31202
38555,8.14756,0.31158,0.30000
38556,4.58332,0.17645,0.34701
38557,10.81066,0.34597,0.58509
38558,9.90419,0.35249,0.35955
38559,-1.09112,-0.12630,0.19843
38560,-7.27186,-0.26081,0.40849
38561,3.75097,-0.04154,0.89114
38562,13.64990,0.34126,0.49089
38563,1.15440,0.05308,0.27239
38564,-11.66807,-0.27053,0.56253
38565,-2.82147,0.10872,0.83546
38566,-23.21992,0.00207,0.98380
38567,-21.30713,0.00360,0.97693
38568,-22.03782,0.00447,0.97425
38569,-11.27397,-0.28679,0.36523
38570,9.33894,-0.03452,0.07211
38571,8.15943,-0.04377,0.08344
38572,13.75024,0.39142,0.47576
38573,12.85431,0.40007,0.44676
38574,-12.53901,-0.32880,0.57101
38575,-7.68934,-0.24890,0.62362
38576,12.81879,0.33018,0.55758
38577,-22.12878,0.02655,0.92778
38578,0.35620,-0.14896,0.75777
38579,-9.37318,-0.30985,0.65445
38580,-9.90060,-0.32122,0.64071
38581,7.60263,0.30292,0.29345
38582,-5.19777,-0.17656,0.47082
38583,6.70355,-0.08160,0.81244
38584,12.96501,-0.00491,0.02635
38585,2.66273,-0.06685,0.13632
38586,31.93982,-0.00747,0.96337
38587,34.32295,-0.00423,0.97433
38588,1.25235,-0.01640,0.10359
38589,8.42726,0.29712,0.42370
38590,1.71198,-0.12607,0.15089
38591,-6.07019,-0.16351,0.27807
38592,2.18474,0.13016,0.23574
38593,3.75669,0.19024,0.25914
38594,3.17151,0.17728,0.24437
38595,-9.90745,0.01029,0.03574
38596,-0.92203,0.00643,0.10715
38597,-4.41792,0.05543,0.11571
38598,-8.02494,-0.30689,0.34147
38599,-3.27934,-0.16078,0.26492
38600,-3.67885,-0.16983,0.27813
38601,2.92424,-0.03448,0.89360
38602,-3.72908,0.09309,0.84921
38603,-3.86665,0.08724,0.85395
38604,-0.85865,0.09190,0.83641
38605,2.03109,0.06737,0.49149
38606,-2.93525,0.08632,0.13629
38607,-4.26071,0.07257,0.12160
38608,-6.55289,0.05718,0.09941
38609,-0.04292,-0.00383,0.20706
38610,17.91105,-0.00331,0.95898
38611,-30.66634,0.00751,0.95968
38612,-4.34630,-0.11318,0.26825
38613,-0.85327,-0.11280,0.18359
38614,11.70352,-0.00465,0.02792
38615,13.51824,0.38899,0.52025
38616,13.55870,0.39368,0.50814
38617,-11.88932,-0.37973,0.52576
38618,-5.61654,-0.25113,0.24725
38619,-8.94134,-0.32625,0.31419
38620,2.93504,0.12511,0.29773
38621,8.85090,-0.04364,0.07602
38622,4.24463,0.09535,0.64699
38623,3.25040,0.08454,0.67193
38624,-12.60939,-0.34276,0.39359
38625,34.86984,-0.00327,0.97660
38626,-6.32697,-0.12806,0.35072
38627,-6.37699,-0.12619,0.36243
38628,-0.19535,0.11161,0.16870
38629,11.12478,0.23003,0.46377
38630,11.16601,0.23023,0.48384
38631,4.81533,0.17531,0.23981
38632,-4.44515,-0.12862,0.67564
38633,3.04861,0.11017,0.69809
38634,13.52460,-0.00450,0.94434
38635,4.15232,0.13036,0.64495
38636,-4.76563,0.05092,0.11108
38637,11.08343,0.25650,0.38582
38638,11.50233,0.26438,0.39951
38639,-5.14774,0.06324,0.10209
38640,-12.40177,-0.37427,0.57068
38641,-9.74633,-0.32451,0.50685
38642,1.22774,0.05444,0.28109
38643,2.25958,-0.11325,0.14344
38644,-6.65060,-0.28389,0.28481
38645,2.84189,0.07172,0.26284
38646,2.39866,0.06572,0.24936
38647,-0.42828,-0.05826,0.83193
38648,-7.75316,-0.14434,0.53535
38649,-8.04393,-0.14866,0.51001
38650,3.70348,0.15715,0.75793
38651,-15.52081,0.00431,0.94993
38652,-12.47220,0.00867,0.92207
38653,-14.78345,0.00391,0.95122
38654,-9.52862,-0.20781,0.37285
38655,0.10440,0.00773,0.83222
38656,-0.85305,-0.03625,0.21232
38657,-7.67135,-0.29982,0.32900
38658,-0.37548,-0.10911,0.17681
38659,11.23135,0.33314,0.35097
38660,-0.91153,0.05109,0.15622
38661,-4.62988,0.00625,0.05509
38662,-9.43651,-0.29853,0.65252
38663,-0.94464,-0.17404,0.75071
38664,-2.72902,-0.19275,0.73282
38665,-0.78348,-0.17405,0.75349
38666,10.15910,0.31091,0.63798
38667,13.42129,0.38952,0.52493
38668,-11.88017,-0.35186,0.59781
38669,5.07643,0.10866,0.63280
38670,8.86166,0.20031,0.60608
38671,-3.84443,0.06081,0.11013
38672,-4.85821,-0.08436,0.52950
38673,-0.58045,-0.04237,0.72602
38674,4.68479,0.24415,0.24280
38675,-0.68348,0.00896,0.79559
38676,6.40712,0.16004,0.29285
38677,0.75391,0.10036,0.18350
38678,-13.41016,-0.39209,0.52304
38679,-6.04302,-0.19708,0.67161
38680,0.97250,-0.01091,0.90453
38681,0.98935,-0.00096,0.96297
38682,1.30946,-0.00185,0.95582
38683,-1.00521,0.01290,0.12595
38684,2.42612,0.07989,0.50297
38685,4.23318,0.19119,0.22592
38686,-10.55863,-0.35045,0.49693
38687,-6.02510,0.01161,0.04819
38688,-0.64890,0.02916,0.87059
38689,-17.58906,0.01633,0.91415
38690,-18.53274,0.01596,0.91745
38691,-8.15034,-0.30137,0.29102
38692,-7.87382,-0.25721,0.28192
38693,10.57659,0.22135,0.42144
38694,3.94525,0.08693,0.29890
38695,0.53253,0.14646,0.74611
38696,-4.61012,0.07929,0.11337
38697,1.61554,0.04382,0.68041
38698,30.24914,-0.00996,0.95331
38699,4.20236,0.13796,0.51805
38700,-3.77354,0.02662,0.90825
38701,1.96668,0.10513,0.79315
38702,3.99561,-0.09081,0.12664
38703,1.39419,0.03014,0.65043
38704,-8.24745,0.05021,0.08373
38705,-6.78756,0.06512,0.09801
38706,-5.17632,-0.17272,0.70029
38707,8.80699,0.26982,0.65437
38708,-9.48536,-0.25895,0.63289
38709,4.58130,0.10555,0.29199
38710,-2.82410,0.06345,0.13358
38711,-1.89084,-0.03182,0.49607
38712,-1.35282,-0.06043,0.21081
38713,-1.11976,-0.17486,0.74876
38714,13.26721,0.34089,0.53834
38715,3.72368,0.11654,0.64598
38716,3.86902,0.12129,0.63015
38717,10.73990,0.22187,0.43950
38718,1.21789,-0.07124,0.14528
38719,2.43120,-0.10335,0.14273
38720,-6.45343,-0.12564,0.37324
38721,-6.13776,-0.12248,0.35541
38722,-1.17301,0.00354,0.05903
38723,0.75831,0.02735,0.38105
38724,13.76297,0.38977,0.49196
38725,9.56239,0.25968,0.63082
38726,-9.51637,-0.31006,0.56797
38727,0.47356,0.03966,0.19161
38728,10.21267,0.30388,0.32719
38729,-13.85378,-0.36184,0.48252
38730,2.88981,0.05621,0.62135
38731,5.60995,0.09796,0.50627
38732,-2.54400,-0.05351,0.30299
38733,-0.37817,-0.00780,0.64398
38734,-13.56800,0.00558,0.02664
38735,-5.27887,0.07959,0.11375
38736,1.37115,-0.01954,0.10572
38737,11.84515,0.36340,0.58823
38738,-0.89028,-0.02976,0.22627
38739,-0.73518,-0.02673,0.22023
38740,0.74449,-0.02046,0.14592
38741,9.39106,-0.03574,0.07229
38742,5.16904,0.21343,0.73331
38743,8.97234,0.29500,0.64529
38744,12.70973,0.39904,0.48484
38745,11.52829,0.38371,0.43009
38746,-10.71647,0.01085,0.04424
38747,-5.94106,-0.23590,0.69839
38748,-4.23209,-0.09746,0.65017
38749,-8.98378,-0.33223,0.35205
38750,-0.35425,-0.13156,0.18113
38751,-1.13993,-0.03233,0.24198
38752,-3.75361,-0.06384,0.47273
38753,-9.51848,-0.33961,0.32949
38754,-9.16154,-0.33332,0.32283
38755,8.91700,-0.01932,0.93454
38756,-0.91441,-0.08219,0.81761
38757,-0.07202,0.02801,0.17313
38758,-4.73568,0.08833,0.11742
38759,-4.90621,0.08648,0.11582
38760,2.22010,-0.07806,0.13368
38761,4.31847,0.21472,0.26165
38762,3.99559,0.07936,0.62124
38763,4.38163,0.08639,0.61529
38764,-6.41068,0.06436,0.10204
38765,-5.45974,0.07373,0.11158
38766,-4.78616,0.08179,0.11841
38767,-8.44320,-0.28205,0.66012
38768,8.91653,-0.03652,0.06915
38769,0.02344,-0.00445,0.16248
38770,0.21895,-0.00416,0.11474
38771,13.08802,0.38916,0.53587
38772,-6.30248,-0.20569,0.54838
38773,0.28936,-0.02453,0.16415
38774,8.66036,0.21505,0.62702
38775,-1.22020,-0.02300,0.34248
38776,-1.42863,-0.02606,0.36547
38777,1.52620,0.02565,0.51882
38778,11.72897,0.37361,0.54090
38779,-7.76609,-0.14718,0.42012
38780,4.38384,0.09967,0.29375
38781,7.41927,0.15004,0.36738
38782,4.48895,0.22911,0.25524
38783,-0.71943,-0.16545,0.18011
38784,-0.27516,-0.15940,0.17488
38785,6.76730,-0.06505,0.09684
38786,6.54102,-0.06767,0.09930
38787,9.71320,0.28227,0.31840
38788,-0.07086,0.01413,0.85945
38789,-1.77703,0.14427,0.77341
38790,11.97887,0.37020,0.37977
38791,-3.07071,0.10172,0.13645
38792,2.01998,0.06584,0.51935
38793,1.58298,-0.10722,0.83213
38794,-10.40008,-0.29802,0.62775
38795,9.15128,-0.07095,0.83078
38796,0.96347,0.01622,0.53945
38797,-10.10121,-0.31522,0.64142
38798,-3.67058,-0.20154,0.75406
38799,-7.48240,0.05162,0.09131
38800,-7.12338,-0.23029,0.58521
38801,-10.52512,-0.36539,0.38299
38802,-10.70997,-0.36887,0.38425
38803,-11.01735,-0.37314,0.38153
38804,-3.09463,-0.06323,0.31628
38805,6.58979,-0.05177,0.09788
38806,-8.69117,-0.29323,0.49102
38807,2.86422,0.14856,0.25435
38808,0.67443,-0.00430,0.08088
38809,-12.39849,-0.38232,0.55279
38810,-9.89606,-0.32480,0.53918
38811,9.20301,0.19772,0.58644
38812,2.92322,-0.06182,0.86913
38813,-19.10423,0.01618,0.94666
38814,-18.83210,0.01511,0.94875
38815,-16.38463,0.02431,0.93278
38816,-0.84038,0.01079,0.10231
38817,3.91978,-0.04882,0.10223
38818,0.10269,0.00687,0.82917
38819,-6.57918,-0.27722,0.29752
38820,3.03279,-0.02408,0.08744
38821,-14.13133,0.00444,0.01956
38822,8.39453,-0.04792,0.08259
38823,-9.82550,-0.32911,0.49319
38824,-2.88127,-0.11867,0.76868
38825,-2.04352,-0.07733,0.77126
38826,-10.01281,-0.31012,0.64223
38827,-10.75878,-0.36184,0.46163
38828,3.36046,-0.07282,0.12002
38829,-4.53735,-0.14938,0.51786
38830,-2.25138,-0.12073,0.24818
38831,-4.03569,-0.07041,0.42745
38832,-3.73416,-0.06557,0.56598
38833,19.23126,-0.03355,0.89788
38834,3.16519,0.14883,0.76946
38835,0.24165,0.00795,0.50225
38836,-9.21135,-0.18431,0.55353
38837,-9.37745,-0.18926,0.55528
38838,4.52160,-0.11535,0.79463
38839,-4.76312,-0.22982,0.26669
38840,-0.35736,0.06912,0.16273
38841,-0.41521,0.13532,0.16843
38842,-2.13645,-0.14474,0.22499
38843,-8.54591,-0.16070,0.51298
38844,-5.74329,-0.22086,0.35041
38845,-5.54273,-0.21859,0.33580
38846,10.60091,0.24984,0.36853
38847,-8.49926,-0.32304,0.31857
38848,-8.61345,-0.32563,0.32349
38849,2.18101,0.16910,0.73064
38850,2.04791,-0.00669,0.93615
38851,8.38165,0.29114,0.44437
38852,13.62489,-0.00761,0.03118
38853,7.38732,-0.04563,0.09004
38854,-3.02559,0.08795,0.13536
38855,-3.84905,-0.07887,0.62945
38856,1.59780,0.11163,0.19605
38857,1.77921,0.05505,0.68684
38858,6.21155,-0.10335,0.84353
38859,2.69957,0.05973,0.28847
38860,2.94450,0.06151,0.30600
38861,-0.01199,-0.10881,0.17169
38862,-10.95354,-0.23349,0.42246
38863,-10.95983,-0.23027,0.43489
38864,-9.54702,-0.21525,0.36114
38865,-1.42304,-0.06521,0.27445
38866,-1.47478,-0.06976,0.26783
38867,-13.18575,0.00403,0.02322
38868,10.35168,0.34148,0.51613
38869,-2.63527,-0.17109,0.22876
38870,-11.40462,-0.29846,0.36409
38871,-0.25925,0.06285,0.84411
38872,-10.80383,-0.22874,0.42166
38873,3.56327,-0.00822,0.94259
38874,1.07836,0.17536,0.18568
38875,-11.15693,-0.36168,0.53263
38876,-4.11509,-0.21868,0.24990
38877,-1.72420,-0.16770,0.20458
38878,-1.05738,-0.15424,0.19280
38879,-1.73098,-0.04111,0.66638
38880,-6.10027,0.07273,0.87068
38881,-3.09956,0.03617,0.09953
38882,-1.30588,-0.09574,0.21762
38883,5.61316,-0.05405,0.09455
38884,-4.58056,-0.09142,0.33533
38885,6.12323,0.18267,0.26671
38886,5.15354,0.16874,0.24967
38887,-7.60883,-0.28729,0.35881
38888,-1.24386,-0.02153,0.41356
38889,0.71742,0.08786,0.18503
38890,-11.19166,0.01604,0.94306
38891,-2.69015,0.05661,0.87177
38892,7.31936,0.26639,0.69480
38893,7.81870,0.27691,0.68538
38894,0.06653,0.00974,0.18804
38895,5.89841,0.26674,0.25871
38896,13.16992,-0.00462,0.02487
38897,0.47787,-0.09784,0.16546
38898,6.09578,-0.02334,0.06578
38899,1.08232,0.09182,0.20895
38900,1.03135,0.09376,0.20578
38901,9.07442,0.28288,0.65421
38902,-7.54764,-0.14566,0.39909
38903,-2.91322,-0.18562,0.20682
38904,3.03687,0.09619,0.57940
38905,3.43059,0.10865,0.58439
38906,-12.49441,-0.33851,0.38986
38907,0.93500,-0.13970,0.16050
38908,9.62808,0.19403,0.42095
38909,15.00622,-0.02267,0.89530
38910,1.99771,0.06313,0.57750
38911,2.73622,0.04676,0.45139
38912,-0.25731,0.00022,0.04602
38913,2.00252,0.09936,0.71477
38914,-13.74495,0.06305,0.88042
38915,-10.95030,0.00326,0.01896
38916,-0.00560,-0.00257,0.17682
38917,-1.90724,-0.03657,0.33611
38918,13.51891,-0.01193,0.03554
38919,6.06356,0.19403,0.60262
38920,1.38293,0.05106,0.36624
38921,1.50367,0.05649,0.35352
38922,0.50290,0.15202,0.79649
38923,-5.18165,0.11648,0.83033
38924,-3.39648,-0.05999,0.57390
38925,2.36727,-0.13781,0.81234
38926,-6.28483,-0.21751,0.69859
38927,9.00009,0.32308,0.39388
38928,6.16860,0.25263,0.71028
38929,5.26259,0.23868,0.72292
38930,-0.80468,-0.11074,0.81242
38931,-3.01339,-0.10714,0.40430
38932,-2.82413,-0.09963,0.41195
38933,6.84640,0.24250,0.42084
38934,7.58892,0.26759,0.68130
38935,12.95641,0.37837,0.55481
38936,14.57660,-0.00566,0.02471
38937,14.24114,-0.00752,0.02912
38938,3.47403,-0.03099,0.09127
38939,1.35365,-0.07029,0.14299
38940,5.58173,0.26218,0.25795
38941,8.86712,0.32836,0.31897
38942,-1.61722,-0.12806,0.21401
38943,-0.60598,-0.11873,0.18725
38944,-0.02585,-0.10977,0.17484
38945,-2.06230,0.00416,0.04912
38946,-7.20723,-0.28265,0.33394
38947,-3.04912,0.02457,0.90650
38948,9.92874,-0.00544,0.03390
38949,-12.98178,-0.40229,0.47567
38950,-1.71926,0.15021,0.77547
38951,11.80486,0.26511,0.42116
38952,7.31778,0.13529,0.43307
38953,7.04836,0.13158,0.41503
38954,-7.86242,-0.18325,0.62333
38955,-8.76935,-0.19336,0.60023
38956,-3.56038,0.00555,0.88602
38957,-2.40286,0.00844,0.85078
38958,-4.32549,-0.14983,0.72517
38959,3.32630,0.06735,0.32266
38960,13.19273,0.40162,0.46628
38961,13.31892,0.40139,0.47590
38962,13.24596,0.35405,0.42146
38963,-25.49935,0.01679,0.94444
38964,-0.12838,0.11989,0.17225
38965,-1.99646,-0.03441,0.42273
38966,9.09589,0.33382,0.32703
38967,11.19682,0.24276,0.54551
38968,6.51755,0.22703,0.69776
38969,-13.51173,-0.36081,0.43613
38970,13.20325,0.38956,0.53272
38971,-3.36910,-0.12917,0.22655
38972,-4.09807,-0.09810,0.27954
38973,-4.41723,-0.10440,0.28477
38974,-2.24887,-0.07496,0.22936
38975,-1.03559,0.08700,0.15790
38976,10.93412,0.23235,0.42380
38977,11.15211,0.23761,0.43094
38978,-2.24230,-0.04392,0.32687
38979,-2.50479,-0.04888,0.32923
38980,12.32606,0.36622,0.57996
38981,2.03849,0.11435,0.20356
38982,5.89843,-0.04930,0.08994
38983,7.92973,-0.01580,0.87859
38984,-7.30529,0.00842,0.04995
38985,-8.50053,0.00434,0.03320
38986,0.94504,0.17085,0.18713
38987,-9.57220,-0.32151,0.49156
38988,34.26759,-0.00460,0.97127
38989,-3.32503,-0.10548,0.58074
38990,-2.79784,-0.08832,0.58632
38991,-3.64161,0.12061,0.82741
38992,1.18180,0.01995,0.52260
38993,1.38961,0.02349,0.51254
38994,-4.39278,0.12425,0.79604
38995,-5.97805,-0.26731,0.25836
38996,6.08068,-0.03655,0.07933
38997,-1.76346,-0.06982,0.70599
38998,2.32738,0.06152,0.67673
38999,-4.76547,-0.16201,0.71382
39000,-2.66731,-0.13644,0.20993
39001,10.95906,0.34498,0.61226
39002,0.76315,-0.00786,0.80561
39003,1.43693,-0.00685,0.83795
39004,7.86364,-0.00278,0.94135
39005,7.67789,-0.00437,0.92649
39006,8.02459,-0.05208,0.08472
39007,3.13190,-0.11086,0.13556
39008,-6.88055,0.05968,0.88374
39009,-14.99820,0.02243,0.93513
39010,-8.50599,-0.28201,0.52611
39011,-0.74679,0.00735,0.09356
39012,1.93870,0.08821,0.27678
39013,3.18923,0.15822,0.26223
39014,3.10164,0.15937,0.25618
39015,-31.38024,0.00626,0.96356
39016,-0.09592,0.00231,0.12048
39017,-0.26869,-0.01137,0.80001
39018,-0.54413,-0.03023,0.81767
39019,-8.83334,-0.28735,0.57874
39020,-11.32131,-0.28013,0.58802
39021,2.09549,0.09721,0.21100
39022,-8.58241,-0.17579,0.57955
39023,1.70220,0.18802,0.19562
39024,5.21433,0.24967,0.24392
39025,-1.70901,-0.03601,0.29776
39026,-1.94107,-0.03840,0.32156
39027,-1.57702,-0.03278,0.30134
39028,-4.98846,-0.17284,0.24465
39029,-2.63856,-0.13056,0.26162
39030,-2.36461,0.01014,0.09046
39031,0.64467,-0.02560,0.13544
39032,-0.35456,0.00814,0.88836
39033,-0.06864,0.02233,0.85581
39034,0.69521,0.02630,0.78437
39035,0.84730,0.03319,0.78840
39036,6.07678,0.21518,0.70719
39037,6.16901,0.21442,0.70152
39038,6.61154,0.22693,0.69216
39039,0.42401,0.11989,0.18315
39040,6.98624,0.25306,0.26649
39041,1.45280,0.04403,0.23511
39042,-13.03152,-0.39673,0.51685
39043,-13.28963,-0.37489,0.54571
39044,-3.47402,-0.17946,0.21567
39045,-0.84525,0.00685,0.91374
39046,5.33679,-0.00553,0.03592
39047,11.53169,0.35413,0.60137
39048,1.66623,-0.07779,0.14077
39049,-0.16137,0.11982,0.17173
39050,-1.68688,0.09711,0.14587
39051,3.06853,-0.00266,0.04561
39052,3.04793,-0.00177,0.03751
39053,1.51956,-0.12744,0.15320
39054,0.29604,0.00535,0.58893
39055,-3.81290,-0.12126,0.58168
39056,-3.26073,0.09424,0.13419
39057,0.18341,0.00607,0.49874
39058,3.83441,0.13286,0.43541
39059,0.55771,0.04826,0.18986
39060,-3.46020,0.10040,0.84310
39061,-5.01833,0.08559,0.85795
39062,-12.52319,-0.35701,0.38911
39063,-9.74960,-0.34910,0.36935
39064,11.29803,0.35484,0.59558
39065,-7.68667,-0.23645,0.28273
39066,-7.59597,-0.23212,0.28193
39067,-5.15870,-0.24287,0.27047
39068,4.98214,0.16427,0.51572
39069,-9.41127,-0.30662,0.62963
39070,1.65952,0.18213,0.74372
39071,0.28198,-0.00355,0.90323
39072,0.37570,-0.00275,0.91708
39073,-0.98645,-0.16904,0.18341
39074,9.48084,0.31199,0.53661
39075,-2.60717,0.05658,0.11930
39076,-1.91343,0.05588,0.12782
39077,9.43025,0.32831,0.43124
39078,-10.77791,-0.26208,0.36411
39079,-13.83178,-0.36983,0.46539
39080,0.22209,-0.00969,0.13819
39081,11.31898,0.36598,0.36617
39082,11.84511,0.37359,0.38034
39083,-3.08799,-0.09604,0.64729
39084,0.99532,0.14372,0.19306
39085,-12.14034,-0.39375,0.43375
39086,-9.85430,-0.35038,0.34844
39087,-10.06651,-0.35505,0.35618
39088,-1.66283,-0.07472,0.79212
39089,-9.48646,0.03644,0.06846
39090,4.95024,0.19407,0.33772
39091,-2.91491,0.05116,0.78994
39092,-8.07385,-0.26944,0.51236
39093,-7.82907,-0.28267,0.39990
39094,-5.65485,-0.17962,0.25701
39095,-10.24321,-0.21881,0.39949
39096,13.80314,-0.01003,0.03323
39097,-12.98545,-0.40240,0.46550
39098,-4.86874,-0.18204,0.36740
39099,3.24058,-0.10811,0.13384
39100,-3.02112,-0.05088,0.48592
39101,-2.68712,-0.08667,0.54200
39102,-2.57459,-0.08547,0.49158
39103,3.47147,0.17341,0.21595
39104,-0.27818,-0.01359,0.71753
39105,-3.31712,0.12987,0.78611
39106,-4.72431,0.12038,0.79808
39107,3.07367,-0.07873,0.12511
39108,9.21476,0.30027,0.62878
39109,0.53517,-0.00082,0.95519
39110,6.91306,0.12444,0.46752
39111,-1.38292,0.01141,0.08842
39112,9.13129,0.21001,0.34733
39113,0.57013,0.13204,0.18535
39114,15.67732,-0.05847,0.88015
39115,8.66355,-0.02258,0.05608
39116,7.28936,-0.02632,0.06455
39117,7.47774,-0.02323,0.06054
39118,-4.79395,-0.19059,0.33056
39119,10.52224,0.24289,0.37294
39120,-7.47819,0.01601,0.05088
39121,4.96392,-0.01588,0.93093
39122,8.44574,-0.00143,0.98221
39123,9.16849,-0.00094,0.98642
39124,-12.49814,0.01662,0.04320
39125,2.54146,-0.06272,0.12334
39126,-1.19111,-0.15339,0.19583
39127,0.03492,0.02064,0.85043
39128,-2.76221,-0.19565,0.20576
39129,3.27696,0.10644,0.53125
39130,7.75025,0.26354,0.27933
39131,11.21642,0.26909,0.58270
39132,-5.97372,-0.19701,0.68171
39133,10.27670,0.21509,0.55301
39134,3.36950,0.06385,0.35154
39135,-2.93786,0.01013,0.06259
39136,-3.42328,0.00812,0.05310
39137,-3.04653,0.01184,0.06582
39138,-3.01301,-0.18865,0.20819
39139,7.64474,-0.04507,0.08790
39140,8.29272,-0.03914,0.08137
39141,-21.62769,0.00496,0.95497
39142,-9.47615,0.03070,0.86070
39143,-6.89937,-0.12491,0.45147
39144,14.78855,-0.05501,0.86904
39145,-11.07464,0.02508,0.05839
39146,-12.47993,-0.35002,0.38715
39147,9.86507,-0.00967,0.03472
39148,9.82606,-0.00902,0.03366
39149,9.74229,-0.00871,0.03340
39150,8.76951,-0.01429,0.04500
39151,-0.04293,0.00946,0.85958
39152,3.50076,-0.01205,0.93191
39153,3.03666,-0.00046,0.98489
39154,12.83179,-0.01276,0.03696
39155,-13.88882,0.00868,0.03147
39156,0.90937,-0.08337,0.84140
39157,-0.52182,0.00200,0.06556
39158,9.01219,-0.02982,0.91953
39159,-7.02255,0.00432,0.03756
39160,-8.04959,-0.16120,0.38490
39161,-7.47967,-0.15351,0.36205
39162,7.22108,0.26837,0.37356
39163,6.62550,0.21491,0.56592
39164,8.70780,0.30486,0.43096
39165,-12.93694,-0.37190,0.40682
39166,-6.09561,-0.21272,0.43816
39167,14.13679,-0.00849,0.02873
39168,13.09490,0.39363,0.52606
39169,-11.36188,0.05703,0.84879
39170,-7.84560,0.07382,0.82154
39171,-6.08149,0.06293,0.81301
39172,-10.82156,-0.31315,0.62172
39173,3.99196,0.22334,0.22411
39174,-0.46067,0.00496,0.09650
39175,18.12156,-0.03630,0.89163
39176,7.24930,0.13329,0.43910
39177,0.11753,0.00478,0.30822
39178,10.03363,-0.00776,0.95913
39179,4.03313,0.22114,0.24405
39180,1.80972,-0.07007,0.85633
39181,-2.50941,-0.18968,0.21633
39182,6.88251,0.28901,0.28633
39183,-2.04306,-0.16142,0.19600
39184,-3.11019,-0.17543,0.21015
39185,-2.80168,0.11412,0.13992
39186,1.10776,-0.13284,0.15840
39187,4.38714,0.12549,0.25625
39188,0.66362,0.01656,0.67393
39189,0.89872,0.01874,0.64430
39190,-9.11394,-0.29688,0.57145
39191,-9.19298,-0.30799,0.50084
39192,-13.30710,-0.33721,0.43394
39193,-13.51759,-0.33860,0.45356
39194,-1.17775,-0.02051,0.57854
39195,-20.42786,0.01954,0.94083
39196,-16.57880,0.03443,0.91819
39197,1.90264,-0.07484,0.85387
39198,8.55186,0.29006,0.48076
39199,-10.55904,-0.31290,0.62903
39200,0.21512,-0.00819,0.13439
39201,13.72880,0.38990,0.46673
39202,6.66401,-0.06647,0.09839
39203,11.80827,0.27540,0.40285
39204,0.00851,0.00026,0.78302
39205,0.41634,0.13081,0.74425
39206,11.47584,-0.01072,0.04164
39207,12.37541,-0.00677,0.03168
39208,9.97445,0.31448,0.64369
39209,0.39734,0.03692,0.18996
39210,0.85026,0.04164,0.20624
39211,3.74025,0.22004,0.22095
39212,-0.94674,0.07850,0.15208
39213,-0.99380,0.08019,0.15166
39214,-11.44677,-0.33306,0.60985
39215,-9.12699,-0.33536,0.32915
39216,-5.67740,0.07783,0.10852
39217,-7.02689,0.06245,0.09480
39218,-3.62828,-0.13006,0.23215
39219,1.43343,-0.00217,0.05989
39220,9.40703,0.18820,0.41876
39221,8.11056,-0.03079,0.91678
39222,3.78648,0.22635,0.22819
39223,-5.16576,0.08056,0.11130
39224,-4.77870,0.08617,0.11591
39225,-3.83358,0.09866,0.12647
39226,0.22890,0.01746,0.21162
39227,11.91802,0.31019,0.58541
39228,-1.69486,-0.09679,0.23913
39229,-7.26211,0.00088,0.98526
39230,-0.25604,0.04862,0.16198
39231,11.65119,0.38558,0.41162
39232,12.20679,0.31078,0.57395
39233,-11.28395,0.07748,0.86503
39234,-9.64615,0.08720,0.85568
39235,7.14174,-0.01852,0.06942
39236,7.42044,-0.01574,0.06401
39237,1.96070,-0.02463,0.12464
39238,1.69064,-0.02833,0.13269
39239,14.90497,-0.02852,0.92641
39240,17.65795,-0.01868,0.94228
39241,-0.44494,-0.02122,0.26496
39242,0.13604,0.00287,0.30672
39243,30.15521,-0.00558,0.97113
39244,-0.51549,0.12120,0.16481
39245,3.45821,0.13851,0.75840
39246,2.47205,0.04440,0.38379
39247,-11.29324,-0.34620,0.61205
39248,11.17058,0.23463,0.44498
39249,1.66704,-0.10659,0.15111
39250,-12.51705,-0.29631,0.42329
39251,-12.56264,-0.29414,0.43083
39252,-0.12353,0.04323,0.17219
39253,6.45450,0.27865,0.26949
39254,-7.30978,0.04178,0.08817
39255,2.94099,0.09142,0.63866
39256,2.70224,0.08399,0.63018
39257,5.31879,-0.03193,0.07891
39258,13.01596,0.39805,0.43956
39259,2.15774,-0.09301,0.14504
39260,-4.73331,-0.15649,0.51103
39261,-4.78008,-0.19230,0.32496
39262,-10.22723,-0.32091,0.32741
39263,4.28974,0.15153,0.23731
39264,2.26629,-0.04377,0.11542
39265,6.83804,0.24968,0.39011
39266,-4.32575,-0.14110,0.24352
39267,0.16818,-0.08855,0.83180
39268,5.39420,-0.02249,0.06796
39269,5.04317,-0.02414,0.07186
39270,7.04198,-0.08217,0.81466
39271,19.30884,-0.02340,0.90780
39272,24.16143,-0.01221,0.93728
39273,6.09423,0.17278,0.27159
39274,6.46146,-0.10972,0.81327
39275,0.37865,-0.11003,0.16738
39276,7.70708,0.25470,0.52927
39277,5.07066,-0.08363,0.79912
39278,-12.65529,-0.29524,0.52916
39279,0.80085,-0.00532,0.08207
39280,-7.71011,0.05381,0.08650
39281,-3.05466,0.11151,0.13618
39282,12.04530,0.33393,0.59116
39283,-1.75447,-0.06664,0.22009
39284,-0.48331,-0.04817,0.18885
39285,6.72937,0.26685,0.32966
39286,13.23154,0.34409,0.54239
39287,13.53840,0.35035,0.52336
39288,-2.96636,0.00667,0.07024
39289,4.45401,-0.00447,0.04868
39290,4.54531,-0.00326,0.04128
39291,7.69762,0.25589,0.66454
39292,-1.37059,0.02438,0.13483
39293,-0.14236,-0.00453,0.56164
39294,1.86913,0.05934,0.56319
39295,-9.21113,-0.33836,0.34210
39296,0.46093,-0.11672,0.82075
39297,-12.42821,0.01780,0.04631
39298,1.34787,-0.01160,0.11323
39299,5.43972,0.09471,0.49326
39300,-7.41569,0.00793,0.03626
39301,11.56965,0.32095,0.36155
39302,1.13066,-0.08968,0.15176
39303,7.99237,-0.02068,0.05568
39304,-7.61534,-0.28033,0.27794
39305,-0.57514,-0.01750,0.69432
39306,-11.29631,-0.33037,0.35218
39307,-1.52312,0.12993,0.15348
39308,-1.03766,0.05580,0.85842
39309,1.59932,0.09796,0.80180
39310,1.37032,0.09934,0.80649
39311,7.54597,-0.03121,0.08105
39312,-0.56173,-0.08900,0.18969
39313,3.16320,-0.00223,0.02958
39314,-8.24353,-0.26729,0.59617
39315,3.33525,0.20597,0.23125
39316,-5.87364,0.07515,0.10721
39317,7.13358,-0.03011,0.06894
39318,2.88229,-0.02142,0.08514
39319,6.10628,0.19859,0.25945
39320,5.85622,0.11270,0.59399
39321,6.12968,0.10823,0.47965
39322,4.24363,0.15284,0.73502
39323,1.95413,0.08641,0.78684
39324,-11.05156,0.02545,0.05776
39325,6.59909,0.23441,0.70097
39326,-13.69296,-0.39508,0.49193
39327,-13.65193,-0.39716,0.48016
39328,-12.17108,-0.32348,0.58330
39329,8.94887,0.27938,0.65528
39330,7.66082,0.26209,0.67595
39331,-7.72209,-0.14112,0.48879
39332,7.43347,0.25774,0.44806
39333,-6.92311,-0.23528,0.47793
39334,2.88039,-0.09898,0.13400
39335,0.81093,0.05111,0.81802
39336,-13.45354,-0.38132,0.53388
39337,10.35526,0.30264,0.63061
39338,11.32861,0.32097,0.60985
39339,-7.08522,0.03829,0.08763
39340,-7.40479,0.03699,0.08491
39341,-10.21639,0.02037,0.05793
39342,8.92302,-0.04449,0.90219
39343,-6.11907,0.00712,0.03788
39344,12.22562,0.32472,0.38360
39345,8.73524,0.29876,0.29806
39346,-6.84372,0.05667,0.82178
39347,-7.21473,-0.25100,0.44440
39348,-7.02145,-0.24776,0.42651
39349,-8.72691,-0.32812,0.32856
39350,-0.75488,0.10359,0.16023
39351,0.12318,0.00432,0.77472
39352,-0.07611,-0.00333,0.80200
39353,-5.75321,-0.13620,0.64434
39354,-10.10378,-0.32655,0.58522
39355,0.92737,0.03078,0.48656
39356,-4.38399,-0.12777,0.25430
39357,3.98021,0.14706,0.69644
39358,0.37337,0.00654,0.57565
39359,0.07915,0.00437,0.82158
39360,0.23257,-0.07544,0.74757
39361,5.78830,0.23247,0.32607
39362,8.75476,0.32737,0.32104
39363,-4.34134,-0.21771,0.26020
39364,-3.19226,-0.19692,0.23285
39365,17.14993,-0.00729,0.93720
39366,19.83425,-0.00311,0.96245
39367,0.45766,0.01884,0.21310
39368,3.13126,-0.00748,0.05383
39369,-6.32276,0.01583,0.05474
39370,-13.30571,0.00688,0.02551
39371,10.86214,-0.02401,0.05786
39372,-29.52222,0.00732,0.95700
39373,14.05676,-0.00689,0.02580
39374,13.52230,-0.00940,0.03095
39375,-1.94143,0.00647,0.06155
39376,-3.75269,-0.21213,0.74772
39377,-2.74554,-0.19623,0.76142
39378,-3.27518,0.01181,0.06394
39379,-2.30220,0.11094,0.83240
39380,6.75063,0.25441,0.70515
39381,-12.62538,0.00448,0.02578
39382,-11.82599,0.00766,0.03539
39383,1.40461,0.04884,0.22372
39384,1.49098,-0.07616,0.14277
39385,1.84496,-0.07236,0.13640
39386,-2.99384,-0.09363,0.67916
39387,3.80582,0.17016,0.75764
39388,-10.12266,-0.32600,0.63615
39389,-11.79425,-0.37833,0.38434
39390,0.15665,0.01247,0.72745
39391,5.17267,-0.04050,0.10285
39392,10.96221,0.33420,0.62192
39393,-3.15086,-0.06189,0.33132
39394,5.47717,0.17415,0.63546
39395,-13.83307,-0.36349,0.49962
39396,-13.83454,-0.36051,0.49349
39397,-13.12747,-0.40035,0.50028
39398,-13.09763,-0.40205,0.48502
39399,3.87451,0.18096,0.22145
39400,-2.95092,-0.09171,0.66187
39401,-23.69354,0.01998,0.92384
39402,-26.77535,0.01246,0.94152
39403,-29.57329,0.00775,0.95621
39404,-0.95561,-0.02137,0.27999
39405,5.71345,0.19324,0.69863
39406,12.93277,-0.01038,0.03719
39407,0.51537,-0.08372,0.16150
39408,-1.29339,-0.11803,0.20664
39409,-1.19005,-0.11268,0.20500
39410,2.99953,0.06320,0.30663
39411,2.16960,0.06142,0.24446
39412,-4.62168,-0.20758,0.74243
39413,4.08938,-0.06690,0.11138
39414,0.98161,0.09578,0.20297
39415,-13.22390,-0.31754,0.51232
39416,6.44255,-0.06852,0.09991
39417,4.93743,-0.08673,0.11573
39418,-2.08719,-0.12319,0.23690
39419,-2.46033,-0.13150,0.24947
39420,-2.57912,0.14022,0.80930
39421,12.91480,0.29924,0.46187
39422,8.69452,-0.04490,0.07961
39423,-1.59225,0.04746,0.14364
39424,8.95138,-0.01634,0.04728
39425,9.81522,-0.02018,0.93438
39426,9.49430,-0.01777,0.93779
39427,-5.45831,0.00196,0.02866
39428,-2.13624,-0.19592,0.20138
39429,-5.20382,-0.25434,0.24880
39430,-10.69544,-0.35580,0.48796
39431,5.12855,0.19569,0.35367
39432,-5.93086,0.06202,0.10536
39433,20.12320,-0.01232,0.92855
39434,-9.47720,-0.18716,0.53516
39435,10.76634,0.36505,0.36457
39436,10.16530,0.20197,0.51451
39437,0.15327,0.00646,0.29606
39438,-8.42893,0.04885,0.08227
39439,-4.42437,-0.14231,0.56264
39440,-1.48392,0.09071,0.14709
39441,7.74985,0.14519,0.54583
39442,6.55774,0.11944,0.54774
39443,-1.42384,-0.10407,0.21812
39444,-8.12145,0.05180,0.08538
39445,14.48386,-0.00846,0.02902
39446,13.01999,-0.01317,0.03743
39447,11.57171,-0.01377,0.03936
39448,10.31696,-0.02298,0.05308
39449,-8.30778,-0.18529,0.60900
39450,7.46525,0.28611,0.27808
39451,3.68396,0.10419,0.67855
39452,4.87728,0.09838,0.61879
39453,16.20380,-0.01255,0.91799
39454,0.39265,-0.04085,0.15517
39455,3.57286,-0.01469,0.84510
39456,-8.16078,-0.15081,0.48458
39457,5.43894,-0.00439,0.04446
39458,0.37630,0.01344,0.39073
39459,6.93316,-0.05574,0.08950
39460,-7.91533,0.02209,0.05799
39461,-6.89277,-0.28847,0.29254
39462,-2.32934,-0.08418,0.38644
39463,-11.31060,0.00041,0.99224
39464,-7.19270,0.00862,0.95295
39465,-8.32965,0.00562,0.96347
39466,-13.48802,-0.37645,0.43378
39467,7.68621,0.18027,0.62788
39468,1.86630,-0.07752,0.13778
39469,0.15790,0.01164,0.21310
39470,0.07587,0.00738,0.19928
39471,6.38005,0.18851,0.27032
39472,7.03226,0.19607,0.28372
39473,5.00285,0.21371,0.70428
39474,-11.49068,-0.37809,0.38430
39475,-6.50168,-0.28043,0.28308
39476,-7.10945,-0.29347,0.29549
39477,-6.94591,-0.29021,0.29051
39478,-8.03055,-0.26383,0.28447
39479,13.74456,0.37815,0.51225
39480,7.67918,0.29751,0.33591
39481,5.63766,0.25227,0.28250
39482,-3.10672,0.02805,0.09124
39483,1.34704,0.11858,0.20818
39484,6.05146,0.24553,0.70266
39485,0.24609,0.00889,0.37831
39486,11.08166,0.37593,0.40360
39487,-12.81380,-0.30132,0.44128
39488,7.62357,-0.05588,0.08829
39489,-8.29182,-0.26881,0.60103
39490,-6.99789,0.05220,0.08743
39491,-7.25239,0.02815,0.06632
39492,-5.92655,0.05403,0.09248
39493,-12.84990,-0.29740,0.45766
39494,-12.62771,-0.29450,0.43620
39495,6.29554,-0.00356,0.03594
39496,6.93988,-0.00266,0.02915
39497,12.34017,0.38355,0.54461
39498,-4.14935,-0.08946,0.30431
39499,7.24503,0.27864,0.27320
39500,0.72336,-0.07744,0.15610
39501,-9.21418,0.03972,0.07468
39502,-10.46199,0.03082,0.06277
39503,-3.45585,-0.21333,0.21611
39504,0.15685,0.00486,0.72348
39505,-0.16311,-0.00600,0.77879
39506,4.97426,0.23320,0.27279
39507,9.79540,-0.09084,0.84128
39508,-0.51635,-0.02618,0.81333
39509,13.40060,0.33711,0.44461
39510,4.55373,0.15011,0.51359
39511,-22.86420,0.02661,0.92554
39512,-0.22240,-0.12459,0.17882
39513,-2.44232,-0.16404,0.22594
39514,-8.95051,-0.29519,0.64733
39515,-2.48079,-0.04279,0.42234
39516,13.79514,0.38921,0.47984
39517,-0.54123,-0.01722,0.55957
39518,13.19930,0.38565,0.53911
39519,-21.94587,0.00111,0.98902
39520,1.62793,-0.00108,0.04077
39521,1.78567,-0.00166,0.04816
39522,6.34597,0.27041,0.29470
39523,-6.02487,-0.10765,0.44616
39524,-4.05837,-0.08958,0.29901
39525,10.85899,0.24952,0.57891
39526,-4.75530,-0.24575,0.24361
39527,-12.35666,0.07397,0.85448
39528,-10.40253,0.08583,0.84193
39529,-8.77515,0.09529,0.83019
39530,-2.53218,-0.19046,0.20260
39531,2.73513,-0.09277,0.13927
39532,0.32440,0.02034,0.22702
39533,3.67765,0.12646,0.23497
39534,0.17013,0.00288,0.56430
39535,-4.70076,-0.18730,0.73949
39536,-0.35693,-0.00699,0.62821
39537,11.74641,0.37219,0.55073
39538,-0.72907,0.01404,0.11465
39539,-2.89157,-0.11497,0.70263
39540,-3.91011,0.08468,0.12085
39541,1.14183,-0.00498,0.84184
39542,-2.41379,0.11248,0.14379
39543,-1.09863,0.11282,0.15786
39544,0.60836,-0.00365,0.92237
39545,-4.75739,0.06777,0.10752
39546,10.08931,0.19893,0.50410
39547,-4.74463,0.05456,0.10012
39548,-1.36992,0.00726,0.09796
39549,-2.54309,0.00146,0.03722
39550,8.52600,0.16058,0.51792
39551,-10.27922,-0.35994,0.38889
39552,-10.62240,-0.36667,0.40275
39553,-10.27334,-0.35790,0.40560
39554,8.36410,0.28966,0.67548
39555,1.85348,0.11993,0.22753
39556,-3.93859,-0.18946,0.22137
39557,-0.66797,0.00333,0.09610
39558,-5.14826,-0.22770,0.70945
39559,0.25117,0.15783,0.17482
39560,-11.31640,-0.37188,0.49210
39561,-12.24270,-0.39040,0.50220
39562,-21.49449,0.01749,0.94427
39563,7.48841,-0.00497,0.03885
39564,-0.30452,0.00528,0.78757
39565,-1.15620,0.00746,0.82350
39566,-1.02179,0.01020,0.80572
39567,-7.20505,-0.25592,0.68319
39568,-7.97051,-0.26836,0.67294
39569,-0.11749,0.02563,0.16277
39570,-9.59125,-0.34230,0.38732
39571,-4.75517,-0.08192,0.51357
39572,31.84472,-0.00780,0.96275
39573,9.98769,0.33728,0.47451
39574,-2.39802,0.00120,0.92983
39575,-7.42830,0.01842,0.05456
39576,8.02894,0.30822,0.29624
39577,-0.87356,-0.06444,0.81904
39578,12.98192,0.39984,0.49552
39579,-7.58188,-0.22844,0.28277
39580,-2.42536,-0.15320,0.20278
39581,-2.16035,-0.14711,0.19952
39582,0.22954,-0.15428,0.17048
39583,2.16418,0.09282,0.21479
39584,-2.55938,-0.10404,0.77213
39585,-2.76051,-0.10620,0.76389
39586,-8.15172,-0.29871,0.38187
39587,-9.42716,-0.32417,0.45131
39588,-0.03440,-0.15921,0.17293
39589,-5.67771,-0.26221,0.25419
39590,6.43503,0.15054,0.63857
39591,4.10154,0.12918,0.68477
39592,4.50302,0.22808,0.72671
39593,1.51803,-0.01430,0.90763
39594,1.18540,-0.01785,0.89536
39595,2.24202,-0.00549,0.94302
39596,3.65269,0.06632,0.38405
39597,2.05666,0.13223,0.19977
39598,-14.95529,0.01911,0.94032
39599,-17.28632,0.01165,0.95523
39600,-17.36676,0.00930,0.95988
39601,0.36839,0.04874,0.19206
39602,-13.09460,-0.31210,0.51705
39603,10.52879,0.27230,0.61041
39604,-3.74821,-0.21684,0.74290
39605,-11.83710,-0.30366,0.58523
39606,-13.55917,0.00722,0.02660
39607,4.54696,-0.12238,0.79712
39608,2.75824,0.08882,0.71671
39609,3.03035,0.09807,0.71578
39610,1.01749,-0.01690,0.13286
39611,9.77089,0.31761,0.57002
39612,-4.13943,-0.19941,0.26893
39613,-27.47363,0.01568,0.94343
39614,-7.56470,0.05227,0.09080
39615,-6.15186,0.06602,0.10463
39616,-13.28746,0.01253,0.03923
39617,-9.34621,0.00172,0.95749
39618,-0.94507,0.14988,0.76513
39619,-5.28372,0.12004,0.82507
39620,-1.08900,0.02324,0.11795
39621,-1.29648,0.01948,0.10709
39622,13.62443,-0.01822,0.94121
39623,-2.75792,-0.10184,0.37011
39624,1.22515,0.02574,0.64463
39625,-4.84182,-0.08471,0.43964
39626,13.51972,0.33647,0.50912
39627,-0.20418,0.00024,0.95834
39628,-8.16666,-0.26481,0.59617
39629,-4.84810,0.00338,0.04120
39630,2.92356,-0.02180,0.81933
39631,1.02177,0.02510,0.66963
39632,11.10575,0.35986,0.35809
39633,-1.33902,-0.06761,0.25555
39634,-4.04047,0.01425,0.92991
39635,-4.21344,0.01038,0.93956
39636,-8.16699,-0.27020,0.65463
39637,8.33636,-0.04474,0.08287
39638,-6.73664,0.06502,0.09699
39639,-30.94176,0.00880,0.95639
39640,6.58094,-0.02725,0.08304
39641,2.28990,0.07412,0.53240
39642,9.37147,0.30416,0.62042
39643,9.71208,0.31413,0.60426
39644,9.90103,0.19866,0.43306
39645,8.49361,0.27693,0.29258
39646,2.54567,-0.02093,0.08835
39647,-7.08986,-0.29028,0.30510
39648,-6.53641,-0.27742,0.29403
39649,-13.18222,0.05150,0.89671
39650,-11.84725,0.06178,0.88487
39651,-15.82626,0.02934,0.92527
39652,-9.68375,-0.19256,0.53455
39653,-5.82699,-0.14020,0.64657
39654,-6.26055,0.05109,0.09934
39655,3.70600,0.20510,0.24502
39656,4.13768,0.09133,0.64437
39657,-6.37667,-0.26536,0.30670
39658,4.30733,-0.12544,0.82230
39659,-9.13638,-0.32622,0.31416
39660,-9.16155,-0.32505,0.31341
39661,14.49335,-0.00675,0.02681
39662,-3.55493,0.06092,0.11277
39663,8.28650,-0.00969,0.04943
39664,6.35389,-0.02077,0.07685
39665,-4.88844,-0.18167,0.23950
39666,-6.37476,-0.24954,0.69792
39667,0.88901,0.01557,0.39664
39668,-8.44848,-0.29006,0.67291
39669,8.75722,-0.00402,0.03049
39670,6.18634,0.22795,0.25445
39671,3.76615,-0.10196,0.12824
39672,1.03750,-0.14146,0.15986
39673,-2.67250,-0.08381,0.60136
39674,-11.12894,0.00994,0.03424
39675,-0.56336,-0.09718,0.81993
39676,-1.00645,-0.09913,0.81297
39677,8.39220,0.27372,0.56659
39678,7.57283,0.24478,0.62270
39679,7.85914,0.25431,0.61712
39680,6.72144,-0.02529,0.08012
39681,-0.88232,-0.03319,0.35099
39682,10.59182,0.35955,0.35509
39683,-10.43443,-0.22381,0.40205
39684,7.03744,0.27870,0.32808
39685,9.29267,0.33066,0.40041
39686,19.67944,-0.03997,0.90056
39687,-2.50643,0.14913,0.79269
39688,0.27820,-0.00489,0.11280
39689,-6.34024,-0.22194,0.43521
39690,3.52541,0.06041,0.45385
39691,-0.69279,-0.01207,0.40542
39692,-4.42874,-0.23790,0.24218
39693,-4.92337,-0.24823,0.25036
39694,3.53718,-0.06818,0.11639
39695,3.17751,-0.00102,0.01976
39696,0.05730,-0.01357,0.85876
39697,1.03615,-0.02229,0.88613
39698,4.98916,-0.02857,0.07730
39699,4.92888,0.20390,0.31278
39700,5.61750,-0.08261,0.80381
39701,2.25012,0.03781,0.50281
39702,-4.03228,-0.17763,0.29080
39703,-1.78492,-0.05671,0.56605
39704,-1.33931,0.08213,0.15379
39705,7.18192,0.24407,0.68195
39706,3.86022,-0.05821,0.10856
39707,1.36081,0.04611,0.45574
39708,-6.45497,-0.23207,0.40542
39709,2.63513,-0.11725,0.14126
39710,6.28696,0.24235,0.71327
39711,6.79279,0.28641,0.27849
39712,5.84720,-0.00018,0.99366
39713,-7.90905,-0.20983,0.64355
39714,-10.12060,-0.20129,0.51402
39715,-9.83953,-0.19723,0.53648
39716,-8.93424,-0.26121,0.64778
39717,-7.98779,0.04427,0.08454
39718,2.76497,0.14365,0.25387
39719,0.23317,-0.12758,0.17082
39720,8.40749,0.19871,0.32881
39721,11.20035,0.37134,0.37332
39722,10.75221,0.36365,0.36173
39723,2.38253,-0.02817,0.09983
39724,-4.34911,-0.21508,0.26296
39725,-4.67099,-0.15549,0.68578
39726,-4.64809,0.04530,0.10949
39727,-3.71539,0.05310,0.12133
39728,-4.72272,0.01482,0.93175
39729,-3.49962,0.03690,0.89456
39730,-9.63959,-0.32599,0.47762
39731,-9.98263,-0.33163,0.50791
39732,10.95749,0.33035,0.62165
39733,3.70131,0.11599,0.65972
39734,3.60985,-0.10405,0.13053
39735,-1.92946,0.09228,0.14740
39736,14.19317,-0.00502,0.02127
39737,-2.27895,0.07387,0.13160
39738,0.48187,0.06066,0.18464
39739,3.83034,0.18265,0.75696
39740,4.68246,0.08222,0.43586
39741,5.49029,0.24210,0.72017
39742,10.73875,-0.00861,0.04019
39743,-7.34019,0.05484,0.08783
39744,-5.14446,0.05816,0.09921
39745,0.97811,-0.13562,0.16037
39746,-2.88407,-0.16676,0.77254
39747,9.88904,0.32094,0.57302
39748,-5.10686,-0.17288,0.70723
39749,-8.79066,-0.31916,0.38436
39750,11.89391,-0.01541,0.04673
39751,-3.32859,0.01718,0.83437
39752,-2.68207,-0.09080,0.46289
39753,-0.68625,-0.13937,0.80220
39754,-0.48668,-0.12468,0.81029
39755,11.31985,0.23599,0.46761
39756,10.54594,0.21164,0.47198
39757,10.32789,0.20499,0.48973
39758,10.49736,0.21013,0.49819
39759,6.02146,0.21748,0.71155
39760,3.71570,0.20128,0.24817
39761,-11.93976,-0.36367,0.37460
39762,-10.82492,-0.36736,0.43694
39763,5.02773,-0.01801,0.85249
39764,1.22479,-0.13771,0.15782
39765,13.59661,0.36559,0.44238
39766,1.84415,0.18746,0.20032
39767,-5.91415,-0.26295,0.28174
39768,-0.76628,0.05041,0.75943
39769,-4.23857,0.03161,0.82070
39770,-2.51563,0.09747,0.13699
39771,6.04852,-0.05312,0.09177
39772,-1.58873,0.03816,0.87779
39773,6.43958,0.26278,0.25964
39774,-4.99257,-0.15533,0.25284
39775,-9.80023,0.02057,0.05101
39776,4.00452,0.17836,0.28717
39777,2.86892,-0.00409,0.04216
39778,7.11549,0.16129,0.62660
39779,2.31507,0.18579,0.21302
39780,11.72890,0.38734,0.43220
39781,-0.25502,0.00270,0.80013
39782,-0.87934,-0.03848,0.28570
39783,-1.89943,0.08284,0.13914
39784,-1.36768,0.09359,0.14919
39785,-3.37339,0.00665,0.04875
39786,7.77325,0.26219,0.67165
39787,12.69281,0.39701,0.49973
39788,12.40793,0.38736,0.53227
39789,6.40793,-0.05383,0.09083
39790,-5.28667,-0.09939,0.37857
39791,-1.64930,-0.16266,0.19066
39792,0.35770,-0.10538,0.16738
39793,5.97885,-0.00345,0.02658
39794,-0.20936,0.12205,0.81639
39795,-0.88285,0.15929,0.79234
39796,13.08222,-0.01416,0.03972
39797,-6.11512,0.05534,0.09309
39798,-2.59349,-0.04775,0.60410
39799,0.23798,-0.00078,0.06119
39800,0.62928,0.01122,0.37941
39801,0.46295,0.01910,0.70991
39802,2.87884,0.20530,0.20919
39803,0.51678,-0.00536,0.09556
39804,0.35429,-0.00493,0.10499
39805,8.22632,-0.00836,0.95531
39806,7.15044,-0.01028,0.94882
39807,7.99054,-0.00644,0.96052
39808,1.93542,0.06283,0.52585
39809,-10.99644,-0.33362,0.34515
39810,-14.97955,0.00532,0.96979
39811,-3.60828,0.13751,0.79446
39812,-3.37391,-0.17415,0.21468
39813,8.82514,0.17473,0.55920
39814,-1.96569,-0.03425,0.56931
39815,13.35177,0.38045,0.42919
39816,-0.66907,0.12396,0.16356
39817,-6.19566,-0.22828,0.38223
39818,3.55994,-0.04952,0.12149
39819,10.63966,-0.01322,0.94762
39820,-2.53761,0.03052,0.80089
39821,-4.46856,-0.10012,0.29690
39822,-4.15037,-0.09408,0.29159
39823,10.87727,0.36359,0.46881
39824,-4.84071,-0.15620,0.55929
39825,-10.81103,0.02738,0.05981
39826,-7.15325,-0.27049,0.26981
39827,4.10084,0.18383,0.28556
39828,-7.25364,0.07437,0.81726
39829,-6.71799,-0.23999,0.41238
39830,7.53655,0.27007,0.40792
39831,12.27979,0.33300,0.58231
39832,8.69520,0.31322,0.30261
39833,-2.76506,0.03926,0.10578
39834,-1.42821,0.09032,0.84126
39835,0.19322,0.05495,0.83834
39836,-0.00303,-0.00047,0.17812
39837,-5.84885,-0.24626,0.30510
39838,4.72256,0.23121,0.72441
39839,7.68946,0.27423,0.68336
39840,-25.45815,0.00435,0.97521
39841,-13.37571,-0.39457,0.51888
39842,-13.52239,-0.40023,0.48194
39843,-1.55870,-0.13792,0.79541
39844,-0.30248,-0.01853,0.82428
39845,-0.29703,0.00410,0.10406
39846,3.98366,0.21961,0.22294
39847,4.70199,-0.06758,0.87180
39848,-6.55272,-0.25844,0.25986
39849,-7.94312,-0.17655,0.33917
39850,-5.84268,-0.21873,0.36911
39851,6.83838,0.22902,0.50034
39852,5.37809,-0.05868,0.09865
39853,-13.55941,0.04101,0.86984
39854,-7.59446,-0.24605,0.27804
39855,0.78594,-0.11360,0.16113
39856,-3.85776,-0.08845,0.28670
39857,-3.50538,-0.14649,0.30648
39858,4.89079,-0.00347,0.04224
39859,5.65115,-0.00175,0.02727
39860,-12.10295,-0.39200,0.41991
39861,7.72507,-0.04703,0.08757
39862,6.23359,-0.05739,0.10203
39863,-3.01770,-0.17718,0.23877
39864,-12.43248,-0.37923,0.39558
39865,0.38574,0.00869,0.65318
39866,13.20517,0.33402,0.43087
39867,-3.72519,-0.20110,0.24889
39868,4.69520,0.18176,0.23579
39869,9.06296,-0.02606,0.06889
39870,-2.47252,0.01238,0.09565
39871,-1.76499,0.01614,0.11524
39872,7.12577,0.17107,0.30847
39873,6.48395,0.16382,0.29170
39874,-0.24042,0.01397,0.15942
39875,-0.17544,0.01303,0.16273
39876,0.45398,0.01689,0.21857
39877,4.12414,0.07337,0.40844
39878,4.37548,0.07856,0.40225
39879,8.51969,0.15974,0.46694
39880,-1.66477,-0.13867,0.21165
39881,10.00256,-0.00410,0.02916
39882,0.70242,-0.00231,0.08287
39883,0.49926,-0.00232,0.09413
39884,-2.22113,-0.03715,0.49344
39885,5.12487,-0.07859,0.11059
39886,0.83030,-0.14090,0.16283
39887,3.69844,0.22020,0.23267
39888,7.92251,0.28372,0.40753
39889,-5.97514,0.07082,0.10262
39890,-3.74891,-0.17575,0.70948
39891,10.37286,0.24347,0.36509
39892,4.42426,-0.05746,0.10385
39893,4.81979,0.24675,0.24574
39894,-0.04464,-0.00185,0.30227
39895,-10.91754,0.00537,0.02413
39896,12.26824,0.37266,0.38796
39897,11.38668,0.35544,0.35992
39898,10.92677,0.34617,0.34736
39899,8.09193,0.26337,0.57185
39900,8.21424,0.26851,0.55861
39901,-12.81598,-0.29330,0.47079
39902,-9.96897,-0.25722,0.61796
39903,2.71284,-0.11365,0.14038
39904,0.71106,0.01502,0.29553
39905,-2.26920,0.01211,0.09768
39906,-15.21541,0.01054,0.92287
39907,13.87281,-0.00779,0.03097
39908,5.03418,-0.02961,0.09534
39909,12.52295,-0.00675,0.02606
39910,2.94074,-0.00670,0.05285
39911,-2.21862,0.07769,0.13377
39912,-3.44969,0.02091,0.09953
39913,-2.55463,0.02737,0.11779
39914,3.85092,0.14809,0.74916
39915,-5.49721,-0.20533,0.37009
39916,-2.44955,-0.04153,0.44811
39917,29.17449,-0.00928,0.96027
39918,-0.91782,-0.02269,0.67326
39919,-0.61542,-0.02037,0.69841
39920,12.79536,0.34477,0.56619
39921,8.82126,-0.01204,0.04146
39922,0.92342,0.01786,0.33106
39923,0.32259,0.07763,0.18319
39924,15.09935,-0.01110,0.95534
39925,15.88068,-0.00696,0.96548
39926,5.22594,0.24864,0.24342
39927,-4.90989,0.00875,0.04665
39928,5.80140,0.24703,0.71252
39929,25.40875,-0.00443,0.96216
39930,5.13164,-0.01264,0.05395
39931,4.27778,0.21476,0.22602
39932,-4.37070,-0.23058,0.22942
39933,8.91389,0.31588,0.30608
39934,-9.86686,-0.32649,0.51881
39935,-0.71531,0.00191,0.05592
39936,-0.91053,0.00277,0.05942
39937,2.97134,0.10838,0.37943
39938,6.39359,0.25565,0.25761
39939,10.47288,-0.01084,0.04476
39940,-0.93988,-0.09497,0.20175
39941,-1.54490,-0.13343,0.20973
39942,-7.74719,0.10092,0.82225
39943,25.82546,-0.00504,0.97322
39944,23.29418,-0.01108,0.95761
39945,28.19605,-0.00276,0.98167
39946,26.09295,-0.00641,0.96895
39947,-5.94230,-0.23876,0.32583
39948,-6.44645,-0.22204,0.45666
39949,-6.74107,-0.23110,0.46436
39950,-5.05118,0.12298,0.82217
39951,-7.14682,0.10620,0.83721
39952,-4.80186,0.12717,0.81610
39953,3.03986,-0.08777,0.13580
39954,-24.37714,0.00187,0.98465
39955,-6.23364,-0.21329,0.46519
39956,3.89947,-0.03877,0.09453
39957,8.77430,-0.01644,0.93918
39958,-1.62186,-0.03623,0.28178
39959,-6.00841,-0.22291,0.71517
39960,-5.34222,-0.21171,0.72950
39961,-0.90427,-0.11118,0.73401
39962,-2.24047,-0.06703,0.24056
39963,-5.36951,0.07494,0.86737
39964,-5.94455,0.01402,0.06822
39965,-6.37551,0.01578,0.06983
39966,-7.24684,0.04979,0.82900
39967,30.45337,-0.01002,0.95403
39968,-0.21351,-0.10700,0.82012
39969,13.14630,0.36938,0.55284
39970,7.49117,0.29941,0.31280
39971,8.39258,0.32040,0.32762
39972,-16.73419,0.00398,0.95379
39973,-10.36734,-0.32802,0.63509
39974,-11.48732,0.06560,0.88070
39975,-9.02265,-0.29416,0.62949
39976,3.83457,0.06578,0.45569
39977,6.19263,-0.06695,0.09935
39978,-1.44440,-0.10891,0.80396
39979,9.53540,0.25346,0.32442
39980,-7.20362,-0.23242,0.59688
39981,-15.17682,0.05808,0.88416
39982,2.76547,-0.05628,0.11764
39983,2.41531,-0.06319,0.12523
39984,0.79361,-0.02899,0.76873
39985,0.29765,0.07450,0.17861
39986,-1.11731,-0.08480,0.19288
39987,-1.98563,-0.09451,0.20905
39988,12.32809,0.36706,0.57898
39989,-3.39539,-0.13834,0.31564
39990,-3.31656,-0.13276,0.32297
39991,-3.66761,-0.14478,0.33083
39992,4.15948,-0.00542,0.05596
39993,-6.10777,-0.26848,0.28351
39994,2.51981,0.16067,0.20314
39995,25.88200,-0.01905,0.93874
39996,-14.01316,0.03337,0.87846
39997,-22.60475,0.00787,0.94532
39998,-9.85858,-0.31959,0.58383
39999,-27.33831,0.00993,0.95936
40000,-2.55760,0.10042,0.13745
40001,-12.27941,0.00679,0.03166
40002,12.99913,-0.00564,0.02829
40003,0.42946,0.01608,0.70565
40004,14.55209,-0.00844,0.96110
40005,0.02102,-0.00152,0.15049
40006,-10.18404,-0.25383,0.34661
40007,-3.12187,-0.19938,0.75824
40008,-7.82376,0.00563,0.04013
40009,-0.87683,-0.02695,0.65988
40010,-1.09454,-0.03364,0.66802
40011,-8.89972,-0.17062,0.44897
40012,5.64051,0.22798,0.24550
40013,-6.21017,0.03648,0.09260
40014,4.83174,0.24681,0.24269
40015,3.93468,0.22943,0.22851
40016,11.55567,-0.02213,0.05076
40017,2.70718,0.05655,0.30452
40018,-8.80023,-0.32687,0.31650
40019,-8.07589,-0.31228,0.30144
40020,0.35887,-0.00003,0.99022
40021,-2.20343,-0.19600,0.20099
40022,-1.89147,-0.19121,0.19741
40023,10.91414,0.22378,0.45997
40024,10.75796,0.21758,0.47946
40025,-2.33946,0.00733,0.06041
40026,4.34010,-0.01088,0.93898
40027,5.22254,-0.00941,0.94604
40028,0.51657,-0.00995,0.13778
40029,-3.01094,0.09552,0.84530
40030,-3.51266,0.03270,0.81130
40031,12.76695,-0.01066,0.95475
40032,-8.72066,0.04201,0.07982
40033,9.65035,0.32924,0.46159
40034,9.45169,0.32174,0.46824
40035,9.35462,0.32104,0.45552
40036,10.59522,0.35494,0.47610
40037,-13.88015,-0.37227,0.47530
40038,-5.37408,0.06288,0.10973
40039,9.58402,0.25652,0.62859
40040,12.56309,0.34549,0.57532
40041,3.12344,0.05304,0.47855
40042,1.03627,-0.10568,0.15836
40043,21.25052,-0.03217,0.90709
40044,3.84051,-0.08004,0.12706
40045,13.69544,-0.00917,0.03018
40046,2.72372,0.11210,0.21887
40047,-0.28063,0.00249,0.11458
40048,-0.20362,0.00131,0.10355
40049,8.10924,-0.01435,0.05867
40050,-3.79280,-0.09211,0.27475
40051,-11.98523,-0.25977,0.50563
40052,1.02390,-0.11381,0.15779
40053,1.75344,0.18879,0.19576
40054,2.16703,-0.07118,0.77399
40055,-1.88013,-0.18480,0.20287
40056,-7.33758,0.10585,0.82051
40057,-0.25406,0.01061,0.15426
40058,-10.26502,-0.36011,0.37225
40059,-16.84931,0.02000,0.93958
40060,1.97306,0.10945,0.79343
40061,2.37982,0.11241,0.78326
40062,-12.65842,-0.28965,0.45236
40063,0.02774,-0.00932,0.85785
40064,-6.47283,0.03453,0.07567
40065,3.18742,-0.00124,0.02150
40066,1.23528,-0.00884,0.08453
40067,-0.42436,-0.01493,0.77031
40068,3.76262,-0.00801,0.94408
40069,-11.17145,0.02587,0.05617
40070,-9.99892,0.03492,0.06764
40071,-11.58271,0.02309,0.05308
40072,-9.70977,0.02723,0.06617
40073,0.69537,-0.01131,0.13297
40074,5.23628,-0.00412,0.04287
40075,0.25050,-0.00039,0.04400
40076,2.42396,-0.10741,0.83531
40077,11.98984,-0.00689,0.03330
40078,0.96044,0.08840,0.18954
40079,-0.76934,0.00589,0.81754
40080,-13.57292,0.01148,0.03583
40081,6.50558,0.25124,0.70945
40082,11.81638,-0.00943,0.03237
40083,-23.04031,0.02870,0.91840
40084,-12.72317,0.07296,0.85768
40085,-9.29758,-0.31323,0.48927
40086,-6.46861,-0.20811,0.64182
40087,25.27658,-0.02051,0.93621
40088,20.80085,-0.03534,0.91249
40089,0.05324,0.08515,0.17392
40090,-2.51652,0.00231,0.04684
40091,12.82629,0.29963,0.44643
40092,-7.36362,0.06413,0.88039
40093,-7.42838,0.02533,0.06283
40094,-4.91994,0.00098,0.95462
40095,5.28991,0.10834,0.62041
40096,-7.57530,0.00432,0.92596
40097,-1.01038,0.00042,0.03223
40098,1.12669,-0.02280,0.88733
40099,2.08638,0.15388,0.21891
40100,1.94948,0.15324,0.21503
40101,17.52808,-0.03134,0.89202
40102,0.05664,-0.00005,0.96976
40103,-0.41505,0.00027,0.96931
40104,-0.20296,0.00007,0.97710
40105,-1.46665,0.00053,0.97656
40106,2.20752,0.06860,0.68695
40107,1.48341,-0.00131,0.04665
40108,1.90881,-0.02445,0.12409
40109,-6.16087,0.06087,0.09630
40110,-10.46141,0.02298,0.05931
40111,-10.25360,-0.29830,0.63169
40112,29.05224,-0.01181,0.95133
40113,-12.30215,0.00287,0.02038
40114,-12.18431,0.00462,0.02698
40115,-23.49379,0.01983,0.93904
40116,8.61296,-0.00983,0.04881
40117,4.71724,-0.00292,0.02740
40118,-9.00949,0.01036,0.04883
40119,-5.08298,0.00360,0.04141
40120,14.65164,-0.00505,0.02107
40121,-14.88749,0.00414,0.01860
40122,30.32045,-0.00660,0.96058
40123,29.03457,-0.00711,0.95569
40124,8.59133,-0.01421,0.04553
40125,10.70756,-0.00491,0.02309
40126,-26.95807,0.01762,0.93704
40127,-9.85280,0.01406,0.04197
40128,5.07019,-0.00213,0.02211
40129,-6.27573,0.00579,0.03352
40130,-0.83181,0.00251,0.05910
40131,-7.18435,0.00703,0.04655
40132,-5.93625,0.00276,0.97119
40133,-5.37423,0.00252,0.97131
40134,5.45177,-0.00349,0.04013
40135,-0.06473,0.00004,0.03717
40136,15.13828,-0.00546,0.94164
40137,12.76520,-0.00798,0.92491
40138,31.84317,-0.00662,0.96555
40139,32.59465,-0.00564,0.96915
40140,-13.50162,0.01220,0.03696
40141,13.53589,-0.01047,0.03529
40142,-4.74365,0.00294,0.03891
40143,-2.19159,0.00049,0.98168
40144,-2.47489,0.00030,0.98684
40145,-0.75295,0.00084,0.05227
40146,20.14687,-0.02002,0.94029
40147,1.38161,-0.00063,0.03346
40148,12.71092,-0.00434,0.02060
40149,12.18658,-0.00788,0.03468
40150,11.41563,-0.01158,0.04335
40151,11.10826,-0.00300,0.94958
40152,17.98427,-0.00478,0.95062
40153,14.43261,-0.01078,0.91936
40154,16.48345,-0.00846,0.93210
40155,-5.98689,0.00234,0.02130
40156,-1.18725,0.00215,0.04691
40157,14.72875,-0.00423,0.02156
40158,-8.11675,0.00500,0.02718
40159,10.69883,-0.00444,0.02201
40160,-12.30943,0.01732,0.04418
40161,-10.55559,0.00633,0.02747
40162,8.23766,-0.00456,0.02593
40163,29.12920,-0.00460,0.96527
40164,25.89417,-0.00760,0.95167
40165,11.19903,-0.01151,0.04417
40166,10.82176,-0.01388,0.04865
40167,12.88766,-0.01531,0.04198
40168,26.62808,-0.00938,0.94824
40169,-22.31660,0.00368,0.96219
40170,3.30990,-0.00515,0.04418
40171,28.71806,-0.00420,0.97557
40172,12.33319,-0.00702,0.03300
40173,8.61489,-0.00433,0.03217
40174,-3.07403,0.00175,0.97016
40175,-3.09343,0.00320,0.96029
40176,32.57978,-0.00679,0.96428
40177,-15.23844,0.00491,0.02144
40178,-14.79111,0.00683,0.02730
40179,-6.68416,0.00383,0.02625
40180,-7.30082,0.00040,0.99068
40181,0.79714,-0.00007,0.98931
40182,1.05861,-0.00007,0.99101
40183,1.03578,-0.00016,0.98519
40184,-8.43035,0.00508,0.03550
40185,-13.07389,0.00670,0.02612
40186,-4.86834,0.00198,0.02177
40187,-4.26705,0.00426,0.03502
40188,-4.44161,0.00243,0.02566
40189,13.91165,-0.00702,0.02814
40190,-9.77569,0.00935,0.04455
40191,-9.62760,0.01063,0.04753
40192,-27.71268,0.00435,0.97487
40193,0.54294,-0.00039,0.96784
40194,0.96321,-0.00046,0.97386
40195,-11.82378,0.00043,0.99205
40196,-23.42719,0.00283,0.96748
40197,6.53454,-0.00228,0.02772
40198,-19.00308,0.00433,0.95524
40199,-17.67011,0.00456,0.97320
40200,-23.87195,0.00363,0.96465
40201,14.10360,-0.00742,0.02658
40202,-1.29942,0.00006,0.99270
40203,32.83045,-0.00463,0.97373
40204,-5.71351,0.00158,0.94677
40205,-3.36830,0.00023,0.98992
40206,-3.05297,0.00013,0.99229
40207,-6.55227,0.00704,0.03610
40208,-6.94103,0.00326,0.02329
40209,-31.51765,0.00841,0.96001
40210,12.36491,-0.01436,0.04287
40211,0.78765,-0.00047,0.03857
40212,13.70508,-0.00851,0.02898
40213,-25.20849,0.00301,0.98012
40214,-8.96231,0.00369,0.02202
40215,17.46234,-0.00757,0.96443
40216,17.74278,-0.00278,0.97951
40217,-10.20296,0.00298,0.94511
40218,-10.86743,0.00124,0.98491
40219,-11.58436,0.00111,0.98613
40220,-10.05849,0.00491,0.96766
40221,-10.45526,0.00268,0.97672
40222,-9.11883,0.00548,0.96485
40223,2.95901,-0.00205,0.02980
40224,3.27956,-0.00179,0.02652
40225,16.17381,-0.00245,0.98062
40226,15.67869,-0.00430,0.97323
40227,9.69431,-0.00091,0.98679
40228,-0.06890,0.00004,0.02859
40229,-29.78638,0.00767,0.96480
40230,-31.09405,0.00441,0.97471
40231,-30.59295,0.00573,0.97072
40232,-12.71080,0.00542,0.02824
40233,-9.74804,0.00121,0.98435
40234,13.02209,-0.00081,0.98882
40235,30.82758,-0.00433,0.96656
40236,-5.43730,0.00031,0.99103
40237,-4.84052,0.00046,0.98797
40238,29.69602,-0.00866,0.95504
40239,-1.83655,0.00055,0.97907
40240,29.72923,-0.00493,0.96562
40241,-2.57946,0.00174,0.96800
40242,17.92897,-0.00486,0.97199
40243,-19.99960,0.00291,0.97976
40244,20.84211,-0.00438,0.95607
40245,-6.69192,0.00233,0.97469
40246,-7.46942,0.00129,0.98239
40247,-30.36305,0.00401,0.97633
40248,-14.06685,0.00147,0.98464
40249,32.47702,-0.00598,0.96822
40250,0.55066,-0.00010,0.98415
40251,19.31632,-0.00518,0.95042
40252,30.24257,-0.01059,0.95330
40253,-28.67320,0.01018,0.94922
40254,0.07521,-0.00001,0.99014
40255,10.04476,-0.00604,0.92591
40256,-6.15700,0.00228,0.93951
40257,-9.27304,0.00286,0.94431
40258,20.18102,-0.00325,0.96199
40259,-21.31238,0.00543,0.95320
40260,-1.91677,0.00056,0.94616
40261,32.05427,-0.00436,0.97494
40262,19.91451,-0.00705,0.94308
40263,-14.62430,0.00315,0.95614
40264,9.66044,-0.00199,0.97970
40265,8.76335,-0.00218,0.97804
40266,-0.31359,0.00002,0.99173
40267,30.99435,-0.00740,0.95995
40268,12.01337,-0.00103,0.98692
40269,12.94294,-0.00374,0.94842
40270,32.33400,-0.00721,0.96457
40271,32.22679,-0.00736,0.96104
40272,-19.28792,0.00763,0.94052
40273,17.24333,-0.00465,0.97268
40274,3.62582,-0.00046,0.98621
40275,29.18233,-0.00803,0.96387
40276,30.68544,-0.00911,0.95865
40277,21.95958,-0.00567,0.97067
40278,21.90608,-0.00456,0.97401
40279,-22.19664,0.00607,0.96952
40280,-1.48146,0.00013,0.98893
40281,-7.89783,0.00053,0.98954
40282,14.59426,-0.00178,0.98342
40283,-2.77173,0.00026,0.98848
40284,5.53055,-0.00024,0.99230
40285,-5.17653,0.00082,0.98395
40286,-9.34932,0.00265,0.97569
40287,-10.09943,0.00121,0.98463
40288,-9.66245,0.00286,0.97528
40289,-16.87402,0.00171,0.98455
40290,0.22749,-0.00004,0.98431
40291,-0.08076,0.00001,0.98418
40292,4.96791,-0.00066,0.98547
40293,-2.02321,0.00019,0.98830
40294,-4.04302,0.00054,0.98563
40295,-4.27054,0.00092,0.98156
40296,7.22846,-0.00089,0.98539
40297,6.86906,-0.00075,0.98622
40298,-2.68667,0.00018,0.99024
40299,5.46668,-0.00051,0.98799
40300,5.40250,-0.00109,0.98179
40301,-1.91334,0.00025,0.98639
40302,9.20548,-0.00328,0.97306
40303,4.03905,-0.00101,0.98014
40304,-2.32712,0.00018,0.98916
40305,-2.44869,0.00044,0.98347
40306,-1.70932,0.00030,0.98366
40307,-1.31527,0.00029,0.98174
40308,-1.11159,0.00012,0.98767
40309,-1.01495,0.00026,0.98032
40310,0.70825,-0.00022,0.97867
40311,-10.64485,0.00123,0.98488
40312,-4.95603,0.01004,0.94329
40313,25.48915,-0.00983,0.94386
40314,28.07193,-0.00704,0.95440
40315,-12.09440,0.00189,0.98165
40316,3.40947,-0.00027,0.98937
40317,-12.25598,0.00096,0.98767
40318,-3.29454,0.00095,0.97879
40319,16.57306,-0.00412,0.97431
40320,17.74750,-0.02275,0.93559
40321,-0.33375,0.00007,0.98152
40322,-0.24225,0.00003,0.98649
40323,13.05305,-0.00144,0.98440
40324,27.62241,-0.01470,0.94657
40325,30.33584,-0.00874,0.96072
40326,26.07407,-0.01711,0.94301
40327,28.32727,-0.01352,0.94694
40328,31.12750,-0.00823,0.95965
40329,-7.52242,0.00545,0.96278
40330,-14.98323,0.00780,0.93202
40331,13.25284,-0.00482,0.97036
40332,6.99111,-0.00174,0.97881
40333,7.72142,-0.00086,0.98604
40334,-6.42835,0.00219,0.97528
40335,-6.25008,0.00137,0.98025
40336,-4.64326,0.00124,0.97909
40337,-4.42002,0.00033,0.98966
40338,-4.47626,0.00220,0.97159
40339,-28.02776,0.01139,0.94599
40340,-6.19206,0.00381,0.96668
40341,30.08958,-0.01028,0.95203
40342,18.62031,-0.03224,0.89575
40343,12.74883,-0.00255,0.97882
40344,11.50841,-0.00564,0.96674
40345,2.68035,-0.00066,0.98075
40346,-13.80956,0.00865,0.02930
40347,10.44013,-0.00072,0.98884
40348,-9.72696,0.00687,0.91954
40349,4.34300,-0.00135,0.94547
40350,-21.53035,0.00584,0.96986
40351,-17.84554,0.01420,0.94993
40352,-19.53984,0.01146,0.95606
40353,-28.75064,0.00870,0.96172
40354,-26.45770,0.01375,0.93876
40355,-17.62140,0.00643,0.96756
40356,29.57257,-0.01182,0.94848
40357,-24.20394,0.01060,0.94053
40358,0.83545,-0.00073,0.91113
40359,-10.12426,0.01637,0.94108
40360,28.21555,-0.01473,0.94606
40361,28.43626,-0.01423,0.94698
40362,-15.67457,0.00261,0.97976
40363,-24.19079,0.00948,0.96089
40364,10.43809,-0.00885,0.91301
40365,9.94482,-0.00758,0.91722
40366,-30.91062,0.00607,0.96900
40367,27.07557,-0.01172,0.95527
40368,23.91400,-0.01487,0.94961
40369,-32.14101,0.00727,0.96327
40370,-27.32502,0.01675,0.94079
40371,-17.93386,0.00841,0.96252
40372,-18.08381,0.00643,0.96770
40373,27.33277,-0.01637,0.93983
40374,23.49526,-0.02657,0.92087
40375,29.65454,-0.01004,0.95795
40376,33.30232,-0.00586,0.96913
40377,29.46613,-0.01150,0.95404
40378,33.04394,-0.00464,0.97357
40379,30.04896,-0.00964,0.95852
40380,-23.83439,0.01617,0.94649
40381,-26.33128,0.00918,0.96142
40382,20.53365,-0.02397,0.93351
40383,22.58942,-0.01438,0.95063
40384,0.52686,-0.00031,0.97121
40385,0.74743,-0.00069,0.96402
40386,-13.13317,0.00222,0.98068
40387,-31.75806,0.00726,0.96431
40388,23.38811,-0.02614,0.91869
40389,12.89364,-0.00545,0.93647
40390,-6.89934,0.00111,0.98313
40391,10.78826,-0.02377,0.05798
40392,17.38832,-0.00512,0.97129
40393,13.44119,-0.01503,0.90414
40394,14.77141,-0.01354,0.91191
40395,14.65283,-0.00760,0.93111
40396,-12.87986,0.01299,0.03729
40397,-24.39774,0.00964,0.96034
40398,-25.14537,0.00891,0.96199
40399,11.95000,-0.00631,0.96490
40400,12.56807,-0.00356,0.97431
40401,12.48179,-0.00757,0.02787
40402,5.17437,0.17246,0.24847
40403,-22.28581,0.01556,0.92646
40404,25.80722,-0.00520,0.95946
40405,24.43629,-0.00793,0.94862
40406,1.13708,0.01976,0.40958
40407,-8.88449,0.00298,0.97408
40408,-9.37716,0.00141,0.98300
40409,-8.38801,0.00259,0.97545
40410,-18.43359,0.01447,0.92045
40411,0.22213,-0.00027,0.95989
40412,0.35621,-0.00013,0.97716
40413,-18.25782,0.02169,0.93734
40414,-22.27750,0.01246,0.95413
40415,-13.09912,0.00589,0.02416
40416,20.49498,-0.02529,0.93137
40417,15.22883,-0.01422,0.94913
40418,18.31195,-0.01278,0.95315
40419,16.27550,-0.01770,0.94332
40420,-8.80919,0.02120,0.05372
40421,-26.75345,0.00522,0.97227
40422,3.09100,-0.00246,0.91591
40423,5.41784,-0.00149,0.94781
40424,7.97507,-0.04510,0.07863
40425,7.93439,-0.01063,0.89568
40426,21.05677,-0.00945,0.93733
40427,-1.12480,0.11751,0.15654
40428,-10.19624,0.01925,0.05683
40429,-7.16326,-0.23361,0.55965
40430,-10.50959,0.01635,0.04446
40431,-13.88877,0.00806,0.02815
40432,-12.53687,0.01450,0.03988
40433,12.95041,-0.01027,0.03258
40434,-27.65746,0.00343,0.97861
40435,-6.10187,0.00575,0.03400
40436,-9.72588,-0.33484,0.32477
40437,-11.63746,-0.37134,0.37437
40438,-1.43892,0.00166,0.03756
40439,-5.33837,-0.24546,0.27625
40440,-11.78885,0.01717,0.04861
40441,-9.27050,-0.30524,0.53901
40442,3.85096,-0.08676,0.12731
40443,8.01788,-0.00522,0.96439
40444,8.73933,-0.00261,0.97572
40445,7.87265,0.27425,0.68211
40446,4.18675,0.20791,0.74722
40447,3.24682,0.14349,0.21849
40448,-17.19503,0.00975,0.92980
40449,-9.56746,0.02752,0.05980
40450,-4.17120,0.00248,0.92400
40451,-3.31369,0.00523,0.88618
40452,-6.80909,0.05823,0.09186
40453,6.12109,-0.00527,0.96120
40454,-10.79667,0.00832,0.03913
40455,3.57761,-0.01381,0.08688
40456,-24.89178,0.01608,0.93209
40457,-4.10123,0.01092,0.05590
40458,-4.54222,0.00426,0.03383
40459,-3.82978,0.00655,0.04559
40460,-4.04182,0.00670,0.04491
40461,0.18035,-0.00017,0.03402
40462,12.22036,-0.00993,0.03856
40463,12.15374,-0.01082,0.04013
40464,0.83944,-0.00094,0.05226
40465,-4.79788,-0.24653,0.24507
40466,-2.16096,0.00080,0.97602
40467,-0.82998,0.00005,0.99121
40468,-2.59413,0.00058,0.98173
40469,6.60854,-0.00067,0.98705
40470,-16.84444,0.00255,0.98061
40471,23.90968,-0.02003,0.92485
40472,18.84359,-0.00333,0.97786
40473,2.15643,-0.00320,0.05932
40474,-3.88544,0.00136,0.94100
40475,-20.14186,0.00403,0.97545
40476,-19.72615,0.00345,0.97725
40477,-0.69905,0.00042,0.03865
40478,23.09099,-0.02144,0.92060
40479,-12.17858,0.01791,0.04495
40480,23.85373,-0.00726,0.94949
40481,-28.09733,0.01433,0.94710
40482,4.62598,-0.00259,0.02606
40483,2.31482,-0.00108,0.97336
40484,1.46199,-0.00107,0.96743
40485,1.24553,-0.00067,0.97207
40486,-24.79496,0.01138,0.93969
40487,-27.38689,0.00629,0.95686
40488,-6.36415,0.00659,0.03544
40489,-27.19073,0.01515,0.94610
40490,10.18715,-0.00621,0.03486
40491,-0.38808,0.00034,0.03322
40492,-0.98509,0.00116,0.05361
40493,-8.05434,0.00438,0.96726
40494,-11.81296,0.02127,0.04996
40495,3.14112,-0.00212,0.96775
40496,4.92599,-0.00101,0.98175
40497,15.10132,-0.00541,0.02193
40498,0.56262,-0.00119,0.05070
40499,1.02955,-0.00033,0.01891
40500,0.44476,-0.00073,0.04501
40501,-5.64392,-0.25923,0.27235
40502,10.74724,-0.01194,0.03813
40503,6.08769,-0.00539,0.91059
40504,3.08119,-0.00513,0.06163
40505,2.16604,-0.01194,0.09835
40506,-6.00123,0.00053,0.98797
40507,-25.87915,0.00806,0.96433
40508,3.50902,-0.00111,0.97770
40509,22.03220,-0.01810,0.92087
40510,25.62717,-0.01193,0.93907
40511,23.87035,-0.01951,0.93991
40512,25.09645,-0.01743,0.94306
40513,-21.56326,0.00745,0.94525
40514,-6.78433,-0.28698,0.28579
40515,-5.88902,0.00626,0.95699
40516,12.85390,-0.01316,0.03737
40517,11.15637,-0.00877,0.03177
40518,-22.97314,0.02933,0.91825
40519,-32.92475,0.00644,0.96616
40520,-12.48836,0.00678,0.93009
40521,0.61650,0.05070,0.19074
40522,-1.50025,-0.18194,0.19484
40523,21.64121,-0.02935,0.92310
40524,10.72242,0.33875,0.62125
40525,0.39155,0.11352,0.18274
40526,2.02348,0.07990,0.21807
40527,4.02631,0.21007,0.25338
40528,-2.07072,-0.18908,0.20522
40529,-3.79656,-0.13028,0.72969
40530,-2.99537,0.08167,0.13503
40531,-9.39818,-0.30499,0.61038
40532,-9.68889,-0.31397,0.59745
40533,9.85752,-0.03115,0.06244
40534,11.96799,0.27163,0.54408
40535,-6.73910,-0.23927,0.69932
40536,11.36171,0.23781,0.50729
40537,8.99055,0.18392,0.39187
40538,6.73883,0.23975,0.69961
40539,3.06318,0.20647,0.22243
40540,3.13797,0.20695,0.22442
40541,0.84571,-0.00423,0.07357
40542,-3.87050,-0.21221,0.24587
40543,-4.31876,-0.21605,0.71810
40544,3.09555,-0.02482,0.10909
40545,9.36618,0.28978,0.64984
40546,-0.79952,0.01243,0.13167
40547,-3.71497,-0.14891,0.22635
40548,0.99911,0.03847,0.70485
40549,1.14197,0.04220,0.70291
40550,-8.17062,0.01953,0.05359
40551,-12.88840,-0.38097,0.40960
40552,-4.81829,0.05285,0.09837
40553,-2.95433,0.06824,0.12196
40554,-3.86675,0.09649,0.12540
40555,-11.79309,-0.38748,0.41000
40556,0.14313,0.01113,0.19256
40557,3.98030,0.07132,0.39858
40558,2.38838,-0.01179,0.09538
40559,-9.97949,-0.32585,0.55195
40560,-0.93957,-0.01819,0.32626
40561,-1.10487,-0.02169,0.32050
40562,2.23154,-0.12357,0.14555
40563,-2.17661,-0.07010,0.72410
40564,9.84408,-0.05000,0.84410
40565,-6.54801,-0.12358,0.39526
40566,-3.38936,0.06512,0.11617
40567,5.12203,0.18270,0.24385
40568,-6.78491,0.04246,0.90058
40569,9.57924,0.33004,0.44591
40570,-4.39243,0.07752,0.12138
40571,-3.66552,-0.07903,0.64186
40572,6.96339,-0.01314,0.94207
40573,2.99821,0.12437,0.76757
40574,-11.45064,-0.27760,0.38083
40575,-2.35963,-0.15987,0.22519
40576,2.99848,0.16718,0.77098
40577,-6.32382,-0.16970,0.28124
40578,-2.69679,-0.09653,0.39651
40579,-12.64264,-0.35580,0.39333
40580,13.38248,0.35269,0.43071
40581,1.19776,0.03786,0.57006
40582,12.30500,0.38650,0.52909
40583,1.36959,0.02330,0.53801
40584,-6.95505,-0.23992,0.68933
40585,-6.57374,-0.13028,0.59563
40586,-8.58809,0.00910,0.95401
40587,2.51144,-0.03481,0.10526
40588,9.41520,-0.02995,0.06219
40589,-9.23198,0.00485,0.96705
40590,4.47961,-0.05445,0.10168
40591,5.36883,-0.04494,0.08972
40592,4.31068,0.08559,0.33704
40593,4.75110,0.09211,0.35291
40594,3.13730,0.19077,0.76236
40595,-5.43390,-0.24270,0.28501
40596,-9.36316,0.04050,0.07358
40597,0.18184,-0.04721,0.16502
40598,11.14707,-0.02287,0.87915
40599,1.89703,0.08377,0.21243
40600,-12.84920,-0.29832,0.45485
40601,9.49093,0.21116,0.59270
40602,-8.36068,-0.27854,0.65855
40603,-0.59865,0.00168,0.85939
40604,10.02905,-0.01300,0.94747
40605,11.28316,-0.01356,0.94771
40606,-0.87803,-0.02892,0.49962
40607,-0.17584,-0.00693,0.79074
40608,4.59183,-0.09120,0.12000
40609,-2.52637,0.08073,0.85348
40610,-7.62221,-0.30169,0.31903
40611,5.03413,0.16491,0.24871
40612,-11.48018,0.02320,0.05321
40613,5.02783,0.10455,0.62541
40614,1.55573,0.16681,0.20054
40615,1.23245,0.16231,0.19452
40616,9.91149,0.24509,0.34309
40617,-3.29265,-0.21279,0.74166
40618,-21.57413,0.02467,0.91267
40619,3.41200,-0.03808,0.11647
40620,6.99702,-0.06015,0.09247
40621,-2.80545,-0.10507,0.76026
40622,12.11423,0.27705,0.42330
40623,12.33234,0.28024,0.52931
40624,-4.60974,0.06039,0.11538
40625,-4.31420,0.09102,0.12056
40626,4.54067,-0.06862,0.10911
40627,-2.82325,0.01203,0.09030
40628,-5.95148,-0.13830,0.64017
40629,7.44301,-0.03807,0.07519
40630,-2.79166,-0.19321,0.20589
40631,-12.42288,-0.31307,0.39876
40632,-10.21536,-0.35923,0.37560
40633,-12.26709,-0.38640,0.40124
40634,4.20118,0.15758,0.23301
40635,-0.18853,0.00683,0.15206
40636,0.30815,0.00509,0.51059
40637,7.01646,0.28263,0.27263
40638,-4.02181,-0.06866,0.47851
40639,-4.12385,-0.07037,0.49404
40640,20.17414,-0.02461,0.90739
40641,-0.91882,0.00391,0.06834
40642,12.06244,0.26903,0.43716
40643,0.10725,0.00340,0.55097
40644,-3.27234,-0.12856,0.33193
40645,7.30048,-0.04427,0.09015
40646,4.95593,-0.00878,0.06300
40647,-9.27419,-0.28811,0.65194
40648,0.70050,-0.13035,0.75730
40649,5.36808,0.22297,0.31110
40650,5.63315,0.22784,0.32253
40651,-5.99333,-0.19617,0.53955
40652,3.35523,0.19522,0.23907
40653,0.41489,-0.03751,0.16448
40654,-12.88962,-0.40111,0.45138
40655,1.00294,0.05900,0.81296
40656,2.16739,-0.14573,0.80451
40657,-6.28329,-0.11232,0.45433
40658,7.78444,0.15546,0.38074
40659,-0.24408,0.00115,0.09429
40660,5.90441,-0.01969,0.06185
40661,1.53659,0.05004,0.51777
40662,-6.05091,-0.24961,0.31323
40663,-5.62691,0.04285,0.08690
40664,-9.51386,0.08943,0.85311
40665,11.11209,0.23743,0.54180
40666,-0.33748,0.01726,0.14122
40667,0.38640,-0.00349,0.09106
40668,0.45103,-0.00347,0.11064
40669,-11.23531,-0.36022,0.55611
40670,5.36539,-0.05772,0.09812
40671,-10.17902,-0.20143,0.49140
40672,6.20709,0.21725,0.70294
40673,-13.10519,-0.36933,0.41291
40674,-5.03427,-0.15969,0.61611
40675,4.63698,0.08738,0.59664
40676,3.56839,0.07138,0.32583
40677,2.45347,-0.11727,0.14245
40678,5.55150,0.22342,0.32479
40679,-2.39641,-0.18149,0.21688
40680,-8.30436,-0.30074,0.29238
40681,13.73731,0.34966,0.48470
40682,-2.30117,-0.04156,0.59318
40683,-13.39496,0.01113,0.03390
40684,10.26886,0.35936,0.36484
40685,1.59836,0.06173,0.77910
40686,-6.07725,-0.12292,0.60750
40687,-1.27827,0.04511,0.13265
40688,8.86262,0.28761,0.58943
40689,4.90973,0.11764,0.28631
40690,-2.82142,-0.17472,0.23315
40691,-8.85504,0.02208,0.05468
40692,-0.84089,-0.02915,0.22365
40693,-6.66511,0.03020,0.91438
40694,-1.18992,0.00232,0.94923
40695,-12.71310,-0.29430,0.44644
40696,0.97784,0.02776,0.24234
40697,-5.78470,-0.19557,0.69720
40698,-0.64029,0.01401,0.77995
40699,3.23610,0.15574,0.26798
40700,-5.88261,0.07520,0.10616
40701,-2.78529,-0.05977,0.29725
40702,0.93286,0.08395,0.81710
40703,-2.26179,-0.04867,0.29482
40704,-1.61133,-0.05872,0.76977
40705,-2.51424,-0.04229,0.47714
40706,-5.06103,-0.24246,0.23938
40707,-12.86606,0.02971,0.92363
40708,-4.46496,-0.23995,0.23735
40709,-13.50670,-0.39791,0.50243
40710,-1.32155,-0.10999,0.80572
40711,-11.89456,-0.28301,0.39903
40712,-3.31760,0.01383,0.06783
40713,9.23169,0.27010,0.64436
40714,0.61305,-0.00358,0.10143
40715,0.37984,-0.00354,0.11663
40716,-0.97863,0.10210,0.15892
40717,-3.68672,-0.17146,0.27636
40718,5.60961,0.26266,0.25900
40719,9.74306,0.21786,0.36750
40720,4.60770,-0.01773,0.06559
40721,-1.31410,-0.15865,0.73900
40722,-2.17365,0.07463,0.14296
40723,-8.08501,-0.20467,0.31072
40724,-8.48723,-0.28864,0.47770
40725,-0.31526,-0.14378,0.17984
40726,3.27104,0.10200,0.65739
40727,-6.65903,-0.13082,0.37099
40728,-12.02935,-0.39239,0.44282
40729,1.67783,-0.00400,0.05327
40730,0.14679,-0.01227,0.15148
40731,-1.78690,-0.15616,0.19282
40732,-3.84821,0.06984,0.86706
40733,7.24586,0.17661,0.30710
40734,0.09773,0.01382,0.18982
40735,1.94044,-0.04146,0.11877
40736,8.75853,-0.04436,0.07671
40737,2.72743,0.11484,0.77256
40738,30.79088,-0.00872,0.96094
40739,-11.83537,-0.36842,0.57654
40740,-5.87537,-0.25378,0.29432
40741,1.79177,0.06727,0.35489
40742,0.81928,0.14948,0.18070
40743,1.99051,0.12025,0.23391
40744,0.57690,0.08603,0.19068
40745,-3.06870,-0.12703,0.30837
40746,7.76770,-0.01293,0.05781
40747,-1.04164,0.11946,0.15876
40748,-3.09641,0.05763,0.12910
40749,11.38153,0.34427,0.61071
40750,-0.03358,-0.00242,0.19114
40751,-10.31904,-0.20612,0.46581
40752,-0.01582,0.03592,0.17404
40753,1.86080,0.12479,0.22490
40754,-0.55317,0.14805,0.80233
40755,-2.03655,-0.06973,0.44558
40756,-3.07020,-0.10845,0.74669
40757,-12.37436,-0.39634,0.43503
40758,-12.12262,-0.39304,0.42666
40759,-9.60412,-0.31928,0.31599
40760,-9.10013,-0.17309,0.49471
40761,-9.27926,-0.17778,0.47722
40762,-0.04112,-0.00295,0.21895
40763,-4.92225,0.07478,0.86648
40764,9.33023,0.21052,0.35702
40765,9.43645,0.20895,0.36553
40766,-0.68582,0.00266,0.06574
40767,-3.52909,0.04720,0.88450
40768,-2.70595,-0.16093,0.77606
40769,4.33020,-0.06027,0.10606
40770,-7.41063,0.05095,0.08499
40771,-12.72796,-0.29848,0.43861
40772,0.98628,0.05831,0.19960
40773,-0.50174,-0.17533,0.75948
40774,3.02574,-0.05189,0.12766
40775,4.58000,-0.00073,0.98421
40776,13.01265,0.30594,0.51064
40777,-6.68390,-0.24876,0.69058
40778,-6.74563,-0.24796,0.68861
40779,11.45485,-0.00993,0.95533
40780,5.20724,0.09869,0.37089
40781,5.34728,0.10286,0.36396
40782,1.35263,-0.12263,0.76307
40783,-3.47632,-0.17140,0.71236
40784,3.81790,-0.04701,0.10158
40785,0.39569,-0.16460,0.78818
40786,-10.56120,0.02976,0.06172
40787,-24.31532,0.00859,0.96289
40788,-13.21679,-0.33142,0.53481
40789,-12.83068,-0.32112,0.55114
40790,-9.09450,-0.29831,0.66071
40791,2.28112,0.07055,0.66339
40792,11.37631,0.24067,0.44813
40793,9.09788,-0.03372,0.07380
40794,-13.81793,-0.38722,0.47292
40795,-7.35272,0.04915,0.09110
40796,-5.84787,0.00459,0.96283
40797,-10.76979,-0.33599,0.34078
40798,2.77713,-0.02009,0.08435
40799,7.09712,0.24351,0.26903
40800,2.67185,-0.07116,0.12601
40801,0.69883,-0.10166,0.16103
40802,0.62194,0.08772,0.19191
40803,11.12163,0.23481,0.53255
40804,-9.02400,0.04987,0.89654
40805,-3.78518,0.01850,0.92057
40806,11.04853,-0.01470,0.04161
40807,3.55634,-0.02033,0.09830
40808,1.17135,-0.00110,0.04839
40809,0.89442,-0.00174,0.06708
40810,8.45427,-0.00634,0.96131
40811,5.38508,-0.00290,0.03666
40812,-6.52897,0.06727,0.09896
40813,-2.18937,-0.05634,0.25881
40814,13.27681,0.40184,0.47957
40815,-8.27467,0.04457,0.08310
40816,-0.54053,0.00338,0.82451
40817,-0.78258,0.00093,0.89751
40818,7.70023,0.29905,0.33352
40819,-11.04704,-0.28654,0.35699
40820,0.15330,-0.13633,0.17226
40821,3.75684,0.12558,0.48516
40822,-13.65010,0.03227,0.87808
40823,5.21318,-0.06241,0.10171
40824,-8.43347,-0.27988,0.29096
40825,1.77811,0.06930,0.33109
40826,0.56670,0.09865,0.81939
40827,-1.36858,0.03876,0.77497
40828,-5.88476,0.02034,0.85411
40829,-9.77363,-0.34391,0.33447
40830,0.89691,0.09488,0.81568
40831,-1.70481,0.00555,0.08206
40832,-8.87776,-0.29809,0.66631
40833,-6.55809,0.00159,0.97912
40834,-4.20244,-0.08541,0.32459
40835,-0.46594,0.01592,0.15034
40836,-2.54019,-0.10268,0.21885
40837,-11.00834,-0.35644,0.54206
40838,-0.84673,-0.02070,0.67216
40839,1.90407,-0.02152,0.09877
40840,0.09068,0.15162,0.17257
40841,-6.98760,-0.24735,0.69548
40842,3.64555,0.12364,0.46343
40843,12.38780,0.33106,0.38786
40844,-23.56234,0.01865,0.94162
40845,5.98918,-0.06877,0.10145
40846,9.20260,-0.04167,0.07490
40847,6.31568,-0.03852,0.09355
40848,1.95706,0.09841,0.20743
40849,-13.49011,-0.38140,0.53175
40850,1.75861,-0.12069,0.82435
40851,-6.62860,0.01321,0.06364
40852,-9.19110,-0.29819,0.60944
40853,-5.71753,0.07608,0.10693
40854,-0.07416,-0.15960,0.17327
40855,1.39388,-0.00691,0.07289
40856,7.19863,0.25148,0.27019
40857,6.97910,-0.00752,0.95559
40858,-21.25542,0.02633,0.91032
40859,-10.10486,0.01552,0.04453
40860,-10.06299,0.03273,0.06679
40861,8.64023,0.32532,0.33737
40862,2.48894,0.11651,0.78111
40863,19.06088,-0.03661,0.89603
40864,-1.95346,-0.18309,0.74001
40865,4.89022,0.22755,0.27515
40866,12.02847,0.26400,0.51799
40867,0.81447,0.07817,0.18824
40868,-1.49806,0.02864,0.11476
40869,-13.72088,-0.35395,0.50846
40870,-10.40074,-0.35185,0.34430
40871,-10.21954,0.01005,0.04400
40872,8.85224,0.28037,0.65786
40873,-15.54724,0.03321,0.91997
40874,0.44147,0.03581,0.72664
40875,2.64444,0.13687,0.77978
40876,-30.51915,0.00971,0.95604
40877,-0.86139,-0.02737,0.72807
40878,1.85095,-0.00095,0.97251
40879,1.78846,-0.00168,0.96321
40880,8.97853,-0.01103,0.04944
40881,4.01689,0.21299,0.25067
40882,11.40829,0.38183,0.41949
40883,-10.62233,-0.31908,0.62932
40884,-6.37903,-0.22482,0.42711
40885,-1.56363,0.10118,0.14828
40886,-13.31605,-0.36934,0.54545
40887,2.78192,-0.14679,0.79574
40888,9.32684,0.33897,0.33404
40889,9.35546,0.34078,0.34120
40890,3.98413,0.23018,0.23185
40891,-8.62404,-0.20493,0.61947
40892,1.16552,-0.15424,0.77087
40893,-6.65130,0.01069,0.05844
40894,4.46322,0.19087,0.30011
40895,0.82733,0.02627,0.56120
40896,2.45148,-0.07649,0.13054
40897,5.68459,-0.06158,0.81068
40898,-1.27336,-0.17953,0.19067
40899,-1.47143,0.00507,0.85206
40900,-9.29572,-0.33753,0.32911
40901,2.15551,-0.04117,0.88088
40902,-4.90730,-0.20946,0.30145
40903,4.34563,-0.09448,0.12223
40904,-7.13389,0.10737,0.83517
40905,-4.96102,-0.23268,0.27297
40906,12.61985,-0.01259,0.04027
40907,0.26486,-0.01296,0.14081
40908,-11.25007,0.02553,0.05582
40909,12.05553,0.33342,0.59037
40910,-0.18082,-0.03332,0.18575
40911,-11.07809,-0.34290,0.61703
40912,-11.69066,-0.35646,0.59883
40913,11.74515,-0.02103,0.04935
40914,7.82201,-0.00467,0.96616
40915,-9.42587,0.03670,0.07330
40916,0.74722,0.03681,0.20580
40917,-13.69701,-0.35616,0.51393
40918,-4.97853,-0.21802,0.29295
40919,-3.79434,0.09974,0.12713
40920,-3.26180,-0.07395,0.65271
40921,-6.57161,-0.22415,0.47105
40922,-0.72340,0.03713,0.15573
40923,6.26493,-0.04919,0.08817
40924,-1.83030,-0.03112,0.44248
40925,18.92811,-0.00597,0.94570
40926,-7.29524,0.02274,0.06068
40927,-1.30285,-0.06374,0.26088
40928,-12.07222,0.02007,0.04842
40929,-10.09081,-0.35458,0.35253
40930,10.73688,0.33244,0.62661
40931,7.52338,-0.05676,0.08906
40932,-9.66171,0.07745,0.86829
40933,-7.89294,0.06661,0.87870
40934,-4.68563,-0.24433,0.24340
40935,5.45051,0.13079,0.29123
40936,-0.99558,-0.01953,0.32089
40937,-7.31806,0.04790,0.08326
40938,-3.77665,-0.17106,0.28278
40939,3.91094,-0.07638,0.78995
40940,11.28951,-0.01815,0.05184
40941,-13.39329,-0.32333,0.49565
40942,-4.26252,0.12269,0.82514
40943,7.04915,0.25651,0.69855
40944,-2.85552,0.01610,0.09923
40945,9.78091,0.34968,0.35265
40946,-1.19688,0.12385,0.15635
40947,3.31037,-0.06337,0.11605
40948,-4.54279,0.07420,0.11139
40949,-2.28548,-0.18415,0.19926
40950,12.41890,0.27761,0.45573
40951,-3.86405,0.13257,0.79395
40952,10.92309,0.22786,0.43787
40953,-7.87677,-0.14452,0.49881
40954,-7.66972,-0.14130,0.52522
40955,1.05258,0.10183,0.18834
40956,-6.36265,-0.21594,0.47764
40957,2.62795,0.08613,0.69329
40958,-0.13696,0.03326,0.17016
40959,-0.02184,0.09869,0.82590
40960,0.67175,-0.02996,0.13873
40961,1.76615,-0.00465,0.94194
40962,-2.86083,0.04009,0.12428
40963,8.62926,0.28279,0.64074
40964,1.36885,0.14063,0.73402
40965,-8.01386,0.00312,0.97240
40966,8.24831,0.20842,0.31338
40967,-6.89232,-0.15586,0.32023
40968,-3.14250,-0.13678,0.29195
40969,9.88034,0.29235,0.63846
40970,3.83737,-0.05978,0.79517
40971,8.07526,0.29703,0.28869
40972,-13.20248,0.06770,0.87445
40973,6.08496,0.11767,0.59331
40974,-5.12964,0.05359,0.09665
40975,-31.02494,0.00845,0.96094
40976,-7.15072,-0.29481,0.28948
40977,4.06386,-0.00441,0.95865
40978,17.42626,-0.01220,0.95416
40979,19.25357,-0.00872,0.96208
40980,3.52951,-0.00538,0.04376
40981,1.47466,-0.00803,0.07627
40982,11.94990,0.27089,0.42134
40983,-0.76838,-0.18276,0.76513
40984,0.67996,-0.00556,0.08799
40985,-11.72065,0.00278,0.95241
40986,-1.66887,-0.08924,0.79867
40987,21.44591,-0.02448,0.91247
40988,12.62430,-0.01285,0.90765
40989,16.01274,-0.00634,0.93955
40990,-0.22797,0.15306,0.17054
40991,0.22519,-0.00014,0.97046
40992,-4.09792,0.00193,0.97237
40993,9.74852,0.27787,0.63563
40994,-27.43444,0.01634,0.94095
40995,2.60379,-0.00051,0.98286
40996,2.29722,-0.00105,0.97370
40997,5.75477,-0.00366,0.96661
40998,-3.71240,-0.15919,0.70419
40999,8.68155,-0.00372,0.97091
41000,-2.07134,0.00040,0.98274
41001,6.33072,0.27569,0.26646
41002,-11.27147,0.00233,0.97896
41003,1.24917,-0.00041,0.97828
41004,-21.68312,0.00890,0.94093
41005,-15.60533,0.00971,0.95861
41006,0.32329,0.01178,0.21978
41007,5.09710,-0.00044,0.98863
41008,4.01890,-0.00279,0.96672
41009,28.70965,-0.01335,0.94645
41010,0.32183,-0.00011,0.97772
41011,0.45100,0.10209,0.17852
41012,-8.91184,0.00134,0.98323
41013,2.68326,-0.00263,0.96176
41014,2.95908,-0.00146,0.97239
41015,-10.13250,0.00265,0.97673
41016,-6.85719,0.10397,0.84155
41017,-2.13910,0.00206,0.96237
41018,30.05731,-0.01011,0.95610
41019,9.08624,-0.00439,0.96860
41020,2.76172,-0.00092,0.97737
41021,3.22085,-0.00070,0.98167
41022,4.31059,-0.00158,0.97568
41023,0.63036,-0.00020,0.97831
41024,0.06648,-0.00002,0.97852
41025,-12.61184,0.00369,0.97397
41026,13.19977,-0.00193,0.98185
41027,-19.49575,0.00257,0.98090
41028,-23.39280,0.00371,0.97705
41029,-32.26028,0.00455,0.96798
41030,0.79861,-0.00017,0.98258
41031,3.05478,-0.00035,0.98679
41032,3.42001,-0.00034,0.98801
41033,2.80835,-0.00021,0.98965
41034,4.80738,-0.00028,0.99105
41035,4.80326,0.24128,0.25507
41036,-0.75284,0.13034,0.16279
41037,19.15558,-0.01078,0.95742
41038,0.00000,0.00000,0.00000
41039,0.00000,0.00000,0.00000
41040,0.00000,0.00000,0.00000
41041,0.00000,0.00000,0.00000
41042,0.00000,0.00000,0.00000
41043,0.00000,0.00000,0.00000
41044,0.00000,0.00000,0.00000
41045,0.00000,0.00000,0.00000
41046,0.00000,0.00000,0.00000
41047,0.00000,0.00000,0.00000
41048,0.00000,0.00000,0.00000
41049,0.00000,0.00000,0.00000
41050,0.00000,0.00000,0.00000
41051,0.00000,0.00000,0.00000
41052,0.00000,0.00000,0.00000
41053,0.00000,0.00000,0.00000
41054,0.00000,0.00000,0.00000
41055,0.00000,0.00000,0.00000
41056,0.00000,0.00000,0.00000
41057,0.00000,0.00000,0.00000
41058,0.00000,0.00000,0.00000
41059,0.00000,0.00000,0.00000
41060,0.00000,0.00000,0.00000
41061,0.00000,0.00000,0.00000
41062,0.00000,0.00000,0.00000
41063,0.00000,0.00000,0.00000
41064,0.00000,0.00000,0.00000
41065,0.00000,0.00000,0.00000
41066,0.00000,0.00000,0.00000
41067,0.00000,0.00000,0.00000
41068,0.00000,0.00000,0.00000
41069,0.00000,0.00000,0.00000
41070,0.00000,0.00000,0.00000
41071,0.00000,0.00000,0.00000
41072,0.00000,0.00000,0.00000
41073,0.00000,0.00000,0.00000
41074,0.00000,0.00000,0.00000
41075,0.00000,0.00000,0.00000
41076,0.00000,0.00000,0.00000
41077,0.00000,0.00000,0.00000
41078,0.00000,0.00000,0.00000
41079,0.00000,0.00000,0.00000
41080,0.00000,0.00000,0.00000
41081,0.00000,0.00000,0.00000
41082,0.00000,0.00000,0.00000
41083,0.00000,0.00000,0.00000
41084,0.00000,0.00000,0.00000
41085,0.00000,0.00000,0.00000
41086,0.00000,0.00000,0.00000
41087,0.00000,0.00000,0.00000
41088,0.00000,0.00000,0.00000
41089,0.00000,0.00000,0.00000
41090,0.00000,0.00000,0.00000
41091,0.00000,0.00000,0.00000
41092,0.00000,0.00000,0.00000
41093,0.00000,0.00000,0.00000
41094,0.00000,0.00000,0.00000
41095,0.00000,0.00000,0.00000
41096,0.00000,0.00000,0.00000
41097,0.00000,0.00000,0.00000
41098,0.00000,0.00000,0.00000
41099,0.00000,0.00000,0.00000
41100,0.00000,0.00000,0.00000
41101,0.00000,0.00000,0.00000
41102,0.00000,0.00000,0.00000
41103,0.00000,0.00000,0.00000
41104,0.00000,0.00000,0.00000
41105,0.00000,0.00000,0.00000
41106,0.00000,0.00000,0.00000
41107,0.00000,0.00000,0.00000
41108,0.00000,0.00000,0.00000
41109,0.00000,0.00000,0.00000
41110,0.00000,0.00000,0.00000
41111,0.00000,0.00000,0.00000
41112,0.00000,0.00000,0.00000
41113,0.00000,0.00000,0.00000
41114,0.00000,0.00000,0.00000
41115,0.00000,0.00000,0.00000
41116,0.00000,0.00000,0.00000
41117,0.00000,0.00000,0.00000
41118,0.00000,0.00000,0.00000
41119,0.00000,0.00000,0.00000
41120,0.00000,0.00000,0.00000
41121,0.00000,0.00000,0.00000
41122,0.00000,0.00000,0.00000
41123,0.00000,0.00000,0.00000
41124,0.00000,0.00000,0.00000
41125,0.00000,0.00000,0.00000
41126,0.00000,0.00000,0.00000
41127,0.00000,0.00000,0.00000
41128,0.00000,0.00000,0.00000
41129,0.00000,0.00000,0.00000
41130,0.00000,0.00000,0.00000
41131,0.00000,0.00000,0.00000
41132,0.00000,0.00000,0.00000
41133,0.00000,0.00000,0.00000
41134,0.00000,0.00000,0.00000
41135,0.00000,0.00000,0.00000
41136,0.00000,0.00000,0.00000
41137,0.00000,0.00000,0.00000
41138,0.00000,0.00000,0.00000
41139,0.00000,0.00000,0.00000
41140,0.00000,0.00000,0.00000
41141,0.00000,0.00000,0.00000
41142,0.00000,0.00000,0.00000
41143,0.00000,0.00000,0.00000
41144,0.00000,0.00000,0.00000
41145,0.00000,0.00000,0.00000
41146,0.00000,0.00000,0.00000
41147,0.00000,0.00000,0.00000
41148,0.00000,0.00000,0.00000
41149,0.00000,0.00000,0.00000
41150,0.00000,0.00000,0.00000
41151,0.00000,0.00000,0.00000
41152,0.00000,0.00000,0.00000
41153,0.00000,0.00000,0.00000
41154,0.00000,0.00000,0.00000
41155,0.00000,0.00000,0.00000
41156,0.00000,0.00000,0.00000
41157,0.00000,0.00000,0.00000
41158,0.00000,0.00000,0.00000
41159,0.00000,0.00000,0.00000
41160,0.00000,0.00000,0.00000
41161,0.00000,0.00000,0.00000
41162,0.00000,0.00000,0.00000
41163,0.00000,0.00000,0.00000
41164,0.00000,0.00000,0.00000
41165,0.00000,0.00000,0.00000
41166,0.00000,0.00000,0.00000
41167,0.00000,0.00000,0.00000
41168,0.00000,0.00000,0.00000
41169,0.00000,0.00000,0.00000
41170,0.00000,0.00000,0.00000
41171,0.00000,0.00000,0.00000
41172,0.00000,0.00000,0.00000
41173,0.00000,0.00000,0.00000
41174,0.00000,0.00000,0.00000
41175,0.00000,0.00000,0.00000
41176,0.00000,0.00000,0.00000
41177,0.00000,0.00000,0.00000
41178,0.00000,0.00000,0.00000
41179,0.00000,0.00000,0.00000
41180,0.00000,0.00000,0.00000
41181,0.00000,0.00000,0.00000
41182,0.00000,0.00000,0.00000
41183,0.00000,0.00000,0.00000
41184,0.00000,0.00000,0.00000
41185,0.00000,0.00000,0.00000
41186,0.00000,0.00000,0.00000
41187,0.00000,0.00000,0.00000
41188,0.00000,0.00000,0.00000
41189,0.00000,0.00000,0.00000
41190,0.00000,0.00000,0.00000
41191,0.00000,0.00000,0.00000
41192,0.00000,0.00000,0.00000
41193,0.00000,0.00000,0.00000
41194,0.00000,0.00000,0.00000
41195,0.00000,0.00000,0.00000
41196,0.00000,0.00000,0.00000
41197,0.00000,0.00000,0.00000
41198,0.00000,0.00000,0.00000
41199,0.00000,0.00000,0.00000
41200,0.00000,0.00000,0.00000
41201,0.00000,0.00000,0.00000
41202,0.00000,0.00000,0.00000
41203,0.00000,0.00000,0.00000
41204,0.00000,0.00000,0.00000
41205,0.00000,0.00000,0.00000
41206,0.00000,0.00000,0.00000
41207,0.00000,0.00000,0.00000
41208,0.00000,0.00000,0.00000
41209,0.00000,0.00000,0.00000
41210,0.00000,0.00000,0.00000
41211,0.00000,0.00000,0.00000
41212,0.00000,0.00000,0.00000
41213,0.00000,0.00000,0.00000
41214,0.00000,0.00000,0.00000
41215,0.00000,0.00000,0.00000
41216,0.00000,0.00000,0.00000
41217,0.00000,0.00000,0.00000
41218,0.00000,0.00000,0.00000
41219,0.00000,0.00000,0.00000
41220,0.00000,0.00000,0.00000
41221,0.00000,0.00000,0.00000
41222,0.00000,0.00000,0.00000
41223,0.00000,0.00000,0.00000
41224,0.00000,0.00000,0.00000
41225,0.00000,0.00000,0.00000
41226,0.00000,0.00000,0.00000
41227,0.00000,0.00000,0.00000
41228,0.00000,0.00000,0.00000
41229,0.00000,0.00000,0.00000
41230,0.00000,0.00000,0.00000
41231,0.00000,0.00000,0.00000
41232,0.00000,0.00000,0.00000
41233,0.00000,0.00000,0.00000
41234,0.00000,0.00000,0.00000
41235,0.00000,0.00000,0.00000
41236,0.00000,0.00000,0.00000
41237,0.00000,0.00000,0.00000
41238,0.00000,0.00000,0.00000
41239,0.00000,0.00000,0.00000
41240,0.00000,0.00000,0.00000
41241,0.00000,0.00000,0.00000
41242,0.00000,0.00000,0.00000
41243,0.00000,0.00000,0.00000
41244,0.00000,0.00000,0.00000
41245,0.00000,0.00000,0.00000
41246,0.00000,0.00000,0.00000
41247,0.00000,0.00000,0.00000
41248,0.00000,0.00000,0.00000
41249,0.00000,0.00000,0.00000
41250,0.00000,0.00000,0.00000
41251,0.00000,0.00000,0.00000
41252,0.00000,0.00000,0.00000
41253,0.00000,0.00000,0.00000
41254,0.00000,0.00000,0.00000
41255,0.00000,0.00000,0.00000
41256,0.00000,0.00000,0.00000
41257,0.00000,0.00000,0.00000
41258,0.00000,0.00000,0.00000
41259,0.00000,0.00000,0.00000
41260,0.00000,0.00000,0.00000
41261,0.00000,0.00000,0.00000
41262,0.00000,0.00000,0.00000
41263,0.00000,0.00000,0.00000
41264,0.00000,0.00000,0.00000
41265,0.00000,0.00000,0.00000
41266,0.00000,0.00000,0.00000
41267,0.00000,0.00000,0.00000
41268,0.00000,0.00000,0.00000
41269,0.00000,0.00000,0.00000
41270,0.00000,0.00000,0.00000
41271,0.00000,0.00000,0.00000
41272,0.00000,0.00000,0.00000
41273,0.00000,0.00000,0.00000
41274,0.00000,0.00000,0.00000
41275,0.00000,0.00000,0.00000
41276,0.00000,0.00000,0.00000
41277,0.00000,0.00000,0.00000
41278,0.00000,0.00000,0.00000
41279,0.00000,0.00000,0.00000
41280,0.00000,0.00000,0.00000
41281,0.00000,0.00000,0.00000
41282,0.00000,0.00000,0.00000
41283,0.00000,0.00000,0.00000
41284,0.00000,0.00000,0.00000
41285,0.00000,0.00000,0.00000
41286,0.00000,0.00000,0.00000
41287,0.00000,0.00000,0.00000
41288,0.00000,0.00000,0.00000
41289,0.00000,0.00000,0.00000
41290,0.00000,0.00000,0.00000
41291,0.00000,0.00000,0.00000
41292,0.00000,0.00000,0.00000
41293,0.00000,0.00000,0.00000
41294,0.00000,0.00000,0.00000
41295,0.00000,0.00000,0.00000
41296,0.00000,0.00000,0.00000
41297,0.00000,0.00000,0.00000
41298,0.00000,0.00000,0.00000
41299,0.00000,0.00000,0.00000
41300,0.00000,0.00000,0.00000
41301,0.00000,0.00000,0.00000
41302,0.00000,0.00000,0.00000
41303,0.00000,0.00000,0.00000
41304,0.00000,0.00000,0.00000
41305,0.00000,0.00000,0.00000
41306,0.00000,0.00000,0.00000
41307,0.00000,0.00000,0.00000
41308,0.00000,0.00000,0.00000
41309,0.00000,0.00000,0.00000
41310,0.00000,0.00000,0.00000
41311,0.00000,0.00000,0.00000
41312,0.00000,0.00000,0.00000
41313,0.00000,0.00000,0.00000
41314,0.00000,0.00000,0.00000
41315,0.00000,0.00000,0.00000
41316,0.00000,0.00000,0.00000
41317,0.00000,0.00000,0.00000
41318,0.00000,0.00000,0.00000
41319,0.00000,0.00000,0.00000
41320,0.00000,0.00000,0.00000
41321,0.00000,0.00000,0.00000
41322,0.00000,0.00000,0.00000
41323,0.00000,0.00000,0.00000
41324,0.00000,0.00000,0.00000
41325,0.00000,0.00000,0.00000
41326,0.00000,0.00000,0.00000
41327,0.00000,0.00000,0.00000
41328,0.00000,0.00000,0.00000
41329,0.00000,0.00000,0.00000
41330,0.00000,0.00000,0.00000
41331,0.00000,0.00000,0.00000
41332,0.00000,0.00000,0.00000
41333,0.00000,0.00000,0.00000
41334,0.00000,0.00000,0.00000
41335,0.00000,0.00000,0.00000
41336,0.00000,0.00000,0.00000
41337,0.00000,0.00000,0.00000
41338,0.00000,0.00000,0.00000
41339,0.00000,0.00000,0.00000
41340,0.00000,0.00000,0.00000
41341,0.00000,0.00000,0.00000
41342,0.00000,0.00000,0.00000
41343,0.00000,0.00000,0.00000
41344,0.00000,0.00000,0.00000
41345,0.00000,0.00000,0.00000
41346,0.00000,0.00000,0.00000
41347,0.00000,0.00000,0.00000
41348,0.00000,0.00000,0.00000
41349,0.00000,0.00000,0.00000
41350,0.00000,0.00000,0.00000
41351,0.00000,0.00000,0.00000
41352,0.00000,0.00000,0.00000
41353,0.00000,0.00000,0.00000
41354,0.00000,0.00000,0.00000
41355,0.00000,0.00000,0.00000
41356,0.00000,0.00000,0.00000
41357,0.00000,0.00000,0.00000
41358,0.00000,0.00000,0.00000
41359,0.00000,0.00000,0.00000
41360,0.00000,0.00000,0.00000
41361,0.00000,0.00000,0.00000
41362,0.00000,0.00000,0.00000
41363,0.00000,0.00000,0.00000
41364,0.00000,0.00000,0.00000
41365,0.00000,0.00000,0.00000
41366,0.00000,0.00000,0.00000
41367,0.00000,0.00000,0.00000
41368,0.00000,0.00000,0.00000
41369,0.00000,0.00000,0.00000
41370,0.00000,0.00000,0.00000
41371,0.00000,0.00000,0.00000
41372,0.00000,0.00000,0.00000
41373,0.00000,0.00000,0.00000
41374,0.00000,0.00000,0.00000
41375,0.00000,0.00000,0.00000
41376,0.00000,0.00000,0.00000
41377,0.00000,0.00000,0.00000
41378,0.00000,0.00000,0.00000
41379,0.00000,0.00000,0.00000
41380,0.00000,0.00000,0.00000
41381,0.00000,0.00000,0.00000
41382,0.00000,0.00000,0.00000
41383,0.00000,0.00000,0.00000
41384,0.00000,0.00000,0.00000
41385,0.00000,0.00000,0.00000
41386,0.00000,0.00000,0.00000
41387,0.00000,0.00000,0.00000
41388,0.00000,0.00000,0.00000
41389,0.00000,0.00000,0.00000
41390,0.00000,0.00000,0.00000
41391,0.00000,0.00000,0.00000
41392,0.00000,0.00000,0.00000
41393,0.00000,0.00000,0.00000
41394,0.00000,0.00000,0.00000
41395,0.00000,0.00000,0.00000
41396,0.00000,0.00000,0.00000
41397,0.00000,0.00000,0.00000
41398,0.00000,0.00000,0.00000
41399,0.00000,0.00000,0.00000
41400,0.00000,0.00000,0.00000
41401,0.00000,0.00000,0.00000
41402,0.00000,0.00000,0.00000
41403,0.00000,0.00000,0.00000
41404,0.00000,0.00000,0.00000
41405,0.00000,0.00000,0.00000
41406,0.00000,0.00000,0.00000
41407,0.00000,0.00000,0.00000
41408,0.00000,0.00000,0.00000
41409,0.00000,0.00000,0.00000
41410,0.00000,0.00000,0.00000
41411,0.00000,0.00000,0.00000
41412,0.00000,0.00000,0.00000
41413,0.00000,0.00000,0.00000
41414,0.00000,0.00000,0.00000
41415,0.00000,0.00000,0.00000
41416,0.00000,0.00000,0.00000
41417,0.00000,0.00000,0.00000
41418,0.00000,0.00000,0.00000
41419,0.00000,0.00000,0.00000
41420,0.00000,0.00000,0.00000
41421,0.00000,0.00000,0.00000
41422,0.00000,0.00000,0.00000
41423,0.00000,0.00000,0.00000
41424,0.00000,0.00000,0.00000
41425,0.00000,0.00000,0.00000
41426,0.00000,0.00000,0.00000
41427,0.00000,0.00000,0.00000
41428,0.00000,0.00000,0.00000
41429,0.00000,0.00000,0.00000
41430,0.00000,0.00000,0.00000
41431,0.00000,0.00000,0.00000
41432,0.00000,0.00000,0.00000
41433,0.00000,0.00000,0.00000
41434,0.00000,0.00000,0.00000
41435,0.00000,0.00000,0.00000
41436,0.00000,0.00000,0.00000
41437,0.00000,0.00000,0.00000
41438,0.00000,0.00000,0.00000
41439,0.00000,0.00000,0.00000
41440,0.00000,0.00000,0.00000
41441,0.00000,0.00000,0.00000
41442,0.00000,0.00000,0.00000
41443,0.00000,0.00000,0.00000
41444,0.00000,0.00000,0.00000
41445,0.00000,0.00000,0.00000
41446,0.00000,0.00000,0.00000
41447,0.00000,0.00000,0.00000
41448,0.00000,0.00000,0.00000
41449,0.00000,0.00000,0.00000
41450,0.00000,0.00000,0.00000
41451,0.00000,0.00000,0.00000
41452,0.00000,0.00000,0.00000
41453,0.00000,0.00000,0.00000
41454,0.00000,0.00000,0.00000
41455,0.00000,0.00000,0.00000
41456,0.00000,0.00000,0.00000
41457,0.00000,0.00000,0.00000
41458,0.00000,0.00000,0.00000
41459,0.00000,0.00000,0.00000
41460,0.00000,0.00000,0.00000
41461,0.00000,0.00000,0.00000
41462,0.00000,0.00000,0.00000
41463,0.00000,0.00000,0.00000
41464,0.00000,0.00000,0.00000
41465,0.00000,0.00000,0.00000
41466,0.00000,0.00000,0.00000
41467,0.00000,0.00000,0.00000
41468,0.00000,0.00000,0.00000
41469,0.00000,0.00000,0.00000
41470,0.00000,0.00000,0.00000
41471,0.00000,0.00000,0.00000
41472,0.00000,0.00000,0.00000
41473,0.00000,0.00000,0.00000
41474,0.00000,0.00000,0.00000
41475,0.00000,0.00000,0.00000
41476,0.00000,0.00000,0.00000
41477,0.00000,0.00000,0.00000
41478,0.00000,0.00000,0.00000
41479,0.00000,0.00000,0.00000
41480,0.00000,0.00000,0.00000
41481,0.00000,0.00000,0.00000
41482,0.00000,0.00000,0.00000
41483,0.00000,0.00000,0.00000
41484,0.00000,0.00000,0.00000
41485,0.00000,0.00000,0.00000
41486,0.00000,0.00000,0.00000
41487,0.00000,0.00000,0.00000
41488,0.00000,0.00000,0.00000
41489,0.00000,0.00000,0.00000
41490,0.00000,0.00000,0.00000
41491,0.00000,0.00000,0.00000
41492,0.00000,0.00000,0.00000
41493,0.00000,0.00000,0.00000
41494,0.00000,0.00000,0.00000
41495,0.00000,0.00000,0.00000
41496,0.00000,0.00000,0.00000
41497,0.00000,0.00000,0.00000
41498,0.00000,0.00000,0.00000
41499,0.00000,0.00000,0.00000
41500,0.00000,0.00000,0.00000
41501,0.00000,0.00000,0.00000
41502,0.00000,0.00000,0.00000
41503,0.00000,0.00000,0.00000
41504,0.00000,0.00000,0.00000
41505,0.00000,0.00000,0.00000
41506,0.00000,0.00000,0.00000
41507,0.00000,0.00000,0.00000
41508,0.00000,0.00000,0.00000
41509,0.00000,0.00000,0.00000
41510,0.00000,0.00000,0.00000
41511,0.00000,0.00000,0.00000
41512,0.00000,0.00000,0.00000
41513,0.00000,0.00000,0.00000
41514,0.00000,0.00000,0.00000
41515,0.00000,0.00000,0.00000
41516,0.00000,0.00000,0.00000
41517,0.00000,0.00000,0.00000
41518,0.00000,0.00000,0.00000
41519,0.00000,0.00000,0.00000
41520,0.00000,0.00000,0.00000
41521,0.00000,0.00000,0.00000
41522,0.00000,0.00000,0.00000
41523,0.00000,0.00000,0.00000
41524,0.00000,0.00000,0.00000
41525,0.00000,0.00000,0.00000
41526,0.00000,0.00000,0.00000
41527,0.00000,0.00000,0.00000
41528,0.00000,0.00000,0.00000
41529,0.00000,0.00000,0.00000
41530,0.00000,0.00000,0.00000
41531,0.00000,0.00000,0.00000
41532,0.00000,0.00000,0.00000
41533,0.00000,0.00000,0.00000
41534,0.00000,0.00000,0.00000
41535,0.00000,0.00000,0.00000
41536,0.00000,0.00000,0.00000
41537,0.00000,0.00000,0.00000
41538,0.00000,0.00000,0.00000
41539,0.00000,0.00000,0.00000
41540,0.00000,0.00000,0.00000
41541,0.00000,0.00000,0.00000
41542,0.00000,0.00000,0.00000
41543,0.00000,0.00000,0.00000
41544,0.00000,0.00000,0.00000
41545,0.00000,0.00000,0.00000
41546,0.00000,0.00000,0.00000
41547,0.00000,0.00000,0.00000
41548,0.00000,0.00000,0.00000
41549,0.00000,0.00000,0.00000
41550,0.00000,0.00000,0.00000
41551,0.00000,0.00000,0.00000
41552,0.00000,0.00000,0.00000
41553,0.00000,0.00000,0.00000
41554,0.00000,0.00000,0.00000
41555,0.00000,0.00000,0.00000
41556,0.00000,0.00000,0.00000
41557,0.00000,0.00000,0.00000
41558,0.00000,0.00000,0.00000
41559,0.00000,0.00000,0.00000
41560,0.00000,0.00000,0.00000
41561,0.00000,0.00000,0.00000
41562,0.00000,0.00000,0.00000
41563,0.00000,0.00000,0.00000
41564,0.00000,0.00000,0.00000
41565,0.00000,0.00000,0.00000
41566,0.00000,0.00000,0.00000
41567,0.00000,0.00000,0.00000
41568,0.00000,0.00000,0.00000
41569,0.00000,0.00000,0.00000
41570,0.00000,0.00000,0.00000
41571,0.00000,0.00000,0.00000
41572,0.00000,0.00000,0.00000
41573,0.00000,0.00000,0.00000
41574,0.00000,0.00000,0.00000
41575,0.00000,0.00000,0.00000
41576,0.00000,0.00000,0.00000
41577,0.00000,0.00000,0.00000
41578,0.00000,0.00000,0.00000
41579,0.00000,0.00000,0.00000
41580,0.00000,0.00000,0.00000
41581,0.00000,0.00000,0.00000
41582,0.00000,0.00000,0.00000
41583,0.00000,0.00000,0.00000
41584,0.00000,0.00000,0.00000
41585,0.00000,0.00000,0.00000
41586,0.00000,0.00000,0.00000
41587,0.00000,0.00000,0.00000
41588,0.00000,0.00000,0.00000
41589,0.00000,0.00000,0.00000
41590,0.00000,0.00000,0.00000
41591,0.00000,0.00000,0.00000
41592,0.00000,0.00000,0.00000
41593,0.00000,0.00000,0.00000
41594,0.00000,0.00000,0.00000
41595,0.00000,0.00000,0.00000
41596,0.00000,0.00000,0.00000
41597,0.00000,0.00000,0.00000
41598,0.00000,0.00000,0.00000
41599,0.00000,0.00000,0.00000
41600,0.00000,0.00000,0.00000
41601,0.00000,0.00000,0.00000
41602,0.00000,0.00000,0.00000
41603,0.00000,0.00000,0.00000
41604,0.00000,0.00000,0.00000
41605,0.00000,0.00000,0.00000
41606,0.00000,0.00000,0.00000
41607,0.00000,0.00000,0.00000
41608,0.00000,0.00000,0.00000
41609,0.00000,0.00000,0.00000
41610,0.00000,0.00000,0.00000
41611,0.00000,0.00000,0.00000
41612,0.00000,0.00000,0.00000
41613,0.00000,0.00000,0.00000
41614,0.00000,0.00000,0.00000
41615,0.00000,0.00000,0.00000
41616,0.00000,0.00000,0.00000
41617,0.00000,0.00000,0.00000
41618,0.00000,0.00000,0.00000
41619,0.00000,0.00000,0.00000
41620,0.00000,0.00000,0.00000
41621,0.00000,0.00000,0.00000
41622,0.00000,0.00000,0.00000
41623,0.00000,0.00000,0.00000
41624,0.00000,0.00000,0.00000
41625,0.00000,0.00000,0.00000
41626,0.00000,0.00000,0.00000
41627,0.00000,0.00000,0.00000
41628,0.00000,0.00000,0.00000
41629,0.00000,0.00000,0.00000
41630,0.00000,0.00000,0.00000
41631,0.00000,0.00000,0.00000
41632,0.00000,0.00000,0.00000
41633,0.00000,0.00000,0.00000
41634,0.00000,0.00000,0.00000
41635,0.00000,0.00000,0.00000
41636,0.00000,0.00000,0.00000
41637,0.00000,0.00000,0.00000
41638,0.00000,0.00000,0.00000
41639,0.00000,0.00000,0.00000
41640,0.00000,0.00000,0.00000
41641,0.00000,0.00000,0.00000
41642,0.00000,0.00000,0.00000
41643,0.00000,0.00000,0.00000
41644,0.00000,0.00000,0.00000
41645,0.00000,0.00000,0.00000
41646,0.00000,0.00000,0.00000
41647,0.00000,0.00000,0.00000
41648,0.00000,0.00000,0.00000
41649,0.00000,0.00000,0.00000
41650,0.00000,0.00000,0.00000
41651,0.00000,0.00000,0.00000
41652,0.00000,0.00000,0.00000
41653,0.00000,0.00000,0.00000
41654,0.00000,0.00000,0.00000
41655,0.00000,0.00000,0.00000
41656,0.00000,0.00000,0.00000
41657,0.00000,0.00000,0.00000
41658,0.00000,0.00000,0.00000
41659,0.00000,0.00000,0.00000
41660,0.00000,0.00000,0.00000
41661,0.00000,0.00000,0.00000
41662,0.00000,0.00000,0.00000
41663,0.00000,0.00000,0.00000
41664,0.00000,0.00000,0.00000
41665,0.00000,0.00000,0.00000
41666,0.00000,0.00000,0.00000
41667,0.00000,0.00000,0.00000
41668,0.00000,0.00000,0.00000
41669,0.00000,0.00000,0.00000
41670,0.00000,0.00000,0.00000
41671,0.00000,0.00000,0.00000
41672,0.00000,0.00000,0.00000
41673,0.00000,0.00000,0.00000
41674,0.00000,0.00000,0.00000
41675,0.00000,0.00000,0.00000
41676,0.00000,0.00000,0.00000
41677,0.00000,0.00000,0.00000
41678,0.00000,0.00000,0.00000
41679,0.00000,0.00000,0.00000
41680,0.00000,0.00000,0.00000
41681,0.00000,0.00000,0.00000
41682,0.00000,0.00000,0.00000
41683,0.00000,0.00000,0.00000
41684,0.00000,0.00000,0.00000
41685,0.00000,0.00000,0.00000
41686,0.00000,0.00000,0.00000
41687,0.00000,0.00000,0.00000
41688,0.00000,0.00000,0.00000
41689,0.00000,0.00000,0.00000
41690,0.00000,0.00000,0.00000
41691,0.00000,0.00000,0.00000
41692,0.00000,0.00000,0.00000
41693,0.00000,0.00000,0.00000
41694,0.00000,0.00000,0.00000
41695,0.00000,0.00000,0.00000
41696,0.00000,0.00000,0.00000
41697,0.00000,0.00000,0.00000
41698,0.00000,0.00000,0.00000
41699,0.00000,0.00000,0.00000
41700,0.00000,0.00000,0.00000
41701,0.00000,0.00000,0.00000
41702,0.00000,0.00000,0.00000
41703,0.00000,0.00000,0.00000
41704,0.00000,0.00000,0.00000
41705,0.00000,0.00000,0.00000
41706,0.00000,0.00000,0.00000
41707,0.00000,0.00000,0.00000
41708,0.00000,0.00000,0.00000
41709,0.00000,0.00000,0.00000
41710,0.00000,0.00000,0.00000
41711,0.00000,0.00000,0.00000
41712,0.00000,0.00000,0.00000
41713,0.00000,0.00000,0.00000
41714,0.00000,0.00000,0.00000
41715,0.00000,0.00000,0.00000
41716,0.00000,0.00000,0.00000
41717,0.00000,0.00000,0.00000
41718,0.00000,0.00000,0.00000
41719,0.00000,0.00000,0.00000
41720,0.00000,0.00000,0.00000
41721,0.00000,0.00000,0.00000
41722,0.00000,0.00000,0.00000
41723,0.00000,0.00000,0.00000
41724,0.00000,0.00000,0.00000
41725,0.00000,0.00000,0.00000
41726,0.00000,0.00000,0.00000
41727,0.00000,0.00000,0.00000
41728,0.00000,0.00000,0.00000
41729,0.00000,0.00000,0.00000
41730,0.00000,0.00000,0.00000
41731,0.00000,0.00000,0.00000
41732,0.00000,0.00000,0.00000
41733,0.00000,0.00000,0.00000
41734,0.00000,0.00000,0.00000
41735,0.00000,0.00000,0.00000
41736,0.00000,0.00000,0.00000
41737,0.00000,0.00000,0.00000
41738,0.00000,0.00000,0.00000
41739,0.00000,0.00000,0.00000
41740,0.00000,0.00000,0.00000
41741,0.00000,0.00000,0.00000
41742,0.00000,0.00000,0.00000
41743,0.00000,0.00000,0.00000
41744,0.00000,0.00000,0.00000
41745,0.00000,0.00000,0.00000
41746,0.00000,0.00000,0.00000
41747,0.00000,0.00000,0.00000
41748,0.00000,0.00000,0.00000
41749,0.00000,0.00000,0.00000
41750,0.00000,0.00000,0.00000
41751,0.00000,0.00000,0.00000
41752,0.00000,0.00000,0.00000
41753,0.00000,0.00000,0.00000
41754,0.00000,0.00000,0.00000
41755,0.00000,0.00000,0.00000
41756,0.00000,0.00000,0.00000
41757,0.00000,0.00000,0.00000
41758,0.00000,0.00000,0.00000
41759,0.00000,0.00000,0.00000
41760,0.00000,0.00000,0.00000
41761,0.00000,0.00000,0.00000
41762,0.00000,0.00000,0.00000
41763,0.00000,0.00000,0.00000
41764,0.00000,0.00000,0.00000
41765,0.00000,0.00000,0.00000
41766,0.00000,0.00000,0.00000
41767,0.00000,0.00000,0.00000
41768,0.00000,0.00000,0.00000
41769,0.00000,0.00000,0.00000
41770,0.00000,0.00000,0.00000
41771,0.00000,0.00000,0.00000
41772,0.00000,0.00000,0.00000
41773,0.00000,0.00000,0.00000
41774,0.00000,0.00000,0.00000
41775,0.00000,0.00000,0.00000
41776,0.00000,0.00000,0.00000
41777,0.00000,0.00000,0.00000
41778,0.00000,0.00000,0.00000
41779,0.00000,0.00000,0.00000
41780,0.00000,0.00000,0.00000
41781,0.00000,0.00000,0.00000
41782,0.00000,0.00000,0.00000
41783,0.00000,0.00000,0.00000
41784,0.00000,0.00000,0.00000
41785,0.00000,0.00000,0.00000
41786,0.00000,0.00000,0.00000
41787,0.00000,0.00000,0.00000
41788,0.00000,0.00000,0.00000
41789,0.00000,0.00000,0.00000
41790,0.00000,0.00000,0.00000
41791,0.00000,0.00000,0.00000
41792,0.00000,0.00000,0.00000
41793,0.00000,0.00000,0.00000
41794,0.00000,0.00000,0.00000
41795,0.00000,0.00000,0.00000
41796,0.00000,0.00000,0.00000
41797,0.00000,0.00000,0.00000
41798,0.00000,0.00000,0.00000
41799,0.00000,0.00000,0.00000
41800,0.00000,0.00000,0.00000
41801,0.00000,0.00000,0.00000
41802,0.00000,0.00000,0.00000
41803,0.00000,0.00000,0.00000
41804,0.00000,0.00000,0.00000
41805,0.00000,0.00000,0.00000
41806,0.00000,0.00000,0.00000
41807,0.00000,0.00000,0.00000
41808,0.00000,0.00000,0.00000
41809,0.00000,0.00000,0.00000
41810,0.00000,0.00000,0.00000
41811,0.00000,0.00000,0.00000
41812,0.00000,0.00000,0.00000
41813,0.00000,0.00000,0.00000
41814,0.00000,0.00000,0.00000
41815,0.00000,0.00000,0.00000
41816,0.00000,0.00000,0.00000
41817,0.00000,0.00000,0.00000
41818,0.00000,0.00000,0.00000
41819,0.00000,0.00000,0.00000
41820,0.00000,0.00000,0.00000
41821,0.00000,0.00000,0.00000
41822,0.00000,0.00000,0.00000
41823,0.00000,0.00000,0.00000
41824,0.00000,0.00000,0.00000
41825,0.00000,0.00000,0.00000
41826,0.00000,0.00000,0.00000
41827,0.00000,0.00000,0.00000
41828,0.00000,0.00000,0.00000
41829,0.00000,0.00000,0.00000
41830,0.00000,0.00000,0.00000
41831,0.00000,0.00000,0.00000
41832,0.00000,0.00000,0.00000
41833,0.00000,0.00000,0.00000
41834,0.00000,0.00000,0.00000
41835,0.00000,0.00000,0.00000
41836,0.00000,0.00000,0.00000
41837,0.00000,0.00000,0.00000
41838,0.00000,0.00000,0.00000
41839,0.00000,0.00000,0.00000
41840,0.00000,0.00000,0.00000
41841,0.00000,0.00000,0.00000
41842,0.00000,0.00000,0.00000
41843,0.00000,0.00000,0.00000
41844,0.00000,0.00000,0.00000
41845,0.00000,0.00000,0.00000
41846,0.00000,0.00000,0.00000
41847,0.00000,0.00000,0.00000
41848,0.00000,0.00000,0.00000
41849,0.00000,0.00000,0.00000
41850,0.00000,0.00000,0.00000
41851,0.00000,0.00000,0.00000
41852,0.00000,0.00000,0.00000
41853,0.00000,0.00000,0.00000
41854,0.00000,0.00000,0.00000
41855,0.00000,0.00000,0.00000
41856,0.00000,0.00000,0.00000
41857,0.00000,0.00000,0.00000
41858,0.00000,0.00000,0.00000
41859,0.00000,0.00000,0.00000
41860,0.00000,0.00000,0.00000
41861,0.00000,0.00000,0.00000
41862,0.00000,0.00000,0.00000
41863,0.00000,0.00000,0.00000
41864,0.00000,0.00000,0.00000
41865,0.00000,0.00000,0.00000
41866,0.00000,0.00000,0.00000
41867,0.00000,0.00000,0.00000
41868,0.00000,0.00000,0.00000
41869,0.00000,0.00000,0.00000
41870,0.00000,0.00000,0.00000
41871,0.00000,0.00000,0.00000
41872,0.00000,0.00000,0.00000
41873,0.00000,0.00000,0.00000
41874,0.00000,0.00000,0.00000
41875,0.00000,0.00000,0.00000
41876,0.00000,0.00000,0.00000
41877,0.00000,0.00000,0.00000
41878,0.00000,0.00000,0.00000
41879,0.00000,0.00000,0.00000
41880,0.00000,0.00000,0.00000
41881,0.00000,0.00000,0.00000
41882,0.00000,0.00000,0.00000
41883,0.00000,0.00000,0.00000
41884,0.00000,0.00000,0.00000
41885,0.00000,0.00000,0.00000
41886,0.00000,0.00000,0.00000
41887,0.00000,0.00000,0.00000
41888,0.00000,0.00000,0.00000
41889,0.00000,0.00000,0.00000
41890,0.00000,0.00000,0.00000
41891,0.00000,0.00000,0.00000
41892,0.00000,0.00000,0.00000
41893,0.00000,0.00000,0.00000
41894,0.00000,0.00000,0.00000
41895,0.00000,0.00000,0.00000
41896,0.00000,0.00000,0.00000
41897,0.00000,0.00000,0.00000
41898,0.00000,0.00000,0.00000
41899,0.00000,0.00000,0.00000
41900,0.00000,0.00000,0.00000
41901,0.00000,0.00000,0.00000
41902,0.00000,0.00000,0.00000
41903,0.00000,0.00000,0.00000
41904,0.00000,0.00000,0.00000
41905,0.00000,0.00000,0.00000
41906,0.00000,0.00000,0.00000
41907,0.00000,0.00000,0.00000
41908,0.00000,0.00000,0.00000
41909,0.00000,0.00000,0.00000
41910,0.00000,0.00000,0.00000
41911,0.00000,0.00000,0.00000
41912,0.00000,0.00000,0.00000
41913,0.00000,0.00000,0.00000
41914,0.00000,0.00000,0.00000
41915,0.00000,0.00000,0.00000
41916,0.00000,0.00000,0.00000
41917,0.00000,0.00000,0.00000
41918,0.00000,0.00000,0.00000
41919,0.00000,0.00000,0.00000
41920,0.00000,0.00000,0.00000
41921,0.00000,0.00000,0.00000
41922,0.00000,0.00000,0.00000
41923,0.00000,0.00000,0.00000
41924,0.00000,0.00000,0.00000
41925,0.00000,0.00000,0.00000
41926,0.00000,0.00000,0.00000
41927,0.00000,0.00000,0.00000
41928,0.00000,0.00000,0.00000
41929,0.00000,0.00000,0.00000
41930,0.00000,0.00000,0.00000
41931,0.00000,0.00000,0.00000
41932,0.00000,0.00000,0.00000
41933,0.00000,0.00000,0.00000
41934,0.00000,0.00000,0.00000
41935,0.00000,0.00000,0.00000
41936,0.00000,0.00000,0.00000
41937,0.00000,0.00000,0.00000
41938,0.00000,0.00000,0.00000
41939,0.00000,0.00000,0.00000
41940,0.00000,0.00000,0.00000
41941,0.00000,0.00000,0.00000
41942,0.00000,0.00000,0.00000
41943,0.00000,0.00000,0.00000
41944,0.00000,0.00000,0.00000
41945,0.00000,0.00000,0.00000
41946,0.00000,0.00000,0.00000
41947,0.00000,0.00000,0.00000
41948,0.00000,0.00000,0.00000
41949,0.00000,0.00000,0.00000
41950,0.00000,0.00000,0.00000
41951,0.00000,0.00000,0.00000
41952,0.00000,0.00000,0.00000
41953,0.00000,0.00000,0.00000
41954,0.00000,0.00000,0.00000
41955,0.00000,0.00000,0.00000
41956,0.00000,0.00000,0.00000
41957,0.00000,0.00000,0.00000
41958,0.00000,0.00000,0.00000
41959,0.00000,0.00000,0.00000
41960,0.00000,0.00000,0.00000
41961,0.00000,0.00000,0.00000
41962,0.00000,0.00000,0.00000
41963,0.00000,0.00000,0.00000
41964,0.00000,0.00000,0.00000
41965,0.00000,0.00000,0.00000
41966,0.00000,0.00000,0.00000
41967,0.00000,0.00000,0.00000
41968,0.00000,0.00000,0.00000
41969,0.00000,0.00000,0.00000
41970,0.00000,0.00000,0.00000
41971,0.00000,0.00000,0.00000
41972,0.00000,0.00000,0.00000
41973,0.00000,0.00000,0.00000
41974,0.00000,0.00000,0.00000
41975,0.00000,0.00000,0.00000
41976,0.00000,0.00000,0.00000
41977,0.00000,0.00000,0.00000
41978,0.00000,0.00000,0.00000
41979,0.00000,0.00000,0.00000
41980,0.00000,0.00000,0.00000
41981,0.00000,0.00000,0.00000
41982,0.00000,0.00000,0.00000
41983,0.00000,0.00000,0.00000
41984,0.00000,0.00000,0.00000
41985,0.00000,0.00000,0.00000
41986,0.00000,0.00000,0.00000
41987,0.00000,0.00000,0.00000
41988,0.00000,0.00000,0.00000
41989,0.00000,0.00000,0.00000
41990,0.00000,0.00000,0.00000
41991,0.00000,0.00000,0.00000
41992,0.00000,0.00000,0.00000
41993,0.00000,0.00000,0.00000
41994,0.00000,0.00000,0.00000
41995,0.00000,0.00000,0.00000
41996,0.00000,0.00000,0.00000
41997,0.00000,0.00000,0.00000
41998,0.00000,0.00000,0.00000
41999,0.00000,0.00000,0.00000
42000,0.00000,0.00000,0.00000
42001,0.00000,0.00000,0.00000
42002,0.00000,0.00000,0.00000
42003,0.00000,0.00000,0.00000
42004,0.00000,0.00000,0.00000
42005,0.00000,0.00000,0.00000
42006,0.00000,0.00000,0.00000
42007,0.00000,0.00000,0.00000
42008,0.00000,0.00000,0.00000
42009,0.00000,0.00000,0.00000
42010,0.00000,0.00000,0.00000
42011,0.00000,0.00000,0.00000
42012,0.00000,0.00000,0.00000
42013,0.00000,0.00000,0.00000
42014,0.00000,0.00000,0.00000
42015,0.00000,0.00000,0.00000
42016,0.00000,0.00000,0.00000
42017,0.00000,0.00000,0.00000
42018,0.00000,0.00000,0.00000
42019,0.00000,0.00000,0.00000
42020,0.00000,0.00000,0.00000
42021,0.00000,0.00000,0.00000
42022,0.00000,0.00000,0.00000
42023,0.00000,0.00000,0.00000
42024,0.00000,0.00000,0.00000
42025,0.00000,0.00000,0.00000
42026,0.00000,0.00000,0.00000
42027,0.00000,0.00000,0.00000
42028,0.00000,0.00000,0.00000
42029,0.00000,0.00000,0.00000
42030,0.00000,0.00000,0.00000
42031,0.00000,0.00000,0.00000
42032,0.00000,0.00000,0.00000
42033,0.00000,0.00000,0.00000
42034,0.00000,0.00000,0.00000
42035,0.00000,0.00000,0.00000
42036,0.00000,0.00000,0.00000
42037,0.00000,0.00000,0.00000
42038,0.00000,0.00000,0.00000
42039,0.00000,0.00000,0.00000
42040,0.00000,0.00000,0.00000
42041,0.00000,0.00000,0.00000
42042,0.00000,0.00000,0.00000
42043,0.00000,0.00000,0.00000
42044,0.00000,0.00000,0.00000
42045,0.00000,0.00000,0.00000
42046,0.00000,0.00000,0.00000
42047,0.00000,0.00000,0.00000
42048,0.00000,0.00000,0.00000
42049,0.00000,0.00000,0.00000
42050,0.00000,0.00000,0.00000
42051,0.00000,0.00000,0.00000
42052,0.00000,0.00000,0.00000
42053,0.00000,0.00000,0.00000
42054,0.00000,0.00000,0.00000
42055,0.00000,0.00000,0.00000
42056,0.00000,0.00000,0.00000
42057,0.00000,0.00000,0.00000
42058,0.00000,0.00000,0.00000
42059,0.00000,0.00000,0.00000
42060,0.00000,0.00000,0.00000
42061,0.00000,0.00000,0.00000
42062,0.00000,0.00000,0.00000
42063,0.00000,0.00000,0.00000
42064,0.00000,0.00000,0.00000
42065,0.00000,0.00000,0.00000
42066,0.00000,0.00000,0.00000
42067,0.00000,0.00000,0.00000
42068,0.00000,0.00000,0.00000
42069,0.00000,0.00000,0.00000
42070,0.00000,0.00000,0.00000
42071,0.00000,0.00000,0.00000
42072,0.00000,0.00000,0.00000
42073,0.00000,0.00000,0.00000
42074,0.00000,0.00000,0.00000
42075,0.00000,0.00000,0.00000
42076,0.00000,0.00000,0.00000
42077,0.00000,0.00000,0.00000
42078,0.00000,0.00000,0.00000
42079,0.00000,0.00000,0.00000
42080,0.00000,0.00000,0.00000
42081,0.00000,0.00000,0.00000
42082,0.00000,0.00000,0.00000
42083,0.00000,0.00000,0.00000
42084,0.00000,0.00000,0.00000
42085,0.00000,0.00000,0.00000
42086,0.00000,0.00000,0.00000
42087,0.00000,0.00000,0.00000
42088,0.00000,0.00000,0.00000
42089,0.00000,0.00000,0.00000
42090,0.00000,0.00000,0.00000
42091,0.00000,0.00000,0.00000
42092,0.00000,0.00000,0.00000
42093,0.00000,0.00000,0.00000
42094,0.00000,0.00000,0.00000
42095,0.00000,0.00000,0.00000
42096,0.00000,0.00000,0.00000
42097,0.00000,0.00000,0.00000
42098,0.00000,0.00000,0.00000
42099,0.00000,0.00000,0.00000
42100,0.00000,0.00000,0.00000
42101,0.00000,0.00000,0.00000
42102,0.00000,0.00000,0.00000
42103,0.00000,0.00000,0.00000
42104,0.00000,0.00000,0.00000
42105,0.00000,0.00000,0.00000
42106,0.00000,0.00000,0.00000
42107,0.00000,0.00000,0.00000
42108,0.00000,0.00000,0.00000
42109,0.00000,0.00000,0.00000
42110,0.00000,0.00000,0.00000
42111,0.00000,0.00000,0.00000
42112,0.00000,0.00000,0.00000
42113,0.00000,0.00000,0.00000
42114,0.00000,0.00000,0.00000
42115,0.00000,0.00000,0.00000
42116,0.00000,0.00000,0.00000
42117,0.00000,0.00000,0.00000
42118,0.00000,0.00000,0.00000
42119,0.00000,0.00000,0.00000
42120,0.00000,0.00000,0.00000
42121,0.00000,0.00000,0.00000
42122,0.00000,0.00000,0.00000
42123,0.00000,0.00000,0.00000
42124,0.00000,0.00000,0.00000
42125,0.00000,0.00000,0.00000
42126,0.00000,0.00000,0.00000
42127,0.00000,0.00000,0.00000
42128,0.00000,0.00000,0.00000
42129,0.00000,0.00000,0.00000
42130,0.00000,0.00000,0.00000
42131,0.00000,0.00000,0.00000
42132,0.00000,0.00000,0.00000
42133,0.00000,0.00000,0.00000
42134,0.00000,0.00000,0.00000
42135,0.00000,0.00000,0.00000
42136,0.00000,0.00000,0.00000
42137,0.00000,0.00000,0.00000
42138,0.00000,0.00000,0.00000
42139,0.00000,0.00000,0.00000
42140,0.00000,0.00000,0.00000
42141,0.00000,0.00000,0.00000
42142,0.00000,0.00000,0.00000
42143,0.00000,0.00000,0.00000
42144,0.00000,0.00000,0.00000
42145,0.00000,0.00000,0.00000
42146,0.00000,0.00000,0.00000
42147,0.00000,0.00000,0.00000
42148,0.00000,0.00000,0.00000
42149,0.00000,0.00000,0.00000
42150,0.00000,0.00000,0.00000
42151,0.00000,0.00000,0.00000
42152,0.00000,0.00000,0.00000
42153,0.00000,0.00000,0.00000
42154,0.00000,0.00000,0.00000
42155,0.00000,0.00000,0.00000
42156,0.00000,0.00000,0.00000
42157,0.00000,0.00000,0.00000
42158,0.00000,0.00000,0.00000
42159,0.00000,0.00000,0.00000
42160,0.00000,0.00000,0.00000
42161,0.00000,0.00000,0.00000
42162,0.00000,0.00000,0.00000
42163,0.00000,0.00000,0.00000
42164,0.00000,0.00000,0.00000
42165,0.00000,0.00000,0.00000
42166,0.00000,0.00000,0.00000
42167,0.00000,0.00000,0.00000
42168,0.00000,0.00000,0.00000
42169,0.00000,0.00000,0.00000
42170,0.00000,0.00000,0.00000
42171,0.00000,0.00000,0.00000
42172,0.00000,0.00000,0.00000
42173,0.00000,0.00000,0.00000
42174,0.00000,0.00000,0.00000
42175,0.00000,0.00000,0.00000
42176,0.00000,0.00000,0.00000
42177,0.00000,0.00000,0.00000
42178,0.00000,0.00000,0.00000
42179,0.00000,0.00000,0.00000
42180,0.00000,0.00000,0.00000
42181,0.00000,0.00000,0.00000
42182,0.00000,0.00000,0.00000
42183,0.00000,0.00000,0.00000
42184,0.00000,0.00000,0.00000
42185,0.00000,0.00000,0.00000
42186,0.00000,0.00000,0.00000
42187,0.00000,0.00000,0.00000
42188,0.00000,0.00000,0.00000
42189,0.00000,0.00000,0.00000
42190,0.00000,0.00000,0.00000
42191,0.00000,0.00000,0.00000
42192,0.00000,0.00000,0.00000
42193,0.00000,0.00000,0.00000
42194,0.00000,0.00000,0.00000
42195,0.00000,0.00000,0.00000
42196,0.00000,0.00000,0.00000
42197,0.00000,0.00000,0.00000
42198,0.00000,0.00000,0.00000
42199,0.00000,0.00000,0.00000
42200,0.00000,0.00000,0.00000
42201,0.00000,0.00000,0.00000
42202,0.00000,0.00000,0.00000
42203,0.00000,0.00000,0.00000
42204,0.00000,0.00000,0.00000
42205,0.00000,0.00000,0.00000
42206,0.00000,0.00000,0.00000
42207,0.00000,0.00000,0.00000
42208,0.00000,0.00000,0.00000
42209,0.00000,0.00000,0.00000
42210,0.00000,0.00000,0.00000
42211,0.00000,0.00000,0.00000
42212,0.00000,0.00000,0.00000
42213,0.00000,0.00000,0.00000
42214,0.00000,0.00000,0.00000
42215,0.00000,0.00000,0.00000
42216,0.00000,0.00000,0.00000
42217,0.00000,0.00000,0.00000
42218,0.00000,0.00000,0.00000
42219,0.00000,0.00000,0.00000
42220,0.00000,0.00000,0.00000
42221,0.00000,0.00000,0.00000
42222,0.00000,0.00000,0.00000
42223,0.00000,0.00000,0.00000
42224,0.00000,0.00000,0.00000
42225,0.00000,0.00000,0.00000
42226,0.00000,0.00000,0.00000
42227,0.00000,0.00000,0.00000
42228,0.00000,0.00000,0.00000
42229,0.00000,0.00000,0.00000
42230,0.00000,0.00000,0.00000
42231,0.00000,0.00000,0.00000
42232,0.00000,0.00000,0.00000
42233,0.00000,0.00000,0.00000
42234,0.00000,0.00000,0.00000
42235,0.00000,0.00000,0.00000
42236,0.00000,0.00000,0.00000
42237,0.00000,0.00000,0.00000
42238,0.00000,0.00000,0.00000
42239,0.00000,0.00000,0.00000
42240,0.00000,0.00000,0.00000
42241,0.00000,0.00000,0.00000
42242,0.00000,0.00000,0.00000
42243,0.00000,0.00000,0.00000
42244,0.00000,0.00000,0.00000
42245,0.00000,0.00000,0.00000
42246,0.00000,0.00000,0.00000
42247,0.00000,0.00000,0.00000
42248,0.00000,0.00000,0.00000
42249,0.00000,0.00000,0.00000
42250,0.00000,0.00000,0.00000
42251,0.00000,0.00000,0.00000
42252,0.00000,0.00000,0.00000
42253,0.00000,0.00000,0.00000
42254,0.00000,0.00000,0.00000
42255,0.00000,0.00000,0.00000
42256,0.00000,0.00000,0.00000
42257,0.00000,0.00000,0.00000
42258,0.00000,0.00000,0.00000
42259,0.00000,0.00000,0.00000
42260,0.00000,0.00000,0.00000
42261,0.00000,0.00000,0.00000
42262,0.00000,0.00000,0.00000
42263,0.00000,0.00000,0.00000
42264,0.00000,0.00000,0.00000
42265,0.00000,0.00000,0.00000
42266,0.00000,0.00000,0.00000
42267,0.00000,0.00000,0.00000
42268,0.00000,0.00000,0.00000
42269,0.00000,0.00000,0.00000
42270,0.00000,0.00000,0.00000
42271,0.00000,0.00000,0.00000
42272,0.00000,0.00000,0.00000
42273,0.00000,0.00000,0.00000
42274,0.00000,0.00000,0.00000
42275,0.00000,0.00000,0.00000
42276,0.00000,0.00000,0.00000
42277,0.00000,0.00000,0.00000
42278,0.00000,0.00000,0.00000
42279,0.00000,0.00000,0.00000
42280,0.00000,0.00000,0.00000
42281,0.00000,0.00000,0.00000
42282,0.00000,0.00000,0.00000
42283,0.00000,0.00000,0.00000
42284,0.00000,0.00000,0.00000
42285,0.00000,0.00000,0.00000
42286,0.00000,0.00000,0.00000
42287,0.00000,0.00000,0.00000
42288,0.00000,0.00000,0.00000
42289,0.00000,0.00000,0.00000
42290,0.00000,0.00000,0.00000
42291,0.00000,0.00000,0.00000
42292,0.00000,0.00000,0.00000
42293,0.00000,0.00000,0.00000
42294,0.00000,0.00000,0.00000
42295,0.00000,0.00000,0.00000
42296,0.00000,0.00000,0.00000
42297,0.00000,0.00000,0.00000
42298,0.00000,0.00000,0.00000
42299,0.00000,0.00000,0.00000
42300,0.00000,0.00000,0.00000
42301,0.00000,0.00000,0.00000
42302,0.00000,0.00000,0.00000
42303,0.00000,0.00000,0.00000
42304,0.00000,0.00000,0.00000
42305,0.00000,0.00000,0.00000
42306,0.00000,0.00000,0.00000
42307,0.00000,0.00000,0.00000
42308,0.00000,0.00000,0.00000
42309,0.00000,0.00000,0.00000
42310,0.00000,0.00000,0.00000
42311,0.00000,0.00000,0.00000
42312,0.00000,0.00000,0.00000
42313,0.00000,0.00000,0.00000
42314,0.00000,0.00000,0.00000
42315,0.00000,0.00000,0.00000
42316,0.00000,0.00000,0.00000
42317,0.00000,0.00000,0.00000
42318,0.00000,0.00000,0.00000
42319,0.00000,0.00000,0.00000
42320,0.00000,0.00000,0.00000
42321,0.00000,0.00000,0.00000
42322,0.00000,0.00000,0.00000
42323,0.00000,0.00000,0.00000
42324,0.00000,0.00000,0.00000
42325,0.00000,0.00000,0.00000
42326,0.00000,0.00000,0.00000
42327,0.00000,0.00000,0.00000
42328,0.00000,0.00000,0.00000
42329,0.00000,0.00000,0.00000
42330,0.00000,0.00000,0.00000
42331,0.00000,0.00000,0.00000
42332,0.00000,0.00000,0.00000
42333,0.00000,0.00000,0.00000
42334,0.00000,0.00000,0.00000
42335,0.00000,0.00000,0.00000
42336,0.00000,0.00000,0.00000
42337,0.00000,0.00000,0.00000
42338,0.00000,0.00000,0.00000
42339,0.00000,0.00000,0.00000
42340,0.00000,0.00000,0.00000
42341,0.00000,0.00000,0.00000
42342,0.00000,0.00000,0.00000
42343,0.00000,0.00000,0.00000
42344,0.00000,0.00000,0.00000
42345,0.00000,0.00000,0.00000
42346,0.00000,0.00000,0.00000
42347,0.00000,0.00000,0.00000
42348,0.00000,0.00000,0.00000
42349,0.00000,0.00000,0.00000
42350,0.00000,0.00000,0.00000
42351,0.00000,0.00000,0.00000
42352,0.00000,0.00000,0.00000
42353,0.00000,0.00000,0.00000
42354,0.00000,0.00000,0.00000
42355,0.00000,0.00000,0.00000
42356,0.00000,0.00000,0.00000
42357,0.00000,0.00000,0.00000
42358,0.00000,0.00000,0.00000
42359,0.00000,0.00000,0.00000
42360,0.00000,0.00000,0.00000
42361,0.00000,0.00000,0.00000
42362,0.00000,0.00000,0.00000
42363,0.00000,0.00000,0.00000
42364,0.00000,0.00000,0.00000
42365,0.00000,0.00000,0.00000
42366,0.00000,0.00000,0.00000
42367,0.00000,0.00000,0.00000
42368,0.00000,0.00000,0.00000
42369,0.00000,0.00000,0.00000
42370,0.00000,0.00000,0.00000
42371,0.00000,0.00000,0.00000
42372,0.00000,0.00000,0.00000
42373,0.00000,0.00000,0.00000
42374,0.00000,0.00000,0.00000
42375,0.00000,0.00000,0.00000
42376,0.00000,0.00000,0.00000
42377,0.00000,0.00000,0.00000
42378,0.00000,0.00000,0.00000
42379,0.00000,0.00000,0.00000
42380,0.00000,0.00000,0.00000
42381,0.00000,0.00000,0.00000
42382,0.00000,0.00000,0.00000
42383,0.00000,0.00000,0.00000
42384,0.00000,0.00000,0.00000
42385,0.00000,0.00000,0.00000
42386,0.00000,0.00000,0.00000
42387,0.00000,0.00000,0.00000
42388,0.00000,0.00000,0.00000
42389,0.00000,0.00000,0.00000
42390,0.00000,0.00000,0.00000
42391,0.00000,0.00000,0.00000
42392,0.00000,0.00000,0.00000
42393,0.00000,0.00000,0.00000
42394,0.00000,0.00000,0.00000
42395,0.00000,0.00000,0.00000
42396,0.00000,0.00000,0.00000
42397,0.00000,0.00000,0.00000
42398,0.00000,0.00000,0.00000
42399,0.00000,0.00000,0.00000
42400,0.00000,0.00000,0.00000
42401,0.00000,0.00000,0.00000
42402,0.00000,0.00000,0.00000
42403,0.00000,0.00000,0.00000
42404,0.00000,0.00000,0.00000
42405,0.00000,0.00000,0.00000
42406,0.00000,0.00000,0.00000
42407,0.00000,0.00000,0.00000
42408,0.00000,0.00000,0.00000
42409,0.00000,0.00000,0.00000
42410,0.00000,0.00000,0.00000
42411,0.00000,0.00000,0.00000
42412,0.00000,0.00000,0.00000
42413,0.00000,0.00000,0.00000
42414,0.00000,0.00000,0.00000
42415,0.00000,0.00000,0.00000
42416,0.00000,0.00000,0.00000
42417,0.00000,0.00000,0.00000
42418,0.00000,0.00000,0.00000
42419,0.00000,0.00000,0.00000
42420,0.00000,0.00000,0.00000
42421,0.00000,0.00000,0.00000
42422,0.00000,0.00000,0.00000
42423,0.00000,0.00000,0.00000
42424,0.00000,0.00000,0.00000
42425,0.00000,0.00000,0.00000
42426,0.00000,0.00000,0.00000
42427,0.00000,0.00000,0.00000
42428,0.00000,0.00000,0.00000
42429,0.00000,0.00000,0.00000
42430,0.00000,0.00000,0.00000
42431,0.00000,0.00000,0.00000
42432,0.00000,0.00000,0.00000
42433,0.00000,0.00000,0.00000
42434,0.00000,0.00000,0.00000
42435,0.00000,0.00000,0.00000
42436,0.00000,0.00000,0.00000
42437,0.00000,0.00000,0.00000
42438,0.00000,0.00000,0.00000
42439,0.00000,0.00000,0.00000
42440,0.00000,0.00000,0.00000
42441,0.00000,0.00000,0.00000
42442,0.00000,0.00000,0.00000
42443,0.00000,0.00000,0.00000
42444,0.00000,0.00000,0.00000
42445,0.00000,0.00000,0.00000
42446,0.00000,0.00000,0.00000
42447,0.00000,0.00000,0.00000
42448,0.00000,0.00000,0.00000
42449,0.00000,0.00000,0.00000
42450,0.00000,0.00000,0.00000
42451,0.00000,0.00000,0.00000
42452,0.00000,0.00000,0.00000
42453,0.00000,0.00000,0.00000
42454,0.00000,0.00000,0.00000
42455,0.00000,0.00000,0.00000
42456,0.00000,0.00000,0.00000
42457,0.00000,0.00000,0.00000
42458,0.00000,0.00000,0.00000
42459,0.00000,0.00000,0.00000
42460,0.00000,0.00000,0.00000
42461,0.00000,0.00000,0.00000
42462,0.00000,0.00000,0.00000
42463,0.00000,0.00000,0.00000
42464,0.00000,0.00000,0.00000
42465,0.00000,0.00000,0.00000
42466,0.00000,0.00000,0.00000
42467,0.00000,0.00000,0.00000
42468,0.00000,0.00000,0.00000
42469,0.00000,0.00000,0.00000
42470,0.00000,0.00000,0.00000
42471,0.00000,0.00000,0.00000
42472,0.00000,0.00000,0.00000
42473,0.00000,0.00000,0.00000
42474,0.00000,0.00000,0.00000
42475,0.00000,0.00000,0.00000
42476,0.00000,0.00000,0.00000
42477,0.00000,0.00000,0.00000
42478,0.00000,0.00000,0.00000
42479,0.00000,0.00000,0.00000
42480,0.00000,0.00000,0.00000
42481,0.00000,0.00000,0.00000
42482,0.00000,0.00000,0.00000
42483,0.00000,0.00000,0.00000
42484,0.00000,0.00000,0.00000
42485,0.00000,0.00000,0.00000
42486,0.00000,0.00000,0.00000
42487,0.00000,0.00000,0.00000
42488,0.00000,0.00000,0.00000
42489,0.00000,0.00000,0.00000
42490,0.00000,0.00000,0.00000
42491,0.00000,0.00000,0.00000
42492,0.00000,0.00000,0.00000
42493,0.00000,0.00000,0.00000
42494,0.00000,0.00000,0.00000
42495,0.00000,0.00000,0.00000
42496,0.00000,0.00000,0.00000
42497,0.00000,0.00000,0.00000
42498,0.00000,0.00000,0.00000
42499,0.00000,0.00000,0.00000
42500,0.00000,0.00000,0.00000
42501,0.00000,0.00000,0.00000
42502,0.00000,0.00000,0.00000
42503,0.00000,0.00000,0.00000
42504,0.00000,0.00000,0.00000
42505,0.00000,0.00000,0.00000
42506,0.00000,0.00000,0.00000
42507,0.00000,0.00000,0.00000
42508,0.00000,0.00000,0.00000
42509,0.00000,0.00000,0.00000
42510,0.00000,0.00000,0.00000
42511,0.00000,0.00000,0.00000
42512,0.00000,0.00000,0.00000
42513,0.00000,0.00000,0.00000
42514,0.00000,0.00000,0.00000
42515,0.00000,0.00000,0.00000
42516,0.00000,0.00000,0.00000
42517,0.00000,0.00000,0.00000
42518,0.00000,0.00000,0.00000
42519,0.00000,0.00000,0.00000
42520,0.00000,0.00000,0.00000
42521,0.00000,0.00000,0.00000
42522,0.00000,0.00000,0.00000
42523,0.00000,0.00000,0.00000
42524,0.00000,0.00000,0.00000
42525,0.00000,0.00000,0.00000
42526,0.00000,0.00000,0.00000
42527,0.00000,0.00000,0.00000
42528,0.00000,0.00000,0.00000
42529,0.00000,0.00000,0.00000
42530,0.00000,0.00000,0.00000
42531,0.00000,0.00000,0.00000
42532,0.00000,0.00000,0.00000
42533,0.00000,0.00000,0.00000
42534,0.00000,0.00000,0.00000
42535,0.00000,0.00000,0.00000
42536,0.00000,0.00000,0.00000
42537,0.00000,0.00000,0.00000
42538,0.00000,0.00000,0.00000
42539,0.00000,0.00000,0.00000
42540,0.00000,0.00000,0.00000
42541,0.00000,0.00000,0.00000
42542,0.00000,0.00000,0.00000
42543,0.00000,0.00000,0.00000
42544,0.00000,0.00000,0.00000
42545,0.00000,0.00000,0.00000
42546,0.00000,0.00000,0.00000
42547,0.00000,0.00000,0.00000
42548,0.00000,0.00000,0.00000
42549,0.00000,0.00000,0.00000
42550,0.00000,0.00000,0.00000
42551,0.00000,0.00000,0.00000
42552,0.00000,0.00000,0.00000
42553,0.00000,0.00000,0.00000
42554,0.00000,0.00000,0.00000
42555,0.00000,0.00000,0.00000
42556,0.00000,0.00000,0.00000
42557,0.00000,0.00000,0.00000
42558,0.00000,0.00000,0.00000
42559,0.00000,0.00000,0.00000
42560,0.00000,0.00000,0.00000
42561,0.00000,0.00000,0.00000
42562,0.00000,0.00000,0.00000
42563,0.00000,0.00000,0.00000
42564,0.00000,0.00000,0.00000
42565,0.00000,0.00000,0.00000
42566,0.00000,0.00000,0.00000
42567,0.00000,0.00000,0.00000
42568,0.00000,0.00000,0.00000
42569,0.00000,0.00000,0.00000
42570,0.00000,0.00000,0.00000
42571,0.00000,0.00000,0.00000
42572,0.00000,0.00000,0.00000
42573,0.00000,0.00000,0.00000
42574,0.00000,0.00000,0.00000
42575,0.00000,0.00000,0.00000
42576,0.00000,0.00000,0.00000
42577,0.00000,0.00000,0.00000
42578,0.00000,0.00000,0.00000
42579,0.00000,0.00000,0.00000
42580,0.00000,0.00000,0.00000
42581,0.00000,0.00000,0.00000
42582,0.00000,0.00000,0.00000
42583,0.00000,0.00000,0.00000
42584,0.00000,0.00000,0.00000
42585,0.00000,0.00000,0.00000
42586,0.00000,0.00000,0.00000
42587,0.00000,0.00000,0.00000
42588,0.00000,0.00000,0.00000
42589,0.00000,0.00000,0.00000
42590,0.00000,0.00000,0.00000
42591,0.00000,0.00000,0.00000
42592,0.00000,0.00000,0.00000
42593,0.00000,0.00000,0.00000
42594,0.00000,0.00000,0.00000
42595,0.00000,0.00000,0.00000
42596,0.00000,0.00000,0.00000
42597,0.00000,0.00000,0.00000
42598,0.00000,0.00000,0.00000
42599,0.00000,0.00000,0.00000
42600,0.00000,0.00000,0.00000
42601,0.00000,0.00000,0.00000
42602,0.00000,0.00000,0.00000
42603,0.00000,0.00000,0.00000
42604,0.00000,0.00000,0.00000
42605,0.00000,0.00000,0.00000
42606,0.00000,0.00000,0.00000
42607,0.00000,0.00000,0.00000
42608,0.00000,0.00000,0.00000
42609,0.00000,0.00000,0.00000
42610,0.00000,0.00000,0.00000
42611,0.00000,0.00000,0.00000
42612,0.00000,0.00000,0.00000
42613,0.00000,0.00000,0.00000
42614,0.00000,0.00000,0.00000
42615,0.00000,0.00000,0.00000
42616,0.00000,0.00000,0.00000
42617,0.00000,0.00000,0.00000
42618,0.00000,0.00000,0.00000
42619,0.00000,0.00000,0.00000
42620,0.00000,0.00000,0.00000
42621,0.00000,0.00000,0.00000
42622,0.00000,0.00000,0.00000
42623,0.00000,0.00000,0.00000
42624,0.00000,0.00000,0.00000
42625,0.00000,0.00000,0.00000
42626,0.00000,0.00000,0.00000
42627,0.00000,0.00000,0.00000
42628,0.00000,0.00000,0.00000
42629,0.00000,0.00000,0.00000
42630,0.00000,0.00000,0.00000
42631,0.00000,0.00000,0.00000
42632,0.00000,0.00000,0.00000
42633,0.00000,0.00000,0.00000
42634,0.00000,0.00000,0.00000
42635,0.00000,0.00000,0.00000
42636,0.00000,0.00000,0.00000
42637,0.00000,0.00000,0.00000
42638,0.00000,0.00000,0.00000
42639,0.00000,0.00000,0.00000
42640,0.00000,0.00000,0.00000
42641,0.00000,0.00000,0.00000
42642,0.00000,0.00000,0.00000
42643,0.00000,0.00000,0.00000
42644,0.00000,0.00000,0.00000
42645,0.00000,0.00000,0.00000
42646,0.00000,0.00000,0.00000
42647,0.00000,0.00000,0.00000
42648,0.00000,0.00000,0.00000
42649,0.00000,0.00000,0.00000
42650,0.00000,0.00000,0.00000
42651,0.00000,0.00000,0.00000
42652,0.00000,0.00000,0.00000
42653,0.00000,0.00000,0.00000
42654,0.00000,0.00000,0.00000
42655,0.00000,0.00000,0.00000
42656,0.00000,0.00000,0.00000
42657,0.00000,0.00000,0.00000
42658,0.00000,0.00000,0.00000
42659,0.00000,0.00000,0.00000
42660,0.00000,0.00000,0.00000
42661,0.00000,0.00000,0.00000
42662,0.00000,0.00000,0.00000
42663,0.00000,0.00000,0.00000
42664,0.00000,0.00000,0.00000
42665,0.00000,0.00000,0.00000
42666,0.00000,0.00000,0.00000
42667,0.00000,0.00000,0.00000
42668,0.00000,0.00000,0.00000
42669,0.00000,0.00000,0.00000
42670,0.00000,0.00000,0.00000
42671,0.00000,0.00000,0.00000
42672,0.00000,0.00000,0.00000
42673,0.00000,0.00000,0.00000
42674,0.00000,0.00000,0.00000
42675,0.00000,0.00000,0.00000
42676,0.00000,0.00000,0.00000
42677,0.00000,0.00000,0.00000
42678,0.00000,0.00000,0.00000
42679,0.00000,0.00000,0.00000
42680,0.00000,0.00000,0.00000
42681,0.00000,0.00000,0.00000
42682,0.00000,0.00000,0.00000
42683,0.00000,0.00000,0.00000
42684,0.00000,0.00000,0.00000
42685,0.00000,0.00000,0.00000
42686,0.00000,0.00000,0.00000
42687,0.00000,0.00000,0.00000
42688,0.00000,0.00000,0.00000
42689,0.00000,0.00000,0.00000
42690,0.00000,0.00000,0.00000
42691,0.00000,0.00000,0.00000
42692,0.00000,0.00000,0.00000
42693,0.00000,0.00000,0.00000
42694,0.00000,0.00000,0.00000
42695,0.00000,0.00000,0.00000
42696,0.00000,0.00000,0.00000
42697,0.00000,0.00000,0.00000
42698,0.00000,0.00000,0.00000
42699,0.00000,0.00000,0.00000
42700,0.00000,0.00000,0.00000
42701,0.00000,0.00000,0.00000
42702,0.00000,0.00000,0.00000
42703,0.00000,0.00000,0.00000
42704,0.00000,0.00000,0.00000
42705,0.00000,0.00000,0.00000
42706,0.00000,0.00000,0.00000
42707,0.00000,0.00000,0.00000
42708,0.00000,0.00000,0.00000
42709,0.00000,0.00000,0.00000
42710,0.00000,0.00000,0.00000
42711,0.00000,0.00000,0.00000
42712,0.00000,0.00000,0.00000
42713,0.00000,0.00000,0.00000
42714,0.00000,0.00000,0.00000
42715,0.00000,0.00000,0.00000
42716,0.00000,0.00000,0.00000
42717,0.00000,0.00000,0.00000
42718,0.00000,0.00000,0.00000
42719,0.00000,0.00000,0.00000
42720,0.00000,0.00000,0.00000
42721,0.00000,0.00000,0.00000
42722,0.00000,0.00000,0.00000
42723,0.00000,0.00000,0.00000
42724,0.00000,0.00000,0.00000
42725,0.00000,0.00000,0.00000
42726,0.00000,0.00000,0.00000
42727,0.00000,0.00000,0.00000
42728,0.00000,0.00000,0.00000
42729,0.00000,0.00000,0.00000
42730,0.00000,0.00000,0.00000
42731,0.00000,0.00000,0.00000
42732,0.00000,0.00000,0.00000
42733,0.00000,0.00000,0.00000
42734,0.00000,0.00000,0.00000
42735,0.00000,0.00000,0.00000
42736,0.00000,0.00000,0.00000
42737,0.00000,0.00000,0.00000
42738,0.00000,0.00000,0.00000
42739,0.00000,0.00000,0.00000
42740,0.00000,0.00000,0.00000
42741,0.00000,0.00000,0.00000
42742,0.00000,0.00000,0.00000
42743,0.00000,0.00000,0.00000
42744,0.00000,0.00000,0.00000
42745,0.00000,0.00000,0.00000
42746,0.00000,0.00000,0.00000
42747,0.00000,0.00000,0.00000
42748,0.00000,0.00000,0.00000
42749,0.00000,0.00000,0.00000
42750,0.00000,0.00000,0.00000
42751,0.00000,0.00000,0.00000
42752,0.00000,0.00000,0.00000
42753,0.00000,0.00000,0.00000
42754,0.00000,0.00000,0.00000
42755,0.00000,0.00000,0.00000
42756,0.00000,0.00000,0.00000
42757,0.00000,0.00000,0.00000
42758,0.00000,0.00000,0.00000
42759,0.00000,0.00000,0.00000
42760,0.00000,0.00000,0.00000
42761,0.00000,0.00000,0.00000
42762,0.00000,0.00000,0.00000
42763,0.00000,0.00000,0.00000
42764,0.00000,0.00000,0.00000
42765,0.00000,0.00000,0.00000
42766,0.00000,0.00000,0.00000
42767,0.00000,0.00000,0.00000
42768,0.00000,0.00000,0.00000
42769,0.00000,0.00000,0.00000
42770,0.00000,0.00000,0.00000
42771,0.00000,0.00000,0.00000
42772,0.00000,0.00000,0.00000
42773,0.00000,0.00000,0.00000
42774,0.00000,0.00000,0.00000
42775,0.00000,0.00000,0.00000
42776,0.00000,0.00000,0.00000
42777,0.00000,0.00000,0.00000
42778,0.00000,0.00000,0.00000
42779,0.00000,0.00000,0.00000
42780,0.00000,0.00000,0.00000
42781,0.00000,0.00000,0.00000
42782,0.00000,0.00000,0.00000
42783,0.00000,0.00000,0.00000
42784,0.00000,0.00000,0.00000
42785,0.00000,0.00000,0.00000
42786,0.00000,0.00000,0.00000
42787,0.00000,0.00000,0.00000
42788,0.00000,0.00000,0.00000
42789,0.00000,0.00000,0.00000
42790,0.00000,0.00000,0.00000
42791,0.00000,0.00000,0.00000
42792,0.00000,0.00000,0.00000
42793,0.00000,0.00000,0.00000
42794,0.00000,0.00000,0.00000
42795,0.00000,0.00000,0.00000
42796,0.00000,0.00000,0.00000
42797,0.00000,0.00000,0.00000
42798,0.00000,0.00000,0.00000
42799,0.00000,0.00000,0.00000
42800,0.00000,0.00000,0.00000
42801,0.00000,0.00000,0.00000
42802,0.00000,0.00000,0.00000
42803,0.00000,0.00000,0.00000
42804,0.00000,0.00000,0.00000
42805,0.00000,0.00000,0.00000
42806,0.00000,0.00000,0.00000
42807,0.00000,0.00000,0.00000
42808,0.00000,0.00000,0.00000
42809,0.00000,0.00000,0.00000
42810,0.00000,0.00000,0.00000
42811,0.00000,0.00000,0.00000
42812,0.00000,0.00000,0.00000
42813,0.00000,0.00000,0.00000
42814,0.00000,0.00000,0.00000
42815,0.00000,0.00000,0.00000
42816,0.00000,0.00000,0.00000
42817,0.00000,0.00000,0.00000
42818,0.00000,0.00000,0.00000
42819,0.00000,0.00000,0.00000
42820,0.00000,0.00000,0.00000
42821,0.00000,0.00000,0.00000
42822,0.00000,0.00000,0.00000
42823,0.00000,0.00000,0.00000
42824,0.00000,0.00000,0.00000
42825,0.00000,0.00000,0.00000
42826,0.00000,0.00000,0.00000
42827,0.00000,0.00000,0.00000
42828,0.00000,0.00000,0.00000
42829,0.00000,0.00000,0.00000
42830,0.00000,0.00000,0.00000
42831,0.00000,0.00000,0.00000
42832,0.00000,0.00000,0.00000
42833,0.00000,0.00000,0.00000
42834,0.00000,0.00000,0.00000
42835,0.00000,0.00000,0.00000
42836,0.00000,0.00000,0.00000
42837,0.00000,0.00000,0.00000
42838,0.00000,0.00000,0.00000
42839,0.00000,0.00000,0.00000
42840,0.00000,0.00000,0.00000
42841,0.00000,0.00000,0.00000
42842,0.00000,0.00000,0.00000
42843,0.00000,0.00000,0.00000
42844,0.00000,0.00000,0.00000
42845,0.00000,0.00000,0.00000
42846,0.00000,0.00000,0.00000
42847,0.00000,0.00000,0.00000
42848,0.00000,0.00000,0.00000
42849,0.00000,0.00000,0.00000
42850,0.00000,0.00000,0.00000
42851,0.00000,0.00000,0.00000
42852,0.00000,0.00000,0.00000
42853,0.00000,0.00000,0.00000
42854,0.00000,0.00000,0.00000
42855,0.00000,0.00000,0.00000
42856,0.00000,0.00000,0.00000
42857,0.00000,0.00000,0.00000
42858,0.00000,0.00000,0.00000
42859,0.00000,0.00000,0.00000
42860,0.00000,0.00000,0.00000
42861,0.00000,0.00000,0.00000
42862,0.00000,0.00000,0.00000
42863,0.00000,0.00000,0.00000
42864,0.00000,0.00000,0.00000
42865,0.00000,0.00000,0.00000
42866,0.00000,0.00000,0.00000
42867,0.00000,0.00000,0.00000
42868,0.00000,0.00000,0.00000
42869,0.00000,0.00000,0.00000
42870,0.00000,0.00000,0.00000
42871,0.00000,0.00000,0.00000
42872,0.00000,0.00000,0.00000
42873,0.00000,0.00000,0.00000
42874,0.00000,0.00000,0.00000
42875,0.00000,0.00000,0.00000
42876,0.00000,0.00000,0.00000
42877,0.00000,0.00000,0.00000
42878,0.00000,0.00000,0.00000
42879,0.00000,0.00000,0.00000
42880,0.00000,0.00000,0.00000
42881,0.00000,0.00000,0.00000
42882,0.00000,0.00000,0.00000
42883,0.00000,0.00000,0.00000
42884,0.00000,0.00000,0.00000
42885,0.00000,0.00000,0.00000
42886,0.00000,0.00000,0.00000
42887,0.00000,0.00000,0.00000
42888,0.00000,0.00000,0.00000
42889,0.00000,0.00000,0.00000
42890,0.00000,0.00000,0.00000
42891,0.00000,0.00000,0.00000
42892,0.00000,0.00000,0.00000
42893,0.00000,0.00000,0.00000
42894,0.00000,0.00000,0.00000
42895,0.00000,0.00000,0.00000
42896,0.00000,0.00000,0.00000
42897,0.00000,0.00000,0.00000
42898,0.00000,0.00000,0.00000
42899,0.00000,0.00000,0.00000
42900,0.00000,0.00000,0.00000
42901,0.00000,0.00000,0.00000
42902,0.00000,0.00000,0.00000
42903,0.00000,0.00000,0.00000
42904,0.00000,0.00000,0.00000
42905,0.00000,0.00000,0.00000
42906,0.00000,0.00000,0.00000
42907,0.00000,0.00000,0.00000
42908,0.00000,0.00000,0.00000
42909,0.00000,0.00000,0.00000
42910,0.00000,0.00000,0.00000
42911,0.00000,0.00000,0.00000
42912,0.00000,0.00000,0.00000
42913,0.00000,0.00000,0.00000
42914,0.00000,0.00000,0.00000
42915,0.00000,0.00000,0.00000
42916,0.00000,0.00000,0.00000
42917,0.00000,0.00000,0.00000
42918,0.00000,0.00000,0.00000
42919,0.00000,0.00000,0.00000
42920,0.00000,0.00000,0.00000
42921,0.00000,0.00000,0.00000
42922,0.00000,0.00000,0.00000
42923,0.00000,0.00000,0.00000
42924,0.00000,0.00000,0.00000
42925,0.00000,0.00000,0.00000
42926,0.00000,0.00000,0.00000
42927,0.00000,0.00000,0.00000
42928,0.00000,0.00000,0.00000
42929,0.00000,0.00000,0.00000
42930,0.00000,0.00000,0.00000
42931,0.00000,0.00000,0.00000
42932,0.00000,0.00000,0.00000
42933,0.00000,0.00000,0.00000
42934,0.00000,0.00000,0.00000
42935,0.00000,0.00000,0.00000
42936,0.00000,0.00000,0.00000
42937,0.00000,0.00000,0.00000
42938,0.00000,0.00000,0.00000
42939,0.00000,0.00000,0.00000
42940,0.00000,0.00000,0.00000
42941,0.00000,0.00000,0.00000
42942,0.00000,0.00000,0.00000
42943,0.00000,0.00000,0.00000
42944,0.00000,0.00000,0.00000
42945,0.00000,0.00000,0.00000
42946,0.00000,0.00000,0.00000
42947,0.00000,0.00000,0.00000
42948,0.00000,0.00000,0.00000
42949,0.00000,0.00000,0.00000
42950,0.00000,0.00000,0.00000
42951,0.00000,0.00000,0.00000
42952,0.00000,0.00000,0.00000
42953,0.00000,0.00000,0.00000
42954,0.00000,0.00000,0.00000
42955,0.00000,0.00000,0.00000
42956,0.00000,0.00000,0.00000
42957,0.00000,0.00000,0.00000
42958,0.00000,0.00000,0.00000
42959,0.00000,0.00000,0.00000
42960,0.00000,0.00000,0.00000
42961,0.00000,0.00000,0.00000
42962,0.00000,0.00000,0.00000
42963,0.00000,0.00000,0.00000
42964,0.00000,0.00000,0.00000
42965,0.00000,0.00000,0.00000
42966,0.00000,0.00000,0.00000
42967,0.00000,0.00000,0.00000
42968,0.00000,0.00000,0.00000
42969,0.00000,0.00000,0.00000
42970,0.00000,0.00000,0.00000
42971,0.00000,0.00000,0.00000
42972,0.00000,0.00000,0.00000
42973,0.00000,0.00000,0.00000
42974,0.00000,0.00000,0.00000
42975,0.00000,0.00000,0.00000
42976,0.00000,0.00000,0.00000
42977,0.00000,0.00000,0.00000
42978,0.00000,0.00000,0.00000
42979,0.00000,0.00000,0.00000
42980,0.00000,0.00000,0.00000
42981,0.00000,0.00000,0.00000
42982,0.00000,0.00000,0.00000
42983,0.00000,0.00000,0.00000
42984,0.00000,0.00000,0.00000
42985,0.00000,0.00000,0.00000
42986,0.00000,0.00000,0.00000
42987,0.00000,0.00000,0.00000
42988,0.00000,0.00000,0.00000
42989,0.00000,0.00000,0.00000
42990,0.00000,0.00000,0.00000
42991,0.00000,0.00000,0.00000
42992,0.00000,0.00000,0.00000
42993,0.00000,0.00000,0.00000
42994,0.00000,0.00000,0.00000
42995,0.00000,0.00000,0.00000
42996,0.00000,0.00000,0.00000
42997,0.00000,0.00000,0.00000
42998,0.00000,0.00000,0.00000
42999,0.00000,0.00000,0.00000
43000,0.00000,0.00000,0.00000
43001,0.00000,0.00000,0.00000
43002,0.00000,0.00000,0.00000
43003,0.00000,0.00000,0.00000
43004,0.00000,0.00000,0.00000
43005,0.00000,0.00000,0.00000
43006,0.00000,0.00000,0.00000
43007,0.00000,0.00000,0.00000
43008,0.00000,0.00000,0.00000
43009,0.00000,0.00000,0.00000
43010,0.00000,0.00000,0.00000
43011,0.00000,0.00000,0.00000
43012,0.00000,0.00000,0.00000
43013,0.00000,0.00000,0.00000
43014,0.00000,0.00000,0.00000
43015,0.00000,0.00000,0.00000
43016,0.00000,0.00000,0.00000
43017,0.00000,0.00000,0.00000
43018,0.00000,0.00000,0.00000
43019,0.00000,0.00000,0.00000
43020,0.00000,0.00000,0.00000
43021,0.00000,0.00000,0.00000
43022,0.00000,0.00000,0.00000
43023,0.00000,0.00000,0.00000
43024,0.00000,0.00000,0.00000
43025,0.00000,0.00000,0.00000
43026,0.00000,0.00000,0.00000
43027,0.00000,0.00000,0.00000
43028,0.00000,0.00000,0.00000
43029,0.00000,0.00000,0.00000
43030,0.00000,0.00000,0.00000
43031,0.00000,0.00000,0.00000
43032,0.00000,0.00000,0.00000
43033,0.00000,0.00000,0.00000
43034,0.00000,0.00000,0.00000
43035,0.00000,0.00000,0.00000
43036,0.00000,0.00000,0.00000
43037,0.00000,0.00000,0.00000
43038,0.00000,0.00000,0.00000
43039,0.00000,0.00000,0.00000
43040,0.00000,0.00000,0.00000
43041,0.00000,0.00000,0.00000
43042,0.00000,0.00000,0.00000
43043,0.00000,0.00000,0.00000
43044,0.00000,0.00000,0.00000
43045,0.00000,0.00000,0.00000
43046,0.00000,0.00000,0.00000
43047,0.00000,0.00000,0.00000
43048,0.00000,0.00000,0.00000
43049,0.00000,0.00000,0.00000
43050,0.00000,0.00000,0.00000
43051,0.00000,0.00000,0.00000
43052,0.00000,0.00000,0.00000
43053,0.00000,0.00000,0.00000
43054,0.00000,0.00000,0.00000
43055,0.00000,0.00000,0.00000
43056,0.00000,0.00000,0.00000
43057,0.00000,0.00000,0.00000
43058,0.00000,0.00000,0.00000
43059,0.00000,0.00000,0.00000
43060,0.00000,0.00000,0.00000
43061,0.00000,0.00000,0.00000
43062,0.00000,0.00000,0.00000
43063,0.00000,0.00000,0.00000
43064,0.00000,0.00000,0.00000
43065,0.00000,0.00000,0.00000
43066,0.00000,0.00000,0.00000
43067,0.00000,0.00000,0.00000
43068,0.00000,0.00000,0.00000
43069,0.00000,0.00000,0.00000
43070,0.00000,0.00000,0.00000
43071,0.00000,0.00000,0.00000
43072,0.00000,0.00000,0.00000
43073,0.00000,0.00000,0.00000
43074,0.00000,0.00000,0.00000
43075,0.00000,0.00000,0.00000
43076,0.00000,0.00000,0.00000
43077,0.00000,0.00000,0.00000
43078,0.00000,0.00000,0.00000
43079,0.00000,0.00000,0.00000
43080,0.00000,0.00000,0.00000
43081,0.00000,0.00000,0.00000
43082,0.00000,0.00000,0.00000
43083,0.00000,0.00000,0.00000
43084,0.00000,0.00000,0.00000
43085,0.00000,0.00000,0.00000
43086,0.00000,0.00000,0.00000
43087,0.00000,0.00000,0.00000
43088,0.00000,0.00000,0.00000
43089,0.00000,0.00000,0.00000
43090,0.00000,0.00000,0.00000
43091,0.00000,0.00000,0.00000
43092,0.00000,0.00000,0.00000
43093,0.00000,0.00000,0.00000
43094,0.00000,0.00000,0.00000
43095,0.00000,0.00000,0.00000
43096,0.00000,0.00000,0.00000
43097,0.00000,0.00000,0.00000
43098,0.00000,0.00000,0.00000
43099,0.00000,0.00000,0.00000
43100,0.00000,0.00000,0.00000
43101,0.00000,0.00000,0.00000
43102,0.00000,0.00000,0.00000
43103,0.00000,0.00000,0.00000
43104,0.00000,0.00000,0.00000
43105,0.00000,0.00000,0.00000
43106,0.00000,0.00000,0.00000
43107,0.00000,0.00000,0.00000
43108,0.00000,0.00000,0.00000
43109,0.00000,0.00000,0.00000
43110,0.00000,0.00000,0.00000
43111,0.00000,0.00000,0.00000
43112,0.00000,0.00000,0.00000
43113,0.00000,0.00000,0.00000
43114,0.00000,0.00000,0.00000
43115,0.00000,0.00000,0.00000
43116,0.00000,0.00000,0.00000
43117,0.00000,0.00000,0.00000
43118,0.00000,0.00000,0.00000
43119,0.00000,0.00000,0.00000
43120,0.00000,0.00000,0.00000
43121,0.00000,0.00000,0.00000
43122,0.00000,0.00000,0.00000
43123,0.00000,0.00000,0.00000
43124,0.00000,0.00000,0.00000
43125,0.00000,0.00000,0.00000
43126,0.00000,0.00000,0.00000
43127,0.00000,0.00000,0.00000
43128,0.00000,0.00000,0.00000
43129,0.00000,0.00000,0.00000
43130,0.00000,0.00000,0.00000
43131,0.00000,0.00000,0.00000
43132,0.00000,0.00000,0.00000
43133,0.00000,0.00000,0.00000
43134,0.00000,0.00000,0.00000
43135,0.00000,0.00000,0.00000
43136,0.00000,0.00000,0.00000
43137,0.00000,0.00000,0.00000
43138,0.00000,0.00000,0.00000
43139,0.00000,0.00000,0.00000
43140,0.00000,0.00000,0.00000
43141,0.00000,0.00000,0.00000
43142,0.00000,0.00000,0.00000
43143,0.00000,0.00000,0.00000
43144,0.00000,0.00000,0.00000
43145,0.00000,0.00000,0.00000
43146,0.00000,0.00000,0.00000
43147,0.00000,0.00000,0.00000
43148,0.00000,0.00000,0.00000
43149,0.00000,0.00000,0.00000
43150,0.00000,0.00000,0.00000
43151,0.00000,0.00000,0.00000
43152,0.00000,0.00000,0.00000
43153,0.00000,0.00000,0.00000
43154,0.00000,0.00000,0.00000
43155,0.00000,0.00000,0.00000
43156,0.00000,0.00000,0.00000
43157,0.00000,0.00000,0.00000
43158,0.00000,0.00000,0.00000
43159,0.00000,0.00000,0.00000
43160,0.00000,0.00000,0.00000
43161,0.00000,0.00000,0.00000
43162,0.00000,0.00000,0.00000
43163,0.00000,0.00000,0.00000
43164,0.00000,0.00000,0.00000
43165,0.00000,0.00000,0.00000
43166,0.00000,0.00000,0.00000
43167,0.00000,0.00000,0.00000
43168,0.00000,0.00000,0.00000
43169,0.00000,0.00000,0.00000
43170,0.00000,0.00000,0.00000
43171,0.00000,0.00000,0.00000
43172,0.00000,0.00000,0.00000
43173,0.00000,0.00000,0.00000
43174,0.00000,0.00000,0.00000
43175,0.00000,0.00000,0.00000
43176,0.00000,0.00000,0.00000
43177,0.00000,0.00000,0.00000
43178,0.00000,0.00000,0.00000
43179,0.00000,0.00000,0.00000
43180,0.00000,0.00000,0.00000
43181,0.00000,0.00000,0.00000
43182,0.00000,0.00000,0.00000
43183,0.00000,0.00000,0.00000
43184,0.00000,0.00000,0.00000
43185,0.00000,0.00000,0.00000
43186,0.00000,0.00000,0.00000
43187,0.00000,0.00000,0.00000
43188,0.00000,0.00000,0.00000
43189,0.00000,0.00000,0.00000
43190,0.00000,0.00000,0.00000
43191,0.00000,0.00000,0.00000
43192,0.00000,0.00000,0.00000
43193,0.00000,0.00000,0.00000
43194,0.00000,0.00000,0.00000
43195,0.00000,0.00000,0.00000
43196,0.00000,0.00000,0.00000
43197,0.00000,0.00000,0.00000
43198,0.00000,0.00000,0.00000
43199,0.00000,0.00000,0.00000
43200,0.00000,0.00000,0.00000
43201,0.00000,0.00000,0.00000
43202,0.00000,0.00000,0.00000
43203,0.00000,0.00000,0.00000
43204,0.00000,0.00000,0.00000
43205,0.00000,0.00000,0.00000
43206,0.00000,0.00000,0.00000
43207,0.00000,0.00000,0.00000
43208,0.00000,0.00000,0.00000
43209,0.00000,0.00000,0.00000
43210,0.00000,0.00000,0.00000
43211,0.00000,0.00000,0.00000
43212,0.00000,0.00000,0.00000
43213,0.00000,0.00000,0.00000
43214,0.00000,0.00000,0.00000
43215,0.00000,0.00000,0.00000
43216,0.00000,0.00000,0.00000
43217,0.00000,0.00000,0.00000
43218,0.00000,0.00000,0.00000
43219,0.00000,0.00000,0.00000
43220,0.00000,0.00000,0.00000
43221,0.00000,0.00000,0.00000
43222,0.00000,0.00000,0.00000
43223,0.00000,0.00000,0.00000
43224,0.00000,0.00000,0.00000
43225,0.00000,0.00000,0.00000
43226,0.00000,0.00000,0.00000
43227,0.00000,0.00000,0.00000
43228,0.00000,0.00000,0.00000
43229,0.00000,0.00000,0.00000
43230,0.00000,0.00000,0.00000
43231,0.00000,0.00000,0.00000
43232,0.00000,0.00000,0.00000
43233,0.00000,0.00000,0.00000
43234,0.00000,0.00000,0.00000
43235,0.00000,0.00000,0.00000
43236,0.00000,0.00000,0.00000
43237,0.00000,0.00000,0.00000
43238,0.00000,0.00000,0.00000
43239,0.00000,0.00000,0.00000
43240,0.00000,0.00000,0.00000
43241,0.00000,0.00000,0.00000
43242,0.00000,0.00000,0.00000
43243,0.00000,0.00000,0.00000
43244,0.00000,0.00000,0.00000
43245,0.00000,0.00000,0.00000
43246,0.00000,0.00000,0.00000
43247,0.00000,0.00000,0.00000
43248,0.00000,0.00000,0.00000
43249,0.00000,0.00000,0.00000
43250,0.00000,0.00000,0.00000
43251,0.00000,0.00000,0.00000
43252,0.00000,0.00000,0.00000
43253,0.00000,0.00000,0.00000
43254,0.00000,0.00000,0.00000
43255,0.00000,0.00000,0.00000
43256,0.00000,0.00000,0.00000
43257,0.00000,0.00000,0.00000
43258,0.00000,0.00000,0.00000
43259,0.00000,0.00000,0.00000
43260,0.00000,0.00000,0.00000
43261,0.00000,0.00000,0.00000
43262,0.00000,0.00000,0.00000
43263,0.00000,0.00000,0.00000
43264,0.00000,0.00000,0.00000
43265,0.00000,0.00000,0.00000
43266,0.00000,0.00000,0.00000
43267,0.00000,0.00000,0.00000
43268,0.00000,0.00000,0.00000
43269,0.00000,0.00000,0.00000
43270,0.00000,0.00000,0.00000
43271,0.00000,0.00000,0.00000
43272,0.00000,0.00000,0.00000
43273,0.00000,0.00000,0.00000
43274,0.00000,0.00000,0.00000
43275,0.00000,0.00000,0.00000
43276,0.00000,0.00000,0.00000
43277,0.00000,0.00000,0.00000
43278,0.00000,0.00000,0.00000
43279,0.00000,0.00000,0.00000
43280,0.00000,0.00000,0.00000
43281,0.00000,0.00000,0.00000
43282,0.00000,0.00000,0.00000
43283,0.00000,0.00000,0.00000
43284,0.00000,0.00000,0.00000
43285,0.00000,0.00000,0.00000
43286,0.00000,0.00000,0.00000
43287,0.00000,0.00000,0.00000
43288,0.00000,0.00000,0.00000
43289,0.00000,0.00000,0.00000
43290,0.00000,0.00000,0.00000
43291,0.00000,0.00000,0.00000
43292,0.00000,0.00000,0.00000
43293,0.00000,0.00000,0.00000
43294,0.00000,0.00000,0.00000
43295,0.00000,0.00000,0.00000
43296,0.00000,0.00000,0.00000
43297,0.00000,0.00000,0.00000
43298,0.00000,0.00000,0.00000
43299,0.00000,0.00000,0.00000
43300,0.00000,0.00000,0.00000
43301,0.00000,0.00000,0.00000
43302,0.00000,0.00000,0.00000
43303,0.00000,0.00000,0.00000
43304,0.00000,0.00000,0.00000
43305,0.00000,0.00000,0.00000
43306,0.00000,0.00000,0.00000
43307,0.00000,0.00000,0.00000
43308,0.00000,0.00000,0.00000
43309,0.00000,0.00000,0.00000
43310,0.00000,0.00000,0.00000
43311,0.00000,0.00000,0.00000
43312,0.00000,0.00000,0.00000
43313,0.00000,0.00000,0.00000
43314,0.00000,0.00000,0.00000
43315,0.00000,0.00000,0.00000
43316,0.00000,0.00000,0.00000
43317,0.00000,0.00000,0.00000
43318,0.00000,0.00000,0.00000
43319,0.00000,0.00000,0.00000
43320,0.00000,0.00000,0.00000
43321,0.00000,0.00000,0.00000
43322,0.00000,0.00000,0.00000
43323,0.00000,0.00000,0.00000
43324,0.00000,0.00000,0.00000
43325,0.00000,0.00000,0.00000
43326,0.00000,0.00000,0.00000
43327,0.00000,0.00000,0.00000
43328,0.00000,0.00000,0.00000
43329,0.00000,0.00000,0.00000
43330,0.00000,0.00000,0.00000
43331,0.00000,0.00000,0.00000
43332,0.00000,0.00000,0.00000
43333,0.00000,0.00000,0.00000
43334,0.00000,0.00000,0.00000
43335,0.00000,0.00000,0.00000
43336,0.00000,0.00000,0.00000
43337,0.00000,0.00000,0.00000
43338,0.00000,0.00000,0.00000
43339,0.00000,0.00000,0.00000
43340,0.00000,0.00000,0.00000
43341,0.00000,0.00000,0.00000
43342,0.00000,0.00000,0.00000
43343,0.00000,0.00000,0.00000
43344,0.00000,0.00000,0.00000
43345,0.00000,0.00000,0.00000
43346,0.00000,0.00000,0.00000
43347,0.00000,0.00000,0.00000
43348,0.00000,0.00000,0.00000
43349,0.00000,0.00000,0.00000
43350,0.00000,0.00000,0.00000
43351,0.00000,0.00000,0.00000
43352,0.00000,0.00000,0.00000
43353,0.00000,0.00000,0.00000
43354,0.00000,0.00000,0.00000
43355,0.00000,0.00000,0.00000
43356,0.00000,0.00000,0.00000
43357,0.00000,0.00000,0.00000
43358,0.00000,0.00000,0.00000
43359,0.00000,0.00000,0.00000
43360,0.00000,0.00000,0.00000
43361,0.00000,0.00000,0.00000
43362,0.00000,0.00000,0.00000
43363,0.00000,0.00000,0.00000
43364,0.00000,0.00000,0.00000
43365,0.00000,0.00000,0.00000
43366,0.00000,0.00000,0.00000
43367,0.00000,0.00000,0.00000
43368,0.00000,0.00000,0.00000
43369,0.00000,0.00000,0.00000
43370,0.00000,0.00000,0.00000
43371,0.00000,0.00000,0.00000
43372,0.00000,0.00000,0.00000
43373,0.00000,0.00000,0.00000
43374,0.00000,0.00000,0.00000
43375,0.00000,0.00000,0.00000
43376,0.00000,0.00000,0.00000
43377,0.00000,0.00000,0.00000
43378,0.00000,0.00000,0.00000
43379,0.00000,0.00000,0.00000
43380,0.00000,0.00000,0.00000
43381,0.00000,0.00000,0.00000
43382,0.00000,0.00000,0.00000
43383,0.00000,0.00000,0.00000
43384,0.00000,0.00000,0.00000
43385,0.00000,0.00000,0.00000
43386,0.00000,0.00000,0.00000
43387,0.00000,0.00000,0.00000
43388,0.00000,0.00000,0.00000
43389,0.00000,0.00000,0.00000
43390,0.00000,0.00000,0.00000
43391,0.00000,0.00000,0.00000
43392,0.00000,0.00000,0.00000
43393,0.00000,0.00000,0.00000
43394,0.00000,0.00000,0.00000
43395,0.00000,0.00000,0.00000
43396,0.00000,0.00000,0.00000
43397,0.00000,0.00000,0.00000
43398,0.00000,0.00000,0.00000
43399,0.00000,0.00000,0.00000
43400,0.00000,0.00000,0.00000
43401,0.00000,0.00000,0.00000
43402,0.00000,0.00000,0.00000
43403,0.00000,0.00000,0.00000
43404,0.00000,0.00000,0.00000
43405,0.00000,0.00000,0.00000
43406,0.00000,0.00000,0.00000
43407,0.00000,0.00000,0.00000
43408,0.00000,0.00000,0.00000
43409,0.00000,0.00000,0.00000
43410,0.00000,0.00000,0.00000
43411,0.00000,0.00000,0.00000
43412,0.00000,0.00000,0.00000
43413,0.00000,0.00000,0.00000
43414,0.00000,0.00000,0.00000
43415,0.00000,0.00000,0.00000
43416,0.00000,0.00000,0.00000
43417,0.00000,0.00000,0.00000
43418,0.00000,0.00000,0.00000
43419,0.00000,0.00000,0.00000
43420,0.00000,0.00000,0.00000
43421,0.00000,0.00000,0.00000
43422,0.00000,0.00000,0.00000
43423,0.00000,0.00000,0.00000
43424,0.00000,0.00000,0.00000
43425,0.00000,0.00000,0.00000
43426,0.00000,0.00000,0.00000
43427,0.00000,0.00000,0.00000
43428,0.00000,0.00000,0.00000
43429,0.00000,0.00000,0.00000
43430,0.00000,0.00000,0.00000
43431,0.00000,0.00000,0.00000
43432,0.00000,0.00000,0.00000
43433,0.00000,0.00000,0.00000
43434,0.00000,0.00000,0.00000
43435,0.00000,0.00000,0.00000
43436,0.00000,0.00000,0.00000
43437,0.00000,0.00000,0.00000
43438,0.00000,0.00000,0.00000
43439,0.00000,0.00000,0.00000
43440,0.00000,0.00000,0.00000
43441,0.00000,0.00000,0.00000
43442,0.00000,0.00000,0.00000
43443,0.00000,0.00000,0.00000
43444,0.00000,0.00000,0.00000
43445,0.00000,0.00000,0.00000
43446,0.00000,0.00000,0.00000
43447,0.00000,0.00000,0.00000
43448,0.00000,0.00000,0.00000
43449,0.00000,0.00000,0.00000
43450,0.00000,0.00000,0.00000
43451,0.00000,0.00000,0.00000
43452,0.00000,0.00000,0.00000
43453,0.00000,0.00000,0.00000
43454,0.00000,0.00000,0.00000
43455,0.00000,0.00000,0.00000
43456,0.00000,0.00000,0.00000
43457,0.00000,0.00000,0.00000
43458,0.00000,0.00000,0.00000
43459,0.00000,0.00000,0.00000
43460,0.00000,0.00000,0.00000
43461,0.00000,0.00000,0.00000
43462,0.00000,0.00000,0.00000
43463,0.00000,0.00000,0.00000
43464,0.00000,0.00000,0.00000
43465,0.00000,0.00000,0.00000
43466,0.00000,0.00000,0.00000
43467,0.00000,0.00000,0.00000
43468,0.00000,0.00000,0.00000
43469,0.00000,0.00000,0.00000
43470,0.00000,0.00000,0.00000
43471,0.00000,0.00000,0.00000
43472,0.00000,0.00000,0.00000
43473,0.00000,0.00000,0.00000
43474,0.00000,0.00000,0.00000
43475,0.00000,0.00000,0.00000
43476,0.00000,0.00000,0.00000
43477,0.00000,0.00000,0.00000
43478,0.00000,0.00000,0.00000
43479,0.00000,0.00000,0.00000
43480,0.00000,0.00000,0.00000
43481,0.00000,0.00000,0.00000
43482,0.00000,0.00000,0.00000
43483,0.00000,0.00000,0.00000
43484,0.00000,0.00000,0.00000
43485,0.00000,0.00000,0.00000
43486,0.00000,0.00000,0.00000
43487,0.00000,0.00000,0.00000
43488,0.00000,0.00000,0.00000
43489,0.00000,0.00000,0.00000
43490,0.00000,0.00000,0.00000
43491,0.00000,0.00000,0.00000
43492,0.00000,0.00000,0.00000
43493,0.00000,0.00000,0.00000
43494,0.00000,0.00000,0.00000
43495,0.00000,0.00000,0.00000
43496,0.00000,0.00000,0.00000
43497,0.00000,0.00000,0.00000
43498,0.00000,0.00000,0.00000
43499,0.00000,0.00000,0.00000
43500,0.00000,0.00000,0.00000
43501,0.00000,0.00000,0.00000
43502,0.00000,0.00000,0.00000
43503,0.00000,0.00000,0.00000
43504,0.00000,0.00000,0.00000
43505,0.00000,0.00000,0.00000
43506,0.00000,0.00000,0.00000
43507,0.00000,0.00000,0.00000
43508,0.00000,0.00000,0.00000
43509,0.00000,0.00000,0.00000
43510,0.00000,0.00000,0.00000
43511,0.00000,0.00000,0.00000
43512,0.00000,0.00000,0.00000
43513,0.00000,0.00000,0.00000
43514,0.00000,0.00000,0.00000
43515,0.00000,0.00000,0.00000
43516,0.00000,0.00000,0.00000
43517,0.00000,0.00000,0.00000
43518,0.00000,0.00000,0.00000
43519,0.00000,0.00000,0.00000
43520,0.00000,0.00000,0.00000
43521,0.00000,0.00000,0.00000
43522,0.00000,0.00000,0.00000
43523,0.00000,0.00000,0.00000
43524,0.00000,0.00000,0.00000
43525,0.00000,0.00000,0.00000
43526,0.00000,0.00000,0.00000
43527,0.00000,0.00000,0.00000
43528,0.00000,0.00000,0.00000
43529,0.00000,0.00000,0.00000
43530,0.00000,0.00000,0.00000
43531,0.00000,0.00000,0.00000
43532,0.00000,0.00000,0.00000
43533,0.00000,0.00000,0.00000
43534,0.00000,0.00000,0.00000
43535,0.00000,0.00000,0.00000
43536,0.00000,0.00000,0.00000
43537,0.00000,0.00000,0.00000
43538,0.00000,0.00000,0.00000
43539,0.00000,0.00000,0.00000
43540,0.00000,0.00000,0.00000
43541,0.00000,0.00000,0.00000
43542,0.00000,0.00000,0.00000
43543,0.00000,0.00000,0.00000
43544,0.00000,0.00000,0.00000
43545,0.00000,0.00000,0.00000
43546,0.00000,0.00000,0.00000
43547,0.00000,0.00000,0.00000
43548,0.00000,0.00000,0.00000
43549,0.00000,0.00000,0.00000
43550,0.00000,0.00000,0.00000
43551,0.00000,0.00000,0.00000
43552,0.00000,0.00000,0.00000
43553,0.00000,0.00000,0.00000
43554,0.00000,0.00000,0.00000
43555,0.00000,0.00000,0.00000
43556,0.00000,0.00000,0.00000
43557,0.00000,0.00000,0.00000
43558,0.00000,0.00000,0.00000
43559,0.00000,0.00000,0.00000
43560,0.00000,0.00000,0.00000
43561,0.00000,0.00000,0.00000
43562,0.00000,0.00000,0.00000
43563,0.00000,0.00000,0.00000
43564,0.00000,0.00000,0.00000
43565,0.00000,0.00000,0.00000
43566,0.00000,0.00000,0.00000
43567,0.00000,0.00000,0.00000
43568,0.00000,0.00000,0.00000
43569,0.00000,0.00000,0.00000
43570,0.00000,0.00000,0.00000
43571,0.00000,0.00000,0.00000
43572,0.00000,0.00000,0.00000
43573,0.00000,0.00000,0.00000
43574,0.00000,0.00000,0.00000
43575,0.00000,0.00000,0.00000
43576,0.00000,0.00000,0.00000
43577,0.00000,0.00000,0.00000
43578,0.00000,0.00000,0.00000
43579,0.00000,0.00000,0.00000
43580,0.00000,0.00000,0.00000
43581,0.00000,0.00000,0.00000
43582,0.00000,0.00000,0.00000
43583,0.00000,0.00000,0.00000
43584,0.00000,0.00000,0.00000
43585,0.00000,0.00000,0.00000
43586,0.00000,0.00000,0.00000
43587,0.00000,0.00000,0.00000
43588,0.00000,0.00000,0.00000
43589,0.00000,0.00000,0.00000
43590,0.00000,0.00000,0.00000
43591,0.00000,0.00000,0.00000
43592,0.00000,0.00000,0.00000
43593,0.00000,0.00000,0.00000
43594,0.00000,0.00000,0.00000
43595,0.00000,0.00000,0.00000
43596,0.00000,0.00000,0.00000
43597,0.00000,0.00000,0.00000
43598,0.00000,0.00000,0.00000
43599,0.00000,0.00000,0.00000
43600,0.00000,0.00000,0.00000
43601,0.00000,0.00000,0.00000
43602,0.00000,0.00000,0.00000
43603,0.00000,0.00000,0.00000
43604,0.00000,0.00000,0.00000
43605,0.00000,0.00000,0.00000
43606,0.00000,0.00000,0.00000
43607,0.00000,0.00000,0.00000
43608,0.00000,0.00000,0.00000
43609,0.00000,0.00000,0.00000
43610,0.00000,0.00000,0.00000
43611,0.00000,0.00000,0.00000
43612,0.00000,0.00000,0.00000
43613,0.00000,0.00000,0.00000
43614,0.00000,0.00000,0.00000
43615,0.00000,0.00000,0.00000
43616,0.00000,0.00000,0.00000
43617,0.00000,0.00000,0.00000
43618,0.00000,0.00000,0.00000
43619,0.00000,0.00000,0.00000
43620,0.00000,0.00000,0.00000
43621,0.00000,0.00000,0.00000
43622,0.00000,0.00000,0.00000
43623,0.00000,0.00000,0.00000
43624,0.00000,0.00000,0.00000
43625,0.00000,0.00000,0.00000
43626,0.00000,0.00000,0.00000
43627,0.00000,0.00000,0.00000
43628,0.00000,0.00000,0.00000
43629,0.00000,0.00000,0.00000
43630,0.00000,0.00000,0.00000
43631,0.00000,0.00000,0.00000
43632,0.00000,0.00000,0.00000
43633,0.00000,0.00000,0.00000
43634,0.00000,0.00000,0.00000
43635,0.00000,0.00000,0.00000
43636,0.00000,0.00000,0.00000
43637,0.00000,0.00000,0.00000
43638,0.00000,0.00000,0.00000
43639,0.00000,0.00000,0.00000
43640,0.00000,0.00000,0.00000
43641,0.00000,0.00000,0.00000
43642,0.00000,0.00000,0.00000
43643,0.00000,0.00000,0.00000
43644,0.00000,0.00000,0.00000
43645,0.00000,0.00000,0.00000
43646,0.00000,0.00000,0.00000
43647,0.00000,0.00000,0.00000
43648,0.00000,0.00000,0.00000
43649,0.00000,0.00000,0.00000
43650,0.00000,0.00000,0.00000
43651,0.00000,0.00000,0.00000
43652,0.00000,0.00000,0.00000
43653,0.00000,0.00000,0.00000
43654,0.00000,0.00000,0.00000
43655,0.00000,0.00000,0.00000
43656,0.00000,0.00000,0.00000
43657,0.00000,0.00000,0.00000
43658,0.00000,0.00000,0.00000
43659,0.00000,0.00000,0.00000
43660,0.00000,0.00000,0.00000
43661,0.00000,0.00000,0.00000
43662,0.00000,0.00000,0.00000
43663,0.00000,0.00000,0.00000
43664,0.00000,0.00000,0.00000
43665,0.00000,0.00000,0.00000
43666,0.00000,0.00000,0.00000
43667,0.00000,0.00000,0.00000
43668,0.00000,0.00000,0.00000
43669,0.00000,0.00000,0.00000
43670,0.00000,0.00000,0.00000
43671,0.00000,0.00000,0.00000
43672,0.00000,0.00000,0.00000
43673,0.00000,0.00000,0.00000
43674,0.00000,0.00000,0.00000
43675,0.00000,0.00000,0.00000
43676,0.00000,0.00000,0.00000
43677,0.00000,0.00000,0.00000
43678,0.00000,0.00000,0.00000
43679,0.00000,0.00000,0.00000
43680,0.00000,0.00000,0.00000
43681,0.00000,0.00000,0.00000
43682,0.00000,0.00000,0.00000
43683,0.00000,0.00000,0.00000
43684,0.00000,0.00000,0.00000
43685,0.00000,0.00000,0.00000
43686,0.00000,0.00000,0.00000
43687,0.00000,0.00000,0.00000
43688,0.00000,0.00000,0.00000
43689,0.00000,0.00000,0.00000
43690,0.00000,0.00000,0.00000
43691,0.00000,0.00000,0.00000
43692,0.00000,0.00000,0.00000
43693,0.00000,0.00000,0.00000
43694,0.00000,0.00000,0.00000
43695,0.00000,0.00000,0.00000
43696,0.00000,0.00000,0.00000
43697,0.00000,0.00000,0.00000
43698,0.00000,0.00000,0.00000
43699,0.00000,0.00000,0.00000
43700,0.00000,0.00000,0.00000
43701,0.00000,0.00000,0.00000
43702,0.00000,0.00000,0.00000
43703,0.00000,0.00000,0.00000
43704,0.00000,0.00000,0.00000
43705,0.00000,0.00000,0.00000
43706,0.00000,0.00000,0.00000
43707,0.00000,0.00000,0.00000
43708,0.00000,0.00000,0.00000
43709,0.00000,0.00000,0.00000
43710,0.00000,0.00000,0.00000
43711,0.00000,0.00000,0.00000
43712,0.00000,0.00000,0.00000
43713,0.00000,0.00000,0.00000
43714,0.00000,0.00000,0.00000
43715,0.00000,0.00000,0.00000
43716,0.00000,0.00000,0.00000
43717,0.00000,0.00000,0.00000
43718,0.00000,0.00000,0.00000
43719,0.00000,0.00000,0.00000
43720,0.00000,0.00000,0.00000
43721,0.00000,0.00000,0.00000
43722,0.00000,0.00000,0.00000
43723,0.00000,0.00000,0.00000
43724,0.00000,0.00000,0.00000
43725,0.00000,0.00000,0.00000
43726,0.00000,0.00000,0.00000
43727,0.00000,0.00000,0.00000
43728,0.00000,0.00000,0.00000
43729,0.00000,0.00000,0.00000
43730,0.00000,0.00000,0.00000
43731,0.00000,0.00000,0.00000
43732,0.00000,0.00000,0.00000
43733,0.00000,0.00000,0.00000
43734,0.00000,0.00000,0.00000
43735,0.00000,0.00000,0.00000
43736,0.00000,0.00000,0.00000
43737,0.00000,0.00000,0.00000
43738,0.00000,0.00000,0.00000
43739,0.00000,0.00000,0.00000
43740,0.00000,0.00000,0.00000
43741,0.00000,0.00000,0.00000
43742,0.00000,0.00000,0.00000
43743,0.00000,0.00000,0.00000
43744,0.00000,0.00000,0.00000
43745,0.00000,0.00000,0.00000
43746,0.00000,0.00000,0.00000
43747,0.00000,0.00000,0.00000
43748,0.00000,0.00000,0.00000
43749,0.00000,0.00000,0.00000
43750,0.00000,0.00000,0.00000
43751,0.00000,0.00000,0.00000
43752,0.00000,0.00000,0.00000
43753,0.00000,0.00000,0.00000
43754,0.00000,0.00000,0.00000
43755,0.00000,0.00000,0.00000
43756,0.00000,0.00000,0.00000
43757,0.00000,0.00000,0.00000
43758,0.00000,0.00000,0.00000
43759,0.00000,0.00000,0.00000
43760,0.00000,0.00000,0.00000
43761,0.00000,0.00000,0.00000
43762,0.00000,0.00000,0.00000
43763,0.00000,0.00000,0.00000
43764,0.00000,0.00000,0.00000
43765,0.00000,0.00000,0.00000
43766,0.00000,0.00000,0.00000
43767,0.00000,0.00000,0.00000
43768,0.00000,0.00000,0.00000
43769,0.00000,0.00000,0.00000
43770,0.00000,0.00000,0.00000
43771,0.00000,0.00000,0.00000
43772,0.00000,0.00000,0.00000
43773,0.00000,0.00000,0.00000
43774,0.00000,0.00000,0.00000
43775,0.00000,0.00000,0.00000
43776,0.00000,0.00000,0.00000
43777,0.00000,0.00000,0.00000
43778,0.00000,0.00000,0.00000
43779,0.00000,0.00000,0.00000
43780,0.00000,0.00000,0.00000
43781,0.00000,0.00000,0.00000
43782,0.00000,0.00000,0.00000
43783,0.00000,0.00000,0.00000
43784,0.00000,0.00000,0.00000
43785,0.00000,0.00000,0.00000
43786,0.00000,0.00000,0.00000
43787,0.00000,0.00000,0.00000
43788,0.00000,0.00000,0.00000
43789,0.00000,0.00000,0.00000
43790,0.00000,0.00000,0.00000
43791,0.00000,0.00000,0.00000
43792,0.00000,0.00000,0.00000
43793,0.00000,0.00000,0.00000
43794,0.00000,0.00000,0.00000
43795,0.00000,0.00000,0.00000
43796,0.00000,0.00000,0.00000
43797,0.00000,0.00000,0.00000
43798,0.00000,0.00000,0.00000
43799,0.00000,0.00000,0.00000
43800,0.00000,0.00000,0.00000
43801,0.00000,0.00000,0.00000
43802,0.00000,0.00000,0.00000
43803,0.00000,0.00000,0.00000
43804,0.00000,0.00000,0.00000
43805,0.00000,0.00000,0.00000
43806,0.00000,0.00000,0.00000
43807,0.00000,0.00000,0.00000
43808,0.00000,0.00000,0.00000
43809,0.00000,0.00000,0.00000
43810,0.00000,0.00000,0.00000
43811,0.00000,0.00000,0.00000
43812,0.00000,0.00000,0.00000
43813,0.00000,0.00000,0.00000
43814,0.00000,0.00000,0.00000
43815,0.00000,0.00000,0.00000
43816,0.00000,0.00000,0.00000
43817,0.00000,0.00000,0.00000
43818,0.00000,0.00000,0.00000
43819,0.00000,0.00000,0.00000
43820,0.00000,0.00000,0.00000
43821,0.00000,0.00000,0.00000
43822,0.00000,0.00000,0.00000
43823,0.00000,0.00000,0.00000
43824,0.00000,0.00000,0.00000
43825,0.00000,0.00000,0.00000
43826,0.00000,0.00000,0.00000
43827,0.00000,0.00000,0.00000
43828,0.00000,0.00000,0.00000
43829,0.00000,0.00000,0.00000
43830,0.00000,0.00000,0.00000
43831,0.00000,0.00000,0.00000
43832,0.00000,0.00000,0.00000
43833,0.00000,0.00000,0.00000
43834,0.00000,0.00000,0.00000
43835,0.00000,0.00000,0.00000
43836,0.00000,0.00000,0.00000
43837,0.00000,0.00000,0.00000
43838,0.00000,0.00000,0.00000
43839,0.00000,0.00000,0.00000
43840,0.00000,0.00000,0.00000
43841,0.00000,0.00000,0.00000
43842,0.00000,0.00000,0.00000
43843,0.00000,0.00000,0.00000
43844,0.00000,0.00000,0.00000
43845,0.00000,0.00000,0.00000
43846,0.00000,0.00000,0.00000
43847,0.00000,0.00000,0.00000
43848,0.00000,0.00000,0.00000
43849,0.00000,0.00000,0.00000
43850,0.00000,0.00000,0.00000
43851,0.00000,0.00000,0.00000
43852,0.00000,0.00000,0.00000
43853,0.00000,0.00000,0.00000
43854,0.00000,0.00000,0.00000
43855,0.00000,0.00000,0.00000
43856,0.00000,0.00000,0.00000
43857,0.00000,0.00000,0.00000
43858,0.00000,0.00000,0.00000
43859,0.00000,0.00000,0.00000
43860,0.00000,0.00000,0.00000
43861,0.00000,0.00000,0.00000
43862,0.00000,0.00000,0.00000
43863,0.00000,0.00000,0.00000
43864,0.00000,0.00000,0.00000
43865,0.00000,0.00000,0.00000
43866,0.00000,0.00000,0.00000
43867,0.00000,0.00000,0.00000
43868,0.00000,0.00000,0.00000
43869,0.00000,0.00000,0.00000
43870,0.00000,0.00000,0.00000
43871,0.00000,0.00000,0.00000
43872,0.00000,0.00000,0.00000
43873,0.00000,0.00000,0.00000
43874,0.00000,0.00000,0.00000
43875,0.00000,0.00000,0.00000
43876,0.00000,0.00000,0.00000
43877,0.00000,0.00000,0.00000
43878,0.00000,0.00000,0.00000
43879,0.00000,0.00000,0.00000
43880,0.00000,0.00000,0.00000
43881,0.00000,0.00000,0.00000
43882,0.00000,0.00000,0.00000
43883,0.00000,0.00000,0.00000
43884,0.00000,0.00000,0.00000
43885,0.00000,0.00000,0.00000
43886,0.00000,0.00000,0.00000
43887,0.00000,0.00000,0.00000
43888,0.00000,0.00000,0.00000
43889,0.00000,0.00000,0.00000
43890,0.00000,0.00000,0.00000
43891,0.00000,0.00000,0.00000
43892,0.00000,0.00000,0.00000
43893,0.00000,0.00000,0.00000
43894,0.00000,0.00000,0.00000
43895,0.00000,0.00000,0.00000
43896,0.00000,0.00000,0.00000
43897,0.00000,0.00000,0.00000
43898,0.00000,0.00000,0.00000
43899,0.00000,0.00000,0.00000
43900,0.00000,0.00000,0.00000
43901,0.00000,0.00000,0.00000
43902,0.00000,0.00000,0.00000
43903,0.00000,0.00000,0.00000
43904,0.00000,0.00000,0.00000
43905,0.00000,0.00000,0.00000
43906,0.00000,0.00000,0.00000
43907,0.00000,0.00000,0.00000
43908,0.00000,0.00000,0.00000
43909,0.00000,0.00000,0.00000
43910,0.00000,0.00000,0.00000
43911,0.00000,0.00000,0.00000
43912,0.00000,0.00000,0.00000
43913,0.00000,0.00000,0.00000
43914,0.00000,0.00000,0.00000
43915,0.00000,0.00000,0.00000
43916,0.00000,0.00000,0.00000
43917,0.00000,0.00000,0.00000
43918,0.00000,0.00000,0.00000
43919,0.00000,0.00000,0.00000
43920,0.00000,0.00000,0.00000
43921,0.00000,0.00000,0.00000
43922,0.00000,0.00000,0.00000
43923,0.00000,0.00000,0.00000
43924,0.00000,0.00000,0.00000
43925,0.00000,0.00000,0.00000
43926,0.00000,0.00000,0.00000
43927,0.00000,0.00000,0.00000
43928,0.00000,0.00000,0.00000
43929,0.00000,0.00000,0.00000
43930,0.00000,0.00000,0.00000
43931,0.00000,0.00000,0.00000
43932,0.00000,0.00000,0.00000
43933,0.00000,0.00000,0.00000
43934,0.00000,0.00000,0.00000
43935,0.00000,0.00000,0.00000
43936,0.00000,0.00000,0.00000
43937,0.00000,0.00000,0.00000
43938,0.00000,0.00000,0.00000
43939,0.00000,0.00000,0.00000
43940,0.00000,0.00000,0.00000
43941,0.00000,0.00000,0.00000
43942,0.00000,0.00000,0.00000
43943,0.00000,0.00000,0.00000
43944,0.00000,0.00000,0.00000
43945,0.00000,0.00000,0.00000
43946,0.00000,0.00000,0.00000
43947,0.00000,0.00000,0.00000
43948,0.00000,0.00000,0.00000
43949,0.00000,0.00000,0.00000
43950,0.00000,0.00000,0.00000
43951,0.00000,0.00000,0.00000
43952,0.00000,0.00000,0.00000
43953,0.00000,0.00000,0.00000
43954,0.00000,0.00000,0.00000
43955,0.00000,0.00000,0.00000
43956,0.00000,0.00000,0.00000
43957,0.00000,0.00000,0.00000
43958,0.00000,0.00000,0.00000
43959,0.00000,0.00000,0.00000
43960,0.00000,0.00000,0.00000
43961,0.00000,0.00000,0.00000
43962,0.00000,0.00000,0.00000
43963,0.00000,0.00000,0.00000
43964,0.00000,0.00000,0.00000
43965,0.00000,0.00000,0.00000
43966,0.00000,0.00000,0.00000
43967,0.00000,0.00000,0.00000
43968,0.00000,0.00000,0.00000
43969,0.00000,0.00000,0.00000
43970,0.00000,0.00000,0.00000
43971,0.00000,0.00000,0.00000
43972,0.00000,0.00000,0.00000
43973,0.00000,0.00000,0.00000
43974,0.00000,0.00000,0.00000
43975,0.00000,0.00000,0.00000
43976,0.00000,0.00000,0.00000
43977,0.00000,0.00000,0.00000
43978,0.00000,0.00000,0.00000
43979,0.00000,0.00000,0.00000
43980,0.00000,0.00000,0.00000
43981,0.00000,0.00000,0.00000
43982,0.00000,0.00000,0.00000
43983,0.00000,0.00000,0.00000
43984,0.00000,0.00000,0.00000
43985,0.00000,0.00000,0.00000
43986,0.00000,0.00000,0.00000
43987,0.00000,0.00000,0.00000
43988,0.00000,0.00000,0.00000
43989,0.00000,0.00000,0.00000
43990,0.00000,0.00000,0.00000
43991,0.00000,0.00000,0.00000
43992,0.00000,0.00000,0.00000
43993,0.00000,0.00000,0.00000
43994,0.00000,0.00000,0.00000
43995,0.00000,0.00000,0.00000
43996,0.00000,0.00000,0.00000
43997,0.00000,0.00000,0.00000
43998,0.00000,0.00000,0.00000
43999,0.00000,0.00000,0.00000
44000,0.00000,0.00000,0.00000
44001,0.00000,0.00000,0.00000
44002,0.00000,0.00000,0.00000
44003,0.00000,0.00000,0.00000
44004,0.00000,0.00000,0.00000
44005,0.00000,0.00000,0.00000
44006,0.00000,0.00000,0.00000
44007,0.00000,0.00000,0.00000
44008,0.00000,0.00000,0.00000
44009,0.00000,0.00000,0.00000
44010,0.00000,0.00000,0.00000
44011,0.00000,0.00000,0.00000
44012,0.00000,0.00000,0.00000
44013,0.00000,0.00000,0.00000
44014,0.00000,0.00000,0.00000
44015,0.00000,0.00000,0.00000
44016,0.00000,0.00000,0.00000
44017,0.00000,0.00000,0.00000
44018,0.00000,0.00000,0.00000
44019,0.00000,0.00000,0.00000
44020,0.00000,0.00000,0.00000
44021,0.00000,0.00000,0.00000
44022,0.00000,0.00000,0.00000
44023,0.00000,0.00000,0.00000
44024,0.00000,0.00000,0.00000
44025,0.00000,0.00000,0.00000
44026,0.00000,0.00000,0.00000
44027,0.00000,0.00000,0.00000
44028,0.00000,0.00000,0.00000
44029,0.00000,0.00000,0.00000
44030,0.00000,0.00000,0.00000
44031,0.00000,0.00000,0.00000
44032,0.00000,0.00000,0.00000
44033,0.00000,0.00000,0.00000
44034,0.00000,0.00000,0.00000
44035,0.00000,0.00000,0.00000
44036,0.00000,0.00000,0.00000
44037,0.00000,0.00000,0.00000
44038,0.00000,0.00000,0.00000
44039,0.00000,0.00000,0.00000
44040,0.00000,0.00000,0.00000
44041,0.00000,0.00000,0.00000
44042,0.00000,0.00000,0.00000
44043,0.00000,0.00000,0.00000
44044,0.00000,0.00000,0.00000
44045,0.00000,0.00000,0.00000
44046,0.00000,0.00000,0.00000
44047,0.00000,0.00000,0.00000
44048,0.00000,0.00000,0.00000
44049,0.00000,0.00000,0.00000
44050,0.00000,0.00000,0.00000
44051,0.00000,0.00000,0.00000
44052,0.00000,0.00000,0.00000
44053,0.00000,0.00000,0.00000
44054,0.00000,0.00000,0.00000
44055,0.00000,0.00000,0.00000
44056,0.00000,0.00000,0.00000
44057,0.00000,0.00000,0.00000
44058,0.00000,0.00000,0.00000
44059,0.00000,0.00000,0.00000
44060,0.00000,0.00000,0.00000
44061,0.00000,0.00000,0.00000
44062,0.00000,0.00000,0.00000
44063,0.00000,0.00000,0.00000
44064,0.00000,0.00000,0.00000
44065,0.00000,0.00000,0.00000
44066,0.00000,0.00000,0.00000
44067,0.00000,0.00000,0.00000
44068,0.00000,0.00000,0.00000
44069,0.00000,0.00000,0.00000
44070,0.00000,0.00000,0.00000
44071,0.00000,0.00000,0.00000
44072,0.00000,0.00000,0.00000
44073,0.00000,0.00000,0.00000
44074,0.00000,0.00000,0.00000
44075,0.00000,0.00000,0.00000
44076,0.00000,0.00000,0.00000
44077,0.00000,0.00000,0.00000
44078,0.00000,0.00000,0.00000
44079,0.00000,0.00000,0.00000
44080,0.00000,0.00000,0.00000
44081,0.00000,0.00000,0.00000
44082,0.00000,0.00000,0.00000
44083,0.00000,0.00000,0.00000
44084,0.00000,0.00000,0.00000
44085,0.00000,0.00000,0.00000
44086,0.00000,0.00000,0.00000
44087,0.00000,0.00000,0.00000
44088,0.00000,0.00000,0.00000
44089,0.00000,0.00000,0.00000
44090,0.00000,0.00000,0.00000
44091,0.00000,0.00000,0.00000
44092,0.00000,0.00000,0.00000
44093,0.00000,0.00000,0.00000
44094,0.00000,0.00000,0.00000
44095,0.00000,0.00000,0.00000
44096,0.00000,0.00000,0.00000
44097,0.00000,0.00000,0.00000
44098,0.00000,0.00000,0.00000
44099,0.00000,0.00000,0.00000
44100,0.00000,0.00000,0.00000
44101,0.00000,0.00000,0.00000
44102,0.00000,0.00000,0.00000
44103,0.00000,0.00000,0.00000
44104,0.00000,0.00000,0.00000
44105,0.00000,0.00000,0.00000
44106,0.00000,0.00000,0.00000
44107,0.00000,0.00000,0.00000
44108,0.00000,0.00000,0.00000
44109,0.00000,0.00000,0.00000
44110,0.00000,0.00000,0.00000
44111,0.00000,0.00000,0.00000
44112,0.00000,0.00000,0.00000
44113,0.00000,0.00000,0.00000
44114,0.00000,0.00000,0.00000
44115,0.00000,0.00000,0.00000
44116,0.00000,0.00000,0.00000
44117,0.00000,0.00000,0.00000
44118,0.00000,0.00000,0.00000
44119,0.00000,0.00000,0.00000
44120,0.00000,0.00000,0.00000
44121,0.00000,0.00000,0.00000
44122,0.00000,0.00000,0.00000
44123,0.00000,0.00000,0.00000
44124,0.00000,0.00000,0.00000
44125,0.00000,0.00000,0.00000
44126,0.00000,0.00000,0.00000
44127,0.00000,0.00000,0.00000
44128,0.00000,0.00000,0.00000
44129,0.00000,0.00000,0.00000
44130,0.00000,0.00000,0.00000
44131,0.00000,0.00000,0.00000
44132,0.00000,0.00000,0.00000
44133,0.00000,0.00000,0.00000
44134,0.00000,0.00000,0.00000
44135,0.00000,0.00000,0.00000
44136,0.00000,0.00000,0.00000
44137,0.00000,0.00000,0.00000
44138,0.00000,0.00000,0.00000
44139,0.00000,0.00000,0.00000
44140,0.00000,0.00000,0.00000
44141,0.00000,0.00000,0.00000
44142,0.00000,0.00000,0.00000
44143,0.00000,0.00000,0.00000
44144,0.00000,0.00000,0.00000
44145,0.00000,0.00000,0.00000
44146,0.00000,0.00000,0.00000
44147,0.00000,0.00000,0.00000
44148,0.00000,0.00000,0.00000
44149,0.00000,0.00000,0.00000
44150,0.00000,0.00000,0.00000
44151,0.00000,0.00000,0.00000
44152,0.00000,0.00000,0.00000
44153,0.00000,0.00000,0.00000
44154,0.00000,0.00000,0.00000
44155,0.00000,0.00000,0.00000
44156,0.00000,0.00000,0.00000
44157,0.00000,0.00000,0.00000
44158,0.00000,0.00000,0.00000
44159,0.00000,0.00000,0.00000
44160,0.00000,0.00000,0.00000
44161,0.00000,0.00000,0.00000
44162,0.00000,0.00000,0.00000
44163,0.00000,0.00000,0.00000
44164,0.00000,0.00000,0.00000
44165,0.00000,0.00000,0.00000
44166,0.00000,0.00000,0.00000
44167,0.00000,0.00000,0.00000
44168,0.00000,0.00000,0.00000
44169,0.00000,0.00000,0.00000
44170,0.00000,0.00000,0.00000
44171,0.00000,0.00000,0.00000
44172,0.00000,0.00000,0.00000
44173,0.00000,0.00000,0.00000
44174,0.00000,0.00000,0.00000
44175,0.00000,0.00000,0.00000
44176,0.00000,0.00000,0.00000
44177,0.00000,0.00000,0.00000
44178,0.00000,0.00000,0.00000
44179,0.00000,0.00000,0.00000
44180,0.00000,0.00000,0.00000
44181,0.00000,0.00000,0.00000
44182,0.00000,0.00000,0.00000
44183,0.00000,0.00000,0.00000
44184,0.00000,0.00000,0.00000
44185,0.00000,0.00000,0.00000
44186,0.00000,0.00000,0.00000
44187,0.00000,0.00000,0.00000
44188,0.00000,0.00000,0.00000
44189,0.00000,0.00000,0.00000
44190,0.00000,0.00000,0.00000
44191,0.00000,0.00000,0.00000
44192,0.00000,0.00000,0.00000
44193,0.00000,0.00000,0.00000
44194,0.00000,0.00000,0.00000
44195,0.00000,0.00000,0.00000
44196,0.00000,0.00000,0.00000
44197,0.00000,0.00000,0.00000
44198,0.00000,0.00000,0.00000
44199,0.00000,0.00000,0.00000
44200,0.00000,0.00000,0.00000
44201,0.00000,0.00000,0.00000
44202,0.00000,0.00000,0.00000
44203,0.00000,0.00000,0.00000
44204,0.00000,0.00000,0.00000
44205,0.00000,0.00000,0.00000
44206,0.00000,0.00000,0.00000
44207,0.00000,0.00000,0.00000
44208,0.00000,0.00000,0.00000
44209,0.00000,0.00000,0.00000
44210,0.00000,0.00000,0.00000
44211,0.00000,0.00000,0.00000
44212,0.00000,0.00000,0.00000
44213,0.00000,0.00000,0.00000
44214,0.00000,0.00000,0.00000
44215,0.00000,0.00000,0.00000
44216,0.00000,0.00000,0.00000
44217,0.00000,0.00000,0.00000
44218,0.00000,0.00000,0.00000
44219,0.00000,0.00000,0.00000
44220,0.00000,0.00000,0.00000
44221,0.00000,0.00000,0.00000
44222,0.00000,0.00000,0.00000
44223,0.00000,0.00000,0.00000
44224,0.00000,0.00000,0.00000
44225,0.00000,0.00000,0.00000
44226,0.00000,0.00000,0.00000
44227,0.00000,0.00000,0.00000
44228,0.00000,0.00000,0.00000
44229,0.00000,0.00000,0.00000
44230,0.00000,0.00000,0.00000
44231,0.00000,0.00000,0.00000
44232,0.00000,0.00000,0.00000
44233,0.00000,0.00000,0.00000
44234,0.00000,0.00000,0.00000
44235,0.00000,0.00000,0.00000
44236,0.00000,0.00000,0.00000
44237,0.00000,0.00000,0.00000
44238,0.00000,0.00000,0.00000
44239,0.00000,0.00000,0.00000
44240,0.00000,0.00000,0.00000
44241,0.00000,0.00000,0.00000
44242,0.00000,0.00000,0.00000
44243,0.00000,0.00000,0.00000
44244,0.00000,0.00000,0.00000
44245,0.00000,0.00000,0.00000
44246,0.00000,0.00000,0.00000
44247,0.00000,0.00000,0.00000
44248,0.00000,0.00000,0.00000
44249,0.00000,0.00000,0.00000
44250,0.00000,0.00000,0.00000
44251,0.00000,0.00000,0.00000
44252,0.00000,0.00000,0.00000
44253,0.00000,0.00000,0.00000
44254,0.00000,0.00000,0.00000
44255,0.00000,0.00000,0.00000
44256,0.00000,0.00000,0.00000
44257,0.00000,0.00000,0.00000
44258,0.00000,0.00000,0.00000
44259,0.00000,0.00000,0.00000
44260,0.00000,0.00000,0.00000
44261,0.00000,0.00000,0.00000
44262,0.00000,0.00000,0.00000
44263,0.00000,0.00000,0.00000
44264,0.00000,0.00000,0.00000
44265,0.00000,0.00000,0.00000
44266,0.00000,0.00000,0.00000
44267,0.00000,0.00000,0.00000
44268,0.00000,0.00000,0.00000
44269,0.00000,0.00000,0.00000
44270,0.00000,0.00000,0.00000
44271,0.00000,0.00000,0.00000
44272,0.00000,0.00000,0.00000
44273,0.00000,0.00000,0.00000
44274,0.00000,0.00000,0.00000
44275,0.00000,0.00000,0.00000
44276,0.00000,0.00000,0.00000
44277,0.00000,0.00000,0.00000
44278,0.00000,0.00000,0.00000
44279,0.00000,0.00000,0.00000
44280,0.00000,0.00000,0.00000
44281,0.00000,0.00000,0.00000
44282,0.00000,0.00000,0.00000
44283,0.00000,0.00000,0.00000
44284,0.00000,0.00000,0.00000
44285,0.00000,0.00000,0.00000
44286,0.00000,0.00000,0.00000
44287,0.00000,0.00000,0.00000
44288,0.00000,0.00000,0.00000
44289,0.00000,0.00000,0.00000
44290,0.00000,0.00000,0.00000
44291,0.00000,0.00000,0.00000
44292,0.00000,0.00000,0.00000
44293,0.00000,0.00000,0.00000
44294,0.00000,0.00000,0.00000
44295,0.00000,0.00000,0.00000
44296,0.00000,0.00000,0.00000
44297,0.00000,0.00000,0.00000
44298,0.00000,0.00000,0.00000
44299,0.00000,0.00000,0.00000
44300,0.00000,0.00000,0.00000
44301,0.00000,0.00000,0.00000
44302,0.00000,0.00000,0.00000
44303,0.00000,0.00000,0.00000
44304,0.00000,0.00000,0.00000
44305,0.00000,0.00000,0.00000
44306,0.00000,0.00000,0.00000
44307,0.00000,0.00000,0.00000
44308,0.00000,0.00000,0.00000
44309,0.00000,0.00000,0.00000
44310,0.00000,0.00000,0.00000
44311,0.00000,0.00000,0.00000
44312,0.00000,0.00000,0.00000
44313,0.00000,0.00000,0.00000
44314,0.00000,0.00000,0.00000
44315,0.00000,0.00000,0.00000
44316,0.00000,0.00000,0.00000
44317,0.00000,0.00000,0.00000
44318,0.00000,0.00000,0.00000
44319,0.00000,0.00000,0.00000
44320,0.00000,0.00000,0.00000
44321,0.00000,0.00000,0.00000
44322,0.00000,0.00000,0.00000
44323,0.00000,0.00000,0.00000
44324,0.00000,0.00000,0.00000
44325,0.00000,0.00000,0.00000
44326,0.00000,0.00000,0.00000
44327,0.00000,0.00000,0.00000
44328,0.00000,0.00000,0.00000
44329,0.00000,0.00000,0.00000
44330,0.00000,0.00000,0.00000
44331,0.00000,0.00000,0.00000
44332,0.00000,0.00000,0.00000
44333,0.00000,0.00000,0.00000
44334,0.00000,0.00000,0.00000
44335,0.00000,0.00000,0.00000
44336,0.00000,0.00000,0.00000
44337,0.00000,0.00000,0.00000
44338,0.00000,0.00000,0.00000
44339,0.00000,0.00000,0.00000
44340,0.00000,0.00000,0.00000
44341,0.00000,0.00000,0.00000
44342,0.00000,0.00000,0.00000
44343,0.00000,0.00000,0.00000
44344,0.00000,0.00000,0.00000
44345,0.00000,0.00000,0.00000
44346,0.00000,0.00000,0.00000
44347,0.00000,0.00000,0.00000
44348,0.00000,0.00000,0.00000
44349,0.00000,0.00000,0.00000
44350,0.00000,0.00000,0.00000
44351,0.00000,0.00000,0.00000
44352,0.00000,0.00000,0.00000
44353,0.00000,0.00000,0.00000
44354,0.00000,0.00000,0.00000
44355,0.00000,0.00000,0.00000
44356,0.00000,0.00000,0.00000
44357,0.00000,0.00000,0.00000
44358,0.00000,0.00000,0.00000
44359,0.00000,0.00000,0.00000
44360,0.00000,0.00000,0.00000
44361,0.00000,0.00000,0.00000
44362,0.00000,0.00000,0.00000
44363,0.00000,0.00000,0.00000
44364,0.00000,0.00000,0.00000
44365,0.00000,0.00000,0.00000
44366,0.00000,0.00000,0.00000
44367,0.00000,0.00000,0.00000
44368,0.00000,0.00000,0.00000
44369,0.00000,0.00000,0.00000
44370,0.00000,0.00000,0.00000
44371,0.00000,0.00000,0.00000
44372,0.00000,0.00000,0.00000
44373,0.00000,0.00000,0.00000
44374,0.00000,0.00000,0.00000
44375,0.00000,0.00000,0.00000
44376,0.00000,0.00000,0.00000
44377,0.00000,0.00000,0.00000
44378,0.00000,0.00000,0.00000
44379,0.00000,0.00000,0.00000
44380,0.00000,0.00000,0.00000
44381,0.00000,0.00000,0.00000
44382,0.00000,0.00000,0.00000
44383,0.00000,0.00000,0.00000
44384,0.00000,0.00000,0.00000
44385,0.00000,0.00000,0.00000
44386,0.00000,0.00000,0.00000
44387,0.00000,0.00000,0.00000
44388,0.00000,0.00000,0.00000
44389,0.00000,0.00000,0.00000
44390,0.00000,0.00000,0.00000
44391,0.00000,0.00000,0.00000
44392,0.00000,0.00000,0.00000
44393,0.00000,0.00000,0.00000
44394,0.00000,0.00000,0.00000
44395,0.00000,0.00000,0.00000
44396,0.00000,0.00000,0.00000
44397,0.00000,0.00000,0.00000
44398,0.00000,0.00000,0.00000
44399,0.00000,0.00000,0.00000
44400,0.00000,0.00000,0.00000
44401,0.00000,0.00000,0.00000
44402,0.00000,0.00000,0.00000
44403,0.00000,0.00000,0.00000
44404,0.00000,0.00000,0.00000
44405,0.00000,0.00000,0.00000
44406,0.00000,0.00000,0.00000
44407,0.00000,0.00000,0.00000
44408,0.00000,0.00000,0.00000
44409,0.00000,0.00000,0.00000
44410,0.00000,0.00000,0.00000
44411,0.00000,0.00000,0.00000
44412,0.00000,0.00000,0.00000
44413,0.00000,0.00000,0.00000
44414,0.00000,0.00000,0.00000
44415,0.00000,0.00000,0.00000
44416,0.00000,0.00000,0.00000
44417,0.00000,0.00000,0.00000
44418,0.00000,0.00000,0.00000
44419,0.00000,0.00000,0.00000
44420,0.00000,0.00000,0.00000
44421,0.00000,0.00000,0.00000
44422,0.00000,0.00000,0.00000
44423,0.00000,0.00000,0.00000
44424,0.00000,0.00000,0.00000
44425,0.00000,0.00000,0.00000
44426,0.00000,0.00000,0.00000
44427,0.00000,0.00000,0.00000
44428,0.00000,0.00000,0.00000
44429,0.00000,0.00000,0.00000
44430,0.00000,0.00000,0.00000
44431,0.00000,0.00000,0.00000
44432,0.00000,0.00000,0.00000
44433,0.00000,0.00000,0.00000
44434,0.00000,0.00000,0.00000
44435,0.00000,0.00000,0.00000
44436,0.00000,0.00000,0.00000
44437,0.00000,0.00000,0.00000
44438,0.00000,0.00000,0.00000
44439,0.00000,0.00000,0.00000
44440,0.00000,0.00000,0.00000
44441,0.00000,0.00000,0.00000
44442,0.00000,0.00000,0.00000
44443,0.00000,0.00000,0.00000
44444,0.00000,0.00000,0.00000
44445,0.00000,0.00000,0.00000
44446,0.00000,0.00000,0.00000
44447,0.00000,0.00000,0.00000
44448,0.00000,0.00000,0.00000
44449,0.00000,0.00000,0.00000
44450,0.00000,0.00000,0.00000
44451,0.00000,0.00000,0.00000
44452,0.00000,0.00000,0.00000
44453,0.00000,0.00000,0.00000
44454,0.00000,0.00000,0.00000
44455,0.00000,0.00000,0.00000
44456,0.00000,0.00000,0.00000
44457,0.00000,0.00000,0.00000
44458,0.00000,0.00000,0.00000
44459,0.00000,0.00000,0.00000
44460,0.00000,0.00000,0.00000
44461,0.00000,0.00000,0.00000
44462,0.00000,0.00000,0.00000
44463,0.00000,0.00000,0.00000
44464,0.00000,0.00000,0.00000
44465,0.00000,0.00000,0.00000
44466,0.00000,0.00000,0.00000
44467,0.00000,0.00000,0.00000
44468,0.00000,0.00000,0.00000
44469,0.00000,0.00000,0.00000
44470,0.00000,0.00000,0.00000
44471,0.00000,0.00000,0.00000
44472,0.00000,0.00000,0.00000
44473,0.00000,0.00000,0.00000
44474,0.00000,0.00000,0.00000
44475,0.00000,0.00000,0.00000
44476,0.00000,0.00000,0.00000
44477,0.00000,0.00000,0.00000
44478,0.00000,0.00000,0.00000
44479,0.00000,0.00000,0.00000
44480,0.00000,0.00000,0.00000
44481,0.00000,0.00000,0.00000
44482,0.00000,0.00000,0.00000
44483,0.00000,0.00000,0.00000
44484,0.00000,0.00000,0.00000
44485,0.00000,0.00000,0.00000
44486,0.00000,0.00000,0.00000
44487,0.00000,0.00000,0.00000
44488,0.00000,0.00000,0.00000
44489,0.00000,0.00000,0.00000
44490,0.00000,0.00000,0.00000
44491,0.00000,0.00000,0.00000
44492,0.00000,0.00000,0.00000
44493,0.00000,0.00000,0.00000
44494,0.00000,0.00000,0.00000
44495,0.00000,0.00000,0.00000
44496,0.00000,0.00000,0.00000
44497,0.00000,0.00000,0.00000
44498,0.00000,0.00000,0.00000
44499,0.00000,0.00000,0.00000
44500,0.00000,0.00000,0.00000
44501,0.00000,0.00000,0.00000
44502,0.00000,0.00000,0.00000
44503,0.00000,0.00000,0.00000
44504,0.00000,0.00000,0.00000
44505,0.00000,0.00000,0.00000
44506,0.00000,0.00000,0.00000
44507,0.00000,0.00000,0.00000
44508,0.00000,0.00000,0.00000
44509,0.00000,0.00000,0.00000
44510,0.00000,0.00000,0.00000
44511,0.00000,0.00000,0.00000
44512,0.00000,0.00000,0.00000
44513,0.00000,0.00000,0.00000
44514,0.00000,0.00000,0.00000
44515,0.00000,0.00000,0.00000
44516,0.00000,0.00000,0.00000
44517,0.00000,0.00000,0.00000
44518,0.00000,0.00000,0.00000
44519,0.00000,0.00000,0.00000
44520,0.00000,0.00000,0.00000
44521,0.00000,0.00000,0.00000
44522,0.00000,0.00000,0.00000
44523,0.00000,0.00000,0.00000
44524,0.00000,0.00000,0.00000
44525,0.00000,0.00000,0.00000
44526,0.00000,0.00000,0.00000
44527,0.00000,0.00000,0.00000
44528,0.00000,0.00000,0.00000
44529,0.00000,0.00000,0.00000
44530,0.00000,0.00000,0.00000
44531,0.00000,0.00000,0.00000
44532,0.00000,0.00000,0.00000
44533,0.00000,0.00000,0.00000
44534,0.00000,0.00000,0.00000
44535,0.00000,0.00000,0.00000
44536,0.00000,0.00000,0.00000
44537,0.00000,0.00000,0.00000
44538,0.00000,0.00000,0.00000
44539,0.00000,0.00000,0.00000
44540,0.00000,0.00000,0.00000
44541,0.00000,0.00000,0.00000
44542,0.00000,0.00000,0.00000
44543,0.00000,0.00000,0.00000
44544,0.00000,0.00000,0.00000
44545,0.00000,0.00000,0.00000
44546,0.00000,0.00000,0.00000
44547,0.00000,0.00000,0.00000
44548,0.00000,0.00000,0.00000
44549,0.00000,0.00000,0.00000
44550,0.00000,0.00000,0.00000
44551,0.00000,0.00000,0.00000
44552,0.00000,0.00000,0.00000
44553,0.00000,0.00000,0.00000
44554,0.00000,0.00000,0.00000
44555,0.00000,0.00000,0.00000
44556,0.00000,0.00000,0.00000
44557,0.00000,0.00000,0.00000
44558,0.00000,0.00000,0.00000
44559,0.00000,0.00000,0.00000
44560,0.00000,0.00000,0.00000
44561,0.00000,0.00000,0.00000
44562,0.00000,0.00000,0.00000
44563,0.00000,0.00000,0.00000
44564,0.00000,0.00000,0.00000
44565,0.00000,0.00000,0.00000
44566,0.00000,0.00000,0.00000
44567,0.00000,0.00000,0.00000
44568,0.00000,0.00000,0.00000
44569,0.00000,0.00000,0.00000
44570,0.00000,0.00000,0.00000
44571,0.00000,0.00000,0.00000
44572,0.00000,0.00000,0.00000
44573,0.00000,0.00000,0.00000
44574,0.00000,0.00000,0.00000
44575,0.00000,0.00000,0.00000
44576,0.00000,0.00000,0.00000
44577,0.00000,0.00000,0.00000
44578,0.00000,0.00000,0.00000
44579,0.00000,0.00000,0.00000
44580,0.00000,0.00000,0.00000
44581,0.00000,0.00000,0.00000
44582,0.00000,0.00000,0.00000
44583,0.00000,0.00000,0.00000
44584,0.00000,0.00000,0.00000
44585,0.00000,0.00000,0.00000
44586,0.00000,0.00000,0.00000
44587,0.00000,0.00000,0.00000
44588,0.00000,0.00000,0.00000
44589,0.00000,0.00000,0.00000
44590,0.00000,0.00000,0.00000
44591,0.00000,0.00000,0.00000
44592,0.00000,0.00000,0.00000
44593,0.00000,0.00000,0.00000
44594,0.00000,0.00000,0.00000
44595,0.00000,0.00000,0.00000
44596,0.00000,0.00000,0.00000
44597,0.00000,0.00000,0.00000
44598,0.00000,0.00000,0.00000
44599,0.00000,0.00000,0.00000
44600,0.00000,0.00000,0.00000
44601,0.00000,0.00000,0.00000
44602,0.00000,0.00000,0.00000
44603,0.00000,0.00000,0.00000
44604,0.00000,0.00000,0.00000
44605,0.00000,0.00000,0.00000
44606,0.00000,0.00000,0.00000
44607,0.00000,0.00000,0.00000
44608,0.00000,0.00000,0.00000
44609,0.00000,0.00000,0.00000
44610,0.00000,0.00000,0.00000
44611,0.00000,0.00000,0.00000
44612,0.00000,0.00000,0.00000
44613,0.00000,0.00000,0.00000
44614,0.00000,0.00000,0.00000
44615,0.00000,0.00000,0.00000
44616,0.00000,0.00000,0.00000
44617,0.00000,0.00000,0.00000
44618,0.00000,0.00000,0.00000
44619,0.00000,0.00000,0.00000
44620,0.00000,0.00000,0.00000
44621,0.00000,0.00000,0.00000
44622,0.00000,0.00000,0.00000
44623,0.00000,0.00000,0.00000
44624,0.00000,0.00000,0.00000
44625,0.00000,0.00000,0.00000
44626,0.00000,0.00000,0.00000
44627,0.00000,0.00000,0.00000
44628,0.00000,0.00000,0.00000
44629,0.00000,0.00000,0.00000
44630,0.00000,0.00000,0.00000
44631,0.00000,0.00000,0.00000
44632,0.00000,0.00000,0.00000
44633,0.00000,0.00000,0.00000
44634,0.00000,0.00000,0.00000
44635,0.00000,0.00000,0.00000
44636,0.00000,0.00000,0.00000
44637,0.00000,0.00000,0.00000
44638,0.00000,0.00000,0.00000
44639,0.00000,0.00000,0.00000
44640,0.00000,0.00000,0.00000
44641,0.00000,0.00000,0.00000
44642,0.00000,0.00000,0.00000
44643,0.00000,0.00000,0.00000
44644,0.00000,0.00000,0.00000
44645,0.00000,0.00000,0.00000
44646,0.00000,0.00000,0.00000
44647,0.00000,0.00000,0.00000
44648,0.00000,0.00000,0.00000
44649,0.00000,0.00000,0.00000
44650,0.00000,0.00000,0.00000
44651,0.00000,0.00000,0.00000
44652,0.00000,0.00000,0.00000
44653,0.00000,0.00000,0.00000
44654,0.00000,0.00000,0.00000
44655,0.00000,0.00000,0.00000
44656,0.00000,0.00000,0.00000
44657,0.00000,0.00000,0.00000
44658,0.00000,0.00000,0.00000
44659,0.00000,0.00000,0.00000
44660,0.00000,0.00000,0.00000
44661,0.00000,0.00000,0.00000
44662,0.00000,0.00000,0.00000
44663,0.00000,0.00000,0.00000
44664,0.00000,0.00000,0.00000
44665,0.00000,0.00000,0.00000
44666,0.00000,0.00000,0.00000
44667,0.00000,0.00000,0.00000
44668,0.00000,0.00000,0.00000
44669,0.00000,0.00000,0.00000
44670,0.00000,0.00000,0.00000
44671,0.00000,0.00000,0.00000
44672,0.00000,0.00000,0.00000
44673,0.00000,0.00000,0.00000
44674,0.00000,0.00000,0.00000
44675,0.00000,0.00000,0.00000
44676,0.00000,0.00000,0.00000
44677,0.00000,0.00000,0.00000
44678,0.00000,0.00000,0.00000
44679,0.00000,0.00000,0.00000
44680,0.00000,0.00000,0.00000
44681,0.00000,0.00000,0.00000
44682,0.00000,0.00000,0.00000
44683,0.00000,0.00000,0.00000
44684,0.00000,0.00000,0.00000
44685,0.00000,0.00000,0.00000
44686,0.00000,0.00000,0.00000
44687,0.00000,0.00000,0.00000
44688,0.00000,0.00000,0.00000
44689,0.00000,0.00000,0.00000
44690,0.00000,0.00000,0.00000
44691,0.00000,0.00000,0.00000
44692,0.00000,0.00000,0.00000
44693,0.00000,0.00000,0.00000
44694,0.00000,0.00000,0.00000
44695,0.00000,0.00000,0.00000
44696,0.00000,0.00000,0.00000
44697,0.00000,0.00000,0.00000
44698,0.00000,0.00000,0.00000
44699,0.00000,0.00000,0.00000
44700,0.00000,0.00000,0.00000
44701,0.00000,0.00000,0.00000
44702,0.00000,0.00000,0.00000
44703,0.00000,0.00000,0.00000
44704,0.00000,0.00000,0.00000
44705,0.00000,0.00000,0.00000
44706,0.00000,0.00000,0.00000
44707,0.00000,0.00000,0.00000
44708,0.00000,0.00000,0.00000
44709,0.00000,0.00000,0.00000
44710,0.00000,0.00000,0.00000
44711,0.00000,0.00000,0.00000
44712,0.00000,0.00000,0.00000
44713,0.00000,0.00000,0.00000
44714,0.00000,0.00000,0.00000
44715,0.00000,0.00000,0.00000
44716,0.00000,0.00000,0.00000
44717,0.00000,0.00000,0.00000
44718,0.00000,0.00000,0.00000
44719,0.00000,0.00000,0.00000
44720,0.00000,0.00000,0.00000
44721,0.00000,0.00000,0.00000
44722,0.00000,0.00000,0.00000
44723,0.00000,0.00000,0.00000
44724,0.00000,0.00000,0.00000
44725,0.00000,0.00000,0.00000
44726,0.00000,0.00000,0.00000
44727,0.00000,0.00000,0.00000
44728,0.00000,0.00000,0.00000
44729,0.00000,0.00000,0.00000
44730,0.00000,0.00000,0.00000
44731,0.00000,0.00000,0.00000
44732,0.00000,0.00000,0.00000
44733,0.00000,0.00000,0.00000
44734,0.00000,0.00000,0.00000
44735,0.00000,0.00000,0.00000
44736,0.00000,0.00000,0.00000
44737,0.00000,0.00000,0.00000
44738,0.00000,0.00000,0.00000
44739,0.00000,0.00000,0.00000
44740,0.00000,0.00000,0.00000
44741,0.00000,0.00000,0.00000
44742,0.00000,0.00000,0.00000
44743,0.00000,0.00000,0.00000
44744,0.00000,0.00000,0.00000
44745,0.00000,0.00000,0.00000
44746,0.00000,0.00000,0.00000
44747,0.00000,0.00000,0.00000
44748,0.00000,0.00000,0.00000
44749,0.00000,0.00000,0.00000
44750,0.00000,0.00000,0.00000
44751,0.00000,0.00000,0.00000
44752,0.00000,0.00000,0.00000
44753,0.00000,0.00000,0.00000
44754,0.00000,0.00000,0.00000
44755,0.00000,0.00000,0.00000
44756,0.00000,0.00000,0.00000
44757,0.00000,0.00000,0.00000
44758,0.00000,0.00000,0.00000
44759,0.00000,0.00000,0.00000
44760,0.00000,0.00000,0.00000
44761,0.00000,0.00000,0.00000
44762,0.00000,0.00000,0.00000
44763,0.00000,0.00000,0.00000
44764,0.00000,0.00000,0.00000
44765,0.00000,0.00000,0.00000
44766,0.00000,0.00000,0.00000
44767,0.00000,0.00000,0.00000
44768,0.00000,0.00000,0.00000
44769,0.00000,0.00000,0.00000
44770,0.00000,0.00000,0.00000
44771,0.00000,0.00000,0.00000
44772,0.00000,0.00000,0.00000
44773,0.00000,0.00000,0.00000
44774,0.00000,0.00000,0.00000
44775,0.00000,0.00000,0.00000
44776,0.00000,0.00000,0.00000
44777,0.00000,0.00000,0.00000
44778,0.00000,0.00000,0.00000
44779,0.00000,0.00000,0.00000
44780,0.00000,0.00000,0.00000
44781,0.00000,0.00000,0.00000
44782,0.00000,0.00000,0.00000
44783,0.00000,0.00000,0.00000
44784,0.00000,0.00000,0.00000
44785,0.00000,0.00000,0.00000
44786,0.00000,0.00000,0.00000
44787,0.00000,0.00000,0.00000
44788,0.00000,0.00000,0.00000
44789,0.00000,0.00000,0.00000
44790,0.00000,0.00000,0.00000
44791,0.00000,0.00000,0.00000
44792,0.00000,0.00000,0.00000
44793,0.00000,0.00000,0.00000
44794,0.00000,0.00000,0.00000
44795,0.00000,0.00000,0.00000
44796,0.00000,0.00000,0.00000
44797,0.00000,0.00000,0.00000
44798,0.00000,0.00000,0.00000
44799,0.00000,0.00000,0.00000
44800,0.00000,0.00000,0.00000
44801,0.00000,0.00000,0.00000
44802,0.00000,0.00000,0.00000
44803,0.00000,0.00000,0.00000
44804,0.00000,0.00000,0.00000
44805,0.00000,0.00000,0.00000
44806,0.00000,0.00000,0.00000
44807,0.00000,0.00000,0.00000
44808,0.00000,0.00000,0.00000
44809,0.00000,0.00000,0.00000
44810,0.00000,0.00000,0.00000
44811,0.00000,0.00000,0.00000
44812,0.00000,0.00000,0.00000
44813,0.00000,0.00000,0.00000
44814,0.00000,0.00000,0.00000
44815,0.00000,0.00000,0.00000
44816,0.00000,0.00000,0.00000
44817,0.00000,0.00000,0.00000
44818,0.00000,0.00000,0.00000
44819,0.00000,0.00000,0.00000
44820,0.00000,0.00000,0.00000
44821,0.00000,0.00000,0.00000
44822,0.00000,0.00000,0.00000
44823,0.00000,0.00000,0.00000
44824,0.00000,0.00000,0.00000
44825,0.00000,0.00000,0.00000
44826,0.00000,0.00000,0.00000
44827,0.00000,0.00000,0.00000
44828,0.00000,0.00000,0.00000
44829,0.00000,0.00000,0.00000
44830,0.00000,0.00000,0.00000
44831,0.00000,0.00000,0.00000
44832,0.00000,0.00000,0.00000
44833,0.00000,0.00000,0.00000
44834,0.00000,0.00000,0.00000
44835,0.00000,0.00000,0.00000
44836,0.00000,0.00000,0.00000
44837,0.00000,0.00000,0.00000
44838,0.00000,0.00000,0.00000
44839,0.00000,0.00000,0.00000
44840,0.00000,0.00000,0.00000
44841,0.00000,0.00000,0.00000
44842,0.00000,0.00000,0.00000
44843,0.00000,0.00000,0.00000
44844,0.00000,0.00000,0.00000
44845,0.00000,0.00000,0.00000
44846,0.00000,0.00000,0.00000
44847,0.00000,0.00000,0.00000
44848,0.00000,0.00000,0.00000
44849,0.00000,0.00000,0.00000
44850,0.00000,0.00000,0.00000
44851,0.00000,0.00000,0.00000
44852,0.00000,0.00000,0.00000
44853,0.00000,0.00000,0.00000
44854,0.00000,0.00000,0.00000
44855,0.00000,0.00000,0.00000
44856,0.00000,0.00000,0.00000
44857,0.00000,0.00000,0.00000
44858,0.00000,0.00000,0.00000
44859,0.00000,0.00000,0.00000
44860,0.00000,0.00000,0.00000
44861,0.00000,0.00000,0.00000
44862,0.00000,0.00000,0.00000
44863,0.00000,0.00000,0.00000
44864,0.00000,0.00000,0.00000
44865,0.00000,0.00000,0.00000
44866,0.00000,0.00000,0.00000
44867,0.00000,0.00000,0.00000
44868,0.00000,0.00000,0.00000
44869,0.00000,0.00000,0.00000
44870,0.00000,0.00000,0.00000
44871,0.00000,0.00000,0.00000
44872,0.00000,0.00000,0.00000
44873,0.00000,0.00000,0.00000
44874,0.00000,0.00000,0.00000
44875,0.00000,0.00000,0.00000
44876,0.00000,0.00000,0.00000
44877,0.00000,0.00000,0.00000
44878,0.00000,0.00000,0.00000
44879,0.00000,0.00000,0.00000
44880,0.00000,0.00000,0.00000
44881,0.00000,0.00000,0.00000
44882,0.00000,0.00000,0.00000
44883,0.00000,0.00000,0.00000
44884,0.00000,0.00000,0.00000
44885,0.00000,0.00000,0.00000
44886,0.00000,0.00000,0.00000
44887,0.00000,0.00000,0.00000
44888,0.00000,0.00000,0.00000
44889,0.00000,0.00000,0.00000
44890,0.00000,0.00000,0.00000
44891,0.00000,0.00000,0.00000
44892,0.00000,0.00000,0.00000
44893,0.00000,0.00000,0.00000
44894,0.00000,0.00000,0.00000
44895,0.00000,0.00000,0.00000
44896,0.00000,0.00000,0.00000
44897,0.00000,0.00000,0.00000
44898,0.00000,0.00000,0.00000
44899,0.00000,0.00000,0.00000
44900,0.00000,0.00000,0.00000
44901,0.00000,0.00000,0.00000
44902,0.00000,0.00000,0.00000
44903,0.00000,0.00000,0.00000
44904,0.00000,0.00000,0.00000
44905,0.00000,0.00000,0.00000
44906,0.00000,0.00000,0.00000
44907,0.00000,0.00000,0.00000
44908,0.00000,0.00000,0.00000
44909,0.00000,0.00000,0.00000
44910,0.00000,0.00000,0.00000
44911,0.00000,0.00000,0.00000
44912,0.00000,0.00000,0.00000
44913,0.00000,0.00000,0.00000
44914,0.00000,0.00000,0.00000
44915,0.00000,0.00000,0.00000
44916,0.00000,0.00000,0.00000
44917,0.00000,0.00000,0.00000
44918,0.00000,0.00000,0.00000
44919,0.00000,0.00000,0.00000
44920,0.00000,0.00000,0.00000
44921,0.00000,0.00000,0.00000
44922,0.00000,0.00000,0.00000
44923,0.00000,0.00000,0.00000
44924,0.00000,0.00000,0.00000
44925,0.00000,0.00000,0.00000
44926,0.00000,0.00000,0.00000
44927,0.00000,0.00000,0.00000
44928,0.00000,0.00000,0.00000
44929,0.00000,0.00000,0.00000
44930,0.00000,0.00000,0.00000
44931,0.00000,0.00000,0.00000
44932,0.00000,0.00000,0.00000
44933,0.00000,0.00000,0.00000
44934,0.00000,0.00000,0.00000
44935,0.00000,0.00000,0.00000
44936,0.00000,0.00000,0.00000
44937,0.00000,0.00000,0.00000
44938,0.00000,0.00000,0.00000
44939,0.00000,0.00000,0.00000
44940,0.00000,0.00000,0.00000
44941,0.00000,0.00000,0.00000
44942,0.00000,0.00000,0.00000
44943,0.00000,0.00000,0.00000
44944,0.00000,0.00000,0.00000
44945,0.00000,0.00000,0.00000
44946,0.00000,0.00000,0.00000
44947,0.00000,0.00000,0.00000
44948,0.00000,0.00000,0.00000
44949,0.00000,0.00000,0.00000
44950,0.00000,0.00000,0.00000
44951,0.00000,0.00000,0.00000
44952,0.00000,0.00000,0.00000
44953,0.00000,0.00000,0.00000
44954,0.00000,0.00000,0.00000
44955,0.00000,0.00000,0.00000
44956,0.00000,0.00000,0.00000
44957,0.00000,0.00000,0.00000
44958,0.00000,0.00000,0.00000
44959,0.00000,0.00000,0.00000
44960,0.00000,0.00000,0.00000
44961,0.00000,0.00000,0.00000
44962,0.00000,0.00000,0.00000
44963,0.00000,0.00000,0.00000
44964,0.00000,0.00000,0.00000
44965,0.00000,0.00000,0.00000
44966,0.00000,0.00000,0.00000
44967,0.00000,0.00000,0.00000
44968,0.00000,0.00000,0.00000
44969,0.00000,0.00000,0.00000
44970,0.00000,0.00000,0.00000
44971,0.00000,0.00000,0.00000
44972,0.00000,0.00000,0.00000
44973,0.00000,0.00000,0.00000
44974,0.00000,0.00000,0.00000
44975,0.00000,0.00000,0.00000
44976,0.00000,0.00000,0.00000
44977,0.00000,0.00000,0.00000
44978,0.00000,0.00000,0.00000
44979,0.00000,0.00000,0.00000
44980,0.00000,0.00000,0.00000
44981,0.00000,0.00000,0.00000
44982,0.00000,0.00000,0.00000
44983,0.00000,0.00000,0.00000
44984,0.00000,0.00000,0.00000
44985,0.00000,0.00000,0.00000
44986,0.00000,0.00000,0.00000
44987,0.00000,0.00000,0.00000
44988,0.00000,0.00000,0.00000
44989,0.00000,0.00000,0.00000
44990,0.00000,0.00000,0.00000
44991,0.00000,0.00000,0.00000
44992,0.00000,0.00000,0.00000
44993,0.00000,0.00000,0.00000
44994,0.00000,0.00000,0.00000
44995,0.00000,0.00000,0.00000
44996,0.00000,0.00000,0.00000
44997,0.00000,0.00000,0.00000
44998,0.00000,0.00000,0.00000
44999,0.00000,0.00000,0.00000
45000,0.00000,0.00000,0.00000
45001,0.00000,0.00000,0.00000
45002,0.00000,0.00000,0.00000
45003,0.00000,0.00000,0.00000
45004,0.00000,0.00000,0.00000
45005,0.00000,0.00000,0.00000
45006,0.00000,0.00000,0.00000
45007,0.00000,0.00000,0.00000
45008,0.00000,0.00000,0.00000
45009,0.00000,0.00000,0.00000
45010,0.00000,0.00000,0.00000
45011,0.00000,0.00000,0.00000
45012,0.00000,0.00000,0.00000
45013,0.00000,0.00000,0.00000
45014,0.00000,0.00000,0.00000
45015,0.00000,0.00000,0.00000
45016,0.00000,0.00000,0.00000
45017,0.00000,0.00000,0.00000
45018,0.00000,0.00000,0.00000
45019,0.00000,0.00000,0.00000
45020,0.00000,0.00000,0.00000
45021,0.00000,0.00000,0.00000
45022,0.00000,0.00000,0.00000
45023,0.00000,0.00000,0.00000
45024,0.00000,0.00000,0.00000
45025,0.00000,0.00000,0.00000
45026,0.00000,0.00000,0.00000
45027,0.00000,0.00000,0.00000
45028,0.00000,0.00000,0.00000
45029,0.00000,0.00000,0.00000
45030,0.00000,0.00000,0.00000
45031,0.00000,0.00000,0.00000
45032,0.00000,0.00000,0.00000
45033,0.00000,0.00000,0.00000
45034,0.00000,0.00000,0.00000
45035,0.00000,0.00000,0.00000
45036,0.00000,0.00000,0.00000
45037,0.00000,0.00000,0.00000
45038,0.00000,0.00000,0.00000
45039,0.00000,0.00000,0.00000
45040,0.00000,0.00000,0.00000
45041,0.00000,0.00000,0.00000
45042,0.00000,0.00000,0.00000
45043,0.00000,0.00000,0.00000
45044,0.00000,0.00000,0.00000
45045,0.00000,0.00000,0.00000
45046,0.00000,0.00000,0.00000
45047,0.00000,0.00000,0.00000
45048,0.00000,0.00000,0.00000
45049,0.00000,0.00000,0.00000
45050,0.00000,0.00000,0.00000
45051,0.00000,0.00000,0.00000
45052,0.00000,0.00000,0.00000
45053,0.00000,0.00000,0.00000
45054,0.00000,0.00000,0.00000
45055,0.00000,0.00000,0.00000
45056,0.00000,0.00000,0.00000
45057,0.00000,0.00000,0.00000
45058,0.00000,0.00000,0.00000
45059,0.00000,0.00000,0.00000
45060,0.00000,0.00000,0.00000
45061,0.00000,0.00000,0.00000
45062,0.00000,0.00000,0.00000
45063,0.00000,0.00000,0.00000
45064,0.00000,0.00000,0.00000
45065,0.00000,0.00000,0.00000
45066,0.00000,0.00000,0.00000
45067,0.00000,0.00000,0.00000
45068,0.00000,0.00000,0.00000
45069,0.00000,0.00000,0.00000
45070,0.00000,0.00000,0.00000
45071,0.00000,0.00000,0.00000
45072,0.00000,0.00000,0.00000
45073,0.00000,0.00000,0.00000
45074,0.00000,0.00000,0.00000
45075,0.00000,0.00000,0.00000
45076,0.00000,0.00000,0.00000
45077,0.00000,0.00000,0.00000
45078,0.00000,0.00000,0.00000
45079,0.00000,0.00000,0.00000
45080,0.00000,0.00000,0.00000
45081,0.00000,0.00000,0.00000
45082,0.00000,0.00000,0.00000
45083,0.00000,0.00000,0.00000
45084,0.00000,0.00000,0.00000
45085,0.00000,0.00000,0.00000
45086,0.00000,0.00000,0.00000
45087,0.00000,0.00000,0.00000
45088,0.00000,0.00000,0.00000
45089,0.00000,0.00000,0.00000
45090,0.00000,0.00000,0.00000
45091,0.00000,0.00000,0.00000
45092,0.00000,0.00000,0.00000
45093,0.00000,0.00000,0.00000
45094,0.00000,0.00000,0.00000
45095,0.00000,0.00000,0.00000
45096,0.00000,0.00000,0.00000
45097,0.00000,0.00000,0.00000
45098,0.00000,0.00000,0.00000
45099,0.00000,0.00000,0.00000
45100,0.00000,0.00000,0.00000
45101,0.00000,0.00000,0.00000
45102,0.00000,0.00000,0.00000
45103,0.00000,0.00000,0.00000
45104,0.00000,0.00000,0.00000
45105,0.00000,0.00000,0.00000
45106,0.00000,0.00000,0.00000
45107,0.00000,0.00000,0.00000
45108,0.00000,0.00000,0.00000
45109,0.00000,0.00000,0.00000
45110,0.00000,0.00000,0.00000
45111,0.00000,0.00000,0.00000
45112,0.00000,0.00000,0.00000
45113,0.00000,0.00000,0.00000
45114,0.00000,0.00000,0.00000
45115,0.00000,0.00000,0.00000
45116,0.00000,0.00000,0.00000
45117,0.00000,0.00000,0.00000
45118,0.00000,0.00000,0.00000
45119,0.00000,0.00000,0.00000
45120,0.00000,0.00000,0.00000
45121,0.00000,0.00000,0.00000
45122,0.00000,0.00000,0.00000
45123,0.00000,0.00000,0.00000
45124,0.00000,0.00000,0.00000
45125,0.00000,0.00000,0.00000
45126,0.00000,0.00000,0.00000
45127,0.00000,0.00000,0.00000
45128,0.00000,0.00000,0.00000
45129,0.00000,0.00000,0.00000
45130,0.00000,0.00000,0.00000
45131,0.00000,0.00000,0.00000
45132,0.00000,0.00000,0.00000
45133,0.00000,0.00000,0.00000
45134,0.00000,0.00000,0.00000
45135,0.00000,0.00000,0.00000
45136,0.00000,0.00000,0.00000
45137,0.00000,0.00000,0.00000
45138,0.00000,0.00000,0.00000
45139,0.00000,0.00000,0.00000
45140,0.00000,0.00000,0.00000
45141,0.00000,0.00000,0.00000
45142,0.00000,0.00000,0.00000
45143,0.00000,0.00000,0.00000
45144,0.00000,0.00000,0.00000
45145,0.00000,0.00000,0.00000
45146,0.00000,0.00000,0.00000
45147,0.00000,0.00000,0.00000
45148,0.00000,0.00000,0.00000
45149,0.00000,0.00000,0.00000
45150,0.00000,0.00000,0.00000
45151,0.00000,0.00000,0.00000
45152,0.00000,0.00000,0.00000
45153,0.00000,0.00000,0.00000
45154,0.00000,0.00000,0.00000
45155,0.00000,0.00000,0.00000
45156,0.00000,0.00000,0.00000
45157,0.00000,0.00000,0.00000
45158,0.00000,0.00000,0.00000
45159,0.00000,0.00000,0.00000
45160,0.00000,0.00000,0.00000
45161,0.00000,0.00000,0.00000
45162,0.00000,0.00000,0.00000
45163,0.00000,0.00000,0.00000
45164,0.00000,0.00000,0.00000
45165,0.00000,0.00000,0.00000
45166,0.00000,0.00000,0.00000
45167,0.00000,0.00000,0.00000
45168,0.00000,0.00000,0.00000
45169,0.00000,0.00000,0.00000
45170,0.00000,0.00000,0.00000
45171,0.00000,0.00000,0.00000
45172,0.00000,0.00000,0.00000
45173,0.00000,0.00000,0.00000
45174,0.00000,0.00000,0.00000
45175,0.00000,0.00000,0.00000
45176,0.00000,0.00000,0.00000
45177,0.00000,0.00000,0.00000
45178,0.00000,0.00000,0.00000
45179,0.00000,0.00000,0.00000
45180,0.00000,0.00000,0.00000
45181,0.00000,0.00000,0.00000
45182,0.00000,0.00000,0.00000
45183,0.00000,0.00000,0.00000
45184,0.00000,0.00000,0.00000
45185,0.00000,0.00000,0.00000
45186,0.00000,0.00000,0.00000
45187,0.00000,0.00000,0.00000
45188,0.00000,0.00000,0.00000
45189,0.00000,0.00000,0.00000
45190,0.00000,0.00000,0.00000
45191,0.00000,0.00000,0.00000
45192,0.00000,0.00000,0.00000
45193,0.00000,0.00000,0.00000
45194,0.00000,0.00000,0.00000
45195,0.00000,0.00000,0.00000
45196,0.00000,0.00000,0.00000
45197,0.00000,0.00000,0.00000
45198,0.00000,0.00000,0.00000
45199,0.00000,0.00000,0.00000
45200,0.00000,0.00000,0.00000
45201,0.00000,0.00000,0.00000
45202,0.00000,0.00000,0.00000
45203,0.00000,0.00000,0.00000
45204,0.00000,0.00000,0.00000
45205,0.00000,0.00000,0.00000
45206,0.00000,0.00000,0.00000
45207,0.00000,0.00000,0.00000
45208,0.00000,0.00000,0.00000
