,W,Psi,T
0,20.0000065,0.0025452,0.0002026
1,19.0422230,0.0027573,0.0001991
2,18.1682372,0.0033843,0.0001980
3,17.3687063,0.0042384,0.0001972
4,16.6354710,0.0051953,0.0001965
5,15.9616660,0.0062067,0.0001960
6,15.3414569,0.0072459,0.0001955
7,14.7699639,0.0083006,0.0001950
8,14.2430667,0.0093629,0.0001945
9,13.7572785,0.0104283,0.0001941
10,13.3095932,0.0114934,0.0001937
11,12.8973708,0.0125557,0.0001933
12,12.5182299,0.0136128,0.0001929
13,12.1699670,0.0146629,0.0001925
14,11.8504925,0.0157036,0.0001922
15,11.5577876,0.0167331,0.0001918
16,11.2898773,0.0177489,0.0001915
17,11.0448168,0.0187487,0.0001912
18,10.8206904,0.0197299,0.0001909
19,10.6156176,0.0206901,0.0001906
20,10.4277655,0.0216263,0.0001903
21,10.2553627,0.0225358,0.0001900
22,10.0967150,0.0234156,0.0001897
23,9.9502192,0.0242629,0.0001895
24,9.8143750,0.0250749,0.0001892
25,9.6877934,0.0258488,0.0001890
26,9.5692029,0.0265820,0.0001888
27,9.4574511,0.0272722,0.0001886
28,9.3515047,0.0279173,0.0001884
29,9.2504462,0.0285155,0.0001882
30,9.1534688,0.0290653,0.0001880
31,9.0598699,0.0295658,0.0001878
32,8.9690435,0.0300162,0.0001877
33,8.8804721,0.0304163,0.0001875
34,8.7937182,0.0307663,0.0001874
35,8.7084159,0.0310669,0.0001873
36,8.6242627,0.0313189,0.0001872
37,8.5410122,0.0315237,0.0001871
38,8.4584664,0.0316828,0.0001870
39,8.3764693,0.0317983,0.0001869
40,8.2949008,0.0318721,0.0001869
41,8.2136717,0.0319066,0.0001868
42,8.1327183,0.0319042,0.0001868
43,8.0519986,0.0318673,0.0001868
44,7.9714884,0.0317986,0.0001868
45,7.8911783,0.0317005,0.0001869
46,7.8110703,0.0315756,0.0001869
47,7.7311762,0.0314263,0.0001870
48,7.6515151,0.0312549,0.0001871
49,7.5721116,0.0310639,0.0001872
50,7.4929944,0.0308554,0.0001873
51,7.4141955,0.0306313,0.0001875
52,7.3357483,0.0303938,0.0001876
53,7.2576876,0.0301444,0.0001878
54,7.1800484,0.0298850,0.0001880
55,7.1028655,0.0296170,0.0001882
56,7.0261731,0.0293419,0.0001885
57,6.9500042,0.0290609,0.0001888
58,6.8743907,0.0287753,0.0001891
59,6.7993629,0.0284860,0.0001894
60,6.7249493,0.0281941,0.0001897
61,6.6511768,0.0279004,0.0001901
62,6.5780704,0.0276057,0.0001905
63,6.5056531,0.0273107,0.0001909
64,6.4339461,0.0270160,0.0001914
65,6.3629688,0.0267221,0.0001918
66,6.2927385,0.0264294,0.0001923
67,6.2232708,0.0261386,0.0001929
68,6.1545796,0.0258498,0.0001934
69,6.0866771,0.0255634,0.0001940
70,6.0195738,0.0252797,0.0001946
71,5.9532785,0.0249990,0.0001952
72,5.8877987,0.0247213,0.0001959
73,5.8231404,0.0244469,0.0001966
74,5.7593083,0.0241760,0.0001973
75,5.6963057,0.0239086,0.0001981
76,5.6341350,0.0236448,0.0001988
77,5.5727971,0.0233848,0.0001997
78,5.5122922,0.0231285,0.0002005
79,5.4526191,0.0228760,0.0002014
80,5.3937762,0.0226273,0.0002023
81,5.3357606,0.0223824,0.0002032
82,5.2785689,0.0221414,0.0002042
83,5.2221968,0.0219042,0.0002052
84,5.1666395,0.0216709,0.0002062
85,5.1118914,0.0214413,0.0002073
86,5.0579464,0.0212154,0.0002084
87,5.0047981,0.0209933,0.0002095
88,4.9524392,0.0207748,0.0002106
89,4.9008623,0.0205600,0.0002118
90,4.8500597,0.0203488,0.0002131
91,4.8000229,0.0201411,0.0002143
92,4.7507435,0.0199370,0.0002156
93,4.7022128,0.0197362,0.0002169
94,4.6544217,0.0195388,0.0002183
95,4.6073609,0.0193448,0.0002197
96,4.5610210,0.0191540,0.0002211
97,4.5153925,0.0189664,0.0002225
98,4.4704655,0.0187820,0.0002240
99,4.4262304,0.0186006,0.0002255
100,4.3826772,0.0184223,0.0002271
101,4.3397958,0.0182470,0.0002286
102,4.2975764,0.0180746,0.0002303
103,4.2560089,0.0179050,0.0002319
104,4.2150831,0.0177383,0.0002336
105,4.1747891,0.0175743,0.0002353
106,4.1351168,0.0174130,0.0002370
107,4.0960561,0.0172543,0.0002388
108,4.0575972,0.0170982,0.0002406
109,4.0197300,0.0169446,0.0002424
110,3.9824447,0.0167935,0.0002443
111,3.9457316,0.0166449,0.0002462
112,3.9095808,0.0164986,0.0002481
113,3.8739828,0.0163546,0.0002501
114,3.8389281,0.0162130,0.0002521
115,3.8044070,0.0160735,0.0002541
116,3.7704104,0.0159363,0.0002561
117,3.7369290,0.0158011,0.0002582
118,3.7039536,0.0156681,0.0002603
119,3.6714753,0.0155372,0.0002625
120,3.6394851,0.0154082,0.0002646
121,3.6079743,0.0152812,0.0002668
122,3.5769342,0.0151561,0.0002691
123,3.5463563,0.0150329,0.0002713
124,3.5162322,0.0149116,0.0002736
125,3.4865537,0.0147921,0.0002759
126,3.4573125,0.0146743,0.0002783
127,3.4285008,0.0145583,0.0002806
128,3.4001105,0.0144440,0.0002830
129,3.3721341,0.0143313,0.0002855
130,3.3445638,0.0142203,0.0002879
131,3.3173922,0.0141109,0.0002904
132,3.2906120,0.0140030,0.0002929
133,3.2642158,0.0138967,0.0002954
134,3.2381968,0.0137919,0.0002980
135,3.2125478,0.0136886,0.0003006
136,3.1872620,0.0135867,0.0003032
137,3.1623328,0.0134862,0.0003059
138,3.1377536,0.0133871,0.0003085
139,3.1135180,0.0132894,0.0003112
140,3.0896195,0.0131930,0.0003140
141,3.0660520,0.0130979,0.0003167
142,3.0428095,0.0130041,0.0003195
143,3.0198859,0.0129116,0.0003223
144,2.9972755,0.0128203,0.0003251
145,2.9749724,0.0127302,0.0003279
146,2.9529712,0.0126413,0.0003308
147,2.9312662,0.0125535,0.0003337
148,2.9098521,0.0124669,0.0003366
149,2.8887236,0.0123815,0.0003396
150,2.8678755,0.0122971,0.0003425
151,2.8473028,0.0122138,0.0003455
152,2.8270005,0.0121316,0.0003486
153,2.8069638,0.0120504,0.0003516
154,2.7871879,0.0119702,0.0003547
155,2.7676681,0.0118911,0.0003577
156,2.7483998,0.0118129,0.0003608
157,2.7293787,0.0117357,0.0003640
158,2.7106003,0.0116595,0.0003671
159,2.6920603,0.0115841,0.0003703
160,2.6737545,0.0115097,0.0003735
161,2.6556789,0.0114362,0.0003767
162,2.6378294,0.0113636,0.0003800
163,2.6202020,0.0112919,0.0003832
164,2.6027930,0.0112210,0.0003865
165,2.5855985,0.0111509,0.0003898
166,2.5686148,0.0110817,0.0003931
167,2.5518384,0.0110133,0.0003965
168,2.5352656,0.0109457,0.0003998
169,2.5188931,0.0108788,0.0004032
170,2.5027173,0.0108127,0.0004066
171,2.4867351,0.0107474,0.0004101
172,2.4709431,0.0106829,0.0004135
173,2.4553381,0.0106190,0.0004170
174,2.4399171,0.0105559,0.0004205
175,2.4246769,0.0104935,0.0004240
176,2.4096146,0.0104318,0.0004275
177,2.3947273,0.0103708,0.0004311
178,2.3800120,0.0103104,0.0004346
179,2.3654660,0.0102507,0.0004382
180,2.3510865,0.0101917,0.0004418
181,2.3368708,0.0101333,0.0004454
182,2.3228163,0.0100755,0.0004491
183,2.3089204,0.0100184,0.0004527
184,2.2951805,0.0099619,0.0004564
185,2.2815942,0.0099059,0.0004601
186,2.2681590,0.0098506,0.0004638
187,2.2548726,0.0097958,0.0004676
188,2.2417326,0.0097416,0.0004713
189,2.2287367,0.0096880,0.0004751
190,2.2158828,0.0096350,0.0004789
191,2.2031685,0.0095825,0.0004827
192,2.1905917,0.0095305,0.0004865
193,2.1781504,0.0094790,0.0004903
194,2.1658425,0.0094281,0.0004942
195,2.1536659,0.0093777,0.0004981
196,2.1416186,0.0093278,0.0005019
197,2.1296988,0.0092784,0.0005059
198,2.1179044,0.0092295,0.0005098
199,2.1062337,0.0091811,0.0005137
200,2.0946848,0.0091332,0.0005177
201,2.0832558,0.0090857,0.0005217
202,2.0719451,0.0090387,0.0005256
203,2.0607508,0.0089922,0.0005296
204,2.0496714,0.0089461,0.0005337
205,2.0387051,0.0089004,0.0005377
206,2.0278503,0.0088552,0.0005418
207,2.0171054,0.0088104,0.0005458
208,2.0064688,0.0087661,0.0005499
209,1.9959390,0.0087221,0.0005540
210,1.9855144,0.0086786,0.0005581
211,1.9751936,0.0086355,0.0005623
212,1.9649752,0.0085928,0.0005664
213,1.9548577,0.0085505,0.0005706
214,1.9448396,0.0085086,0.0005748
215,1.9349196,0.0084670,0.0005790
216,1.9250964,0.0084259,0.0005832
217,1.9153687,0.0083851,0.0005874
218,1.9057351,0.0083447,0.0005916
219,1.8961943,0.0083047,0.0005959
220,1.8867451,0.0082650,0.0006001
221,1.8773862,0.0082256,0.0006044
222,1.8681165,0.0081867,0.0006087
223,1.8589348,0.0081480,0.0006130
224,1.8498398,0.0081097,0.0006174
225,1.8408304,0.0080718,0.0006217
226,1.8319056,0.0080342,0.0006261
227,1.8230641,0.0079969,0.0006304
228,1.8143050,0.0079599,0.0006348
229,1.8056271,0.0079233,0.0006392
230,1.7970293,0.0078870,0.0006436
231,1.7885107,0.0078509,0.0006480
232,1.7800703,0.0078152,0.0006525
233,1.7717069,0.0077798,0.0006569
234,1.7634197,0.0077447,0.0006614
235,1.7552077,0.0077099,0.0006658
236,1.7470699,0.0076754,0.0006703
237,1.7390055,0.0076412,0.0006748
238,1.7310134,0.0076072,0.0006794
239,1.7230927,0.0075735,0.0006839
240,1.7152427,0.0075402,0.0006884
241,1.7074624,0.0075070,0.0006930
242,1.6997510,0.0074742,0.0006975
243,1.6921075,0.0074416,0.0007021
244,1.6845313,0.0074093,0.0007067
245,1.6770214,0.0073773,0.0007113
246,1.6695771,0.0073455,0.0007159
247,1.6621976,0.0073140,0.0007206
248,1.6548820,0.0072827,0.0007252
249,1.6476297,0.0072517,0.0007299
250,1.6404399,0.0072209,0.0007345
251,1.6333118,0.0071903,0.0007392
252,1.6262447,0.0071600,0.0007439
253,1.6192379,0.0071300,0.0007486
254,1.6122907,0.0071001,0.0007533
255,1.6054024,0.0070705,0.0007580
256,1.5985722,0.0070412,0.0007628
257,1.5917996,0.0070120,0.0007675
258,1.5850839,0.0069831,0.0007723
259,1.5784243,0.0069544,0.0007771
260,1.5718203,0.0069259,0.0007818
261,1.5652713,0.0068977,0.0007866
262,1.5587765,0.0068696,0.0007914
263,1.5523355,0.0068418,0.0007963
264,1.5459475,0.0068142,0.0008011
265,1.5396120,0.0067868,0.0008059
266,1.5333284,0.0067595,0.0008108
267,1.5270961,0.0067325,0.0008156
268,1.5209146,0.0067057,0.0008205
269,1.5147833,0.0066791,0.0008254
270,1.5087016,0.0066527,0.0008303
271,1.5026690,0.0066265,0.0008352
272,1.4966849,0.0066004,0.0008401
273,1.4907488,0.0065746,0.0008450
274,1.4848603,0.0065489,0.0008500
275,1.4790187,0.0065234,0.0008549
276,1.4732236,0.0064981,0.0008599
277,1.4674745,0.0064730,0.0008648
278,1.4617709,0.0064481,0.0008698
279,1.4561122,0.0064233,0.0008748
280,1.4504981,0.0063988,0.0008798
281,1.4449280,0.0063744,0.0008848
282,1.4394015,0.0063501,0.0008898
283,1.4339181,0.0063260,0.0008948
284,1.4284774,0.0063022,0.0008999
285,1.4230789,0.0062784,0.0009049
286,1.4177222,0.0062548,0.0009100
287,1.4124068,0.0062314,0.0009150
288,1.4071324,0.0062082,0.0009201
289,1.4018984,0.0061851,0.0009252
290,1.3967046,0.0061622,0.0009303
291,1.3915504,0.0061394,0.0009354
292,1.3864354,0.0061168,0.0009405
293,1.3813594,0.0060943,0.0009456
294,1.3763218,0.0060720,0.0009507
295,1.3713222,0.0060499,0.0009558
296,1.3663604,0.0060278,0.0009610
297,1.3614359,0.0060060,0.0009661
298,1.3565483,0.0059842,0.0009713
299,1.3516974,0.0059627,0.0009765
300,1.3468826,0.0059412,0.0009817
301,1.3421037,0.0059199,0.0009868
302,1.3373602,0.0058988,0.0009920
303,1.3326520,0.0058778,0.0009972
304,1.3279785,0.0058569,0.0010025
305,1.3233395,0.0058361,0.0010077
306,1.3187346,0.0058155,0.0010129
307,1.3141635,0.0057950,0.0010181
308,1.3096259,0.0057747,0.0010234
309,1.3051214,0.0057545,0.0010286
310,1.3006497,0.0057344,0.0010339
311,1.2962106,0.0057144,0.0010392
312,1.2918036,0.0056946,0.0010445
313,1.2874286,0.0056749,0.0010497
314,1.2830851,0.0056553,0.0010550
315,1.2787729,0.0056358,0.0010603
316,1.2744917,0.0056165,0.0010656
317,1.2702412,0.0055972,0.0010710
318,1.2660211,0.0055781,0.0010763
319,1.2618312,0.0055592,0.0010816
320,1.2576710,0.0055403,0.0010869
321,1.2535405,0.0055215,0.0010923
322,1.2494392,0.0055029,0.0010976
323,1.2453669,0.0054844,0.0011030
324,1.2413234,0.0054660,0.0011083
325,1.2373084,0.0054477,0.0011137
326,1.2333216,0.0054295,0.0011191
327,1.2293628,0.0054114,0.0011245
328,1.2254317,0.0053934,0.0011299
329,1.2215280,0.0053756,0.0011353
330,1.2176516,0.0053578,0.0011407
331,1.2138021,0.0053402,0.0011461
332,1.2099793,0.0053226,0.0011515
333,1.2061830,0.0053052,0.0011569
334,1.2024130,0.0052879,0.0011623
335,1.1986689,0.0052706,0.0011678
336,1.1949506,0.0052535,0.0011732
337,1.1912579,0.0052365,0.0011787
338,1.1875905,0.0052195,0.0011841
339,1.1839482,0.0052027,0.0011896
340,1.1803308,0.0051860,0.0011950
341,1.1767380,0.0051693,0.0012005
342,1.1731697,0.0051528,0.0012060
343,1.1696255,0.0051363,0.0012115
344,1.1661054,0.0051200,0.0012170
345,1.1626091,0.0051037,0.0012224
346,1.1591364,0.0050875,0.0012279
347,1.1556871,0.0050714,0.0012334
348,1.1522610,0.0050555,0.0012389
349,1.1488579,0.0050396,0.0012445
350,1.1454776,0.0050237,0.0012500
351,1.1421199,0.0050080,0.0012555
352,1.1387845,0.0049924,0.0012610
353,1.1354714,0.0049768,0.0012666
354,1.1321804,0.0049614,0.0012721
355,1.1289111,0.0049460,0.0012776
356,1.1256636,0.0049307,0.0012832
357,1.1224375,0.0049155,0.0012887
358,1.1192327,0.0049004,0.0012943
359,1.1160490,0.0048854,0.0012998
360,1.1128862,0.0048704,0.0013054
361,1.1097442,0.0048555,0.0013110
362,1.1066229,0.0048407,0.0013165
363,1.1035219,0.0048260,0.0013221
364,1.1004412,0.0048114,0.0013277
365,1.0973805,0.0047968,0.0013333
366,1.0943398,0.0047824,0.0013389
367,1.0913189,0.0047680,0.0013445
368,1.0883175,0.0047536,0.0013500
369,1.0853356,0.0047394,0.0013556
370,1.0823729,0.0047252,0.0013612
371,1.0794294,0.0047111,0.0013669
372,1.0765048,0.0046971,0.0013725
373,1.0735991,0.0046831,0.0013781
374,1.0707120,0.0046693,0.0013837
375,1.0678434,0.0046555,0.0013893
376,1.0649932,0.0046417,0.0013949
377,1.0621612,0.0046281,0.0014005
378,1.0593472,0.0046145,0.0014062
379,1.0565512,0.0046010,0.0014118
380,1.0537730,0.0045875,0.0014174
381,1.0510124,0.0045741,0.0014231
382,1.0482693,0.0045608,0.0014287
383,1.0455435,0.0045476,0.0014343
384,1.0428350,0.0045344,0.0014400
385,1.0401436,0.0045213,0.0014456
386,1.0374691,0.0045082,0.0014513
387,1.0348115,0.0044953,0.0014569
388,1.0321705,0.0044823,0.0014626
389,1.0295462,0.0044695,0.0014682
390,1.0269382,0.0044567,0.0014739
391,1.0243466,0.0044440,0.0014795
392,1.0217711,0.0044313,0.0014852
393,1.0192117,0.0044187,0.0014909
394,1.0166682,0.0044062,0.0014965
395,1.0141405,0.0043937,0.0015022
396,1.0116285,0.0043813,0.0015079
397,1.0091321,0.0043690,0.0015135
398,1.0066512,0.0043567,0.0015192
399,1.0041855,0.0043445,0.0015249
400,1.0017351,0.0043323,0.0015305
401,0.9992998,0.0043202,0.0015362
402,0.9968794,0.0043081,0.0015419
403,0.9944740,0.0042962,0.0015475
404,0.9920833,0.0042842,0.0015532
405,0.9897072,0.0042723,0.0015589
406,0.9873457,0.0042605,0.0015646
407,0.9849986,0.0042488,0.0015702
408,0.9826658,0.0042371,0.0015759
409,0.9803473,0.0042254,0.0015816
410,0.9780428,0.0042138,0.0015873
411,0.9757524,0.0042023,0.0015929
412,0.9734758,0.0041908,0.0015986
413,0.9712131,0.0041794,0.0016043
414,0.9689640,0.0041680,0.0016100
415,0.9667286,0.0041567,0.0016157
416,0.9645066,0.0041454,0.0016213
417,0.9622981,0.0041342,0.0016270
418,0.9601028,0.0041230,0.0016327
419,0.9579207,0.0041119,0.0016384
420,0.9557518,0.0041008,0.0016440
421,0.9535958,0.0040898,0.0016497
422,0.9514528,0.0040788,0.0016554
423,0.9493225,0.0040679,0.0016611
424,0.9472050,0.0040571,0.0016667
425,0.9451002,0.0040463,0.0016724
426,0.9430079,0.0040355,0.0016781
427,0.9409280,0.0040248,0.0016837
428,0.9388605,0.0040141,0.0016894
429,0.9368052,0.0040035,0.0016951
430,0.9347622,0.0039929,0.0017007
431,0.9327312,0.0039824,0.0017064
432,0.9307123,0.0039719,0.0017121
433,0.9287053,0.0039615,0.0017177
434,0.9267101,0.0039511,0.0017234
435,0.9247267,0.0039408,0.0017290
436,0.9227550,0.0039305,0.0017347
437,0.9207948,0.0039202,0.0017404
438,0.9188462,0.0039100,0.0017460
439,0.9169090,0.0038999,0.0017517
440,0.9149831,0.0038898,0.0017573
441,0.9130685,0.0038797,0.0017629
442,0.9111651,0.0038697,0.0017686
443,0.9092728,0.0038597,0.0017742
444,0.9073915,0.0038498,0.0017799
445,0.9055212,0.0038399,0.0017855
446,0.9036617,0.0038300,0.0017911
447,0.9018131,0.0038202,0.0017968
448,0.8999752,0.0038104,0.0018024
449,0.8981479,0.0038007,0.0018080
450,0.8963312,0.0037910,0.0018136
451,0.8945250,0.0037814,0.0018192
452,0.8927292,0.0037718,0.0018248
453,0.8909438,0.0037622,0.0018305
454,0.8891687,0.0037527,0.0018361
455,0.8874038,0.0037432,0.0018417
456,0.8856490,0.0037338,0.0018473
457,0.8839043,0.0037244,0.0018528
458,0.8821696,0.0037151,0.0018584
459,0.8804449,0.0037057,0.0018640
460,0.8787300,0.0036965,0.0018696
461,0.8770249,0.0036872,0.0018752
462,0.8753295,0.0036780,0.0018808
463,0.8736438,0.0036688,0.0018863
464,0.8719677,0.0036597,0.0018919
465,0.8703012,0.0036506,0.0018974
466,0.8686441,0.0036416,0.0019030
467,0.8669964,0.0036326,0.0019085
468,0.8653580,0.0036236,0.0019141
469,0.8637289,0.0036146,0.0019196
470,0.8621090,0.0036057,0.0019252
471,0.8604983,0.0035969,0.0019307
472,0.8588967,0.0035880,0.0019362
473,0.8573040,0.0035792,0.0019417
474,0.8557204,0.0035705,0.0019472
475,0.8541456,0.0035617,0.0019527
476,0.8525797,0.0035530,0.0019582
477,0.8510226,0.0035444,0.0019637
478,0.8494741,0.0035358,0.0019692
479,0.8479344,0.0035272,0.0019747
480,0.8464032,0.0035186,0.0019802
481,0.8448806,0.0035101,0.0019857
482,0.8433665,0.0035016,0.0019911
483,0.8418608,0.0034931,0.0019966
484,0.8403635,0.0034847,0.0020020
485,0.8388744,0.0034763,0.0020075
486,0.8373937,0.0034680,0.0020129
487,0.8359211,0.0034597,0.0020183
488,0.8344567,0.0034514,0.0020238
489,0.8330004,0.0034431,0.0020292
490,0.8315521,0.0034349,0.0020346
491,0.8301119,0.0034267,0.0020400
492,0.8286795,0.0034185,0.0020454
493,0.8272550,0.0034104,0.0020508
494,0.8258383,0.0034023,0.0020561
495,0.8244294,0.0033942,0.0020615
496,0.8230282,0.0033862,0.0020669
497,0.8216347,0.0033782,0.0020722
498,0.8202488,0.0033702,0.0020776
499,0.8188704,0.0033623,0.0020829
500,0.8174996,0.0033543,0.0020882
501,0.8161362,0.0033465,0.0020936
502,0.8147802,0.0033386,0.0020989
503,0.8134316,0.0033308,0.0021042
504,0.8120903,0.0033230,0.0021095
505,0.8107562,0.0033152,0.0021148
506,0.8094294,0.0033075,0.0021200
507,0.8081097,0.0032997,0.0021253
508,0.8067971,0.0032921,0.0021306
509,0.8054916,0.0032844,0.0021358
510,0.8041930,0.0032768,0.0021411
511,0.8029015,0.0032692,0.0021463
512,0.8016169,0.0032616,0.0021515
513,0.8003391,0.0032541,0.0021567
514,0.7990682,0.0032466,0.0021619
515,0.7978040,0.0032391,0.0021671
516,0.7965466,0.0032316,0.0021723
517,0.7952958,0.0032242,0.0021775
518,0.7940517,0.0032168,0.0021826
519,0.7928142,0.0032094,0.0021878
520,0.7915832,0.0032020,0.0021929
521,0.7903587,0.0031947,0.0021980
522,0.7891407,0.0031874,0.0022031
523,0.7879291,0.0031801,0.0022082
524,0.7867238,0.0031729,0.0022133
525,0.7855249,0.0031657,0.0022184
526,0.7843323,0.0031585,0.0022235
527,0.7831459,0.0031513,0.0022285
528,0.7819657,0.0031441,0.0022336
529,0.7807916,0.0031370,0.0022386
530,0.7796236,0.0031299,0.0022437
531,0.7784617,0.0031229,0.0022487
532,0.7773058,0.0031158,0.0022537
533,0.7761559,0.0031088,0.0022586
534,0.7750120,0.0031018,0.0022636
535,0.7738739,0.0030948,0.0022686
536,0.7727417,0.0030879,0.0022735
537,0.7716153,0.0030809,0.0022785
538,0.7704946,0.0030740,0.0022834
539,0.7693797,0.0030672,0.0022883
540,0.7682705,0.0030603,0.0022932
541,0.7671669,0.0030535,0.0022981
542,0.7660689,0.0030467,0.0023029
543,0.7649765,0.0030399,0.0023078
544,0.7638896,0.0030331,0.0023126
545,0.7628082,0.0030264,0.0023175
546,0.7617322,0.0030197,0.0023223
547,0.7606616,0.0030130,0.0023271
548,0.7595964,0.0030063,0.0023319
549,0.7585366,0.0029997,0.0023366
550,0.7574820,0.0029930,0.0023414
551,0.7564327,0.0029864,0.0023461
552,0.7553885,0.0029799,0.0023509
553,0.7543496,0.0029733,0.0023556
554,0.7533158,0.0029668,0.0023603
555,0.7522870,0.0029602,0.0023650
556,0.7512634,0.0029537,0.0023696
557,0.7502447,0.0029473,0.0023743
558,0.7492310,0.0029408,0.0023789
559,0.7482223,0.0029344,0.0023835
560,0.7472185,0.0029280,0.0023881
561,0.7462195,0.0029216,0.0023927
562,0.7452254,0.0029152,0.0023973
563,0.7442361,0.0029089,0.0024018
564,0.7432515,0.0029025,0.0024064
565,0.7422716,0.0028962,0.0024109
566,0.7412965,0.0028900,0.0024154
567,0.7403259,0.0028837,0.0024199
568,0.7393600,0.0028774,0.0024244
569,0.7383987,0.0028712,0.0024288
570,0.7374419,0.0028650,0.0024333
571,0.7364896,0.0028588,0.0024377
572,0.7355418,0.0028527,0.0024421
573,0.7345984,0.0028465,0.0024465
574,0.7336594,0.0028404,0.0024508
575,0.7327247,0.0028343,0.0024552
576,0.7317944,0.0028282,0.0024595
577,0.7308684,0.0028221,0.0024638
578,0.7299466,0.0028161,0.0024681
579,0.7290291,0.0028100,0.0024724
580,0.7281157,0.0028040,0.0024767
581,0.7272065,0.0027980,0.0024809
582,0.7263014,0.0027921,0.0024851
583,0.7254003,0.0027861,0.0024893
584,0.7245034,0.0027802,0.0024935
585,0.7236104,0.0027742,0.0024977
586,0.7227214,0.0027683,0.0025018
587,0.7218364,0.0027624,0.0025059
588,0.7209553,0.0027566,0.0025100
589,0.7200780,0.0027507,0.0025141
590,0.7192046,0.0027449,0.0025182
591,0.7183350,0.0027391,0.0025222
592,0.7174692,0.0027333,0.0025263
593,0.7166071,0.0027275,0.0025303
594,0.7157488,0.0027217,0.0025342
595,0.7148941,0.0027160,0.0025382
596,0.7140431,0.0027103,0.0025421
597,0.7131956,0.0027046,0.0025461
598,0.7123518,0.0026989,0.0025500
599,0.7115115,0.0026932,0.0025538
600,0.7106747,0.0026875,0.0025577
601,0.7098414,0.0026819,0.0025615
602,0.7090115,0.0026763,0.0025653
603,0.7081850,0.0026707,0.0025691
604,0.7073620,0.0026651,0.0025729
605,0.7065422,0.0026595,0.0025767
606,0.7057258,0.0026539,0.0025804
607,0.7049127,0.0026484,0.0025841
608,0.7041029,0.0026429,0.0025878
609,0.7032962,0.0026374,0.0025914
610,0.7024928,0.0026319,0.0025951
611,0.7016925,0.0026264,0.0025987
612,0.7008953,0.0026209,0.0026023
613,0.7001013,0.0026155,0.0026058
614,0.6993103,0.0026100,0.0026094
615,0.6985223,0.0026046,0.0026129
616,0.6977374,0.0025992,0.0026164
617,0.6969554,0.0025938,0.0026199
618,0.6961763,0.0025884,0.0026233
619,0.6954002,0.0025831,0.0026268
620,0.6946269,0.0025778,0.0026302
621,0.6938565,0.0025724,0.0026335
622,0.6930889,0.0025671,0.0026369
623,0.6923241,0.0025618,0.0026402
624,0.6915620,0.0025565,0.0026435
625,0.6908027,0.0025513,0.0026468
626,0.6900460,0.0025460,0.0026501
627,0.6892920,0.0025408,0.0026533
628,0.6885407,0.0025356,0.0026565
629,0.6877920,0.0025303,0.0026597
630,0.6870458,0.0025251,0.0026629
631,0.6863021,0.0025200,0.0026660
632,0.6855610,0.0025148,0.0026691
633,0.6848224,0.0025096,0.0026722
634,0.6840862,0.0025045,0.0026752
635,0.6833524,0.0024994,0.0026783
636,0.6826211,0.0024943,0.0026813
637,0.6818921,0.0024892,0.0026843
638,0.6811654,0.0024841,0.0026872
639,0.6804410,0.0024790,0.0026901
640,0.6797189,0.0024740,0.0026930
641,0.6789991,0.0024689,0.0026959
642,0.6782815,0.0024639,0.0026988
643,0.6775660,0.0024589,0.0027016
644,0.6768527,0.0024539,0.0027044
645,0.6761416,0.0024489,0.0027071
646,0.6754325,0.0024439,0.0027099
647,0.6747255,0.0024389,0.0027126
648,0.6740206,0.0024340,0.0027153
649,0.6733176,0.0024291,0.0027179
650,0.6726167,0.0024241,0.0027206
651,0.6719177,0.0024192,0.0027232
652,0.6712206,0.0024143,0.0027258
653,0.6705254,0.0024094,0.0027283
654,0.6698321,0.0024046,0.0027308
655,0.6691406,0.0023997,0.0027333
656,0.6684510,0.0023949,0.0027358
657,0.6677631,0.0023900,0.0027382
658,0.6670770,0.0023852,0.0027406
659,0.6663926,0.0023804,0.0027430
660,0.6657099,0.0023756,0.0027454
661,0.6650289,0.0023708,0.0027477
662,0.6643495,0.0023660,0.0027500
663,0.6636717,0.0023613,0.0027523
664,0.6629956,0.0023565,0.0027545
665,0.6623209,0.0023518,0.0027567
666,0.6616479,0.0023470,0.0027589
667,0.6609763,0.0023423,0.0027611
668,0.6603062,0.0023376,0.0027632
669,0.6596375,0.0023329,0.0027653
670,0.6589703,0.0023282,0.0027673
671,0.6583045,0.0023236,0.0027694
672,0.6576400,0.0023189,0.0027714
673,0.6569769,0.0023143,0.0027734
674,0.6563150,0.0023096,0.0027753
675,0.6556545,0.0023050,0.0027773
676,0.6549952,0.0023004,0.0027791
677,0.6543372,0.0022958,0.0027810
678,0.6536803,0.0022912,0.0027828
679,0.6530247,0.0022866,0.0027846
680,0.6523702,0.0022821,0.0027864
681,0.6517168,0.0022775,0.0027882
682,0.6510645,0.0022729,0.0027899
683,0.6504133,0.0022684,0.0027916
684,0.6497631,0.0022639,0.0027932
685,0.6491140,0.0022594,0.0027949
686,0.6484658,0.0022549,0.0027965
687,0.6478186,0.0022504,0.0027980
688,0.6471724,0.0022459,0.0027996
689,0.6465270,0.0022414,0.0028011
690,0.6458826,0.0022370,0.0028025
691,0.6452390,0.0022325,0.0028040
692,0.6445962,0.0022281,0.0028054
693,0.6439543,0.0022236,0.0028068
694,0.6433131,0.0022192,0.0028081
695,0.6426727,0.0022148,0.0028095
696,0.6420331,0.0022104,0.0028108
697,0.6413941,0.0022060,0.0028120
698,0.6407558,0.0022016,0.0028133
699,0.6401182,0.0021973,0.0028145
700,0.6394812,0.0021929,0.0028157
701,0.6388448,0.0021886,0.0028168
702,0.6382090,0.0021842,0.0028179
703,0.6375738,0.0021799,0.0028190
704,0.6369391,0.0021756,0.0028201
705,0.6363049,0.0021713,0.0028211
706,0.6356712,0.0021670,0.0028221
707,0.6350379,0.0021627,0.0028230
708,0.6344051,0.0021584,0.0028240
709,0.6337727,0.0021541,0.0028249
710,0.6331407,0.0021499,0.0028258
711,0.6325090,0.0021456,0.0028266
712,0.6318777,0.0021414,0.0028274
713,0.6312466,0.0021371,0.0028282
714,0.6306159,0.0021329,0.0028290
715,0.6299854,0.0021287,0.0028297
716,0.6293552,0.0021245,0.0028304
717,0.6287252,0.0021203,0.0028310
718,0.6280954,0.0021161,0.0028317
719,0.6274657,0.0021119,0.0028323
720,0.6268362,0.0021077,0.0028328
721,0.6262069,0.0021036,0.0028334
722,0.6255776,0.0020994,0.0028339
723,0.6249484,0.0020953,0.0028344
724,0.6243192,0.0020912,0.0028348
725,0.6236901,0.0020870,0.0028353
726,0.6230610,0.0020829,0.0028357
727,0.6224319,0.0020788,0.0028360
728,0.6218027,0.0020747,0.0028364
729,0.6211735,0.0020706,0.0028367
730,0.6205442,0.0020665,0.0028369
731,0.6199148,0.0020625,0.0028372
732,0.6192852,0.0020584,0.0028374
733,0.6186555,0.0020543,0.0028376
734,0.6180257,0.0020503,0.0028378
735,0.6173956,0.0020463,0.0028379
736,0.6167653,0.0020422,0.0028380
737,0.6161348,0.0020382,0.0028381
738,0.6155041,0.0020342,0.0028381
739,0.6148730,0.0020302,0.0028381
740,0.6142417,0.0020262,0.0028381
741,0.6136100,0.0020222,0.0028381
742,0.6129780,0.0020182,0.0028380
743,0.6123456,0.0020142,0.0028379
744,0.6117128,0.0020103,0.0028378
745,0.6110797,0.0020063,0.0028376
746,0.6104461,0.0020024,0.0028374
747,0.6098120,0.0019984,0.0028372
748,0.6091775,0.0019945,0.0028370
749,0.6085425,0.0019906,0.0028367
750,0.6079070,0.0019866,0.0028364
751,0.6072709,0.0019827,0.0028361
752,0.6066343,0.0019788,0.0028358
753,0.6059971,0.0019749,0.0028354
754,0.6053594,0.0019711,0.0028350
755,0.6047210,0.0019672,0.0028346
756,0.6040820,0.0019633,0.0028341
757,0.6034424,0.0019594,0.0028336
758,0.6028021,0.0019556,0.0028331
759,0.6021611,0.0019517,0.0028326
760,0.6015194,0.0019479,0.0028320
761,0.6008770,0.0019441,0.0028314
762,0.6002338,0.0019402,0.0028308
763,0.5995899,0.0019364,0.0028301
764,0.5989452,0.0019326,0.0028295
765,0.5982996,0.0019288,0.0028288
766,0.5976533,0.0019250,0.0028281
767,0.5970062,0.0019212,0.0028273
768,0.5963582,0.0019174,0.0028266
769,0.5957093,0.0019137,0.0028258
770,0.5950595,0.0019099,0.0028249
771,0.5944088,0.0019061,0.0028241
772,0.5937572,0.0019024,0.0028232
773,0.5931047,0.0018986,0.0028223
774,0.5924512,0.0018949,0.0028214
775,0.5917967,0.0018912,0.0028205
776,0.5911413,0.0018874,0.0028195
777,0.5904848,0.0018837,0.0028185
778,0.5898273,0.0018800,0.0028175
779,0.5891688,0.0018763,0.0028165
780,0.5885092,0.0018726,0.0028154
781,0.5878486,0.0018689,0.0028143
782,0.5871868,0.0018652,0.0028132
783,0.5865240,0.0018616,0.0028121
784,0.5858600,0.0018579,0.0028109
785,0.5851949,0.0018542,0.0028097
786,0.5845286,0.0018506,0.0028085
787,0.5838612,0.0018469,0.0028073
788,0.5831926,0.0018433,0.0028061
789,0.5825228,0.0018397,0.0028048
790,0.5818517,0.0018360,0.0028035
791,0.5811795,0.0018324,0.0028022
792,0.5805060,0.0018288,0.0028009
793,0.5798313,0.0018252,0.0027996
794,0.5791553,0.0018216,0.0027982
795,0.5784780,0.0018180,0.0027968
796,0.5777994,0.0018144,0.0027954
797,0.5771195,0.0018108,0.0027940
798,0.5764383,0.0018072,0.0027925
799,0.5757557,0.0018037,0.0027911
800,0.5750718,0.0018001,0.0027896
801,0.5743866,0.0017965,0.0027881
802,0.5736999,0.0017930,0.0027865
803,0.5730119,0.0017894,0.0027850
804,0.5723224,0.0017859,0.0027834
805,0.5716316,0.0017824,0.0027818
806,0.5709393,0.0017788,0.0027802
807,0.5702456,0.0017753,0.0027786
808,0.5695504,0.0017718,0.0027770
809,0.5688538,0.0017683,0.0027753
810,0.5681557,0.0017648,0.0027737
811,0.5674561,0.0017613,0.0027720
812,0.5667551,0.0017578,0.0027703
813,0.5660525,0.0017543,0.0027686
814,0.5653484,0.0017509,0.0027668
815,0.5646428,0.0017474,0.0027651
816,0.5639356,0.0017439,0.0027633
817,0.5632269,0.0017405,0.0027615
818,0.5625166,0.0017370,0.0027597
819,0.5618048,0.0017336,0.0027579
820,0.5610913,0.0017301,0.0027561
821,0.5603763,0.0017267,0.0027542
822,0.5596597,0.0017233,0.0027524
823,0.5589415,0.0017199,0.0027505
824,0.5582217,0.0017164,0.0027486
825,0.5575002,0.0017130,0.0027467
826,0.5567771,0.0017096,0.0027448
827,0.5560524,0.0017062,0.0027429
828,0.5553260,0.0017028,0.0027409
829,0.5545980,0.0016994,0.0027390
830,0.5538682,0.0016961,0.0027370
831,0.5531369,0.0016927,0.0027350
832,0.5524038,0.0016893,0.0027330
833,0.5516690,0.0016860,0.0027310
834,0.5509326,0.0016826,0.0027290
835,0.5501944,0.0016792,0.0027270
836,0.5494545,0.0016759,0.0027249
837,0.5487129,0.0016726,0.0027229
838,0.5479696,0.0016692,0.0027208
839,0.5472245,0.0016659,0.0027187
840,0.5464777,0.0016626,0.0027166
841,0.5457292,0.0016592,0.0027145
842,0.5449789,0.0016559,0.0027124
843,0.5442268,0.0016526,0.0027103
844,0.5434730,0.0016493,0.0027082
845,0.5427175,0.0016460,0.0027061
846,0.5419601,0.0016427,0.0027039
847,0.5412010,0.0016395,0.0027018
848,0.5404401,0.0016362,0.0026996
849,0.5396774,0.0016329,0.0026974
850,0.5389129,0.0016296,0.0026953
851,0.5381466,0.0016264,0.0026931
852,0.5373785,0.0016231,0.0026909
853,0.5366086,0.0016199,0.0026887
854,0.5358369,0.0016166,0.0026865
855,0.5350634,0.0016134,0.0026843
856,0.5342880,0.0016101,0.0026820
857,0.5335109,0.0016069,0.0026798
858,0.5327319,0.0016037,0.0026776
859,0.5319511,0.0016005,0.0026753
860,0.5311685,0.0015972,0.0026731
861,0.5303840,0.0015940,0.0026708
862,0.5295978,0.0015908,0.0026686
863,0.5288096,0.0015876,0.0026663
864,0.5280197,0.0015844,0.0026640
865,0.5272279,0.0015812,0.0026617
866,0.5264342,0.0015781,0.0026595
867,0.5256387,0.0015749,0.0026572
868,0.5248414,0.0015717,0.0026549
869,0.5240423,0.0015685,0.0026526
870,0.5232412,0.0015654,0.0026503
871,0.5224384,0.0015622,0.0026480
872,0.5216337,0.0015591,0.0026457
873,0.5208271,0.0015559,0.0026434
874,0.5200187,0.0015528,0.0026411
875,0.5192084,0.0015497,0.0026387
876,0.5183963,0.0015465,0.0026364
877,0.5175824,0.0015434,0.0026341
878,0.5167666,0.0015403,0.0026318
879,0.5159489,0.0015372,0.0026295
880,0.5151295,0.0015341,0.0026271
881,0.5143081,0.0015310,0.0026248
882,0.5134849,0.0015279,0.0026225
883,0.5126599,0.0015248,0.0026201
884,0.5118331,0.0015217,0.0026178
885,0.5110043,0.0015186,0.0026155
886,0.5101738,0.0015155,0.0026131
887,0.5093414,0.0015124,0.0026108
888,0.5085072,0.0015094,0.0026084
889,0.5076712,0.0015063,0.0026061
890,0.5068333,0.0015032,0.0026038
891,0.5059936,0.0015002,0.0026014
892,0.5051520,0.0014971,0.0025991
893,0.5043087,0.0014941,0.0025968
894,0.5034635,0.0014911,0.0025944
895,0.5026165,0.0014880,0.0025921
896,0.5017678,0.0014850,0.0025897
897,0.5009171,0.0014820,0.0025874
898,0.5000647,0.0014790,0.0025851
899,0.4992105,0.0014759,0.0025827
900,0.4983545,0.0014729,0.0025804
901,0.4974967,0.0014699,0.0025781
902,0.4966371,0.0014669,0.0025757
903,0.4957758,0.0014639,0.0025734
904,0.4949126,0.0014610,0.0025711
905,0.4940477,0.0014580,0.0025687
906,0.4931810,0.0014550,0.0025664
907,0.4923125,0.0014520,0.0025641
908,0.4914423,0.0014490,0.0025618
909,0.4905703,0.0014461,0.0025595
910,0.4896966,0.0014431,0.0025572
911,0.4888212,0.0014402,0.0025548
912,0.4879440,0.0014372,0.0025525
913,0.4870650,0.0014343,0.0025502
914,0.4861844,0.0014313,0.0025479
915,0.4853020,0.0014284,0.0025456
916,0.4844179,0.0014255,0.0025433
917,0.4835321,0.0014226,0.0025411
918,0.4826446,0.0014196,0.0025388
919,0.4817555,0.0014167,0.0025365
920,0.4808646,0.0014138,0.0025342
921,0.4799720,0.0014109,0.0025319
922,0.4790778,0.0014080,0.0025297
923,0.4781820,0.0014051,0.0025274
924,0.4772844,0.0014022,0.0025251
925,0.4763853,0.0013993,0.0025229
926,0.4754844,0.0013965,0.0025206
927,0.4745820,0.0013936,0.0025184
928,0.4736779,0.0013907,0.0025161
929,0.4727722,0.0013878,0.0025139
930,0.4718650,0.0013850,0.0025116
931,0.4709561,0.0013821,0.0025094
932,0.4700456,0.0013793,0.0025072
933,0.4691335,0.0013764,0.0025050
934,0.4682199,0.0013736,0.0025027
935,0.4673047,0.0013708,0.0025005
936,0.4663880,0.0013679,0.0024983
937,0.4654697,0.0013651,0.0024961
938,0.4645498,0.0013623,0.0024939
939,0.4636285,0.0013595,0.0024917
940,0.4627056,0.0013566,0.0024896
941,0.4617813,0.0013538,0.0024874
942,0.4608554,0.0013510,0.0024852
943,0.4599281,0.0013482,0.0024831
944,0.4589992,0.0013454,0.0024809
945,0.4580689,0.0013427,0.0024787
946,0.4571372,0.0013399,0.0024766
947,0.4562040,0.0013371,0.0024744
948,0.4552694,0.0013343,0.0024723
949,0.4543334,0.0013316,0.0024702
950,0.4533959,0.0013288,0.0024680
951,0.4524571,0.0013260,0.0024659
952,0.4515168,0.0013233,0.0024638
953,0.4505752,0.0013205,0.0024617
954,0.4496322,0.0013178,0.0024596
955,0.4486879,0.0013150,0.0024575
956,0.4477422,0.0013123,0.0024554
957,0.4467952,0.0013096,0.0024533
958,0.4458469,0.0013069,0.0024513
959,0.4448973,0.0013041,0.0024492
960,0.4439463,0.0013014,0.0024471
961,0.4429941,0.0012987,0.0024451
962,0.4420407,0.0012960,0.0024430
963,0.4410859,0.0012933,0.0024410
964,0.4401300,0.0012906,0.0024389
965,0.4391727,0.0012879,0.0024369
966,0.4382143,0.0012852,0.0024349
967,0.4372547,0.0012825,0.0024329
968,0.4362939,0.0012799,0.0024309
969,0.4353319,0.0012772,0.0024288
970,0.4343687,0.0012745,0.0024268
971,0.4334044,0.0012719,0.0024249
972,0.4324389,0.0012692,0.0024229
973,0.4314723,0.0012666,0.0024209
974,0.4305046,0.0012639,0.0024189
975,0.4295358,0.0012613,0.0024169
976,0.4285659,0.0012586,0.0024150
977,0.4275950,0.0012560,0.0024130
978,0.4266230,0.0012534,0.0024111
979,0.4256499,0.0012508,0.0024091
980,0.4246758,0.0012481,0.0024072
981,0.4237007,0.0012455,0.0024052
982,0.4227246,0.0012429,0.0024033
983,0.4217476,0.0012403,0.0024014
984,0.4207695,0.0012377,0.0023995
985,0.4197905,0.0012351,0.0023976
986,0.4188106,0.0012325,0.0023957
987,0.4178297,0.0012299,0.0023938
988,0.4168480,0.0012274,0.0023919
989,0.4158653,0.0012248,0.0023900
990,0.4148818,0.0012222,0.0023881
991,0.4138974,0.0012197,0.0023862
992,0.4129121,0.0012171,0.0023844
993,0.4119261,0.0012145,0.0023825
994,0.4109392,0.0012120,0.0023807
995,0.4099515,0.0012095,0.0023788
996,0.4089630,0.0012069,0.0023770
997,0.4079738,0.0012044,0.0023751
998,0.4069838,0.0012019,0.0023733
999,0.4059931,0.0011993,0.0023714
1000,0.4050017,0.0011968,0.0023696
1001,0.4040095,0.0011943,0.0023678
1002,0.4030167,0.0011918,0.0023660
1003,0.4020233,0.0011893,0.0023642
1004,0.4010291,0.0011868,0.0023624
1005,0.4000344,0.0011843,0.0023605
1006,0.3990390,0.0011818,0.0023587
1007,0.3980430,0.0011793,0.0023570
1008,0.3970465,0.0011768,0.0023552
1009,0.3960493,0.0011744,0.0023534
1010,0.3950517,0.0011719,0.0023516
1011,0.3940535,0.0011694,0.0023498
1012,0.3930548,0.0011670,0.0023480
1013,0.3920556,0.0011645,0.0023463
1014,0.3910560,0.0011621,0.0023445
1015,0.3900558,0.0011596,0.0023427
1016,0.3890553,0.0011572,0.0023410
1017,0.3880543,0.0011547,0.0023392
1018,0.3870530,0.0011523,0.0023375
1019,0.3860512,0.0011499,0.0023357
1020,0.3850491,0.0011475,0.0023340
1021,0.3840467,0.0011450,0.0023322
1022,0.3830439,0.0011426,0.0023305
1023,0.3820408,0.0011402,0.0023288
1024,0.3810375,0.0011378,0.0023270
1025,0.3800338,0.0011354,0.0023253
1026,0.3790300,0.0011330,0.0023236
1027,0.3780259,0.0011307,0.0023219
1028,0.3770216,0.0011283,0.0023201
1029,0.3760171,0.0011259,0.0023184
1030,0.3750124,0.0011235,0.0023167
1031,0.3740076,0.0011212,0.0023150
1032,0.3730027,0.0011188,0.0023132
1033,0.3719977,0.0011165,0.0023115
1034,0.3709926,0.0011141,0.0023098
1035,0.3699874,0.0011118,0.0023081
1036,0.3689822,0.0011094,0.0023064
1037,0.3679770,0.0011071,0.0023047
1038,0.3669717,0.0011048,0.0023030
1039,0.3659665,0.0011024,0.0023013
1040,0.3649614,0.0011001,0.0022996
1041,0.3639563,0.0010978,0.0022979
1042,0.3629513,0.0010955,0.0022962
1043,0.3619463,0.0010932,0.0022945
1044,0.3609416,0.0010909,0.0022927
1045,0.3599370,0.0010886,0.0022910
1046,0.3589325,0.0010863,0.0022893
1047,0.3579283,0.0010840,0.0022876
1048,0.3569243,0.0010818,0.0022859
1049,0.3559205,0.0010795,0.0022842
1050,0.3549170,0.0010772,0.0022825
1051,0.3539138,0.0010750,0.0022808
1052,0.3529109,0.0010727,0.0022791
1053,0.3519083,0.0010704,0.0022774
1054,0.3509061,0.0010682,0.0022757
1055,0.3499043,0.0010660,0.0022740
1056,0.3489029,0.0010637,0.0022722
1057,0.3479019,0.0010615,0.0022705
1058,0.3469014,0.0010593,0.0022688
1059,0.3459014,0.0010570,0.0022671
1060,0.3449019,0.0010548,0.0022654
1061,0.3439029,0.0010526,0.0022636
1062,0.3429045,0.0010504,0.0022619
1063,0.3419066,0.0010482,0.0022602
1064,0.3409094,0.0010460,0.0022585
1065,0.3399128,0.0010438,0.0022567
1066,0.3389169,0.0010417,0.0022550
1067,0.3379217,0.0010395,0.0022532
1068,0.3369271,0.0010373,0.0022515
1069,0.3359333,0.0010351,0.0022497
1070,0.3349403,0.0010330,0.0022480
1071,0.3339481,0.0010308,0.0022462
1072,0.3329567,0.0010287,0.0022445
1073,0.3319661,0.0010265,0.0022427
1074,0.3309765,0.0010244,0.0022409
1075,0.3299877,0.0010222,0.0022392
1076,0.3289999,0.0010201,0.0022374
1077,0.3280130,0.0010180,0.0022356
1078,0.3270271,0.0010159,0.0022338
1079,0.3260422,0.0010138,0.0022320
1080,0.3250584,0.0010116,0.0022302
1081,0.3240757,0.0010095,0.0022284
1082,0.3230940,0.0010074,0.0022266
1083,0.3221135,0.0010053,0.0022248
1084,0.3211342,0.0010033,0.0022230
1085,0.3201560,0.0010012,0.0022211
1086,0.3191791,0.0009991,0.0022193
1087,0.3182035,0.0009970,0.0022174
1088,0.3172291,0.0009950,0.0022156
1089,0.3162561,0.0009929,0.0022137
1090,0.3152843,0.0009909,0.0022119
1091,0.3143140,0.0009888,0.0022100
1092,0.3133451,0.0009868,0.0022081
1093,0.3123776,0.0009847,0.0022062
1094,0.3114117,0.0009827,0.0022044
1095,0.3104472,0.0009807,0.0022025
1096,0.3094842,0.0009786,0.0022005
1097,0.3085229,0.0009766,0.0021986
1098,0.3075631,0.0009746,0.0021967
1099,0.3066050,0.0009726,0.0021948
1100,0.3056486,0.0009706,0.0021928
1101,0.3046939,0.0009686,0.0021909
1102,0.3037409,0.0009666,0.0021889
1103,0.3027897,0.0009646,0.0021869
1104,0.3018403,0.0009627,0.0021850
1105,0.3008928,0.0009607,0.0021830
1106,0.2999471,0.0009587,0.0021810
1107,0.2990034,0.0009568,0.0021790
1108,0.2980616,0.0009548,0.0021769
1109,0.2971218,0.0009528,0.0021749
1110,0.2961841,0.0009509,0.0021729
1111,0.2952484,0.0009490,0.0021708
1112,0.2943148,0.0009470,0.0021688
1113,0.2933834,0.0009451,0.0021667
1114,0.2924541,0.0009432,0.0021646
1115,0.2915270,0.0009413,0.0021625
1116,0.2906022,0.0009393,0.0021604
1117,0.2896797,0.0009374,0.0021583
1118,0.2887596,0.0009355,0.0021562
1119,0.2878417,0.0009336,0.0021540
1120,0.2869263,0.0009318,0.0021519
1121,0.2860134,0.0009299,0.0021497
1122,0.2851029,0.0009280,0.0021475
1123,0.2841950,0.0009261,0.0021454
1124,0.2832896,0.0009243,0.0021432
1125,0.2823869,0.0009224,0.0021409
1126,0.2814867,0.0009205,0.0021387
1127,0.2805893,0.0009187,0.0021365
1128,0.2796946,0.0009168,0.0021342
1129,0.2788027,0.0009150,0.0021320
1130,0.2779136,0.0009132,0.0021297
1131,0.2770274,0.0009113,0.0021274
1132,0.2761440,0.0009095,0.0021251
1133,0.2752636,0.0009077,0.0021228
1134,0.2743862,0.0009059,0.0021204
1135,0.2735118,0.0009041,0.0021181
1136,0.2726405,0.0009023,0.0021157
1137,0.2717723,0.0009005,0.0021133
1138,0.2709072,0.0008987,0.0021110
1139,0.2700454,0.0008969,0.0021086
1140,0.2691867,0.0008951,0.0021061
1141,0.2683314,0.0008934,0.0021037
1142,0.2674795,0.0008916,0.0021012
1143,0.2666309,0.0008898,0.0020988
1144,0.2657857,0.0008881,0.0020963
1145,0.2649440,0.0008863,0.0020938
1146,0.2641058,0.0008846,0.0020913
1147,0.2632712,0.0008829,0.0020888
1148,0.2624401,0.0008811,0.0020862
1149,0.2616128,0.0008794,0.0020837
1150,0.2607891,0.0008777,0.0020811
1151,0.2599692,0.0008760,0.0020785
1152,0.2591530,0.0008743,0.0020759
1153,0.2583407,0.0008726,0.0020733
1154,0.2575323,0.0008709,0.0020706
1155,0.2567278,0.0008692,0.0020680
1156,0.2559273,0.0008675,0.0020653
1157,0.2551308,0.0008658,0.0020626
1158,0.2543384,0.0008641,0.0020599
1159,0.2535501,0.0008624,0.0020572
1160,0.2527660,0.0008608,0.0020545
1161,0.2519861,0.0008591,0.0020517
1162,0.2512104,0.0008575,0.0020489
1163,0.2504391,0.0008558,0.0020461
1164,0.2496721,0.0008542,0.0020433
1165,0.2489095,0.0008526,0.0020405
1166,0.2481513,0.0008509,0.0020377
1167,0.2473977,0.0008493,0.0020348
1168,0.2466486,0.0008477,0.0020319
1169,0.2459041,0.0008461,0.0020290
1170,0.2451642,0.0008445,0.0020261
1171,0.2444290,0.0008429,0.0020232
1172,0.2436985,0.0008413,0.0020202
1173,0.2429729,0.0008397,0.0020172
1174,0.2422520,0.0008381,0.0020143
1175,0.2415360,0.0008365,0.0020113
1176,0.2408249,0.0008349,0.0020082
1177,0.2401188,0.0008334,0.0020052
1178,0.2394177,0.0008318,0.0020021
1179,0.2387217,0.0008303,0.0019991
1180,0.2380308,0.0008287,0.0019960
1181,0.2373450,0.0008272,0.0019928
1182,0.2366644,0.0008256,0.0019897
1183,0.2359890,0.0008241,0.0019866
1184,0.2353189,0.0008226,0.0019834
1185,0.2346542,0.0008210,0.0019802
1186,0.2339948,0.0008195,0.0019770
1187,0.2333408,0.0008180,0.0019738
1188,0.2326923,0.0008165,0.0019705
1189,0.2320493,0.0008150,0.0019672
1190,0.2314118,0.0008135,0.0019640
1191,0.2307799,0.0008120,0.0019606
1192,0.2301537,0.0008105,0.0019573
1193,0.2295331,0.0008091,0.0019540
1194,0.2289181,0.0008076,0.0019506
1195,0.2283090,0.0008061,0.0019472
1196,0.2277056,0.0008047,0.0019438
1197,0.2271081,0.0008032,0.0019404
1198,0.2265164,0.0008018,0.0019370
1199,0.2259306,0.0008003,0.0019335
1200,0.2253507,0.0007989,0.0019301
1201,0.2247768,0.0007975,0.0019266
1202,0.2242090,0.0007960,0.0019231
1203,0.2236471,0.0007946,0.0019195
1204,0.2230914,0.0007932,0.0019160
1205,0.2225417,0.0007918,0.0019124
1206,0.2219982,0.0007904,0.0019088
1207,0.2214608,0.0007890,0.0019052
1208,0.2209297,0.0007876,0.0019016
1209,0.2204048,0.0007862,0.0018979
1210,0.2198861,0.0007848,0.0018943
1211,0.2193738,0.0007834,0.0018906
1212,0.2188677,0.0007821,0.0018869
1213,0.2183680,0.0007807,0.0018831
1214,0.2178747,0.0007793,0.0018794
1215,0.2173877,0.0007780,0.0018756
1216,0.2169072,0.0007766,0.0018719
1217,0.2164331,0.0007753,0.0018681
1218,0.2159655,0.0007740,0.0018643
1219,0.2155043,0.0007726,0.0018604
1220,0.2150496,0.0007713,0.0018566
1221,0.2146015,0.0007700,0.0018527
1222,0.2141599,0.0007687,0.0018488
1223,0.2137248,0.0007673,0.0018449
1224,0.2132963,0.0007660,0.0018410
1225,0.2128743,0.0007647,0.0018370
1226,0.2124589,0.0007634,0.0018331
1227,0.2120502,0.0007622,0.0018291
1228,0.2116480,0.0007609,0.0018251
1229,0.2112524,0.0007596,0.0018211
1230,0.2108635,0.0007583,0.0018170
1231,0.2104811,0.0007570,0.0018130
1232,0.2101054,0.0007558,0.0018089
1233,0.2097363,0.0007545,0.0018048
1234,0.2093739,0.0007533,0.0018007
1235,0.2090181,0.0007520,0.0017966
1236,0.2086688,0.0007508,0.0017924
1237,0.2083263,0.0007495,0.0017883
1238,0.2079903,0.0007483,0.0017841
1239,0.2076609,0.0007471,0.0017799
1240,0.2073382,0.0007459,0.0017757
1241,0.2070220,0.0007447,0.0017715
1242,0.2067124,0.0007434,0.0017672
1243,0.2064094,0.0007422,0.0017629
1244,0.2061130,0.0007410,0.0017587
1245,0.2058231,0.0007398,0.0017544
1246,0.2055397,0.0007386,0.0017501
1247,0.2052628,0.0007375,0.0017457
1248,0.2049924,0.0007363,0.0017414
1249,0.2047285,0.0007351,0.0017370
1250,0.2044710,0.0007339,0.0017326
1251,0.2042199,0.0007328,0.0017283
1252,0.2039752,0.0007316,0.0017238
1253,0.2037369,0.0007305,0.0017194
1254,0.2035049,0.0007293,0.0017150
1255,0.2032792,0.0007282,0.0017105
1256,0.2030598,0.0007270,0.0017061
1257,0.2028467,0.0007259,0.0017016
1258,0.2026397,0.0007248,0.0016971
1259,0.2024389,0.0007236,0.0016926
1260,0.2022443,0.0007225,0.0016880
1261,0.2020557,0.0007214,0.0016835
1262,0.2018732,0.0007203,0.0016789
1263,0.2016967,0.0007192,0.0016744
1264,0.2015261,0.0007181,0.0016698
1265,0.2013615,0.0007170,0.0016652
1266,0.2012028,0.0007159,0.0016606
1267,0.2010498,0.0007148,0.0016559
1268,0.2009027,0.0007137,0.0016513
1269,0.2007612,0.0007126,0.0016467
1270,0.2006255,0.0007116,0.0016420
1271,0.2004953,0.0007105,0.0016373
1272,0.2003707,0.0007094,0.0016326
1273,0.2002517,0.0007084,0.0016279
1274,0.2001380,0.0007073,0.0016232
1275,0.2000298,0.0007063,0.0016185
1276,0.1999269,0.0007052,0.0016137
1277,0.1998293,0.0007042,0.0016090
1278,0.1997368,0.0007031,0.0016042
1279,0.1996495,0.0007021,0.0015995
1280,0.1995673,0.0007011,0.0015947
1281,0.1994901,0.0007001,0.0015899
1282,0.1994179,0.0006990,0.0015851
1283,0.1993505,0.0006980,0.0015803
1284,0.1992879,0.0006970,0.0015754
1285,0.1992301,0.0006960,0.0015706
1286,0.1991769,0.0006950,0.0015657
1287,0.1991283,0.0006940,0.0015609
1288,0.1990842,0.0006930,0.0015560
1289,0.1990446,0.0006920,0.0015512
1290,0.1990094,0.0006910,0.0015463
1291,0.1989784,0.0006901,0.0015414
1292,0.1989517,0.0006891,0.0015365
1293,0.1989291,0.0006881,0.0015316
1294,0.1989106,0.0006872,0.0015266
1295,0.1988960,0.0006862,0.0015217
1296,0.1988854,0.0006852,0.0015168
1297,0.1988785,0.0006843,0.0015118
1298,0.1988754,0.0006833,0.0015069
1299,0.1988760,0.0006824,0.0015019
1300,0.1988801,0.0006814,0.0014970
1301,0.1988878,0.0006805,0.0014920
1302,0.1988988,0.0006796,0.0014870
1303,0.1989132,0.0006786,0.0014820
1304,0.1989308,0.0006777,0.0014771
1305,0.1989516,0.0006768,0.0014721
1306,0.1989754,0.0006759,0.0014671
1307,0.1990022,0.0006749,0.0014621
1308,0.1990319,0.0006740,0.0014570
1309,0.1990645,0.0006731,0.0014520
1310,0.1990997,0.0006722,0.0014470
1311,0.1991376,0.0006713,0.0014420
1312,0.1991780,0.0006704,0.0014369
1313,0.1992209,0.0006695,0.0014319
1314,0.1992662,0.0006686,0.0014269
1315,0.1993138,0.0006677,0.0014218
1316,0.1993635,0.0006669,0.0014168
1317,0.1994154,0.0006660,0.0014117
1318,0.1994693,0.0006651,0.0014067
1319,0.1995251,0.0006642,0.0014016
1320,0.1995827,0.0006634,0.0013966
1321,0.1996422,0.0006625,0.0013915
1322,0.1997032,0.0006616,0.0013865
1323,0.1997659,0.0006608,0.0013814
1324,0.1998301,0.0006599,0.0013763
1325,0.1998956,0.0006591,0.0013713
1326,0.1999625,0.0006582,0.0013662
1327,0.2000306,0.0006574,0.0013611
1328,0.2000999,0.0006565,0.0013561
1329,0.2001702,0.0006557,0.0013510
1330,0.2002415,0.0006549,0.0013459
1331,0.2003136,0.0006540,0.0013409
1332,0.2003866,0.0006532,0.0013358
1333,0.2004602,0.0006524,0.0013307
1334,0.2005345,0.0006516,0.0013257
1335,0.2006093,0.0006507,0.0013206
1336,0.2006846,0.0006499,0.0013155
1337,0.2007602,0.0006491,0.0013105
1338,0.2008361,0.0006483,0.0013054
1339,0.2009123,0.0006475,0.0013003
1340,0.2009885,0.0006467,0.0012953
1341,0.2010648,0.0006459,0.0012902
1342,0.2011410,0.0006451,0.0012852
1343,0.2012171,0.0006443,0.0012801
1344,0.2012930,0.0006435,0.0012751
1345,0.2013686,0.0006427,0.0012700
1346,0.2014438,0.0006419,0.0012650
1347,0.2015186,0.0006411,0.0012600
1348,0.2015928,0.0006404,0.0012549
1349,0.2016665,0.0006396,0.0012499
1350,0.2017394,0.0006388,0.0012449
1351,0.2018116,0.0006380,0.0012398
1352,0.2018830,0.0006372,0.0012348
1353,0.2019534,0.0006365,0.0012298
1354,0.2020229,0.0006357,0.0012248
1355,0.2020913,0.0006349,0.0012198
1356,0.2021586,0.0006342,0.0012148
1357,0.2022246,0.0006334,0.0012098
1358,0.2022894,0.0006327,0.0012049
1359,0.2023528,0.0006319,0.0011999
1360,0.2024148,0.0006312,0.0011949
1361,0.2024754,0.0006304,0.0011899
1362,0.2025343,0.0006297,0.0011850
1363,0.2025917,0.0006289,0.0011800
1364,0.2026473,0.0006282,0.0011751
1365,0.2027012,0.0006274,0.0011702
1366,0.2027533,0.0006267,0.0011652
1367,0.2028034,0.0006260,0.0011603
1368,0.2028517,0.0006252,0.0011554
1369,0.2028979,0.0006245,0.0011505
1370,0.2029420,0.0006238,0.0011456
1371,0.2029840,0.0006231,0.0011407
1372,0.2030238,0.0006223,0.0011359
1373,0.2030614,0.0006216,0.0011310
1374,0.2030966,0.0006209,0.0011262
1375,0.2031295,0.0006202,0.0011213
1376,0.2031599,0.0006194,0.0011165
1377,0.2031879,0.0006187,0.0011117
1378,0.2032133,0.0006180,0.0011068
1379,0.2032362,0.0006173,0.0011020
1380,0.2032563,0.0006166,0.0010972
1381,0.2032738,0.0006159,0.0010925
1382,0.2032886,0.0006152,0.0010877
1383,0.2033005,0.0006145,0.0010829
1384,0.2033097,0.0006138,0.0010782
1385,0.2033159,0.0006131,0.0010734
1386,0.2033192,0.0006124,0.0010687
1387,0.2033195,0.0006117,0.0010640
1388,0.2033167,0.0006110,0.0010593
1389,0.2033109,0.0006103,0.0010546
1390,0.2033020,0.0006096,0.0010499
1391,0.2032900,0.0006089,0.0010453
1392,0.2032747,0.0006082,0.0010406
1393,0.2032562,0.0006075,0.0010360
1394,0.2032344,0.0006069,0.0010314
1395,0.2032093,0.0006062,0.0010268
1396,0.2031808,0.0006055,0.0010222
1397,0.2031490,0.0006048,0.0010176
1398,0.2031137,0.0006041,0.0010130
1399,0.2030750,0.0006035,0.0010085
1400,0.2030328,0.0006028,0.0010039
1401,0.2029870,0.0006021,0.0009994
1402,0.2029377,0.0006014,0.0009949
1403,0.2028849,0.0006008,0.0009904
1404,0.2028284,0.0006001,0.0009859
1405,0.2027682,0.0005994,0.0009815
1406,0.2027044,0.0005988,0.0009770
1407,0.2026369,0.0005981,0.0009726
1408,0.2025657,0.0005974,0.0009682
1409,0.2024907,0.0005968,0.0009638
1410,0.2024120,0.0005961,0.0009594
1411,0.2023294,0.0005954,0.0009550
1412,0.2022431,0.0005948,0.0009507
1413,0.2021529,0.0005941,0.0009463
1414,0.2020589,0.0005935,0.0009420
1415,0.2019609,0.0005928,0.0009377
1416,0.2018591,0.0005921,0.0009334
1417,0.2017534,0.0005915,0.0009292
1418,0.2016438,0.0005908,0.0009249
1419,0.2015302,0.0005902,0.0009207
1420,0.2014127,0.0005895,0.0009165
1421,0.2012912,0.0005889,0.0009123
1422,0.2011657,0.0005882,0.0009081
1423,0.2010363,0.0005876,0.0009040
1424,0.2009028,0.0005869,0.0008998
1425,0.2007653,0.0005863,0.0008957
1426,0.2006239,0.0005857,0.0008916
1427,0.2004783,0.0005850,0.0008875
1428,0.2003288,0.0005844,0.0008835
1429,0.2001752,0.0005837,0.0008794
1430,0.2000176,0.0005831,0.0008754
1431,0.1998559,0.0005824,0.0008714
1432,0.1996902,0.0005818,0.0008674
1433,0.1995204,0.0005812,0.0008634
1434,0.1993465,0.0005805,0.0008595
1435,0.1991686,0.0005799,0.0008556
1436,0.1989867,0.0005792,0.0008517
1437,0.1988007,0.0005786,0.0008478
1438,0.1986106,0.0005780,0.0008439
1439,0.1984165,0.0005773,0.0008401
1440,0.1982183,0.0005767,0.0008363
1441,0.1980161,0.0005761,0.0008325
1442,0.1978098,0.0005754,0.0008287
1443,0.1975995,0.0005748,0.0008249
1444,0.1973852,0.0005742,0.0008212
1445,0.1971669,0.0005736,0.0008175
1446,0.1969446,0.0005729,0.0008138
1447,0.1967182,0.0005723,0.0008101
1448,0.1964879,0.0005717,0.0008065
1449,0.1962535,0.0005710,0.0008028
1450,0.1960152,0.0005704,0.0007992
1451,0.1957730,0.0005698,0.0007956
1452,0.1955268,0.0005692,0.0007921
1453,0.1952766,0.0005685,0.0007885
1454,0.1950225,0.0005679,0.0007850
1455,0.1947646,0.0005673,0.0007815
1456,0.1945027,0.0005667,0.0007781
1457,0.1942370,0.0005660,0.0007746
1458,0.1939674,0.0005654,0.0007712
1459,0.1936939,0.0005648,0.0007678
1460,0.1934167,0.0005642,0.0007644
1461,0.1931356,0.0005636,0.0007610
1462,0.1928508,0.0005629,0.0007577
1463,0.1925622,0.0005623,0.0007544
1464,0.1922698,0.0005617,0.0007511
1465,0.1919737,0.0005611,0.0007479
1466,0.1916740,0.0005605,0.0007446
1467,0.1913705,0.0005598,0.0007414
1468,0.1910634,0.0005592,0.0007382
1469,0.1907527,0.0005586,0.0007351
1470,0.1904383,0.0005580,0.0007319
1471,0.1901204,0.0005574,0.0007288
1472,0.1897989,0.0005568,0.0007257
1473,0.1894739,0.0005561,0.0007226
1474,0.1891454,0.0005555,0.0007196
1475,0.1888134,0.0005549,0.0007166
1476,0.1884780,0.0005543,0.0007136
1477,0.1881391,0.0005537,0.0007106
1478,0.1877969,0.0005531,0.0007077
1479,0.1874513,0.0005525,0.0007048
1480,0.1871024,0.0005518,0.0007019
1481,0.1867502,0.0005512,0.0006990
1482,0.1863947,0.0005506,0.0006961
1483,0.1860359,0.0005500,0.0006933
1484,0.1856740,0.0005494,0.0006905
1485,0.1853089,0.0005488,0.0006878
1486,0.1849407,0.0005482,0.0006850
1487,0.1845693,0.0005476,0.0006823
1488,0.1841949,0.0005470,0.0006796
1489,0.1838174,0.0005463,0.0006769
1490,0.1834370,0.0005457,0.0006743
1491,0.1830535,0.0005451,0.0006717
1492,0.1826672,0.0005445,0.0006691
1493,0.1822779,0.0005439,0.0006665
1494,0.1818858,0.0005433,0.0006640
1495,0.1814909,0.0005427,0.0006615
1496,0.1810932,0.0005421,0.0006590
1497,0.1806927,0.0005415,0.0006565
1498,0.1802895,0.0005409,0.0006541
1499,0.1798837,0.0005403,0.0006516
1500,0.1794752,0.0005397,0.0006493
1501,0.1790642,0.0005390,0.0006469
1502,0.1786505,0.0005384,0.0006446
1503,0.1782344,0.0005378,0.0006422
1504,0.1778158,0.0005372,0.0006400
1505,0.1773948,0.0005366,0.0006377
1506,0.1769714,0.0005360,0.0006355
1507,0.1765456,0.0005354,0.0006332
1508,0.1761175,0.0005348,0.0006311
1509,0.1756872,0.0005342,0.0006289
1510,0.1752546,0.0005336,0.0006268
1511,0.1748199,0.0005330,0.0006247
1512,0.1743830,0.0005324,0.0006226
1513,0.1739440,0.0005318,0.0006205
1514,0.1735030,0.0005312,0.0006185
1515,0.1730600,0.0005306,0.0006165
1516,0.1726150,0.0005300,0.0006145
1517,0.1721680,0.0005294,0.0006125
1518,0.1717193,0.0005288,0.0006106
1519,0.1712686,0.0005282,0.0006087
1520,0.1708162,0.0005276,0.0006068
1521,0.1703621,0.0005270,0.0006049
1522,0.1699062,0.0005264,0.0006031
1523,0.1694487,0.0005258,0.0006013
1524,0.1689896,0.0005252,0.0005995
1525,0.1685290,0.0005245,0.0005977
1526,0.1680668,0.0005239,0.0005960
1527,0.1676032,0.0005233,0.0005943
1528,0.1671381,0.0005227,0.0005926
1529,0.1666717,0.0005221,0.0005909
1530,0.1662040,0.0005215,0.0005893
1531,0.1657349,0.0005209,0.0005877
1532,0.1652647,0.0005203,0.0005861
1533,0.1647932,0.0005197,0.0005845
1534,0.1643207,0.0005191,0.0005830
1535,0.1638470,0.0005185,0.0005815
1536,0.1633723,0.0005179,0.0005800
1537,0.1628966,0.0005173,0.0005785
1538,0.1624199,0.0005167,0.0005770
1539,0.1619424,0.0005161,0.0005756
1540,0.1614640,0.0005155,0.0005742
1541,0.1609847,0.0005149,0.0005728
1542,0.1605048,0.0005143,0.0005714
1543,0.1600241,0.0005137,0.0005701
1544,0.1595428,0.0005131,0.0005688
1545,0.1590609,0.0005125,0.0005675
1546,0.1585784,0.0005119,0.0005662
1547,0.1580954,0.0005113,0.0005650
1548,0.1576119,0.0005108,0.0005637
1549,0.1571280,0.0005102,0.0005625
1550,0.1566438,0.0005096,0.0005613
1551,0.1561592,0.0005090,0.0005602
1552,0.1556744,0.0005084,0.0005590
1553,0.1551893,0.0005078,0.0005579
1554,0.1547041,0.0005072,0.0005568
1555,0.1542188,0.0005066,0.0005557
1556,0.1537334,0.0005060,0.0005547
1557,0.1532479,0.0005054,0.0005536
1558,0.1527625,0.0005048,0.0005526
1559,0.1522771,0.0005042,0.0005516
1560,0.1517919,0.0005036,0.0005506
1561,0.1513069,0.0005030,0.0005496
1562,0.1508220,0.0005024,0.0005487
1563,0.1503374,0.0005018,0.0005478
1564,0.1498532,0.0005012,0.0005469
1565,0.1493693,0.0005006,0.0005460
1566,0.1488858,0.0005000,0.0005451
1567,0.1484028,0.0004994,0.0005443
1568,0.1479202,0.0004988,0.0005434
1569,0.1474383,0.0004982,0.0005426
1570,0.1469569,0.0004976,0.0005418
1571,0.1464762,0.0004970,0.0005410
1572,0.1459962,0.0004965,0.0005403
1573,0.1455169,0.0004959,0.0005395
1574,0.1450384,0.0004953,0.0005388
1575,0.1445608,0.0004947,0.0005381
1576,0.1440841,0.0004941,0.0005374
1577,0.1436082,0.0004935,0.0005368
1578,0.1431334,0.0004929,0.0005361
1579,0.1426596,0.0004923,0.0005355
1580,0.1421869,0.0004917,0.0005348
1581,0.1417152,0.0004911,0.0005342
1582,0.1412448,0.0004905,0.0005336
1583,0.1407755,0.0004899,0.0005330
1584,0.1403076,0.0004893,0.0005325
1585,0.1398409,0.0004888,0.0005319
1586,0.1393755,0.0004882,0.0005314
1587,0.1389116,0.0004876,0.0005309
1588,0.1384491,0.0004870,0.0005304
1589,0.1379880,0.0004864,0.0005299
1590,0.1375285,0.0004858,0.0005294
1591,0.1370706,0.0004852,0.0005290
1592,0.1366143,0.0004846,0.0005285
1593,0.1361596,0.0004840,0.0005281
1594,0.1357066,0.0004835,0.0005277
1595,0.1352554,0.0004829,0.0005273
1596,0.1348059,0.0004823,0.0005269
1597,0.1343583,0.0004817,0.0005265
1598,0.1339125,0.0004811,0.0005261
1599,0.1334686,0.0004805,0.0005258
1600,0.1330267,0.0004799,0.0005254
1601,0.1325867,0.0004793,0.0005251
1602,0.1321488,0.0004788,0.0005248
1603,0.1317130,0.0004782,0.0005245
1604,0.1312792,0.0004776,0.0005242
1605,0.1308476,0.0004770,0.0005239
1606,0.1304182,0.0004764,0.0005236
1607,0.1299910,0.0004758,0.0005234
1608,0.1295661,0.0004752,0.0005231
1609,0.1291435,0.0004747,0.0005229
1610,0.1287232,0.0004741,0.0005227
1611,0.1283052,0.0004735,0.0005224
1612,0.1278897,0.0004729,0.0005222
1613,0.1274766,0.0004723,0.0005220
1614,0.1270659,0.0004717,0.0005218
1615,0.1266578,0.0004712,0.0005217
1616,0.1262523,0.0004706,0.0005215
1617,0.1258493,0.0004700,0.0005214
1618,0.1254489,0.0004694,0.0005212
1619,0.1250511,0.0004688,0.0005211
1620,0.1246560,0.0004682,0.0005209
1621,0.1242636,0.0004677,0.0005208
1622,0.1238740,0.0004671,0.0005207
1623,0.1234871,0.0004665,0.0005206
1624,0.1231030,0.0004659,0.0005205
1625,0.1227217,0.0004653,0.0005204
1626,0.1223433,0.0004648,0.0005204
1627,0.1219678,0.0004642,0.0005203
1628,0.1215951,0.0004636,0.0005202
1629,0.1212254,0.0004630,0.0005202
1630,0.1208586,0.0004625,0.0005201
1631,0.1204949,0.0004619,0.0005201
1632,0.1201341,0.0004613,0.0005201
1633,0.1197763,0.0004607,0.0005200
1634,0.1194216,0.0004602,0.0005200
1635,0.1190700,0.0004596,0.0005200
1636,0.1187215,0.0004590,0.0005200
1637,0.1183761,0.0004584,0.0005200
1638,0.1180338,0.0004579,0.0005200
1639,0.1176947,0.0004573,0.0005201
1640,0.1173587,0.0004567,0.0005201
1641,0.1170260,0.0004561,0.0005201
1642,0.1166964,0.0004556,0.0005201
1643,0.1163701,0.0004550,0.0005202
1644,0.1160471,0.0004544,0.0005202
1645,0.1157272,0.0004538,0.0005203
1646,0.1154107,0.0004533,0.0005204
1647,0.1150975,0.0004527,0.0005204
1648,0.1147875,0.0004521,0.0005205
1649,0.1144809,0.0004516,0.0005206
1650,0.1141775,0.0004510,0.0005207
1651,0.1138775,0.0004504,0.0005207
1652,0.1135809,0.0004499,0.0005208
1653,0.1132876,0.0004493,0.0005209
1654,0.1129977,0.0004487,0.0005210
1655,0.1127111,0.0004482,0.0005211
1656,0.1124279,0.0004476,0.0005213
1657,0.1121481,0.0004470,0.0005214
1658,0.1118717,0.0004465,0.0005215
1659,0.1115987,0.0004459,0.0005216
1660,0.1113291,0.0004453,0.0005218
1661,0.1110628,0.0004448,0.0005219
1662,0.1108000,0.0004442,0.0005220
1663,0.1105405,0.0004436,0.0005222
1664,0.1102845,0.0004431,0.0005223
1665,0.1100319,0.0004425,0.0005225
1666,0.1097826,0.0004419,0.0005226
1667,0.1095368,0.0004414,0.0005228
1668,0.1092943,0.0004408,0.0005229
1669,0.1090553,0.0004403,0.0005231
1670,0.1088196,0.0004397,0.0005233
1671,0.1085873,0.0004391,0.0005235
1672,0.1083584,0.0004386,0.0005236
1673,0.1081328,0.0004380,0.0005238
1674,0.1079106,0.0004375,0.0005240
1675,0.1076918,0.0004369,0.0005242
1676,0.1074763,0.0004363,0.0005244
1677,0.1072641,0.0004358,0.0005245
1678,0.1070553,0.0004352,0.0005247
1679,0.1068498,0.0004347,0.0005249
1680,0.1066476,0.0004341,0.0005251
1681,0.1064486,0.0004336,0.0005253
1682,0.1062529,0.0004330,0.0005255
1683,0.1060605,0.0004325,0.0005257
1684,0.1058714,0.0004319,0.0005260
1685,0.1056854,0.0004313,0.0005262
1686,0.1055027,0.0004308,0.0005264
1687,0.1053232,0.0004302,0.0005266
1688,0.1051468,0.0004297,0.0005268
1689,0.1049736,0.0004291,0.0005270
1690,0.1048036,0.0004286,0.0005272
1691,0.1046366,0.0004280,0.0005275
1692,0.1044728,0.0004275,0.0005277
1693,0.1043120,0.0004269,0.0005279
1694,0.1041543,0.0004264,0.0005281
1695,0.1039997,0.0004258,0.0005284
1696,0.1038480,0.0004253,0.0005286
1697,0.1036994,0.0004248,0.0005288
1698,0.1035537,0.0004242,0.0005291
1699,0.1034109,0.0004237,0.0005293
1700,0.1032711,0.0004231,0.0005295
1701,0.1031341,0.0004226,0.0005298
1702,0.1030001,0.0004220,0.0005300
1703,0.1028688,0.0004215,0.0005303
1704,0.1027404,0.0004209,0.0005305
1705,0.1026148,0.0004204,0.0005307
1706,0.1024919,0.0004199,0.0005310
1707,0.1023717,0.0004193,0.0005312
1708,0.1022542,0.0004188,0.0005315
1709,0.1021395,0.0004182,0.0005317
1710,0.1020273,0.0004177,0.0005319
1711,0.1019178,0.0004172,0.0005322
1712,0.1018108,0.0004166,0.0005324
1713,0.1017064,0.0004161,0.0005327
1714,0.1016045,0.0004156,0.0005329
1715,0.1015051,0.0004150,0.0005332
1716,0.1014081,0.0004145,0.0005334
1717,0.1013136,0.0004140,0.0005337
1718,0.1012215,0.0004134,0.0005339
1719,0.1011317,0.0004129,0.0005342
1720,0.1010443,0.0004124,0.0005344
1721,0.1009591,0.0004118,0.0005346
1722,0.1008762,0.0004113,0.0005349
1723,0.1007955,0.0004108,0.0005351
1724,0.1007170,0.0004102,0.0005354
1725,0.1006407,0.0004097,0.0005356
1726,0.1005665,0.0004092,0.0005359
1727,0.1004944,0.0004086,0.0005361
1728,0.1004244,0.0004081,0.0005364
1729,0.1003563,0.0004076,0.0005366
1730,0.1002903,0.0004071,0.0005368
1731,0.1002262,0.0004065,0.0005371
1732,0.1001640,0.0004060,0.0005373
1733,0.1001037,0.0004055,0.0005376
1734,0.1000453,0.0004050,0.0005378
1735,0.0999886,0.0004044,0.0005380
1736,0.0999338,0.0004039,0.0005383
1737,0.0998807,0.0004034,0.0005385
1738,0.0998293,0.0004029,0.0005388
1739,0.0997795,0.0004024,0.0005390
1740,0.0997314,0.0004018,0.0005392
1741,0.0996850,0.0004013,0.0005395
1742,0.0996400,0.0004008,0.0005397
1743,0.0995966,0.0004003,0.0005399
1744,0.0995547,0.0003998,0.0005401
1745,0.0995143,0.0003992,0.0005404
1746,0.0994753,0.0003987,0.0005406
1747,0.0994377,0.0003982,0.0005408
1748,0.0994014,0.0003977,0.0005410
1749,0.0993665,0.0003972,0.0005412
1750,0.0993329,0.0003967,0.0005415
1751,0.0993005,0.0003962,0.0005417
1752,0.0992694,0.0003956,0.0005419
1753,0.0992394,0.0003951,0.0005421
1754,0.0992106,0.0003946,0.0005423
1755,0.0991829,0.0003941,0.0005425
1756,0.0991563,0.0003936,0.0005427
1757,0.0991308,0.0003931,0.0005429
1758,0.0991062,0.0003926,0.0005431
1759,0.0990827,0.0003921,0.0005433
1760,0.0990601,0.0003916,0.0005435
1761,0.0990385,0.0003911,0.0005437
1762,0.0990178,0.0003906,0.0005439
1763,0.0989979,0.0003901,0.0005441
1764,0.0989788,0.0003896,0.0005443
1765,0.0989606,0.0003891,0.0005444
1766,0.0989431,0.0003886,0.0005446
1767,0.0989263,0.0003881,0.0005448
1768,0.0989103,0.0003876,0.0005450
1769,0.0988949,0.0003871,0.0005451
1770,0.0988802,0.0003866,0.0005453
1771,0.0988661,0.0003861,0.0005455
1772,0.0988526,0.0003856,0.0005456
1773,0.0988397,0.0003851,0.0005458
1774,0.0988273,0.0003846,0.0005459
1775,0.0988154,0.0003841,0.0005461
1776,0.0988039,0.0003836,0.0005462
1777,0.0987929,0.0003831,0.0005464
1778,0.0987824,0.0003826,0.0005465
1779,0.0987722,0.0003821,0.0005467
1780,0.0987624,0.0003816,0.0005468
1781,0.0987529,0.0003811,0.0005469
1782,0.0987438,0.0003806,0.0005470
1783,0.0987349,0.0003801,0.0005472
1784,0.0987263,0.0003797,0.0005473
1785,0.0987180,0.0003792,0.0005474
1786,0.0987098,0.0003787,0.0005475
1787,0.0987019,0.0003782,0.0005476
1788,0.0986941,0.0003777,0.0005477
1789,0.0986864,0.0003772,0.0005478
1790,0.0986789,0.0003767,0.0005479
1791,0.0986715,0.0003763,0.0005480
1792,0.0986641,0.0003758,0.0005481
1793,0.0986568,0.0003753,0.0005481
1794,0.0986495,0.0003748,0.0005482
1795,0.0986423,0.0003743,0.0005483
1796,0.0986350,0.0003738,0.0005484
1797,0.0986277,0.0003734,0.0005484
1798,0.0986203,0.0003729,0.0005485
1799,0.0986129,0.0003724,0.0005485
1800,0.0986054,0.0003719,0.0005486
1801,0.0985977,0.0003715,0.0005486
1802,0.0985899,0.0003710,0.0005486
1803,0.0985820,0.0003705,0.0005487
1804,0.0985739,0.0003700,0.0005487
1805,0.0985656,0.0003696,0.0005487
1806,0.0985572,0.0003691,0.0005487
1807,0.0985485,0.0003686,0.0005487
1808,0.0985395,0.0003682,0.0005488
1809,0.0985303,0.0003677,0.0005488
1810,0.0985209,0.0003672,0.0005487
1811,0.0985112,0.0003668,0.0005487
1812,0.0985011,0.0003663,0.0005487
1813,0.0984908,0.0003658,0.0005487
1814,0.0984801,0.0003654,0.0005487
1815,0.0984691,0.0003649,0.0005486
1816,0.0984577,0.0003644,0.0005486
1817,0.0984460,0.0003640,0.0005486
1818,0.0984338,0.0003635,0.0005485
1819,0.0984213,0.0003630,0.0005485
1820,0.0984084,0.0003626,0.0005484
1821,0.0983951,0.0003621,0.0005483
1822,0.0983813,0.0003617,0.0005482
1823,0.0983671,0.0003612,0.0005482
1824,0.0983524,0.0003607,0.0005481
1825,0.0983373,0.0003603,0.0005480
1826,0.0983217,0.0003598,0.0005479
1827,0.0983056,0.0003594,0.0005478
1828,0.0982890,0.0003589,0.0005477
1829,0.0982720,0.0003585,0.0005476
1830,0.0982544,0.0003580,0.0005474
1831,0.0982363,0.0003576,0.0005473
1832,0.0982177,0.0003571,0.0005472
1833,0.0981985,0.0003567,0.0005470
1834,0.0981788,0.0003562,0.0005469
1835,0.0981586,0.0003558,0.0005467
1836,0.0981378,0.0003553,0.0005466
1837,0.0981164,0.0003549,0.0005464
1838,0.0980945,0.0003544,0.0005462
1839,0.0980720,0.0003540,0.0005460
1840,0.0980489,0.0003535,0.0005459
1841,0.0980252,0.0003531,0.0005457
1842,0.0980010,0.0003526,0.0005455
1843,0.0979761,0.0003522,0.0005453
1844,0.0979507,0.0003518,0.0005450
1845,0.0979246,0.0003513,0.0005448
1846,0.0978980,0.0003509,0.0005446
1847,0.0978707,0.0003504,0.0005444
1848,0.0978429,0.0003500,0.0005441
1849,0.0978144,0.0003496,0.0005439
1850,0.0977853,0.0003491,0.0005436
1851,0.0977556,0.0003487,0.0005433
1852,0.0977252,0.0003483,0.0005431
1853,0.0976943,0.0003478,0.0005428
1854,0.0976627,0.0003474,0.0005425
1855,0.0976305,0.0003470,0.0005422
1856,0.0975976,0.0003465,0.0005419
1857,0.0975642,0.0003461,0.0005416
1858,0.0975301,0.0003457,0.0005413
1859,0.0974953,0.0003452,0.0005410
1860,0.0974600,0.0003448,0.0005407
1861,0.0974240,0.0003444,0.0005403
1862,0.0973874,0.0003440,0.0005400
1863,0.0973502,0.0003435,0.0005396
1864,0.0973124,0.0003431,0.0005393
1865,0.0972739,0.0003427,0.0005389
1866,0.0972348,0.0003423,0.0005386
1867,0.0971951,0.0003418,0.0005382
1868,0.0971548,0.0003414,0.0005378
1869,0.0971139,0.0003410,0.0005374
1870,0.0970723,0.0003406,0.0005370
1871,0.0970302,0.0003401,0.0005366
1872,0.0969874,0.0003397,0.0005362
1873,0.0969441,0.0003393,0.0005358
1874,0.0969001,0.0003389,0.0005353
1875,0.0968556,0.0003385,0.0005349
1876,0.0968104,0.0003381,0.0005345
1877,0.0967647,0.0003376,0.0005340
1878,0.0967184,0.0003372,0.0005336
1879,0.0966715,0.0003368,0.0005331
1880,0.0966241,0.0003364,0.0005326
1881,0.0965760,0.0003360,0.0005321
1882,0.0965274,0.0003356,0.0005317
1883,0.0964783,0.0003352,0.0005312
1884,0.0964286,0.0003348,0.0005307
1885,0.0963783,0.0003344,0.0005302
1886,0.0963275,0.0003340,0.0005296
1887,0.0962762,0.0003335,0.0005291
1888,0.0962243,0.0003331,0.0005286
1889,0.0961720,0.0003327,0.0005281
1890,0.0961191,0.0003323,0.0005275
1891,0.0960656,0.0003319,0.0005270
1892,0.0960117,0.0003315,0.0005264
1893,0.0959573,0.0003311,0.0005258
1894,0.0959024,0.0003307,0.0005253
1895,0.0958470,0.0003303,0.0005247
1896,0.0957911,0.0003299,0.0005241
1897,0.0957348,0.0003295,0.0005235
1898,0.0956780,0.0003291,0.0005229
1899,0.0956208,0.0003287,0.0005223
1900,0.0955630,0.0003283,0.0005217
1901,0.0955049,0.0003279,0.0005211
1902,0.0954463,0.0003276,0.0005204
1903,0.0953873,0.0003272,0.0005198
1904,0.0953279,0.0003268,0.0005192
1905,0.0952681,0.0003264,0.0005185
1906,0.0952079,0.0003260,0.0005178
1907,0.0951473,0.0003256,0.0005172
1908,0.0950863,0.0003252,0.0005165
1909,0.0950249,0.0003248,0.0005158
1910,0.0949632,0.0003244,0.0005152
1911,0.0949011,0.0003240,0.0005145
1912,0.0948386,0.0003237,0.0005138
1913,0.0947759,0.0003233,0.0005131
1914,0.0947127,0.0003229,0.0005124
1915,0.0946493,0.0003225,0.0005116
1916,0.0945856,0.0003221,0.0005109
1917,0.0945215,0.0003217,0.0005102
1918,0.0944572,0.0003214,0.0005094
1919,0.0943925,0.0003210,0.0005087
1920,0.0943276,0.0003206,0.0005080
1921,0.0942624,0.0003202,0.0005072
1922,0.0941970,0.0003198,0.0005064
1923,0.0941313,0.0003195,0.0005057
1924,0.0940653,0.0003191,0.0005049
1925,0.0939992,0.0003187,0.0005041
1926,0.0939328,0.0003183,0.0005033
1927,0.0938662,0.0003180,0.0005025
1928,0.0937994,0.0003176,0.0005017
1929,0.0937324,0.0003172,0.0005009
1930,0.0936652,0.0003168,0.0005001
1931,0.0935978,0.0003165,0.0004993
1932,0.0935303,0.0003161,0.0004985
1933,0.0934626,0.0003157,0.0004977
1934,0.0933947,0.0003154,0.0004968
1935,0.0933268,0.0003150,0.0004960
1936,0.0932586,0.0003146,0.0004952
1937,0.0931904,0.0003143,0.0004943
1938,0.0931221,0.0003139,0.0004935
1939,0.0930536,0.0003135,0.0004926
1940,0.0929850,0.0003132,0.0004917
1941,0.0929164,0.0003128,0.0004909
1942,0.0928477,0.0003124,0.0004900
1943,0.0927789,0.0003121,0.0004891
1944,0.0927101,0.0003117,0.0004882
1945,0.0926412,0.0003114,0.0004873
1946,0.0925722,0.0003110,0.0004864
1947,0.0925033,0.0003106,0.0004855
1948,0.0924343,0.0003103,0.0004846
1949,0.0923652,0.0003099,0.0004837
1950,0.0922962,0.0003096,0.0004828
1951,0.0922272,0.0003092,0.0004819
1952,0.0921582,0.0003089,0.0004810
1953,0.0920892,0.0003085,0.0004800
1954,0.0920202,0.0003082,0.0004791
1955,0.0919512,0.0003078,0.0004782
1956,0.0918823,0.0003075,0.0004772
1957,0.0918135,0.0003071,0.0004763
1958,0.0917447,0.0003068,0.0004753
1959,0.0916759,0.0003064,0.0004744
1960,0.0916072,0.0003061,0.0004734
1961,0.0915386,0.0003057,0.0004725
1962,0.0914701,0.0003054,0.0004715
1963,0.0914017,0.0003050,0.0004705
1964,0.0913334,0.0003047,0.0004696
1965,0.0912652,0.0003043,0.0004686
1966,0.0911971,0.0003040,0.0004676
1967,0.0911291,0.0003036,0.0004666
1968,0.0910612,0.0003033,0.0004657
1969,0.0909935,0.0003030,0.0004647
1970,0.0909259,0.0003026,0.0004637
1971,0.0908585,0.0003023,0.0004627
1972,0.0907912,0.0003019,0.0004617
1973,0.0907241,0.0003016,0.0004607
1974,0.0906571,0.0003013,0.0004597
1975,0.0905903,0.0003009,0.0004587
1976,0.0905237,0.0003006,0.0004577
1977,0.0904573,0.0003003,0.0004567
1978,0.0903910,0.0002999,0.0004557
1979,0.0903249,0.0002996,0.0004547
1980,0.0902591,0.0002992,0.0004536
1981,0.0901934,0.0002989,0.0004526
1982,0.0901279,0.0002986,0.0004516
1983,0.0900627,0.0002983,0.0004506
1984,0.0899976,0.0002979,0.0004496
1985,0.0899328,0.0002976,0.0004485
1986,0.0898682,0.0002973,0.0004475
1987,0.0898038,0.0002969,0.0004465
1988,0.0897397,0.0002966,0.0004455
1989,0.0896758,0.0002963,0.0004444
1990,0.0896121,0.0002960,0.0004434
1991,0.0895487,0.0002956,0.0004424
1992,0.0894855,0.0002953,0.0004413
1993,0.0894225,0.0002950,0.0004403
1994,0.0893598,0.0002947,0.0004393
1995,0.0892974,0.0002943,0.0004382
1996,0.0892352,0.0002940,0.0004372
1997,0.0891733,0.0002937,0.0004362
1998,0.0891116,0.0002934,0.0004351
1999,0.0890502,0.0002930,0.0004341
2000,0.0889891,0.0002927,0.0004330
2001,0.0889282,0.0002924,0.0004320
2002,0.0888676,0.0002921,0.0004310
2003,0.0888073,0.0002918,0.0004299
2004,0.0887472,0.0002915,0.0004289
2005,0.0886875,0.0002911,0.0004279
2006,0.0886279,0.0002908,0.0004268
2007,0.0885687,0.0002905,0.0004258
2008,0.0885097,0.0002902,0.0004247
2009,0.0884510,0.0002899,0.0004237
2010,0.0883926,0.0002896,0.0004227
2011,0.0883345,0.0002893,0.0004216
2012,0.0882766,0.0002889,0.0004206
2013,0.0882190,0.0002886,0.0004196
2014,0.0881617,0.0002883,0.0004185
2015,0.0881047,0.0002880,0.0004175
2016,0.0880479,0.0002877,0.0004165
2017,0.0879915,0.0002874,0.0004154
2018,0.0879352,0.0002871,0.0004144
2019,0.0878793,0.0002868,0.0004134
2020,0.0878236,0.0002865,0.0004124
2021,0.0877683,0.0002862,0.0004113
2022,0.0877131,0.0002859,0.0004103
2023,0.0876583,0.0002856,0.0004093
2024,0.0876037,0.0002853,0.0004083
2025,0.0875494,0.0002850,0.0004073
2026,0.0874953,0.0002847,0.0004063
2027,0.0874415,0.0002844,0.0004053
2028,0.0873880,0.0002841,0.0004042
2029,0.0873347,0.0002838,0.0004032
2030,0.0872817,0.0002835,0.0004022
2031,0.0872290,0.0002832,0.0004012
2032,0.0871764,0.0002829,0.0004002
2033,0.0871242,0.0002826,0.0003992
2034,0.0870722,0.0002823,0.0003983
2035,0.0870204,0.0002820,0.0003973
2036,0.0869688,0.0002817,0.0003963
2037,0.0869175,0.0002814,0.0003953
2038,0.0868665,0.0002811,0.0003943
2039,0.0868156,0.0002808,0.0003933
2040,0.0867650,0.0002805,0.0003924
2041,0.0867146,0.0002802,0.0003914
2042,0.0866644,0.0002799,0.0003904
2043,0.0866145,0.0002796,0.0003895
2044,0.0865647,0.0002793,0.0003885
2045,0.0865152,0.0002790,0.0003876
2046,0.0864659,0.0002787,0.0003866
2047,0.0864167,0.0002785,0.0003857
2048,0.0863678,0.0002782,0.0003847
2049,0.0863191,0.0002779,0.0003838
2050,0.0862705,0.0002776,0.0003828
2051,0.0862221,0.0002773,0.0003819
2052,0.0861740,0.0002770,0.0003810
2053,0.0861259,0.0002767,0.0003801
2054,0.0860781,0.0002764,0.0003791
2055,0.0860304,0.0002762,0.0003782
2056,0.0859829,0.0002759,0.0003773
2057,0.0859355,0.0002756,0.0003764
2058,0.0858883,0.0002753,0.0003755
2059,0.0858412,0.0002750,0.0003746
2060,0.0857943,0.0002747,0.0003737
2061,0.0857475,0.0002745,0.0003728
2062,0.0857009,0.0002742,0.0003720
2063,0.0856544,0.0002739,0.0003711
2064,0.0856079,0.0002736,0.0003702
2065,0.0855617,0.0002733,0.0003694
2066,0.0855155,0.0002731,0.0003685
2067,0.0854694,0.0002728,0.0003676
2068,0.0854235,0.0002725,0.0003668
2069,0.0853776,0.0002722,0.0003659
2070,0.0853318,0.0002720,0.0003651
2071,0.0852861,0.0002717,0.0003643
2072,0.0852405,0.0002714,0.0003634
2073,0.0851950,0.0002711,0.0003626
2074,0.0851495,0.0002709,0.0003618
2075,0.0851041,0.0002706,0.0003610
2076,0.0850588,0.0002703,0.0003602
2077,0.0850135,0.0002700,0.0003594
2078,0.0849683,0.0002698,0.0003586
2079,0.0849231,0.0002695,0.0003578
2080,0.0848779,0.0002692,0.0003570
2081,0.0848328,0.0002690,0.0003562
2082,0.0847878,0.0002687,0.0003555
2083,0.0847427,0.0002684,0.0003547
2084,0.0846977,0.0002681,0.0003539
2085,0.0846526,0.0002679,0.0003532
2086,0.0846076,0.0002676,0.0003524
2087,0.0845626,0.0002673,0.0003517
2088,0.0845176,0.0002671,0.0003510
2089,0.0844726,0.0002668,0.0003502
2090,0.0844276,0.0002665,0.0003495
2091,0.0843825,0.0002663,0.0003488
2092,0.0843375,0.0002660,0.0003481
2093,0.0842924,0.0002657,0.0003474
2094,0.0842473,0.0002655,0.0003467
2095,0.0842021,0.0002652,0.0003460
2096,0.0841569,0.0002650,0.0003453
2097,0.0841117,0.0002647,0.0003446
2098,0.0840664,0.0002644,0.0003439
2099,0.0840211,0.0002642,0.0003433
2100,0.0839757,0.0002639,0.0003426
2101,0.0839302,0.0002637,0.0003419
2102,0.0838847,0.0002634,0.0003413
2103,0.0838391,0.0002631,0.0003406
2104,0.0837935,0.0002629,0.0003400
2105,0.0837477,0.0002626,0.0003394
2106,0.0837019,0.0002624,0.0003387
2107,0.0836560,0.0002621,0.0003381
2108,0.0836100,0.0002618,0.0003375
2109,0.0835638,0.0002616,0.0003369
2110,0.0835176,0.0002613,0.0003363
2111,0.0834713,0.0002611,0.0003357
2112,0.0834249,0.0002608,0.0003351
2113,0.0833784,0.0002606,0.0003345
2114,0.0833318,0.0002603,0.0003339
2115,0.0832850,0.0002601,0.0003334
2116,0.0832381,0.0002598,0.0003328
2117,0.0831911,0.0002596,0.0003322
2118,0.0831440,0.0002593,0.0003317
2119,0.0830967,0.0002590,0.0003311
2120,0.0830493,0.0002588,0.0003306
2121,0.0830018,0.0002585,0.0003300
2122,0.0829541,0.0002583,0.0003295
2123,0.0829063,0.0002580,0.0003290
2124,0.0828584,0.0002578,0.0003285
2125,0.0828103,0.0002575,0.0003280
2126,0.0827620,0.0002573,0.0003274
2127,0.0827136,0.0002571,0.0003269
2128,0.0826650,0.0002568,0.0003264
2129,0.0826163,0.0002566,0.0003260
2130,0.0825674,0.0002563,0.0003255
2131,0.0825184,0.0002561,0.0003250
2132,0.0824692,0.0002558,0.0003245
2133,0.0824198,0.0002556,0.0003240
2134,0.0823703,0.0002553,0.0003236
2135,0.0823205,0.0002551,0.0003231
2136,0.0822707,0.0002548,0.0003227
2137,0.0822206,0.0002546,0.0003222
2138,0.0821704,0.0002544,0.0003218
2139,0.0821200,0.0002541,0.0003213
2140,0.0820694,0.0002539,0.0003209
2141,0.0820187,0.0002536,0.0003205
2142,0.0819677,0.0002534,0.0003200
2143,0.0819166,0.0002531,0.0003196
2144,0.0818653,0.0002529,0.0003192
2145,0.0818138,0.0002527,0.0003188
2146,0.0817622,0.0002524,0.0003184
2147,0.0817103,0.0002522,0.0003180
2148,0.0816583,0.0002519,0.0003176
2149,0.0816061,0.0002517,0.0003172
2150,0.0815537,0.0002515,0.0003168
2151,0.0815012,0.0002512,0.0003164
2152,0.0814484,0.0002510,0.0003161
2153,0.0813955,0.0002508,0.0003157
2154,0.0813424,0.0002505,0.0003153
2155,0.0812891,0.0002503,0.0003150
2156,0.0812356,0.0002500,0.0003146
2157,0.0811819,0.0002498,0.0003142
2158,0.0811280,0.0002496,0.0003139
2159,0.0810740,0.0002493,0.0003136
2160,0.0810198,0.0002491,0.0003132
2161,0.0809654,0.0002489,0.0003129
2162,0.0809108,0.0002486,0.0003125
2163,0.0808561,0.0002484,0.0003122
2164,0.0808012,0.0002482,0.0003119
2165,0.0807461,0.0002480,0.0003116
2166,0.0806908,0.0002477,0.0003112
2167,0.0806353,0.0002475,0.0003109
2168,0.0805797,0.0002473,0.0003106
2169,0.0805239,0.0002470,0.0003103
2170,0.0804680,0.0002468,0.0003100
2171,0.0804118,0.0002466,0.0003097
2172,0.0803555,0.0002463,0.0003094
2173,0.0802991,0.0002461,0.0003091
2174,0.0802425,0.0002459,0.0003088
2175,0.0801857,0.0002457,0.0003085
2176,0.0801288,0.0002454,0.0003082
2177,0.0800717,0.0002452,0.0003079
2178,0.0800144,0.0002450,0.0003077
2179,0.0799570,0.0002448,0.0003074
2180,0.0798995,0.0002445,0.0003071
2181,0.0798418,0.0002443,0.0003068
2182,0.0797840,0.0002441,0.0003066
2183,0.0797260,0.0002439,0.0003063
2184,0.0796679,0.0002436,0.0003060
2185,0.0796096,0.0002434,0.0003058
2186,0.0795512,0.0002432,0.0003055
2187,0.0794927,0.0002430,0.0003052
2188,0.0794341,0.0002427,0.0003050
2189,0.0793753,0.0002425,0.0003047
2190,0.0793164,0.0002423,0.0003045
2191,0.0792574,0.0002421,0.0003042
2192,0.0791983,0.0002419,0.0003040
2193,0.0791391,0.0002416,0.0003037
2194,0.0790798,0.0002414,0.0003035
2195,0.0790203,0.0002412,0.0003033
2196,0.0789608,0.0002410,0.0003030
2197,0.0789011,0.0002408,0.0003028
2198,0.0788414,0.0002406,0.0003025
2199,0.0787816,0.0002403,0.0003023
2200,0.0787217,0.0002401,0.0003021
2201,0.0786617,0.0002399,0.0003018
2202,0.0786016,0.0002397,0.0003016
2203,0.0785414,0.0002395,0.0003014
2204,0.0784812,0.0002393,0.0003012
2205,0.0784209,0.0002390,0.0003009
2206,0.0783606,0.0002388,0.0003007
2207,0.0783001,0.0002386,0.0003005
2208,0.0782397,0.0002384,0.0003003
2209,0.0781791,0.0002382,0.0003000
2210,0.0781186,0.0002380,0.0002998
2211,0.0780580,0.0002378,0.0002996
2212,0.0779973,0.0002376,0.0002994
2213,0.0779366,0.0002373,0.0002992
2214,0.0778759,0.0002371,0.0002990
2215,0.0778151,0.0002369,0.0002987
2216,0.0777543,0.0002367,0.0002985
2217,0.0776935,0.0002365,0.0002983
2218,0.0776327,0.0002363,0.0002981
2219,0.0775719,0.0002361,0.0002979
2220,0.0775111,0.0002359,0.0002977
2221,0.0774502,0.0002357,0.0002975
2222,0.0773894,0.0002355,0.0002973
2223,0.0773286,0.0002353,0.0002970
2224,0.0772677,0.0002350,0.0002968
2225,0.0772069,0.0002348,0.0002966
2226,0.0771462,0.0002346,0.0002964
2227,0.0770854,0.0002344,0.0002962
2228,0.0770247,0.0002342,0.0002960
2229,0.0769640,0.0002340,0.0002958
2230,0.0769033,0.0002338,0.0002956
2231,0.0768427,0.0002336,0.0002954
2232,0.0767821,0.0002334,0.0002952
2233,0.0767216,0.0002332,0.0002950
2234,0.0766611,0.0002330,0.0002947
2235,0.0766007,0.0002328,0.0002945
2236,0.0765404,0.0002326,0.0002943
2237,0.0764801,0.0002324,0.0002941
2238,0.0764199,0.0002322,0.0002939
2239,0.0763598,0.0002320,0.0002937
2240,0.0762997,0.0002318,0.0002935
2241,0.0762398,0.0002316,0.0002933
2242,0.0761799,0.0002314,0.0002931
2243,0.0761201,0.0002312,0.0002929
2244,0.0760604,0.0002310,0.0002927
2245,0.0760008,0.0002308,0.0002925
2246,0.0759414,0.0002306,0.0002922
2247,0.0758820,0.0002304,0.0002920
2248,0.0758228,0.0002302,0.0002918
2249,0.0757636,0.0002300,0.0002916
2250,0.0757046,0.0002298,0.0002914
2251,0.0756458,0.0002296,0.0002912
2252,0.0755870,0.0002294,0.0002910
2253,0.0755284,0.0002293,0.0002908
2254,0.0754700,0.0002291,0.0002906
2255,0.0754116,0.0002289,0.0002903
2256,0.0753535,0.0002287,0.0002901
2257,0.0752955,0.0002285,0.0002899
2258,0.0752376,0.0002283,0.0002897
2259,0.0751799,0.0002281,0.0002895
2260,0.0751223,0.0002279,0.0002893
2261,0.0750650,0.0002277,0.0002891
2262,0.0750078,0.0002275,0.0002888
2263,0.0749508,0.0002273,0.0002886
2264,0.0748939,0.0002271,0.0002884
2265,0.0748373,0.0002270,0.0002882
2266,0.0747808,0.0002268,0.0002880
2267,0.0747245,0.0002266,0.0002878
2268,0.0746684,0.0002264,0.0002875
2269,0.0746125,0.0002262,0.0002873
2270,0.0745568,0.0002260,0.0002871
2271,0.0745013,0.0002258,0.0002869
2272,0.0744461,0.0002257,0.0002866
2273,0.0743910,0.0002255,0.0002864
2274,0.0743361,0.0002253,0.0002862
2275,0.0742815,0.0002251,0.0002860
2276,0.0742271,0.0002249,0.0002857
2277,0.0741729,0.0002247,0.0002855
2278,0.0741189,0.0002246,0.0002853
2279,0.0740652,0.0002244,0.0002851
2280,0.0740117,0.0002242,0.0002848
2281,0.0739584,0.0002240,0.0002846
2282,0.0739054,0.0002238,0.0002844
2283,0.0738526,0.0002237,0.0002841
2284,0.0738001,0.0002235,0.0002839
2285,0.0737478,0.0002233,0.0002837
2286,0.0736957,0.0002231,0.0002834
2287,0.0736439,0.0002229,0.0002832
2288,0.0735924,0.0002228,0.0002830
2289,0.0735411,0.0002226,0.0002827
2290,0.0734901,0.0002224,0.0002825
2291,0.0734393,0.0002222,0.0002823
2292,0.0733888,0.0002221,0.0002820
2293,0.0733386,0.0002219,0.0002818
2294,0.0732887,0.0002217,0.0002816
2295,0.0732390,0.0002215,0.0002813
2296,0.0731895,0.0002214,0.0002811
2297,0.0731404,0.0002212,0.0002808
2298,0.0730915,0.0002210,0.0002806
2299,0.0730430,0.0002208,0.0002804
2300,0.0729946,0.0002207,0.0002801
2301,0.0729466,0.0002205,0.0002799
2302,0.0728989,0.0002203,0.0002796
2303,0.0728514,0.0002202,0.0002794
2304,0.0728043,0.0002200,0.0002791
2305,0.0727574,0.0002198,0.0002789
2306,0.0727108,0.0002196,0.0002786
2307,0.0726645,0.0002195,0.0002784
2308,0.0726185,0.0002193,0.0002781
2309,0.0725728,0.0002191,0.0002779
2310,0.0725273,0.0002190,0.0002776
2311,0.0724822,0.0002188,0.0002774
2312,0.0724374,0.0002186,0.0002772
2313,0.0723928,0.0002185,0.0002769
2314,0.0723486,0.0002183,0.0002767
2315,0.0723047,0.0002182,0.0002764
2316,0.0722610,0.0002180,0.0002761
2317,0.0722177,0.0002178,0.0002759
2318,0.0721747,0.0002177,0.0002756
2319,0.0721320,0.0002175,0.0002754
2320,0.0720895,0.0002173,0.0002751
2321,0.0720474,0.0002172,0.0002749
2322,0.0720056,0.0002170,0.0002746
2323,0.0719641,0.0002169,0.0002744
2324,0.0719229,0.0002167,0.0002741
2325,0.0718820,0.0002165,0.0002739
2326,0.0718413,0.0002164,0.0002736
2327,0.0718010,0.0002162,0.0002734
2328,0.0717611,0.0002161,0.0002731
2329,0.0717214,0.0002159,0.0002728
2330,0.0716820,0.0002157,0.0002726
2331,0.0716429,0.0002156,0.0002723
2332,0.0716041,0.0002154,0.0002721
2333,0.0715657,0.0002153,0.0002718
2334,0.0715275,0.0002151,0.0002716
2335,0.0714896,0.0002150,0.0002713
2336,0.0714521,0.0002148,0.0002710
2337,0.0714148,0.0002147,0.0002708
2338,0.0713778,0.0002145,0.0002705
2339,0.0713412,0.0002144,0.0002703
2340,0.0713048,0.0002142,0.0002700
2341,0.0712688,0.0002141,0.0002698
2342,0.0712330,0.0002139,0.0002695
2343,0.0711975,0.0002138,0.0002692
2344,0.0711624,0.0002136,0.0002690
2345,0.0711275,0.0002135,0.0002687
2346,0.0710929,0.0002133,0.0002685
2347,0.0710587,0.0002132,0.0002682
2348,0.0710247,0.0002130,0.0002680
2349,0.0709910,0.0002129,0.0002677
2350,0.0709576,0.0002127,0.0002674
2351,0.0709245,0.0002126,0.0002672
2352,0.0708917,0.0002124,0.0002669
2353,0.0708591,0.0002123,0.0002667
2354,0.0708269,0.0002121,0.0002664
2355,0.0707949,0.0002120,0.0002662
2356,0.0707633,0.0002118,0.0002659
2357,0.0707319,0.0002117,0.0002656
2358,0.0707007,0.0002116,0.0002654
2359,0.0706699,0.0002114,0.0002651
2360,0.0706394,0.0002113,0.0002649
2361,0.0706091,0.0002111,0.0002646
2362,0.0705791,0.0002110,0.0002644
2363,0.0705493,0.0002109,0.0002641
2364,0.0705199,0.0002107,0.0002639
2365,0.0704907,0.0002106,0.0002636
2366,0.0704618,0.0002104,0.0002633
2367,0.0704331,0.0002103,0.0002631
2368,0.0704047,0.0002102,0.0002628
2369,0.0703766,0.0002100,0.0002626
2370,0.0703487,0.0002099,0.0002623
2371,0.0703211,0.0002097,0.0002621
2372,0.0702937,0.0002096,0.0002618
2373,0.0702666,0.0002095,0.0002616
2374,0.0702398,0.0002093,0.0002613
2375,0.0702132,0.0002092,0.0002611
2376,0.0701868,0.0002091,0.0002608
2377,0.0701607,0.0002089,0.0002606
2378,0.0701348,0.0002088,0.0002603
2379,0.0701092,0.0002087,0.0002601
2380,0.0700838,0.0002085,0.0002599
2381,0.0700587,0.0002084,0.0002596
2382,0.0700338,0.0002083,0.0002594
2383,0.0700091,0.0002082,0.0002591
2384,0.0699847,0.0002080,0.0002589
2385,0.0699604,0.0002079,0.0002586
2386,0.0699365,0.0002078,0.0002584
2387,0.0699127,0.0002076,0.0002582
2388,0.0698891,0.0002075,0.0002579
2389,0.0698658,0.0002074,0.0002577
2390,0.0698427,0.0002073,0.0002574
2391,0.0698198,0.0002071,0.0002572
2392,0.0697972,0.0002070,0.0002570
2393,0.0697747,0.0002069,0.0002567
2394,0.0697524,0.0002068,0.0002565
2395,0.0697304,0.0002066,0.0002563
2396,0.0697085,0.0002065,0.0002560
2397,0.0696869,0.0002064,0.0002558
2398,0.0696655,0.0002063,0.0002556
2399,0.0696442,0.0002062,0.0002553
2400,0.0696231,0.0002060,0.0002551
2401,0.0696023,0.0002059,0.0002549
2402,0.0695816,0.0002058,0.0002547
2403,0.0695611,0.0002057,0.0002544
2404,0.0695408,0.0002056,0.0002542
2405,0.0695207,0.0002054,0.0002540
2406,0.0695008,0.0002053,0.0002538
2407,0.0694810,0.0002052,0.0002535
2408,0.0694614,0.0002051,0.0002533
2409,0.0694420,0.0002050,0.0002531
2410,0.0694228,0.0002048,0.0002529
2411,0.0694037,0.0002047,0.0002527
2412,0.0693848,0.0002046,0.0002524
2413,0.0693661,0.0002045,0.0002522
2414,0.0693475,0.0002044,0.0002520
2415,0.0693291,0.0002043,0.0002518
2416,0.0693108,0.0002042,0.0002516
2417,0.0692927,0.0002040,0.0002514
2418,0.0692748,0.0002039,0.0002512
2419,0.0692570,0.0002038,0.0002510
2420,0.0692393,0.0002037,0.0002507
2421,0.0692218,0.0002036,0.0002505
2422,0.0692044,0.0002035,0.0002503
2423,0.0691872,0.0002034,0.0002501
2424,0.0691701,0.0002033,0.0002499
2425,0.0691532,0.0002032,0.0002497
2426,0.0691364,0.0002031,0.0002495
2427,0.0691197,0.0002030,0.0002493
2428,0.0691031,0.0002028,0.0002491
2429,0.0690867,0.0002027,0.0002489
2430,0.0690704,0.0002026,0.0002487
2431,0.0690543,0.0002025,0.0002485
2432,0.0690382,0.0002024,0.0002483
2433,0.0690223,0.0002023,0.0002482
2434,0.0690065,0.0002022,0.0002480
2435,0.0689908,0.0002021,0.0002478
2436,0.0689752,0.0002020,0.0002476
2437,0.0689598,0.0002019,0.0002474
2438,0.0689444,0.0002018,0.0002472
2439,0.0689292,0.0002017,0.0002470
2440,0.0689140,0.0002016,0.0002468
2441,0.0688990,0.0002015,0.0002467
2442,0.0688841,0.0002014,0.0002465
2443,0.0688693,0.0002013,0.0002463
2444,0.0688545,0.0002012,0.0002461
2445,0.0688399,0.0002011,0.0002460
2446,0.0688254,0.0002010,0.0002458
2447,0.0688109,0.0002009,0.0002456
2448,0.0687966,0.0002008,0.0002454
2449,0.0687823,0.0002007,0.0002453
2450,0.0687682,0.0002006,0.0002451
2451,0.0687541,0.0002005,0.0002449
2452,0.0687401,0.0002004,0.0002448
2453,0.0687262,0.0002003,0.0002446
2454,0.0687124,0.0002002,0.0002444
2455,0.0686987,0.0002001,0.0002443
2456,0.0686850,0.0002000,0.0002441
2457,0.0686714,0.0001999,0.0002439
2458,0.0686580,0.0001999,0.0002438
2459,0.0686445,0.0001998,0.0002436
2460,0.0686312,0.0001997,0.0002435
2461,0.0686179,0.0001996,0.0002433
2462,0.0686047,0.0001995,0.0002432
2463,0.0685916,0.0001994,0.0002430
2464,0.0685785,0.0001993,0.0002429
2465,0.0685655,0.0001992,0.0002427
2466,0.0685526,0.0001991,0.0002426
2467,0.0685398,0.0001990,0.0002424
2468,0.0685270,0.0001990,0.0002423
2469,0.0685143,0.0001989,0.0002421
2470,0.0685016,0.0001988,0.0002420
2471,0.0684890,0.0001987,0.0002419
2472,0.0684765,0.0001986,0.0002417
2473,0.0684640,0.0001985,0.0002416
2474,0.0684516,0.0001984,0.0002414
2475,0.0684392,0.0001984,0.0002413
2476,0.0684269,0.0001983,0.0002412
2477,0.0684147,0.0001982,0.0002410
2478,0.0684025,0.0001981,0.0002409
2479,0.0683904,0.0001980,0.0002408
2480,0.0683783,0.0001979,0.0002406
2481,0.0683663,0.0001978,0.0002405
2482,0.0683543,0.0001978,0.0002404
2483,0.0683424,0.0001977,0.0002403
2484,0.0683305,0.0001976,0.0002401
2485,0.0683187,0.0001975,0.0002400
2486,0.0683069,0.0001974,0.0002399
2487,0.0682952,0.0001974,0.0002398
2488,0.0682835,0.0001973,0.0002397
2489,0.0682719,0.0001972,0.0002396
2490,0.0682603,0.0001971,0.0002394
2491,0.0682488,0.0001970,0.0002393
2492,0.0682373,0.0001970,0.0002392
2493,0.0682259,0.0001969,0.0002391
2494,0.0682145,0.0001968,0.0002390
2495,0.0682032,0.0001967,0.0002389
2496,0.0681919,0.0001967,0.0002388
2497,0.0681807,0.0001966,0.0002387
2498,0.0681695,0.0001965,0.0002386
2499,0.0681583,0.0001964,0.0002385
2500,0.0681472,0.0001964,0.0002384
2501,0.0681361,0.0001963,0.0002383
2502,0.0681251,0.0001962,0.0002382
2503,0.0681141,0.0001961,0.0002381
2504,0.0681032,0.0001961,0.0002380
2505,0.0680923,0.0001960,0.0002379
2506,0.0680815,0.0001959,0.0002378
2507,0.0680707,0.0001959,0.0002377
2508,0.0680599,0.0001958,0.0002376
2509,0.0680492,0.0001957,0.0002375
2510,0.0680385,0.0001956,0.0002374
2511,0.0680279,0.0001956,0.0002373
2512,0.0680173,0.0001955,0.0002372
2513,0.0680068,0.0001954,0.0002372
2514,0.0679963,0.0001954,0.0002371
2515,0.0679858,0.0001953,0.0002370
2516,0.0679754,0.0001952,0.0002369
2517,0.0679651,0.0001952,0.0002368
2518,0.0679547,0.0001951,0.0002367
2519,0.0679445,0.0001950,0.0002367
2520,0.0679342,0.0001950,0.0002366
2521,0.0679240,0.0001949,0.0002365
2522,0.0679139,0.0001948,0.0002364
2523,0.0679038,0.0001948,0.0002364
2524,0.0678937,0.0001947,0.0002363
2525,0.0678837,0.0001946,0.0002362
2526,0.0678738,0.0001946,0.0002362
2527,0.0678638,0.0001945,0.0002361
2528,0.0678540,0.0001944,0.0002360
2529,0.0678441,0.0001944,0.0002360
2530,0.0678344,0.0001943,0.0002359
2531,0.0678246,0.0001942,0.0002358
2532,0.0678149,0.0001942,0.0002358
2533,0.0678053,0.0001941,0.0002357
2534,0.0677957,0.0001941,0.0002356
2535,0.0677862,0.0001940,0.0002356
2536,0.0677767,0.0001939,0.0002355
2537,0.0677672,0.0001939,0.0002355
2538,0.0677578,0.0001938,0.0002354
2539,0.0677485,0.0001938,0.0002354
2540,0.0677392,0.0001937,0.0002353
2541,0.0677299,0.0001936,0.0002353
2542,0.0677207,0.0001936,0.0002352
2543,0.0677116,0.0001935,0.0002352
2544,0.0677025,0.0001935,0.0002351
2545,0.0676935,0.0001934,0.0002351
2546,0.0676845,0.0001933,0.0002350
2547,0.0676755,0.0001933,0.0002350
2548,0.0676666,0.0001932,0.0002349
2549,0.0676578,0.0001932,0.0002349
2550,0.0676490,0.0001931,0.0002348
2551,0.0676403,0.0001931,0.0002348
2552,0.0676316,0.0001930,0.0002348
2553,0.0676230,0.0001929,0.0002347
2554,0.0676145,0.0001929,0.0002347
2555,0.0676060,0.0001928,0.0002346
2556,0.0675975,0.0001928,0.0002346
2557,0.0675891,0.0001927,0.0002346
2558,0.0675808,0.0001927,0.0002345
2559,0.0675725,0.0001926,0.0002345
2560,0.0675643,0.0001926,0.0002345
2561,0.0675561,0.0001925,0.0002344
2562,0.0675480,0.0001925,0.0002344
2563,0.0675400,0.0001924,0.0002344
2564,0.0675320,0.0001924,0.0002344
2565,0.0675241,0.0001923,0.0002343
2566,0.0675162,0.0001923,0.0002343
2567,0.0675084,0.0001922,0.0002343
2568,0.0675007,0.0001922,0.0002343
2569,0.0674930,0.0001921,0.0002342
2570,0.0674854,0.0001921,0.0002342
2571,0.0674778,0.0001920,0.0002342
2572,0.0674703,0.0001920,0.0002342
2573,0.0674629,0.0001919,0.0002342
2574,0.0674555,0.0001919,0.0002341
2575,0.0674482,0.0001918,0.0002341
2576,0.0674410,0.0001918,0.0002341
2577,0.0674338,0.0001917,0.0002341
2578,0.0674267,0.0001917,0.0002341
2579,0.0674197,0.0001916,0.0002341
2580,0.0674127,0.0001916,0.0002341
2581,0.0674058,0.0001915,0.0002340
2582,0.0673989,0.0001915,0.0002340
2583,0.0673922,0.0001914,0.0002340
2584,0.0673854,0.0001914,0.0002340
2585,0.0673788,0.0001913,0.0002340
2586,0.0673722,0.0001913,0.0002340
2587,0.0673657,0.0001912,0.0002340
2588,0.0673592,0.0001912,0.0002340
2589,0.0673528,0.0001911,0.0002340
2590,0.0673465,0.0001911,0.0002340
2591,0.0673403,0.0001911,0.0002340
2592,0.0673341,0.0001910,0.0002340
2593,0.0673280,0.0001910,0.0002340
2594,0.0673219,0.0001909,0.0002340
2595,0.0673160,0.0001909,0.0002340
2596,0.0673101,0.0001908,0.0002340
2597,0.0673042,0.0001908,0.0002340
2598,0.0672984,0.0001907,0.0002340
2599,0.0672927,0.0001907,0.0002340
2600,0.0672871,0.0001907,0.0002340
2601,0.0672815,0.0001906,0.0002340
2602,0.0672760,0.0001906,0.0002340
2603,0.0672706,0.0001905,0.0002340
2604,0.0672652,0.0001905,0.0002340
2605,0.0672599,0.0001904,0.0002340
2606,0.0672547,0.0001904,0.0002340
2607,0.0672496,0.0001904,0.0002340
2608,0.0672445,0.0001903,0.0002340
2609,0.0672394,0.0001903,0.0002341
2610,0.0672345,0.0001902,0.0002341
2611,0.0672296,0.0001902,0.0002341
2612,0.0672248,0.0001902,0.0002341
2613,0.0672200,0.0001901,0.0002341
2614,0.0672153,0.0001901,0.0002341
2615,0.0672107,0.0001900,0.0002341
2616,0.0672062,0.0001900,0.0002342
2617,0.0672017,0.0001900,0.0002342
2618,0.0671973,0.0001899,0.0002342
2619,0.0671929,0.0001899,0.0002342
2620,0.0671886,0.0001898,0.0002342
2621,0.0671844,0.0001898,0.0002342
2622,0.0671802,0.0001898,0.0002343
2623,0.0671762,0.0001897,0.0002343
2624,0.0671721,0.0001897,0.0002343
2625,0.0671682,0.0001897,0.0002343
2626,0.0671643,0.0001896,0.0002343
2627,0.0671604,0.0001896,0.0002344
2628,0.0671567,0.0001895,0.0002344
2629,0.0671530,0.0001895,0.0002344
2630,0.0671493,0.0001895,0.0002344
2631,0.0671457,0.0001894,0.0002345
2632,0.0671422,0.0001894,0.0002345
2633,0.0671387,0.0001894,0.0002345
2634,0.0671353,0.0001893,0.0002345
2635,0.0671320,0.0001893,0.0002346
2636,0.0671287,0.0001893,0.0002346
2637,0.0671255,0.0001892,0.0002346
2638,0.0671223,0.0001892,0.0002346
2639,0.0671192,0.0001891,0.0002347
2640,0.0671162,0.0001891,0.0002347
2641,0.0671132,0.0001891,0.0002347
2642,0.0671102,0.0001890,0.0002347
2643,0.0671074,0.0001890,0.0002348
2644,0.0671045,0.0001890,0.0002348
2645,0.0671018,0.0001889,0.0002348
2646,0.0670991,0.0001889,0.0002349
2647,0.0670964,0.0001889,0.0002349
2648,0.0670938,0.0001888,0.0002349
2649,0.0670912,0.0001888,0.0002349
2650,0.0670887,0.0001888,0.0002350
2651,0.0670863,0.0001887,0.0002350
2652,0.0670838,0.0001887,0.0002350
2653,0.0670815,0.0001887,0.0002351
2654,0.0670792,0.0001886,0.0002351
2655,0.0670769,0.0001886,0.0002351
2656,0.0670747,0.0001886,0.0002352
2657,0.0670725,0.0001885,0.0002352
2658,0.0670704,0.0001885,0.0002352
2659,0.0670683,0.0001885,0.0002353
2660,0.0670663,0.0001884,0.0002353
2661,0.0670643,0.0001884,0.0002353
2662,0.0670623,0.0001884,0.0002354
2663,0.0670604,0.0001883,0.0002354
2664,0.0670586,0.0001883,0.0002354
2665,0.0670567,0.0001883,0.0002354
2666,0.0670549,0.0001883,0.0002355
2667,0.0670532,0.0001882,0.0002355
2668,0.0670515,0.0001882,0.0002355
2669,0.0670498,0.0001882,0.0002356
2670,0.0670481,0.0001881,0.0002356
2671,0.0670465,0.0001881,0.0002356
2672,0.0670449,0.0001881,0.0002357
2673,0.0670434,0.0001880,0.0002357
2674,0.0670419,0.0001880,0.0002357
2675,0.0670404,0.0001880,0.0002358
2676,0.0670390,0.0001879,0.0002358
2677,0.0670375,0.0001879,0.0002358
2678,0.0670361,0.0001879,0.0002359
2679,0.0670348,0.0001879,0.0002359
2680,0.0670334,0.0001878,0.0002359
2681,0.0670321,0.0001878,0.0002360
2682,0.0670308,0.0001878,0.0002360
2683,0.0670296,0.0001877,0.0002360
2684,0.0670283,0.0001877,0.0002361
2685,0.0670271,0.0001877,0.0002361
2686,0.0670259,0.0001877,0.0002361
2687,0.0670247,0.0001876,0.0002361
2688,0.0670236,0.0001876,0.0002362
2689,0.0670224,0.0001876,0.0002362
2690,0.0670213,0.0001875,0.0002362
2691,0.0670202,0.0001875,0.0002363
2692,0.0670191,0.0001875,0.0002363
2693,0.0670180,0.0001875,0.0002363
2694,0.0670169,0.0001874,0.0002364
2695,0.0670159,0.0001874,0.0002364
2696,0.0670148,0.0001874,0.0002364
2697,0.0670138,0.0001873,0.0002364
2698,0.0670128,0.0001873,0.0002365
2699,0.0670118,0.0001873,0.0002365
2700,0.0670108,0.0001873,0.0002365
2701,0.0670098,0.0001872,0.0002365
2702,0.0670088,0.0001872,0.0002366
2703,0.0670078,0.0001872,0.0002366
2704,0.0670068,0.0001872,0.0002366
2705,0.0670058,0.0001871,0.0002366
2706,0.0670049,0.0001871,0.0002367
2707,0.0670039,0.0001871,0.0002367
2708,0.0670029,0.0001871,0.0002367
2709,0.0670019,0.0001870,0.0002367
2710,0.0670010,0.0001870,0.0002367
2711,0.0670000,0.0001870,0.0002368
2712,0.0669990,0.0001869,0.0002368
2713,0.0669980,0.0001869,0.0002368
2714,0.0669970,0.0001869,0.0002368
2715,0.0669960,0.0001869,0.0002368
2716,0.0669950,0.0001868,0.0002369
2717,0.0669940,0.0001868,0.0002369
2718,0.0669930,0.0001868,0.0002369
2719,0.0669920,0.0001868,0.0002369
2720,0.0669910,0.0001867,0.0002369
2721,0.0669899,0.0001867,0.0002369
2722,0.0669889,0.0001867,0.0002369
2723,0.0669878,0.0001867,0.0002369
2724,0.0669867,0.0001866,0.0002370
2725,0.0669856,0.0001866,0.0002370
2726,0.0669845,0.0001866,0.0002370
2727,0.0669834,0.0001866,0.0002370
2728,0.0669822,0.0001865,0.0002370
2729,0.0669811,0.0001865,0.0002370
2730,0.0669799,0.0001865,0.0002370
2731,0.0669787,0.0001865,0.0002370
2732,0.0669775,0.0001864,0.0002370
2733,0.0669763,0.0001864,0.0002370
2734,0.0669750,0.0001864,0.0002370
2735,0.0669738,0.0001864,0.0002370
2736,0.0669725,0.0001864,0.0002370
2737,0.0669712,0.0001863,0.0002370
2738,0.0669698,0.0001863,0.0002370
2739,0.0669685,0.0001863,0.0002370
2740,0.0669671,0.0001863,0.0002370
2741,0.0669657,0.0001862,0.0002370
2742,0.0669642,0.0001862,0.0002370
2743,0.0669628,0.0001862,0.0002370
2744,0.0669613,0.0001862,0.0002370
2745,0.0669598,0.0001861,0.0002370
2746,0.0669582,0.0001861,0.0002370
2747,0.0669567,0.0001861,0.0002370
2748,0.0669550,0.0001861,0.0002370
2749,0.0669534,0.0001860,0.0002370
2750,0.0669518,0.0001860,0.0002369
2751,0.0669501,0.0001860,0.0002369
2752,0.0669483,0.0001860,0.0002369
2753,0.0669466,0.0001860,0.0002369
2754,0.0669448,0.0001859,0.0002369
2755,0.0669430,0.0001859,0.0002369
2756,0.0669411,0.0001859,0.0002368
2757,0.0669392,0.0001859,0.0002368
2758,0.0669373,0.0001858,0.0002368
2759,0.0669354,0.0001858,0.0002368
2760,0.0669334,0.0001858,0.0002368
2761,0.0669313,0.0001858,0.0002367
2762,0.0669293,0.0001858,0.0002367
2763,0.0669272,0.0001857,0.0002367
2764,0.0669251,0.0001857,0.0002366
2765,0.0669229,0.0001857,0.0002366
2766,0.0669207,0.0001857,0.0002366
2767,0.0669184,0.0001857,0.0002366
2768,0.0669161,0.0001856,0.0002365
2769,0.0669138,0.0001856,0.0002365
2770,0.0669115,0.0001856,0.0002365
2771,0.0669091,0.0001856,0.0002364
2772,0.0669066,0.0001855,0.0002364
2773,0.0669042,0.0001855,0.0002363
2774,0.0669016,0.0001855,0.0002363
2775,0.0668991,0.0001855,0.0002363
2776,0.0668965,0.0001855,0.0002362
2777,0.0668938,0.0001854,0.0002362
2778,0.0668912,0.0001854,0.0002361
2779,0.0668885,0.0001854,0.0002361
2780,0.0668857,0.0001854,0.0002360
2781,0.0668829,0.0001854,0.0002360
2782,0.0668801,0.0001853,0.0002359
2783,0.0668772,0.0001853,0.0002359
2784,0.0668742,0.0001853,0.0002358
2785,0.0668713,0.0001853,0.0002358
2786,0.0668683,0.0001853,0.0002357
2787,0.0668652,0.0001852,0.0002357
2788,0.0668621,0.0001852,0.0002356
2789,0.0668590,0.0001852,0.0002355
2790,0.0668558,0.0001852,0.0002355
2791,0.0668526,0.0001852,0.0002354
2792,0.0668493,0.0001851,0.0002354
2793,0.0668460,0.0001851,0.0002353
2794,0.0668427,0.0001851,0.0002352
2795,0.0668393,0.0001851,0.0002352
2796,0.0668359,0.0001851,0.0002351
2797,0.0668324,0.0001850,0.0002350
2798,0.0668289,0.0001850,0.0002350
2799,0.0668253,0.0001850,0.0002349
2800,0.0668217,0.0001850,0.0002348
2801,0.0668181,0.0001850,0.0002347
2802,0.0668144,0.0001850,0.0002347
2803,0.0668107,0.0001849,0.0002346
2804,0.0668069,0.0001849,0.0002345
2805,0.0668031,0.0001849,0.0002344
2806,0.0667993,0.0001849,0.0002343
2807,0.0667954,0.0001849,0.0002343
2808,0.0667914,0.0001848,0.0002342
2809,0.0667875,0.0001848,0.0002341
2810,0.0667834,0.0001848,0.0002340
2811,0.0667794,0.0001848,0.0002339
2812,0.0667753,0.0001848,0.0002338
2813,0.0667711,0.0001848,0.0002337
2814,0.0667669,0.0001847,0.0002336
2815,0.0667627,0.0001847,0.0002336
2816,0.0667584,0.0001847,0.0002335
2817,0.0667541,0.0001847,0.0002334
2818,0.0667498,0.0001847,0.0002333
2819,0.0667454,0.0001846,0.0002332
2820,0.0667410,0.0001846,0.0002331
2821,0.0667365,0.0001846,0.0002330
2822,0.0667320,0.0001846,0.0002329
2823,0.0667275,0.0001846,0.0002328
2824,0.0667229,0.0001846,0.0002327
2825,0.0667182,0.0001845,0.0002326
2826,0.0667136,0.0001845,0.0002324
2827,0.0667089,0.0001845,0.0002323
2828,0.0667041,0.0001845,0.0002322
2829,0.0666993,0.0001845,0.0002321
2830,0.0666945,0.0001845,0.0002320
2831,0.0666897,0.0001844,0.0002319
2832,0.0666848,0.0001844,0.0002318
2833,0.0666799,0.0001844,0.0002317
2834,0.0666749,0.0001844,0.0002315
2835,0.0666699,0.0001844,0.0002314
2836,0.0666648,0.0001844,0.0002313
2837,0.0666598,0.0001843,0.0002312
2838,0.0666547,0.0001843,0.0002311
2839,0.0666495,0.0001843,0.0002309
2840,0.0666443,0.0001843,0.0002308
2841,0.0666391,0.0001843,0.0002307
2842,0.0666339,0.0001843,0.0002306
2843,0.0666286,0.0001843,0.0002304
2844,0.0666233,0.0001842,0.0002303
2845,0.0666179,0.0001842,0.0002302
2846,0.0666125,0.0001842,0.0002301
2847,0.0666071,0.0001842,0.0002299
2848,0.0666017,0.0001842,0.0002298
2849,0.0665962,0.0001842,0.0002297
2850,0.0665907,0.0001841,0.0002295
2851,0.0665851,0.0001841,0.0002294
2852,0.0665795,0.0001841,0.0002293
2853,0.0665739,0.0001841,0.0002291
2854,0.0665683,0.0001841,0.0002290
2855,0.0665626,0.0001841,0.0002288
2856,0.0665569,0.0001841,0.0002287
2857,0.0665512,0.0001840,0.0002286
2858,0.0665454,0.0001840,0.0002284
2859,0.0665396,0.0001840,0.0002283
2860,0.0665338,0.0001840,0.0002281
2861,0.0665280,0.0001840,0.0002280
2862,0.0665221,0.0001840,0.0002278
2863,0.0665162,0.0001840,0.0002277
2864,0.0665103,0.0001839,0.0002275
2865,0.0665043,0.0001839,0.0002274
2866,0.0664984,0.0001839,0.0002272
2867,0.0664924,0.0001839,0.0002271
2868,0.0664863,0.0001839,0.0002269
2869,0.0664803,0.0001839,0.0002268
2870,0.0664742,0.0001839,0.0002266
2871,0.0664681,0.0001839,0.0002265
2872,0.0664620,0.0001838,0.0002263
2873,0.0664558,0.0001838,0.0002261
2874,0.0664496,0.0001838,0.0002260
2875,0.0664434,0.0001838,0.0002258
2876,0.0664372,0.0001838,0.0002257
2877,0.0664310,0.0001838,0.0002255
2878,0.0664247,0.0001838,0.0002254
2879,0.0664184,0.0001838,0.0002252
2880,0.0664121,0.0001837,0.0002250
2881,0.0664058,0.0001837,0.0002249
2882,0.0663994,0.0001837,0.0002247
2883,0.0663931,0.0001837,0.0002245
2884,0.0663867,0.0001837,0.0002244
2885,0.0663803,0.0001837,0.0002242
2886,0.0663739,0.0001837,0.0002240
2887,0.0663674,0.0001837,0.0002239
2888,0.0663609,0.0001836,0.0002237
2889,0.0663545,0.0001836,0.0002235
2890,0.0663480,0.0001836,0.0002234
2891,0.0663415,0.0001836,0.0002232
2892,0.0663349,0.0001836,0.0002230
2893,0.0663284,0.0001836,0.0002229
2894,0.0663218,0.0001836,0.0002227
2895,0.0663152,0.0001836,0.0002225
2896,0.0663086,0.0001836,0.0002223
2897,0.0663020,0.0001835,0.0002222
2898,0.0662954,0.0001835,0.0002220
2899,0.0662888,0.0001835,0.0002218
2900,0.0662821,0.0001835,0.0002217
2901,0.0662754,0.0001835,0.0002215
2902,0.0662688,0.0001835,0.0002213
2903,0.0662621,0.0001835,0.0002211
2904,0.0662553,0.0001835,0.0002210
2905,0.0662486,0.0001835,0.0002208
2906,0.0662419,0.0001835,0.0002206
2907,0.0662352,0.0001834,0.0002204
2908,0.0662284,0.0001834,0.0002202
2909,0.0662216,0.0001834,0.0002201
2910,0.0662149,0.0001834,0.0002199
2911,0.0662081,0.0001834,0.0002197
2912,0.0662013,0.0001834,0.0002195
2913,0.0661945,0.0001834,0.0002194
2914,0.0661876,0.0001834,0.0002192
2915,0.0661808,0.0001834,0.0002190
2916,0.0661740,0.0001834,0.0002188
2917,0.0661671,0.0001833,0.0002186
2918,0.0661603,0.0001833,0.0002185
2919,0.0661534,0.0001833,0.0002183
2920,0.0661466,0.0001833,0.0002181
2921,0.0661397,0.0001833,0.0002179
2922,0.0661328,0.0001833,0.0002177
2923,0.0661259,0.0001833,0.0002176
2924,0.0661190,0.0001833,0.0002174
2925,0.0661121,0.0001833,0.0002172
2926,0.0661052,0.0001833,0.0002170
2927,0.0660983,0.0001833,0.0002168
2928,0.0660914,0.0001833,0.0002167
2929,0.0660845,0.0001832,0.0002165
2930,0.0660775,0.0001832,0.0002163
2931,0.0660706,0.0001832,0.0002161
2932,0.0660637,0.0001832,0.0002159
2933,0.0660567,0.0001832,0.0002158
2934,0.0660498,0.0001832,0.0002156
2935,0.0660428,0.0001832,0.0002154
2936,0.0660359,0.0001832,0.0002152
2937,0.0660289,0.0001832,0.0002150
2938,0.0660220,0.0001832,0.0002149
2939,0.0660150,0.0001832,0.0002147
2940,0.0660080,0.0001832,0.0002145
2941,0.0660011,0.0001832,0.0002143
2942,0.0659941,0.0001831,0.0002141
2943,0.0659872,0.0001831,0.0002140
2944,0.0659802,0.0001831,0.0002138
2945,0.0659732,0.0001831,0.0002136
2946,0.0659662,0.0001831,0.0002134
2947,0.0659593,0.0001831,0.0002132
2948,0.0659523,0.0001831,0.0002131
2949,0.0659453,0.0001831,0.0002129
2950,0.0659384,0.0001831,0.0002127
2951,0.0659314,0.0001831,0.0002125
2952,0.0659244,0.0001831,0.0002124
2953,0.0659174,0.0001831,0.0002122
2954,0.0659105,0.0001831,0.0002120
2955,0.0659035,0.0001831,0.0002118
2956,0.0658965,0.0001831,0.0002117
2957,0.0658896,0.0001831,0.0002115
2958,0.0658826,0.0001830,0.0002113
2959,0.0658757,0.0001830,0.0002111
2960,0.0658687,0.0001830,0.0002110
2961,0.0658617,0.0001830,0.0002108
2962,0.0658548,0.0001830,0.0002106
2963,0.0658478,0.0001830,0.0002104
2964,0.0658409,0.0001830,0.0002103
2965,0.0658339,0.0001830,0.0002101
2966,0.0658270,0.0001830,0.0002099
2967,0.0658201,0.0001830,0.0002098
2968,0.0658131,0.0001830,0.0002096
2969,0.0658062,0.0001830,0.0002094
2970,0.0657993,0.0001830,0.0002093
2971,0.0657924,0.0001830,0.0002091
2972,0.0657854,0.0001830,0.0002089
2973,0.0657785,0.0001830,0.0002088
2974,0.0657716,0.0001830,0.0002086
2975,0.0657647,0.0001830,0.0002084
2976,0.0657578,0.0001830,0.0002083
2977,0.0657509,0.0001830,0.0002081
2978,0.0657441,0.0001830,0.0002079
2979,0.0657372,0.0001829,0.0002078
2980,0.0657303,0.0001829,0.0002076
2981,0.0657234,0.0001829,0.0002074
2982,0.0657166,0.0001829,0.0002073
2983,0.0657097,0.0001829,0.0002071
2984,0.0657029,0.0001829,0.0002070
2985,0.0656960,0.0001829,0.0002068
2986,0.0656892,0.0001829,0.0002066
2987,0.0656824,0.0001829,0.0002065
2988,0.0656756,0.0001829,0.0002063
2989,0.0656688,0.0001829,0.0002062
2990,0.0656620,0.0001829,0.0002060
2991,0.0656552,0.0001829,0.0002059
2992,0.0656484,0.0001829,0.0002057
2993,0.0656416,0.0001829,0.0002056
2994,0.0656348,0.0001829,0.0002054
2995,0.0656281,0.0001829,0.0002053
2996,0.0656213,0.0001829,0.0002051
2997,0.0656146,0.0001829,0.0002050
2998,0.0656078,0.0001829,0.0002048
2999,0.0656011,0.0001829,0.0002047
3000,0.0655944,0.0001829,0.0002045
3001,0.0655877,0.0001829,0.0002044
3002,0.0655810,0.0001829,0.0002042
3003,0.0655743,0.0001829,0.0002041
3004,0.0655676,0.0001829,0.0002040
3005,0.0655610,0.0001829,0.0002038
3006,0.0655543,0.0001829,0.0002037
3007,0.0655477,0.0001829,0.0002035
3008,0.0655410,0.0001829,0.0002034
3009,0.0655344,0.0001829,0.0002033
3010,0.0655278,0.0001829,0.0002031
3011,0.0655212,0.0001829,0.0002030
3012,0.0655146,0.0001829,0.0002029
3013,0.0655080,0.0001828,0.0002027
3014,0.0655015,0.0001828,0.0002026
3015,0.0654949,0.0001828,0.0002025
3016,0.0654884,0.0001828,0.0002023
3017,0.0654818,0.0001828,0.0002022
3018,0.0654753,0.0001828,0.0002021
3019,0.0654688,0.0001828,0.0002020
3020,0.0654623,0.0001828,0.0002018
3021,0.0654558,0.0001828,0.0002017
3022,0.0654494,0.0001828,0.0002016
3023,0.0654429,0.0001828,0.0002015
3024,0.0654365,0.0001828,0.0002013
3025,0.0654300,0.0001828,0.0002012
3026,0.0654236,0.0001828,0.0002011
3027,0.0654172,0.0001828,0.0002010
3028,0.0654108,0.0001828,0.0002009
3029,0.0654044,0.0001828,0.0002008
3030,0.0653981,0.0001828,0.0002006
3031,0.0653917,0.0001828,0.0002005
3032,0.0653854,0.0001828,0.0002004
3033,0.0653791,0.0001828,0.0002003
3034,0.0653728,0.0001828,0.0002002
3035,0.0653665,0.0001828,0.0002001
3036,0.0653602,0.0001828,0.0002000
3037,0.0653539,0.0001828,0.0001999
3038,0.0653477,0.0001828,0.0001998
3039,0.0653415,0.0001828,0.0001997
3040,0.0653352,0.0001828,0.0001996
3041,0.0653290,0.0001828,0.0001995
3042,0.0653229,0.0001828,0.0001994
3043,0.0653167,0.0001828,0.0001993
3044,0.0653105,0.0001828,0.0001992
3045,0.0653044,0.0001828,0.0001991
3046,0.0652983,0.0001828,0.0001990
3047,0.0652922,0.0001828,0.0001989
3048,0.0652861,0.0001828,0.0001988
3049,0.0652800,0.0001828,0.0001987
3050,0.0652740,0.0001828,0.0001986
3051,0.0652679,0.0001828,0.0001985
3052,0.0652619,0.0001828,0.0001984
3053,0.0652559,0.0001828,0.0001983
3054,0.0652499,0.0001828,0.0001982
3055,0.0652439,0.0001828,0.0001982
3056,0.0652380,0.0001828,0.0001981
3057,0.0652321,0.0001828,0.0001980
3058,0.0652261,0.0001828,0.0001979
3059,0.0652202,0.0001828,0.0001978
3060,0.0652144,0.0001828,0.0001977
3061,0.0652085,0.0001828,0.0001977
3062,0.0652027,0.0001828,0.0001976
3063,0.0651968,0.0001828,0.0001975
3064,0.0651910,0.0001828,0.0001974
3065,0.0651852,0.0001828,0.0001974
3066,0.0651795,0.0001828,0.0001973
3067,0.0651737,0.0001828,0.0001972
3068,0.0651680,0.0001828,0.0001971
3069,0.0651623,0.0001828,0.0001971
3070,0.0651566,0.0001828,0.0001970
3071,0.0651509,0.0001828,0.0001969
3072,0.0651453,0.0001828,0.0001969
3073,0.0651396,0.0001828,0.0001968
3074,0.0651340,0.0001828,0.0001967
3075,0.0651284,0.0001828,0.0001967
3076,0.0651229,0.0001828,0.0001966
3077,0.0651173,0.0001828,0.0001966
3078,0.0651118,0.0001828,0.0001965
3079,0.0651063,0.0001828,0.0001964
3080,0.0651008,0.0001828,0.0001964
3081,0.0650953,0.0001828,0.0001963
3082,0.0650899,0.0001828,0.0001963
3083,0.0650844,0.0001828,0.0001962
3084,0.0650790,0.0001828,0.0001962
3085,0.0650736,0.0001828,0.0001961
3086,0.0650683,0.0001828,0.0001961
3087,0.0650629,0.0001828,0.0001960
3088,0.0650576,0.0001828,0.0001960
3089,0.0650523,0.0001828,0.0001959
3090,0.0650470,0.0001828,0.0001959
3091,0.0650418,0.0001828,0.0001958
3092,0.0650365,0.0001828,0.0001958
3093,0.0650313,0.0001828,0.0001957
3094,0.0650261,0.0001828,0.0001957
3095,0.0650209,0.0001828,0.0001956
3096,0.0650158,0.0001828,0.0001956
3097,0.0650107,0.0001828,0.0001956
3098,0.0650056,0.0001828,0.0001955
3099,0.0650005,0.0001828,0.0001955
3100,0.0649954,0.0001828,0.0001955
3101,0.0649904,0.0001828,0.0001954
3102,0.0649854,0.0001828,0.0001954
3103,0.0649804,0.0001828,0.0001954
3104,0.0649754,0.0001828,0.0001953
3105,0.0649705,0.0001828,0.0001953
3106,0.0649655,0.0001828,0.0001953
3107,0.0649606,0.0001828,0.0001952
3108,0.0649558,0.0001828,0.0001952
3109,0.0649509,0.0001828,0.0001952
3110,0.0649461,0.0001828,0.0001951
3111,0.0649413,0.0001828,0.0001951
3112,0.0649365,0.0001828,0.0001951
3113,0.0649317,0.0001828,0.0001951
3114,0.0649270,0.0001828,0.0001950
3115,0.0649223,0.0001828,0.0001950
3116,0.0649176,0.0001828,0.0001950
3117,0.0649129,0.0001828,0.0001950
3118,0.0649083,0.0001828,0.0001950
3119,0.0649036,0.0001828,0.0001949
3120,0.0648990,0.0001828,0.0001949
3121,0.0648945,0.0001828,0.0001949
3122,0.0648899,0.0001828,0.0001949
3123,0.0648854,0.0001828,0.0001949
3124,0.0648809,0.0001828,0.0001949
3125,0.0648764,0.0001828,0.0001948
3126,0.0648720,0.0001828,0.0001948
3127,0.0648675,0.0001828,0.0001948
3128,0.0648631,0.0001828,0.0001948
3129,0.0648587,0.0001828,0.0001948
3130,0.0648544,0.0001828,0.0001948
3131,0.0648500,0.0001828,0.0001948
3132,0.0648457,0.0001828,0.0001948
3133,0.0648414,0.0001828,0.0001948
3134,0.0648371,0.0001828,0.0001947
3135,0.0648329,0.0001828,0.0001947
3136,0.0648287,0.0001828,0.0001947
3137,0.0648245,0.0001828,0.0001947
3138,0.0648203,0.0001828,0.0001947
3139,0.0648161,0.0001828,0.0001947
3140,0.0648120,0.0001828,0.0001947
3141,0.0648079,0.0001828,0.0001947
3142,0.0648038,0.0001828,0.0001947
3143,0.0647998,0.0001828,0.0001947
3144,0.0647957,0.0001828,0.0001947
3145,0.0647917,0.0001828,0.0001947
3146,0.0647877,0.0001828,0.0001947
3147,0.0647838,0.0001828,0.0001947
3148,0.0647798,0.0001828,0.0001947
3149,0.0647759,0.0001828,0.0001947
3150,0.0647720,0.0001828,0.0001947
3151,0.0647681,0.0001828,0.0001947
3152,0.0647643,0.0001828,0.0001947
3153,0.0647604,0.0001828,0.0001947
3154,0.0647566,0.0001828,0.0001947
3155,0.0647528,0.0001828,0.0001947
3156,0.0647491,0.0001828,0.0001947
3157,0.0647453,0.0001828,0.0001947
3158,0.0647416,0.0001828,0.0001947
3159,0.0647379,0.0001828,0.0001948
3160,0.0647342,0.0001828,0.0001948
3161,0.0647306,0.0001828,0.0001948
3162,0.0647269,0.0001828,0.0001948
3163,0.0647233,0.0001828,0.0001948
3164,0.0647197,0.0001828,0.0001948
3165,0.0647162,0.0001828,0.0001948
3166,0.0647126,0.0001828,0.0001948
3167,0.0647091,0.0001828,0.0001948
3168,0.0647056,0.0001828,0.0001948
3169,0.0647021,0.0001828,0.0001948
3170,0.0646986,0.0001828,0.0001949
3171,0.0646952,0.0001828,0.0001949
3172,0.0646918,0.0001828,0.0001949
3173,0.0646884,0.0001828,0.0001949
3174,0.0646850,0.0001828,0.0001949
3175,0.0646816,0.0001828,0.0001949
3176,0.0646783,0.0001828,0.0001949
3177,0.0646749,0.0001828,0.0001949
3178,0.0646716,0.0001828,0.0001950
3179,0.0646683,0.0001828,0.0001950
3180,0.0646651,0.0001828,0.0001950
3181,0.0646618,0.0001828,0.0001950
3182,0.0646586,0.0001828,0.0001950
3183,0.0646554,0.0001828,0.0001950
3184,0.0646522,0.0001828,0.0001950
3185,0.0646490,0.0001828,0.0001951
3186,0.0646458,0.0001828,0.0001951
3187,0.0646427,0.0001828,0.0001951
3188,0.0646396,0.0001828,0.0001951
3189,0.0646365,0.0001828,0.0001951
3190,0.0646334,0.0001828,0.0001951
3191,0.0646303,0.0001828,0.0001952
3192,0.0646272,0.0001828,0.0001952
3193,0.0646242,0.0001828,0.0001952
3194,0.0646212,0.0001828,0.0001952
3195,0.0646181,0.0001828,0.0001952
3196,0.0646152,0.0001828,0.0001952
3197,0.0646122,0.0001828,0.0001953
3198,0.0646092,0.0001828,0.0001953
3199,0.0646063,0.0001828,0.0001953
3200,0.0646033,0.0001828,0.0001953
3201,0.0646004,0.0001828,0.0001953
3202,0.0645975,0.0001828,0.0001953
3203,0.0645946,0.0001828,0.0001954
3204,0.0645917,0.0001828,0.0001954
3205,0.0645888,0.0001828,0.0001954
3206,0.0645860,0.0001828,0.0001954
3207,0.0645831,0.0001828,0.0001954
3208,0.0645803,0.0001828,0.0001954
3209,0.0645775,0.0001828,0.0001955
3210,0.0645747,0.0001828,0.0001955
3211,0.0645719,0.0001828,0.0001955
3212,0.0645691,0.0001828,0.0001955
3213,0.0645663,0.0001828,0.0001955
3214,0.0645636,0.0001828,0.0001955
3215,0.0645608,0.0001828,0.0001956
3216,0.0645581,0.0001828,0.0001956
3217,0.0645554,0.0001828,0.0001956
3218,0.0645526,0.0001827,0.0001956
3219,0.0645499,0.0001827,0.0001956
3220,0.0645472,0.0001827,0.0001956
3221,0.0645445,0.0001827,0.0001957
3222,0.0645418,0.0001827,0.0001957
3223,0.0645392,0.0001827,0.0001957
3224,0.0645365,0.0001827,0.0001957
3225,0.0645338,0.0001827,0.0001957
3226,0.0645312,0.0001827,0.0001957
3227,0.0645285,0.0001827,0.0001957
3228,0.0645259,0.0001827,0.0001958
3229,0.0645233,0.0001827,0.0001958
3230,0.0645206,0.0001827,0.0001958
3231,0.0645180,0.0001827,0.0001958
3232,0.0645154,0.0001827,0.0001958
3233,0.0645128,0.0001827,0.0001958
3234,0.0645102,0.0001827,0.0001958
3235,0.0645076,0.0001827,0.0001958
3236,0.0645050,0.0001827,0.0001959
3237,0.0645024,0.0001827,0.0001959
3238,0.0644998,0.0001827,0.0001959
3239,0.0644972,0.0001827,0.0001959
3240,0.0644946,0.0001827,0.0001959
3241,0.0644920,0.0001827,0.0001959
3242,0.0644894,0.0001827,0.0001959
3243,0.0644868,0.0001827,0.0001959
3244,0.0644843,0.0001826,0.0001959
3245,0.0644817,0.0001826,0.0001960
3246,0.0644791,0.0001826,0.0001960
3247,0.0644765,0.0001826,0.0001960
3248,0.0644739,0.0001826,0.0001960
3249,0.0644714,0.0001826,0.0001960
3250,0.0644688,0.0001826,0.0001960
3251,0.0644662,0.0001826,0.0001960
3252,0.0644636,0.0001826,0.0001960
3253,0.0644610,0.0001826,0.0001960
3254,0.0644584,0.0001826,0.0001960
3255,0.0644559,0.0001826,0.0001960
3256,0.0644533,0.0001826,0.0001960
3257,0.0644507,0.0001826,0.0001960
3258,0.0644481,0.0001826,0.0001960
3259,0.0644455,0.0001826,0.0001961
3260,0.0644429,0.0001826,0.0001961
3261,0.0644403,0.0001826,0.0001961
3262,0.0644376,0.0001826,0.0001961
3263,0.0644350,0.0001826,0.0001961
3264,0.0644324,0.0001825,0.0001961
3265,0.0644298,0.0001825,0.0001961
3266,0.0644271,0.0001825,0.0001961
3267,0.0644245,0.0001825,0.0001961
3268,0.0644218,0.0001825,0.0001961
3269,0.0644192,0.0001825,0.0001961
3270,0.0644165,0.0001825,0.0001961
3271,0.0644138,0.0001825,0.0001961
3272,0.0644112,0.0001825,0.0001961
3273,0.0644085,0.0001825,0.0001961
3274,0.0644058,0.0001825,0.0001961
3275,0.0644031,0.0001825,0.0001961
3276,0.0644004,0.0001825,0.0001961
3277,0.0643976,0.0001825,0.0001960
3278,0.0643949,0.0001825,0.0001960
3279,0.0643921,0.0001825,0.0001960
3280,0.0643894,0.0001824,0.0001960
3281,0.0643866,0.0001824,0.0001960
3282,0.0643838,0.0001824,0.0001960
3283,0.0643810,0.0001824,0.0001960
3284,0.0643782,0.0001824,0.0001960
3285,0.0643754,0.0001824,0.0001960
3286,0.0643726,0.0001824,0.0001960
3287,0.0643698,0.0001824,0.0001960
3288,0.0643669,0.0001824,0.0001960
3289,0.0643640,0.0001824,0.0001959
3290,0.0643611,0.0001824,0.0001959
3291,0.0643582,0.0001824,0.0001959
3292,0.0643553,0.0001824,0.0001959
3293,0.0643524,0.0001823,0.0001959
3294,0.0643495,0.0001823,0.0001959
3295,0.0643465,0.0001823,0.0001959
3296,0.0643435,0.0001823,0.0001959
3297,0.0643405,0.0001823,0.0001958
3298,0.0643375,0.0001823,0.0001958
3299,0.0643345,0.0001823,0.0001958
3300,0.0643315,0.0001823,0.0001958
3301,0.0643284,0.0001823,0.0001958
3302,0.0643253,0.0001823,0.0001957
3303,0.0643223,0.0001823,0.0001957
3304,0.0643191,0.0001823,0.0001957
3305,0.0643160,0.0001823,0.0001957
3306,0.0643129,0.0001822,0.0001957
3307,0.0643097,0.0001822,0.0001956
3308,0.0643065,0.0001822,0.0001956
3309,0.0643033,0.0001822,0.0001956
3310,0.0643001,0.0001822,0.0001956
3311,0.0642968,0.0001822,0.0001955
3312,0.0642936,0.0001822,0.0001955
3313,0.0642903,0.0001822,0.0001955
3314,0.0642870,0.0001822,0.0001955
3315,0.0642836,0.0001822,0.0001954
3316,0.0642803,0.0001822,0.0001954
3317,0.0642769,0.0001821,0.0001954
3318,0.0642735,0.0001821,0.0001954
3319,0.0642701,0.0001821,0.0001953
3320,0.0642667,0.0001821,0.0001953
3321,0.0642632,0.0001821,0.0001953
3322,0.0642597,0.0001821,0.0001952
3323,0.0642562,0.0001821,0.0001952
3324,0.0642527,0.0001821,0.0001952
3325,0.0642491,0.0001821,0.0001951
3326,0.0642455,0.0001821,0.0001951
3327,0.0642419,0.0001821,0.0001951
3328,0.0642383,0.0001820,0.0001950
3329,0.0642346,0.0001820,0.0001950
3330,0.0642310,0.0001820,0.0001950
3331,0.0642273,0.0001820,0.0001949
3332,0.0642235,0.0001820,0.0001949
3333,0.0642198,0.0001820,0.0001948
3334,0.0642160,0.0001820,0.0001948
3335,0.0642122,0.0001820,0.0001948
3336,0.0642084,0.0001820,0.0001947
3337,0.0642045,0.0001820,0.0001947
3338,0.0642006,0.0001819,0.0001946
3339,0.0641967,0.0001819,0.0001946
3340,0.0641928,0.0001819,0.0001945
3341,0.0641888,0.0001819,0.0001945
3342,0.0641848,0.0001819,0.0001945
3343,0.0641808,0.0001819,0.0001944
3344,0.0641767,0.0001819,0.0001944
3345,0.0641726,0.0001819,0.0001943
3346,0.0641685,0.0001819,0.0001943
3347,0.0641644,0.0001818,0.0001942
3348,0.0641602,0.0001818,0.0001942
3349,0.0641561,0.0001818,0.0001941
3350,0.0641518,0.0001818,0.0001941
3351,0.0641476,0.0001818,0.0001940
3352,0.0641433,0.0001818,0.0001940
3353,0.0641390,0.0001818,0.0001939
3354,0.0641347,0.0001818,0.0001939
3355,0.0641303,0.0001818,0.0001938
3356,0.0641259,0.0001817,0.0001938
3357,0.0641215,0.0001817,0.0001937
3358,0.0641170,0.0001817,0.0001936
3359,0.0641125,0.0001817,0.0001936
3360,0.0641080,0.0001817,0.0001935
3361,0.0641035,0.0001817,0.0001935
3362,0.0640989,0.0001817,0.0001934
3363,0.0640943,0.0001817,0.0001934
3364,0.0640897,0.0001817,0.0001933
3365,0.0640850,0.0001816,0.0001932
3366,0.0640803,0.0001816,0.0001932
3367,0.0640755,0.0001816,0.0001931
3368,0.0640708,0.0001816,0.0001931
3369,0.0640660,0.0001816,0.0001930
3370,0.0640612,0.0001816,0.0001929
3371,0.0640563,0.0001816,0.0001929
3372,0.0640514,0.0001816,0.0001928
3373,0.0640465,0.0001815,0.0001927
3374,0.0640415,0.0001815,0.0001927
3375,0.0640366,0.0001815,0.0001926
3376,0.0640315,0.0001815,0.0001925
3377,0.0640265,0.0001815,0.0001925
3378,0.0640214,0.0001815,0.0001924
3379,0.0640163,0.0001815,0.0001923
3380,0.0640111,0.0001815,0.0001923
3381,0.0640060,0.0001814,0.0001922
3382,0.0640008,0.0001814,0.0001921
3383,0.0639955,0.0001814,0.0001921
3384,0.0639902,0.0001814,0.0001920
3385,0.0639849,0.0001814,0.0001919
3386,0.0639796,0.0001814,0.0001919
3387,0.0639742,0.0001814,0.0001918
3388,0.0639688,0.0001813,0.0001917
3389,0.0639634,0.0001813,0.0001916
3390,0.0639579,0.0001813,0.0001916
3391,0.0639524,0.0001813,0.0001915
3392,0.0639468,0.0001813,0.0001914
3393,0.0639413,0.0001813,0.0001913
3394,0.0639357,0.0001813,0.0001913
3395,0.0639300,0.0001813,0.0001912
3396,0.0639244,0.0001812,0.0001911
3397,0.0639186,0.0001812,0.0001910
3398,0.0639129,0.0001812,0.0001909
3399,0.0639071,0.0001812,0.0001909
3400,0.0639013,0.0001812,0.0001908
3401,0.0638955,0.0001812,0.0001907
3402,0.0638896,0.0001812,0.0001906
3403,0.0638837,0.0001811,0.0001905
3404,0.0638778,0.0001811,0.0001905
3405,0.0638718,0.0001811,0.0001904
3406,0.0638658,0.0001811,0.0001903
3407,0.0638598,0.0001811,0.0001902
3408,0.0638537,0.0001811,0.0001901
3409,0.0638476,0.0001811,0.0001901
3410,0.0638414,0.0001810,0.0001900
3411,0.0638353,0.0001810,0.0001899
3412,0.0638291,0.0001810,0.0001898
3413,0.0638228,0.0001810,0.0001897
3414,0.0638165,0.0001810,0.0001896
3415,0.0638102,0.0001810,0.0001895
3416,0.0638039,0.0001810,0.0001895
3417,0.0637975,0.0001809,0.0001894
3418,0.0637911,0.0001809,0.0001893
3419,0.0637847,0.0001809,0.0001892
3420,0.0637782,0.0001809,0.0001891
3421,0.0637717,0.0001809,0.0001890
3422,0.0637652,0.0001809,0.0001889
3423,0.0637586,0.0001809,0.0001888
3424,0.0637520,0.0001808,0.0001887
3425,0.0637454,0.0001808,0.0001887
3426,0.0637387,0.0001808,0.0001886
3427,0.0637320,0.0001808,0.0001885
3428,0.0637252,0.0001808,0.0001884
3429,0.0637185,0.0001808,0.0001883
3430,0.0637117,0.0001807,0.0001882
3431,0.0637048,0.0001807,0.0001881
3432,0.0636980,0.0001807,0.0001880
3433,0.0636911,0.0001807,0.0001879
3434,0.0636841,0.0001807,0.0001878
3435,0.0636772,0.0001807,0.0001877
3436,0.0636702,0.0001807,0.0001876
3437,0.0636631,0.0001806,0.0001876
3438,0.0636561,0.0001806,0.0001875
3439,0.0636490,0.0001806,0.0001874
3440,0.0636418,0.0001806,0.0001873
3441,0.0636347,0.0001806,0.0001872
3442,0.0636275,0.0001806,0.0001871
3443,0.0636203,0.0001805,0.0001870
3444,0.0636130,0.0001805,0.0001869
3445,0.0636057,0.0001805,0.0001868
3446,0.0635984,0.0001805,0.0001867
3447,0.0635911,0.0001805,0.0001866
3448,0.0635837,0.0001805,0.0001865
3449,0.0635763,0.0001805,0.0001864
3450,0.0635688,0.0001804,0.0001863
3451,0.0635613,0.0001804,0.0001862
3452,0.0635538,0.0001804,0.0001861
3453,0.0635463,0.0001804,0.0001860
3454,0.0635387,0.0001804,0.0001859
3455,0.0635311,0.0001804,0.0001858
3456,0.0635235,0.0001803,0.0001857
3457,0.0635158,0.0001803,0.0001856
3458,0.0635081,0.0001803,0.0001855
3459,0.0635004,0.0001803,0.0001854
3460,0.0634926,0.0001803,0.0001853
3461,0.0634849,0.0001803,0.0001852
3462,0.0634770,0.0001802,0.0001851
3463,0.0634692,0.0001802,0.0001850
3464,0.0634613,0.0001802,0.0001849
3465,0.0634534,0.0001802,0.0001848
3466,0.0634455,0.0001802,0.0001847
3467,0.0634375,0.0001802,0.0001846
3468,0.0634295,0.0001801,0.0001845
3469,0.0634215,0.0001801,0.0001844
3470,0.0634134,0.0001801,0.0001843
3471,0.0634054,0.0001801,0.0001842
3472,0.0633972,0.0001801,0.0001841
3473,0.0633891,0.0001801,0.0001840
3474,0.0633809,0.0001800,0.0001839
3475,0.0633727,0.0001800,0.0001838
3476,0.0633645,0.0001800,0.0001837
3477,0.0633562,0.0001800,0.0001836
3478,0.0633480,0.0001800,0.0001835
3479,0.0633396,0.0001799,0.0001834
3480,0.0633313,0.0001799,0.0001833
3481,0.0633229,0.0001799,0.0001832
3482,0.0633145,0.0001799,0.0001831
3483,0.0633061,0.0001799,0.0001830
3484,0.0632977,0.0001799,0.0001829
3485,0.0632892,0.0001798,0.0001828
3486,0.0632807,0.0001798,0.0001827
3487,0.0632721,0.0001798,0.0001826
3488,0.0632636,0.0001798,0.0001825
3489,0.0632550,0.0001798,0.0001824
3490,0.0632464,0.0001798,0.0001823
3491,0.0632377,0.0001797,0.0001822
3492,0.0632290,0.0001797,0.0001821
3493,0.0632203,0.0001797,0.0001820
3494,0.0632116,0.0001797,0.0001819
3495,0.0632029,0.0001797,0.0001818
3496,0.0631941,0.0001796,0.0001817
3497,0.0631853,0.0001796,0.0001816
3498,0.0631765,0.0001796,0.0001815
3499,0.0631676,0.0001796,0.0001814
3500,0.0631587,0.0001796,0.0001813
3501,0.0631498,0.0001796,0.0001812
3502,0.0631409,0.0001795,0.0001811
3503,0.0631319,0.0001795,0.0001810
3504,0.0631230,0.0001795,0.0001809
3505,0.0631139,0.0001795,0.0001808
3506,0.0631049,0.0001795,0.0001807
3507,0.0630959,0.0001794,0.0001806
3508,0.0630868,0.0001794,0.0001805
3509,0.0630777,0.0001794,0.0001804
3510,0.0630686,0.0001794,0.0001803
3511,0.0630594,0.0001794,0.0001802
3512,0.0630502,0.0001794,0.0001801
3513,0.0630410,0.0001793,0.0001800
3514,0.0630318,0.0001793,0.0001799
3515,0.0630225,0.0001793,0.0001798
3516,0.0630133,0.0001793,0.0001797
3517,0.0630040,0.0001793,0.0001796
3518,0.0629947,0.0001792,0.0001795
3519,0.0629853,0.0001792,0.0001794
3520,0.0629760,0.0001792,0.0001793
3521,0.0629666,0.0001792,0.0001792
3522,0.0629572,0.0001792,0.0001791
3523,0.0629477,0.0001791,0.0001790
3524,0.0629383,0.0001791,0.0001789
3525,0.0629288,0.0001791,0.0001788
3526,0.0629193,0.0001791,0.0001787
3527,0.0629098,0.0001791,0.0001786
3528,0.0629003,0.0001791,0.0001785
3529,0.0628907,0.0001790,0.0001784
3530,0.0628811,0.0001790,0.0001783
3531,0.0628715,0.0001790,0.0001782
3532,0.0628619,0.0001790,0.0001781
3533,0.0628522,0.0001790,0.0001780
3534,0.0628426,0.0001789,0.0001779
3535,0.0628329,0.0001789,0.0001778
3536,0.0628232,0.0001789,0.0001777
3537,0.0628134,0.0001789,0.0001776
3538,0.0628037,0.0001789,0.0001775
3539,0.0627939,0.0001788,0.0001774
3540,0.0627841,0.0001788,0.0001773
3541,0.0627743,0.0001788,0.0001772
3542,0.0627645,0.0001788,0.0001771
3543,0.0627547,0.0001788,0.0001770
3544,0.0627448,0.0001787,0.0001769
3545,0.0627349,0.0001787,0.0001769
3546,0.0627250,0.0001787,0.0001768
3547,0.0627151,0.0001787,0.0001767
3548,0.0627051,0.0001787,0.0001766
3549,0.0626952,0.0001786,0.0001765
3550,0.0626852,0.0001786,0.0001764
3551,0.0626752,0.0001786,0.0001763
3552,0.0626652,0.0001786,0.0001762
3553,0.0626551,0.0001786,0.0001761
3554,0.0626451,0.0001785,0.0001760
3555,0.0626350,0.0001785,0.0001759
3556,0.0626249,0.0001785,0.0001758
3557,0.0626148,0.0001785,0.0001757
3558,0.0626047,0.0001785,0.0001757
3559,0.0625946,0.0001784,0.0001756
3560,0.0625844,0.0001784,0.0001755
3561,0.0625742,0.0001784,0.0001754
3562,0.0625640,0.0001784,0.0001753
3563,0.0625538,0.0001784,0.0001752
3564,0.0625436,0.0001783,0.0001751
3565,0.0625334,0.0001783,0.0001750
3566,0.0625231,0.0001783,0.0001749
3567,0.0625128,0.0001783,0.0001749
3568,0.0625026,0.0001782,0.0001748
3569,0.0624923,0.0001782,0.0001747
3570,0.0624819,0.0001782,0.0001746
3571,0.0624716,0.0001782,0.0001745
3572,0.0624613,0.0001782,0.0001744
3573,0.0624509,0.0001781,0.0001743
3574,0.0624405,0.0001781,0.0001743
3575,0.0624301,0.0001781,0.0001742
3576,0.0624197,0.0001781,0.0001741
3577,0.0624093,0.0001781,0.0001740
3578,0.0623988,0.0001780,0.0001739
3579,0.0623884,0.0001780,0.0001738
3580,0.0623779,0.0001780,0.0001738
3581,0.0623674,0.0001780,0.0001737
3582,0.0623569,0.0001780,0.0001736
3583,0.0623464,0.0001779,0.0001735
3584,0.0623359,0.0001779,0.0001734
3585,0.0623254,0.0001779,0.0001733
3586,0.0623148,0.0001779,0.0001733
3587,0.0623042,0.0001778,0.0001732
3588,0.0622937,0.0001778,0.0001731
3589,0.0622831,0.0001778,0.0001730
3590,0.0622725,0.0001778,0.0001729
3591,0.0622618,0.0001778,0.0001729
3592,0.0622512,0.0001777,0.0001728
3593,0.0622406,0.0001777,0.0001727
3594,0.0622299,0.0001777,0.0001726
3595,0.0622192,0.0001777,0.0001726
3596,0.0622086,0.0001776,0.0001725
3597,0.0621979,0.0001776,0.0001724
3598,0.0621872,0.0001776,0.0001723
3599,0.0621764,0.0001776,0.0001722
3600,0.0621657,0.0001776,0.0001722
3601,0.0621550,0.0001775,0.0001721
3602,0.0621442,0.0001775,0.0001720
3603,0.0621334,0.0001775,0.0001719
3604,0.0621227,0.0001775,0.0001719
3605,0.0621119,0.0001774,0.0001718
3606,0.0621011,0.0001774,0.0001717
3607,0.0620903,0.0001774,0.0001717
3608,0.0620794,0.0001774,0.0001716
3609,0.0620686,0.0001774,0.0001715
3610,0.0620578,0.0001773,0.0001714
3611,0.0620469,0.0001773,0.0001714
3612,0.0620360,0.0001773,0.0001713
3613,0.0620252,0.0001773,0.0001712
3614,0.0620143,0.0001772,0.0001711
3615,0.0620034,0.0001772,0.0001711
3616,0.0619925,0.0001772,0.0001710
3617,0.0619816,0.0001772,0.0001709
3618,0.0619706,0.0001772,0.0001709
3619,0.0619597,0.0001771,0.0001708
3620,0.0619488,0.0001771,0.0001707
3621,0.0619378,0.0001771,0.0001707
3622,0.0619268,0.0001771,0.0001706
3623,0.0619159,0.0001770,0.0001705
3624,0.0619049,0.0001770,0.0001705
3625,0.0618939,0.0001770,0.0001704
3626,0.0618829,0.0001770,0.0001703
3627,0.0618719,0.0001769,0.0001703
3628,0.0618608,0.0001769,0.0001702
3629,0.0618498,0.0001769,0.0001701
3630,0.0618388,0.0001769,0.0001701
3631,0.0618277,0.0001768,0.0001700
3632,0.0618166,0.0001768,0.0001699
3633,0.0618056,0.0001768,0.0001699
3634,0.0617945,0.0001768,0.0001698
3635,0.0617834,0.0001768,0.0001697
3636,0.0617723,0.0001767,0.0001697
3637,0.0617612,0.0001767,0.0001696
3638,0.0617501,0.0001767,0.0001696
3639,0.0617390,0.0001767,0.0001695
3640,0.0617279,0.0001766,0.0001694
3641,0.0617167,0.0001766,0.0001694
3642,0.0617056,0.0001766,0.0001693
3643,0.0616944,0.0001766,0.0001693
3644,0.0616833,0.0001765,0.0001692
3645,0.0616721,0.0001765,0.0001691
3646,0.0616609,0.0001765,0.0001691
3647,0.0616498,0.0001765,0.0001690
3648,0.0616386,0.0001764,0.0001690
3649,0.0616274,0.0001764,0.0001689
3650,0.0616162,0.0001764,0.0001688
3651,0.0616049,0.0001764,0.0001688
3652,0.0615937,0.0001763,0.0001687
3653,0.0615825,0.0001763,0.0001687
3654,0.0615713,0.0001763,0.0001686
3655,0.0615600,0.0001763,0.0001686
3656,0.0615488,0.0001762,0.0001685
3657,0.0615375,0.0001762,0.0001684
3658,0.0615262,0.0001762,0.0001684
3659,0.0615150,0.0001762,0.0001683
3660,0.0615037,0.0001761,0.0001683
3661,0.0614924,0.0001761,0.0001682
3662,0.0614811,0.0001761,0.0001682
3663,0.0614698,0.0001761,0.0001681
3664,0.0614585,0.0001760,0.0001681
3665,0.0614472,0.0001760,0.0001680
3666,0.0614359,0.0001760,0.0001680
3667,0.0614246,0.0001760,0.0001679
3668,0.0614132,0.0001759,0.0001678
3669,0.0614019,0.0001759,0.0001678
3670,0.0613905,0.0001759,0.0001677
3671,0.0613792,0.0001759,0.0001677
3672,0.0613678,0.0001758,0.0001676
3673,0.0613565,0.0001758,0.0001676
3674,0.0613451,0.0001758,0.0001675
3675,0.0613337,0.0001758,0.0001675
3676,0.0613223,0.0001757,0.0001674
3677,0.0613109,0.0001757,0.0001674
3678,0.0612995,0.0001757,0.0001673
3679,0.0612881,0.0001757,0.0001673
3680,0.0612767,0.0001756,0.0001672
3681,0.0612653,0.0001756,0.0001672
3682,0.0612539,0.0001756,0.0001671
3683,0.0612424,0.0001756,0.0001671
3684,0.0612310,0.0001755,0.0001670
3685,0.0612196,0.0001755,0.0001670
3686,0.0612081,0.0001755,0.0001669
3687,0.0611966,0.0001755,0.0001669
3688,0.0611852,0.0001754,0.0001668
3689,0.0611737,0.0001754,0.0001668
3690,0.0611622,0.0001754,0.0001667
3691,0.0611508,0.0001753,0.0001667
3692,0.0611393,0.0001753,0.0001667
3693,0.0611278,0.0001753,0.0001666
3694,0.0611163,0.0001753,0.0001666
3695,0.0611048,0.0001752,0.0001665
3696,0.0610933,0.0001752,0.0001665
3697,0.0610817,0.0001752,0.0001664
3698,0.0610702,0.0001752,0.0001664
3699,0.0610587,0.0001751,0.0001663
3700,0.0610472,0.0001751,0.0001663
3701,0.0610356,0.0001751,0.0001662
3702,0.0610241,0.0001750,0.0001662
3703,0.0610125,0.0001750,0.0001662
3704,0.0610009,0.0001750,0.0001661
3705,0.0609894,0.0001750,0.0001661
3706,0.0609778,0.0001749,0.0001660
3707,0.0609662,0.0001749,0.0001660
3708,0.0609546,0.0001749,0.0001659
3709,0.0609430,0.0001749,0.0001659
3710,0.0609314,0.0001748,0.0001658
3711,0.0609198,0.0001748,0.0001658
3712,0.0609082,0.0001748,0.0001658
3713,0.0608966,0.0001747,0.0001657
3714,0.0608850,0.0001747,0.0001657
3715,0.0608734,0.0001747,0.0001656
3716,0.0608617,0.0001747,0.0001656
3717,0.0608501,0.0001746,0.0001655
3718,0.0608384,0.0001746,0.0001655
3719,0.0608268,0.0001746,0.0001655
3720,0.0608151,0.0001746,0.0001654
3721,0.0608034,0.0001745,0.0001654
3722,0.0607918,0.0001745,0.0001653
3723,0.0607801,0.0001745,0.0001653
3724,0.0607684,0.0001744,0.0001652
3725,0.0607567,0.0001744,0.0001652
3726,0.0607450,0.0001744,0.0001652
3727,0.0607333,0.0001744,0.0001651
3728,0.0607215,0.0001743,0.0001651
3729,0.0607098,0.0001743,0.0001650
3730,0.0606981,0.0001743,0.0001650
3731,0.0606864,0.0001742,0.0001650
3732,0.0606746,0.0001742,0.0001649
3733,0.0606629,0.0001742,0.0001649
3734,0.0606511,0.0001742,0.0001648
3735,0.0606393,0.0001741,0.0001648
3736,0.0606276,0.0001741,0.0001648
3737,0.0606158,0.0001741,0.0001647
3738,0.0606040,0.0001740,0.0001647
3739,0.0605922,0.0001740,0.0001646
3740,0.0605804,0.0001740,0.0001646
3741,0.0605686,0.0001740,0.0001646
3742,0.0605568,0.0001739,0.0001645
3743,0.0605449,0.0001739,0.0001645
3744,0.0605331,0.0001739,0.0001644
3745,0.0605213,0.0001738,0.0001644
3746,0.0605094,0.0001738,0.0001644
3747,0.0604976,0.0001738,0.0001643
3748,0.0604857,0.0001737,0.0001643
3749,0.0604738,0.0001737,0.0001642
3750,0.0604620,0.0001737,0.0001642
3751,0.0604501,0.0001737,0.0001642
3752,0.0604382,0.0001736,0.0001641
3753,0.0604263,0.0001736,0.0001641
3754,0.0604144,0.0001736,0.0001640
3755,0.0604025,0.0001735,0.0001640
3756,0.0603905,0.0001735,0.0001640
3757,0.0603786,0.0001735,0.0001639
3758,0.0603666,0.0001734,0.0001639
3759,0.0603547,0.0001734,0.0001638
3760,0.0603427,0.0001734,0.0001638
3761,0.0603308,0.0001734,0.0001638
3762,0.0603188,0.0001733,0.0001637
3763,0.0603068,0.0001733,0.0001637
3764,0.0602948,0.0001733,0.0001636
3765,0.0602828,0.0001732,0.0001636
3766,0.0602708,0.0001732,0.0001636
3767,0.0602588,0.0001732,0.0001635
3768,0.0602467,0.0001731,0.0001635
3769,0.0602347,0.0001731,0.0001634
3770,0.0602227,0.0001731,0.0001634
3771,0.0602106,0.0001730,0.0001634
3772,0.0601985,0.0001730,0.0001633
3773,0.0601865,0.0001730,0.0001633
3774,0.0601744,0.0001730,0.0001632
3775,0.0601623,0.0001729,0.0001632
3776,0.0601502,0.0001729,0.0001632
3777,0.0601381,0.0001729,0.0001631
3778,0.0601259,0.0001728,0.0001631
3779,0.0601138,0.0001728,0.0001630
3780,0.0601016,0.0001728,0.0001630
3781,0.0600895,0.0001727,0.0001630
3782,0.0600773,0.0001727,0.0001629
3783,0.0600652,0.0001727,0.0001629
3784,0.0600530,0.0001726,0.0001628
3785,0.0600408,0.0001726,0.0001628
3786,0.0600286,0.0001726,0.0001628
3787,0.0600164,0.0001725,0.0001627
3788,0.0600041,0.0001725,0.0001627
3789,0.0599919,0.0001725,0.0001626
3790,0.0599796,0.0001725,0.0001626
3791,0.0599674,0.0001724,0.0001626
3792,0.0599551,0.0001724,0.0001625
3793,0.0599428,0.0001724,0.0001625
3794,0.0599305,0.0001723,0.0001624
3795,0.0599182,0.0001723,0.0001624
3796,0.0599059,0.0001723,0.0001623
3797,0.0598936,0.0001722,0.0001623
3798,0.0598813,0.0001722,0.0001623
3799,0.0598689,0.0001722,0.0001622
3800,0.0598565,0.0001721,0.0001622
3801,0.0598442,0.0001721,0.0001621
3802,0.0598318,0.0001721,0.0001621
3803,0.0598194,0.0001720,0.0001621
3804,0.0598070,0.0001720,0.0001620
3805,0.0597946,0.0001720,0.0001620
3806,0.0597821,0.0001719,0.0001619
3807,0.0597697,0.0001719,0.0001619
3808,0.0597572,0.0001719,0.0001618
3809,0.0597448,0.0001718,0.0001618
3810,0.0597323,0.0001718,0.0001618
3811,0.0597198,0.0001718,0.0001617
3812,0.0597073,0.0001717,0.0001617
3813,0.0596948,0.0001717,0.0001616
3814,0.0596822,0.0001717,0.0001616
3815,0.0596697,0.0001716,0.0001615
3816,0.0596571,0.0001716,0.0001615
3817,0.0596446,0.0001716,0.0001615
3818,0.0596320,0.0001715,0.0001614
3819,0.0596194,0.0001715,0.0001614
3820,0.0596068,0.0001715,0.0001613
3821,0.0595941,0.0001714,0.0001613
3822,0.0595815,0.0001714,0.0001612
3823,0.0595689,0.0001714,0.0001612
3824,0.0595562,0.0001713,0.0001611
3825,0.0595435,0.0001713,0.0001611
3826,0.0595308,0.0001713,0.0001611
3827,0.0595181,0.0001712,0.0001610
3828,0.0595054,0.0001712,0.0001610
3829,0.0594927,0.0001712,0.0001609
3830,0.0594799,0.0001711,0.0001609
3831,0.0594671,0.0001711,0.0001608
3832,0.0594544,0.0001711,0.0001608
3833,0.0594416,0.0001710,0.0001607
3834,0.0594288,0.0001710,0.0001607
3835,0.0594159,0.0001710,0.0001606
3836,0.0594031,0.0001709,0.0001606
3837,0.0593903,0.0001709,0.0001605
3838,0.0593774,0.0001709,0.0001605
3839,0.0593645,0.0001708,0.0001605
3840,0.0593516,0.0001708,0.0001604
3841,0.0593387,0.0001708,0.0001604
3842,0.0593258,0.0001707,0.0001603
3843,0.0593128,0.0001707,0.0001603
3844,0.0592999,0.0001706,0.0001602
3845,0.0592869,0.0001706,0.0001602
3846,0.0592739,0.0001706,0.0001601
3847,0.0592609,0.0001705,0.0001601
3848,0.0592479,0.0001705,0.0001600
3849,0.0592348,0.0001705,0.0001600
3850,0.0592218,0.0001704,0.0001599
3851,0.0592087,0.0001704,0.0001599
3852,0.0591956,0.0001704,0.0001598
3853,0.0591825,0.0001703,0.0001598
3854,0.0591694,0.0001703,0.0001597
3855,0.0591563,0.0001703,0.0001597
3856,0.0591431,0.0001702,0.0001596
3857,0.0591300,0.0001702,0.0001596
3858,0.0591168,0.0001702,0.0001595
3859,0.0591036,0.0001701,0.0001595
3860,0.0590904,0.0001701,0.0001594
3861,0.0590771,0.0001700,0.0001594
3862,0.0590639,0.0001700,0.0001593
3863,0.0590506,0.0001700,0.0001593
3864,0.0590373,0.0001699,0.0001592
3865,0.0590240,0.0001699,0.0001592
3866,0.0590107,0.0001699,0.0001591
3867,0.0589974,0.0001698,0.0001591
3868,0.0589840,0.0001698,0.0001590
3869,0.0589706,0.0001698,0.0001590
3870,0.0589572,0.0001697,0.0001589
3871,0.0589438,0.0001697,0.0001589
3872,0.0589304,0.0001697,0.0001588
3873,0.0589170,0.0001696,0.0001588
3874,0.0589035,0.0001696,0.0001587
3875,0.0588900,0.0001695,0.0001586
3876,0.0588765,0.0001695,0.0001586
3877,0.0588630,0.0001695,0.0001585
3878,0.0588495,0.0001694,0.0001585
3879,0.0588359,0.0001694,0.0001584
3880,0.0588223,0.0001694,0.0001584
3881,0.0588088,0.0001693,0.0001583
3882,0.0587951,0.0001693,0.0001583
3883,0.0587815,0.0001693,0.0001582
3884,0.0587679,0.0001692,0.0001582
3885,0.0587542,0.0001692,0.0001581
3886,0.0587405,0.0001691,0.0001581
3887,0.0587268,0.0001691,0.0001580
3888,0.0587131,0.0001691,0.0001579
3889,0.0586994,0.0001690,0.0001579
3890,0.0586856,0.0001690,0.0001578
3891,0.0586718,0.0001690,0.0001578
3892,0.0586580,0.0001689,0.0001577
3893,0.0586442,0.0001689,0.0001577
3894,0.0586304,0.0001688,0.0001576
3895,0.0586165,0.0001688,0.0001576
3896,0.0586027,0.0001688,0.0001575
3897,0.0585888,0.0001687,0.0001574
3898,0.0585748,0.0001687,0.0001574
3899,0.0585609,0.0001687,0.0001573
3900,0.0585470,0.0001686,0.0001573
3901,0.0585330,0.0001686,0.0001572
3902,0.0585190,0.0001685,0.0001572
3903,0.0585050,0.0001685,0.0001571
3904,0.0584909,0.0001685,0.0001570
3905,0.0584769,0.0001684,0.0001570
3906,0.0584628,0.0001684,0.0001569
3907,0.0584487,0.0001684,0.0001569
3908,0.0584346,0.0001683,0.0001568
3909,0.0584205,0.0001683,0.0001567
3910,0.0584063,0.0001682,0.0001567
3911,0.0583922,0.0001682,0.0001566
3912,0.0583780,0.0001682,0.0001566
3913,0.0583638,0.0001681,0.0001565
3914,0.0583495,0.0001681,0.0001564
3915,0.0583353,0.0001680,0.0001564
3916,0.0583210,0.0001680,0.0001563
3917,0.0583067,0.0001680,0.0001563
3918,0.0582924,0.0001679,0.0001562
3919,0.0582780,0.0001679,0.0001561
3920,0.0582637,0.0001679,0.0001561
3921,0.0582493,0.0001678,0.0001560
3922,0.0582349,0.0001678,0.0001560
3923,0.0582205,0.0001677,0.0001559
3924,0.0582060,0.0001677,0.0001558
3925,0.0581916,0.0001677,0.0001558
3926,0.0581771,0.0001676,0.0001557
3927,0.0581626,0.0001676,0.0001557
3928,0.0581481,0.0001675,0.0001556
3929,0.0581335,0.0001675,0.0001555
3930,0.0581189,0.0001675,0.0001555
3931,0.0581043,0.0001674,0.0001554
3932,0.0580897,0.0001674,0.0001553
3933,0.0580751,0.0001673,0.0001553
3934,0.0580605,0.0001673,0.0001552
3935,0.0580458,0.0001673,0.0001552
3936,0.0580311,0.0001672,0.0001551
3937,0.0580164,0.0001672,0.0001550
3938,0.0580016,0.0001672,0.0001550
3939,0.0579869,0.0001671,0.0001549
3940,0.0579721,0.0001671,0.0001548
3941,0.0579573,0.0001670,0.0001548
3942,0.0579424,0.0001670,0.0001547
3943,0.0579276,0.0001670,0.0001546
3944,0.0579127,0.0001669,0.0001546
3945,0.0578978,0.0001669,0.0001545
3946,0.0578829,0.0001668,0.0001545
3947,0.0578680,0.0001668,0.0001544
3948,0.0578530,0.0001668,0.0001543
3949,0.0578381,0.0001667,0.0001543
3950,0.0578231,0.0001667,0.0001542
3951,0.0578080,0.0001666,0.0001541
3952,0.0577930,0.0001666,0.0001541
3953,0.0577779,0.0001666,0.0001540
3954,0.0577628,0.0001665,0.0001539
3955,0.0577477,0.0001665,0.0001539
3956,0.0577326,0.0001664,0.0001538
3957,0.0577174,0.0001664,0.0001537
3958,0.0577023,0.0001664,0.0001537
3959,0.0576871,0.0001663,0.0001536
3960,0.0576718,0.0001663,0.0001535
3961,0.0576566,0.0001662,0.0001535
3962,0.0576413,0.0001662,0.0001534
3963,0.0576261,0.0001662,0.0001533
3964,0.0576107,0.0001661,0.0001533
3965,0.0575954,0.0001661,0.0001532
3966,0.0575801,0.0001660,0.0001531
3967,0.0575647,0.0001660,0.0001531
3968,0.0575493,0.0001660,0.0001530
3969,0.0575339,0.0001659,0.0001529
3970,0.0575184,0.0001659,0.0001529
3971,0.0575030,0.0001658,0.0001528
3972,0.0574875,0.0001658,0.0001527
3973,0.0574720,0.0001657,0.0001527
3974,0.0574564,0.0001657,0.0001526
3975,0.0574409,0.0001657,0.0001525
3976,0.0574253,0.0001656,0.0001525
3977,0.0574097,0.0001656,0.0001524
3978,0.0573941,0.0001655,0.0001523
3979,0.0573785,0.0001655,0.0001523
3980,0.0573628,0.0001655,0.0001522
3981,0.0573471,0.0001654,0.0001521
3982,0.0573314,0.0001654,0.0001521
3983,0.0573157,0.0001653,0.0001520
3984,0.0572999,0.0001653,0.0001519
3985,0.0572841,0.0001653,0.0001519
3986,0.0572683,0.0001652,0.0001518
3987,0.0572525,0.0001652,0.0001517
3988,0.0572367,0.0001651,0.0001517
3989,0.0572208,0.0001651,0.0001516
3990,0.0572049,0.0001650,0.0001515
3991,0.0571890,0.0001650,0.0001515
3992,0.0571731,0.0001650,0.0001514
3993,0.0571571,0.0001649,0.0001513
3994,0.0571411,0.0001649,0.0001513
3995,0.0571251,0.0001648,0.0001512
3996,0.0571091,0.0001648,0.0001511
3997,0.0570931,0.0001648,0.0001511
3998,0.0570770,0.0001647,0.0001510
3999,0.0570609,0.0001647,0.0001509
4000,0.0570448,0.0001646,0.0001508
4001,0.0570287,0.0001646,0.0001508
4002,0.0570125,0.0001645,0.0001507
4003,0.0569963,0.0001645,0.0001506
4004,0.0569801,0.0001645,0.0001506
4005,0.0569639,0.0001644,0.0001505
4006,0.0569477,0.0001644,0.0001504
4007,0.0569314,0.0001643,0.0001504
4008,0.0569151,0.0001643,0.0001503
4009,0.0568988,0.0001642,0.0001502
4010,0.0568825,0.0001642,0.0001502
4011,0.0568661,0.0001642,0.0001501
4012,0.0568497,0.0001641,0.0001500
4013,0.0568333,0.0001641,0.0001499
4014,0.0568169,0.0001640,0.0001499
4015,0.0568005,0.0001640,0.0001498
4016,0.0567840,0.0001639,0.0001497
4017,0.0567675,0.0001639,0.0001497
4018,0.0567510,0.0001639,0.0001496
4019,0.0567344,0.0001638,0.0001495
4020,0.0567179,0.0001638,0.0001495
4021,0.0567013,0.0001637,0.0001494
4022,0.0566847,0.0001637,0.0001493
4023,0.0566681,0.0001637,0.0001493
4024,0.0566514,0.0001636,0.0001492
4025,0.0566348,0.0001636,0.0001491
4026,0.0566181,0.0001635,0.0001491
4027,0.0566014,0.0001635,0.0001490
4028,0.0565846,0.0001634,0.0001489
4029,0.0565679,0.0001634,0.0001488
4030,0.0565511,0.0001633,0.0001488
4031,0.0565343,0.0001633,0.0001487
4032,0.0565175,0.0001633,0.0001486
4033,0.0565006,0.0001632,0.0001486
4034,0.0564838,0.0001632,0.0001485
4035,0.0564669,0.0001631,0.0001484
4036,0.0564500,0.0001631,0.0001484
4037,0.0564331,0.0001630,0.0001483
4038,0.0564161,0.0001630,0.0001482
4039,0.0563991,0.0001630,0.0001482
4040,0.0563821,0.0001629,0.0001481
4041,0.0563651,0.0001629,0.0001480
4042,0.0563481,0.0001628,0.0001479
4043,0.0563310,0.0001628,0.0001479
4044,0.0563139,0.0001627,0.0001478
4045,0.0562968,0.0001627,0.0001477
4046,0.0562797,0.0001627,0.0001477
4047,0.0562626,0.0001626,0.0001476
4048,0.0562454,0.0001626,0.0001475
4049,0.0562282,0.0001625,0.0001475
4050,0.0562110,0.0001625,0.0001474
4051,0.0561938,0.0001624,0.0001473
4052,0.0561765,0.0001624,0.0001473
4053,0.0561592,0.0001623,0.0001472
4054,0.0561419,0.0001623,0.0001471
4055,0.0561246,0.0001623,0.0001471
4056,0.0561073,0.0001622,0.0001470
4057,0.0560899,0.0001622,0.0001469
4058,0.0560725,0.0001621,0.0001468
4059,0.0560551,0.0001621,0.0001468
4060,0.0560377,0.0001620,0.0001467
4061,0.0560202,0.0001620,0.0001466
4062,0.0560028,0.0001620,0.0001466
4063,0.0559853,0.0001619,0.0001465
4064,0.0559678,0.0001619,0.0001464
4065,0.0559502,0.0001618,0.0001464
4066,0.0559327,0.0001618,0.0001463
4067,0.0559151,0.0001617,0.0001462
4068,0.0558975,0.0001617,0.0001462
4069,0.0558799,0.0001616,0.0001461
4070,0.0558623,0.0001616,0.0001460
4071,0.0558446,0.0001616,0.0001460
4072,0.0558269,0.0001615,0.0001459
4073,0.0558092,0.0001615,0.0001458
4074,0.0557915,0.0001614,0.0001458
4075,0.0557738,0.0001614,0.0001457
4076,0.0557560,0.0001613,0.0001456
4077,0.0557382,0.0001613,0.0001456
4078,0.0557204,0.0001612,0.0001455
4079,0.0557026,0.0001612,0.0001454
4080,0.0556847,0.0001611,0.0001454
4081,0.0556669,0.0001611,0.0001453
4082,0.0556490,0.0001611,0.0001452
4083,0.0556311,0.0001610,0.0001452
4084,0.0556132,0.0001610,0.0001451
4085,0.0555952,0.0001609,0.0001450
4086,0.0555772,0.0001609,0.0001450
4087,0.0555593,0.0001608,0.0001449
4088,0.0555412,0.0001608,0.0001448
4089,0.0555232,0.0001607,0.0001448
4090,0.0555052,0.0001607,0.0001447
4091,0.0554871,0.0001607,0.0001446
4092,0.0554690,0.0001606,0.0001446
4093,0.0554509,0.0001606,0.0001445
4094,0.0554328,0.0001605,0.0001444
4095,0.0554146,0.0001605,0.0001444
4096,0.0553964,0.0001604,0.0001443
4097,0.0553782,0.0001604,0.0001442
4098,0.0553600,0.0001603,0.0001442
4099,0.0553418,0.0001603,0.0001441
4100,0.0553235,0.0001602,0.0001440
4101,0.0553053,0.0001602,0.0001440
4102,0.0552870,0.0001602,0.0001439
4103,0.0552687,0.0001601,0.0001438
4104,0.0552503,0.0001601,0.0001438
4105,0.0552320,0.0001600,0.0001437
4106,0.0552136,0.0001600,0.0001437
4107,0.0551952,0.0001599,0.0001436
4108,0.0551768,0.0001599,0.0001435
4109,0.0551584,0.0001598,0.0001435
4110,0.0551399,0.0001598,0.0001434
4111,0.0551215,0.0001597,0.0001433
4112,0.0551030,0.0001597,0.0001433
4113,0.0550845,0.0001596,0.0001432
4114,0.0550659,0.0001596,0.0001431
4115,0.0550474,0.0001596,0.0001431
4116,0.0550288,0.0001595,0.0001430
4117,0.0550102,0.0001595,0.0001429
4118,0.0549916,0.0001594,0.0001429
4119,0.0549730,0.0001594,0.0001428
4120,0.0549543,0.0001593,0.0001428
4121,0.0549357,0.0001593,0.0001427
4122,0.0549170,0.0001592,0.0001426
4123,0.0548983,0.0001592,0.0001426
4124,0.0548796,0.0001591,0.0001425
4125,0.0548608,0.0001591,0.0001424
4126,0.0548421,0.0001590,0.0001424
4127,0.0548233,0.0001590,0.0001423
4128,0.0548045,0.0001590,0.0001423
4129,0.0547857,0.0001589,0.0001422
4130,0.0547668,0.0001589,0.0001421
4131,0.0547480,0.0001588,0.0001421
4132,0.0547291,0.0001588,0.0001420
4133,0.0547102,0.0001587,0.0001419
4134,0.0546913,0.0001587,0.0001419
4135,0.0546724,0.0001586,0.0001418
4136,0.0546534,0.0001586,0.0001418
4137,0.0546344,0.0001585,0.0001417
4138,0.0546154,0.0001585,0.0001416
4139,0.0545964,0.0001584,0.0001416
4140,0.0545774,0.0001584,0.0001415
4141,0.0545584,0.0001583,0.0001415
4142,0.0545393,0.0001583,0.0001414
4143,0.0545202,0.0001583,0.0001413
4144,0.0545011,0.0001582,0.0001413
4145,0.0544820,0.0001582,0.0001412
4146,0.0544628,0.0001581,0.0001412
4147,0.0544437,0.0001581,0.0001411
4148,0.0544245,0.0001580,0.0001410
4149,0.0544053,0.0001580,0.0001410
4150,0.0543861,0.0001579,0.0001409
4151,0.0543669,0.0001579,0.0001409
4152,0.0543476,0.0001578,0.0001408
4153,0.0543284,0.0001578,0.0001407
4154,0.0543091,0.0001577,0.0001407
4155,0.0542898,0.0001577,0.0001406
4156,0.0542704,0.0001576,0.0001406
4157,0.0542511,0.0001576,0.0001405
4158,0.0542317,0.0001575,0.0001404
4159,0.0542124,0.0001575,0.0001404
4160,0.0541930,0.0001574,0.0001403
4161,0.0541735,0.0001574,0.0001403
4162,0.0541541,0.0001574,0.0001402
4163,0.0541347,0.0001573,0.0001401
4164,0.0541152,0.0001573,0.0001401
4165,0.0540957,0.0001572,0.0001400
4166,0.0540762,0.0001572,0.0001400
4167,0.0540567,0.0001571,0.0001399
4168,0.0540371,0.0001571,0.0001399
4169,0.0540176,0.0001570,0.0001398
4170,0.0539980,0.0001570,0.0001397
4171,0.0539784,0.0001569,0.0001397
4172,0.0539588,0.0001569,0.0001396
4173,0.0539392,0.0001568,0.0001396
4174,0.0539195,0.0001568,0.0001395
4175,0.0538999,0.0001567,0.0001395
4176,0.0538802,0.0001567,0.0001394
4177,0.0538605,0.0001566,0.0001393
4178,0.0538408,0.0001566,0.0001393
4179,0.0538210,0.0001565,0.0001392
4180,0.0538013,0.0001565,0.0001392
4181,0.0537815,0.0001564,0.0001391
4182,0.0537617,0.0001564,0.0001391
4183,0.0537419,0.0001563,0.0001390
4184,0.0537221,0.0001563,0.0001389
4185,0.0537022,0.0001563,0.0001389
4186,0.0536824,0.0001562,0.0001388
4187,0.0536625,0.0001562,0.0001388
4188,0.0536426,0.0001561,0.0001387
4189,0.0536227,0.0001561,0.0001387
4190,0.0536027,0.0001560,0.0001386
4191,0.0535828,0.0001560,0.0001386
4192,0.0535628,0.0001559,0.0001385
4193,0.0535429,0.0001559,0.0001384
4194,0.0535229,0.0001558,0.0001384
4195,0.0535028,0.0001558,0.0001383
4196,0.0534828,0.0001557,0.0001383
4197,0.0534627,0.0001557,0.0001382
4198,0.0534427,0.0001556,0.0001382
4199,0.0534226,0.0001556,0.0001381
4200,0.0534025,0.0001555,0.0001381
4201,0.0533824,0.0001555,0.0001380
4202,0.0533622,0.0001554,0.0001380
4203,0.0533421,0.0001554,0.0001379
4204,0.0533219,0.0001553,0.0001378
4205,0.0533017,0.0001553,0.0001378
4206,0.0532815,0.0001552,0.0001377
4207,0.0532613,0.0001552,0.0001377
4208,0.0532410,0.0001551,0.0001376
4209,0.0532208,0.0001551,0.0001376
4210,0.0532005,0.0001550,0.0001375
4211,0.0531802,0.0001550,0.0001375
4212,0.0531599,0.0001549,0.0001374
4213,0.0531396,0.0001549,0.0001374
4214,0.0531192,0.0001548,0.0001373
4215,0.0530989,0.0001548,0.0001373
4216,0.0530785,0.0001547,0.0001372
4217,0.0530581,0.0001547,0.0001372
4218,0.0530377,0.0001546,0.0001371
4219,0.0530173,0.0001546,0.0001371
4220,0.0529968,0.0001545,0.0001370
4221,0.0529764,0.0001545,0.0001369
4222,0.0529559,0.0001544,0.0001369
4223,0.0529354,0.0001544,0.0001368
4224,0.0529149,0.0001543,0.0001368
4225,0.0528943,0.0001543,0.0001367
4226,0.0528738,0.0001542,0.0001367
4227,0.0528532,0.0001542,0.0001366
4228,0.0528327,0.0001541,0.0001366
4229,0.0528121,0.0001541,0.0001365
4230,0.0527915,0.0001540,0.0001365
4231,0.0527708,0.0001540,0.0001364
4232,0.0527502,0.0001539,0.0001364
4233,0.0527295,0.0001539,0.0001363
4234,0.0527088,0.0001538,0.0001363
4235,0.0526881,0.0001538,0.0001362
4236,0.0526674,0.0001537,0.0001362
4237,0.0526467,0.0001537,0.0001361
4238,0.0526259,0.0001536,0.0001361
4239,0.0526052,0.0001536,0.0001360
4240,0.0525844,0.0001535,0.0001360
4241,0.0525636,0.0001535,0.0001359
4242,0.0525428,0.0001534,0.0001359
4243,0.0525220,0.0001534,0.0001358
4244,0.0525011,0.0001533,0.0001358
4245,0.0524802,0.0001533,0.0001357
4246,0.0524594,0.0001532,0.0001357
4247,0.0524385,0.0001532,0.0001356
4248,0.0524176,0.0001531,0.0001356
4249,0.0523966,0.0001531,0.0001355
4250,0.0523757,0.0001530,0.0001355
4251,0.0523547,0.0001530,0.0001354
4252,0.0523337,0.0001529,0.0001354
4253,0.0523127,0.0001529,0.0001353
4254,0.0522917,0.0001528,0.0001353
4255,0.0522707,0.0001528,0.0001352
4256,0.0522496,0.0001527,0.0001352
4257,0.0522286,0.0001527,0.0001351
4258,0.0522075,0.0001526,0.0001351
4259,0.0521864,0.0001526,0.0001350
4260,0.0521653,0.0001525,0.0001350
4261,0.0521442,0.0001525,0.0001349
4262,0.0521230,0.0001524,0.0001349
4263,0.0521019,0.0001524,0.0001348
4264,0.0520807,0.0001523,0.0001348
4265,0.0520595,0.0001523,0.0001347
4266,0.0520383,0.0001522,0.0001347
4267,0.0520171,0.0001522,0.0001346
4268,0.0519958,0.0001521,0.0001346
4269,0.0519745,0.0001521,0.0001345
4270,0.0519533,0.0001520,0.0001345
4271,0.0519320,0.0001520,0.0001345
4272,0.0519107,0.0001519,0.0001344
4273,0.0518893,0.0001519,0.0001344
4274,0.0518680,0.0001518,0.0001343
4275,0.0518466,0.0001518,0.0001343
4276,0.0518253,0.0001517,0.0001342
4277,0.0518039,0.0001517,0.0001342
4278,0.0517825,0.0001516,0.0001341
4279,0.0517610,0.0001516,0.0001341
4280,0.0517396,0.0001515,0.0001340
4281,0.0517181,0.0001515,0.0001340
4282,0.0516967,0.0001514,0.0001339
4283,0.0516752,0.0001514,0.0001339
4284,0.0516537,0.0001513,0.0001338
4285,0.0516321,0.0001513,0.0001338
4286,0.0516106,0.0001512,0.0001337
4287,0.0515890,0.0001512,0.0001337
4288,0.0515675,0.0001511,0.0001336
4289,0.0515459,0.0001511,0.0001336
4290,0.0515243,0.0001510,0.0001336
4291,0.0515026,0.0001510,0.0001335
4292,0.0514810,0.0001509,0.0001335
4293,0.0514594,0.0001509,0.0001334
4294,0.0514377,0.0001508,0.0001334
4295,0.0514160,0.0001508,0.0001333
4296,0.0513943,0.0001507,0.0001333
4297,0.0513726,0.0001507,0.0001332
4298,0.0513508,0.0001506,0.0001332
4299,0.0513291,0.0001505,0.0001331
4300,0.0513073,0.0001505,0.0001331
4301,0.0512855,0.0001504,0.0001330
4302,0.0512637,0.0001504,0.0001330
4303,0.0512419,0.0001503,0.0001329
4304,0.0512201,0.0001503,0.0001329
4305,0.0511982,0.0001502,0.0001329
4306,0.0511763,0.0001502,0.0001328
4307,0.0511545,0.0001501,0.0001328
4308,0.0511326,0.0001501,0.0001327
4309,0.0511106,0.0001500,0.0001327
4310,0.0510887,0.0001500,0.0001326
4311,0.0510667,0.0001499,0.0001326
4312,0.0510448,0.0001499,0.0001325
4313,0.0510228,0.0001498,0.0001325
4314,0.0510008,0.0001498,0.0001324
4315,0.0509788,0.0001497,0.0001324
4316,0.0509567,0.0001497,0.0001324
4317,0.0509347,0.0001496,0.0001323
4318,0.0509126,0.0001496,0.0001323
4319,0.0508905,0.0001495,0.0001322
4320,0.0508684,0.0001495,0.0001322
4321,0.0508463,0.0001494,0.0001321
4322,0.0508242,0.0001494,0.0001321
4323,0.0508021,0.0001493,0.0001320
4324,0.0507799,0.0001492,0.0001320
4325,0.0507577,0.0001492,0.0001319
4326,0.0507355,0.0001491,0.0001319
4327,0.0507133,0.0001491,0.0001319
4328,0.0506911,0.0001490,0.0001318
4329,0.0506688,0.0001490,0.0001318
4330,0.0506466,0.0001489,0.0001317
4331,0.0506243,0.0001489,0.0001317
4332,0.0506020,0.0001488,0.0001316
4333,0.0505797,0.0001488,0.0001316
4334,0.0505573,0.0001487,0.0001315
4335,0.0505350,0.0001487,0.0001315
4336,0.0505126,0.0001486,0.0001315
4337,0.0504902,0.0001486,0.0001314
4338,0.0504678,0.0001485,0.0001314
4339,0.0504454,0.0001485,0.0001313
4340,0.0504230,0.0001484,0.0001313
4341,0.0504006,0.0001484,0.0001312
4342,0.0503781,0.0001483,0.0001312
4343,0.0503556,0.0001482,0.0001311
4344,0.0503331,0.0001482,0.0001311
4345,0.0503106,0.0001481,0.0001310
4346,0.0502881,0.0001481,0.0001310
4347,0.0502655,0.0001480,0.0001310
4348,0.0502430,0.0001480,0.0001309
4349,0.0502204,0.0001479,0.0001309
4350,0.0501978,0.0001479,0.0001308
4351,0.0501752,0.0001478,0.0001308
4352,0.0501526,0.0001478,0.0001307
4353,0.0501299,0.0001477,0.0001307
4354,0.0501073,0.0001477,0.0001306
4355,0.0500846,0.0001476,0.0001306
4356,0.0500619,0.0001476,0.0001306
4357,0.0500392,0.0001475,0.0001305
4358,0.0500165,0.0001474,0.0001305
4359,0.0499937,0.0001474,0.0001304
4360,0.0499710,0.0001473,0.0001304
4361,0.0499482,0.0001473,0.0001303
4362,0.0499254,0.0001472,0.0001303
4363,0.0499026,0.0001472,0.0001302
4364,0.0498798,0.0001471,0.0001302
4365,0.0498569,0.0001471,0.0001302
4366,0.0498341,0.0001470,0.0001301
4367,0.0498112,0.0001470,0.0001301
4368,0.0497883,0.0001469,0.0001300
4369,0.0497654,0.0001469,0.0001300
4370,0.0497424,0.0001468,0.0001299
4371,0.0497195,0.0001468,0.0001299
4372,0.0496965,0.0001467,0.0001299
4373,0.0496736,0.0001466,0.0001298
4374,0.0496506,0.0001466,0.0001298
4375,0.0496276,0.0001465,0.0001297
4376,0.0496045,0.0001465,0.0001297
4377,0.0495815,0.0001464,0.0001296
4378,0.0495584,0.0001464,0.0001296
4379,0.0495354,0.0001463,0.0001295
4380,0.0495123,0.0001463,0.0001295
4381,0.0494892,0.0001462,0.0001295
4382,0.0494660,0.0001462,0.0001294
4383,0.0494429,0.0001461,0.0001294
4384,0.0494197,0.0001461,0.0001293
4385,0.0493966,0.0001460,0.0001293
4386,0.0493734,0.0001459,0.0001292
4387,0.0493502,0.0001459,0.0001292
4388,0.0493270,0.0001458,0.0001292
4389,0.0493037,0.0001458,0.0001291
4390,0.0492805,0.0001457,0.0001291
4391,0.0492572,0.0001457,0.0001290
4392,0.0492339,0.0001456,0.0001290
4393,0.0492106,0.0001456,0.0001289
4394,0.0491873,0.0001455,0.0001289
4395,0.0491639,0.0001455,0.0001288
4396,0.0491406,0.0001454,0.0001288
4397,0.0491172,0.0001454,0.0001288
4398,0.0490938,0.0001453,0.0001287
4399,0.0490704,0.0001452,0.0001287
4400,0.0490470,0.0001452,0.0001286
4401,0.0490235,0.0001451,0.0001286
4402,0.0490001,0.0001451,0.0001285
4403,0.0489766,0.0001450,0.0001285
4404,0.0489531,0.0001450,0.0001285
4405,0.0489296,0.0001449,0.0001284
4406,0.0489061,0.0001449,0.0001284
4407,0.0488825,0.0001448,0.0001283
4408,0.0488590,0.0001448,0.0001283
4409,0.0488354,0.0001447,0.0001282
4410,0.0488118,0.0001446,0.0001282
4411,0.0487882,0.0001446,0.0001281
4412,0.0487646,0.0001445,0.0001281
4413,0.0487409,0.0001445,0.0001281
4414,0.0487173,0.0001444,0.0001280
4415,0.0486936,0.0001444,0.0001280
4416,0.0486699,0.0001443,0.0001279
4417,0.0486462,0.0001443,0.0001279
4418,0.0486225,0.0001442,0.0001278
4419,0.0485988,0.0001442,0.0001278
4420,0.0485750,0.0001441,0.0001278
4421,0.0485512,0.0001440,0.0001277
4422,0.0485274,0.0001440,0.0001277
4423,0.0485036,0.0001439,0.0001276
4424,0.0484798,0.0001439,0.0001276
4425,0.0484560,0.0001438,0.0001275
4426,0.0484321,0.0001438,0.0001275
4427,0.0484083,0.0001437,0.0001275
4428,0.0483844,0.0001437,0.0001274
4429,0.0483605,0.0001436,0.0001274
4430,0.0483365,0.0001436,0.0001273
4431,0.0483126,0.0001435,0.0001273
4432,0.0482887,0.0001434,0.0001272
4433,0.0482647,0.0001434,0.0001272
4434,0.0482407,0.0001433,0.0001272
4435,0.0482167,0.0001433,0.0001271
4436,0.0481927,0.0001432,0.0001271
4437,0.0481686,0.0001432,0.0001270
4438,0.0481446,0.0001431,0.0001270
4439,0.0481205,0.0001431,0.0001269
4440,0.0480964,0.0001430,0.0001269
4441,0.0480723,0.0001429,0.0001269
4442,0.0480482,0.0001429,0.0001268
4443,0.0480241,0.0001428,0.0001268
4444,0.0479999,0.0001428,0.0001267
4445,0.0479758,0.0001427,0.0001267
4446,0.0479516,0.0001427,0.0001266
4447,0.0479274,0.0001426,0.0001266
4448,0.0479032,0.0001426,0.0001266
4449,0.0478789,0.0001425,0.0001265
4450,0.0478547,0.0001424,0.0001265
4451,0.0478304,0.0001424,0.0001264
4452,0.0478061,0.0001423,0.0001264
4453,0.0477818,0.0001423,0.0001263
4454,0.0477575,0.0001422,0.0001263
4455,0.0477332,0.0001422,0.0001262
4456,0.0477089,0.0001421,0.0001262
4457,0.0476845,0.0001421,0.0001262
4458,0.0476601,0.0001420,0.0001261
4459,0.0476357,0.0001419,0.0001261
4460,0.0476113,0.0001419,0.0001260
4461,0.0475869,0.0001418,0.0001260
4462,0.0475624,0.0001418,0.0001259
4463,0.0475380,0.0001417,0.0001259
4464,0.0475135,0.0001417,0.0001259
4465,0.0474890,0.0001416,0.0001258
4466,0.0474645,0.0001416,0.0001258
4467,0.0474400,0.0001415,0.0001257
4468,0.0474154,0.0001414,0.0001257
4469,0.0473909,0.0001414,0.0001256
4470,0.0473663,0.0001413,0.0001256
4471,0.0473417,0.0001413,0.0001256
4472,0.0473171,0.0001412,0.0001255
4473,0.0472925,0.0001412,0.0001255
4474,0.0472679,0.0001411,0.0001254
4475,0.0472432,0.0001411,0.0001254
4476,0.0472186,0.0001410,0.0001254
4477,0.0471939,0.0001409,0.0001253
4478,0.0471692,0.0001409,0.0001253
4479,0.0471445,0.0001408,0.0001252
4480,0.0471197,0.0001408,0.0001252
4481,0.0470950,0.0001407,0.0001251
4482,0.0470702,0.0001407,0.0001251
4483,0.0470454,0.0001406,0.0001251
4484,0.0470206,0.0001406,0.0001250
4485,0.0469958,0.0001405,0.0001250
4486,0.0469710,0.0001404,0.0001249
4487,0.0469462,0.0001404,0.0001249
4488,0.0469213,0.0001403,0.0001248
4489,0.0468964,0.0001403,0.0001248
4490,0.0468715,0.0001402,0.0001248
4491,0.0468466,0.0001402,0.0001247
4492,0.0468217,0.0001401,0.0001247
4493,0.0467968,0.0001400,0.0001246
4494,0.0467718,0.0001400,0.0001246
4495,0.0467469,0.0001399,0.0001245
4496,0.0467219,0.0001399,0.0001245
4497,0.0466969,0.0001398,0.0001245
4498,0.0466719,0.0001398,0.0001244
4499,0.0466469,0.0001397,0.0001244
4500,0.0466218,0.0001397,0.0001243
4501,0.0465967,0.0001396,0.0001243
4502,0.0465717,0.0001395,0.0001242
4503,0.0465466,0.0001395,0.0001242
4504,0.0465215,0.0001394,0.0001242
4505,0.0464964,0.0001394,0.0001241
4506,0.0464712,0.0001393,0.0001241
4507,0.0464461,0.0001393,0.0001240
4508,0.0464209,0.0001392,0.0001240
4509,0.0463957,0.0001391,0.0001240
4510,0.0463705,0.0001391,0.0001239
4511,0.0463453,0.0001390,0.0001239
4512,0.0463201,0.0001390,0.0001238
4513,0.0462948,0.0001389,0.0001238
4514,0.0462696,0.0001389,0.0001237
4515,0.0462443,0.0001388,0.0001237
4516,0.0462190,0.0001388,0.0001237
4517,0.0461937,0.0001387,0.0001236
4518,0.0461684,0.0001386,0.0001236
4519,0.0461431,0.0001386,0.0001235
4520,0.0461177,0.0001385,0.0001235
4521,0.0460924,0.0001385,0.0001234
4522,0.0460670,0.0001384,0.0001234
4523,0.0460416,0.0001384,0.0001234
4524,0.0460162,0.0001383,0.0001233
4525,0.0459908,0.0001382,0.0001233
4526,0.0459653,0.0001382,0.0001232
4527,0.0459399,0.0001381,0.0001232
4528,0.0459144,0.0001381,0.0001232
4529,0.0458889,0.0001380,0.0001231
4530,0.0458635,0.0001380,0.0001231
4531,0.0458379,0.0001379,0.0001230
4532,0.0458124,0.0001378,0.0001230
4533,0.0457869,0.0001378,0.0001229
4534,0.0457613,0.0001377,0.0001229
4535,0.0457358,0.0001377,0.0001229
4536,0.0457102,0.0001376,0.0001228
4537,0.0456846,0.0001376,0.0001228
4538,0.0456590,0.0001375,0.0001227
4539,0.0456334,0.0001374,0.0001227
4540,0.0456077,0.0001374,0.0001227
4541,0.0455821,0.0001373,0.0001226
4542,0.0455564,0.0001373,0.0001226
4543,0.0455307,0.0001372,0.0001225
4544,0.0455050,0.0001372,0.0001225
4545,0.0454793,0.0001371,0.0001224
4546,0.0454536,0.0001370,0.0001224
4547,0.0454279,0.0001370,0.0001224
4548,0.0454021,0.0001369,0.0001223
4549,0.0453763,0.0001369,0.0001223
4550,0.0453506,0.0001368,0.0001222
4551,0.0453248,0.0001368,0.0001222
4552,0.0452990,0.0001367,0.0001222
4553,0.0452732,0.0001366,0.0001221
4554,0.0452473,0.0001366,0.0001221
4555,0.0452215,0.0001365,0.0001220
4556,0.0451956,0.0001365,0.0001220
4557,0.0451697,0.0001364,0.0001220
4558,0.0451438,0.0001364,0.0001219
4559,0.0451179,0.0001363,0.0001219
4560,0.0450920,0.0001362,0.0001218
4561,0.0450661,0.0001362,0.0001218
4562,0.0450402,0.0001361,0.0001217
4563,0.0450142,0.0001361,0.0001217
4564,0.0449882,0.0001360,0.0001217
4565,0.0449623,0.0001360,0.0001216
4566,0.0449363,0.0001359,0.0001216
4567,0.0449103,0.0001358,0.0001215
4568,0.0448842,0.0001358,0.0001215
4569,0.0448582,0.0001357,0.0001215
4570,0.0448322,0.0001357,0.0001214
4571,0.0448061,0.0001356,0.0001214
4572,0.0447800,0.0001356,0.0001213
4573,0.0447539,0.0001355,0.0001213
4574,0.0447278,0.0001354,0.0001213
4575,0.0447017,0.0001354,0.0001212
4576,0.0446756,0.0001353,0.0001212
4577,0.0446495,0.0001353,0.0001211
4578,0.0446233,0.0001352,0.0001211
4579,0.0445972,0.0001352,0.0001211
4580,0.0445710,0.0001351,0.0001210
4581,0.0445448,0.0001350,0.0001210
4582,0.0445186,0.0001350,0.0001209
4583,0.0444924,0.0001349,0.0001209
4584,0.0444662,0.0001349,0.0001209
4585,0.0444399,0.0001348,0.0001208
4586,0.0444137,0.0001348,0.0001208
4587,0.0443874,0.0001347,0.0001207
4588,0.0443611,0.0001346,0.0001207
4589,0.0443349,0.0001346,0.0001207
4590,0.0443086,0.0001345,0.0001206
4591,0.0442823,0.0001345,0.0001206
4592,0.0442559,0.0001344,0.0001205
4593,0.0442296,0.0001344,0.0001205
4594,0.0442033,0.0001343,0.0001205
4595,0.0441769,0.0001342,0.0001204
4596,0.0441505,0.0001342,0.0001204
4597,0.0441241,0.0001341,0.0001203
4598,0.0440978,0.0001341,0.0001203
4599,0.0440714,0.0001340,0.0001203
4600,0.0440449,0.0001339,0.0001202
4601,0.0440185,0.0001339,0.0001202
4602,0.0439921,0.0001338,0.0001201
4603,0.0439656,0.0001338,0.0001201
4604,0.0439392,0.0001337,0.0001201
4605,0.0439127,0.0001337,0.0001200
4606,0.0438862,0.0001336,0.0001200
4607,0.0438597,0.0001335,0.0001199
4608,0.0438332,0.0001335,0.0001199
4609,0.0438067,0.0001334,0.0001199
4610,0.0437802,0.0001334,0.0001198
4611,0.0437536,0.0001333,0.0001198
4612,0.0437271,0.0001333,0.0001197
4613,0.0437005,0.0001332,0.0001197
4614,0.0436739,0.0001331,0.0001197
4615,0.0436474,0.0001331,0.0001196
4616,0.0436208,0.0001330,0.0001196
4617,0.0435942,0.0001330,0.0001195
4618,0.0435675,0.0001329,0.0001195
4619,0.0435409,0.0001328,0.0001195
4620,0.0435143,0.0001328,0.0001194
4621,0.0434876,0.0001327,0.0001194
4622,0.0434610,0.0001327,0.0001193
4623,0.0434343,0.0001326,0.0001193
4624,0.0434076,0.0001326,0.0001193
4625,0.0433809,0.0001325,0.0001192
4626,0.0433542,0.0001324,0.0001192
4627,0.0433275,0.0001324,0.0001191
4628,0.0433008,0.0001323,0.0001191
4629,0.0432741,0.0001323,0.0001191
4630,0.0432474,0.0001322,0.0001190
4631,0.0432206,0.0001322,0.0001190
4632,0.0431939,0.0001321,0.0001190
4633,0.0431671,0.0001320,0.0001189
4634,0.0431403,0.0001320,0.0001189
4635,0.0431135,0.0001319,0.0001188
4636,0.0430867,0.0001319,0.0001188
4637,0.0430599,0.0001318,0.0001188
4638,0.0430331,0.0001317,0.0001187
4639,0.0430063,0.0001317,0.0001187
4640,0.0429795,0.0001316,0.0001186
4641,0.0429526,0.0001316,0.0001186
4642,0.0429258,0.0001315,0.0001186
4643,0.0428989,0.0001315,0.0001185
4644,0.0428720,0.0001314,0.0001185
4645,0.0428452,0.0001313,0.0001184
4646,0.0428183,0.0001313,0.0001184
4647,0.0427914,0.0001312,0.0001184
4648,0.0427645,0.0001312,0.0001183
4649,0.0427376,0.0001311,0.0001183
4650,0.0427106,0.0001310,0.0001183
4651,0.0426837,0.0001310,0.0001182
4652,0.0426568,0.0001309,0.0001182
4653,0.0426298,0.0001309,0.0001181
4654,0.0426029,0.0001308,0.0001181
4655,0.0425759,0.0001308,0.0001181
4656,0.0425489,0.0001307,0.0001180
4657,0.0425219,0.0001306,0.0001180
4658,0.0424950,0.0001306,0.0001179
4659,0.0424680,0.0001305,0.0001179
4660,0.0424409,0.0001305,0.0001179
4661,0.0424139,0.0001304,0.0001178
4662,0.0423869,0.0001304,0.0001178
4663,0.0423599,0.0001303,0.0001178
4664,0.0423328,0.0001302,0.0001177
4665,0.0423058,0.0001302,0.0001177
4666,0.0422788,0.0001301,0.0001176
4667,0.0422517,0.0001301,0.0001176
4668,0.0422246,0.0001300,0.0001176
4669,0.0421976,0.0001299,0.0001175
4670,0.0421705,0.0001299,0.0001175
4671,0.0421434,0.0001298,0.0001175
4672,0.0421163,0.0001298,0.0001174
4673,0.0420892,0.0001297,0.0001174
4674,0.0420621,0.0001297,0.0001173
4675,0.0420350,0.0001296,0.0001173
4676,0.0420078,0.0001295,0.0001173
4677,0.0419807,0.0001295,0.0001172
4678,0.0419536,0.0001294,0.0001172
4679,0.0419264,0.0001294,0.0001172
4680,0.0418993,0.0001293,0.0001171
4681,0.0418721,0.0001292,0.0001171
4682,0.0418450,0.0001292,0.0001170
4683,0.0418178,0.0001291,0.0001170
4684,0.0417906,0.0001291,0.0001170
4685,0.0417634,0.0001290,0.0001169
4686,0.0417362,0.0001290,0.0001169
4687,0.0417090,0.0001289,0.0001169
4688,0.0416818,0.0001288,0.0001168
4689,0.0416546,0.0001288,0.0001168
4690,0.0416274,0.0001287,0.0001167
4691,0.0416002,0.0001287,0.0001167
4692,0.0415730,0.0001286,0.0001167
4693,0.0415458,0.0001285,0.0001166
4694,0.0415185,0.0001285,0.0001166
4695,0.0414913,0.0001284,0.0001166
4696,0.0414640,0.0001284,0.0001165
4697,0.0414368,0.0001283,0.0001165
4698,0.0414095,0.0001282,0.0001164
4699,0.0413823,0.0001282,0.0001164
4700,0.0413550,0.0001281,0.0001164
4701,0.0413277,0.0001281,0.0001163
4702,0.0413004,0.0001280,0.0001163
4703,0.0412732,0.0001280,0.0001163
4704,0.0412459,0.0001279,0.0001162
4705,0.0412186,0.0001278,0.0001162
4706,0.0411913,0.0001278,0.0001161
4707,0.0411640,0.0001277,0.0001161
4708,0.0411367,0.0001277,0.0001161
4709,0.0411094,0.0001276,0.0001160
4710,0.0410821,0.0001275,0.0001160
4711,0.0410547,0.0001275,0.0001160
4712,0.0410274,0.0001274,0.0001159
4713,0.0410001,0.0001274,0.0001159
4714,0.0409728,0.0001273,0.0001158
4715,0.0409454,0.0001273,0.0001158
4716,0.0409181,0.0001272,0.0001158
4717,0.0408907,0.0001271,0.0001157
4718,0.0408634,0.0001271,0.0001157
4719,0.0408360,0.0001270,0.0001157
4720,0.0408087,0.0001270,0.0001156
4721,0.0407813,0.0001269,0.0001156
4722,0.0407540,0.0001268,0.0001155
4723,0.0407266,0.0001268,0.0001155
4724,0.0406992,0.0001267,0.0001155
4725,0.0406719,0.0001267,0.0001154
4726,0.0406445,0.0001266,0.0001154
4727,0.0406171,0.0001266,0.0001154
4728,0.0405897,0.0001265,0.0001153
4729,0.0405624,0.0001264,0.0001153
4730,0.0405350,0.0001264,0.0001153
4731,0.0405076,0.0001263,0.0001152
4732,0.0404802,0.0001263,0.0001152
4733,0.0404528,0.0001262,0.0001151
4734,0.0404254,0.0001261,0.0001151
4735,0.0403980,0.0001261,0.0001151
4736,0.0403706,0.0001260,0.0001150
4737,0.0403432,0.0001260,0.0001150
4738,0.0403158,0.0001259,0.0001150
4739,0.0402884,0.0001258,0.0001149
4740,0.0402610,0.0001258,0.0001149
4741,0.0402336,0.0001257,0.0001149
4742,0.0402062,0.0001257,0.0001148
4743,0.0401788,0.0001256,0.0001148
4744,0.0401513,0.0001256,0.0001147
4745,0.0401239,0.0001255,0.0001147
4746,0.0400965,0.0001254,0.0001147
4747,0.0400691,0.0001254,0.0001146
4748,0.0400417,0.0001253,0.0001146
4749,0.0400142,0.0001253,0.0001146
4750,0.0399868,0.0001252,0.0001145
4751,0.0399594,0.0001251,0.0001145
4752,0.0399320,0.0001251,0.0001144
4753,0.0399045,0.0001250,0.0001144
4754,0.0398771,0.0001250,0.0001144
4755,0.0398497,0.0001249,0.0001143
4756,0.0398223,0.0001249,0.0001143
4757,0.0397948,0.0001248,0.0001143
4758,0.0397674,0.0001247,0.0001142
4759,0.0397400,0.0001247,0.0001142
4760,0.0397125,0.0001246,0.0001142
4761,0.0396851,0.0001246,0.0001141
4762,0.0396577,0.0001245,0.0001141
4763,0.0396303,0.0001244,0.0001140
4764,0.0396028,0.0001244,0.0001140
4765,0.0395754,0.0001243,0.0001140
4766,0.0395480,0.0001243,0.0001139
4767,0.0395205,0.0001242,0.0001139
4768,0.0394931,0.0001241,0.0001139
4769,0.0394657,0.0001241,0.0001138
4770,0.0394383,0.0001240,0.0001138
4771,0.0394108,0.0001240,0.0001138
4772,0.0393834,0.0001239,0.0001137
4773,0.0393560,0.0001239,0.0001137
4774,0.0393286,0.0001238,0.0001136
4775,0.0393011,0.0001237,0.0001136
4776,0.0392737,0.0001237,0.0001136
4777,0.0392463,0.0001236,0.0001135
4778,0.0392189,0.0001236,0.0001135
4779,0.0391915,0.0001235,0.0001135
4780,0.0391640,0.0001234,0.0001134
4781,0.0391366,0.0001234,0.0001134
4782,0.0391092,0.0001233,0.0001134
4783,0.0390818,0.0001233,0.0001133
4784,0.0390544,0.0001232,0.0001133
4785,0.0390270,0.0001232,0.0001132
4786,0.0389996,0.0001231,0.0001132
4787,0.0389722,0.0001230,0.0001132
4788,0.0389448,0.0001230,0.0001131
4789,0.0389174,0.0001229,0.0001131
4790,0.0388900,0.0001229,0.0001131
4791,0.0388626,0.0001228,0.0001130
4792,0.0388352,0.0001227,0.0001130
4793,0.0388078,0.0001227,0.0001130
4794,0.0387804,0.0001226,0.0001129
4795,0.0387530,0.0001226,0.0001129
4796,0.0387257,0.0001225,0.0001128
4797,0.0386983,0.0001224,0.0001128
4798,0.0386709,0.0001224,0.0001128
4799,0.0386435,0.0001223,0.0001127
4800,0.0386162,0.0001223,0.0001127
4801,0.0385888,0.0001222,0.0001127
4802,0.0385615,0.0001222,0.0001126
4803,0.0385341,0.0001221,0.0001126
4804,0.0385067,0.0001220,0.0001126
4805,0.0384794,0.0001220,0.0001125
4806,0.0384520,0.0001219,0.0001125
4807,0.0384247,0.0001219,0.0001124
4808,0.0383974,0.0001218,0.0001124
4809,0.0383700,0.0001217,0.0001124
4810,0.0383427,0.0001217,0.0001123
4811,0.0383154,0.0001216,0.0001123
4812,0.0382881,0.0001216,0.0001123
4813,0.0382608,0.0001215,0.0001122
4814,0.0382334,0.0001215,0.0001122
4815,0.0382061,0.0001214,0.0001121
4816,0.0381788,0.0001213,0.0001121
4817,0.0381515,0.0001213,0.0001121
4818,0.0381243,0.0001212,0.0001120
4819,0.0380970,0.0001212,0.0001120
4820,0.0380697,0.0001211,0.0001120
4821,0.0380424,0.0001210,0.0001119
4822,0.0380151,0.0001210,0.0001119
4823,0.0379879,0.0001209,0.0001119
4824,0.0379606,0.0001209,0.0001118
4825,0.0379334,0.0001208,0.0001118
4826,0.0379061,0.0001208,0.0001117
4827,0.0378789,0.0001207,0.0001117
4828,0.0378516,0.0001206,0.0001117
4829,0.0378244,0.0001206,0.0001116
4830,0.0377972,0.0001205,0.0001116
4831,0.0377700,0.0001205,0.0001116
4832,0.0377428,0.0001204,0.0001115
4833,0.0377156,0.0001203,0.0001115
4834,0.0376884,0.0001203,0.0001115
4835,0.0376612,0.0001202,0.0001114
4836,0.0376340,0.0001202,0.0001114
4837,0.0376068,0.0001201,0.0001113
4838,0.0375796,0.0001200,0.0001113
4839,0.0375525,0.0001200,0.0001113
4840,0.0375253,0.0001199,0.0001112
4841,0.0374982,0.0001199,0.0001112
4842,0.0374710,0.0001198,0.0001112
4843,0.0374439,0.0001198,0.0001111
4844,0.0374168,0.0001197,0.0001111
4845,0.0373897,0.0001196,0.0001110
4846,0.0373626,0.0001196,0.0001110
4847,0.0373355,0.0001195,0.0001110
4848,0.0373084,0.0001195,0.0001109
4849,0.0372813,0.0001194,0.0001109
4850,0.0372542,0.0001193,0.0001109
4851,0.0372271,0.0001193,0.0001108
4852,0.0372001,0.0001192,0.0001108
4853,0.0371730,0.0001192,0.0001108
4854,0.0371460,0.0001191,0.0001107
4855,0.0371189,0.0001191,0.0001107
4856,0.0370919,0.0001190,0.0001106
4857,0.0370649,0.0001189,0.0001106
4858,0.0370379,0.0001189,0.0001106
4859,0.0370109,0.0001188,0.0001105
4860,0.0369839,0.0001188,0.0001105
4861,0.0369569,0.0001187,0.0001105
4862,0.0369299,0.0001186,0.0001104
4863,0.0369030,0.0001186,0.0001104
4864,0.0368760,0.0001185,0.0001103
4865,0.0368491,0.0001185,0.0001103
4866,0.0368221,0.0001184,0.0001103
4867,0.0367952,0.0001184,0.0001102
4868,0.0367683,0.0001183,0.0001102
4869,0.0367414,0.0001182,0.0001102
4870,0.0367145,0.0001182,0.0001101
4871,0.0366876,0.0001181,0.0001101
4872,0.0366608,0.0001181,0.0001100
4873,0.0366339,0.0001180,0.0001100
4874,0.0366070,0.0001179,0.0001100
4875,0.0365802,0.0001179,0.0001099
4876,0.0365534,0.0001178,0.0001099
4877,0.0365266,0.0001178,0.0001099
4878,0.0364997,0.0001177,0.0001098
4879,0.0364729,0.0001177,0.0001098
4880,0.0364462,0.0001176,0.0001097
4881,0.0364194,0.0001175,0.0001097
4882,0.0363926,0.0001175,0.0001097
4883,0.0363659,0.0001174,0.0001096
4884,0.0363391,0.0001174,0.0001096
4885,0.0363124,0.0001173,0.0001096
4886,0.0362857,0.0001172,0.0001095
4887,0.0362590,0.0001172,0.0001095
4888,0.0362323,0.0001171,0.0001094
4889,0.0362056,0.0001171,0.0001094
4890,0.0361789,0.0001170,0.0001094
4891,0.0361523,0.0001170,0.0001093
4892,0.0361256,0.0001169,0.0001093
4893,0.0360990,0.0001168,0.0001093
4894,0.0360724,0.0001168,0.0001092
4895,0.0360458,0.0001167,0.0001092
4896,0.0360192,0.0001167,0.0001091
4897,0.0359926,0.0001166,0.0001091
4898,0.0359661,0.0001166,0.0001091
4899,0.0359395,0.0001165,0.0001090
4900,0.0359130,0.0001164,0.0001090
4901,0.0358864,0.0001164,0.0001090
4902,0.0358599,0.0001163,0.0001089
4903,0.0358334,0.0001163,0.0001089
4904,0.0358069,0.0001162,0.0001088
4905,0.0357805,0.0001161,0.0001088
4906,0.0357540,0.0001161,0.0001088
4907,0.0357276,0.0001160,0.0001087
4908,0.0357011,0.0001160,0.0001087
4909,0.0356747,0.0001159,0.0001087
4910,0.0356483,0.0001159,0.0001086
4911,0.0356219,0.0001158,0.0001086
4912,0.0355956,0.0001157,0.0001085
4913,0.0355692,0.0001157,0.0001085
4914,0.0355429,0.0001156,0.0001085
4915,0.0355165,0.0001156,0.0001084
4916,0.0354902,0.0001155,0.0001084
4917,0.0354639,0.0001155,0.0001083
4918,0.0354376,0.0001154,0.0001083
4919,0.0354114,0.0001153,0.0001083
4920,0.0353851,0.0001153,0.0001082
4921,0.0353589,0.0001152,0.0001082
4922,0.0353327,0.0001152,0.0001082
4923,0.0353065,0.0001151,0.0001081
4924,0.0352803,0.0001150,0.0001081
4925,0.0352541,0.0001150,0.0001080
4926,0.0352279,0.0001149,0.0001080
4927,0.0352018,0.0001149,0.0001080
4928,0.0351757,0.0001148,0.0001079
4929,0.0351496,0.0001148,0.0001079
4930,0.0351235,0.0001147,0.0001079
4931,0.0350974,0.0001146,0.0001078
4932,0.0350713,0.0001146,0.0001078
4933,0.0350453,0.0001145,0.0001077
4934,0.0350193,0.0001145,0.0001077
4935,0.0349933,0.0001144,0.0001077
4936,0.0349673,0.0001144,0.0001076
4937,0.0349413,0.0001143,0.0001076
4938,0.0349153,0.0001142,0.0001075
4939,0.0348894,0.0001142,0.0001075
4940,0.0348635,0.0001141,0.0001075
4941,0.0348376,0.0001141,0.0001074
4942,0.0348117,0.0001140,0.0001074
4943,0.0347858,0.0001140,0.0001074
4944,0.0347600,0.0001139,0.0001073
4945,0.0347341,0.0001138,0.0001073
4946,0.0347083,0.0001138,0.0001072
4947,0.0346825,0.0001137,0.0001072
4948,0.0346567,0.0001137,0.0001072
4949,0.0346310,0.0001136,0.0001071
4950,0.0346052,0.0001135,0.0001071
4951,0.0345795,0.0001135,0.0001070
4952,0.0345538,0.0001134,0.0001070
4953,0.0345281,0.0001134,0.0001070
4954,0.0345025,0.0001133,0.0001069
4955,0.0344768,0.0001133,0.0001069
4956,0.0344512,0.0001132,0.0001068
4957,0.0344256,0.0001131,0.0001068
4958,0.0344000,0.0001131,0.0001068
4959,0.0343744,0.0001130,0.0001067
4960,0.0343489,0.0001130,0.0001067
4961,0.0343234,0.0001129,0.0001067
4962,0.0342979,0.0001129,0.0001066
4963,0.0342724,0.0001128,0.0001066
4964,0.0342469,0.0001127,0.0001065
4965,0.0342214,0.0001127,0.0001065
4966,0.0341960,0.0001126,0.0001065
4967,0.0341706,0.0001126,0.0001064
4968,0.0341452,0.0001125,0.0001064
4969,0.0341199,0.0001125,0.0001063
4970,0.0340945,0.0001124,0.0001063
4971,0.0340692,0.0001123,0.0001063
4972,0.0340439,0.0001123,0.0001062
4973,0.0340186,0.0001122,0.0001062
4974,0.0339933,0.0001122,0.0001061
4975,0.0339681,0.0001121,0.0001061
4976,0.0339429,0.0001121,0.0001061
4977,0.0339177,0.0001120,0.0001060
4978,0.0338925,0.0001119,0.0001060
4979,0.0338673,0.0001119,0.0001060
4980,0.0338422,0.0001118,0.0001059
4981,0.0338171,0.0001118,0.0001059
4982,0.0337920,0.0001117,0.0001058
4983,0.0337669,0.0001117,0.0001058
4984,0.0337419,0.0001116,0.0001058
4985,0.0337169,0.0001115,0.0001057
4986,0.0336919,0.0001115,0.0001057
4987,0.0336669,0.0001114,0.0001056
4988,0.0336419,0.0001114,0.0001056
4989,0.0336170,0.0001113,0.0001056
4990,0.0335921,0.0001113,0.0001055
4991,0.0335672,0.0001112,0.0001055
4992,0.0335423,0.0001111,0.0001054
4993,0.0335175,0.0001111,0.0001054
4994,0.0334927,0.0001110,0.0001054
4995,0.0334679,0.0001110,0.0001053
4996,0.0334431,0.0001109,0.0001053
4997,0.0334184,0.0001109,0.0001052
4998,0.0333937,0.0001108,0.0001052
4999,0.0333690,0.0001108,0.0001052
5000,0.0333443,0.0001107,0.0001051
5001,0.0333196,0.0001106,0.0001051
5002,0.0332950,0.0001106,0.0001050
5003,0.0332704,0.0001105,0.0001050
5004,0.0332458,0.0001105,0.0001050
5005,0.0332213,0.0001104,0.0001049
5006,0.0331967,0.0001104,0.0001049
5007,0.0331722,0.0001103,0.0001048
5008,0.0331477,0.0001102,0.0001048
5009,0.0331233,0.0001102,0.0001048
5010,0.0330989,0.0001101,0.0001047
5011,0.0330745,0.0001101,0.0001047
5012,0.0330501,0.0001100,0.0001046
5013,0.0330257,0.0001100,0.0001046
5014,0.0330014,0.0001099,0.0001046
5015,0.0329771,0.0001098,0.0001045
5016,0.0329528,0.0001098,0.0001045
5017,0.0329286,0.0001097,0.0001044
5018,0.0329043,0.0001097,0.0001044
5019,0.0328801,0.0001096,0.0001044
5020,0.0328560,0.0001096,0.0001043
5021,0.0328318,0.0001095,0.0001043
5022,0.0328077,0.0001095,0.0001042
5023,0.0327836,0.0001094,0.0001042
5024,0.0327595,0.0001093,0.0001042
5025,0.0327355,0.0001093,0.0001041
5026,0.0327115,0.0001092,0.0001041
5027,0.0326875,0.0001092,0.0001040
5028,0.0326635,0.0001091,0.0001040
5029,0.0326396,0.0001091,0.0001040
5030,0.0326157,0.0001090,0.0001039
5031,0.0325918,0.0001089,0.0001039
5032,0.0325679,0.0001089,0.0001038
5033,0.0325441,0.0001088,0.0001038
5034,0.0325203,0.0001088,0.0001038
5035,0.0324965,0.0001087,0.0001037
5036,0.0324728,0.0001087,0.0001037
5037,0.0324491,0.0001086,0.0001036
5038,0.0324254,0.0001086,0.0001036
5039,0.0324017,0.0001085,0.0001036
5040,0.0323781,0.0001084,0.0001035
5041,0.0323545,0.0001084,0.0001035
5042,0.0323309,0.0001083,0.0001034
5043,0.0323073,0.0001083,0.0001034
5044,0.0322838,0.0001082,0.0001034
5045,0.0322603,0.0001082,0.0001033
5046,0.0322369,0.0001081,0.0001033
5047,0.0322134,0.0001080,0.0001032
5048,0.0321900,0.0001080,0.0001032
5049,0.0321666,0.0001079,0.0001032
5050,0.0321433,0.0001079,0.0001031
5051,0.0321200,0.0001078,0.0001031
5052,0.0320967,0.0001078,0.0001030
5053,0.0320734,0.0001077,0.0001030
5054,0.0320502,0.0001077,0.0001030
5055,0.0320270,0.0001076,0.0001029
5056,0.0320038,0.0001075,0.0001029
5057,0.0319807,0.0001075,0.0001028
5058,0.0319576,0.0001074,0.0001028
5059,0.0319345,0.0001074,0.0001028
5060,0.0319114,0.0001073,0.0001027
5061,0.0318884,0.0001073,0.0001027
5062,0.0318654,0.0001072,0.0001026
5063,0.0318425,0.0001072,0.0001026
5064,0.0318195,0.0001071,0.0001026
5065,0.0317966,0.0001070,0.0001025
5066,0.0317738,0.0001070,0.0001025
5067,0.0317509,0.0001069,0.0001024
5068,0.0317281,0.0001069,0.0001024
5069,0.0317053,0.0001068,0.0001024
5070,0.0316826,0.0001068,0.0001023
5071,0.0316599,0.0001067,0.0001023
5072,0.0316372,0.0001067,0.0001022
5073,0.0316145,0.0001066,0.0001022
5074,0.0315919,0.0001065,0.0001022
5075,0.0315693,0.0001065,0.0001021
5076,0.0315468,0.0001064,0.0001021
5077,0.0315242,0.0001064,0.0001020
5078,0.0315017,0.0001063,0.0001020
5079,0.0314793,0.0001063,0.0001020
5080,0.0314568,0.0001062,0.0001019
5081,0.0314344,0.0001062,0.0001019
5082,0.0314121,0.0001061,0.0001018
5083,0.0313897,0.0001060,0.0001018
5084,0.0313674,0.0001060,0.0001018
5085,0.0313452,0.0001059,0.0001017
5086,0.0313229,0.0001059,0.0001017
5087,0.0313007,0.0001058,0.0001016
5088,0.0312785,0.0001058,0.0001016
5089,0.0312564,0.0001057,0.0001016
5090,0.0312343,0.0001057,0.0001015
5091,0.0312122,0.0001056,0.0001015
5092,0.0311902,0.0001055,0.0001014
5093,0.0311682,0.0001055,0.0001014
5094,0.0311462,0.0001054,0.0001014
5095,0.0311243,0.0001054,0.0001013
5096,0.0311023,0.0001053,0.0001013
5097,0.0310805,0.0001053,0.0001012
5098,0.0310586,0.0001052,0.0001012
5099,0.0310368,0.0001052,0.0001011
5100,0.0310150,0.0001051,0.0001011
5101,0.0309933,0.0001051,0.0001011
5102,0.0309716,0.0001050,0.0001010
5103,0.0309499,0.0001049,0.0001010
5104,0.0309283,0.0001049,0.0001009
5105,0.0309067,0.0001048,0.0001009
5106,0.0308851,0.0001048,0.0001009
5107,0.0308636,0.0001047,0.0001008
5108,0.0308421,0.0001047,0.0001008
5109,0.0308206,0.0001046,0.0001007
5110,0.0307992,0.0001046,0.0001007
5111,0.0307778,0.0001045,0.0001007
5112,0.0307564,0.0001045,0.0001006
5113,0.0307351,0.0001044,0.0001006
5114,0.0307138,0.0001043,0.0001005
5115,0.0306925,0.0001043,0.0001005
5116,0.0306713,0.0001042,0.0001005
5117,0.0306501,0.0001042,0.0001004
5118,0.0306290,0.0001041,0.0001004
5119,0.0306078,0.0001041,0.0001003
5120,0.0305868,0.0001040,0.0001003
5121,0.0305657,0.0001040,0.0001003
5122,0.0305447,0.0001039,0.0001002
5123,0.0305237,0.0001038,0.0001002
5124,0.0305028,0.0001038,0.0001001
5125,0.0304819,0.0001037,0.0001001
5126,0.0304610,0.0001037,0.0001001
5127,0.0304402,0.0001036,0.0001000
5128,0.0304194,0.0001036,0.0001000
5129,0.0303986,0.0001035,0.0000999
5130,0.0303779,0.0001035,0.0000999
5131,0.0303572,0.0001034,0.0000999
5132,0.0303366,0.0001034,0.0000998
5133,0.0303159,0.0001033,0.0000998
5134,0.0302954,0.0001033,0.0000997
5135,0.0302748,0.0001032,0.0000997
5136,0.0302543,0.0001031,0.0000996
5137,0.0302339,0.0001031,0.0000996
5138,0.0302134,0.0001030,0.0000996
5139,0.0301930,0.0001030,0.0000995
5140,0.0301727,0.0001029,0.0000995
5141,0.0301523,0.0001029,0.0000994
5142,0.0301321,0.0001028,0.0000994
5143,0.0301118,0.0001028,0.0000994
5144,0.0300916,0.0001027,0.0000993
5145,0.0300714,0.0001027,0.0000993
5146,0.0300513,0.0001026,0.0000992
5147,0.0300312,0.0001025,0.0000992
5148,0.0300111,0.0001025,0.0000992
5149,0.0299911,0.0001024,0.0000991
5150,0.0299711,0.0001024,0.0000991
5151,0.0299512,0.0001023,0.0000990
5152,0.0299313,0.0001023,0.0000990
5153,0.0299114,0.0001022,0.0000990
5154,0.0298916,0.0001022,0.0000989
5155,0.0298718,0.0001021,0.0000989
5156,0.0298520,0.0001021,0.0000988
5157,0.0298323,0.0001020,0.0000988
5158,0.0298126,0.0001020,0.0000988
5159,0.0297930,0.0001019,0.0000987
5160,0.0297734,0.0001018,0.0000987
5161,0.0297538,0.0001018,0.0000986
5162,0.0297343,0.0001017,0.0000986
5163,0.0297148,0.0001017,0.0000986
5164,0.0296953,0.0001016,0.0000985
5165,0.0296759,0.0001016,0.0000985
5166,0.0296566,0.0001015,0.0000984
5167,0.0296372,0.0001015,0.0000984
5168,0.0296179,0.0001014,0.0000984
5169,0.0295987,0.0001014,0.0000983
5170,0.0295795,0.0001013,0.0000983
5171,0.0295603,0.0001013,0.0000982
5172,0.0295411,0.0001012,0.0000982
5173,0.0295220,0.0001012,0.0000982
5174,0.0295030,0.0001011,0.0000981
5175,0.0294840,0.0001010,0.0000981
5176,0.0294650,0.0001010,0.0000980
5177,0.0294460,0.0001009,0.0000980
5178,0.0294271,0.0001009,0.0000980
5179,0.0294083,0.0001008,0.0000979
5180,0.0293894,0.0001008,0.0000979
5181,0.0293707,0.0001007,0.0000978
5182,0.0293519,0.0001007,0.0000978
5183,0.0293332,0.0001006,0.0000978
5184,0.0293145,0.0001006,0.0000977
5185,0.0292959,0.0001005,0.0000977
5186,0.0292773,0.0001005,0.0000976
5187,0.0292588,0.0001004,0.0000976
5188,0.0292403,0.0001004,0.0000975
5189,0.0292218,0.0001003,0.0000975
5190,0.0292034,0.0001002,0.0000975
5191,0.0291850,0.0001002,0.0000974
5192,0.0291667,0.0001001,0.0000974
5193,0.0291484,0.0001001,0.0000973
5194,0.0291301,0.0001000,0.0000973
5195,0.0291119,0.0001000,0.0000973
5196,0.0290937,0.0000999,0.0000972
5197,0.0290755,0.0000999,0.0000972
5198,0.0290574,0.0000998,0.0000971
5199,0.0290394,0.0000998,0.0000971
5200,0.0290213,0.0000997,0.0000971
5201,0.0290034,0.0000997,0.0000970
5202,0.0289854,0.0000996,0.0000970
5203,0.0289675,0.0000996,0.0000969
5204,0.0289497,0.0000995,0.0000969
5205,0.0289318,0.0000995,0.0000969
5206,0.0289141,0.0000994,0.0000968
5207,0.0288963,0.0000994,0.0000968
5208,0.0288786,0.0000993,0.0000967
5209,0.0288610,0.0000992,0.0000967
5210,0.0288434,0.0000992,0.0000967
5211,0.0288258,0.0000991,0.0000966
5212,0.0288083,0.0000991,0.0000966
5213,0.0287908,0.0000990,0.0000965
5214,0.0287733,0.0000990,0.0000965
5215,0.0287559,0.0000989,0.0000965
5216,0.0287386,0.0000989,0.0000964
5217,0.0287212,0.0000988,0.0000964
5218,0.0287039,0.0000988,0.0000963
5219,0.0286867,0.0000987,0.0000963
5220,0.0286695,0.0000987,0.0000963
5221,0.0286523,0.0000986,0.0000962
5222,0.0286352,0.0000986,0.0000962
5223,0.0286182,0.0000985,0.0000961
5224,0.0286011,0.0000985,0.0000961
5225,0.0285841,0.0000984,0.0000961
5226,0.0285672,0.0000984,0.0000960
5227,0.0285503,0.0000983,0.0000960
5228,0.0285334,0.0000983,0.0000960
5229,0.0285166,0.0000982,0.0000959
5230,0.0284998,0.0000981,0.0000959
5231,0.0284830,0.0000981,0.0000958
5232,0.0284663,0.0000980,0.0000958
5233,0.0284497,0.0000980,0.0000958
5234,0.0284331,0.0000979,0.0000957
5235,0.0284165,0.0000979,0.0000957
5236,0.0284000,0.0000978,0.0000956
5237,0.0283835,0.0000978,0.0000956
5238,0.0283670,0.0000977,0.0000956
5239,0.0283506,0.0000977,0.0000955
5240,0.0283342,0.0000976,0.0000955
5241,0.0283179,0.0000976,0.0000954
5242,0.0283016,0.0000975,0.0000954
5243,0.0282854,0.0000975,0.0000954
5244,0.0282692,0.0000974,0.0000953
5245,0.0282531,0.0000974,0.0000953
5246,0.0282369,0.0000973,0.0000952
5247,0.0282209,0.0000973,0.0000952
5248,0.0282048,0.0000972,0.0000952
5249,0.0281889,0.0000972,0.0000951
5250,0.0281729,0.0000971,0.0000951
5251,0.0281570,0.0000971,0.0000950
5252,0.0281412,0.0000970,0.0000950
5253,0.0281253,0.0000970,0.0000950
5254,0.0281096,0.0000969,0.0000949
5255,0.0280938,0.0000969,0.0000949
5256,0.0280781,0.0000968,0.0000948
5257,0.0280625,0.0000967,0.0000948
5258,0.0280469,0.0000967,0.0000948
5259,0.0280313,0.0000966,0.0000947
5260,0.0280158,0.0000966,0.0000947
5261,0.0280003,0.0000965,0.0000946
5262,0.0279849,0.0000965,0.0000946
5263,0.0279695,0.0000964,0.0000946
5264,0.0279542,0.0000964,0.0000945
5265,0.0279388,0.0000963,0.0000945
5266,0.0279236,0.0000963,0.0000945
5267,0.0279084,0.0000962,0.0000944
5268,0.0278932,0.0000962,0.0000944
5269,0.0278780,0.0000961,0.0000943
5270,0.0278629,0.0000961,0.0000943
5271,0.0278479,0.0000960,0.0000943
5272,0.0278329,0.0000960,0.0000942
5273,0.0278179,0.0000959,0.0000942
5274,0.0278030,0.0000959,0.0000941
5275,0.0277881,0.0000958,0.0000941
5276,0.0277733,0.0000958,0.0000941
5277,0.0277585,0.0000957,0.0000940
5278,0.0277437,0.0000957,0.0000940
5279,0.0277290,0.0000956,0.0000939
5280,0.0277143,0.0000956,0.0000939
5281,0.0276997,0.0000955,0.0000939
5282,0.0276851,0.0000955,0.0000938
5283,0.0276706,0.0000954,0.0000938
5284,0.0276561,0.0000954,0.0000937
5285,0.0276416,0.0000953,0.0000937
5286,0.0276272,0.0000953,0.0000937
5287,0.0276128,0.0000952,0.0000936
5288,0.0275985,0.0000952,0.0000936
5289,0.0275842,0.0000951,0.0000936
5290,0.0275700,0.0000951,0.0000935
5291,0.0275558,0.0000950,0.0000935
5292,0.0275416,0.0000950,0.0000934
5293,0.0275275,0.0000949,0.0000934
5294,0.0275134,0.0000949,0.0000934
5295,0.0274994,0.0000948,0.0000933
5296,0.0274854,0.0000948,0.0000933
5297,0.0274715,0.0000947,0.0000932
5298,0.0274576,0.0000947,0.0000932
5299,0.0274437,0.0000946,0.0000932
5300,0.0274299,0.0000946,0.0000931
5301,0.0274161,0.0000945,0.0000931
5302,0.0274024,0.0000945,0.0000930
5303,0.0273887,0.0000944,0.0000930
5304,0.0273750,0.0000944,0.0000930
5305,0.0273614,0.0000943,0.0000929
5306,0.0273479,0.0000943,0.0000929
5307,0.0273343,0.0000942,0.0000929
5308,0.0273209,0.0000942,0.0000928
5309,0.0273074,0.0000941,0.0000928
5310,0.0272940,0.0000940,0.0000927
5311,0.0272807,0.0000940,0.0000927
5312,0.0272674,0.0000939,0.0000927
5313,0.0272541,0.0000939,0.0000926
5314,0.0272409,0.0000938,0.0000926
5315,0.0272277,0.0000938,0.0000925
5316,0.0272146,0.0000937,0.0000925
5317,0.0272015,0.0000937,0.0000925
5318,0.0271884,0.0000936,0.0000924
5319,0.0271754,0.0000936,0.0000924
5320,0.0271624,0.0000935,0.0000924
5321,0.0271495,0.0000935,0.0000923
5322,0.0271366,0.0000934,0.0000923
5323,0.0271238,0.0000934,0.0000922
5324,0.0271110,0.0000933,0.0000922
5325,0.0270982,0.0000933,0.0000922
5326,0.0270855,0.0000932,0.0000921
5327,0.0270728,0.0000932,0.0000921
5328,0.0270602,0.0000931,0.0000920
5329,0.0270476,0.0000931,0.0000920
5330,0.0270350,0.0000930,0.0000920
5331,0.0270225,0.0000930,0.0000919
5332,0.0270100,0.0000929,0.0000919
5333,0.0269976,0.0000929,0.0000919
5334,0.0269852,0.0000928,0.0000918
5335,0.0269729,0.0000928,0.0000918
5336,0.0269606,0.0000927,0.0000917
5337,0.0269483,0.0000927,0.0000917
5338,0.0269361,0.0000926,0.0000917
5339,0.0269239,0.0000926,0.0000916
5340,0.0269118,0.0000925,0.0000916
5341,0.0268997,0.0000925,0.0000915
5342,0.0268876,0.0000924,0.0000915
5343,0.0268756,0.0000924,0.0000915
5344,0.0268637,0.0000923,0.0000914
5345,0.0268517,0.0000923,0.0000914
5346,0.0268399,0.0000922,0.0000914
5347,0.0268280,0.0000922,0.0000913
5348,0.0268162,0.0000922,0.0000913
5349,0.0268044,0.0000921,0.0000912
5350,0.0267927,0.0000921,0.0000912
5351,0.0267810,0.0000920,0.0000912
5352,0.0267694,0.0000920,0.0000911
5353,0.0267578,0.0000919,0.0000911
5354,0.0267462,0.0000919,0.0000910
5355,0.0267347,0.0000918,0.0000910
5356,0.0267233,0.0000918,0.0000910
5357,0.0267118,0.0000917,0.0000909
5358,0.0267004,0.0000917,0.0000909
5359,0.0266891,0.0000916,0.0000909
5360,0.0266778,0.0000916,0.0000908
5361,0.0266665,0.0000915,0.0000908
5362,0.0266553,0.0000915,0.0000907
5363,0.0266441,0.0000914,0.0000907
5364,0.0266329,0.0000914,0.0000907
5365,0.0266218,0.0000913,0.0000906
5366,0.0266107,0.0000913,0.0000906
5367,0.0265997,0.0000912,0.0000906
5368,0.0265887,0.0000912,0.0000905
5369,0.0265778,0.0000911,0.0000905
5370,0.0265669,0.0000911,0.0000904
5371,0.0265560,0.0000910,0.0000904
5372,0.0265452,0.0000910,0.0000904
5373,0.0265344,0.0000909,0.0000903
5374,0.0265236,0.0000909,0.0000903
5375,0.0265129,0.0000908,0.0000903
5376,0.0265023,0.0000908,0.0000902
5377,0.0264916,0.0000907,0.0000902
5378,0.0264810,0.0000907,0.0000901
5379,0.0264705,0.0000906,0.0000901
5380,0.0264600,0.0000906,0.0000901
5381,0.0264495,0.0000905,0.0000900
5382,0.0264391,0.0000905,0.0000900
5383,0.0264287,0.0000904,0.0000900
5384,0.0264183,0.0000904,0.0000899
5385,0.0264080,0.0000903,0.0000899
5386,0.0263978,0.0000903,0.0000898
5387,0.0263875,0.0000902,0.0000898
5388,0.0263773,0.0000902,0.0000898
5389,0.0263672,0.0000901,0.0000897
5390,0.0263571,0.0000901,0.0000897
5391,0.0263470,0.0000900,0.0000896
5392,0.0263369,0.0000900,0.0000896
5393,0.0263269,0.0000899,0.0000896
5394,0.0263170,0.0000899,0.0000895
5395,0.0263071,0.0000898,0.0000895
5396,0.0262972,0.0000898,0.0000895
5397,0.0262873,0.0000897,0.0000894
5398,0.0262775,0.0000897,0.0000894
5399,0.0262678,0.0000896,0.0000893
5400,0.0262580,0.0000896,0.0000893
5401,0.0262483,0.0000895,0.0000893
5402,0.0262387,0.0000895,0.0000892
5403,0.0262291,0.0000895,0.0000892
5404,0.0262195,0.0000894,0.0000892
5405,0.0262100,0.0000894,0.0000891
5406,0.0262005,0.0000893,0.0000891
5407,0.0261910,0.0000893,0.0000890
5408,0.0261816,0.0000892,0.0000890
5409,0.0261722,0.0000892,0.0000890
5410,0.0261628,0.0000891,0.0000889
5411,0.0261535,0.0000891,0.0000889
5412,0.0261442,0.0000890,0.0000889
5413,0.0261350,0.0000890,0.0000888
5414,0.0261258,0.0000889,0.0000888
5415,0.0261166,0.0000889,0.0000887
5416,0.0261075,0.0000888,0.0000887
5417,0.0260984,0.0000888,0.0000887
5418,0.0260894,0.0000887,0.0000886
5419,0.0260803,0.0000887,0.0000886
5420,0.0260714,0.0000886,0.0000886
5421,0.0260624,0.0000886,0.0000885
5422,0.0260535,0.0000885,0.0000885
5423,0.0260447,0.0000885,0.0000884
5424,0.0260358,0.0000884,0.0000884
5425,0.0260270,0.0000884,0.0000884
5426,0.0260183,0.0000883,0.0000883
5427,0.0260095,0.0000883,0.0000883
5428,0.0260009,0.0000882,0.0000883
5429,0.0259922,0.0000882,0.0000882
5430,0.0259836,0.0000881,0.0000882
5431,0.0259750,0.0000881,0.0000881
5432,0.0259665,0.0000881,0.0000881
5433,0.0259580,0.0000880,0.0000881
5434,0.0259495,0.0000880,0.0000880
5435,0.0259410,0.0000879,0.0000880
5436,0.0259326,0.0000879,0.0000880
5437,0.0259243,0.0000878,0.0000879
5438,0.0259159,0.0000878,0.0000879
5439,0.0259076,0.0000877,0.0000878
5440,0.0258994,0.0000877,0.0000878
5441,0.0258912,0.0000876,0.0000878
5442,0.0258830,0.0000876,0.0000877
5443,0.0258748,0.0000875,0.0000877
5444,0.0258667,0.0000875,0.0000877
5445,0.0258586,0.0000874,0.0000876
5446,0.0258506,0.0000874,0.0000876
5447,0.0258425,0.0000873,0.0000875
5448,0.0258346,0.0000873,0.0000875
5449,0.0258266,0.0000872,0.0000875
5450,0.0258187,0.0000872,0.0000874
5451,0.0258108,0.0000871,0.0000874
5452,0.0258030,0.0000871,0.0000874
5453,0.0257951,0.0000870,0.0000873
5454,0.0257874,0.0000870,0.0000873
5455,0.0257796,0.0000870,0.0000872
5456,0.0257719,0.0000869,0.0000872
5457,0.0257642,0.0000869,0.0000872
5458,0.0257566,0.0000868,0.0000871
5459,0.0257490,0.0000868,0.0000871
5460,0.0257414,0.0000867,0.0000871
5461,0.0257338,0.0000867,0.0000870
5462,0.0257263,0.0000866,0.0000870
5463,0.0257189,0.0000866,0.0000870
5464,0.0257114,0.0000865,0.0000869
5465,0.0257040,0.0000865,0.0000869
5466,0.0256966,0.0000864,0.0000868
5467,0.0256893,0.0000864,0.0000868
5468,0.0256819,0.0000863,0.0000868
5469,0.0256747,0.0000863,0.0000867
5470,0.0256674,0.0000862,0.0000867
5471,0.0256602,0.0000862,0.0000867
5472,0.0256530,0.0000861,0.0000866
5473,0.0256458,0.0000861,0.0000866
5474,0.0256387,0.0000860,0.0000865
5475,0.0256316,0.0000860,0.0000865
5476,0.0256246,0.0000860,0.0000865
5477,0.0256175,0.0000859,0.0000864
5478,0.0256105,0.0000859,0.0000864
5479,0.0256036,0.0000858,0.0000864
5480,0.0255966,0.0000858,0.0000863
5481,0.0255897,0.0000857,0.0000863
5482,0.0255828,0.0000857,0.0000862
5483,0.0255760,0.0000856,0.0000862
5484,0.0255692,0.0000856,0.0000862
5485,0.0255624,0.0000855,0.0000861
5486,0.0255556,0.0000855,0.0000861
5487,0.0255489,0.0000854,0.0000861
5488,0.0255422,0.0000854,0.0000860
5489,0.0255356,0.0000853,0.0000860
5490,0.0255289,0.0000853,0.0000859
5491,0.0255223,0.0000852,0.0000859
5492,0.0255158,0.0000852,0.0000859
5493,0.0255092,0.0000852,0.0000858
5494,0.0255027,0.0000851,0.0000858
5495,0.0254962,0.0000851,0.0000858
5496,0.0254898,0.0000850,0.0000857
5497,0.0254833,0.0000850,0.0000857
5498,0.0254769,0.0000849,0.0000856
5499,0.0254706,0.0000849,0.0000856
5500,0.0254642,0.0000848,0.0000856
5501,0.0254579,0.0000848,0.0000855
5502,0.0254516,0.0000847,0.0000855
5503,0.0254454,0.0000847,0.0000855
5504,0.0254392,0.0000846,0.0000854
5505,0.0254330,0.0000846,0.0000854
5506,0.0254268,0.0000845,0.0000853
5507,0.0254206,0.0000845,0.0000853
5508,0.0254145,0.0000844,0.0000853
5509,0.0254085,0.0000844,0.0000852
5510,0.0254024,0.0000844,0.0000852
5511,0.0253964,0.0000843,0.0000852
5512,0.0253904,0.0000843,0.0000851
5513,0.0253844,0.0000842,0.0000851
5514,0.0253784,0.0000842,0.0000850
5515,0.0253725,0.0000841,0.0000850
5516,0.0253666,0.0000841,0.0000850
5517,0.0253608,0.0000840,0.0000849
5518,0.0253549,0.0000840,0.0000849
5519,0.0253491,0.0000839,0.0000849
5520,0.0253433,0.0000839,0.0000848
5521,0.0253376,0.0000838,0.0000848
5522,0.0253318,0.0000838,0.0000847
5523,0.0253261,0.0000837,0.0000847
5524,0.0253204,0.0000837,0.0000847
5525,0.0253148,0.0000837,0.0000846
5526,0.0253092,0.0000836,0.0000846
5527,0.0253035,0.0000836,0.0000846
5528,0.0252980,0.0000835,0.0000845
5529,0.0252924,0.0000835,0.0000845
5530,0.0252869,0.0000834,0.0000844
5531,0.0252814,0.0000834,0.0000844
5532,0.0252759,0.0000833,0.0000844
5533,0.0252705,0.0000833,0.0000843
5534,0.0252650,0.0000832,0.0000843
5535,0.0252596,0.0000832,0.0000843
5536,0.0252542,0.0000831,0.0000842
5537,0.0252489,0.0000831,0.0000842
5538,0.0252436,0.0000830,0.0000841
5539,0.0252382,0.0000830,0.0000841
5540,0.0252330,0.0000830,0.0000841
5541,0.0252277,0.0000829,0.0000840
5542,0.0252225,0.0000829,0.0000840
5543,0.0252173,0.0000828,0.0000840
5544,0.0252121,0.0000828,0.0000839
5545,0.0252069,0.0000827,0.0000839
5546,0.0252018,0.0000827,0.0000838
5547,0.0251967,0.0000826,0.0000838
5548,0.0251916,0.0000826,0.0000838
5549,0.0251865,0.0000825,0.0000837
5550,0.0251814,0.0000825,0.0000837
5551,0.0251764,0.0000824,0.0000837
5552,0.0251714,0.0000824,0.0000836
5553,0.0251664,0.0000823,0.0000836
5554,0.0251615,0.0000823,0.0000835
5555,0.0251565,0.0000823,0.0000835
5556,0.0251516,0.0000822,0.0000835
5557,0.0251467,0.0000822,0.0000834
5558,0.0251419,0.0000821,0.0000834
5559,0.0251370,0.0000821,0.0000833
5560,0.0251322,0.0000820,0.0000833
5561,0.0251274,0.0000820,0.0000833
5562,0.0251226,0.0000819,0.0000832
5563,0.0251178,0.0000819,0.0000832
5564,0.0251131,0.0000818,0.0000832
5565,0.0251084,0.0000818,0.0000831
5566,0.0251037,0.0000817,0.0000831
5567,0.0250990,0.0000817,0.0000830
5568,0.0250943,0.0000817,0.0000830
5569,0.0250897,0.0000816,0.0000830
5570,0.0250851,0.0000816,0.0000829
5571,0.0250805,0.0000815,0.0000829
5572,0.0250759,0.0000815,0.0000829
5573,0.0250713,0.0000814,0.0000828
5574,0.0250668,0.0000814,0.0000828
5575,0.0250623,0.0000813,0.0000827
5576,0.0250577,0.0000813,0.0000827
5577,0.0250533,0.0000812,0.0000827
5578,0.0250488,0.0000812,0.0000826
5579,0.0250444,0.0000811,0.0000826
5580,0.0250399,0.0000811,0.0000825
5581,0.0250355,0.0000811,0.0000825
5582,0.0250311,0.0000810,0.0000825
5583,0.0250268,0.0000810,0.0000824
5584,0.0250224,0.0000809,0.0000824
5585,0.0250181,0.0000809,0.0000824
5586,0.0250138,0.0000808,0.0000823
5587,0.0250095,0.0000808,0.0000823
5588,0.0250052,0.0000807,0.0000822
5589,0.0250009,0.0000807,0.0000822
5590,0.0249967,0.0000806,0.0000822
5591,0.0249925,0.0000806,0.0000821
5592,0.0249883,0.0000805,0.0000821
5593,0.0249841,0.0000805,0.0000820
5594,0.0249799,0.0000805,0.0000820
5595,0.0249757,0.0000804,0.0000820
5596,0.0249716,0.0000804,0.0000819
5597,0.0249675,0.0000803,0.0000819
5598,0.0249634,0.0000803,0.0000819
5599,0.0249593,0.0000802,0.0000818
5600,0.0249552,0.0000802,0.0000818
5601,0.0249512,0.0000801,0.0000817
5602,0.0249471,0.0000801,0.0000817
5603,0.0249431,0.0000800,0.0000817
5604,0.0249391,0.0000800,0.0000816
5605,0.0249351,0.0000800,0.0000816
5606,0.0249311,0.0000799,0.0000815
5607,0.0249271,0.0000799,0.0000815
5608,0.0249232,0.0000798,0.0000815
5609,0.0249193,0.0000798,0.0000814
5610,0.0249153,0.0000797,0.0000814
5611,0.0249114,0.0000797,0.0000814
5612,0.0249075,0.0000796,0.0000813
5613,0.0249037,0.0000796,0.0000813
5614,0.0248998,0.0000795,0.0000812
5615,0.0248960,0.0000795,0.0000812
5616,0.0248921,0.0000794,0.0000812
5617,0.0248883,0.0000794,0.0000811
5618,0.0248845,0.0000794,0.0000811
5619,0.0248807,0.0000793,0.0000810
5620,0.0248769,0.0000793,0.0000810
5621,0.0248732,0.0000792,0.0000810
5622,0.0248694,0.0000792,0.0000809
5623,0.0248657,0.0000791,0.0000809
5624,0.0248620,0.0000791,0.0000808
5625,0.0248583,0.0000790,0.0000808
5626,0.0248546,0.0000790,0.0000808
5627,0.0248509,0.0000789,0.0000807
5628,0.0248472,0.0000789,0.0000807
5629,0.0248436,0.0000789,0.0000806
5630,0.0248399,0.0000788,0.0000806
5631,0.0248363,0.0000788,0.0000806
5632,0.0248327,0.0000787,0.0000805
5633,0.0248290,0.0000787,0.0000805
5634,0.0248254,0.0000786,0.0000805
5635,0.0248219,0.0000786,0.0000804
5636,0.0248183,0.0000785,0.0000804
5637,0.0248147,0.0000785,0.0000803
5638,0.0248112,0.0000784,0.0000803
5639,0.0248076,0.0000784,0.0000803
5640,0.0248041,0.0000784,0.0000802
5641,0.0248006,0.0000783,0.0000802
5642,0.0247971,0.0000783,0.0000801
5643,0.0247936,0.0000782,0.0000801
5644,0.0247901,0.0000782,0.0000801
5645,0.0247866,0.0000781,0.0000800
5646,0.0247831,0.0000781,0.0000800
5647,0.0247797,0.0000780,0.0000799
5648,0.0247762,0.0000780,0.0000799
5649,0.0247728,0.0000779,0.0000799
5650,0.0247694,0.0000779,0.0000798
5651,0.0247660,0.0000779,0.0000798
5652,0.0247625,0.0000778,0.0000797
5653,0.0247591,0.0000778,0.0000797
5654,0.0247558,0.0000777,0.0000797
5655,0.0247524,0.0000777,0.0000796
5656,0.0247490,0.0000776,0.0000796
5657,0.0247456,0.0000776,0.0000795
5658,0.0247423,0.0000775,0.0000795
5659,0.0247389,0.0000775,0.0000795
5660,0.0247356,0.0000774,0.0000794
5661,0.0247323,0.0000774,0.0000794
5662,0.0247290,0.0000773,0.0000793
5663,0.0247256,0.0000773,0.0000793
5664,0.0247223,0.0000773,0.0000793
5665,0.0247190,0.0000772,0.0000792
5666,0.0247157,0.0000772,0.0000792
5667,0.0247125,0.0000771,0.0000791
5668,0.0247092,0.0000771,0.0000791
5669,0.0247059,0.0000770,0.0000791
5670,0.0247027,0.0000770,0.0000790
5671,0.0246994,0.0000769,0.0000790
5672,0.0246962,0.0000769,0.0000789
5673,0.0246929,0.0000769,0.0000789
5674,0.0246897,0.0000768,0.0000789
5675,0.0246865,0.0000768,0.0000788
5676,0.0246832,0.0000767,0.0000788
5677,0.0246800,0.0000767,0.0000787
5678,0.0246768,0.0000766,0.0000787
5679,0.0246736,0.0000766,0.0000787
5680,0.0246704,0.0000765,0.0000786
5681,0.0246672,0.0000765,0.0000786
5682,0.0246640,0.0000764,0.0000785
5683,0.0246609,0.0000764,0.0000785
5684,0.0246577,0.0000764,0.0000785
5685,0.0246545,0.0000763,0.0000784
5686,0.0246514,0.0000763,0.0000784
5687,0.0246482,0.0000762,0.0000783
5688,0.0246450,0.0000762,0.0000783
5689,0.0246419,0.0000761,0.0000782
5690,0.0246388,0.0000761,0.0000782
5691,0.0246356,0.0000760,0.0000782
5692,0.0246325,0.0000760,0.0000781
5693,0.0246293,0.0000759,0.0000781
5694,0.0246262,0.0000759,0.0000780
5695,0.0246231,0.0000759,0.0000780
5696,0.0246200,0.0000758,0.0000780
5697,0.0246169,0.0000758,0.0000779
5698,0.0246137,0.0000757,0.0000779
5699,0.0246106,0.0000757,0.0000778
5700,0.0246075,0.0000756,0.0000778
5701,0.0246044,0.0000756,0.0000778
5702,0.0246013,0.0000755,0.0000777
5703,0.0245982,0.0000755,0.0000777
5704,0.0245951,0.0000754,0.0000776
5705,0.0245921,0.0000754,0.0000776
5706,0.0245890,0.0000754,0.0000776
5707,0.0245859,0.0000753,0.0000775
5708,0.0245828,0.0000753,0.0000775
5709,0.0245797,0.0000752,0.0000774
5710,0.0245766,0.0000752,0.0000774
5711,0.0245736,0.0000751,0.0000773
5712,0.0245705,0.0000751,0.0000773
5713,0.0245674,0.0000750,0.0000773
5714,0.0245643,0.0000750,0.0000772
5715,0.0245613,0.0000749,0.0000772
5716,0.0245582,0.0000749,0.0000771
5717,0.0245551,0.0000749,0.0000771
5718,0.0245521,0.0000748,0.0000771
5719,0.0245490,0.0000748,0.0000770
5720,0.0245459,0.0000747,0.0000770
5721,0.0245429,0.0000747,0.0000769
5722,0.0245398,0.0000746,0.0000769
5723,0.0245368,0.0000746,0.0000768
5724,0.0245337,0.0000745,0.0000768
5725,0.0245306,0.0000745,0.0000768
5726,0.0245276,0.0000745,0.0000767
5727,0.0245245,0.0000744,0.0000767
5728,0.0245214,0.0000744,0.0000766
5729,0.0245184,0.0000743,0.0000766
5730,0.0245153,0.0000743,0.0000765
5731,0.0245123,0.0000742,0.0000765
5732,0.0245092,0.0000742,0.0000765
5733,0.0245061,0.0000741,0.0000764
5734,0.0245031,0.0000741,0.0000764
5735,0.0245000,0.0000740,0.0000763
5736,0.0244969,0.0000740,0.0000763
5737,0.0244939,0.0000740,0.0000763
5738,0.0244908,0.0000739,0.0000762
5739,0.0244877,0.0000739,0.0000762
5740,0.0244847,0.0000738,0.0000761
5741,0.0244816,0.0000738,0.0000761
5742,0.0244785,0.0000737,0.0000760
5743,0.0244754,0.0000737,0.0000760
5744,0.0244724,0.0000736,0.0000760
5745,0.0244693,0.0000736,0.0000759
5746,0.0244662,0.0000736,0.0000759
5747,0.0244631,0.0000735,0.0000758
5748,0.0244600,0.0000735,0.0000758
5749,0.0244569,0.0000734,0.0000757
5750,0.0244539,0.0000734,0.0000757
5751,0.0244508,0.0000733,0.0000757
5752,0.0244477,0.0000733,0.0000756
5753,0.0244446,0.0000732,0.0000756
5754,0.0244415,0.0000732,0.0000755
5755,0.0244384,0.0000731,0.0000755
5756,0.0244352,0.0000731,0.0000754
5757,0.0244321,0.0000731,0.0000754
5758,0.0244290,0.0000730,0.0000754
5759,0.0244259,0.0000730,0.0000753
5760,0.0244228,0.0000729,0.0000753
5761,0.0244196,0.0000729,0.0000752
5762,0.0244165,0.0000728,0.0000752
5763,0.0244134,0.0000728,0.0000751
5764,0.0244102,0.0000727,0.0000751
5765,0.0244071,0.0000727,0.0000751
5766,0.0244040,0.0000727,0.0000750
5767,0.0244008,0.0000726,0.0000750
5768,0.0243976,0.0000726,0.0000749
5769,0.0243945,0.0000725,0.0000749
5770,0.0243913,0.0000725,0.0000748
5771,0.0243881,0.0000724,0.0000748
5772,0.0243850,0.0000724,0.0000747
5773,0.0243818,0.0000723,0.0000747
5774,0.0243786,0.0000723,0.0000747
5775,0.0243754,0.0000722,0.0000746
5776,0.0243722,0.0000722,0.0000746
5777,0.0243690,0.0000722,0.0000745
5778,0.0243658,0.0000721,0.0000745
5779,0.0243626,0.0000721,0.0000744
5780,0.0243594,0.0000720,0.0000744
5781,0.0243562,0.0000720,0.0000744
5782,0.0243529,0.0000719,0.0000743
5783,0.0243497,0.0000719,0.0000743
5784,0.0243464,0.0000718,0.0000742
5785,0.0243432,0.0000718,0.0000742
5786,0.0243399,0.0000718,0.0000741
5787,0.0243367,0.0000717,0.0000741
5788,0.0243334,0.0000717,0.0000740
5789,0.0243301,0.0000716,0.0000740
5790,0.0243268,0.0000716,0.0000740
5791,0.0243236,0.0000715,0.0000739
5792,0.0243203,0.0000715,0.0000739
5793,0.0243169,0.0000714,0.0000738
5794,0.0243136,0.0000714,0.0000738
5795,0.0243103,0.0000713,0.0000737
5796,0.0243070,0.0000713,0.0000737
5797,0.0243037,0.0000713,0.0000736
5798,0.0243003,0.0000712,0.0000736
5799,0.0242970,0.0000712,0.0000736
5800,0.0242936,0.0000711,0.0000735
5801,0.0242902,0.0000711,0.0000735
5802,0.0242869,0.0000710,0.0000734
5803,0.0242835,0.0000710,0.0000734
5804,0.0242801,0.0000709,0.0000733
5805,0.0242767,0.0000709,0.0000733
5806,0.0242733,0.0000709,0.0000732
5807,0.0242699,0.0000708,0.0000732
5808,0.0242665,0.0000708,0.0000732
5809,0.0242630,0.0000707,0.0000731
5810,0.0242596,0.0000707,0.0000731
5811,0.0242561,0.0000706,0.0000730
5812,0.0242527,0.0000706,0.0000730
5813,0.0242492,0.0000705,0.0000729
5814,0.0242457,0.0000705,0.0000729
5815,0.0242422,0.0000705,0.0000728
5816,0.0242388,0.0000704,0.0000728
5817,0.0242352,0.0000704,0.0000727
5818,0.0242317,0.0000703,0.0000727
5819,0.0242282,0.0000703,0.0000727
5820,0.0242247,0.0000702,0.0000726
5821,0.0242211,0.0000702,0.0000726
5822,0.0242176,0.0000701,0.0000725
5823,0.0242140,0.0000701,0.0000725
5824,0.0242104,0.0000701,0.0000724
5825,0.0242069,0.0000700,0.0000724
5826,0.0242033,0.0000700,0.0000723
5827,0.0241997,0.0000699,0.0000723
5828,0.0241960,0.0000699,0.0000722
5829,0.0241924,0.0000698,0.0000722
5830,0.0241888,0.0000698,0.0000722
5831,0.0241851,0.0000697,0.0000721
5832,0.0241815,0.0000697,0.0000721
5833,0.0241778,0.0000696,0.0000720
5834,0.0241741,0.0000696,0.0000720
5835,0.0241704,0.0000696,0.0000719
5836,0.0241667,0.0000695,0.0000719
5837,0.0241630,0.0000695,0.0000718
5838,0.0241593,0.0000694,0.0000718
5839,0.0241556,0.0000694,0.0000717
5840,0.0241518,0.0000693,0.0000717
5841,0.0241480,0.0000693,0.0000716
5842,0.0241443,0.0000692,0.0000716
5843,0.0241405,0.0000692,0.0000716
5844,0.0241367,0.0000692,0.0000715
5845,0.0241329,0.0000691,0.0000715
5846,0.0241291,0.0000691,0.0000714
5847,0.0241252,0.0000690,0.0000714
5848,0.0241214,0.0000690,0.0000713
5849,0.0241175,0.0000689,0.0000713
5850,0.0241137,0.0000689,0.0000712
5851,0.0241098,0.0000688,0.0000712
5852,0.0241059,0.0000688,0.0000711
5853,0.0241020,0.0000688,0.0000711
5854,0.0240981,0.0000687,0.0000710
5855,0.0240941,0.0000687,0.0000710
5856,0.0240902,0.0000686,0.0000710
5857,0.0240862,0.0000686,0.0000709
5858,0.0240823,0.0000685,0.0000709
5859,0.0240783,0.0000685,0.0000708
5860,0.0240743,0.0000684,0.0000708
5861,0.0240703,0.0000684,0.0000707
5862,0.0240663,0.0000684,0.0000707
5863,0.0240622,0.0000683,0.0000706
5864,0.0240582,0.0000683,0.0000706
5865,0.0240541,0.0000682,0.0000705
5866,0.0240500,0.0000682,0.0000705
5867,0.0240460,0.0000681,0.0000704
5868,0.0240418,0.0000681,0.0000704
5869,0.0240377,0.0000680,0.0000703
5870,0.0240336,0.0000680,0.0000703
5871,0.0240295,0.0000679,0.0000702
5872,0.0240253,0.0000679,0.0000702
5873,0.0240211,0.0000679,0.0000702
5874,0.0240169,0.0000678,0.0000701
5875,0.0240127,0.0000678,0.0000701
5876,0.0240085,0.0000677,0.0000700
5877,0.0240043,0.0000677,0.0000700
5878,0.0240000,0.0000676,0.0000699
5879,0.0239958,0.0000676,0.0000699
5880,0.0239915,0.0000675,0.0000698
5881,0.0239872,0.0000675,0.0000698
5882,0.0239829,0.0000675,0.0000697
5883,0.0239786,0.0000674,0.0000697
5884,0.0239742,0.0000674,0.0000696
5885,0.0239699,0.0000673,0.0000696
5886,0.0239655,0.0000673,0.0000695
5887,0.0239611,0.0000672,0.0000695
5888,0.0239568,0.0000672,0.0000694
5889,0.0239523,0.0000671,0.0000694
5890,0.0239479,0.0000671,0.0000693
5891,0.0239435,0.0000671,0.0000693
5892,0.0239390,0.0000670,0.0000692
5893,0.0239345,0.0000670,0.0000692
5894,0.0239301,0.0000669,0.0000691
5895,0.0239255,0.0000669,0.0000691
5896,0.0239210,0.0000668,0.0000691
5897,0.0239165,0.0000668,0.0000690
5898,0.0239119,0.0000667,0.0000690
5899,0.0239074,0.0000667,0.0000689
5900,0.0239028,0.0000667,0.0000689
5901,0.0238982,0.0000666,0.0000688
5902,0.0238936,0.0000666,0.0000688
5903,0.0238889,0.0000665,0.0000687
5904,0.0238843,0.0000665,0.0000687
5905,0.0238796,0.0000664,0.0000686
5906,0.0238749,0.0000664,0.0000686
5907,0.0238702,0.0000663,0.0000685
5908,0.0238655,0.0000663,0.0000685
5909,0.0238608,0.0000663,0.0000684
5910,0.0238560,0.0000662,0.0000684
5911,0.0238513,0.0000662,0.0000683
5912,0.0238465,0.0000661,0.0000683
5913,0.0238417,0.0000661,0.0000682
5914,0.0238369,0.0000660,0.0000682
5915,0.0238321,0.0000660,0.0000681
5916,0.0238272,0.0000659,0.0000681
5917,0.0238223,0.0000659,0.0000680
5918,0.0238175,0.0000659,0.0000680
5919,0.0238125,0.0000658,0.0000679
5920,0.0238076,0.0000658,0.0000679
5921,0.0238027,0.0000657,0.0000678
5922,0.0237977,0.0000657,0.0000678
5923,0.0237928,0.0000656,0.0000677
5924,0.0237878,0.0000656,0.0000677
5925,0.0237828,0.0000655,0.0000676
5926,0.0237777,0.0000655,0.0000676
5927,0.0237727,0.0000655,0.0000675
5928,0.0237676,0.0000654,0.0000675
5929,0.0237626,0.0000654,0.0000674
5930,0.0237575,0.0000653,0.0000674
5931,0.0237524,0.0000653,0.0000673
5932,0.0237472,0.0000652,0.0000673
5933,0.0237421,0.0000652,0.0000672
5934,0.0237369,0.0000651,0.0000672
5935,0.0237317,0.0000651,0.0000671
5936,0.0237265,0.0000651,0.0000671
5937,0.0237213,0.0000650,0.0000670
5938,0.0237161,0.0000650,0.0000670
5939,0.0237108,0.0000649,0.0000669
5940,0.0237055,0.0000649,0.0000669
5941,0.0237002,0.0000648,0.0000668
5942,0.0236949,0.0000648,0.0000668
5943,0.0236896,0.0000647,0.0000667
5944,0.0236842,0.0000647,0.0000667
5945,0.0236789,0.0000647,0.0000666
5946,0.0236735,0.0000646,0.0000666
5947,0.0236681,0.0000646,0.0000665
5948,0.0236626,0.0000645,0.0000665
5949,0.0236572,0.0000645,0.0000664
5950,0.0236517,0.0000644,0.0000664
5951,0.0236462,0.0000644,0.0000663
5952,0.0236407,0.0000643,0.0000663
5953,0.0236352,0.0000643,0.0000662
5954,0.0236297,0.0000643,0.0000662
5955,0.0236241,0.0000642,0.0000661
5956,0.0236185,0.0000642,0.0000661
5957,0.0236129,0.0000641,0.0000660
5958,0.0236073,0.0000641,0.0000660
5959,0.0236017,0.0000640,0.0000659
5960,0.0235960,0.0000640,0.0000659
5961,0.0235904,0.0000640,0.0000658
5962,0.0235847,0.0000639,0.0000658
5963,0.0235789,0.0000639,0.0000657
5964,0.0235732,0.0000638,0.0000657
5965,0.0235675,0.0000638,0.0000656
5966,0.0235617,0.0000637,0.0000656
5967,0.0235559,0.0000637,0.0000655
5968,0.0235501,0.0000636,0.0000655
5969,0.0235442,0.0000636,0.0000654
5970,0.0235384,0.0000636,0.0000654
5971,0.0235325,0.0000635,0.0000653
5972,0.0235266,0.0000635,0.0000653
5973,0.0235207,0.0000634,0.0000652
5974,0.0235148,0.0000634,0.0000652
5975,0.0235088,0.0000633,0.0000651
5976,0.0235029,0.0000633,0.0000651
5977,0.0234969,0.0000632,0.0000650
5978,0.0234908,0.0000632,0.0000650
5979,0.0234848,0.0000632,0.0000649
5980,0.0234788,0.0000631,0.0000649
5981,0.0234727,0.0000631,0.0000648
5982,0.0234666,0.0000630,0.0000648
5983,0.0234605,0.0000630,0.0000647
5984,0.0234543,0.0000629,0.0000647
5985,0.0234482,0.0000629,0.0000646
5986,0.0234420,0.0000628,0.0000646
5987,0.0234358,0.0000628,0.0000645
5988,0.0234296,0.0000628,0.0000645
5989,0.0234234,0.0000627,0.0000644
5990,0.0234171,0.0000627,0.0000644
5991,0.0234108,0.0000626,0.0000643
5992,0.0234045,0.0000626,0.0000643
5993,0.0233982,0.0000625,0.0000642
5994,0.0233919,0.0000625,0.0000642
5995,0.0233855,0.0000625,0.0000641
5996,0.0233791,0.0000624,0.0000641
5997,0.0233727,0.0000624,0.0000640
5998,0.0233663,0.0000623,0.0000640
5999,0.0233598,0.0000623,0.0000639
6000,0.0233534,0.0000622,0.0000638
6001,0.0233469,0.0000622,0.0000638
6002,0.0233404,0.0000621,0.0000637
6003,0.0233338,0.0000621,0.0000637
6004,0.0233273,0.0000621,0.0000636
6005,0.0233207,0.0000620,0.0000636
6006,0.0233141,0.0000620,0.0000635
6007,0.0233075,0.0000619,0.0000635
6008,0.0233009,0.0000619,0.0000634
6009,0.0232942,0.0000618,0.0000634
6010,0.0232875,0.0000618,0.0000633
6011,0.0232808,0.0000617,0.0000633
6012,0.0232741,0.0000617,0.0000632
6013,0.0232674,0.0000617,0.0000632
6014,0.0232606,0.0000616,0.0000631
6015,0.0232538,0.0000616,0.0000631
6016,0.0232470,0.0000615,0.0000630
6017,0.0232402,0.0000615,0.0000630
6018,0.0232334,0.0000614,0.0000629
6019,0.0232265,0.0000614,0.0000629
6020,0.0232196,0.0000614,0.0000628
6021,0.0232127,0.0000613,0.0000628
6022,0.0232057,0.0000613,0.0000627
6023,0.0231988,0.0000612,0.0000627
6024,0.0231918,0.0000612,0.0000626
6025,0.0231848,0.0000611,0.0000626
6026,0.0231778,0.0000611,0.0000625
6027,0.0231707,0.0000610,0.0000624
6028,0.0231637,0.0000610,0.0000624
6029,0.0231566,0.0000610,0.0000623
6030,0.0231495,0.0000609,0.0000623
6031,0.0231423,0.0000609,0.0000622
6032,0.0231352,0.0000608,0.0000622
6033,0.0231280,0.0000608,0.0000621
6034,0.0231208,0.0000607,0.0000621
6035,0.0231136,0.0000607,0.0000620
6036,0.0231064,0.0000607,0.0000620
6037,0.0230991,0.0000606,0.0000619
6038,0.0230918,0.0000606,0.0000619
6039,0.0230845,0.0000605,0.0000618
6040,0.0230772,0.0000605,0.0000618
6041,0.0230698,0.0000604,0.0000617
6042,0.0230625,0.0000604,0.0000617
6043,0.0230551,0.0000604,0.0000616
6044,0.0230476,0.0000603,0.0000616
6045,0.0230402,0.0000603,0.0000615
6046,0.0230327,0.0000602,0.0000614
6047,0.0230253,0.0000602,0.0000614
6048,0.0230178,0.0000601,0.0000613
6049,0.0230102,0.0000601,0.0000613
6050,0.0230027,0.0000600,0.0000612
6051,0.0229951,0.0000600,0.0000612
6052,0.0229875,0.0000600,0.0000611
6053,0.0229799,0.0000599,0.0000611
6054,0.0229723,0.0000599,0.0000610
6055,0.0229646,0.0000598,0.0000610
6056,0.0229569,0.0000598,0.0000609
6057,0.0229492,0.0000597,0.0000609
6058,0.0229415,0.0000597,0.0000608
6059,0.0229337,0.0000597,0.0000608
6060,0.0229260,0.0000596,0.0000607
6061,0.0229182,0.0000596,0.0000607
6062,0.0229103,0.0000595,0.0000606
6063,0.0229025,0.0000595,0.0000605
6064,0.0228946,0.0000594,0.0000605
6065,0.0228868,0.0000594,0.0000604
6066,0.0228788,0.0000594,0.0000604
6067,0.0228709,0.0000593,0.0000603
6068,0.0228630,0.0000593,0.0000603
6069,0.0228550,0.0000592,0.0000602
6070,0.0228470,0.0000592,0.0000602
6071,0.0228390,0.0000591,0.0000601
6072,0.0228309,0.0000591,0.0000601
6073,0.0228229,0.0000590,0.0000600
6074,0.0228148,0.0000590,0.0000600
6075,0.0228067,0.0000590,0.0000599
6076,0.0227985,0.0000589,0.0000599
6077,0.0227904,0.0000589,0.0000598
6078,0.0227822,0.0000588,0.0000597
6079,0.0227740,0.0000588,0.0000597
6080,0.0227658,0.0000587,0.0000596
6081,0.0227575,0.0000587,0.0000596
6082,0.0227493,0.0000587,0.0000595
6083,0.0227410,0.0000586,0.0000595
6084,0.0227327,0.0000586,0.0000594
6085,0.0227243,0.0000585,0.0000594
6086,0.0227160,0.0000585,0.0000593
6087,0.0227076,0.0000584,0.0000593
6088,0.0226992,0.0000584,0.0000592
6089,0.0226908,0.0000584,0.0000592
6090,0.0226823,0.0000583,0.0000591
6091,0.0226738,0.0000583,0.0000591
6092,0.0226654,0.0000582,0.0000590
6093,0.0226568,0.0000582,0.0000589
6094,0.0226483,0.0000581,0.0000589
6095,0.0226397,0.0000581,0.0000588
6096,0.0226312,0.0000581,0.0000588
6097,0.0226225,0.0000580,0.0000587
6098,0.0226139,0.0000580,0.0000587
6099,0.0226053,0.0000579,0.0000586
6100,0.0225966,0.0000579,0.0000586
6101,0.0225879,0.0000578,0.0000585
6102,0.0225792,0.0000578,0.0000585
6103,0.0225704,0.0000578,0.0000584
6104,0.0225617,0.0000577,0.0000584
6105,0.0225529,0.0000577,0.0000583
6106,0.0225441,0.0000576,0.0000582
6107,0.0225352,0.0000576,0.0000582
6108,0.0225264,0.0000575,0.0000581
6109,0.0225175,0.0000575,0.0000581
6110,0.0225086,0.0000575,0.0000580
6111,0.0224997,0.0000574,0.0000580
6112,0.0224907,0.0000574,0.0000579
6113,0.0224817,0.0000573,0.0000579
6114,0.0224727,0.0000573,0.0000578
6115,0.0224637,0.0000572,0.0000578
6116,0.0224547,0.0000572,0.0000577
6117,0.0224456,0.0000572,0.0000577
6118,0.0224365,0.0000571,0.0000576
6119,0.0224274,0.0000571,0.0000575
6120,0.0224183,0.0000570,0.0000575
6121,0.0224092,0.0000570,0.0000574
6122,0.0224000,0.0000569,0.0000574
6123,0.0223908,0.0000569,0.0000573
6124,0.0223816,0.0000569,0.0000573
6125,0.0223723,0.0000568,0.0000572
6126,0.0223631,0.0000568,0.0000572
6127,0.0223538,0.0000567,0.0000571
6128,0.0223445,0.0000567,0.0000571
6129,0.0223351,0.0000567,0.0000570
6130,0.0223258,0.0000566,0.0000570
6131,0.0223164,0.0000566,0.0000569
6132,0.0223070,0.0000565,0.0000568
6133,0.0222976,0.0000565,0.0000568
6134,0.0222881,0.0000564,0.0000567
6135,0.0222787,0.0000564,0.0000567
6136,0.0222692,0.0000564,0.0000566
6137,0.0222596,0.0000563,0.0000566
6138,0.0222501,0.0000563,0.0000565
6139,0.0222405,0.0000562,0.0000565
6140,0.0222310,0.0000562,0.0000564
6141,0.0222214,0.0000561,0.0000564
6142,0.0222117,0.0000561,0.0000563
6143,0.0222021,0.0000561,0.0000562
6144,0.0221924,0.0000560,0.0000562
6145,0.0221827,0.0000560,0.0000561
6146,0.0221730,0.0000559,0.0000561
6147,0.0221633,0.0000559,0.0000560
6148,0.0221535,0.0000558,0.0000560
6149,0.0221437,0.0000558,0.0000559
6150,0.0221339,0.0000558,0.0000559
6151,0.0221241,0.0000557,0.0000558
6152,0.0221142,0.0000557,0.0000558
6153,0.0221044,0.0000556,0.0000557
6154,0.0220945,0.0000556,0.0000557
6155,0.0220845,0.0000556,0.0000556
6156,0.0220746,0.0000555,0.0000555
6157,0.0220646,0.0000555,0.0000555
6158,0.0220546,0.0000554,0.0000554
6159,0.0220446,0.0000554,0.0000554
6160,0.0220346,0.0000553,0.0000553
6161,0.0220245,0.0000553,0.0000553
6162,0.0220145,0.0000553,0.0000552
6163,0.0220044,0.0000552,0.0000552
6164,0.0219943,0.0000552,0.0000551
6165,0.0219841,0.0000551,0.0000551
6166,0.0219739,0.0000551,0.0000550
6167,0.0219638,0.0000551,0.0000549
6168,0.0219535,0.0000550,0.0000549
6169,0.0219433,0.0000550,0.0000548
6170,0.0219331,0.0000549,0.0000548
6171,0.0219228,0.0000549,0.0000547
6172,0.0219125,0.0000548,0.0000547
6173,0.0219022,0.0000548,0.0000546
6174,0.0218918,0.0000548,0.0000546
6175,0.0218815,0.0000547,0.0000545
6176,0.0218711,0.0000547,0.0000545
6177,0.0218607,0.0000546,0.0000544
6178,0.0218502,0.0000546,0.0000543
6179,0.0218398,0.0000546,0.0000543
6180,0.0218293,0.0000545,0.0000542
6181,0.0218188,0.0000545,0.0000542
6182,0.0218083,0.0000544,0.0000541
6183,0.0217977,0.0000544,0.0000541
6184,0.0217872,0.0000543,0.0000540
6185,0.0217766,0.0000543,0.0000540
6186,0.0217660,0.0000543,0.0000539
6187,0.0217554,0.0000542,0.0000539
6188,0.0217447,0.0000542,0.0000538
6189,0.0217340,0.0000541,0.0000538
6190,0.0217233,0.0000541,0.0000537
6191,0.0217126,0.0000541,0.0000536
6192,0.0217019,0.0000540,0.0000536
6193,0.0216911,0.0000540,0.0000535
6194,0.0216803,0.0000539,0.0000535
6195,0.0216695,0.0000539,0.0000534
6196,0.0216587,0.0000539,0.0000534
6197,0.0216479,0.0000538,0.0000533
6198,0.0216370,0.0000538,0.0000533
6199,0.0216261,0.0000537,0.0000532
6200,0.0216152,0.0000537,0.0000532
6201,0.0216043,0.0000536,0.0000531
6202,0.0215933,0.0000536,0.0000530
6203,0.0215823,0.0000536,0.0000530
6204,0.0215713,0.0000535,0.0000529
6205,0.0215603,0.0000535,0.0000529
6206,0.0215493,0.0000534,0.0000528
6207,0.0215382,0.0000534,0.0000528
6208,0.0215271,0.0000534,0.0000527
6209,0.0215160,0.0000533,0.0000527
6210,0.0215049,0.0000533,0.0000526
6211,0.0214937,0.0000532,0.0000526
6212,0.0214826,0.0000532,0.0000525
6213,0.0214714,0.0000532,0.0000525
6214,0.0214602,0.0000531,0.0000524
6215,0.0214489,0.0000531,0.0000523
6216,0.0214377,0.0000530,0.0000523
6217,0.0214264,0.0000530,0.0000522
6218,0.0214151,0.0000530,0.0000522
6219,0.0214038,0.0000529,0.0000521
6220,0.0213925,0.0000529,0.0000521
6221,0.0213811,0.0000528,0.0000520
6222,0.0213697,0.0000528,0.0000520
6223,0.0213583,0.0000528,0.0000519
6224,0.0213469,0.0000527,0.0000519
6225,0.0213354,0.0000527,0.0000518
6226,0.0213240,0.0000526,0.0000517
6227,0.0213125,0.0000526,0.0000517
6228,0.0213010,0.0000526,0.0000516
6229,0.0212895,0.0000525,0.0000516
6230,0.0212779,0.0000525,0.0000515
6231,0.0212663,0.0000524,0.0000515
6232,0.0212547,0.0000524,0.0000514
6233,0.0212431,0.0000524,0.0000514
6234,0.0212315,0.0000523,0.0000513
6235,0.0212198,0.0000523,0.0000513
6236,0.0212082,0.0000522,0.0000512
6237,0.0211965,0.0000522,0.0000512
6238,0.0211848,0.0000522,0.0000511
6239,0.0211730,0.0000521,0.0000510
6240,0.0211613,0.0000521,0.0000510
6241,0.0211495,0.0000520,0.0000509
6242,0.0211377,0.0000520,0.0000509
6243,0.0211259,0.0000520,0.0000508
6244,0.0211140,0.0000519,0.0000508
6245,0.0211022,0.0000519,0.0000507
6246,0.0210903,0.0000518,0.0000507
6247,0.0210784,0.0000518,0.0000506
6248,0.0210665,0.0000518,0.0000506
6249,0.0210546,0.0000517,0.0000505
6250,0.0210426,0.0000517,0.0000505
6251,0.0210306,0.0000516,0.0000504
6252,0.0210186,0.0000516,0.0000503
6253,0.0210066,0.0000516,0.0000503
6254,0.0209946,0.0000515,0.0000502
6255,0.0209825,0.0000515,0.0000502
6256,0.0209704,0.0000514,0.0000501
6257,0.0209583,0.0000514,0.0000501
6258,0.0209462,0.0000514,0.0000500
6259,0.0209341,0.0000513,0.0000500
6260,0.0209219,0.0000513,0.0000499
6261,0.0209097,0.0000512,0.0000499
6262,0.0208975,0.0000512,0.0000498
6263,0.0208853,0.0000512,0.0000498
6264,0.0208731,0.0000511,0.0000497
6265,0.0208608,0.0000511,0.0000497
6266,0.0208485,0.0000510,0.0000496
6267,0.0208362,0.0000510,0.0000495
6268,0.0208239,0.0000510,0.0000495
6269,0.0208116,0.0000509,0.0000494
6270,0.0207992,0.0000509,0.0000494
6271,0.0207868,0.0000508,0.0000493
6272,0.0207744,0.0000508,0.0000493
6273,0.0207620,0.0000508,0.0000492
6274,0.0207496,0.0000507,0.0000492
6275,0.0207371,0.0000507,0.0000491
6276,0.0207247,0.0000507,0.0000491
6277,0.0207122,0.0000506,0.0000490
6278,0.0206997,0.0000506,0.0000490
6279,0.0206871,0.0000505,0.0000489
6280,0.0206746,0.0000505,0.0000489
6281,0.0206620,0.0000505,0.0000488
6282,0.0206494,0.0000504,0.0000487
6283,0.0206368,0.0000504,0.0000487
6284,0.0206242,0.0000503,0.0000486
6285,0.0206116,0.0000503,0.0000486
6286,0.0205989,0.0000503,0.0000485
6287,0.0205862,0.0000502,0.0000485
6288,0.0205735,0.0000502,0.0000484
6289,0.0205608,0.0000502,0.0000484
6290,0.0205481,0.0000501,0.0000483
6291,0.0205353,0.0000501,0.0000483
6292,0.0205225,0.0000500,0.0000482
6293,0.0205097,0.0000500,0.0000482
6294,0.0204969,0.0000500,0.0000481
6295,0.0204841,0.0000499,0.0000481
6296,0.0204712,0.0000499,0.0000480
6297,0.0204584,0.0000498,0.0000480
6298,0.0204455,0.0000498,0.0000479
6299,0.0204326,0.0000498,0.0000479
6300,0.0204197,0.0000497,0.0000478
6301,0.0204067,0.0000497,0.0000477
6302,0.0203938,0.0000497,0.0000477
6303,0.0203808,0.0000496,0.0000476
6304,0.0203678,0.0000496,0.0000476
6305,0.0203548,0.0000495,0.0000475
6306,0.0203417,0.0000495,0.0000475
6307,0.0203287,0.0000495,0.0000474
6308,0.0203156,0.0000494,0.0000474
6309,0.0203025,0.0000494,0.0000473
6310,0.0202894,0.0000494,0.0000473
6311,0.0202763,0.0000493,0.0000472
6312,0.0202632,0.0000493,0.0000472
6313,0.0202500,0.0000492,0.0000471
6314,0.0202368,0.0000492,0.0000471
6315,0.0202236,0.0000492,0.0000470
6316,0.0202104,0.0000491,0.0000470
6317,0.0201972,0.0000491,0.0000469
6318,0.0201840,0.0000491,0.0000469
6319,0.0201707,0.0000490,0.0000468
6320,0.0201574,0.0000490,0.0000468
6321,0.0201441,0.0000489,0.0000467
6322,0.0201308,0.0000489,0.0000466
6323,0.0201175,0.0000489,0.0000466
6324,0.0201041,0.0000488,0.0000465
6325,0.0200908,0.0000488,0.0000465
6326,0.0200774,0.0000488,0.0000464
6327,0.0200640,0.0000487,0.0000464
6328,0.0200506,0.0000487,0.0000463
6329,0.0200371,0.0000486,0.0000463
6330,0.0200237,0.0000486,0.0000462
6331,0.0200102,0.0000486,0.0000462
6332,0.0199967,0.0000485,0.0000461
6333,0.0199832,0.0000485,0.0000461
6334,0.0199697,0.0000485,0.0000460
6335,0.0199562,0.0000484,0.0000460
6336,0.0199426,0.0000484,0.0000459
6337,0.0199291,0.0000483,0.0000459
6338,0.0199155,0.0000483,0.0000458
6339,0.0199019,0.0000483,0.0000458
6340,0.0198883,0.0000482,0.0000457
6341,0.0198746,0.0000482,0.0000457
6342,0.0198610,0.0000482,0.0000456
6343,0.0198473,0.0000481,0.0000456
6344,0.0198337,0.0000481,0.0000455
6345,0.0198200,0.0000481,0.0000455
6346,0.0198062,0.0000480,0.0000454
6347,0.0197925,0.0000480,0.0000454
6348,0.0197788,0.0000479,0.0000453
6349,0.0197650,0.0000479,0.0000453
6350,0.0197512,0.0000479,0.0000452
6351,0.0197374,0.0000478,0.0000452
6352,0.0197236,0.0000478,0.0000451
6353,0.0197098,0.0000478,0.0000451
6354,0.0196960,0.0000477,0.0000450
6355,0.0196821,0.0000477,0.0000450
6356,0.0196682,0.0000477,0.0000449
6357,0.0196543,0.0000476,0.0000449
6358,0.0196404,0.0000476,0.0000448
6359,0.0196265,0.0000475,0.0000448
6360,0.0196126,0.0000475,0.0000447
6361,0.0195986,0.0000475,0.0000447
6362,0.0195847,0.0000474,0.0000446
6363,0.0195707,0.0000474,0.0000446
6364,0.0195567,0.0000474,0.0000445
6365,0.0195427,0.0000473,0.0000445
6366,0.0195287,0.0000473,0.0000444
6367,0.0195146,0.0000473,0.0000444
6368,0.0195006,0.0000472,0.0000443
6369,0.0194865,0.0000472,0.0000443
6370,0.0194724,0.0000472,0.0000442
6371,0.0194583,0.0000471,0.0000442
6372,0.0194442,0.0000471,0.0000441
6373,0.0194301,0.0000471,0.0000441
6374,0.0194159,0.0000470,0.0000440
6375,0.0194018,0.0000470,0.0000440
6376,0.0193876,0.0000469,0.0000439
6377,0.0193734,0.0000469,0.0000439
6378,0.0193592,0.0000469,0.0000438
6379,0.0193450,0.0000468,0.0000438
6380,0.0193308,0.0000468,0.0000437
6381,0.0193165,0.0000468,0.0000437
6382,0.0193023,0.0000467,0.0000436
6383,0.0192880,0.0000467,0.0000436
6384,0.0192737,0.0000467,0.0000435
6385,0.0192594,0.0000466,0.0000435
6386,0.0192451,0.0000466,0.0000434
6387,0.0192308,0.0000466,0.0000434
6388,0.0192165,0.0000465,0.0000433
6389,0.0192021,0.0000465,0.0000433
6390,0.0191877,0.0000465,0.0000432
6391,0.0191734,0.0000464,0.0000432
6392,0.0191590,0.0000464,0.0000431
6393,0.0191446,0.0000464,0.0000431
6394,0.0191301,0.0000463,0.0000430
6395,0.0191157,0.0000463,0.0000430
6396,0.0191012,0.0000463,0.0000429
6397,0.0190868,0.0000462,0.0000429
6398,0.0190723,0.0000462,0.0000428
6399,0.0190578,0.0000462,0.0000428
6400,0.0190433,0.0000461,0.0000427
6401,0.0190288,0.0000461,0.0000427
6402,0.0190143,0.0000461,0.0000426
6403,0.0189997,0.0000460,0.0000426
6404,0.0189852,0.0000460,0.0000425
6405,0.0189706,0.0000459,0.0000425
6406,0.0189560,0.0000459,0.0000424
6407,0.0189414,0.0000459,0.0000424
6408,0.0189268,0.0000458,0.0000423
6409,0.0189122,0.0000458,0.0000423
6410,0.0188976,0.0000458,0.0000422
6411,0.0188830,0.0000457,0.0000422
6412,0.0188683,0.0000457,0.0000422
6413,0.0188536,0.0000457,0.0000421
6414,0.0188390,0.0000456,0.0000421
6415,0.0188243,0.0000456,0.0000420
6416,0.0188096,0.0000456,0.0000420
6417,0.0187949,0.0000455,0.0000419
6418,0.0187801,0.0000455,0.0000419
6419,0.0187654,0.0000455,0.0000418
6420,0.0187506,0.0000454,0.0000418
6421,0.0187359,0.0000454,0.0000417
6422,0.0187211,0.0000454,0.0000417
6423,0.0187063,0.0000453,0.0000416
6424,0.0186915,0.0000453,0.0000416
6425,0.0186767,0.0000453,0.0000415
6426,0.0186619,0.0000453,0.0000415
6427,0.0186471,0.0000452,0.0000414
6428,0.0186322,0.0000452,0.0000414
6429,0.0186174,0.0000452,0.0000414
6430,0.0186025,0.0000451,0.0000413
6431,0.0185876,0.0000451,0.0000413
6432,0.0185727,0.0000451,0.0000412
6433,0.0185578,0.0000450,0.0000412
6434,0.0185429,0.0000450,0.0000411
6435,0.0185280,0.0000450,0.0000411
6436,0.0185131,0.0000449,0.0000410
6437,0.0184981,0.0000449,0.0000410
6438,0.0184832,0.0000449,0.0000409
6439,0.0184682,0.0000448,0.0000409
6440,0.0184532,0.0000448,0.0000408
6441,0.0184383,0.0000448,0.0000408
6442,0.0184233,0.0000447,0.0000407
6443,0.0184083,0.0000447,0.0000407
6444,0.0183932,0.0000447,0.0000407
6445,0.0183782,0.0000446,0.0000406
6446,0.0183632,0.0000446,0.0000406
6447,0.0183481,0.0000446,0.0000405
6448,0.0183331,0.0000445,0.0000405
6449,0.0183180,0.0000445,0.0000404
6450,0.0183029,0.0000445,0.0000404
6451,0.0182879,0.0000444,0.0000403
6452,0.0182728,0.0000444,0.0000403
6453,0.0182577,0.0000444,0.0000402
6454,0.0182425,0.0000444,0.0000402
6455,0.0182274,0.0000443,0.0000402
6456,0.0182123,0.0000443,0.0000401
6457,0.0181971,0.0000443,0.0000401
6458,0.0181820,0.0000442,0.0000400
6459,0.0181668,0.0000442,0.0000400
6460,0.0181517,0.0000442,0.0000399
6461,0.0181365,0.0000441,0.0000399
6462,0.0181213,0.0000441,0.0000398
6463,0.0181061,0.0000441,0.0000398
6464,0.0180909,0.0000440,0.0000398
6465,0.0180757,0.0000440,0.0000397
6466,0.0180604,0.0000440,0.0000397
6467,0.0180452,0.0000439,0.0000396
6468,0.0180300,0.0000439,0.0000396
6469,0.0180147,0.0000439,0.0000395
6470,0.0179995,0.0000439,0.0000395
6471,0.0179842,0.0000438,0.0000394
6472,0.0179689,0.0000438,0.0000394
6473,0.0179536,0.0000438,0.0000394
6474,0.0179383,0.0000437,0.0000393
6475,0.0179230,0.0000437,0.0000393
6476,0.0179077,0.0000437,0.0000392
6477,0.0178924,0.0000436,0.0000392
6478,0.0178771,0.0000436,0.0000391
6479,0.0178617,0.0000436,0.0000391
6480,0.0178464,0.0000436,0.0000391
6481,0.0178311,0.0000435,0.0000390
6482,0.0178157,0.0000435,0.0000390
6483,0.0178003,0.0000435,0.0000389
6484,0.0177850,0.0000434,0.0000389
6485,0.0177696,0.0000434,0.0000388
6486,0.0177542,0.0000434,0.0000388
6487,0.0177388,0.0000433,0.0000388
6488,0.0177234,0.0000433,0.0000387
6489,0.0177080,0.0000433,0.0000387
6490,0.0176926,0.0000433,0.0000386
6491,0.0176772,0.0000432,0.0000386
6492,0.0176617,0.0000432,0.0000385
6493,0.0176463,0.0000432,0.0000385
6494,0.0176308,0.0000431,0.0000385
6495,0.0176154,0.0000431,0.0000384
6496,0.0175999,0.0000431,0.0000384
6497,0.0175845,0.0000431,0.0000383
6498,0.0175690,0.0000430,0.0000383
6499,0.0175535,0.0000430,0.0000383
6500,0.0175380,0.0000430,0.0000382
6501,0.0175226,0.0000429,0.0000382
6502,0.0175071,0.0000429,0.0000381
6503,0.0174916,0.0000429,0.0000381
6504,0.0174761,0.0000429,0.0000380
6505,0.0174605,0.0000428,0.0000380
6506,0.0174450,0.0000428,0.0000380
6507,0.0174295,0.0000428,0.0000379
6508,0.0174140,0.0000427,0.0000379
6509,0.0173984,0.0000427,0.0000378
6510,0.0173829,0.0000427,0.0000378
6511,0.0173673,0.0000427,0.0000378
6512,0.0173518,0.0000426,0.0000377
6513,0.0173362,0.0000426,0.0000377
6514,0.0173207,0.0000426,0.0000376
6515,0.0173051,0.0000425,0.0000376
6516,0.0172895,0.0000425,0.0000376
6517,0.0172739,0.0000425,0.0000375
6518,0.0172583,0.0000425,0.0000375
6519,0.0172428,0.0000424,0.0000374
6520,0.0172272,0.0000424,0.0000374
6521,0.0172116,0.0000424,0.0000374
6522,0.0171959,0.0000423,0.0000373
6523,0.0171803,0.0000423,0.0000373
6524,0.0171647,0.0000423,0.0000372
6525,0.0171491,0.0000423,0.0000372
6526,0.0171335,0.0000422,0.0000372
6527,0.0171179,0.0000422,0.0000371
6528,0.0171022,0.0000422,0.0000371
6529,0.0170866,0.0000422,0.0000370
6530,0.0170709,0.0000421,0.0000370
6531,0.0170553,0.0000421,0.0000370
6532,0.0170397,0.0000421,0.0000369
6533,0.0170240,0.0000420,0.0000369
6534,0.0170083,0.0000420,0.0000368
6535,0.0169927,0.0000420,0.0000368
6536,0.0169770,0.0000420,0.0000368
6537,0.0169614,0.0000419,0.0000367
6538,0.0169457,0.0000419,0.0000367
6539,0.0169300,0.0000419,0.0000367
6540,0.0169143,0.0000419,0.0000366
6541,0.0168986,0.0000418,0.0000366
6542,0.0168830,0.0000418,0.0000365
6543,0.0168673,0.0000418,0.0000365
6544,0.0168516,0.0000418,0.0000365
6545,0.0168359,0.0000417,0.0000364
6546,0.0168202,0.0000417,0.0000364
6547,0.0168045,0.0000417,0.0000364
6548,0.0167888,0.0000417,0.0000363
6549,0.0167731,0.0000416,0.0000363
6550,0.0167574,0.0000416,0.0000362
6551,0.0167417,0.0000416,0.0000362
6552,0.0167260,0.0000415,0.0000362
6553,0.0167102,0.0000415,0.0000361
6554,0.0166945,0.0000415,0.0000361
6555,0.0166788,0.0000415,0.0000361
6556,0.0166631,0.0000414,0.0000360
6557,0.0166474,0.0000414,0.0000360
6558,0.0166316,0.0000414,0.0000359
6559,0.0166159,0.0000414,0.0000359
6560,0.0166002,0.0000413,0.0000359
6561,0.0165845,0.0000413,0.0000358
6562,0.0165687,0.0000413,0.0000358
6563,0.0165530,0.0000413,0.0000358
6564,0.0165373,0.0000412,0.0000357
6565,0.0165215,0.0000412,0.0000357
6566,0.0165058,0.0000412,0.0000357
6567,0.0164900,0.0000412,0.0000356
6568,0.0164743,0.0000411,0.0000356
6569,0.0164586,0.0000411,0.0000356
6570,0.0164428,0.0000411,0.0000355
6571,0.0164271,0.0000411,0.0000355
6572,0.0164113,0.0000410,0.0000354
6573,0.0163956,0.0000410,0.0000354
6574,0.0163798,0.0000410,0.0000354
6575,0.0163641,0.0000410,0.0000353
6576,0.0163483,0.0000409,0.0000353
6577,0.0163326,0.0000409,0.0000353
6578,0.0163168,0.0000409,0.0000352
6579,0.0163011,0.0000409,0.0000352
6580,0.0162853,0.0000408,0.0000352
6581,0.0162696,0.0000408,0.0000351
6582,0.0162538,0.0000408,0.0000351
6583,0.0162381,0.0000408,0.0000351
6584,0.0162223,0.0000408,0.0000350
6585,0.0162066,0.0000407,0.0000350
6586,0.0161909,0.0000407,0.0000350
6587,0.0161751,0.0000407,0.0000349
6588,0.0161594,0.0000407,0.0000349
6589,0.0161436,0.0000406,0.0000349
6590,0.0161279,0.0000406,0.0000348
6591,0.0161121,0.0000406,0.0000348
6592,0.0160964,0.0000406,0.0000348
6593,0.0160806,0.0000405,0.0000347
6594,0.0160649,0.0000405,0.0000347
6595,0.0160491,0.0000405,0.0000347
6596,0.0160334,0.0000405,0.0000346
6597,0.0160177,0.0000404,0.0000346
6598,0.0160019,0.0000404,0.0000346
6599,0.0159862,0.0000404,0.0000345
6600,0.0159705,0.0000404,0.0000345
6601,0.0159547,0.0000404,0.0000345
6602,0.0159390,0.0000403,0.0000344
6603,0.0159233,0.0000403,0.0000344
6604,0.0159075,0.0000403,0.0000344
6605,0.0158918,0.0000403,0.0000343
6606,0.0158761,0.0000402,0.0000343
6607,0.0158604,0.0000402,0.0000343
6608,0.0158446,0.0000402,0.0000343
6609,0.0158289,0.0000402,0.0000342
6610,0.0158132,0.0000402,0.0000342
6611,0.0157975,0.0000401,0.0000342
6612,0.0157818,0.0000401,0.0000341
6613,0.0157661,0.0000401,0.0000341
6614,0.0157504,0.0000401,0.0000341
6615,0.0157347,0.0000400,0.0000340
6616,0.0157190,0.0000400,0.0000340
6617,0.0157033,0.0000400,0.0000340
6618,0.0156876,0.0000400,0.0000339
6619,0.0156719,0.0000400,0.0000339
6620,0.0156562,0.0000399,0.0000339
6621,0.0156405,0.0000399,0.0000339
6622,0.0156248,0.0000399,0.0000338
6623,0.0156091,0.0000399,0.0000338
6624,0.0155935,0.0000398,0.0000338
6625,0.0155778,0.0000398,0.0000337
6626,0.0155621,0.0000398,0.0000337
6627,0.0155465,0.0000398,0.0000337
6628,0.0155308,0.0000398,0.0000336
6629,0.0155152,0.0000397,0.0000336
6630,0.0154995,0.0000397,0.0000336
6631,0.0154839,0.0000397,0.0000336
6632,0.0154682,0.0000397,0.0000335
6633,0.0154526,0.0000397,0.0000335
6634,0.0154369,0.0000396,0.0000335
6635,0.0154213,0.0000396,0.0000334
6636,0.0154057,0.0000396,0.0000334
6637,0.0153901,0.0000396,0.0000334
6638,0.0153744,0.0000396,0.0000334
6639,0.0153588,0.0000395,0.0000333
6640,0.0153432,0.0000395,0.0000333
6641,0.0153276,0.0000395,0.0000333
6642,0.0153120,0.0000395,0.0000333
6643,0.0152964,0.0000395,0.0000332
6644,0.0152808,0.0000394,0.0000332
6645,0.0152653,0.0000394,0.0000332
6646,0.0152497,0.0000394,0.0000331
6647,0.0152341,0.0000394,0.0000331
6648,0.0152185,0.0000394,0.0000331
6649,0.0152030,0.0000393,0.0000331
6650,0.0151874,0.0000393,0.0000330
6651,0.0151719,0.0000393,0.0000330
6652,0.0151563,0.0000393,0.0000330
6653,0.0151408,0.0000393,0.0000330
6654,0.0151253,0.0000392,0.0000329
6655,0.0151097,0.0000392,0.0000329
6656,0.0150942,0.0000392,0.0000329
6657,0.0150787,0.0000392,0.0000329
6658,0.0150632,0.0000392,0.0000328
6659,0.0150477,0.0000391,0.0000328
6660,0.0150322,0.0000391,0.0000328
6661,0.0150167,0.0000391,0.0000327
6662,0.0150013,0.0000391,0.0000327
6663,0.0149858,0.0000391,0.0000327
6664,0.0149703,0.0000390,0.0000327
6665,0.0149549,0.0000390,0.0000326
6666,0.0149394,0.0000390,0.0000326
6667,0.0149240,0.0000390,0.0000326
6668,0.0149085,0.0000390,0.0000326
6669,0.0148931,0.0000390,0.0000325
6670,0.0148777,0.0000389,0.0000325
6671,0.0148623,0.0000389,0.0000325
6672,0.0148469,0.0000389,0.0000325
6673,0.0148315,0.0000389,0.0000325
6674,0.0148161,0.0000389,0.0000324
6675,0.0148007,0.0000388,0.0000324
6676,0.0147853,0.0000388,0.0000324
6677,0.0147700,0.0000388,0.0000324
6678,0.0147546,0.0000388,0.0000323
6679,0.0147393,0.0000388,0.0000323
6680,0.0147239,0.0000388,0.0000323
6681,0.0147086,0.0000387,0.0000323
6682,0.0146933,0.0000387,0.0000322
6683,0.0146780,0.0000387,0.0000322
6684,0.0146627,0.0000387,0.0000322
6685,0.0146474,0.0000387,0.0000322
6686,0.0146321,0.0000387,0.0000321
6687,0.0146168,0.0000386,0.0000321
6688,0.0146015,0.0000386,0.0000321
6689,0.0145863,0.0000386,0.0000321
6690,0.0145710,0.0000386,0.0000321
6691,0.0145558,0.0000386,0.0000320
6692,0.0145405,0.0000385,0.0000320
6693,0.0145253,0.0000385,0.0000320
6694,0.0145101,0.0000385,0.0000320
6695,0.0144949,0.0000385,0.0000320
6696,0.0144797,0.0000385,0.0000319
6697,0.0144645,0.0000385,0.0000319
6698,0.0144493,0.0000384,0.0000319
6699,0.0144342,0.0000384,0.0000319
6700,0.0144190,0.0000384,0.0000318
6701,0.0144039,0.0000384,0.0000318
6702,0.0143888,0.0000384,0.0000318
6703,0.0143736,0.0000384,0.0000318
6704,0.0143585,0.0000384,0.0000318
6705,0.0143434,0.0000383,0.0000317
6706,0.0143283,0.0000383,0.0000317
6707,0.0143133,0.0000383,0.0000317
6708,0.0142982,0.0000383,0.0000317
6709,0.0142831,0.0000383,0.0000317
6710,0.0142681,0.0000383,0.0000316
6711,0.0142530,0.0000382,0.0000316
6712,0.0142380,0.0000382,0.0000316
6713,0.0142230,0.0000382,0.0000316
6714,0.0142080,0.0000382,0.0000316
6715,0.0141930,0.0000382,0.0000315
6716,0.0141780,0.0000382,0.0000315
6717,0.0141631,0.0000381,0.0000315
6718,0.0141481,0.0000381,0.0000315
6719,0.0141332,0.0000381,0.0000315
6720,0.0141183,0.0000381,0.0000315
6721,0.0141033,0.0000381,0.0000314
6722,0.0140884,0.0000381,0.0000314
6723,0.0140735,0.0000381,0.0000314
6724,0.0140587,0.0000380,0.0000314
6725,0.0140438,0.0000380,0.0000314
6726,0.0140289,0.0000380,0.0000313
6727,0.0140141,0.0000380,0.0000313
6728,0.0139993,0.0000380,0.0000313
6729,0.0139845,0.0000380,0.0000313
6730,0.0139697,0.0000380,0.0000313
6731,0.0139549,0.0000379,0.0000313
6732,0.0139401,0.0000379,0.0000312
6733,0.0139253,0.0000379,0.0000312
6734,0.0139106,0.0000379,0.0000312
6735,0.0138958,0.0000379,0.0000312
6736,0.0138811,0.0000379,0.0000312
6737,0.0138664,0.0000379,0.0000312
6738,0.0138517,0.0000378,0.0000311
6739,0.0138370,0.0000378,0.0000311
6740,0.0138223,0.0000378,0.0000311
6741,0.0138077,0.0000378,0.0000311
6742,0.0137931,0.0000378,0.0000311
6743,0.0137784,0.0000378,0.0000311
6744,0.0137638,0.0000378,0.0000310
6745,0.0137492,0.0000377,0.0000310
6746,0.0137346,0.0000377,0.0000310
6747,0.0137201,0.0000377,0.0000310
6748,0.0137055,0.0000377,0.0000310
6749,0.0136910,0.0000377,0.0000310
6750,0.0136764,0.0000377,0.0000309
6751,0.0136619,0.0000377,0.0000309
6752,0.0136474,0.0000376,0.0000309
6753,0.0136330,0.0000376,0.0000309
6754,0.0136185,0.0000376,0.0000309
6755,0.0136041,0.0000376,0.0000309
6756,0.0135896,0.0000376,0.0000309
6757,0.0135752,0.0000376,0.0000308
6758,0.0135608,0.0000376,0.0000308
6759,0.0135464,0.0000376,0.0000308
6760,0.0135320,0.0000375,0.0000308
6761,0.0135177,0.0000375,0.0000308
6762,0.0135033,0.0000375,0.0000308
6763,0.0134890,0.0000375,0.0000308
6764,0.0134747,0.0000375,0.0000307
6765,0.0134604,0.0000375,0.0000307
6766,0.0134461,0.0000375,0.0000307
6767,0.0134319,0.0000375,0.0000307
6768,0.0134176,0.0000374,0.0000307
6769,0.0134034,0.0000374,0.0000307
6770,0.0133892,0.0000374,0.0000307
6771,0.0133750,0.0000374,0.0000307
6772,0.0133608,0.0000374,0.0000306
6773,0.0133467,0.0000374,0.0000306
6774,0.0133325,0.0000374,0.0000306
6775,0.0133184,0.0000374,0.0000306
6776,0.0133043,0.0000373,0.0000306
6777,0.0132902,0.0000373,0.0000306
6778,0.0132762,0.0000373,0.0000306
6779,0.0132621,0.0000373,0.0000306
6780,0.0132481,0.0000373,0.0000305
6781,0.0132340,0.0000373,0.0000305
6782,0.0132200,0.0000373,0.0000305
6783,0.0132061,0.0000373,0.0000305
6784,0.0131921,0.0000373,0.0000305
6785,0.0131782,0.0000372,0.0000305
6786,0.0131642,0.0000372,0.0000305
6787,0.0131503,0.0000372,0.0000305
6788,0.0131364,0.0000372,0.0000305
6789,0.0131225,0.0000372,0.0000304
6790,0.0131087,0.0000372,0.0000304
6791,0.0130949,0.0000372,0.0000304
6792,0.0130810,0.0000372,0.0000304
6793,0.0130672,0.0000372,0.0000304
6794,0.0130535,0.0000371,0.0000304
6795,0.0130397,0.0000371,0.0000304
6796,0.0130260,0.0000371,0.0000304
6797,0.0130122,0.0000371,0.0000304
6798,0.0129985,0.0000371,0.0000304
6799,0.0129848,0.0000371,0.0000303
6800,0.0129712,0.0000371,0.0000303
6801,0.0129575,0.0000371,0.0000303
6802,0.0129439,0.0000371,0.0000303
6803,0.0129303,0.0000371,0.0000303
6804,0.0129167,0.0000370,0.0000303
6805,0.0129031,0.0000370,0.0000303
6806,0.0128896,0.0000370,0.0000303
6807,0.0128761,0.0000370,0.0000303
6808,0.0128626,0.0000370,0.0000303
6809,0.0128491,0.0000370,0.0000303
6810,0.0128356,0.0000370,0.0000302
6811,0.0128222,0.0000370,0.0000302
6812,0.0128087,0.0000370,0.0000302
6813,0.0127953,0.0000370,0.0000302
6814,0.0127820,0.0000369,0.0000302
6815,0.0127686,0.0000369,0.0000302
6816,0.0127553,0.0000369,0.0000302
6817,0.0127419,0.0000369,0.0000302
6818,0.0127286,0.0000369,0.0000302
6819,0.0127154,0.0000369,0.0000302
6820,0.0127021,0.0000369,0.0000302
6821,0.0126889,0.0000369,0.0000302
6822,0.0126757,0.0000369,0.0000302
6823,0.0126625,0.0000369,0.0000301
6824,0.0126493,0.0000369,0.0000301
6825,0.0126361,0.0000368,0.0000301
6826,0.0126230,0.0000368,0.0000301
6827,0.0126099,0.0000368,0.0000301
6828,0.0125968,0.0000368,0.0000301
6829,0.0125838,0.0000368,0.0000301
6830,0.0125707,0.0000368,0.0000301
6831,0.0125577,0.0000368,0.0000301
6832,0.0125447,0.0000368,0.0000301
6833,0.0125317,0.0000368,0.0000301
6834,0.0125188,0.0000368,0.0000301
6835,0.0125059,0.0000368,0.0000301
6836,0.0124930,0.0000368,0.0000301
6837,0.0124801,0.0000367,0.0000301
6838,0.0124672,0.0000367,0.0000300
6839,0.0124544,0.0000367,0.0000300
6840,0.0124416,0.0000367,0.0000300
6841,0.0124288,0.0000367,0.0000300
6842,0.0124160,0.0000367,0.0000300
6843,0.0124033,0.0000367,0.0000300
6844,0.0123906,0.0000367,0.0000300
6845,0.0123779,0.0000367,0.0000300
6846,0.0123652,0.0000367,0.0000300
6847,0.0123525,0.0000367,0.0000300
6848,0.0123399,0.0000367,0.0000300
6849,0.0123273,0.0000366,0.0000300
6850,0.0123147,0.0000366,0.0000300
6851,0.0123022,0.0000366,0.0000300
6852,0.0122897,0.0000366,0.0000300
6853,0.0122772,0.0000366,0.0000300
6854,0.0122647,0.0000366,0.0000300
6855,0.0122522,0.0000366,0.0000300
6856,0.0122398,0.0000366,0.0000300
6857,0.0122274,0.0000366,0.0000300
6858,0.0122150,0.0000366,0.0000300
6859,0.0122026,0.0000366,0.0000300
6860,0.0121903,0.0000366,0.0000300
6861,0.0121780,0.0000366,0.0000299
6862,0.0121657,0.0000366,0.0000299
6863,0.0121535,0.0000365,0.0000299
6864,0.0121412,0.0000365,0.0000299
6865,0.0121290,0.0000365,0.0000299
6866,0.0121168,0.0000365,0.0000299
6867,0.0121047,0.0000365,0.0000299
6868,0.0120925,0.0000365,0.0000299
6869,0.0120804,0.0000365,0.0000299
6870,0.0120684,0.0000365,0.0000299
6871,0.0120563,0.0000365,0.0000299
6872,0.0120443,0.0000365,0.0000299
6873,0.0120323,0.0000365,0.0000299
6874,0.0120203,0.0000365,0.0000299
6875,0.0120084,0.0000365,0.0000299
6876,0.0119964,0.0000365,0.0000299
6877,0.0119845,0.0000365,0.0000299
6878,0.0119727,0.0000365,0.0000299
6879,0.0119608,0.0000364,0.0000299
6880,0.0119490,0.0000364,0.0000299
6881,0.0119372,0.0000364,0.0000299
6882,0.0119254,0.0000364,0.0000299
6883,0.0119137,0.0000364,0.0000299
6884,0.0119020,0.0000364,0.0000299
6885,0.0118903,0.0000364,0.0000299
6886,0.0118786,0.0000364,0.0000299
6887,0.0118670,0.0000364,0.0000299
6888,0.0118554,0.0000364,0.0000299
6889,0.0118438,0.0000364,0.0000299
6890,0.0118323,0.0000364,0.0000299
6891,0.0118208,0.0000364,0.0000299
6892,0.0118093,0.0000364,0.0000299
6893,0.0117978,0.0000364,0.0000299
6894,0.0117864,0.0000364,0.0000299
6895,0.0117750,0.0000364,0.0000299
6896,0.0117636,0.0000363,0.0000299
6897,0.0117522,0.0000363,0.0000299
6898,0.0117409,0.0000363,0.0000299
6899,0.0117296,0.0000363,0.0000299
6900,0.0117183,0.0000363,0.0000299
6901,0.0117071,0.0000363,0.0000299
6902,0.0116959,0.0000363,0.0000299
6903,0.0116847,0.0000363,0.0000299
6904,0.0116735,0.0000363,0.0000299
6905,0.0116624,0.0000363,0.0000299
6906,0.0116513,0.0000363,0.0000299
6907,0.0116402,0.0000363,0.0000299
6908,0.0116292,0.0000363,0.0000299
6909,0.0116182,0.0000363,0.0000299
6910,0.0116072,0.0000363,0.0000299
6911,0.0115962,0.0000363,0.0000299
6912,0.0115853,0.0000363,0.0000299
6913,0.0115744,0.0000363,0.0000299
6914,0.0115635,0.0000363,0.0000299
6915,0.0115527,0.0000363,0.0000299
6916,0.0115419,0.0000363,0.0000299
6917,0.0115311,0.0000362,0.0000299
6918,0.0115203,0.0000362,0.0000299
6919,0.0115096,0.0000362,0.0000299
6920,0.0114989,0.0000362,0.0000299
6921,0.0114882,0.0000362,0.0000299
6922,0.0114776,0.0000362,0.0000299
6923,0.0114670,0.0000362,0.0000299
6924,0.0114564,0.0000362,0.0000299
6925,0.0114459,0.0000362,0.0000299
6926,0.0114354,0.0000362,0.0000299
6927,0.0114249,0.0000362,0.0000299
6928,0.0114144,0.0000362,0.0000299
6929,0.0114040,0.0000362,0.0000299
6930,0.0113936,0.0000362,0.0000299
6931,0.0113833,0.0000362,0.0000299
6932,0.0113729,0.0000362,0.0000299
6933,0.0113626,0.0000362,0.0000299
6934,0.0113523,0.0000362,0.0000299
6935,0.0113421,0.0000362,0.0000300
6936,0.0113319,0.0000362,0.0000300
6937,0.0113217,0.0000362,0.0000300
6938,0.0113116,0.0000362,0.0000300
6939,0.0113015,0.0000362,0.0000300
6940,0.0112914,0.0000362,0.0000300
6941,0.0112813,0.0000362,0.0000300
6942,0.0112713,0.0000362,0.0000300
6943,0.0112613,0.0000362,0.0000300
6944,0.0112513,0.0000361,0.0000300
6945,0.0112414,0.0000361,0.0000300
6946,0.0112315,0.0000361,0.0000300
6947,0.0112216,0.0000361,0.0000300
6948,0.0112118,0.0000361,0.0000300
6949,0.0112020,0.0000361,0.0000300
6950,0.0111922,0.0000361,0.0000300
6951,0.0111825,0.0000361,0.0000300
6952,0.0111728,0.0000361,0.0000300
6953,0.0111631,0.0000361,0.0000300
6954,0.0111534,0.0000361,0.0000300
6955,0.0111438,0.0000361,0.0000300
6956,0.0111343,0.0000361,0.0000300
6957,0.0111247,0.0000361,0.0000300
6958,0.0111152,0.0000361,0.0000300
6959,0.0111057,0.0000361,0.0000300
6960,0.0110962,0.0000361,0.0000300
6961,0.0110868,0.0000361,0.0000301
6962,0.0110774,0.0000361,0.0000301
6963,0.0110681,0.0000361,0.0000301
6964,0.0110588,0.0000361,0.0000301
6965,0.0110495,0.0000361,0.0000301
6966,0.0110402,0.0000361,0.0000301
6967,0.0110310,0.0000361,0.0000301
6968,0.0110218,0.0000361,0.0000301
6969,0.0110126,0.0000361,0.0000301
6970,0.0110035,0.0000361,0.0000301
6971,0.0109944,0.0000361,0.0000301
6972,0.0109853,0.0000361,0.0000301
6973,0.0109763,0.0000361,0.0000301
6974,0.0109673,0.0000361,0.0000301
6975,0.0109584,0.0000361,0.0000301
6976,0.0109494,0.0000361,0.0000301
6977,0.0109405,0.0000361,0.0000301
6978,0.0109317,0.0000361,0.0000301
6979,0.0109228,0.0000361,0.0000301
6980,0.0109140,0.0000361,0.0000302
6981,0.0109053,0.0000361,0.0000302
6982,0.0108965,0.0000361,0.0000302
6983,0.0108878,0.0000361,0.0000302
6984,0.0108792,0.0000360,0.0000302
6985,0.0108706,0.0000360,0.0000302
6986,0.0108620,0.0000360,0.0000302
6987,0.0108534,0.0000360,0.0000302
6988,0.0108449,0.0000360,0.0000302
6989,0.0108364,0.0000360,0.0000302
6990,0.0108279,0.0000360,0.0000302
6991,0.0108195,0.0000360,0.0000302
6992,0.0108111,0.0000360,0.0000302
6993,0.0108027,0.0000360,0.0000302
6994,0.0107944,0.0000360,0.0000302
6995,0.0107861,0.0000360,0.0000302
6996,0.0107779,0.0000360,0.0000303
6997,0.0107696,0.0000360,0.0000303
6998,0.0107614,0.0000360,0.0000303
6999,0.0107533,0.0000360,0.0000303
7000,0.0107452,0.0000360,0.0000303
7001,0.0107371,0.0000360,0.0000303
7002,0.0107290,0.0000360,0.0000303
7003,0.0107210,0.0000360,0.0000303
7004,0.0107130,0.0000360,0.0000303
7005,0.0107051,0.0000360,0.0000303
7006,0.0106972,0.0000360,0.0000303
7007,0.0106893,0.0000360,0.0000303
7008,0.0106814,0.0000360,0.0000303
7009,0.0106736,0.0000360,0.0000303
7010,0.0106659,0.0000360,0.0000304
7011,0.0106581,0.0000360,0.0000304
7012,0.0106504,0.0000360,0.0000304
7013,0.0106427,0.0000360,0.0000304
7014,0.0106351,0.0000360,0.0000304
7015,0.0106275,0.0000360,0.0000304
7016,0.0106199,0.0000360,0.0000304
7017,0.0106124,0.0000360,0.0000304
7018,0.0106049,0.0000360,0.0000304
7019,0.0105974,0.0000360,0.0000304
7020,0.0105900,0.0000360,0.0000304
7021,0.0105826,0.0000360,0.0000304
7022,0.0105753,0.0000360,0.0000304
7023,0.0105679,0.0000360,0.0000305
7024,0.0105606,0.0000360,0.0000305
7025,0.0105534,0.0000360,0.0000305
7026,0.0105462,0.0000360,0.0000305
7027,0.0105390,0.0000360,0.0000305
7028,0.0105318,0.0000360,0.0000305
7029,0.0105247,0.0000360,0.0000305
7030,0.0105176,0.0000360,0.0000305
7031,0.0105106,0.0000360,0.0000305
7032,0.0105036,0.0000360,0.0000305
7033,0.0104966,0.0000360,0.0000305
7034,0.0104897,0.0000360,0.0000305
7035,0.0104828,0.0000360,0.0000306
7036,0.0104759,0.0000360,0.0000306
7037,0.0104691,0.0000360,0.0000306
7038,0.0104623,0.0000360,0.0000306
7039,0.0104555,0.0000360,0.0000306
7040,0.0104488,0.0000360,0.0000306
7041,0.0104421,0.0000360,0.0000306
7042,0.0104355,0.0000360,0.0000306
7043,0.0104289,0.0000360,0.0000306
7044,0.0104223,0.0000360,0.0000306
7045,0.0104157,0.0000360,0.0000306
7046,0.0104092,0.0000360,0.0000306
7047,0.0104027,0.0000360,0.0000307
7048,0.0103963,0.0000360,0.0000307
7049,0.0103899,0.0000360,0.0000307
7050,0.0103835,0.0000360,0.0000307
7051,0.0103772,0.0000360,0.0000307
7052,0.0103709,0.0000360,0.0000307
7053,0.0103646,0.0000360,0.0000307
7054,0.0103584,0.0000360,0.0000307
7055,0.0103522,0.0000360,0.0000307
7056,0.0103460,0.0000360,0.0000307
7057,0.0103399,0.0000360,0.0000307
7058,0.0103338,0.0000360,0.0000308
7059,0.0103278,0.0000360,0.0000308
7060,0.0103218,0.0000360,0.0000308
7061,0.0103158,0.0000360,0.0000308
7062,0.0103099,0.0000360,0.0000308
7063,0.0103040,0.0000360,0.0000308
7064,0.0102981,0.0000360,0.0000308
7065,0.0102923,0.0000360,0.0000308
7066,0.0102865,0.0000360,0.0000308
7067,0.0102807,0.0000360,0.0000308
7068,0.0102750,0.0000360,0.0000309
7069,0.0102693,0.0000360,0.0000309
7070,0.0102636,0.0000360,0.0000309
7071,0.0102580,0.0000360,0.0000309
7072,0.0102524,0.0000360,0.0000309
7073,0.0102469,0.0000360,0.0000309
7074,0.0102413,0.0000360,0.0000309
7075,0.0102359,0.0000360,0.0000309
7076,0.0102304,0.0000360,0.0000309
7077,0.0102250,0.0000360,0.0000309
7078,0.0102196,0.0000360,0.0000309
7079,0.0102143,0.0000360,0.0000310
7080,0.0102090,0.0000360,0.0000310
7081,0.0102037,0.0000360,0.0000310
7082,0.0101985,0.0000360,0.0000310
7083,0.0101933,0.0000360,0.0000310
7084,0.0101882,0.0000360,0.0000310
7085,0.0101830,0.0000360,0.0000310
7086,0.0101780,0.0000360,0.0000310
7087,0.0101729,0.0000360,0.0000310
7088,0.0101679,0.0000360,0.0000310
7089,0.0101629,0.0000360,0.0000311
7090,0.0101580,0.0000360,0.0000311
7091,0.0101531,0.0000360,0.0000311
7092,0.0101482,0.0000360,0.0000311
7093,0.0101434,0.0000360,0.0000311
7094,0.0101386,0.0000360,0.0000311
7095,0.0101338,0.0000360,0.0000311
7096,0.0101291,0.0000360,0.0000311
7097,0.0101244,0.0000360,0.0000311
7098,0.0101197,0.0000360,0.0000311
7099,0.0101151,0.0000360,0.0000312
7100,0.0101105,0.0000360,0.0000312
7101,0.0101059,0.0000360,0.0000312
7102,0.0101014,0.0000360,0.0000312
7103,0.0100969,0.0000360,0.0000312
7104,0.0100925,0.0000360,0.0000312
7105,0.0100881,0.0000360,0.0000312
7106,0.0100837,0.0000360,0.0000312
7107,0.0100794,0.0000360,0.0000312
7108,0.0100751,0.0000360,0.0000313
7109,0.0100708,0.0000360,0.0000313
7110,0.0100665,0.0000360,0.0000313
7111,0.0100623,0.0000360,0.0000313
7112,0.0100582,0.0000360,0.0000313
7113,0.0100540,0.0000360,0.0000313
7114,0.0100500,0.0000360,0.0000313
7115,0.0100459,0.0000360,0.0000313
7116,0.0100419,0.0000360,0.0000313
7117,0.0100379,0.0000360,0.0000313
7118,0.0100339,0.0000361,0.0000314
7119,0.0100300,0.0000361,0.0000314
7120,0.0100261,0.0000361,0.0000314
7121,0.0100223,0.0000361,0.0000314
7122,0.0100185,0.0000361,0.0000314
7123,0.0100147,0.0000361,0.0000314
7124,0.0100109,0.0000361,0.0000314
7125,0.0100072,0.0000361,0.0000314
7126,0.0100035,0.0000361,0.0000314
7127,0.0099999,0.0000361,0.0000315
7128,0.0099963,0.0000361,0.0000315
7129,0.0099927,0.0000361,0.0000315
7130,0.0099892,0.0000361,0.0000315
7131,0.0099857,0.0000361,0.0000315
7132,0.0099822,0.0000361,0.0000315
7133,0.0099788,0.0000361,0.0000315
7134,0.0099754,0.0000361,0.0000315
7135,0.0099720,0.0000361,0.0000315
7136,0.0099687,0.0000361,0.0000315
7137,0.0099654,0.0000361,0.0000316
7138,0.0099621,0.0000361,0.0000316
7139,0.0099589,0.0000361,0.0000316
7140,0.0099557,0.0000361,0.0000316
7141,0.0099525,0.0000361,0.0000316
7142,0.0099494,0.0000361,0.0000316
7143,0.0099463,0.0000361,0.0000316
7144,0.0099433,0.0000361,0.0000316
7145,0.0099402,0.0000361,0.0000316
7146,0.0099372,0.0000361,0.0000317
7147,0.0099343,0.0000361,0.0000317
7148,0.0099314,0.0000361,0.0000317
7149,0.0099285,0.0000361,0.0000317
7150,0.0099256,0.0000361,0.0000317
7151,0.0099228,0.0000361,0.0000317
7152,0.0099200,0.0000361,0.0000317
7153,0.0099173,0.0000361,0.0000317
7154,0.0099145,0.0000361,0.0000317
7155,0.0099118,0.0000361,0.0000318
7156,0.0099092,0.0000361,0.0000318
7157,0.0099066,0.0000361,0.0000318
7158,0.0099040,0.0000361,0.0000318
7159,0.0099014,0.0000361,0.0000318
7160,0.0098989,0.0000361,0.0000318
7161,0.0098964,0.0000361,0.0000318
7162,0.0098940,0.0000361,0.0000318
7163,0.0098916,0.0000361,0.0000318
7164,0.0098892,0.0000361,0.0000319
7165,0.0098868,0.0000361,0.0000319
7166,0.0098845,0.0000361,0.0000319
7167,0.0098822,0.0000361,0.0000319
7168,0.0098799,0.0000361,0.0000319
7169,0.0098777,0.0000361,0.0000319
7170,0.0098755,0.0000361,0.0000319
7171,0.0098734,0.0000361,0.0000319
7172,0.0098712,0.0000361,0.0000319
7173,0.0098691,0.0000361,0.0000319
7174,0.0098671,0.0000361,0.0000320
7175,0.0098651,0.0000361,0.0000320
7176,0.0098631,0.0000361,0.0000320
7177,0.0098611,0.0000361,0.0000320
7178,0.0098592,0.0000361,0.0000320
7179,0.0098573,0.0000361,0.0000320
7180,0.0098554,0.0000361,0.0000320
7181,0.0098536,0.0000361,0.0000320
7182,0.0098517,0.0000361,0.0000320
7183,0.0098500,0.0000361,0.0000321
7184,0.0098482,0.0000362,0.0000321
7185,0.0098465,0.0000362,0.0000321
7186,0.0098448,0.0000362,0.0000321
7187,0.0098432,0.0000362,0.0000321
7188,0.0098416,0.0000362,0.0000321
7189,0.0098400,0.0000362,0.0000321
7190,0.0098384,0.0000362,0.0000321
7191,0.0098369,0.0000362,0.0000321
7192,0.0098354,0.0000362,0.0000322
7193,0.0098340,0.0000362,0.0000322
7194,0.0098326,0.0000362,0.0000322
7195,0.0098312,0.0000362,0.0000322
7196,0.0098298,0.0000362,0.0000322
7197,0.0098285,0.0000362,0.0000322
7198,0.0098272,0.0000362,0.0000322
7199,0.0098259,0.0000362,0.0000322
7200,0.0098246,0.0000362,0.0000322
7201,0.0098234,0.0000362,0.0000323
7202,0.0098222,0.0000362,0.0000323
7203,0.0098211,0.0000362,0.0000323
7204,0.0098200,0.0000362,0.0000323
7205,0.0098189,0.0000362,0.0000323
7206,0.0098178,0.0000362,0.0000323
7207,0.0098168,0.0000362,0.0000323
7208,0.0098158,0.0000362,0.0000323
7209,0.0098148,0.0000362,0.0000323
7210,0.0098139,0.0000362,0.0000323
7211,0.0098130,0.0000362,0.0000324
7212,0.0098121,0.0000362,0.0000324
7213,0.0098112,0.0000362,0.0000324
7214,0.0098104,0.0000362,0.0000324
7215,0.0098096,0.0000362,0.0000324
7216,0.0098089,0.0000362,0.0000324
7217,0.0098081,0.0000362,0.0000324
7218,0.0098074,0.0000362,0.0000324
7219,0.0098067,0.0000362,0.0000324
7220,0.0098061,0.0000362,0.0000325
7221,0.0098055,0.0000362,0.0000325
7222,0.0098049,0.0000362,0.0000325
7223,0.0098043,0.0000362,0.0000325
7224,0.0098038,0.0000362,0.0000325
7225,0.0098033,0.0000362,0.0000325
7226,0.0098028,0.0000362,0.0000325
7227,0.0098024,0.0000362,0.0000325
7228,0.0098019,0.0000362,0.0000325
7229,0.0098016,0.0000362,0.0000325
7230,0.0098012,0.0000362,0.0000326
7231,0.0098009,0.0000362,0.0000326
7232,0.0098006,0.0000362,0.0000326
7233,0.0098003,0.0000362,0.0000326
7234,0.0098000,0.0000362,0.0000326
7235,0.0097998,0.0000362,0.0000326
7236,0.0097996,0.0000362,0.0000326
7237,0.0097995,0.0000362,0.0000326
7238,0.0097993,0.0000362,0.0000326
7239,0.0097992,0.0000362,0.0000326
7240,0.0097991,0.0000362,0.0000327
7241,0.0097991,0.0000362,0.0000327
7242,0.0097990,0.0000362,0.0000327
7243,0.0097990,0.0000363,0.0000327
7244,0.0097991,0.0000363,0.0000327
7245,0.0097991,0.0000363,0.0000327
7246,0.0097992,0.0000363,0.0000327
7247,0.0097993,0.0000363,0.0000327
7248,0.0097994,0.0000363,0.0000327
7249,0.0097996,0.0000363,0.0000328
7250,0.0097998,0.0000363,0.0000328
7251,0.0098000,0.0000363,0.0000328
7252,0.0098002,0.0000363,0.0000328
7253,0.0098005,0.0000363,0.0000328
7254,0.0098008,0.0000363,0.0000328
7255,0.0098011,0.0000363,0.0000328
7256,0.0098014,0.0000363,0.0000328
7257,0.0098018,0.0000363,0.0000328
7258,0.0098022,0.0000363,0.0000328
7259,0.0098026,0.0000363,0.0000329
7260,0.0098030,0.0000363,0.0000329
7261,0.0098035,0.0000363,0.0000329
7262,0.0098040,0.0000363,0.0000329
7263,0.0098045,0.0000363,0.0000329
7264,0.0098051,0.0000363,0.0000329
7265,0.0098056,0.0000363,0.0000329
7266,0.0098062,0.0000363,0.0000329
7267,0.0098068,0.0000363,0.0000329
7268,0.0098075,0.0000363,0.0000329
7269,0.0098081,0.0000363,0.0000329
7270,0.0098088,0.0000363,0.0000330
7271,0.0098096,0.0000363,0.0000330
7272,0.0098103,0.0000363,0.0000330
7273,0.0098111,0.0000363,0.0000330
7274,0.0098118,0.0000363,0.0000330
7275,0.0098127,0.0000363,0.0000330
7276,0.0098135,0.0000363,0.0000330
7277,0.0098144,0.0000363,0.0000330
7278,0.0098152,0.0000363,0.0000330
7279,0.0098162,0.0000363,0.0000330
7280,0.0098171,0.0000363,0.0000331
7281,0.0098180,0.0000363,0.0000331
7282,0.0098190,0.0000363,0.0000331
7283,0.0098200,0.0000363,0.0000331
7284,0.0098210,0.0000363,0.0000331
7285,0.0098221,0.0000363,0.0000331
7286,0.0098232,0.0000363,0.0000331
7287,0.0098243,0.0000363,0.0000331
7288,0.0098254,0.0000363,0.0000331
7289,0.0098265,0.0000363,0.0000331
7290,0.0098277,0.0000363,0.0000331
7291,0.0098289,0.0000363,0.0000332
7292,0.0098301,0.0000363,0.0000332
7293,0.0098313,0.0000363,0.0000332
7294,0.0098325,0.0000363,0.0000332
7295,0.0098338,0.0000363,0.0000332
7296,0.0098351,0.0000363,0.0000332
7297,0.0098364,0.0000363,0.0000332
7298,0.0098378,0.0000363,0.0000332
7299,0.0098391,0.0000363,0.0000332
7300,0.0098405,0.0000363,0.0000332
7301,0.0098419,0.0000363,0.0000332
7302,0.0098433,0.0000363,0.0000333
7303,0.0098448,0.0000363,0.0000333
7304,0.0098462,0.0000363,0.0000333
7305,0.0098477,0.0000363,0.0000333
7306,0.0098492,0.0000363,0.0000333
7307,0.0098507,0.0000363,0.0000333
7308,0.0098523,0.0000363,0.0000333
7309,0.0098539,0.0000363,0.0000333
7310,0.0098555,0.0000363,0.0000333
7311,0.0098571,0.0000363,0.0000333
7312,0.0098587,0.0000363,0.0000333
7313,0.0098603,0.0000363,0.0000334
7314,0.0098620,0.0000363,0.0000334
7315,0.0098637,0.0000363,0.0000334
7316,0.0098654,0.0000363,0.0000334
7317,0.0098671,0.0000363,0.0000334
7318,0.0098689,0.0000363,0.0000334
7319,0.0098707,0.0000363,0.0000334
7320,0.0098725,0.0000363,0.0000334
7321,0.0098743,0.0000363,0.0000334
7322,0.0098761,0.0000363,0.0000334
7323,0.0098779,0.0000363,0.0000334
7324,0.0098798,0.0000363,0.0000334
7325,0.0098817,0.0000363,0.0000335
7326,0.0098836,0.0000363,0.0000335
7327,0.0098855,0.0000364,0.0000335
7328,0.0098874,0.0000364,0.0000335
7329,0.0098894,0.0000364,0.0000335
7330,0.0098914,0.0000364,0.0000335
7331,0.0098934,0.0000364,0.0000335
7332,0.0098954,0.0000364,0.0000335
7333,0.0098974,0.0000364,0.0000335
7334,0.0098995,0.0000364,0.0000335
7335,0.0099015,0.0000364,0.0000335
7336,0.0099036,0.0000364,0.0000335
7337,0.0099057,0.0000364,0.0000336
7338,0.0099078,0.0000364,0.0000336
7339,0.0099100,0.0000364,0.0000336
7340,0.0099121,0.0000364,0.0000336
7341,0.0099143,0.0000364,0.0000336
7342,0.0099165,0.0000364,0.0000336
7343,0.0099187,0.0000364,0.0000336
7344,0.0099209,0.0000364,0.0000336
7345,0.0099232,0.0000364,0.0000336
7346,0.0099254,0.0000364,0.0000336
7347,0.0099277,0.0000364,0.0000336
7348,0.0099300,0.0000364,0.0000336
7349,0.0099323,0.0000364,0.0000336
7350,0.0099346,0.0000364,0.0000337
7351,0.0099369,0.0000364,0.0000337
7352,0.0099393,0.0000364,0.0000337
7353,0.0099417,0.0000364,0.0000337
7354,0.0099441,0.0000364,0.0000337
7355,0.0099465,0.0000364,0.0000337
7356,0.0099489,0.0000364,0.0000337
7357,0.0099513,0.0000364,0.0000337
7358,0.0099538,0.0000364,0.0000337
7359,0.0099562,0.0000364,0.0000337
7360,0.0099587,0.0000364,0.0000337
7361,0.0099612,0.0000364,0.0000337
7362,0.0099637,0.0000364,0.0000337
7363,0.0099662,0.0000364,0.0000337
7364,0.0099688,0.0000364,0.0000338
7365,0.0099713,0.0000364,0.0000338
7366,0.0099739,0.0000364,0.0000338
7367,0.0099765,0.0000364,0.0000338
7368,0.0099791,0.0000364,0.0000338
7369,0.0099817,0.0000364,0.0000338
7370,0.0099843,0.0000364,0.0000338
7371,0.0099870,0.0000364,0.0000338
7372,0.0099896,0.0000364,0.0000338
7373,0.0099923,0.0000364,0.0000338
7374,0.0099950,0.0000364,0.0000338
7375,0.0099977,0.0000364,0.0000338
7376,0.0100004,0.0000364,0.0000338
7377,0.0100031,0.0000364,0.0000338
7378,0.0100058,0.0000364,0.0000338
7379,0.0100086,0.0000364,0.0000339
7380,0.0100113,0.0000364,0.0000339
7381,0.0100141,0.0000364,0.0000339
7382,0.0100169,0.0000364,0.0000339
7383,0.0100197,0.0000364,0.0000339
7384,0.0100225,0.0000364,0.0000339
7385,0.0100253,0.0000364,0.0000339
7386,0.0100282,0.0000364,0.0000339
7387,0.0100310,0.0000364,0.0000339
7388,0.0100339,0.0000364,0.0000339
7389,0.0100368,0.0000364,0.0000339
7390,0.0100397,0.0000364,0.0000339
7391,0.0100426,0.0000364,0.0000339
7392,0.0100455,0.0000364,0.0000339
7393,0.0100484,0.0000364,0.0000339
7394,0.0100513,0.0000364,0.0000339
7395,0.0100543,0.0000364,0.0000340
7396,0.0100572,0.0000364,0.0000340
7397,0.0100602,0.0000364,0.0000340
7398,0.0100632,0.0000364,0.0000340
7399,0.0100662,0.0000364,0.0000340
7400,0.0100692,0.0000364,0.0000340
7401,0.0100722,0.0000364,0.0000340
7402,0.0100752,0.0000364,0.0000340
7403,0.0100783,0.0000364,0.0000340
7404,0.0100813,0.0000364,0.0000340
7405,0.0100844,0.0000364,0.0000340
7406,0.0100874,0.0000364,0.0000340
7407,0.0100905,0.0000364,0.0000340
7408,0.0100936,0.0000363,0.0000340
7409,0.0100967,0.0000363,0.0000340
7410,0.0100998,0.0000363,0.0000340
7411,0.0101030,0.0000363,0.0000340
7412,0.0101061,0.0000363,0.0000341
7413,0.0101092,0.0000363,0.0000341
7414,0.0101124,0.0000363,0.0000341
7415,0.0101155,0.0000363,0.0000341
7416,0.0101187,0.0000363,0.0000341
7417,0.0101219,0.0000363,0.0000341
7418,0.0101251,0.0000363,0.0000341
7419,0.0101283,0.0000363,0.0000341
7420,0.0101315,0.0000363,0.0000341
7421,0.0101347,0.0000363,0.0000341
7422,0.0101379,0.0000363,0.0000341
7423,0.0101412,0.0000363,0.0000341
7424,0.0101444,0.0000363,0.0000341
7425,0.0101477,0.0000363,0.0000341
7426,0.0101509,0.0000363,0.0000341
7427,0.0101542,0.0000363,0.0000341
7428,0.0101575,0.0000363,0.0000341
7429,0.0101607,0.0000363,0.0000341
7430,0.0101640,0.0000363,0.0000341
7431,0.0101673,0.0000363,0.0000341
7432,0.0101707,0.0000363,0.0000342
7433,0.0101740,0.0000363,0.0000342
7434,0.0101773,0.0000363,0.0000342
7435,0.0101806,0.0000363,0.0000342
7436,0.0101840,0.0000363,0.0000342
7437,0.0101873,0.0000363,0.0000342
7438,0.0101907,0.0000363,0.0000342
7439,0.0101940,0.0000363,0.0000342
7440,0.0101974,0.0000363,0.0000342
7441,0.0102008,0.0000363,0.0000342
7442,0.0102042,0.0000363,0.0000342
7443,0.0102076,0.0000363,0.0000342
7444,0.0102110,0.0000363,0.0000342
7445,0.0102144,0.0000363,0.0000342
7446,0.0102178,0.0000363,0.0000342
7447,0.0102212,0.0000363,0.0000342
7448,0.0102246,0.0000363,0.0000342
7449,0.0102281,0.0000363,0.0000342
7450,0.0102315,0.0000363,0.0000342
7451,0.0102350,0.0000363,0.0000342
7452,0.0102384,0.0000363,0.0000342
7453,0.0102419,0.0000363,0.0000342
7454,0.0102453,0.0000363,0.0000342
7455,0.0102488,0.0000363,0.0000342
7456,0.0102523,0.0000363,0.0000342
7457,0.0102558,0.0000363,0.0000343
7458,0.0102592,0.0000363,0.0000343
7459,0.0102627,0.0000363,0.0000343
7460,0.0102662,0.0000363,0.0000343
7461,0.0102697,0.0000363,0.0000343
7462,0.0102732,0.0000363,0.0000343
7463,0.0102768,0.0000363,0.0000343
7464,0.0102803,0.0000363,0.0000343
7465,0.0102838,0.0000363,0.0000343
7466,0.0102873,0.0000363,0.0000343
7467,0.0102909,0.0000363,0.0000343
7468,0.0102944,0.0000363,0.0000343
7469,0.0102979,0.0000363,0.0000343
7470,0.0103015,0.0000363,0.0000343
7471,0.0103050,0.0000363,0.0000343
7472,0.0103086,0.0000363,0.0000343
7473,0.0103122,0.0000362,0.0000343
7474,0.0103157,0.0000362,0.0000343
7475,0.0103193,0.0000362,0.0000343
7476,0.0103229,0.0000362,0.0000343
7477,0.0103265,0.0000362,0.0000343
7478,0.0103300,0.0000362,0.0000343
7479,0.0103336,0.0000362,0.0000343
7480,0.0103372,0.0000362,0.0000343
7481,0.0103408,0.0000362,0.0000343
7482,0.0103444,0.0000362,0.0000343
7483,0.0103480,0.0000362,0.0000343
7484,0.0103516,0.0000362,0.0000343
7485,0.0103552,0.0000362,0.0000343
7486,0.0103588,0.0000362,0.0000343
7487,0.0103624,0.0000362,0.0000343
7488,0.0103660,0.0000362,0.0000343
7489,0.0103697,0.0000362,0.0000343
7490,0.0103733,0.0000362,0.0000343
7491,0.0103769,0.0000362,0.0000343
7492,0.0103805,0.0000362,0.0000344
7493,0.0103842,0.0000362,0.0000344
7494,0.0103878,0.0000362,0.0000344
7495,0.0103914,0.0000362,0.0000344
7496,0.0103951,0.0000362,0.0000344
7497,0.0103987,0.0000362,0.0000344
7498,0.0104024,0.0000362,0.0000344
7499,0.0104060,0.0000362,0.0000344
7500,0.0104096,0.0000362,0.0000344
7501,0.0104133,0.0000362,0.0000344
7502,0.0104169,0.0000362,0.0000344
7503,0.0104206,0.0000362,0.0000344
7504,0.0104242,0.0000362,0.0000344
7505,0.0104279,0.0000362,0.0000344
7506,0.0104316,0.0000362,0.0000344
7507,0.0104352,0.0000362,0.0000344
7508,0.0104389,0.0000362,0.0000344
7509,0.0104425,0.0000361,0.0000344
7510,0.0104462,0.0000361,0.0000344
7511,0.0104499,0.0000361,0.0000344
7512,0.0104535,0.0000361,0.0000344
7513,0.0104572,0.0000361,0.0000344
7514,0.0104609,0.0000361,0.0000344
7515,0.0104645,0.0000361,0.0000344
7516,0.0104682,0.0000361,0.0000344
7517,0.0104719,0.0000361,0.0000344
7518,0.0104755,0.0000361,0.0000344
7519,0.0104792,0.0000361,0.0000344
7520,0.0104829,0.0000361,0.0000344
7521,0.0104866,0.0000361,0.0000344
7522,0.0104902,0.0000361,0.0000344
7523,0.0104939,0.0000361,0.0000344
7524,0.0104976,0.0000361,0.0000344
7525,0.0105012,0.0000361,0.0000344
7526,0.0105049,0.0000361,0.0000344
7527,0.0105086,0.0000361,0.0000344
7528,0.0105123,0.0000361,0.0000344
7529,0.0105159,0.0000361,0.0000344
7530,0.0105196,0.0000361,0.0000344
7531,0.0105233,0.0000361,0.0000344
7532,0.0105270,0.0000361,0.0000344
7533,0.0105306,0.0000361,0.0000344
7534,0.0105343,0.0000361,0.0000344
7535,0.0105380,0.0000361,0.0000344
7536,0.0105416,0.0000360,0.0000344
7537,0.0105453,0.0000360,0.0000344
7538,0.0105490,0.0000360,0.0000344
7539,0.0105526,0.0000360,0.0000344
7540,0.0105563,0.0000360,0.0000344
7541,0.0105600,0.0000360,0.0000344
7542,0.0105636,0.0000360,0.0000344
7543,0.0105673,0.0000360,0.0000344
7544,0.0105710,0.0000360,0.0000344
7545,0.0105746,0.0000360,0.0000344
7546,0.0105783,0.0000360,0.0000344
7547,0.0105819,0.0000360,0.0000344
7548,0.0105856,0.0000360,0.0000344
7549,0.0105892,0.0000360,0.0000344
7550,0.0105929,0.0000360,0.0000344
7551,0.0105965,0.0000360,0.0000344
7552,0.0106002,0.0000360,0.0000344
7553,0.0106038,0.0000360,0.0000344
7554,0.0106075,0.0000360,0.0000344
7555,0.0106111,0.0000360,0.0000344
7556,0.0106148,0.0000360,0.0000344
7557,0.0106184,0.0000360,0.0000344
7558,0.0106220,0.0000360,0.0000344
7559,0.0106257,0.0000359,0.0000344
7560,0.0106293,0.0000359,0.0000344
7561,0.0106329,0.0000359,0.0000344
7562,0.0106366,0.0000359,0.0000344
7563,0.0106402,0.0000359,0.0000344
7564,0.0106438,0.0000359,0.0000344
7565,0.0106474,0.0000359,0.0000344
7566,0.0106511,0.0000359,0.0000344
7567,0.0106547,0.0000359,0.0000344
7568,0.0106583,0.0000359,0.0000344
7569,0.0106619,0.0000359,0.0000344
7570,0.0106655,0.0000359,0.0000344
7571,0.0106691,0.0000359,0.0000344
7572,0.0106727,0.0000359,0.0000344
7573,0.0106763,0.0000359,0.0000344
7574,0.0106799,0.0000359,0.0000344
7575,0.0106835,0.0000359,0.0000344
7576,0.0106871,0.0000359,0.0000344
7577,0.0106906,0.0000359,0.0000344
7578,0.0106942,0.0000359,0.0000344
7579,0.0106978,0.0000358,0.0000344
7580,0.0107014,0.0000358,0.0000344
7581,0.0107049,0.0000358,0.0000344
7582,0.0107085,0.0000358,0.0000344
7583,0.0107120,0.0000358,0.0000344
7584,0.0107156,0.0000358,0.0000344
7585,0.0107192,0.0000358,0.0000344
7586,0.0107227,0.0000358,0.0000344
7587,0.0107262,0.0000358,0.0000344
7588,0.0107298,0.0000358,0.0000344
7589,0.0107333,0.0000358,0.0000344
7590,0.0107369,0.0000358,0.0000343
7591,0.0107404,0.0000358,0.0000343
7592,0.0107439,0.0000358,0.0000343
7593,0.0107474,0.0000358,0.0000343
7594,0.0107509,0.0000358,0.0000343
7595,0.0107544,0.0000358,0.0000343
7596,0.0107580,0.0000358,0.0000343
7597,0.0107615,0.0000358,0.0000343
7598,0.0107649,0.0000357,0.0000343
7599,0.0107684,0.0000357,0.0000343
7600,0.0107719,0.0000357,0.0000343
7601,0.0107754,0.0000357,0.0000343
7602,0.0107789,0.0000357,0.0000343
7603,0.0107824,0.0000357,0.0000343
7604,0.0107858,0.0000357,0.0000343
7605,0.0107893,0.0000357,0.0000343
7606,0.0107927,0.0000357,0.0000343
7607,0.0107962,0.0000357,0.0000343
7608,0.0107996,0.0000357,0.0000343
7609,0.0108031,0.0000357,0.0000343
7610,0.0108065,0.0000357,0.0000343
7611,0.0108099,0.0000357,0.0000343
7612,0.0108134,0.0000357,0.0000343
7613,0.0108168,0.0000357,0.0000343
7614,0.0108202,0.0000356,0.0000343
7615,0.0108236,0.0000356,0.0000343
7616,0.0108270,0.0000356,0.0000343
7617,0.0108304,0.0000356,0.0000343
7618,0.0108338,0.0000356,0.0000343
7619,0.0108372,0.0000356,0.0000343
7620,0.0108405,0.0000356,0.0000343
7621,0.0108439,0.0000356,0.0000343
7622,0.0108473,0.0000356,0.0000343
7623,0.0108506,0.0000356,0.0000343
7624,0.0108540,0.0000356,0.0000342
7625,0.0108573,0.0000356,0.0000342
7626,0.0108607,0.0000356,0.0000342
7627,0.0108640,0.0000356,0.0000342
7628,0.0108673,0.0000356,0.0000342
7629,0.0108707,0.0000355,0.0000342
7630,0.0108740,0.0000355,0.0000342
7631,0.0108773,0.0000355,0.0000342
7632,0.0108806,0.0000355,0.0000342
7633,0.0108839,0.0000355,0.0000342
7634,0.0108872,0.0000355,0.0000342
7635,0.0108904,0.0000355,0.0000342
7636,0.0108937,0.0000355,0.0000342
7637,0.0108970,0.0000355,0.0000342
7638,0.0109002,0.0000355,0.0000342
7639,0.0109035,0.0000355,0.0000342
7640,0.0109067,0.0000355,0.0000342
7641,0.0109100,0.0000355,0.0000342
7642,0.0109132,0.0000355,0.0000342
7643,0.0109164,0.0000355,0.0000342
7644,0.0109197,0.0000354,0.0000342
7645,0.0109229,0.0000354,0.0000342
7646,0.0109261,0.0000354,0.0000342
7647,0.0109293,0.0000354,0.0000341
7648,0.0109325,0.0000354,0.0000341
7649,0.0109356,0.0000354,0.0000341
7650,0.0109388,0.0000354,0.0000341
7651,0.0109420,0.0000354,0.0000341
7652,0.0109451,0.0000354,0.0000341
7653,0.0109483,0.0000354,0.0000341
7654,0.0109514,0.0000354,0.0000341
7655,0.0109546,0.0000354,0.0000341
7656,0.0109577,0.0000354,0.0000341
7657,0.0109608,0.0000353,0.0000341
7658,0.0109639,0.0000353,0.0000341
7659,0.0109670,0.0000353,0.0000341
7660,0.0109701,0.0000353,0.0000341
7661,0.0109732,0.0000353,0.0000341
7662,0.0109763,0.0000353,0.0000341
7663,0.0109794,0.0000353,0.0000341
7664,0.0109824,0.0000353,0.0000341
7665,0.0109855,0.0000353,0.0000341
7666,0.0109885,0.0000353,0.0000340
7667,0.0109916,0.0000353,0.0000340
7668,0.0109946,0.0000353,0.0000340
7669,0.0109976,0.0000353,0.0000340
7670,0.0110007,0.0000352,0.0000340
7671,0.0110037,0.0000352,0.0000340
7672,0.0110067,0.0000352,0.0000340
7673,0.0110096,0.0000352,0.0000340
7674,0.0110126,0.0000352,0.0000340
7675,0.0110156,0.0000352,0.0000340
7676,0.0110186,0.0000352,0.0000340
7677,0.0110215,0.0000352,0.0000340
7678,0.0110245,0.0000352,0.0000340
7679,0.0110274,0.0000352,0.0000340
7680,0.0110303,0.0000352,0.0000340
7681,0.0110332,0.0000352,0.0000340
7682,0.0110362,0.0000352,0.0000340
7683,0.0110391,0.0000351,0.0000339
7684,0.0110420,0.0000351,0.0000339
7685,0.0110448,0.0000351,0.0000339
7686,0.0110477,0.0000351,0.0000339
7687,0.0110506,0.0000351,0.0000339
7688,0.0110534,0.0000351,0.0000339
7689,0.0110563,0.0000351,0.0000339
7690,0.0110591,0.0000351,0.0000339
7691,0.0110619,0.0000351,0.0000339
7692,0.0110648,0.0000351,0.0000339
7693,0.0110676,0.0000351,0.0000339
7694,0.0110704,0.0000350,0.0000339
7695,0.0110732,0.0000350,0.0000339
7696,0.0110760,0.0000350,0.0000339
7697,0.0110787,0.0000350,0.0000339
7698,0.0110815,0.0000350,0.0000338
7699,0.0110842,0.0000350,0.0000338
7700,0.0110870,0.0000350,0.0000338
7701,0.0110897,0.0000350,0.0000338
7702,0.0110924,0.0000350,0.0000338
7703,0.0110952,0.0000350,0.0000338
7704,0.0110979,0.0000350,0.0000338
7705,0.0111006,0.0000350,0.0000338
7706,0.0111032,0.0000349,0.0000338
7707,0.0111059,0.0000349,0.0000338
7708,0.0111086,0.0000349,0.0000338
7709,0.0111112,0.0000349,0.0000338
7710,0.0111139,0.0000349,0.0000338
7711,0.0111165,0.0000349,0.0000338
7712,0.0111191,0.0000349,0.0000337
7713,0.0111218,0.0000349,0.0000337
7714,0.0111244,0.0000349,0.0000337
7715,0.0111270,0.0000349,0.0000337
7716,0.0111295,0.0000349,0.0000337
7717,0.0111321,0.0000348,0.0000337
7718,0.0111347,0.0000348,0.0000337
7719,0.0111372,0.0000348,0.0000337
7720,0.0111398,0.0000348,0.0000337
7721,0.0111423,0.0000348,0.0000337
7722,0.0111448,0.0000348,0.0000337
7723,0.0111473,0.0000348,0.0000337
7724,0.0111498,0.0000348,0.0000336
7725,0.0111523,0.0000348,0.0000336
7726,0.0111548,0.0000348,0.0000336
7727,0.0111573,0.0000347,0.0000336
7728,0.0111597,0.0000347,0.0000336
7729,0.0111622,0.0000347,0.0000336
7730,0.0111646,0.0000347,0.0000336
7731,0.0111671,0.0000347,0.0000336
7732,0.0111695,0.0000347,0.0000336
7733,0.0111719,0.0000347,0.0000336
7734,0.0111743,0.0000347,0.0000336
7735,0.0111767,0.0000347,0.0000336
7736,0.0111790,0.0000347,0.0000335
7737,0.0111814,0.0000346,0.0000335
7738,0.0111837,0.0000346,0.0000335
7739,0.0111861,0.0000346,0.0000335
7740,0.0111884,0.0000346,0.0000335
7741,0.0111907,0.0000346,0.0000335
7742,0.0111930,0.0000346,0.0000335
7743,0.0111953,0.0000346,0.0000335
7744,0.0111976,0.0000346,0.0000335
7745,0.0111999,0.0000346,0.0000335
7746,0.0112022,0.0000346,0.0000335
7747,0.0112044,0.0000345,0.0000334
7748,0.0112067,0.0000345,0.0000334
7749,0.0112089,0.0000345,0.0000334
7750,0.0112111,0.0000345,0.0000334
7751,0.0112133,0.0000345,0.0000334
7752,0.0112155,0.0000345,0.0000334
7753,0.0112177,0.0000345,0.0000334
7754,0.0112199,0.0000345,0.0000334
7755,0.0112220,0.0000345,0.0000334
7756,0.0112242,0.0000345,0.0000334
7757,0.0112263,0.0000344,0.0000334
7758,0.0112284,0.0000344,0.0000333
7759,0.0112305,0.0000344,0.0000333
7760,0.0112326,0.0000344,0.0000333
7761,0.0112347,0.0000344,0.0000333
7762,0.0112368,0.0000344,0.0000333
7763,0.0112389,0.0000344,0.0000333
7764,0.0112409,0.0000344,0.0000333
7765,0.0112430,0.0000344,0.0000333
7766,0.0112450,0.0000343,0.0000333
7767,0.0112470,0.0000343,0.0000333
7768,0.0112490,0.0000343,0.0000332
7769,0.0112510,0.0000343,0.0000332
7770,0.0112530,0.0000343,0.0000332
7771,0.0112550,0.0000343,0.0000332
7772,0.0112570,0.0000343,0.0000332
7773,0.0112589,0.0000343,0.0000332
7774,0.0112608,0.0000343,0.0000332
7775,0.0112628,0.0000342,0.0000332
7776,0.0112647,0.0000342,0.0000332
7777,0.0112666,0.0000342,0.0000332
7778,0.0112685,0.0000342,0.0000331
7779,0.0112704,0.0000342,0.0000331
7780,0.0112722,0.0000342,0.0000331
7781,0.0112741,0.0000342,0.0000331
7782,0.0112759,0.0000342,0.0000331
7783,0.0112777,0.0000342,0.0000331
7784,0.0112796,0.0000341,0.0000331
7785,0.0112814,0.0000341,0.0000331
7786,0.0112832,0.0000341,0.0000331
7787,0.0112849,0.0000341,0.0000330
7788,0.0112867,0.0000341,0.0000330
7789,0.0112885,0.0000341,0.0000330
7790,0.0112902,0.0000341,0.0000330
7791,0.0112919,0.0000341,0.0000330
7792,0.0112936,0.0000341,0.0000330
7793,0.0112953,0.0000340,0.0000330
7794,0.0112970,0.0000340,0.0000330
7795,0.0112987,0.0000340,0.0000330
7796,0.0113004,0.0000340,0.0000329
7797,0.0113020,0.0000340,0.0000329
7798,0.0113037,0.0000340,0.0000329
7799,0.0113053,0.0000340,0.0000329
7800,0.0113069,0.0000340,0.0000329
7801,0.0113085,0.0000340,0.0000329
7802,0.0113101,0.0000339,0.0000329
7803,0.0113117,0.0000339,0.0000329
7804,0.0113133,0.0000339,0.0000329
7805,0.0113148,0.0000339,0.0000328
7806,0.0113164,0.0000339,0.0000328
7807,0.0113179,0.0000339,0.0000328
7808,0.0113194,0.0000339,0.0000328
7809,0.0113209,0.0000339,0.0000328
7810,0.0113224,0.0000338,0.0000328
7811,0.0113239,0.0000338,0.0000328
7812,0.0113253,0.0000338,0.0000328
7813,0.0113268,0.0000338,0.0000328
7814,0.0113282,0.0000338,0.0000327
7815,0.0113297,0.0000338,0.0000327
7816,0.0113311,0.0000338,0.0000327
7817,0.0113325,0.0000338,0.0000327
7818,0.0113339,0.0000337,0.0000327
7819,0.0113352,0.0000337,0.0000327
7820,0.0113366,0.0000337,0.0000327
7821,0.0113379,0.0000337,0.0000327
7822,0.0113393,0.0000337,0.0000326
7823,0.0113406,0.0000337,0.0000326
7824,0.0113419,0.0000337,0.0000326
7825,0.0113432,0.0000337,0.0000326
7826,0.0113445,0.0000336,0.0000326
7827,0.0113457,0.0000336,0.0000326
7828,0.0113470,0.0000336,0.0000326
7829,0.0113482,0.0000336,0.0000326
7830,0.0113495,0.0000336,0.0000325
7831,0.0113507,0.0000336,0.0000325
7832,0.0113519,0.0000336,0.0000325
7833,0.0113531,0.0000336,0.0000325
7834,0.0113542,0.0000335,0.0000325
7835,0.0113554,0.0000335,0.0000325
7836,0.0113566,0.0000335,0.0000325
7837,0.0113577,0.0000335,0.0000325
7838,0.0113588,0.0000335,0.0000324
7839,0.0113599,0.0000335,0.0000324
7840,0.0113610,0.0000335,0.0000324
7841,0.0113621,0.0000335,0.0000324
7842,0.0113632,0.0000334,0.0000324
7843,0.0113642,0.0000334,0.0000324
7844,0.0113653,0.0000334,0.0000324
7845,0.0113663,0.0000334,0.0000323
7846,0.0113673,0.0000334,0.0000323
7847,0.0113683,0.0000334,0.0000323
7848,0.0113693,0.0000334,0.0000323
7849,0.0113703,0.0000334,0.0000323
7850,0.0113712,0.0000333,0.0000323
7851,0.0113722,0.0000333,0.0000323
7852,0.0113731,0.0000333,0.0000323
7853,0.0113740,0.0000333,0.0000322
7854,0.0113749,0.0000333,0.0000322
7855,0.0113758,0.0000333,0.0000322
7856,0.0113767,0.0000333,0.0000322
7857,0.0113776,0.0000332,0.0000322
7858,0.0113784,0.0000332,0.0000322
7859,0.0113793,0.0000332,0.0000322
7860,0.0113801,0.0000332,0.0000321
7861,0.0113809,0.0000332,0.0000321
7862,0.0113817,0.0000332,0.0000321
7863,0.0113825,0.0000332,0.0000321
7864,0.0113832,0.0000332,0.0000321
7865,0.0113840,0.0000331,0.0000321
7866,0.0113847,0.0000331,0.0000321
7867,0.0113855,0.0000331,0.0000320
7868,0.0113862,0.0000331,0.0000320
7869,0.0113869,0.0000331,0.0000320
7870,0.0113876,0.0000331,0.0000320
7871,0.0113882,0.0000331,0.0000320
7872,0.0113889,0.0000330,0.0000320
7873,0.0113895,0.0000330,0.0000320
7874,0.0113902,0.0000330,0.0000319
7875,0.0113908,0.0000330,0.0000319
7876,0.0113914,0.0000330,0.0000319
7877,0.0113920,0.0000330,0.0000319
7878,0.0113926,0.0000330,0.0000319
7879,0.0113931,0.0000329,0.0000319
7880,0.0113937,0.0000329,0.0000319
7881,0.0113942,0.0000329,0.0000318
7882,0.0113947,0.0000329,0.0000318
7883,0.0113952,0.0000329,0.0000318
7884,0.0113957,0.0000329,0.0000318
7885,0.0113962,0.0000329,0.0000318
7886,0.0113966,0.0000329,0.0000318
7887,0.0113971,0.0000328,0.0000318
7888,0.0113975,0.0000328,0.0000317
7889,0.0113980,0.0000328,0.0000317
7890,0.0113984,0.0000328,0.0000317
7891,0.0113987,0.0000328,0.0000317
7892,0.0113991,0.0000328,0.0000317
7893,0.0113995,0.0000328,0.0000317
7894,0.0113998,0.0000327,0.0000317
7895,0.0114002,0.0000327,0.0000316
7896,0.0114005,0.0000327,0.0000316
7897,0.0114008,0.0000327,0.0000316
7898,0.0114011,0.0000327,0.0000316
7899,0.0114014,0.0000327,0.0000316
7900,0.0114016,0.0000327,0.0000316
7901,0.0114019,0.0000326,0.0000316
7902,0.0114021,0.0000326,0.0000315
7903,0.0114023,0.0000326,0.0000315
7904,0.0114026,0.0000326,0.0000315
7905,0.0114027,0.0000326,0.0000315
7906,0.0114029,0.0000326,0.0000315
7907,0.0114031,0.0000326,0.0000315
7908,0.0114032,0.0000325,0.0000314
7909,0.0114034,0.0000325,0.0000314
7910,0.0114035,0.0000325,0.0000314
7911,0.0114036,0.0000325,0.0000314
7912,0.0114037,0.0000325,0.0000314
7913,0.0114038,0.0000325,0.0000314
7914,0.0114038,0.0000324,0.0000313
7915,0.0114039,0.0000324,0.0000313
7916,0.0114039,0.0000324,0.0000313
7917,0.0114039,0.0000324,0.0000313
7918,0.0114040,0.0000324,0.0000313
7919,0.0114039,0.0000324,0.0000313
7920,0.0114039,0.0000324,0.0000313
7921,0.0114039,0.0000323,0.0000312
7922,0.0114038,0.0000323,0.0000312
7923,0.0114038,0.0000323,0.0000312
7924,0.0114037,0.0000323,0.0000312
7925,0.0114036,0.0000323,0.0000312
7926,0.0114035,0.0000323,0.0000312
7927,0.0114034,0.0000323,0.0000311
7928,0.0114032,0.0000322,0.0000311
7929,0.0114031,0.0000322,0.0000311
7930,0.0114029,0.0000322,0.0000311
7931,0.0114027,0.0000322,0.0000311
7932,0.0114025,0.0000322,0.0000311
7933,0.0114023,0.0000322,0.0000310
7934,0.0114021,0.0000321,0.0000310
7935,0.0114019,0.0000321,0.0000310
7936,0.0114016,0.0000321,0.0000310
7937,0.0114013,0.0000321,0.0000310
7938,0.0114010,0.0000321,0.0000310
7939,0.0114008,0.0000321,0.0000309
7940,0.0114004,0.0000321,0.0000309
7941,0.0114001,0.0000320,0.0000309
7942,0.0113998,0.0000320,0.0000309
7943,0.0113994,0.0000320,0.0000309
7944,0.0113990,0.0000320,0.0000309
7945,0.0113987,0.0000320,0.0000308
7946,0.0113983,0.0000320,0.0000308
7947,0.0113978,0.0000319,0.0000308
7948,0.0113974,0.0000319,0.0000308
7949,0.0113970,0.0000319,0.0000308
7950,0.0113965,0.0000319,0.0000308
7951,0.0113960,0.0000319,0.0000307
7952,0.0113956,0.0000319,0.0000307
7953,0.0113951,0.0000319,0.0000307
7954,0.0113945,0.0000318,0.0000307
7955,0.0113940,0.0000318,0.0000307
7956,0.0113935,0.0000318,0.0000307
7957,0.0113929,0.0000318,0.0000306
7958,0.0113923,0.0000318,0.0000306
7959,0.0113917,0.0000318,0.0000306
7960,0.0113911,0.0000317,0.0000306
7961,0.0113905,0.0000317,0.0000306
7962,0.0113899,0.0000317,0.0000306
7963,0.0113892,0.0000317,0.0000305
7964,0.0113886,0.0000317,0.0000305
7965,0.0113879,0.0000317,0.0000305
7966,0.0113872,0.0000317,0.0000305
7967,0.0113865,0.0000316,0.0000305
7968,0.0113858,0.0000316,0.0000305
7969,0.0113850,0.0000316,0.0000304
7970,0.0113843,0.0000316,0.0000304
7971,0.0113835,0.0000316,0.0000304
7972,0.0113827,0.0000316,0.0000304
7973,0.0113820,0.0000315,0.0000304
7974,0.0113811,0.0000315,0.0000303
7975,0.0113803,0.0000315,0.0000303
7976,0.0113795,0.0000315,0.0000303
7977,0.0113786,0.0000315,0.0000303
7978,0.0113778,0.0000315,0.0000303
7979,0.0113769,0.0000314,0.0000303
7980,0.0113760,0.0000314,0.0000302
7981,0.0113751,0.0000314,0.0000302
7982,0.0113741,0.0000314,0.0000302
7983,0.0113732,0.0000314,0.0000302
7984,0.0113722,0.0000314,0.0000302
7985,0.0113713,0.0000313,0.0000302
7986,0.0113703,0.0000313,0.0000301
7987,0.0113693,0.0000313,0.0000301
7988,0.0113683,0.0000313,0.0000301
7989,0.0113672,0.0000313,0.0000301
7990,0.0113662,0.0000313,0.0000301
7991,0.0113651,0.0000312,0.0000300
7992,0.0113641,0.0000312,0.0000300
7993,0.0113630,0.0000312,0.0000300
7994,0.0113619,0.0000312,0.0000300
7995,0.0113607,0.0000312,0.0000300
7996,0.0113596,0.0000312,0.0000300
7997,0.0113585,0.0000311,0.0000299
7998,0.0113573,0.0000311,0.0000299
7999,0.0113561,0.0000311,0.0000299
8000,0.0113549,0.0000311,0.0000299
8001,0.0113537,0.0000311,0.0000299
8002,0.0113525,0.0000311,0.0000298
8003,0.0113513,0.0000310,0.0000298
8004,0.0113500,0.0000310,0.0000298
8005,0.0113488,0.0000310,0.0000298
8006,0.0113475,0.0000310,0.0000298
8007,0.0113462,0.0000310,0.0000297
8008,0.0113449,0.0000310,0.0000297
8009,0.0113435,0.0000309,0.0000297
8010,0.0113422,0.0000309,0.0000297
8011,0.0113408,0.0000309,0.0000297
8012,0.0113395,0.0000309,0.0000297
8013,0.0113381,0.0000309,0.0000296
8014,0.0113367,0.0000309,0.0000296
8015,0.0113353,0.0000308,0.0000296
8016,0.0113339,0.0000308,0.0000296
8017,0.0113324,0.0000308,0.0000296
8018,0.0113310,0.0000308,0.0000295
8019,0.0113295,0.0000308,0.0000295
8020,0.0113280,0.0000308,0.0000295
8021,0.0113265,0.0000307,0.0000295
8022,0.0113250,0.0000307,0.0000295
8023,0.0113234,0.0000307,0.0000294
8024,0.0113219,0.0000307,0.0000294
8025,0.0113203,0.0000307,0.0000294
8026,0.0113188,0.0000307,0.0000294
8027,0.0113172,0.0000306,0.0000294
8028,0.0113156,0.0000306,0.0000294
8029,0.0113139,0.0000306,0.0000293
8030,0.0113123,0.0000306,0.0000293
8031,0.0113107,0.0000306,0.0000293
8032,0.0113090,0.0000306,0.0000293
8033,0.0113073,0.0000305,0.0000293
8034,0.0113056,0.0000305,0.0000292
8035,0.0113039,0.0000305,0.0000292
8036,0.0113022,0.0000305,0.0000292
8037,0.0113005,0.0000305,0.0000292
8038,0.0112987,0.0000305,0.0000292
8039,0.0112969,0.0000304,0.0000291
8040,0.0112952,0.0000304,0.0000291
8041,0.0112934,0.0000304,0.0000291
8042,0.0112915,0.0000304,0.0000291
8043,0.0112897,0.0000304,0.0000291
8044,0.0112879,0.0000303,0.0000290
8045,0.0112860,0.0000303,0.0000290
8046,0.0112842,0.0000303,0.0000290
8047,0.0112823,0.0000303,0.0000290
8048,0.0112804,0.0000303,0.0000290
8049,0.0112785,0.0000303,0.0000289
8050,0.0112765,0.0000302,0.0000289
8051,0.0112746,0.0000302,0.0000289
8052,0.0112726,0.0000302,0.0000289
8053,0.0112706,0.0000302,0.0000289
8054,0.0112687,0.0000302,0.0000288
8055,0.0112667,0.0000302,0.0000288
8056,0.0112646,0.0000301,0.0000288
8057,0.0112626,0.0000301,0.0000288
8058,0.0112606,0.0000301,0.0000288
8059,0.0112585,0.0000301,0.0000287
8060,0.0112564,0.0000301,0.0000287
8061,0.0112543,0.0000301,0.0000287
8062,0.0112522,0.0000300,0.0000287
8063,0.0112501,0.0000300,0.0000287
8064,0.0112480,0.0000300,0.0000286
8065,0.0112458,0.0000300,0.0000286
8066,0.0112437,0.0000300,0.0000286
8067,0.0112415,0.0000299,0.0000286
8068,0.0112393,0.0000299,0.0000286
8069,0.0112371,0.0000299,0.0000285
8070,0.0112349,0.0000299,0.0000285
8071,0.0112326,0.0000299,0.0000285
8072,0.0112304,0.0000299,0.0000285
8073,0.0112281,0.0000298,0.0000285
8074,0.0112258,0.0000298,0.0000284
8075,0.0112235,0.0000298,0.0000284
8076,0.0112212,0.0000298,0.0000284
8077,0.0112189,0.0000298,0.0000284
8078,0.0112166,0.0000297,0.0000284
8079,0.0112142,0.0000297,0.0000283
8080,0.0112119,0.0000297,0.0000283
8081,0.0112095,0.0000297,0.0000283
8082,0.0112071,0.0000297,0.0000283
8083,0.0112047,0.0000297,0.0000283
8084,0.0112022,0.0000296,0.0000282
8085,0.0111998,0.0000296,0.0000282
8086,0.0111973,0.0000296,0.0000282
8087,0.0111949,0.0000296,0.0000282
8088,0.0111924,0.0000296,0.0000282
8089,0.0111899,0.0000295,0.0000281
8090,0.0111874,0.0000295,0.0000281
8091,0.0111849,0.0000295,0.0000281
8092,0.0111823,0.0000295,0.0000281
8093,0.0111798,0.0000295,0.0000281
8094,0.0111772,0.0000295,0.0000280
8095,0.0111746,0.0000294,0.0000280
8096,0.0111720,0.0000294,0.0000280
8097,0.0111694,0.0000294,0.0000280
8098,0.0111668,0.0000294,0.0000279
8099,0.0111641,0.0000294,0.0000279
8100,0.0111615,0.0000293,0.0000279
8101,0.0111588,0.0000293,0.0000279
8102,0.0111561,0.0000293,0.0000279
8103,0.0111534,0.0000293,0.0000278
8104,0.0111507,0.0000293,0.0000278
8105,0.0111480,0.0000293,0.0000278
8106,0.0111452,0.0000292,0.0000278
8107,0.0111425,0.0000292,0.0000278
8108,0.0111397,0.0000292,0.0000277
8109,0.0111369,0.0000292,0.0000277
8110,0.0111341,0.0000292,0.0000277
8111,0.0111313,0.0000291,0.0000277
8112,0.0111284,0.0000291,0.0000277
8113,0.0111256,0.0000291,0.0000276
8114,0.0111227,0.0000291,0.0000276
8115,0.0111199,0.0000291,0.0000276
8116,0.0111170,0.0000291,0.0000276
8117,0.0111141,0.0000290,0.0000275
8118,0.0111112,0.0000290,0.0000275
8119,0.0111082,0.0000290,0.0000275
8120,0.0111053,0.0000290,0.0000275
8121,0.0111023,0.0000290,0.0000275
8122,0.0110994,0.0000289,0.0000274
8123,0.0110964,0.0000289,0.0000274
8124,0.0110934,0.0000289,0.0000274
8125,0.0110904,0.0000289,0.0000274
8126,0.0110873,0.0000289,0.0000274
8127,0.0110843,0.0000289,0.0000273
8128,0.0110812,0.0000288,0.0000273
8129,0.0110782,0.0000288,0.0000273
8130,0.0110751,0.0000288,0.0000273
8131,0.0110720,0.0000288,0.0000272
8132,0.0110689,0.0000288,0.0000272
8133,0.0110657,0.0000287,0.0000272
8134,0.0110626,0.0000287,0.0000272
8135,0.0110594,0.0000287,0.0000272
8136,0.0110563,0.0000287,0.0000271
8137,0.0110531,0.0000287,0.0000271
8138,0.0110499,0.0000286,0.0000271
8139,0.0110467,0.0000286,0.0000271
8140,0.0110434,0.0000286,0.0000271
8141,0.0110402,0.0000286,0.0000270
8142,0.0110369,0.0000286,0.0000270
8143,0.0110337,0.0000286,0.0000270
8144,0.0110304,0.0000285,0.0000270
8145,0.0110271,0.0000285,0.0000269
8146,0.0110238,0.0000285,0.0000269
8147,0.0110204,0.0000285,0.0000269
8148,0.0110171,0.0000285,0.0000269
8149,0.0110137,0.0000284,0.0000269
8150,0.0110104,0.0000284,0.0000268
8151,0.0110070,0.0000284,0.0000268
8152,0.0110036,0.0000284,0.0000268
8153,0.0110002,0.0000284,0.0000268
8154,0.0109968,0.0000283,0.0000268
8155,0.0109933,0.0000283,0.0000267
8156,0.0109899,0.0000283,0.0000267
8157,0.0109864,0.0000283,0.0000267
8158,0.0109829,0.0000283,0.0000267
8159,0.0109794,0.0000283,0.0000266
8160,0.0109759,0.0000282,0.0000266
8161,0.0109724,0.0000282,0.0000266
8162,0.0109689,0.0000282,0.0000266
8163,0.0109653,0.0000282,0.0000266
8164,0.0109618,0.0000282,0.0000265
8165,0.0109582,0.0000281,0.0000265
8166,0.0109546,0.0000281,0.0000265
8167,0.0109510,0.0000281,0.0000265
8168,0.0109474,0.0000281,0.0000264
8169,0.0109437,0.0000281,0.0000264
8170,0.0109401,0.0000280,0.0000264
8171,0.0109364,0.0000280,0.0000264
8172,0.0109327,0.0000280,0.0000264
8173,0.0109291,0.0000280,0.0000263
8174,0.0109254,0.0000280,0.0000263
8175,0.0109216,0.0000279,0.0000263
8176,0.0109179,0.0000279,0.0000263
8177,0.0109142,0.0000279,0.0000262
8178,0.0109104,0.0000279,0.0000262
8179,0.0109066,0.0000279,0.0000262
8180,0.0109029,0.0000279,0.0000262
8181,0.0108991,0.0000278,0.0000262
8182,0.0108953,0.0000278,0.0000261
8183,0.0108914,0.0000278,0.0000261
8184,0.0108876,0.0000278,0.0000261
8185,0.0108837,0.0000278,0.0000261
8186,0.0108799,0.0000277,0.0000260
8187,0.0108760,0.0000277,0.0000260
8188,0.0108721,0.0000277,0.0000260
8189,0.0108682,0.0000277,0.0000260
8190,0.0108643,0.0000277,0.0000260
8191,0.0108603,0.0000276,0.0000259
8192,0.0108564,0.0000276,0.0000259
8193,0.0108524,0.0000276,0.0000259
8194,0.0108485,0.0000276,0.0000259
8195,0.0108445,0.0000276,0.0000258
8196,0.0108405,0.0000275,0.0000258
8197,0.0108365,0.0000275,0.0000258
8198,0.0108324,0.0000275,0.0000258
8199,0.0108284,0.0000275,0.0000258
8200,0.0108243,0.0000275,0.0000257
8201,0.0108203,0.0000275,0.0000257
8202,0.0108162,0.0000274,0.0000257
8203,0.0108121,0.0000274,0.0000257
8204,0.0108080,0.0000274,0.0000256
8205,0.0108039,0.0000274,0.0000256
8206,0.0107997,0.0000274,0.0000256
8207,0.0107956,0.0000273,0.0000256
8208,0.0107914,0.0000273,0.0000256
8209,0.0107873,0.0000273,0.0000255
8210,0.0107831,0.0000273,0.0000255
8211,0.0107789,0.0000273,0.0000255
8212,0.0107747,0.0000272,0.0000255
8213,0.0107704,0.0000272,0.0000254
8214,0.0107662,0.0000272,0.0000254
8215,0.0107619,0.0000272,0.0000254
8216,0.0107577,0.0000272,0.0000254
8217,0.0107534,0.0000271,0.0000254
8218,0.0107491,0.0000271,0.0000253
8219,0.0107448,0.0000271,0.0000253
8220,0.0107405,0.0000271,0.0000253
8221,0.0107361,0.0000271,0.0000253
8222,0.0107318,0.0000270,0.0000252
8223,0.0107274,0.0000270,0.0000252
8224,0.0107231,0.0000270,0.0000252
8225,0.0107187,0.0000270,0.0000252
8226,0.0107143,0.0000270,0.0000252
8227,0.0107099,0.0000270,0.0000251
8228,0.0107054,0.0000269,0.0000251
8229,0.0107010,0.0000269,0.0000251
8230,0.0106965,0.0000269,0.0000251
8231,0.0106921,0.0000269,0.0000250
8232,0.0106876,0.0000269,0.0000250
8233,0.0106831,0.0000268,0.0000250
8234,0.0106786,0.0000268,0.0000250
8235,0.0106741,0.0000268,0.0000249
8236,0.0106696,0.0000268,0.0000249
8237,0.0106650,0.0000268,0.0000249
8238,0.0106605,0.0000267,0.0000249
8239,0.0106559,0.0000267,0.0000249
8240,0.0106513,0.0000267,0.0000248
8241,0.0106467,0.0000267,0.0000248
8242,0.0106421,0.0000267,0.0000248
8243,0.0106375,0.0000266,0.0000248
8244,0.0106329,0.0000266,0.0000247
8245,0.0106282,0.0000266,0.0000247
8246,0.0106236,0.0000266,0.0000247
8247,0.0106189,0.0000266,0.0000247
8248,0.0106142,0.0000265,0.0000247
8249,0.0106095,0.0000265,0.0000246
8250,0.0106048,0.0000265,0.0000246
8251,0.0106001,0.0000265,0.0000246
8252,0.0105954,0.0000265,0.0000246
8253,0.0105906,0.0000264,0.0000245
8254,0.0105859,0.0000264,0.0000245
8255,0.0105811,0.0000264,0.0000245
8256,0.0105763,0.0000264,0.0000245
8257,0.0105715,0.0000264,0.0000244
8258,0.0105667,0.0000263,0.0000244
8259,0.0105619,0.0000263,0.0000244
8260,0.0105571,0.0000263,0.0000244
8261,0.0105522,0.0000263,0.0000244
8262,0.0105474,0.0000263,0.0000243
8263,0.0105425,0.0000263,0.0000243
8264,0.0105376,0.0000262,0.0000243
8265,0.0105327,0.0000262,0.0000243
8266,0.0105278,0.0000262,0.0000242
8267,0.0105229,0.0000262,0.0000242
8268,0.0105180,0.0000262,0.0000242
8269,0.0105130,0.0000261,0.0000242
8270,0.0105081,0.0000261,0.0000241
8271,0.0105031,0.0000261,0.0000241
8272,0.0104981,0.0000261,0.0000241
8273,0.0104931,0.0000261,0.0000241
8274,0.0104881,0.0000260,0.0000241
8275,0.0104831,0.0000260,0.0000240
8276,0.0104780,0.0000260,0.0000240
8277,0.0104730,0.0000260,0.0000240
8278,0.0104679,0.0000260,0.0000240
8279,0.0104629,0.0000259,0.0000239
8280,0.0104578,0.0000259,0.0000239
8281,0.0104527,0.0000259,0.0000239
8282,0.0104476,0.0000259,0.0000239
8283,0.0104425,0.0000259,0.0000239
8284,0.0104374,0.0000258,0.0000238
8285,0.0104322,0.0000258,0.0000238
8286,0.0104271,0.0000258,0.0000238
8287,0.0104219,0.0000258,0.0000238
8288,0.0104167,0.0000258,0.0000237
8289,0.0104115,0.0000257,0.0000237
8290,0.0104063,0.0000257,0.0000237
8291,0.0104011,0.0000257,0.0000237
8292,0.0103959,0.0000257,0.0000236
8293,0.0103907,0.0000257,0.0000236
8294,0.0103854,0.0000257,0.0000236
8295,0.0103801,0.0000256,0.0000236
8296,0.0103749,0.0000256,0.0000236
8297,0.0103696,0.0000256,0.0000235
8298,0.0103643,0.0000256,0.0000235
8299,0.0103590,0.0000256,0.0000235
8300,0.0103537,0.0000255,0.0000235
8301,0.0103483,0.0000255,0.0000234
8302,0.0103430,0.0000255,0.0000234
8303,0.0103376,0.0000255,0.0000234
8304,0.0103323,0.0000255,0.0000234
8305,0.0103269,0.0000254,0.0000234
8306,0.0103215,0.0000254,0.0000233
8307,0.0103161,0.0000254,0.0000233
8308,0.0103107,0.0000254,0.0000233
8309,0.0103053,0.0000254,0.0000233
8310,0.0102998,0.0000253,0.0000232
8311,0.0102944,0.0000253,0.0000232
8312,0.0102889,0.0000253,0.0000232
8313,0.0102834,0.0000253,0.0000232
8314,0.0102780,0.0000253,0.0000231
8315,0.0102725,0.0000252,0.0000231
8316,0.0102669,0.0000252,0.0000231
8317,0.0102614,0.0000252,0.0000231
8318,0.0102559,0.0000252,0.0000231
8319,0.0102504,0.0000252,0.0000230
8320,0.0102448,0.0000251,0.0000230
8321,0.0102392,0.0000251,0.0000230
8322,0.0102337,0.0000251,0.0000230
8323,0.0102281,0.0000251,0.0000229
8324,0.0102225,0.0000251,0.0000229
8325,0.0102169,0.0000251,0.0000229
8326,0.0102113,0.0000250,0.0000229
8327,0.0102056,0.0000250,0.0000228
8328,0.0102000,0.0000250,0.0000228
8329,0.0101943,0.0000250,0.0000228
8330,0.0101887,0.0000250,0.0000228
8331,0.0101830,0.0000249,0.0000228
8332,0.0101773,0.0000249,0.0000227
8333,0.0101716,0.0000249,0.0000227
8334,0.0101659,0.0000249,0.0000227
8335,0.0101602,0.0000249,0.0000227
8336,0.0101544,0.0000248,0.0000226
8337,0.0101487,0.0000248,0.0000226
8338,0.0101429,0.0000248,0.0000226
8339,0.0101372,0.0000248,0.0000226
8340,0.0101314,0.0000248,0.0000226
8341,0.0101256,0.0000247,0.0000225
8342,0.0101198,0.0000247,0.0000225
8343,0.0101140,0.0000247,0.0000225
8344,0.0101082,0.0000247,0.0000225
8345,0.0101023,0.0000247,0.0000224
8346,0.0100965,0.0000246,0.0000224
8347,0.0100906,0.0000246,0.0000224
8348,0.0100848,0.0000246,0.0000224
8349,0.0100789,0.0000246,0.0000223
8350,0.0100730,0.0000246,0.0000223
8351,0.0100671,0.0000245,0.0000223
8352,0.0100612,0.0000245,0.0000223
8353,0.0100553,0.0000245,0.0000223
8354,0.0100493,0.0000245,0.0000222
8355,0.0100434,0.0000245,0.0000222
8356,0.0100375,0.0000245,0.0000222
8357,0.0100315,0.0000244,0.0000222
8358,0.0100255,0.0000244,0.0000221
8359,0.0100195,0.0000244,0.0000221
8360,0.0100135,0.0000244,0.0000221
8361,0.0100075,0.0000244,0.0000221
8362,0.0100015,0.0000243,0.0000221
8363,0.0099955,0.0000243,0.0000220
8364,0.0099895,0.0000243,0.0000220
8365,0.0099834,0.0000243,0.0000220
8366,0.0099774,0.0000243,0.0000220
8367,0.0099713,0.0000242,0.0000219
8368,0.0099652,0.0000242,0.0000219
8369,0.0099591,0.0000242,0.0000219
8370,0.0099530,0.0000242,0.0000219
8371,0.0099469,0.0000242,0.0000219
8372,0.0099408,0.0000241,0.0000218
8373,0.0099347,0.0000241,0.0000218
8374,0.0099285,0.0000241,0.0000218
8375,0.0099224,0.0000241,0.0000218
8376,0.0099162,0.0000241,0.0000217
8377,0.0099100,0.0000241,0.0000217
8378,0.0099039,0.0000240,0.0000217
8379,0.0098977,0.0000240,0.0000217
8380,0.0098915,0.0000240,0.0000217
8381,0.0098853,0.0000240,0.0000216
8382,0.0098790,0.0000240,0.0000216
8383,0.0098728,0.0000239,0.0000216
8384,0.0098666,0.0000239,0.0000216
8385,0.0098603,0.0000239,0.0000215
8386,0.0098541,0.0000239,0.0000215
8387,0.0098478,0.0000239,0.0000215
8388,0.0098415,0.0000238,0.0000215
8389,0.0098352,0.0000238,0.0000214
8390,0.0098289,0.0000238,0.0000214
8391,0.0098226,0.0000238,0.0000214
8392,0.0098163,0.0000238,0.0000214
8393,0.0098099,0.0000238,0.0000214
8394,0.0098036,0.0000237,0.0000213
8395,0.0097972,0.0000237,0.0000213
8396,0.0097909,0.0000237,0.0000213
8397,0.0097845,0.0000237,0.0000213
8398,0.0097781,0.0000237,0.0000213
8399,0.0097717,0.0000236,0.0000212
8400,0.0097653,0.0000236,0.0000212
8401,0.0097589,0.0000236,0.0000212
8402,0.0097525,0.0000236,0.0000212
8403,0.0097461,0.0000236,0.0000211
8404,0.0097396,0.0000235,0.0000211
8405,0.0097332,0.0000235,0.0000211
8406,0.0097267,0.0000235,0.0000211
8407,0.0097203,0.0000235,0.0000211
8408,0.0097138,0.0000235,0.0000210
8409,0.0097073,0.0000235,0.0000210
8410,0.0097008,0.0000234,0.0000210
8411,0.0096943,0.0000234,0.0000210
8412,0.0096878,0.0000234,0.0000209
8413,0.0096813,0.0000234,0.0000209
8414,0.0096747,0.0000234,0.0000209
8415,0.0096682,0.0000233,0.0000209
8416,0.0096616,0.0000233,0.0000209
8417,0.0096551,0.0000233,0.0000208
8418,0.0096485,0.0000233,0.0000208
8419,0.0096419,0.0000233,0.0000208
8420,0.0096353,0.0000232,0.0000208
8421,0.0096287,0.0000232,0.0000207
8422,0.0096221,0.0000232,0.0000207
8423,0.0096155,0.0000232,0.0000207
8424,0.0096089,0.0000232,0.0000207
8425,0.0096022,0.0000232,0.0000207
8426,0.0095956,0.0000231,0.0000206
8427,0.0095890,0.0000231,0.0000206
8428,0.0095823,0.0000231,0.0000206
8429,0.0095756,0.0000231,0.0000206
8430,0.0095689,0.0000231,0.0000205
8431,0.0095622,0.0000230,0.0000205
8432,0.0095556,0.0000230,0.0000205
8433,0.0095488,0.0000230,0.0000205
8434,0.0095421,0.0000230,0.0000205
8435,0.0095354,0.0000230,0.0000204
8436,0.0095287,0.0000230,0.0000204
8437,0.0095219,0.0000229,0.0000204
8438,0.0095152,0.0000229,0.0000204
8439,0.0095084,0.0000229,0.0000204
8440,0.0095016,0.0000229,0.0000203
8441,0.0094949,0.0000229,0.0000203
8442,0.0094881,0.0000228,0.0000203
8443,0.0094813,0.0000228,0.0000203
8444,0.0094745,0.0000228,0.0000202
8445,0.0094677,0.0000228,0.0000202
8446,0.0094609,0.0000228,0.0000202
8447,0.0094540,0.0000228,0.0000202
8448,0.0094472,0.0000227,0.0000202
8449,0.0094403,0.0000227,0.0000201
8450,0.0094335,0.0000227,0.0000201
8451,0.0094266,0.0000227,0.0000201
8452,0.0094197,0.0000227,0.0000201
8453,0.0094129,0.0000226,0.0000201
8454,0.0094060,0.0000226,0.0000200
8455,0.0093991,0.0000226,0.0000200
8456,0.0093922,0.0000226,0.0000200
8457,0.0093853,0.0000226,0.0000200
8458,0.0093783,0.0000226,0.0000200
8459,0.0093714,0.0000225,0.0000199
8460,0.0093645,0.0000225,0.0000199
8461,0.0093575,0.0000225,0.0000199
8462,0.0093506,0.0000225,0.0000199
8463,0.0093436,0.0000225,0.0000198
8464,0.0093366,0.0000224,0.0000198
8465,0.0093297,0.0000224,0.0000198
8466,0.0093227,0.0000224,0.0000198
8467,0.0093157,0.0000224,0.0000198
8468,0.0093087,0.0000224,0.0000197
8469,0.0093017,0.0000224,0.0000197
8470,0.0092947,0.0000223,0.0000197
8471,0.0092876,0.0000223,0.0000197
8472,0.0092806,0.0000223,0.0000197
8473,0.0092736,0.0000223,0.0000196
8474,0.0092665,0.0000223,0.0000196
8475,0.0092594,0.0000222,0.0000196
8476,0.0092524,0.0000222,0.0000196
8477,0.0092453,0.0000222,0.0000196
8478,0.0092382,0.0000222,0.0000195
8479,0.0092311,0.0000222,0.0000195
8480,0.0092240,0.0000222,0.0000195
8481,0.0092169,0.0000221,0.0000195
8482,0.0092098,0.0000221,0.0000195
8483,0.0092027,0.0000221,0.0000194
8484,0.0091956,0.0000221,0.0000194
8485,0.0091884,0.0000221,0.0000194
8486,0.0091813,0.0000221,0.0000194
8487,0.0091742,0.0000220,0.0000193
8488,0.0091670,0.0000220,0.0000193
8489,0.0091598,0.0000220,0.0000193
8490,0.0091527,0.0000220,0.0000193
8491,0.0091455,0.0000220,0.0000193
8492,0.0091383,0.0000219,0.0000192
8493,0.0091311,0.0000219,0.0000192
8494,0.0091239,0.0000219,0.0000192
8495,0.0091167,0.0000219,0.0000192
8496,0.0091095,0.0000219,0.0000192
8497,0.0091023,0.0000219,0.0000191
8498,0.0090950,0.0000218,0.0000191
8499,0.0090878,0.0000218,0.0000191
8500,0.0090805,0.0000218,0.0000191
8501,0.0090733,0.0000218,0.0000191
8502,0.0090660,0.0000218,0.0000190
8503,0.0090588,0.0000218,0.0000190
8504,0.0090515,0.0000217,0.0000190
8505,0.0090442,0.0000217,0.0000190
8506,0.0090369,0.0000217,0.0000190
8507,0.0090296,0.0000217,0.0000189
8508,0.0090223,0.0000217,0.0000189
8509,0.0090150,0.0000217,0.0000189
8510,0.0090077,0.0000216,0.0000189
8511,0.0090004,0.0000216,0.0000189
8512,0.0089931,0.0000216,0.0000188
8513,0.0089857,0.0000216,0.0000188
8514,0.0089784,0.0000216,0.0000188
8515,0.0089711,0.0000216,0.0000188
8516,0.0089637,0.0000215,0.0000188
8517,0.0089563,0.0000215,0.0000187
8518,0.0089490,0.0000215,0.0000187
8519,0.0089416,0.0000215,0.0000187
8520,0.0089342,0.0000215,0.0000187
8521,0.0089268,0.0000215,0.0000187
8522,0.0089194,0.0000214,0.0000187
8523,0.0089120,0.0000214,0.0000186
8524,0.0089046,0.0000214,0.0000186
8525,0.0088972,0.0000214,0.0000186
8526,0.0088898,0.0000214,0.0000186
8527,0.0088824,0.0000214,0.0000186
8528,0.0088750,0.0000213,0.0000185
8529,0.0088675,0.0000213,0.0000185
8530,0.0088601,0.0000213,0.0000185
8531,0.0088526,0.0000213,0.0000185
8532,0.0088452,0.0000213,0.0000185
8533,0.0088377,0.0000213,0.0000184
8534,0.0088302,0.0000212,0.0000184
8535,0.0088228,0.0000212,0.0000184
8536,0.0088153,0.0000212,0.0000184
8537,0.0088078,0.0000212,0.0000184
8538,0.0088003,0.0000212,0.0000183
8539,0.0087928,0.0000212,0.0000183
8540,0.0087853,0.0000211,0.0000183
8541,0.0087778,0.0000211,0.0000183
8542,0.0087703,0.0000211,0.0000183
8543,0.0087628,0.0000211,0.0000182
8544,0.0087552,0.0000211,0.0000182
8545,0.0087477,0.0000211,0.0000182
8546,0.0087402,0.0000210,0.0000182
8547,0.0087326,0.0000210,0.0000182
8548,0.0087251,0.0000210,0.0000182
8549,0.0087175,0.0000210,0.0000181
8550,0.0087100,0.0000210,0.0000181
8551,0.0087024,0.0000210,0.0000181
8552,0.0086948,0.0000209,0.0000181
8553,0.0086872,0.0000209,0.0000181
8554,0.0086797,0.0000209,0.0000180
8555,0.0086721,0.0000209,0.0000180
8556,0.0086645,0.0000209,0.0000180
8557,0.0086569,0.0000209,0.0000180
8558,0.0086493,0.0000208,0.0000180
8559,0.0086417,0.0000208,0.0000180
8560,0.0086340,0.0000208,0.0000179
8561,0.0086264,0.0000208,0.0000179
8562,0.0086188,0.0000208,0.0000179
8563,0.0086112,0.0000208,0.0000179
8564,0.0086035,0.0000207,0.0000179
8565,0.0085959,0.0000207,0.0000178
8566,0.0085882,0.0000207,0.0000178
8567,0.0085806,0.0000207,0.0000178
8568,0.0085729,0.0000207,0.0000178
8569,0.0085653,0.0000207,0.0000178
8570,0.0085576,0.0000207,0.0000178
8571,0.0085499,0.0000206,0.0000177
8572,0.0085423,0.0000206,0.0000177
8573,0.0085346,0.0000206,0.0000177
8574,0.0085269,0.0000206,0.0000177
8575,0.0085192,0.0000206,0.0000177
8576,0.0085115,0.0000206,0.0000176
8577,0.0085038,0.0000205,0.0000176
8578,0.0084961,0.0000205,0.0000176
8579,0.0084884,0.0000205,0.0000176
8580,0.0084807,0.0000205,0.0000176
8581,0.0084729,0.0000205,0.0000176
8582,0.0084652,0.0000205,0.0000175
8583,0.0084575,0.0000204,0.0000175
8584,0.0084498,0.0000204,0.0000175
8585,0.0084420,0.0000204,0.0000175
8586,0.0084343,0.0000204,0.0000175
8587,0.0084265,0.0000204,0.0000175
8588,0.0084188,0.0000204,0.0000174
8589,0.0084110,0.0000204,0.0000174
8590,0.0084033,0.0000203,0.0000174
8591,0.0083955,0.0000203,0.0000174
8592,0.0083877,0.0000203,0.0000174
8593,0.0083800,0.0000203,0.0000174
8594,0.0083722,0.0000203,0.0000173
8595,0.0083644,0.0000203,0.0000173
8596,0.0083566,0.0000202,0.0000173
8597,0.0083488,0.0000202,0.0000173
8598,0.0083410,0.0000202,0.0000173
8599,0.0083333,0.0000202,0.0000173
8600,0.0083254,0.0000202,0.0000172
8601,0.0083176,0.0000202,0.0000172
8602,0.0083098,0.0000202,0.0000172
8603,0.0083020,0.0000201,0.0000172
8604,0.0082942,0.0000201,0.0000172
8605,0.0082864,0.0000201,0.0000172
8606,0.0082786,0.0000201,0.0000171
8607,0.0082707,0.0000201,0.0000171
8608,0.0082629,0.0000201,0.0000171
8609,0.0082551,0.0000201,0.0000171
8610,0.0082472,0.0000200,0.0000171
8611,0.0082394,0.0000200,0.0000171
8612,0.0082315,0.0000200,0.0000170
8613,0.0082237,0.0000200,0.0000170
8614,0.0082158,0.0000200,0.0000170
8615,0.0082080,0.0000200,0.0000170
8616,0.0082001,0.0000200,0.0000170
8617,0.0081923,0.0000199,0.0000170
8618,0.0081844,0.0000199,0.0000169
8619,0.0081765,0.0000199,0.0000169
8620,0.0081687,0.0000199,0.0000169
8621,0.0081608,0.0000199,0.0000169
8622,0.0081529,0.0000199,0.0000169
8623,0.0081450,0.0000199,0.0000169
8624,0.0081371,0.0000198,0.0000168
8625,0.0081292,0.0000198,0.0000168
8626,0.0081213,0.0000198,0.0000168
8627,0.0081135,0.0000198,0.0000168
8628,0.0081056,0.0000198,0.0000168
8629,0.0080977,0.0000198,0.0000168
8630,0.0080897,0.0000197,0.0000168
8631,0.0080818,0.0000197,0.0000167
8632,0.0080739,0.0000197,0.0000167
8633,0.0080660,0.0000197,0.0000167
8634,0.0080581,0.0000197,0.0000167
8635,0.0080502,0.0000197,0.0000167
8636,0.0080423,0.0000197,0.0000167
8637,0.0080343,0.0000197,0.0000166
8638,0.0080264,0.0000196,0.0000166
8639,0.0080185,0.0000196,0.0000166
8640,0.0080106,0.0000196,0.0000166
8641,0.0080026,0.0000196,0.0000166
8642,0.0079947,0.0000196,0.0000166
8643,0.0079867,0.0000196,0.0000166
8644,0.0079788,0.0000196,0.0000165
8645,0.0079709,0.0000195,0.0000165
8646,0.0079629,0.0000195,0.0000165
8647,0.0079550,0.0000195,0.0000165
8648,0.0079470,0.0000195,0.0000165
8649,0.0079391,0.0000195,0.0000165
8650,0.0079311,0.0000195,0.0000165
8651,0.0079231,0.0000195,0.0000164
8652,0.0079152,0.0000194,0.0000164
8653,0.0079072,0.0000194,0.0000164
8654,0.0078993,0.0000194,0.0000164
8655,0.0078913,0.0000194,0.0000164
8656,0.0078833,0.0000194,0.0000164
8657,0.0078754,0.0000194,0.0000164
8658,0.0078674,0.0000194,0.0000163
8659,0.0078594,0.0000193,0.0000163
8660,0.0078514,0.0000193,0.0000163
8661,0.0078435,0.0000193,0.0000163
8662,0.0078355,0.0000193,0.0000163
8663,0.0078275,0.0000193,0.0000163
8664,0.0078195,0.0000193,0.0000163
8665,0.0078115,0.0000193,0.0000162
8666,0.0078036,0.0000193,0.0000162
8667,0.0077956,0.0000192,0.0000162
8668,0.0077876,0.0000192,0.0000162
8669,0.0077796,0.0000192,0.0000162
8670,0.0077716,0.0000192,0.0000162
8671,0.0077636,0.0000192,0.0000162
8672,0.0077556,0.0000192,0.0000161
8673,0.0077476,0.0000192,0.0000161
8674,0.0077396,0.0000192,0.0000161
8675,0.0077316,0.0000191,0.0000161
8676,0.0077236,0.0000191,0.0000161
8677,0.0077156,0.0000191,0.0000161
8678,0.0077076,0.0000191,0.0000161
8679,0.0076996,0.0000191,0.0000161
8680,0.0076916,0.0000191,0.0000160
8681,0.0076836,0.0000191,0.0000160
8682,0.0076756,0.0000190,0.0000160
8683,0.0076676,0.0000190,0.0000160
8684,0.0076596,0.0000190,0.0000160
8685,0.0076516,0.0000190,0.0000160
8686,0.0076436,0.0000190,0.0000160
8687,0.0076355,0.0000190,0.0000159
8688,0.0076275,0.0000190,0.0000159
8689,0.0076195,0.0000190,0.0000159
8690,0.0076115,0.0000189,0.0000159
8691,0.0076035,0.0000189,0.0000159
8692,0.0075955,0.0000189,0.0000159
8693,0.0075875,0.0000189,0.0000159
8694,0.0075794,0.0000189,0.0000159
8695,0.0075714,0.0000189,0.0000158
8696,0.0075634,0.0000189,0.0000158
8697,0.0075554,0.0000189,0.0000158
8698,0.0075474,0.0000188,0.0000158
8699,0.0075394,0.0000188,0.0000158
8700,0.0075313,0.0000188,0.0000158
8701,0.0075233,0.0000188,0.0000158
8702,0.0075153,0.0000188,0.0000158
8703,0.0075073,0.0000188,0.0000158
8704,0.0074993,0.0000188,0.0000157
8705,0.0074913,0.0000188,0.0000157
8706,0.0074832,0.0000188,0.0000157
8707,0.0074752,0.0000187,0.0000157
8708,0.0074672,0.0000187,0.0000157
8709,0.0074592,0.0000187,0.0000157
8710,0.0074512,0.0000187,0.0000157
8711,0.0074431,0.0000187,0.0000157
8712,0.0074351,0.0000187,0.0000156
8713,0.0074271,0.0000187,0.0000156
8714,0.0074191,0.0000187,0.0000156
8715,0.0074111,0.0000186,0.0000156
8716,0.0074030,0.0000186,0.0000156
8717,0.0073950,0.0000186,0.0000156
8718,0.0073870,0.0000186,0.0000156
8719,0.0073790,0.0000186,0.0000156
8720,0.0073710,0.0000186,0.0000156
8721,0.0073630,0.0000186,0.0000155
8722,0.0073550,0.0000186,0.0000155
8723,0.0073469,0.0000186,0.0000155
8724,0.0073389,0.0000185,0.0000155
8725,0.0073309,0.0000185,0.0000155
8726,0.0073229,0.0000185,0.0000155
8727,0.0073149,0.0000185,0.0000155
8728,0.0073069,0.0000185,0.0000155
8729,0.0072989,0.0000185,0.0000155
8730,0.0072909,0.0000185,0.0000154
8731,0.0072829,0.0000185,0.0000154
8732,0.0072748,0.0000185,0.0000154
8733,0.0072668,0.0000184,0.0000154
8734,0.0072588,0.0000184,0.0000154
8735,0.0072508,0.0000184,0.0000154
8736,0.0072428,0.0000184,0.0000154
8737,0.0072348,0.0000184,0.0000154
8738,0.0072268,0.0000184,0.0000154
8739,0.0072188,0.0000184,0.0000154
8740,0.0072108,0.0000184,0.0000153
8741,0.0072028,0.0000184,0.0000153
8742,0.0071948,0.0000183,0.0000153
8743,0.0071869,0.0000183,0.0000153
8744,0.0071789,0.0000183,0.0000153
8745,0.0071709,0.0000183,0.0000153
8746,0.0071629,0.0000183,0.0000153
8747,0.0071549,0.0000183,0.0000153
8748,0.0071469,0.0000183,0.0000153
8749,0.0071389,0.0000183,0.0000153
8750,0.0071309,0.0000183,0.0000152
8751,0.0071230,0.0000182,0.0000152
8752,0.0071150,0.0000182,0.0000152
8753,0.0071070,0.0000182,0.0000152
8754,0.0070990,0.0000182,0.0000152
8755,0.0070911,0.0000182,0.0000152
8756,0.0070831,0.0000182,0.0000152
8757,0.0070751,0.0000182,0.0000152
8758,0.0070672,0.0000182,0.0000152
8759,0.0070592,0.0000182,0.0000152
8760,0.0070512,0.0000182,0.0000152
8761,0.0070433,0.0000181,0.0000151
8762,0.0070353,0.0000181,0.0000151
8763,0.0070274,0.0000181,0.0000151
8764,0.0070194,0.0000181,0.0000151
8765,0.0070115,0.0000181,0.0000151
8766,0.0070035,0.0000181,0.0000151
8767,0.0069956,0.0000181,0.0000151
8768,0.0069876,0.0000181,0.0000151
8769,0.0069797,0.0000181,0.0000151
8770,0.0069718,0.0000181,0.0000151
8771,0.0069638,0.0000180,0.0000151
8772,0.0069559,0.0000180,0.0000150
8773,0.0069480,0.0000180,0.0000150
8774,0.0069400,0.0000180,0.0000150
8775,0.0069321,0.0000180,0.0000150
8776,0.0069242,0.0000180,0.0000150
8777,0.0069163,0.0000180,0.0000150
8778,0.0069084,0.0000180,0.0000150
8779,0.0069005,0.0000180,0.0000150
8780,0.0068925,0.0000180,0.0000150
8781,0.0068846,0.0000179,0.0000150
8782,0.0068767,0.0000179,0.0000150
8783,0.0068688,0.0000179,0.0000150
8784,0.0068609,0.0000179,0.0000150
8785,0.0068531,0.0000179,0.0000149
8786,0.0068452,0.0000179,0.0000149
8787,0.0068373,0.0000179,0.0000149
8788,0.0068294,0.0000179,0.0000149
8789,0.0068215,0.0000179,0.0000149
8790,0.0068136,0.0000179,0.0000149
8791,0.0068058,0.0000179,0.0000149
8792,0.0067979,0.0000178,0.0000149
8793,0.0067900,0.0000178,0.0000149
8794,0.0067822,0.0000178,0.0000149
8795,0.0067743,0.0000178,0.0000149
8796,0.0067665,0.0000178,0.0000149
8797,0.0067586,0.0000178,0.0000149
8798,0.0067508,0.0000178,0.0000148
8799,0.0067429,0.0000178,0.0000148
8800,0.0067351,0.0000178,0.0000148
8801,0.0067273,0.0000178,0.0000148
8802,0.0067194,0.0000178,0.0000148
8803,0.0067116,0.0000177,0.0000148
8804,0.0067038,0.0000177,0.0000148
8805,0.0066960,0.0000177,0.0000148
8806,0.0066882,0.0000177,0.0000148
8807,0.0066804,0.0000177,0.0000148
8808,0.0066726,0.0000177,0.0000148
8809,0.0066648,0.0000177,0.0000148
8810,0.0066570,0.0000177,0.0000148
8811,0.0066492,0.0000177,0.0000148
8812,0.0066414,0.0000177,0.0000148
8813,0.0066336,0.0000177,0.0000147
8814,0.0066258,0.0000176,0.0000147
8815,0.0066181,0.0000176,0.0000147
8816,0.0066103,0.0000176,0.0000147
8817,0.0066025,0.0000176,0.0000147
8818,0.0065948,0.0000176,0.0000147
8819,0.0065870,0.0000176,0.0000147
8820,0.0065793,0.0000176,0.0000147
8821,0.0065715,0.0000176,0.0000147
8822,0.0065638,0.0000176,0.0000147
8823,0.0065561,0.0000176,0.0000147
8824,0.0065483,0.0000176,0.0000147
8825,0.0065406,0.0000176,0.0000147
8826,0.0065329,0.0000175,0.0000147
8827,0.0065252,0.0000175,0.0000147
8828,0.0065175,0.0000175,0.0000147
8829,0.0065098,0.0000175,0.0000147
8830,0.0065021,0.0000175,0.0000147
8831,0.0064944,0.0000175,0.0000146
8832,0.0064867,0.0000175,0.0000146
8833,0.0064790,0.0000175,0.0000146
8834,0.0064713,0.0000175,0.0000146
8835,0.0064637,0.0000175,0.0000146
8836,0.0064560,0.0000175,0.0000146
8837,0.0064484,0.0000175,0.0000146
8838,0.0064407,0.0000175,0.0000146
8839,0.0064331,0.0000174,0.0000146
8840,0.0064254,0.0000174,0.0000146
8841,0.0064178,0.0000174,0.0000146
8842,0.0064102,0.0000174,0.0000146
8843,0.0064025,0.0000174,0.0000146
8844,0.0063949,0.0000174,0.0000146
8845,0.0063873,0.0000174,0.0000146
8846,0.0063797,0.0000174,0.0000146
8847,0.0063721,0.0000174,0.0000146
8848,0.0063645,0.0000174,0.0000146
8849,0.0063569,0.0000174,0.0000146
8850,0.0063494,0.0000174,0.0000146
8851,0.0063418,0.0000174,0.0000146
8852,0.0063342,0.0000173,0.0000145
8853,0.0063267,0.0000173,0.0000145
8854,0.0063191,0.0000173,0.0000145
8855,0.0063116,0.0000173,0.0000145
8856,0.0063040,0.0000173,0.0000145
8857,0.0062965,0.0000173,0.0000145
8858,0.0062890,0.0000173,0.0000145
8859,0.0062815,0.0000173,0.0000145
8860,0.0062740,0.0000173,0.0000145
8861,0.0062665,0.0000173,0.0000145
8862,0.0062590,0.0000173,0.0000145
8863,0.0062515,0.0000173,0.0000145
8864,0.0062440,0.0000173,0.0000145
8865,0.0062365,0.0000173,0.0000145
8866,0.0062290,0.0000172,0.0000145
8867,0.0062216,0.0000172,0.0000145
8868,0.0062141,0.0000172,0.0000145
8869,0.0062067,0.0000172,0.0000145
8870,0.0061992,0.0000172,0.0000145
8871,0.0061918,0.0000172,0.0000145
8872,0.0061844,0.0000172,0.0000145
8873,0.0061770,0.0000172,0.0000145
8874,0.0061696,0.0000172,0.0000145
8875,0.0061622,0.0000172,0.0000145
8876,0.0061548,0.0000172,0.0000145
8877,0.0061474,0.0000172,0.0000145
8878,0.0061400,0.0000172,0.0000145
8879,0.0061326,0.0000172,0.0000145
8880,0.0061253,0.0000172,0.0000144
8881,0.0061179,0.0000171,0.0000144
8882,0.0061106,0.0000171,0.0000144
8883,0.0061032,0.0000171,0.0000144
8884,0.0060959,0.0000171,0.0000144
8885,0.0060886,0.0000171,0.0000144
8886,0.0060813,0.0000171,0.0000144
8887,0.0060739,0.0000171,0.0000144
8888,0.0060666,0.0000171,0.0000144
8889,0.0060594,0.0000171,0.0000144
8890,0.0060521,0.0000171,0.0000144
8891,0.0060448,0.0000171,0.0000144
8892,0.0060375,0.0000171,0.0000144
8893,0.0060303,0.0000171,0.0000144
8894,0.0060230,0.0000171,0.0000144
8895,0.0060158,0.0000171,0.0000144
8896,0.0060086,0.0000171,0.0000144
8897,0.0060013,0.0000171,0.0000144
8898,0.0059941,0.0000170,0.0000144
8899,0.0059869,0.0000170,0.0000144
8900,0.0059797,0.0000170,0.0000144
8901,0.0059725,0.0000170,0.0000144
8902,0.0059654,0.0000170,0.0000144
8903,0.0059582,0.0000170,0.0000144
8904,0.0059510,0.0000170,0.0000144
8905,0.0059439,0.0000170,0.0000144
8906,0.0059368,0.0000170,0.0000144
8907,0.0059296,0.0000170,0.0000144
8908,0.0059225,0.0000170,0.0000144
8909,0.0059154,0.0000170,0.0000144
8910,0.0059083,0.0000170,0.0000144
8911,0.0059012,0.0000170,0.0000144
8912,0.0058941,0.0000170,0.0000144
8913,0.0058870,0.0000170,0.0000144
8914,0.0058800,0.0000170,0.0000144
8915,0.0058729,0.0000169,0.0000144
8916,0.0058659,0.0000169,0.0000144
8917,0.0058588,0.0000169,0.0000144
8918,0.0058518,0.0000169,0.0000144
8919,0.0058448,0.0000169,0.0000144
8920,0.0058378,0.0000169,0.0000144
8921,0.0058308,0.0000169,0.0000144
8922,0.0058238,0.0000169,0.0000144
8923,0.0058168,0.0000169,0.0000144
8924,0.0058099,0.0000169,0.0000144
8925,0.0058029,0.0000169,0.0000144
8926,0.0057960,0.0000169,0.0000144
8927,0.0057890,0.0000169,0.0000144
8928,0.0057821,0.0000169,0.0000144
8929,0.0057752,0.0000169,0.0000144
8930,0.0057683,0.0000169,0.0000144
8931,0.0057614,0.0000169,0.0000144
8932,0.0057545,0.0000169,0.0000144
8933,0.0057476,0.0000169,0.0000144
8934,0.0057408,0.0000169,0.0000144
8935,0.0057339,0.0000168,0.0000144
8936,0.0057271,0.0000168,0.0000144
8937,0.0057203,0.0000168,0.0000144
8938,0.0057134,0.0000168,0.0000144
8939,0.0057066,0.0000168,0.0000144
8940,0.0056998,0.0000168,0.0000144
8941,0.0056930,0.0000168,0.0000144
8942,0.0056863,0.0000168,0.0000144
8943,0.0056795,0.0000168,0.0000144
8944,0.0056728,0.0000168,0.0000144
8945,0.0056660,0.0000168,0.0000144
8946,0.0056593,0.0000168,0.0000144
8947,0.0056526,0.0000168,0.0000144
8948,0.0056459,0.0000168,0.0000144
8949,0.0056392,0.0000168,0.0000144
8950,0.0056325,0.0000168,0.0000144
8951,0.0056258,0.0000168,0.0000144
8952,0.0056192,0.0000168,0.0000144
8953,0.0056125,0.0000168,0.0000144
8954,0.0056059,0.0000168,0.0000144
8955,0.0055992,0.0000168,0.0000144
8956,0.0055926,0.0000168,0.0000144
8957,0.0055860,0.0000167,0.0000144
8958,0.0055794,0.0000167,0.0000144
8959,0.0055729,0.0000167,0.0000144
8960,0.0055663,0.0000167,0.0000144
8961,0.0055597,0.0000167,0.0000144
8962,0.0055532,0.0000167,0.0000144
8963,0.0055467,0.0000167,0.0000144
8964,0.0055402,0.0000167,0.0000144
8965,0.0055336,0.0000167,0.0000144
8966,0.0055272,0.0000167,0.0000144
8967,0.0055207,0.0000167,0.0000144
8968,0.0055142,0.0000167,0.0000144
8969,0.0055078,0.0000167,0.0000144
8970,0.0055013,0.0000167,0.0000144
8971,0.0054949,0.0000167,0.0000144
8972,0.0054885,0.0000167,0.0000144
8973,0.0054821,0.0000167,0.0000144
8974,0.0054757,0.0000167,0.0000144
8975,0.0054693,0.0000167,0.0000144
8976,0.0054629,0.0000167,0.0000144
8977,0.0054566,0.0000167,0.0000144
8978,0.0054502,0.0000167,0.0000144
8979,0.0054439,0.0000167,0.0000144
8980,0.0054376,0.0000167,0.0000144
8981,0.0054313,0.0000167,0.0000144
8982,0.0054250,0.0000167,0.0000144
8983,0.0054187,0.0000166,0.0000144
8984,0.0054125,0.0000166,0.0000144
8985,0.0054062,0.0000166,0.0000144
8986,0.0054000,0.0000166,0.0000144
8987,0.0053938,0.0000166,0.0000144
8988,0.0053876,0.0000166,0.0000144
8989,0.0053814,0.0000166,0.0000144
8990,0.0053752,0.0000166,0.0000144
8991,0.0053690,0.0000166,0.0000144
8992,0.0053629,0.0000166,0.0000144
8993,0.0053567,0.0000166,0.0000144
8994,0.0053506,0.0000166,0.0000144
8995,0.0053445,0.0000166,0.0000144
8996,0.0053384,0.0000166,0.0000144
8997,0.0053323,0.0000166,0.0000144
8998,0.0053262,0.0000166,0.0000144
8999,0.0053202,0.0000166,0.0000144
9000,0.0053141,0.0000166,0.0000144
9001,0.0053081,0.0000166,0.0000144
9002,0.0053021,0.0000166,0.0000144
9003,0.0052961,0.0000166,0.0000144
9004,0.0052901,0.0000166,0.0000144
9005,0.0052841,0.0000166,0.0000144
9006,0.0052782,0.0000166,0.0000144
9007,0.0052722,0.0000166,0.0000144
9008,0.0052663,0.0000166,0.0000144
9009,0.0052604,0.0000166,0.0000144
9010,0.0052545,0.0000166,0.0000145
9011,0.0052486,0.0000166,0.0000145
9012,0.0052427,0.0000166,0.0000145
9013,0.0052369,0.0000166,0.0000145
9014,0.0052310,0.0000166,0.0000145
9015,0.0052252,0.0000166,0.0000145
9016,0.0052194,0.0000165,0.0000145
9017,0.0052136,0.0000165,0.0000145
9018,0.0052078,0.0000165,0.0000145
9019,0.0052021,0.0000165,0.0000145
9020,0.0051963,0.0000165,0.0000145
9021,0.0051906,0.0000165,0.0000145
9022,0.0051849,0.0000165,0.0000145
9023,0.0051792,0.0000165,0.0000145
9024,0.0051735,0.0000165,0.0000145
9025,0.0051678,0.0000165,0.0000145
9026,0.0051621,0.0000165,0.0000145
9027,0.0051565,0.0000165,0.0000145
9028,0.0051509,0.0000165,0.0000145
9029,0.0051453,0.0000165,0.0000145
9030,0.0051397,0.0000165,0.0000145
9031,0.0051341,0.0000165,0.0000145
9032,0.0051285,0.0000165,0.0000145
9033,0.0051230,0.0000165,0.0000145
9034,0.0051174,0.0000165,0.0000145
9035,0.0051119,0.0000165,0.0000145
9036,0.0051064,0.0000165,0.0000145
9037,0.0051009,0.0000165,0.0000145
9038,0.0050955,0.0000165,0.0000145
9039,0.0050900,0.0000165,0.0000145
9040,0.0050846,0.0000165,0.0000145
9041,0.0050792,0.0000165,0.0000145
9042,0.0050737,0.0000165,0.0000145
9043,0.0050684,0.0000165,0.0000145
9044,0.0050630,0.0000165,0.0000146
9045,0.0050576,0.0000165,0.0000146
9046,0.0050523,0.0000165,0.0000146
9047,0.0050470,0.0000165,0.0000146
9048,0.0050417,0.0000165,0.0000146
9049,0.0050364,0.0000165,0.0000146
9050,0.0050311,0.0000165,0.0000146
9051,0.0050258,0.0000165,0.0000146
9052,0.0050206,0.0000165,0.0000146
9053,0.0050154,0.0000165,0.0000146
9054,0.0050102,0.0000165,0.0000146
9055,0.0050050,0.0000165,0.0000146
9056,0.0049998,0.0000165,0.0000146
9057,0.0049946,0.0000165,0.0000146
9058,0.0049895,0.0000165,0.0000146
9059,0.0049844,0.0000165,0.0000146
9060,0.0049793,0.0000164,0.0000146
9061,0.0049742,0.0000164,0.0000146
9062,0.0049691,0.0000164,0.0000146
9063,0.0049640,0.0000164,0.0000146
9064,0.0049590,0.0000164,0.0000146
9065,0.0049540,0.0000164,0.0000146
9066,0.0049490,0.0000164,0.0000146
9067,0.0049440,0.0000164,0.0000146
9068,0.0049390,0.0000164,0.0000146
9069,0.0049341,0.0000164,0.0000146
9070,0.0049291,0.0000164,0.0000146
9071,0.0049242,0.0000164,0.0000147
9072,0.0049193,0.0000164,0.0000147
9073,0.0049144,0.0000164,0.0000147
9074,0.0049096,0.0000164,0.0000147
9075,0.0049047,0.0000164,0.0000147
9076,0.0048999,0.0000164,0.0000147
9077,0.0048951,0.0000164,0.0000147
9078,0.0048903,0.0000164,0.0000147
9079,0.0048855,0.0000164,0.0000147
9080,0.0048807,0.0000164,0.0000147
9081,0.0048760,0.0000164,0.0000147
9082,0.0048713,0.0000164,0.0000147
9083,0.0048666,0.0000164,0.0000147
9084,0.0048619,0.0000164,0.0000147
9085,0.0048572,0.0000164,0.0000147
9086,0.0048526,0.0000164,0.0000147
9087,0.0048479,0.0000164,0.0000147
9088,0.0048433,0.0000164,0.0000147
9089,0.0048387,0.0000164,0.0000147
9090,0.0048341,0.0000164,0.0000147
9091,0.0048296,0.0000164,0.0000147
9092,0.0048250,0.0000164,0.0000147
9093,0.0048205,0.0000164,0.0000147
9094,0.0048160,0.0000164,0.0000148
9095,0.0048115,0.0000164,0.0000148
9096,0.0048070,0.0000164,0.0000148
9097,0.0048026,0.0000164,0.0000148
9098,0.0047982,0.0000164,0.0000148
9099,0.0047937,0.0000164,0.0000148
9100,0.0047893,0.0000164,0.0000148
9101,0.0047850,0.0000164,0.0000148
9102,0.0047806,0.0000164,0.0000148
9103,0.0047763,0.0000164,0.0000148
9104,0.0047719,0.0000164,0.0000148
9105,0.0047676,0.0000164,0.0000148
9106,0.0047634,0.0000164,0.0000148
9107,0.0047591,0.0000164,0.0000148
9108,0.0047548,0.0000164,0.0000148
9109,0.0047506,0.0000164,0.0000148
9110,0.0047464,0.0000164,0.0000148
9111,0.0047422,0.0000164,0.0000148
9112,0.0047380,0.0000164,0.0000148
9113,0.0047339,0.0000164,0.0000148
9114,0.0047298,0.0000164,0.0000148
9115,0.0047256,0.0000164,0.0000149
9116,0.0047215,0.0000164,0.0000149
9117,0.0047175,0.0000164,0.0000149
9118,0.0047134,0.0000164,0.0000149
9119,0.0047094,0.0000164,0.0000149
9120,0.0047054,0.0000164,0.0000149
9121,0.0047014,0.0000164,0.0000149
9122,0.0046974,0.0000164,0.0000149
9123,0.0046934,0.0000164,0.0000149
9124,0.0046895,0.0000164,0.0000149
9125,0.0046855,0.0000164,0.0000149
9126,0.0046816,0.0000164,0.0000149
9127,0.0046778,0.0000164,0.0000149
9128,0.0046739,0.0000164,0.0000149
9129,0.0046701,0.0000164,0.0000149
9130,0.0046662,0.0000164,0.0000149
9131,0.0046624,0.0000164,0.0000149
9132,0.0046586,0.0000164,0.0000149
9133,0.0046549,0.0000164,0.0000149
9134,0.0046511,0.0000164,0.0000149
9135,0.0046474,0.0000164,0.0000150
9136,0.0046437,0.0000164,0.0000150
9137,0.0046400,0.0000164,0.0000150
9138,0.0046363,0.0000164,0.0000150
9139,0.0046327,0.0000164,0.0000150
9140,0.0046290,0.0000164,0.0000150
9141,0.0046254,0.0000164,0.0000150
9142,0.0046218,0.0000164,0.0000150
9143,0.0046183,0.0000164,0.0000150
9144,0.0046147,0.0000164,0.0000150
9145,0.0046112,0.0000164,0.0000150
9146,0.0046077,0.0000164,0.0000150
9147,0.0046042,0.0000164,0.0000150
9148,0.0046007,0.0000164,0.0000150
9149,0.0045972,0.0000164,0.0000150
9150,0.0045938,0.0000164,0.0000150
9151,0.0045904,0.0000164,0.0000150
9152,0.0045870,0.0000164,0.0000150
9153,0.0045836,0.0000164,0.0000150
9154,0.0045803,0.0000164,0.0000151
9155,0.0045769,0.0000164,0.0000151
9156,0.0045736,0.0000164,0.0000151
9157,0.0045703,0.0000164,0.0000151
9158,0.0045671,0.0000164,0.0000151
9159,0.0045638,0.0000164,0.0000151
9160,0.0045606,0.0000164,0.0000151
9161,0.0045574,0.0000164,0.0000151
9162,0.0045542,0.0000164,0.0000151
9163,0.0045510,0.0000164,0.0000151
9164,0.0045478,0.0000164,0.0000151
9165,0.0045447,0.0000164,0.0000151
9166,0.0045416,0.0000163,0.0000151
9167,0.0045385,0.0000163,0.0000151
9168,0.0045354,0.0000163,0.0000151
9169,0.0045324,0.0000163,0.0000151
9170,0.0045293,0.0000163,0.0000151
9171,0.0045263,0.0000163,0.0000151
9172,0.0045233,0.0000163,0.0000151
9173,0.0045204,0.0000163,0.0000152
9174,0.0045174,0.0000163,0.0000152
9175,0.0045145,0.0000163,0.0000152
9176,0.0045116,0.0000163,0.0000152
9177,0.0045087,0.0000163,0.0000152
9178,0.0045058,0.0000163,0.0000152
9179,0.0045029,0.0000163,0.0000152
9180,0.0045001,0.0000163,0.0000152
9181,0.0044973,0.0000163,0.0000152
9182,0.0044945,0.0000163,0.0000152
9183,0.0044917,0.0000163,0.0000152
9184,0.0044890,0.0000163,0.0000152
9185,0.0044863,0.0000163,0.0000152
9186,0.0044835,0.0000163,0.0000152
9187,0.0044809,0.0000163,0.0000152
9188,0.0044782,0.0000163,0.0000152
9189,0.0044755,0.0000163,0.0000152
9190,0.0044729,0.0000163,0.0000152
9191,0.0044703,0.0000163,0.0000153
9192,0.0044677,0.0000163,0.0000153
9193,0.0044651,0.0000163,0.0000153
9194,0.0044626,0.0000163,0.0000153
9195,0.0044601,0.0000163,0.0000153
9196,0.0044576,0.0000163,0.0000153
9197,0.0044551,0.0000163,0.0000153
9198,0.0044526,0.0000163,0.0000153
9199,0.0044502,0.0000163,0.0000153
9200,0.0044477,0.0000163,0.0000153
9201,0.0044453,0.0000163,0.0000153
9202,0.0044429,0.0000163,0.0000153
9203,0.0044406,0.0000163,0.0000153
9204,0.0044382,0.0000163,0.0000153
9205,0.0044359,0.0000163,0.0000153
9206,0.0044336,0.0000163,0.0000153
9207,0.0044313,0.0000163,0.0000153
9208,0.0044290,0.0000163,0.0000153
9209,0.0044268,0.0000163,0.0000154
9210,0.0044246,0.0000163,0.0000154
9211,0.0044224,0.0000163,0.0000154
9212,0.0044202,0.0000163,0.0000154
9213,0.0044180,0.0000163,0.0000154
9214,0.0044159,0.0000163,0.0000154
9215,0.0044138,0.0000163,0.0000154
9216,0.0044117,0.0000163,0.0000154
9217,0.0044096,0.0000163,0.0000154
9218,0.0044075,0.0000163,0.0000154
9219,0.0044055,0.0000163,0.0000154
9220,0.0044034,0.0000163,0.0000154
9221,0.0044014,0.0000163,0.0000154
9222,0.0043995,0.0000163,0.0000154
9223,0.0043975,0.0000163,0.0000154
9224,0.0043955,0.0000163,0.0000154
9225,0.0043936,0.0000163,0.0000154
9226,0.0043917,0.0000163,0.0000154
9227,0.0043898,0.0000163,0.0000155
9228,0.0043880,0.0000163,0.0000155
9229,0.0043861,0.0000164,0.0000155
9230,0.0043843,0.0000164,0.0000155
9231,0.0043825,0.0000164,0.0000155
9232,0.0043807,0.0000164,0.0000155
9233,0.0043790,0.0000164,0.0000155
9234,0.0043772,0.0000164,0.0000155
9235,0.0043755,0.0000164,0.0000155
9236,0.0043738,0.0000164,0.0000155
9237,0.0043721,0.0000164,0.0000155
9238,0.0043705,0.0000164,0.0000155
9239,0.0043688,0.0000164,0.0000155
9240,0.0043672,0.0000164,0.0000155
9241,0.0043656,0.0000164,0.0000155
9242,0.0043640,0.0000164,0.0000155
9243,0.0043624,0.0000164,0.0000155
9244,0.0043609,0.0000164,0.0000156
9245,0.0043594,0.0000164,0.0000156
9246,0.0043579,0.0000164,0.0000156
9247,0.0043564,0.0000164,0.0000156
9248,0.0043549,0.0000164,0.0000156
9249,0.0043535,0.0000164,0.0000156
9250,0.0043520,0.0000164,0.0000156
9251,0.0043506,0.0000164,0.0000156
9252,0.0043493,0.0000164,0.0000156
9253,0.0043479,0.0000164,0.0000156
9254,0.0043465,0.0000164,0.0000156
9255,0.0043452,0.0000164,0.0000156
9256,0.0043439,0.0000164,0.0000156
9257,0.0043426,0.0000164,0.0000156
9258,0.0043413,0.0000164,0.0000156
9259,0.0043401,0.0000164,0.0000156
9260,0.0043389,0.0000164,0.0000156
9261,0.0043376,0.0000164,0.0000156
9262,0.0043365,0.0000164,0.0000157
9263,0.0043353,0.0000164,0.0000157
9264,0.0043341,0.0000164,0.0000157
9265,0.0043330,0.0000164,0.0000157
9266,0.0043319,0.0000164,0.0000157
9267,0.0043308,0.0000164,0.0000157
9268,0.0043297,0.0000164,0.0000157
9269,0.0043286,0.0000164,0.0000157
9270,0.0043276,0.0000164,0.0000157
9271,0.0043266,0.0000164,0.0000157
9272,0.0043256,0.0000164,0.0000157
9273,0.0043246,0.0000164,0.0000157
9274,0.0043236,0.0000164,0.0000157
9275,0.0043227,0.0000164,0.0000157
9276,0.0043218,0.0000164,0.0000157
9277,0.0043208,0.0000164,0.0000157
9278,0.0043200,0.0000164,0.0000157
9279,0.0043191,0.0000164,0.0000157
9280,0.0043182,0.0000164,0.0000157
9281,0.0043174,0.0000164,0.0000158
9282,0.0043166,0.0000164,0.0000158
9283,0.0043158,0.0000164,0.0000158
9284,0.0043150,0.0000164,0.0000158
9285,0.0043143,0.0000164,0.0000158
9286,0.0043135,0.0000164,0.0000158
9287,0.0043128,0.0000164,0.0000158
9288,0.0043121,0.0000164,0.0000158
9289,0.0043114,0.0000164,0.0000158
9290,0.0043107,0.0000164,0.0000158
9291,0.0043101,0.0000164,0.0000158
9292,0.0043095,0.0000164,0.0000158
9293,0.0043089,0.0000164,0.0000158
9294,0.0043083,0.0000164,0.0000158
9295,0.0043077,0.0000164,0.0000158
9296,0.0043071,0.0000164,0.0000158
9297,0.0043066,0.0000164,0.0000158
9298,0.0043061,0.0000164,0.0000158
9299,0.0043056,0.0000164,0.0000159
9300,0.0043051,0.0000164,0.0000159
9301,0.0043046,0.0000164,0.0000159
9302,0.0043042,0.0000164,0.0000159
9303,0.0043037,0.0000164,0.0000159
9304,0.0043033,0.0000164,0.0000159
9305,0.0043029,0.0000164,0.0000159
9306,0.0043026,0.0000164,0.0000159
9307,0.0043022,0.0000164,0.0000159
9308,0.0043018,0.0000164,0.0000159
9309,0.0043015,0.0000164,0.0000159
9310,0.0043012,0.0000164,0.0000159
9311,0.0043009,0.0000164,0.0000159
9312,0.0043006,0.0000164,0.0000159
9313,0.0043004,0.0000164,0.0000159
9314,0.0043002,0.0000164,0.0000159
9315,0.0042999,0.0000164,0.0000159
9316,0.0042997,0.0000164,0.0000159
9317,0.0042995,0.0000164,0.0000159
9318,0.0042994,0.0000164,0.0000160
9319,0.0042992,0.0000164,0.0000160
9320,0.0042991,0.0000164,0.0000160
9321,0.0042990,0.0000164,0.0000160
9322,0.0042989,0.0000164,0.0000160
9323,0.0042988,0.0000164,0.0000160
9324,0.0042987,0.0000164,0.0000160
9325,0.0042986,0.0000164,0.0000160
9326,0.0042986,0.0000164,0.0000160
9327,0.0042986,0.0000164,0.0000160
9328,0.0042986,0.0000164,0.0000160
9329,0.0042986,0.0000164,0.0000160
9330,0.0042986,0.0000164,0.0000160
9331,0.0042987,0.0000164,0.0000160
9332,0.0042987,0.0000164,0.0000160
9333,0.0042988,0.0000164,0.0000160
9334,0.0042989,0.0000164,0.0000160
9335,0.0042990,0.0000164,0.0000160
9336,0.0042992,0.0000164,0.0000160
9337,0.0042993,0.0000164,0.0000160
9338,0.0042995,0.0000164,0.0000161
9339,0.0042996,0.0000164,0.0000161
9340,0.0042998,0.0000164,0.0000161
9341,0.0043000,0.0000164,0.0000161
9342,0.0043003,0.0000164,0.0000161
9343,0.0043005,0.0000164,0.0000161
9344,0.0043008,0.0000164,0.0000161
9345,0.0043010,0.0000164,0.0000161
9346,0.0043013,0.0000164,0.0000161
9347,0.0043016,0.0000164,0.0000161
9348,0.0043019,0.0000164,0.0000161
9349,0.0043023,0.0000164,0.0000161
9350,0.0043026,0.0000164,0.0000161
9351,0.0043030,0.0000164,0.0000161
9352,0.0043034,0.0000164,0.0000161
9353,0.0043038,0.0000164,0.0000161
9354,0.0043042,0.0000164,0.0000161
9355,0.0043046,0.0000164,0.0000161
9356,0.0043050,0.0000164,0.0000161
9357,0.0043055,0.0000164,0.0000161
9358,0.0043060,0.0000164,0.0000162
9359,0.0043065,0.0000164,0.0000162
9360,0.0043070,0.0000164,0.0000162
9361,0.0043075,0.0000164,0.0000162
9362,0.0043080,0.0000164,0.0000162
9363,0.0043085,0.0000164,0.0000162
9364,0.0043091,0.0000164,0.0000162
9365,0.0043097,0.0000164,0.0000162
9366,0.0043103,0.0000164,0.0000162
9367,0.0043109,0.0000164,0.0000162
9368,0.0043115,0.0000164,0.0000162
9369,0.0043121,0.0000164,0.0000162
9370,0.0043127,0.0000164,0.0000162
9371,0.0043134,0.0000164,0.0000162
9372,0.0043141,0.0000164,0.0000162
9373,0.0043148,0.0000164,0.0000162
9374,0.0043155,0.0000164,0.0000162
9375,0.0043162,0.0000164,0.0000162
9376,0.0043169,0.0000164,0.0000162
9377,0.0043177,0.0000164,0.0000162
9378,0.0043184,0.0000164,0.0000162
9379,0.0043192,0.0000164,0.0000162
9380,0.0043200,0.0000164,0.0000163
9381,0.0043208,0.0000164,0.0000163
9382,0.0043216,0.0000164,0.0000163
9383,0.0043224,0.0000164,0.0000163
9384,0.0043232,0.0000164,0.0000163
9385,0.0043241,0.0000164,0.0000163
9386,0.0043249,0.0000164,0.0000163
9387,0.0043258,0.0000164,0.0000163
9388,0.0043267,0.0000164,0.0000163
9389,0.0043276,0.0000164,0.0000163
9390,0.0043285,0.0000164,0.0000163
9391,0.0043295,0.0000164,0.0000163
9392,0.0043304,0.0000164,0.0000163
9393,0.0043313,0.0000164,0.0000163
9394,0.0043323,0.0000164,0.0000163
9395,0.0043333,0.0000164,0.0000163
9396,0.0043343,0.0000164,0.0000163
9397,0.0043353,0.0000164,0.0000163
9398,0.0043363,0.0000164,0.0000163
9399,0.0043373,0.0000164,0.0000163
9400,0.0043384,0.0000164,0.0000163
9401,0.0043394,0.0000164,0.0000163
9402,0.0043405,0.0000164,0.0000163
9403,0.0043416,0.0000164,0.0000164
9404,0.0043427,0.0000164,0.0000164
9405,0.0043438,0.0000164,0.0000164
9406,0.0043449,0.0000164,0.0000164
9407,0.0043460,0.0000164,0.0000164
9408,0.0043471,0.0000164,0.0000164
9409,0.0043483,0.0000164,0.0000164
9410,0.0043495,0.0000164,0.0000164
9411,0.0043506,0.0000164,0.0000164
9412,0.0043518,0.0000164,0.0000164
9413,0.0043530,0.0000164,0.0000164
9414,0.0043542,0.0000164,0.0000164
9415,0.0043554,0.0000164,0.0000164
9416,0.0043567,0.0000164,0.0000164
9417,0.0043579,0.0000164,0.0000164
9418,0.0043592,0.0000164,0.0000164
9419,0.0043604,0.0000164,0.0000164
9420,0.0043617,0.0000164,0.0000164
9421,0.0043630,0.0000164,0.0000164
9422,0.0043643,0.0000164,0.0000164
9423,0.0043656,0.0000164,0.0000164
9424,0.0043669,0.0000164,0.0000164
9425,0.0043682,0.0000164,0.0000164
9426,0.0043696,0.0000164,0.0000164
9427,0.0043709,0.0000164,0.0000164
9428,0.0043723,0.0000164,0.0000165
9429,0.0043737,0.0000164,0.0000165
9430,0.0043750,0.0000164,0.0000165
9431,0.0043764,0.0000164,0.0000165
9432,0.0043778,0.0000164,0.0000165
9433,0.0043792,0.0000164,0.0000165
9434,0.0043807,0.0000164,0.0000165
9435,0.0043821,0.0000164,0.0000165
9436,0.0043835,0.0000164,0.0000165
9437,0.0043850,0.0000164,0.0000165
9438,0.0043865,0.0000164,0.0000165
9439,0.0043879,0.0000164,0.0000165
9440,0.0043894,0.0000164,0.0000165
9441,0.0043909,0.0000164,0.0000165
9442,0.0043924,0.0000164,0.0000165
9443,0.0043939,0.0000164,0.0000165
9444,0.0043954,0.0000164,0.0000165
9445,0.0043970,0.0000164,0.0000165
9446,0.0043985,0.0000164,0.0000165
9447,0.0044000,0.0000164,0.0000165
9448,0.0044016,0.0000164,0.0000165
9449,0.0044032,0.0000164,0.0000165
9450,0.0044047,0.0000164,0.0000165
9451,0.0044063,0.0000164,0.0000165
9452,0.0044079,0.0000164,0.0000165
9453,0.0044095,0.0000164,0.0000165
9454,0.0044111,0.0000164,0.0000165
9455,0.0044127,0.0000164,0.0000165
9456,0.0044144,0.0000164,0.0000165
9457,0.0044160,0.0000164,0.0000166
9458,0.0044177,0.0000164,0.0000166
9459,0.0044193,0.0000164,0.0000166
9460,0.0044210,0.0000164,0.0000166
9461,0.0044226,0.0000164,0.0000166
9462,0.0044243,0.0000164,0.0000166
9463,0.0044260,0.0000164,0.0000166
9464,0.0044277,0.0000164,0.0000166
9465,0.0044294,0.0000164,0.0000166
9466,0.0044311,0.0000164,0.0000166
9467,0.0044328,0.0000164,0.0000166
9468,0.0044346,0.0000164,0.0000166
9469,0.0044363,0.0000164,0.0000166
9470,0.0044380,0.0000164,0.0000166
9471,0.0044398,0.0000164,0.0000166
9472,0.0044415,0.0000164,0.0000166
9473,0.0044433,0.0000164,0.0000166
9474,0.0044451,0.0000164,0.0000166
9475,0.0044469,0.0000164,0.0000166
9476,0.0044487,0.0000164,0.0000166
9477,0.0044505,0.0000164,0.0000166
9478,0.0044523,0.0000164,0.0000166
9479,0.0044541,0.0000164,0.0000166
9480,0.0044559,0.0000164,0.0000166
9481,0.0044577,0.0000164,0.0000166
9482,0.0044595,0.0000164,0.0000166
9483,0.0044614,0.0000164,0.0000166
9484,0.0044632,0.0000164,0.0000166
9485,0.0044651,0.0000164,0.0000166
9486,0.0044669,0.0000164,0.0000166
9487,0.0044688,0.0000164,0.0000166
9488,0.0044707,0.0000163,0.0000166
9489,0.0044725,0.0000163,0.0000166
9490,0.0044744,0.0000163,0.0000166
9491,0.0044763,0.0000163,0.0000167
9492,0.0044782,0.0000163,0.0000167
9493,0.0044801,0.0000163,0.0000167
9494,0.0044820,0.0000163,0.0000167
9495,0.0044839,0.0000163,0.0000167
9496,0.0044859,0.0000163,0.0000167
9497,0.0044878,0.0000163,0.0000167
9498,0.0044897,0.0000163,0.0000167
9499,0.0044917,0.0000163,0.0000167
9500,0.0044936,0.0000163,0.0000167
9501,0.0044956,0.0000163,0.0000167
9502,0.0044975,0.0000163,0.0000167
9503,0.0044995,0.0000163,0.0000167
9504,0.0045015,0.0000163,0.0000167
9505,0.0045034,0.0000163,0.0000167
9506,0.0045054,0.0000163,0.0000167
9507,0.0045074,0.0000163,0.0000167
9508,0.0045094,0.0000163,0.0000167
9509,0.0045114,0.0000163,0.0000167
9510,0.0045134,0.0000163,0.0000167
9511,0.0045154,0.0000163,0.0000167
9512,0.0045174,0.0000163,0.0000167
9513,0.0045194,0.0000163,0.0000167
9514,0.0045215,0.0000163,0.0000167
9515,0.0045235,0.0000163,0.0000167
9516,0.0045255,0.0000163,0.0000167
9517,0.0045275,0.0000163,0.0000167
9518,0.0045296,0.0000163,0.0000167
9519,0.0045316,0.0000163,0.0000167
9520,0.0045337,0.0000163,0.0000167
9521,0.0045357,0.0000163,0.0000167
9522,0.0045378,0.0000163,0.0000167
9523,0.0045399,0.0000163,0.0000167
9524,0.0045419,0.0000163,0.0000167
9525,0.0045440,0.0000163,0.0000167
9526,0.0045461,0.0000163,0.0000167
9527,0.0045482,0.0000163,0.0000167
9528,0.0045503,0.0000163,0.0000167
9529,0.0045523,0.0000163,0.0000167
9530,0.0045544,0.0000163,0.0000167
9531,0.0045565,0.0000163,0.0000167
9532,0.0045586,0.0000163,0.0000167
9533,0.0045608,0.0000163,0.0000167
9534,0.0045629,0.0000163,0.0000167
9535,0.0045650,0.0000163,0.0000167
9536,0.0045671,0.0000163,0.0000167
9537,0.0045692,0.0000163,0.0000167
9538,0.0045713,0.0000163,0.0000168
9539,0.0045735,0.0000163,0.0000168
9540,0.0045756,0.0000163,0.0000168
9541,0.0045777,0.0000163,0.0000168
9542,0.0045799,0.0000163,0.0000168
9543,0.0045820,0.0000163,0.0000168
9544,0.0045842,0.0000163,0.0000168
9545,0.0045863,0.0000163,0.0000168
9546,0.0045885,0.0000163,0.0000168
9547,0.0045906,0.0000163,0.0000168
9548,0.0045928,0.0000163,0.0000168
9549,0.0045949,0.0000163,0.0000168
9550,0.0045971,0.0000163,0.0000168
9551,0.0045993,0.0000163,0.0000168
9552,0.0046014,0.0000163,0.0000168
9553,0.0046036,0.0000163,0.0000168
9554,0.0046058,0.0000163,0.0000168
9555,0.0046080,0.0000163,0.0000168
9556,0.0046102,0.0000163,0.0000168
9557,0.0046123,0.0000163,0.0000168
9558,0.0046145,0.0000163,0.0000168
9559,0.0046167,0.0000163,0.0000168
9560,0.0046189,0.0000163,0.0000168
9561,0.0046211,0.0000163,0.0000168
9562,0.0046233,0.0000163,0.0000168
9563,0.0046255,0.0000163,0.0000168
9564,0.0046277,0.0000162,0.0000168
9565,0.0046299,0.0000162,0.0000168
9566,0.0046321,0.0000162,0.0000168
9567,0.0046343,0.0000162,0.0000168
9568,0.0046365,0.0000162,0.0000168
9569,0.0046387,0.0000162,0.0000168
9570,0.0046409,0.0000162,0.0000168
9571,0.0046431,0.0000162,0.0000168
9572,0.0046454,0.0000162,0.0000168
9573,0.0046476,0.0000162,0.0000168
9574,0.0046498,0.0000162,0.0000168
9575,0.0046520,0.0000162,0.0000168
9576,0.0046542,0.0000162,0.0000168
9577,0.0046565,0.0000162,0.0000168
9578,0.0046587,0.0000162,0.0000168
9579,0.0046609,0.0000162,0.0000168
9580,0.0046631,0.0000162,0.0000168
9581,0.0046654,0.0000162,0.0000168
9582,0.0046676,0.0000162,0.0000168
9583,0.0046698,0.0000162,0.0000168
9584,0.0046721,0.0000162,0.0000168
9585,0.0046743,0.0000162,0.0000168
9586,0.0046765,0.0000162,0.0000168
9587,0.0046788,0.0000162,0.0000168
9588,0.0046810,0.0000162,0.0000168
9589,0.0046833,0.0000162,0.0000168
9590,0.0046855,0.0000162,0.0000168
9591,0.0046877,0.0000162,0.0000168
9592,0.0046900,0.0000162,0.0000168
9593,0.0046922,0.0000162,0.0000168
9594,0.0046945,0.0000162,0.0000168
9595,0.0046967,0.0000162,0.0000168
9596,0.0046989,0.0000162,0.0000168
9597,0.0047012,0.0000162,0.0000168
9598,0.0047034,0.0000162,0.0000168
9599,0.0047057,0.0000162,0.0000168
9600,0.0047079,0.0000162,0.0000168
9601,0.0047102,0.0000162,0.0000168
9602,0.0047124,0.0000162,0.0000168
9603,0.0047147,0.0000162,0.0000168
9604,0.0047169,0.0000162,0.0000168
9605,0.0047192,0.0000162,0.0000168
9606,0.0047214,0.0000162,0.0000168
9607,0.0047236,0.0000162,0.0000168
9608,0.0047259,0.0000162,0.0000168
9609,0.0047281,0.0000162,0.0000168
9610,0.0047304,0.0000162,0.0000168
9611,0.0047326,0.0000161,0.0000168
9612,0.0047349,0.0000161,0.0000168
9613,0.0047371,0.0000161,0.0000168
9614,0.0047394,0.0000161,0.0000168
9615,0.0047416,0.0000161,0.0000168
9616,0.0047439,0.0000161,0.0000168
9617,0.0047461,0.0000161,0.0000168
9618,0.0047484,0.0000161,0.0000168
9619,0.0047506,0.0000161,0.0000168
9620,0.0047528,0.0000161,0.0000168
9621,0.0047551,0.0000161,0.0000168
9622,0.0047573,0.0000161,0.0000168
9623,0.0047596,0.0000161,0.0000168
9624,0.0047618,0.0000161,0.0000168
9625,0.0047640,0.0000161,0.0000168
9626,0.0047663,0.0000161,0.0000168
9627,0.0047685,0.0000161,0.0000168
9628,0.0047708,0.0000161,0.0000168
9629,0.0047730,0.0000161,0.0000168
9630,0.0047752,0.0000161,0.0000168
9631,0.0047775,0.0000161,0.0000168
9632,0.0047797,0.0000161,0.0000168
9633,0.0047819,0.0000161,0.0000168
9634,0.0047842,0.0000161,0.0000168
9635,0.0047864,0.0000161,0.0000168
9636,0.0047886,0.0000161,0.0000168
9637,0.0047909,0.0000161,0.0000168
9638,0.0047931,0.0000161,0.0000168
9639,0.0047953,0.0000161,0.0000168
9640,0.0047975,0.0000161,0.0000168
9641,0.0047998,0.0000161,0.0000168
9642,0.0048020,0.0000161,0.0000168
9643,0.0048042,0.0000161,0.0000168
9644,0.0048064,0.0000161,0.0000168
9645,0.0048086,0.0000161,0.0000168
9646,0.0048108,0.0000161,0.0000168
9647,0.0048131,0.0000161,0.0000168
9648,0.0048153,0.0000160,0.0000168
9649,0.0048175,0.0000160,0.0000168
9650,0.0048197,0.0000160,0.0000168
9651,0.0048219,0.0000160,0.0000168
9652,0.0048241,0.0000160,0.0000168
9653,0.0048263,0.0000160,0.0000168
9654,0.0048285,0.0000160,0.0000168
9655,0.0048307,0.0000160,0.0000168
9656,0.0048329,0.0000160,0.0000168
9657,0.0048351,0.0000160,0.0000168
9658,0.0048373,0.0000160,0.0000168
9659,0.0048395,0.0000160,0.0000168
9660,0.0048417,0.0000160,0.0000168
9661,0.0048438,0.0000160,0.0000168
9662,0.0048460,0.0000160,0.0000168
9663,0.0048482,0.0000160,0.0000168
9664,0.0048504,0.0000160,0.0000168
9665,0.0048526,0.0000160,0.0000168
9666,0.0048547,0.0000160,0.0000168
9667,0.0048569,0.0000160,0.0000168
9668,0.0048591,0.0000160,0.0000168
9669,0.0048612,0.0000160,0.0000168
9670,0.0048634,0.0000160,0.0000168
9671,0.0048656,0.0000160,0.0000168
9672,0.0048677,0.0000160,0.0000168
9673,0.0048699,0.0000160,0.0000168
9674,0.0048720,0.0000160,0.0000168
9675,0.0048742,0.0000160,0.0000168
9676,0.0048763,0.0000160,0.0000168
9677,0.0048785,0.0000160,0.0000168
9678,0.0048806,0.0000160,0.0000168
9679,0.0048828,0.0000159,0.0000168
9680,0.0048849,0.0000159,0.0000168
9681,0.0048870,0.0000159,0.0000168
9682,0.0048892,0.0000159,0.0000168
9683,0.0048913,0.0000159,0.0000168
9684,0.0048934,0.0000159,0.0000168
9685,0.0048955,0.0000159,0.0000168
9686,0.0048977,0.0000159,0.0000168
9687,0.0048998,0.0000159,0.0000168
9688,0.0049019,0.0000159,0.0000168
9689,0.0049040,0.0000159,0.0000168
9690,0.0049061,0.0000159,0.0000168
9691,0.0049082,0.0000159,0.0000168
9692,0.0049103,0.0000159,0.0000168
9693,0.0049124,0.0000159,0.0000168
9694,0.0049145,0.0000159,0.0000168
9695,0.0049166,0.0000159,0.0000168
9696,0.0049187,0.0000159,0.0000168
9697,0.0049208,0.0000159,0.0000167
9698,0.0049228,0.0000159,0.0000167
9699,0.0049249,0.0000159,0.0000167
9700,0.0049270,0.0000159,0.0000167
9701,0.0049290,0.0000159,0.0000167
9702,0.0049311,0.0000159,0.0000167
9703,0.0049332,0.0000159,0.0000167
9704,0.0049352,0.0000159,0.0000167
9705,0.0049373,0.0000159,0.0000167
9706,0.0049393,0.0000159,0.0000167
9707,0.0049414,0.0000158,0.0000167
9708,0.0049434,0.0000158,0.0000167
9709,0.0049455,0.0000158,0.0000167
9710,0.0049475,0.0000158,0.0000167
9711,0.0049495,0.0000158,0.0000167
9712,0.0049515,0.0000158,0.0000167
9713,0.0049536,0.0000158,0.0000167
9714,0.0049556,0.0000158,0.0000167
9715,0.0049576,0.0000158,0.0000167
9716,0.0049596,0.0000158,0.0000167
9717,0.0049616,0.0000158,0.0000167
9718,0.0049636,0.0000158,0.0000167
9719,0.0049656,0.0000158,0.0000167
9720,0.0049676,0.0000158,0.0000167
9721,0.0049696,0.0000158,0.0000167
9722,0.0049716,0.0000158,0.0000167
9723,0.0049736,0.0000158,0.0000167
9724,0.0049755,0.0000158,0.0000167
9725,0.0049775,0.0000158,0.0000167
9726,0.0049795,0.0000158,0.0000167
9727,0.0049814,0.0000158,0.0000167
9728,0.0049834,0.0000158,0.0000167
9729,0.0049854,0.0000158,0.0000167
9730,0.0049873,0.0000158,0.0000167
9731,0.0049893,0.0000158,0.0000167
9732,0.0049912,0.0000157,0.0000167
9733,0.0049931,0.0000157,0.0000167
9734,0.0049951,0.0000157,0.0000167
9735,0.0049970,0.0000157,0.0000167
9736,0.0049989,0.0000157,0.0000167
9737,0.0050008,0.0000157,0.0000167
9738,0.0050028,0.0000157,0.0000167
9739,0.0050047,0.0000157,0.0000167
9740,0.0050066,0.0000157,0.0000167
9741,0.0050085,0.0000157,0.0000167
9742,0.0050104,0.0000157,0.0000166
9743,0.0050122,0.0000157,0.0000166
9744,0.0050141,0.0000157,0.0000166
9745,0.0050160,0.0000157,0.0000166
9746,0.0050179,0.0000157,0.0000166
9747,0.0050198,0.0000157,0.0000166
9748,0.0050216,0.0000157,0.0000166
9749,0.0050235,0.0000157,0.0000166
9750,0.0050253,0.0000157,0.0000166
9751,0.0050272,0.0000157,0.0000166
9752,0.0050290,0.0000157,0.0000166
9753,0.0050309,0.0000157,0.0000166
9754,0.0050327,0.0000156,0.0000166
9755,0.0050345,0.0000156,0.0000166
9756,0.0050364,0.0000156,0.0000166
9757,0.0050382,0.0000156,0.0000166
9758,0.0050400,0.0000156,0.0000166
9759,0.0050418,0.0000156,0.0000166
9760,0.0050436,0.0000156,0.0000166
9761,0.0050454,0.0000156,0.0000166
9762,0.0050472,0.0000156,0.0000166
9763,0.0050490,0.0000156,0.0000166
9764,0.0050508,0.0000156,0.0000166
9765,0.0050526,0.0000156,0.0000166
9766,0.0050543,0.0000156,0.0000166
9767,0.0050561,0.0000156,0.0000166
9768,0.0050579,0.0000156,0.0000166
9769,0.0050596,0.0000156,0.0000166
9770,0.0050614,0.0000156,0.0000166
9771,0.0050631,0.0000156,0.0000166
9772,0.0050648,0.0000156,0.0000166
9773,0.0050666,0.0000156,0.0000166
9774,0.0050683,0.0000156,0.0000165
9775,0.0050700,0.0000155,0.0000165
9776,0.0050717,0.0000155,0.0000165
9777,0.0050735,0.0000155,0.0000165
9778,0.0050752,0.0000155,0.0000165
9779,0.0050769,0.0000155,0.0000165
9780,0.0050786,0.0000155,0.0000165
9781,0.0050802,0.0000155,0.0000165
9782,0.0050819,0.0000155,0.0000165
9783,0.0050836,0.0000155,0.0000165
9784,0.0050853,0.0000155,0.0000165
9785,0.0050869,0.0000155,0.0000165
9786,0.0050886,0.0000155,0.0000165
9787,0.0050902,0.0000155,0.0000165
9788,0.0050919,0.0000155,0.0000165
9789,0.0050935,0.0000155,0.0000165
9790,0.0050952,0.0000155,0.0000165
9791,0.0050968,0.0000155,0.0000165
9792,0.0050984,0.0000155,0.0000165
9793,0.0051000,0.0000155,0.0000165
9794,0.0051017,0.0000155,0.0000165
9795,0.0051033,0.0000154,0.0000165
9796,0.0051049,0.0000154,0.0000165
9797,0.0051065,0.0000154,0.0000165
9798,0.0051080,0.0000154,0.0000165
9799,0.0051096,0.0000154,0.0000165
9800,0.0051112,0.0000154,0.0000165
9801,0.0051128,0.0000154,0.0000164
9802,0.0051143,0.0000154,0.0000164
9803,0.0051159,0.0000154,0.0000164
9804,0.0051174,0.0000154,0.0000164
9805,0.0051190,0.0000154,0.0000164
9806,0.0051205,0.0000154,0.0000164
9807,0.0051221,0.0000154,0.0000164
9808,0.0051236,0.0000154,0.0000164
9809,0.0051251,0.0000154,0.0000164
9810,0.0051266,0.0000154,0.0000164
9811,0.0051281,0.0000154,0.0000164
9812,0.0051296,0.0000154,0.0000164
9813,0.0051311,0.0000154,0.0000164
9814,0.0051326,0.0000153,0.0000164
9815,0.0051341,0.0000153,0.0000164
9816,0.0051356,0.0000153,0.0000164
9817,0.0051370,0.0000153,0.0000164
9818,0.0051385,0.0000153,0.0000164
9819,0.0051400,0.0000153,0.0000164
9820,0.0051414,0.0000153,0.0000164
9821,0.0051428,0.0000153,0.0000164
9822,0.0051443,0.0000153,0.0000164
9823,0.0051457,0.0000153,0.0000164
9824,0.0051471,0.0000153,0.0000164
9825,0.0051486,0.0000153,0.0000163
9826,0.0051500,0.0000153,0.0000163
9827,0.0051514,0.0000153,0.0000163
9828,0.0051528,0.0000153,0.0000163
9829,0.0051542,0.0000153,0.0000163
9830,0.0051555,0.0000153,0.0000163
9831,0.0051569,0.0000153,0.0000163
9832,0.0051583,0.0000152,0.0000163
9833,0.0051596,0.0000152,0.0000163
9834,0.0051610,0.0000152,0.0000163
9835,0.0051624,0.0000152,0.0000163
9836,0.0051637,0.0000152,0.0000163
9837,0.0051650,0.0000152,0.0000163
9838,0.0051664,0.0000152,0.0000163
9839,0.0051677,0.0000152,0.0000163
9840,0.0051690,0.0000152,0.0000163
9841,0.0051703,0.0000152,0.0000163
9842,0.0051716,0.0000152,0.0000163
9843,0.0051729,0.0000152,0.0000163
9844,0.0051742,0.0000152,0.0000163
9845,0.0051755,0.0000152,0.0000163
9846,0.0051768,0.0000152,0.0000163
9847,0.0051780,0.0000152,0.0000162
9848,0.0051793,0.0000152,0.0000162
9849,0.0051805,0.0000151,0.0000162
9850,0.0051818,0.0000151,0.0000162
9851,0.0051830,0.0000151,0.0000162
9852,0.0051843,0.0000151,0.0000162
9853,0.0051855,0.0000151,0.0000162
9854,0.0051867,0.0000151,0.0000162
9855,0.0051879,0.0000151,0.0000162
9856,0.0051891,0.0000151,0.0000162
9857,0.0051903,0.0000151,0.0000162
9858,0.0051915,0.0000151,0.0000162
9859,0.0051927,0.0000151,0.0000162
9860,0.0051939,0.0000151,0.0000162
9861,0.0051951,0.0000151,0.0000162
9862,0.0051962,0.0000151,0.0000162
9863,0.0051974,0.0000151,0.0000162
9864,0.0051985,0.0000151,0.0000162
9865,0.0051997,0.0000150,0.0000162
9866,0.0052008,0.0000150,0.0000161
9867,0.0052019,0.0000150,0.0000161
9868,0.0052030,0.0000150,0.0000161
9869,0.0052042,0.0000150,0.0000161
9870,0.0052053,0.0000150,0.0000161
9871,0.0052064,0.0000150,0.0000161
9872,0.0052075,0.0000150,0.0000161
9873,0.0052085,0.0000150,0.0000161
9874,0.0052096,0.0000150,0.0000161
9875,0.0052107,0.0000150,0.0000161
9876,0.0052118,0.0000150,0.0000161
9877,0.0052128,0.0000150,0.0000161
9878,0.0052139,0.0000150,0.0000161
9879,0.0052149,0.0000150,0.0000161
9880,0.0052159,0.0000150,0.0000161
9881,0.0052170,0.0000149,0.0000161
9882,0.0052180,0.0000149,0.0000161
9883,0.0052190,0.0000149,0.0000161
9884,0.0052200,0.0000149,0.0000160
9885,0.0052210,0.0000149,0.0000160
9886,0.0052220,0.0000149,0.0000160
9887,0.0052230,0.0000149,0.0000160
9888,0.0052239,0.0000149,0.0000160
9889,0.0052249,0.0000149,0.0000160
9890,0.0052259,0.0000149,0.0000160
9891,0.0052268,0.0000149,0.0000160
9892,0.0052278,0.0000149,0.0000160
9893,0.0052287,0.0000149,0.0000160
9894,0.0052296,0.0000149,0.0000160
9895,0.0052305,0.0000149,0.0000160
9896,0.0052315,0.0000148,0.0000160
9897,0.0052324,0.0000148,0.0000160
9898,0.0052333,0.0000148,0.0000160
9899,0.0052342,0.0000148,0.0000160
9900,0.0052350,0.0000148,0.0000160
9901,0.0052359,0.0000148,0.0000160
9902,0.0052368,0.0000148,0.0000159
9903,0.0052376,0.0000148,0.0000159
9904,0.0052385,0.0000148,0.0000159
9905,0.0052393,0.0000148,0.0000159
9906,0.0052402,0.0000148,0.0000159
9907,0.0052410,0.0000148,0.0000159
9908,0.0052418,0.0000148,0.0000159
9909,0.0052427,0.0000148,0.0000159
9910,0.0052435,0.0000148,0.0000159
9911,0.0052443,0.0000147,0.0000159
9912,0.0052451,0.0000147,0.0000159
9913,0.0052458,0.0000147,0.0000159
9914,0.0052466,0.0000147,0.0000159
9915,0.0052474,0.0000147,0.0000159
9916,0.0052482,0.0000147,0.0000159
9917,0.0052489,0.0000147,0.0000159
9918,0.0052497,0.0000147,0.0000158
9919,0.0052504,0.0000147,0.0000158
9920,0.0052511,0.0000147,0.0000158
9921,0.0052519,0.0000147,0.0000158
9922,0.0052526,0.0000147,0.0000158
9923,0.0052533,0.0000147,0.0000158
9924,0.0052540,0.0000147,0.0000158
9925,0.0052547,0.0000147,0.0000158
9926,0.0052554,0.0000146,0.0000158
9927,0.0052560,0.0000146,0.0000158
9928,0.0052567,0.0000146,0.0000158
9929,0.0052574,0.0000146,0.0000158
9930,0.0052580,0.0000146,0.0000158
9931,0.0052587,0.0000146,0.0000158
9932,0.0052593,0.0000146,0.0000158
9933,0.0052599,0.0000146,0.0000158
9934,0.0052606,0.0000146,0.0000157
9935,0.0052612,0.0000146,0.0000157
9936,0.0052618,0.0000146,0.0000157
9937,0.0052624,0.0000146,0.0000157
9938,0.0052630,0.0000146,0.0000157
9939,0.0052636,0.0000146,0.0000157
9940,0.0052641,0.0000145,0.0000157
9941,0.0052647,0.0000145,0.0000157
9942,0.0052653,0.0000145,0.0000157
9943,0.0052658,0.0000145,0.0000157
9944,0.0052664,0.0000145,0.0000157
9945,0.0052669,0.0000145,0.0000157
9946,0.0052674,0.0000145,0.0000157
9947,0.0052680,0.0000145,0.0000157
9948,0.0052685,0.0000145,0.0000157
9949,0.0052690,0.0000145,0.0000156
9950,0.0052695,0.0000145,0.0000156
9951,0.0052700,0.0000145,0.0000156
9952,0.0052704,0.0000145,0.0000156
9953,0.0052709,0.0000144,0.0000156
9954,0.0052714,0.0000144,0.0000156
9955,0.0052718,0.0000144,0.0000156
9956,0.0052723,0.0000144,0.0000156
9957,0.0052727,0.0000144,0.0000156
9958,0.0052732,0.0000144,0.0000156
9959,0.0052736,0.0000144,0.0000156
9960,0.0052740,0.0000144,0.0000156
9961,0.0052744,0.0000144,0.0000156
9962,0.0052748,0.0000144,0.0000156
9963,0.0052752,0.0000144,0.0000155
9964,0.0052756,0.0000144,0.0000155
9965,0.0052760,0.0000144,0.0000155
9966,0.0052763,0.0000144,0.0000155
9967,0.0052767,0.0000143,0.0000155
9968,0.0052771,0.0000143,0.0000155
9969,0.0052774,0.0000143,0.0000155
9970,0.0052777,0.0000143,0.0000155
9971,0.0052781,0.0000143,0.0000155
9972,0.0052784,0.0000143,0.0000155
9973,0.0052787,0.0000143,0.0000155
9974,0.0052790,0.0000143,0.0000155
9975,0.0052793,0.0000143,0.0000155
9976,0.0052796,0.0000143,0.0000155
9977,0.0052799,0.0000143,0.0000154
9978,0.0052802,0.0000143,0.0000154
9979,0.0052804,0.0000143,0.0000154
9980,0.0052807,0.0000142,0.0000154
9981,0.0052809,0.0000142,0.0000154
9982,0.0052812,0.0000142,0.0000154
9983,0.0052814,0.0000142,0.0000154
9984,0.0052816,0.0000142,0.0000154
9985,0.0052819,0.0000142,0.0000154
9986,0.0052821,0.0000142,0.0000154
9987,0.0052823,0.0000142,0.0000154
9988,0.0052825,0.0000142,0.0000154
9989,0.0052826,0.0000142,0.0000154
9990,0.0052828,0.0000142,0.0000153
9991,0.0052830,0.0000142,0.0000153
9992,0.0052831,0.0000142,0.0000153
9993,0.0052833,0.0000141,0.0000153
9994,0.0052834,0.0000141,0.0000153
9995,0.0052836,0.0000141,0.0000153
9996,0.0052837,0.0000141,0.0000153
9997,0.0052838,0.0000141,0.0000153
9998,0.0052839,0.0000141,0.0000153
9999,0.0052840,0.0000141,0.0000153
10000,0.0052841,0.0000141,0.0000153
10001,0.0052842,0.0000141,0.0000153
10002,0.0052843,0.0000141,0.0000153
10003,0.0052844,0.0000141,0.0000153
10004,0.0052844,0.0000141,0.0000152
10005,0.0052845,0.0000140,0.0000152
10006,0.0052845,0.0000140,0.0000152
10007,0.0052846,0.0000140,0.0000152
10008,0.0052846,0.0000140,0.0000152
10009,0.0052846,0.0000140,0.0000152
10010,0.0052847,0.0000140,0.0000152
10011,0.0052847,0.0000140,0.0000152
10012,0.0052847,0.0000140,0.0000152
10013,0.0052847,0.0000140,0.0000152
10014,0.0052846,0.0000140,0.0000152
10015,0.0052846,0.0000140,0.0000152
10016,0.0052846,0.0000140,0.0000151
10017,0.0052845,0.0000139,0.0000151
10018,0.0052845,0.0000139,0.0000151
10019,0.0052844,0.0000139,0.0000151
10020,0.0052844,0.0000139,0.0000151
10021,0.0052843,0.0000139,0.0000151
10022,0.0052842,0.0000139,0.0000151
10023,0.0052841,0.0000139,0.0000151
10024,0.0052840,0.0000139,0.0000151
10025,0.0052839,0.0000139,0.0000151
10026,0.0052838,0.0000139,0.0000151
10027,0.0052837,0.0000139,0.0000151
10028,0.0052835,0.0000139,0.0000151
10029,0.0052834,0.0000139,0.0000150
10030,0.0052833,0.0000138,0.0000150
10031,0.0052831,0.0000138,0.0000150
10032,0.0052829,0.0000138,0.0000150
10033,0.0052828,0.0000138,0.0000150
10034,0.0052826,0.0000138,0.0000150
10035,0.0052824,0.0000138,0.0000150
10036,0.0052822,0.0000138,0.0000150
10037,0.0052820,0.0000138,0.0000150
10038,0.0052818,0.0000138,0.0000150
10039,0.0052816,0.0000138,0.0000150
10040,0.0052813,0.0000138,0.0000150
10041,0.0052811,0.0000138,0.0000149
10042,0.0052808,0.0000137,0.0000149
10043,0.0052806,0.0000137,0.0000149
10044,0.0052803,0.0000137,0.0000149
10045,0.0052801,0.0000137,0.0000149
10046,0.0052798,0.0000137,0.0000149
10047,0.0052795,0.0000137,0.0000149
10048,0.0052792,0.0000137,0.0000149
10049,0.0052789,0.0000137,0.0000149
10050,0.0052786,0.0000137,0.0000149
10051,0.0052783,0.0000137,0.0000149
10052,0.0052779,0.0000137,0.0000149
10053,0.0052776,0.0000136,0.0000148
10054,0.0052773,0.0000136,0.0000148
10055,0.0052769,0.0000136,0.0000148
10056,0.0052766,0.0000136,0.0000148
10057,0.0052762,0.0000136,0.0000148
10058,0.0052758,0.0000136,0.0000148
10059,0.0052754,0.0000136,0.0000148
10060,0.0052750,0.0000136,0.0000148
10061,0.0052746,0.0000136,0.0000148
10062,0.0052742,0.0000136,0.0000148
10063,0.0052738,0.0000136,0.0000148
10064,0.0052734,0.0000136,0.0000148
10065,0.0052730,0.0000135,0.0000147
10066,0.0052725,0.0000135,0.0000147
10067,0.0052721,0.0000135,0.0000147
10068,0.0052716,0.0000135,0.0000147
10069,0.0052711,0.0000135,0.0000147
10070,0.0052707,0.0000135,0.0000147
10071,0.0052702,0.0000135,0.0000147
10072,0.0052697,0.0000135,0.0000147
10073,0.0052692,0.0000135,0.0000147
10074,0.0052687,0.0000135,0.0000147
10075,0.0052682,0.0000135,0.0000147
10076,0.0052677,0.0000135,0.0000146
10077,0.0052671,0.0000134,0.0000146
10078,0.0052666,0.0000134,0.0000146
10079,0.0052660,0.0000134,0.0000146
10080,0.0052655,0.0000134,0.0000146
10081,0.0052649,0.0000134,0.0000146
10082,0.0052644,0.0000134,0.0000146
10083,0.0052638,0.0000134,0.0000146
10084,0.0052632,0.0000134,0.0000146
10085,0.0052626,0.0000134,0.0000146
10086,0.0052620,0.0000134,0.0000146
10087,0.0052614,0.0000134,0.0000146
10088,0.0052608,0.0000133,0.0000145
10089,0.0052601,0.0000133,0.0000145
10090,0.0052595,0.0000133,0.0000145
10091,0.0052589,0.0000133,0.0000145
10092,0.0052582,0.0000133,0.0000145
10093,0.0052576,0.0000133,0.0000145
10094,0.0052569,0.0000133,0.0000145
10095,0.0052562,0.0000133,0.0000145
10096,0.0052555,0.0000133,0.0000145
10097,0.0052548,0.0000133,0.0000145
10098,0.0052541,0.0000133,0.0000145
10099,0.0052534,0.0000132,0.0000144
10100,0.0052527,0.0000132,0.0000144
10101,0.0052520,0.0000132,0.0000144
10102,0.0052513,0.0000132,0.0000144
10103,0.0052505,0.0000132,0.0000144
10104,0.0052498,0.0000132,0.0000144
10105,0.0052490,0.0000132,0.0000144
10106,0.0052483,0.0000132,0.0000144
10107,0.0052475,0.0000132,0.0000144
10108,0.0052467,0.0000132,0.0000144
10109,0.0052459,0.0000132,0.0000144
10110,0.0052451,0.0000131,0.0000143
10111,0.0052443,0.0000131,0.0000143
10112,0.0052435,0.0000131,0.0000143
10113,0.0052427,0.0000131,0.0000143
10114,0.0052419,0.0000131,0.0000143
10115,0.0052410,0.0000131,0.0000143
10116,0.0052402,0.0000131,0.0000143
10117,0.0052393,0.0000131,0.0000143
10118,0.0052385,0.0000131,0.0000143
10119,0.0052376,0.0000131,0.0000143
10120,0.0052367,0.0000131,0.0000143
10121,0.0052359,0.0000130,0.0000142
10122,0.0052350,0.0000130,0.0000142
10123,0.0052341,0.0000130,0.0000142
10124,0.0052332,0.0000130,0.0000142
10125,0.0052322,0.0000130,0.0000142
10126,0.0052313,0.0000130,0.0000142
10127,0.0052304,0.0000130,0.0000142
10128,0.0052295,0.0000130,0.0000142
10129,0.0052285,0.0000130,0.0000142
10130,0.0052276,0.0000130,0.0000142
10131,0.0052266,0.0000130,0.0000141
10132,0.0052256,0.0000129,0.0000141
10133,0.0052246,0.0000129,0.0000141
10134,0.0052237,0.0000129,0.0000141
10135,0.0052227,0.0000129,0.0000141
10136,0.0052217,0.0000129,0.0000141
10137,0.0052207,0.0000129,0.0000141
10138,0.0052196,0.0000129,0.0000141
10139,0.0052186,0.0000129,0.0000141
10140,0.0052176,0.0000129,0.0000141
10141,0.0052165,0.0000129,0.0000141
10142,0.0052155,0.0000129,0.0000140
10143,0.0052144,0.0000128,0.0000140
10144,0.0052134,0.0000128,0.0000140
10145,0.0052123,0.0000128,0.0000140
10146,0.0052112,0.0000128,0.0000140
10147,0.0052101,0.0000128,0.0000140
10148,0.0052090,0.0000128,0.0000140
10149,0.0052079,0.0000128,0.0000140
10150,0.0052068,0.0000128,0.0000140
10151,0.0052057,0.0000128,0.0000140
10152,0.0052046,0.0000128,0.0000139
10153,0.0052034,0.0000128,0.0000139
10154,0.0052023,0.0000127,0.0000139
10155,0.0052011,0.0000127,0.0000139
10156,0.0052000,0.0000127,0.0000139
10157,0.0051988,0.0000127,0.0000139
10158,0.0051976,0.0000127,0.0000139
10159,0.0051965,0.0000127,0.0000139
10160,0.0051953,0.0000127,0.0000139
10161,0.0051941,0.0000127,0.0000139
10162,0.0051929,0.0000127,0.0000139
10163,0.0051917,0.0000127,0.0000138
10164,0.0051904,0.0000126,0.0000138
10165,0.0051892,0.0000126,0.0000138
10166,0.0051880,0.0000126,0.0000138
10167,0.0051867,0.0000126,0.0000138
10168,0.0051855,0.0000126,0.0000138
10169,0.0051842,0.0000126,0.0000138
10170,0.0051830,0.0000126,0.0000138
10171,0.0051817,0.0000126,0.0000138
10172,0.0051804,0.0000126,0.0000138
10173,0.0051791,0.0000126,0.0000137
10174,0.0051778,0.0000126,0.0000137
10175,0.0051765,0.0000125,0.0000137
10176,0.0051752,0.0000125,0.0000137
10177,0.0051739,0.0000125,0.0000137
10178,0.0051726,0.0000125,0.0000137
10179,0.0051712,0.0000125,0.0000137
10180,0.0051699,0.0000125,0.0000137
10181,0.0051685,0.0000125,0.0000137
10182,0.0051672,0.0000125,0.0000137
10183,0.0051658,0.0000125,0.0000136
10184,0.0051644,0.0000125,0.0000136
10185,0.0051631,0.0000124,0.0000136
10186,0.0051617,0.0000124,0.0000136
10187,0.0051603,0.0000124,0.0000136
10188,0.0051589,0.0000124,0.0000136
10189,0.0051575,0.0000124,0.0000136
10190,0.0051560,0.0000124,0.0000136
10191,0.0051546,0.0000124,0.0000136
10192,0.0051532,0.0000124,0.0000136
10193,0.0051517,0.0000124,0.0000135
10194,0.0051503,0.0000124,0.0000135
10195,0.0051488,0.0000124,0.0000135
10196,0.0051474,0.0000123,0.0000135
10197,0.0051459,0.0000123,0.0000135
10198,0.0051444,0.0000123,0.0000135
10199,0.0051429,0.0000123,0.0000135
10200,0.0051414,0.0000123,0.0000135
10201,0.0051399,0.0000123,0.0000135
10202,0.0051384,0.0000123,0.0000135
10203,0.0051369,0.0000123,0.0000134
10204,0.0051354,0.0000123,0.0000134
10205,0.0051339,0.0000123,0.0000134
10206,0.0051323,0.0000122,0.0000134
10207,0.0051308,0.0000122,0.0000134
10208,0.0051292,0.0000122,0.0000134
10209,0.0051277,0.0000122,0.0000134
10210,0.0051261,0.0000122,0.0000134
10211,0.0051245,0.0000122,0.0000134
10212,0.0051229,0.0000122,0.0000134
10213,0.0051214,0.0000122,0.0000133
10214,0.0051198,0.0000122,0.0000133
10215,0.0051182,0.0000122,0.0000133
10216,0.0051165,0.0000121,0.0000133
10217,0.0051149,0.0000121,0.0000133
10218,0.0051133,0.0000121,0.0000133
10219,0.0051117,0.0000121,0.0000133
10220,0.0051100,0.0000121,0.0000133
10221,0.0051084,0.0000121,0.0000133
10222,0.0051067,0.0000121,0.0000133
10223,0.0051051,0.0000121,0.0000132
10224,0.0051034,0.0000121,0.0000132
10225,0.0051017,0.0000121,0.0000132
10226,0.0051000,0.0000121,0.0000132
10227,0.0050983,0.0000120,0.0000132
10228,0.0050966,0.0000120,0.0000132
10229,0.0050949,0.0000120,0.0000132
10230,0.0050932,0.0000120,0.0000132
10231,0.0050915,0.0000120,0.0000132
10232,0.0050898,0.0000120,0.0000132
10233,0.0050880,0.0000120,0.0000131
10234,0.0050863,0.0000120,0.0000131
10235,0.0050845,0.0000120,0.0000131
10236,0.0050828,0.0000120,0.0000131
10237,0.0050810,0.0000119,0.0000131
10238,0.0050793,0.0000119,0.0000131
10239,0.0050775,0.0000119,0.0000131
10240,0.0050757,0.0000119,0.0000131
10241,0.0050739,0.0000119,0.0000131
10242,0.0050721,0.0000119,0.0000131
10243,0.0050703,0.0000119,0.0000130
10244,0.0050685,0.0000119,0.0000130
10245,0.0050667,0.0000119,0.0000130
10246,0.0050648,0.0000119,0.0000130
10247,0.0050630,0.0000118,0.0000130
10248,0.0050612,0.0000118,0.0000130
10249,0.0050593,0.0000118,0.0000130
10250,0.0050574,0.0000118,0.0000130
10251,0.0050556,0.0000118,0.0000130
10252,0.0050537,0.0000118,0.0000129
10253,0.0050518,0.0000118,0.0000129
10254,0.0050500,0.0000118,0.0000129
10255,0.0050481,0.0000118,0.0000129
10256,0.0050462,0.0000118,0.0000129
10257,0.0050443,0.0000117,0.0000129
10258,0.0050424,0.0000117,0.0000129
10259,0.0050404,0.0000117,0.0000129
10260,0.0050385,0.0000117,0.0000129
10261,0.0050366,0.0000117,0.0000129
10262,0.0050346,0.0000117,0.0000128
10263,0.0050327,0.0000117,0.0000128
10264,0.0050307,0.0000117,0.0000128
10265,0.0050288,0.0000117,0.0000128
10266,0.0050268,0.0000117,0.0000128
10267,0.0050248,0.0000117,0.0000128
10268,0.0050229,0.0000116,0.0000128
10269,0.0050209,0.0000116,0.0000128
10270,0.0050189,0.0000116,0.0000128
10271,0.0050169,0.0000116,0.0000128
10272,0.0050149,0.0000116,0.0000127
10273,0.0050128,0.0000116,0.0000127
10274,0.0050108,0.0000116,0.0000127
10275,0.0050088,0.0000116,0.0000127
10276,0.0050068,0.0000116,0.0000127
10277,0.0050047,0.0000116,0.0000127
10278,0.0050027,0.0000115,0.0000127
10279,0.0050006,0.0000115,0.0000127
10280,0.0049986,0.0000115,0.0000127
10281,0.0049965,0.0000115,0.0000126
10282,0.0049944,0.0000115,0.0000126
10283,0.0049923,0.0000115,0.0000126
10284,0.0049902,0.0000115,0.0000126
10285,0.0049881,0.0000115,0.0000126
10286,0.0049860,0.0000115,0.0000126
10287,0.0049839,0.0000115,0.0000126
10288,0.0049818,0.0000114,0.0000126
10289,0.0049797,0.0000114,0.0000126
10290,0.0049776,0.0000114,0.0000126
10291,0.0049754,0.0000114,0.0000125
10292,0.0049733,0.0000114,0.0000125
10293,0.0049711,0.0000114,0.0000125
10294,0.0049690,0.0000114,0.0000125
10295,0.0049668,0.0000114,0.0000125
10296,0.0049646,0.0000114,0.0000125
10297,0.0049625,0.0000114,0.0000125
10298,0.0049603,0.0000113,0.0000125
10299,0.0049581,0.0000113,0.0000125
10300,0.0049559,0.0000113,0.0000124
10301,0.0049537,0.0000113,0.0000124
10302,0.0049515,0.0000113,0.0000124
10303,0.0049493,0.0000113,0.0000124
10304,0.0049471,0.0000113,0.0000124
10305,0.0049448,0.0000113,0.0000124
10306,0.0049426,0.0000113,0.0000124
10307,0.0049404,0.0000113,0.0000124
10308,0.0049381,0.0000112,0.0000124
10309,0.0049359,0.0000112,0.0000124
10310,0.0049336,0.0000112,0.0000123
10311,0.0049313,0.0000112,0.0000123
10312,0.0049291,0.0000112,0.0000123
10313,0.0049268,0.0000112,0.0000123
10314,0.0049245,0.0000112,0.0000123
10315,0.0049222,0.0000112,0.0000123
10316,0.0049199,0.0000112,0.0000123
10317,0.0049176,0.0000112,0.0000123
10318,0.0049153,0.0000111,0.0000123
10319,0.0049130,0.0000111,0.0000122
10320,0.0049107,0.0000111,0.0000122
10321,0.0049083,0.0000111,0.0000122
10322,0.0049060,0.0000111,0.0000122
10323,0.0049037,0.0000111,0.0000122
10324,0.0049013,0.0000111,0.0000122
10325,0.0048990,0.0000111,0.0000122
10326,0.0048966,0.0000111,0.0000122
10327,0.0048942,0.0000111,0.0000122
10328,0.0048919,0.0000110,0.0000122
10329,0.0048895,0.0000110,0.0000121
10330,0.0048871,0.0000110,0.0000121
10331,0.0048847,0.0000110,0.0000121
10332,0.0048823,0.0000110,0.0000121
10333,0.0048799,0.0000110,0.0000121
10334,0.0048775,0.0000110,0.0000121
10335,0.0048751,0.0000110,0.0000121
10336,0.0048726,0.0000110,0.0000121
10337,0.0048702,0.0000110,0.0000121
10338,0.0048678,0.0000109,0.0000120
10339,0.0048653,0.0000109,0.0000120
10340,0.0048629,0.0000109,0.0000120
10341,0.0048604,0.0000109,0.0000120
10342,0.0048580,0.0000109,0.0000120
10343,0.0048555,0.0000109,0.0000120
10344,0.0048531,0.0000109,0.0000120
10345,0.0048506,0.0000109,0.0000120
10346,0.0048481,0.0000109,0.0000120
10347,0.0048456,0.0000109,0.0000120
10348,0.0048431,0.0000108,0.0000119
10349,0.0048406,0.0000108,0.0000119
10350,0.0048381,0.0000108,0.0000119
10351,0.0048356,0.0000108,0.0000119
10352,0.0048331,0.0000108,0.0000119
10353,0.0048306,0.0000108,0.0000119
10354,0.0048280,0.0000108,0.0000119
10355,0.0048255,0.0000108,0.0000119
10356,0.0048229,0.0000108,0.0000119
10357,0.0048204,0.0000108,0.0000118
10358,0.0048178,0.0000107,0.0000118
10359,0.0048153,0.0000107,0.0000118
10360,0.0048127,0.0000107,0.0000118
10361,0.0048101,0.0000107,0.0000118
10362,0.0048076,0.0000107,0.0000118
10363,0.0048050,0.0000107,0.0000118
10364,0.0048024,0.0000107,0.0000118
10365,0.0047998,0.0000107,0.0000118
10366,0.0047972,0.0000107,0.0000117
10367,0.0047946,0.0000107,0.0000117
10368,0.0047920,0.0000106,0.0000117
10369,0.0047894,0.0000106,0.0000117
10370,0.0047868,0.0000106,0.0000117
10371,0.0047841,0.0000106,0.0000117
10372,0.0047815,0.0000106,0.0000117
10373,0.0047789,0.0000106,0.0000117
10374,0.0047762,0.0000106,0.0000117
10375,0.0047736,0.0000106,0.0000117
10376,0.0047709,0.0000106,0.0000116
10377,0.0047682,0.0000106,0.0000116
10378,0.0047656,0.0000106,0.0000116
10379,0.0047629,0.0000105,0.0000116
10380,0.0047602,0.0000105,0.0000116
10381,0.0047575,0.0000105,0.0000116
10382,0.0047548,0.0000105,0.0000116
10383,0.0047522,0.0000105,0.0000116
10384,0.0047495,0.0000105,0.0000116
10385,0.0047467,0.0000105,0.0000115
10386,0.0047440,0.0000105,0.0000115
10387,0.0047413,0.0000105,0.0000115
10388,0.0047386,0.0000105,0.0000115
10389,0.0047359,0.0000104,0.0000115
10390,0.0047331,0.0000104,0.0000115
10391,0.0047304,0.0000104,0.0000115
10392,0.0047277,0.0000104,0.0000115
10393,0.0047249,0.0000104,0.0000115
10394,0.0047222,0.0000104,0.0000115
10395,0.0047194,0.0000104,0.0000114
10396,0.0047166,0.0000104,0.0000114
10397,0.0047139,0.0000104,0.0000114
10398,0.0047111,0.0000104,0.0000114
10399,0.0047083,0.0000103,0.0000114
10400,0.0047055,0.0000103,0.0000114
10401,0.0047027,0.0000103,0.0000114
10402,0.0046999,0.0000103,0.0000114
10403,0.0046971,0.0000103,0.0000114
10404,0.0046943,0.0000103,0.0000113
10405,0.0046915,0.0000103,0.0000113
10406,0.0046887,0.0000103,0.0000113
10407,0.0046859,0.0000103,0.0000113
10408,0.0046830,0.0000103,0.0000113
10409,0.0046802,0.0000102,0.0000113
10410,0.0046774,0.0000102,0.0000113
10411,0.0046745,0.0000102,0.0000113
10412,0.0046717,0.0000102,0.0000113
10413,0.0046688,0.0000102,0.0000113
10414,0.0046660,0.0000102,0.0000112
10415,0.0046631,0.0000102,0.0000112
10416,0.0046602,0.0000102,0.0000112
10417,0.0046573,0.0000102,0.0000112
10418,0.0046545,0.0000102,0.0000112
10419,0.0046516,0.0000102,0.0000112
10420,0.0046487,0.0000101,0.0000112
10421,0.0046458,0.0000101,0.0000112
10422,0.0046429,0.0000101,0.0000112
10423,0.0046400,0.0000101,0.0000112
10424,0.0046371,0.0000101,0.0000111
10425,0.0046342,0.0000101,0.0000111
10426,0.0046313,0.0000101,0.0000111
10427,0.0046283,0.0000101,0.0000111
10428,0.0046254,0.0000101,0.0000111
10429,0.0046225,0.0000101,0.0000111
10430,0.0046195,0.0000100,0.0000111
10431,0.0046166,0.0000100,0.0000111
10432,0.0046136,0.0000100,0.0000111
10433,0.0046107,0.0000100,0.0000110
10434,0.0046077,0.0000100,0.0000110
10435,0.0046048,0.0000100,0.0000110
10436,0.0046018,0.0000100,0.0000110
10437,0.0045988,0.0000100,0.0000110
10438,0.0045959,0.0000100,0.0000110
10439,0.0045929,0.0000100,0.0000110
10440,0.0045899,0.0000099,0.0000110
10441,0.0045869,0.0000099,0.0000110
10442,0.0045839,0.0000099,0.0000110
10443,0.0045809,0.0000099,0.0000109
10444,0.0045779,0.0000099,0.0000109
10445,0.0045749,0.0000099,0.0000109
10446,0.0045719,0.0000099,0.0000109
10447,0.0045689,0.0000099,0.0000109
10448,0.0045658,0.0000099,0.0000109
10449,0.0045628,0.0000099,0.0000109
10450,0.0045598,0.0000099,0.0000109
10451,0.0045567,0.0000098,0.0000109
10452,0.0045537,0.0000098,0.0000108
10453,0.0045506,0.0000098,0.0000108
10454,0.0045476,0.0000098,0.0000108
10455,0.0045445,0.0000098,0.0000108
10456,0.0045415,0.0000098,0.0000108
10457,0.0045384,0.0000098,0.0000108
10458,0.0045354,0.0000098,0.0000108
10459,0.0045323,0.0000098,0.0000108
10460,0.0045292,0.0000098,0.0000108
10461,0.0045261,0.0000098,0.0000108
10462,0.0045230,0.0000097,0.0000107
10463,0.0045199,0.0000097,0.0000107
10464,0.0045168,0.0000097,0.0000107
10465,0.0045137,0.0000097,0.0000107
10466,0.0045106,0.0000097,0.0000107
10467,0.0045075,0.0000097,0.0000107
10468,0.0045044,0.0000097,0.0000107
10469,0.0045013,0.0000097,0.0000107
10470,0.0044982,0.0000097,0.0000107
10471,0.0044951,0.0000097,0.0000107
10472,0.0044919,0.0000096,0.0000106
10473,0.0044888,0.0000096,0.0000106
10474,0.0044857,0.0000096,0.0000106
10475,0.0044825,0.0000096,0.0000106
10476,0.0044794,0.0000096,0.0000106
10477,0.0044762,0.0000096,0.0000106
10478,0.0044731,0.0000096,0.0000106
10479,0.0044699,0.0000096,0.0000106
10480,0.0044668,0.0000096,0.0000106
10481,0.0044636,0.0000096,0.0000106
10482,0.0044604,0.0000096,0.0000105
10483,0.0044572,0.0000095,0.0000105
10484,0.0044541,0.0000095,0.0000105
10485,0.0044509,0.0000095,0.0000105
10486,0.0044477,0.0000095,0.0000105
10487,0.0044445,0.0000095,0.0000105
10488,0.0044413,0.0000095,0.0000105
10489,0.0044381,0.0000095,0.0000105
10490,0.0044349,0.0000095,0.0000105
10491,0.0044317,0.0000095,0.0000105
10492,0.0044285,0.0000095,0.0000104
10493,0.0044253,0.0000095,0.0000104
10494,0.0044221,0.0000094,0.0000104
10495,0.0044188,0.0000094,0.0000104
10496,0.0044156,0.0000094,0.0000104
10497,0.0044124,0.0000094,0.0000104
10498,0.0044091,0.0000094,0.0000104
10499,0.0044059,0.0000094,0.0000104
10500,0.0044027,0.0000094,0.0000104
10501,0.0043994,0.0000094,0.0000104
10502,0.0043962,0.0000094,0.0000103
10503,0.0043929,0.0000094,0.0000103
10504,0.0043897,0.0000094,0.0000103
10505,0.0043864,0.0000093,0.0000103
10506,0.0043831,0.0000093,0.0000103
10507,0.0043799,0.0000093,0.0000103
10508,0.0043766,0.0000093,0.0000103
10509,0.0043733,0.0000093,0.0000103
10510,0.0043701,0.0000093,0.0000103
10511,0.0043668,0.0000093,0.0000103
10512,0.0043635,0.0000093,0.0000102
10513,0.0043602,0.0000093,0.0000102
10514,0.0043569,0.0000093,0.0000102
10515,0.0043536,0.0000093,0.0000102
10516,0.0043503,0.0000092,0.0000102
10517,0.0043470,0.0000092,0.0000102
10518,0.0043437,0.0000092,0.0000102
10519,0.0043404,0.0000092,0.0000102
10520,0.0043371,0.0000092,0.0000102
10521,0.0043338,0.0000092,0.0000102
10522,0.0043304,0.0000092,0.0000101
10523,0.0043271,0.0000092,0.0000101
10524,0.0043238,0.0000092,0.0000101
10525,0.0043205,0.0000092,0.0000101
10526,0.0043171,0.0000092,0.0000101
10527,0.0043138,0.0000091,0.0000101
10528,0.0043104,0.0000091,0.0000101
10529,0.0043071,0.0000091,0.0000101
10530,0.0043038,0.0000091,0.0000101
10531,0.0043004,0.0000091,0.0000101
10532,0.0042970,0.0000091,0.0000101
10533,0.0042937,0.0000091,0.0000100
10534,0.0042903,0.0000091,0.0000100
10535,0.0042870,0.0000091,0.0000100
10536,0.0042836,0.0000091,0.0000100
10537,0.0042802,0.0000091,0.0000100
10538,0.0042769,0.0000090,0.0000100
10539,0.0042735,0.0000090,0.0000100
10540,0.0042701,0.0000090,0.0000100
10541,0.0042667,0.0000090,0.0000100
10542,0.0042633,0.0000090,0.0000100
10543,0.0042599,0.0000090,0.0000099
10544,0.0042566,0.0000090,0.0000099
10545,0.0042532,0.0000090,0.0000099
10546,0.0042498,0.0000090,0.0000099
10547,0.0042464,0.0000090,0.0000099
10548,0.0042430,0.0000090,0.0000099
10549,0.0042395,0.0000090,0.0000099
10550,0.0042361,0.0000089,0.0000099
10551,0.0042327,0.0000089,0.0000099
10552,0.0042293,0.0000089,0.0000099
10553,0.0042259,0.0000089,0.0000099
10554,0.0042225,0.0000089,0.0000098
10555,0.0042190,0.0000089,0.0000098
10556,0.0042156,0.0000089,0.0000098
10557,0.0042122,0.0000089,0.0000098
10558,0.0042087,0.0000089,0.0000098
10559,0.0042053,0.0000089,0.0000098
10560,0.0042019,0.0000089,0.0000098
10561,0.0041984,0.0000089,0.0000098
10562,0.0041950,0.0000088,0.0000098
10563,0.0041915,0.0000088,0.0000098
10564,0.0041881,0.0000088,0.0000097
10565,0.0041846,0.0000088,0.0000097
10566,0.0041812,0.0000088,0.0000097
10567,0.0041777,0.0000088,0.0000097
10568,0.0041743,0.0000088,0.0000097
10569,0.0041708,0.0000088,0.0000097
10570,0.0041673,0.0000088,0.0000097
10571,0.0041639,0.0000088,0.0000097
10572,0.0041604,0.0000088,0.0000097
10573,0.0041569,0.0000088,0.0000097
10574,0.0041534,0.0000087,0.0000097
10575,0.0041500,0.0000087,0.0000096
10576,0.0041465,0.0000087,0.0000096
10577,0.0041430,0.0000087,0.0000096
10578,0.0041395,0.0000087,0.0000096
10579,0.0041360,0.0000087,0.0000096
10580,0.0041325,0.0000087,0.0000096
10581,0.0041290,0.0000087,0.0000096
10582,0.0041255,0.0000087,0.0000096
10583,0.0041220,0.0000087,0.0000096
10584,0.0041185,0.0000087,0.0000096
10585,0.0041150,0.0000087,0.0000096
10586,0.0041115,0.0000086,0.0000095
10587,0.0041080,0.0000086,0.0000095
10588,0.0041045,0.0000086,0.0000095
10589,0.0041010,0.0000086,0.0000095
10590,0.0040975,0.0000086,0.0000095
10591,0.0040940,0.0000086,0.0000095
10592,0.0040905,0.0000086,0.0000095
10593,0.0040869,0.0000086,0.0000095
10594,0.0040834,0.0000086,0.0000095
10595,0.0040799,0.0000086,0.0000095
10596,0.0040764,0.0000086,0.0000095
10597,0.0040728,0.0000086,0.0000094
10598,0.0040693,0.0000085,0.0000094
10599,0.0040658,0.0000085,0.0000094
10600,0.0040622,0.0000085,0.0000094
10601,0.0040587,0.0000085,0.0000094
10602,0.0040551,0.0000085,0.0000094
10603,0.0040516,0.0000085,0.0000094
10604,0.0040481,0.0000085,0.0000094
10605,0.0040445,0.0000085,0.0000094
10606,0.0040410,0.0000085,0.0000094
10607,0.0040374,0.0000085,0.0000094
10608,0.0040339,0.0000085,0.0000094
10609,0.0040303,0.0000085,0.0000093
10610,0.0040267,0.0000085,0.0000093
10611,0.0040232,0.0000084,0.0000093
10612,0.0040196,0.0000084,0.0000093
10613,0.0040161,0.0000084,0.0000093
10614,0.0040125,0.0000084,0.0000093
10615,0.0040089,0.0000084,0.0000093
10616,0.0040054,0.0000084,0.0000093
10617,0.0040018,0.0000084,0.0000093
10618,0.0039982,0.0000084,0.0000093
10619,0.0039947,0.0000084,0.0000093
10620,0.0039911,0.0000084,0.0000092
10621,0.0039875,0.0000084,0.0000092
10622,0.0039839,0.0000084,0.0000092
10623,0.0039803,0.0000084,0.0000092
10624,0.0039768,0.0000083,0.0000092
10625,0.0039732,0.0000083,0.0000092
10626,0.0039696,0.0000083,0.0000092
10627,0.0039660,0.0000083,0.0000092
10628,0.0039624,0.0000083,0.0000092
10629,0.0039588,0.0000083,0.0000092
10630,0.0039552,0.0000083,0.0000092
10631,0.0039516,0.0000083,0.0000092
10632,0.0039480,0.0000083,0.0000091
10633,0.0039445,0.0000083,0.0000091
10634,0.0039409,0.0000083,0.0000091
10635,0.0039373,0.0000083,0.0000091
10636,0.0039337,0.0000083,0.0000091
10637,0.0039301,0.0000082,0.0000091
10638,0.0039265,0.0000082,0.0000091
10639,0.0039228,0.0000082,0.0000091
10640,0.0039192,0.0000082,0.0000091
10641,0.0039156,0.0000082,0.0000091
10642,0.0039120,0.0000082,0.0000091
10643,0.0039084,0.0000082,0.0000091
10644,0.0039048,0.0000082,0.0000090
10645,0.0039012,0.0000082,0.0000090
10646,0.0038976,0.0000082,0.0000090
10647,0.0038940,0.0000082,0.0000090
10648,0.0038903,0.0000082,0.0000090
10649,0.0038867,0.0000082,0.0000090
10650,0.0038831,0.0000082,0.0000090
10651,0.0038795,0.0000081,0.0000090
10652,0.0038759,0.0000081,0.0000090
10653,0.0038723,0.0000081,0.0000090
10654,0.0038686,0.0000081,0.0000090
10655,0.0038650,0.0000081,0.0000090
10656,0.0038614,0.0000081,0.0000090
10657,0.0038578,0.0000081,0.0000089
10658,0.0038541,0.0000081,0.0000089
10659,0.0038505,0.0000081,0.0000089
10660,0.0038469,0.0000081,0.0000089
10661,0.0038432,0.0000081,0.0000089
10662,0.0038396,0.0000081,0.0000089
10663,0.0038360,0.0000081,0.0000089
10664,0.0038323,0.0000081,0.0000089
10665,0.0038287,0.0000080,0.0000089
10666,0.0038251,0.0000080,0.0000089
10667,0.0038214,0.0000080,0.0000089
10668,0.0038178,0.0000080,0.0000089
10669,0.0038142,0.0000080,0.0000089
10670,0.0038105,0.0000080,0.0000088
10671,0.0038069,0.0000080,0.0000088
10672,0.0038032,0.0000080,0.0000088
10673,0.0037996,0.0000080,0.0000088
10674,0.0037960,0.0000080,0.0000088
10675,0.0037923,0.0000080,0.0000088
10676,0.0037887,0.0000080,0.0000088
10677,0.0037850,0.0000080,0.0000088
10678,0.0037814,0.0000080,0.0000088
10679,0.0037778,0.0000079,0.0000088
10680,0.0037741,0.0000079,0.0000088
10681,0.0037705,0.0000079,0.0000088
10682,0.0037668,0.0000079,0.0000088
10683,0.0037632,0.0000079,0.0000087
10684,0.0037595,0.0000079,0.0000087
10685,0.0037559,0.0000079,0.0000087
10686,0.0037522,0.0000079,0.0000087
10687,0.0037486,0.0000079,0.0000087
10688,0.0037449,0.0000079,0.0000087
10689,0.0037413,0.0000079,0.0000087
10690,0.0037376,0.0000079,0.0000087
10691,0.0037340,0.0000079,0.0000087
10692,0.0037303,0.0000079,0.0000087
10693,0.0037267,0.0000079,0.0000087
10694,0.0037230,0.0000079,0.0000087
10695,0.0037194,0.0000078,0.0000087
10696,0.0037157,0.0000078,0.0000086
10697,0.0037121,0.0000078,0.0000086
10698,0.0037084,0.0000078,0.0000086
10699,0.0037048,0.0000078,0.0000086
10700,0.0037011,0.0000078,0.0000086
10701,0.0036975,0.0000078,0.0000086
10702,0.0036938,0.0000078,0.0000086
10703,0.0036901,0.0000078,0.0000086
10704,0.0036865,0.0000078,0.0000086
10705,0.0036828,0.0000078,0.0000086
10706,0.0036792,0.0000078,0.0000086
10707,0.0036755,0.0000078,0.0000086
10708,0.0036719,0.0000078,0.0000086
10709,0.0036682,0.0000078,0.0000086
10710,0.0036646,0.0000077,0.0000085
10711,0.0036609,0.0000077,0.0000085
10712,0.0036573,0.0000077,0.0000085
10713,0.0036536,0.0000077,0.0000085
10714,0.0036500,0.0000077,0.0000085
10715,0.0036463,0.0000077,0.0000085
10716,0.0036426,0.0000077,0.0000085
10717,0.0036390,0.0000077,0.0000085
10718,0.0036353,0.0000077,0.0000085
10719,0.0036317,0.0000077,0.0000085
10720,0.0036280,0.0000077,0.0000085
10721,0.0036244,0.0000077,0.0000085
10722,0.0036207,0.0000077,0.0000085
10723,0.0036171,0.0000077,0.0000085
10724,0.0036134,0.0000077,0.0000085
10725,0.0036098,0.0000077,0.0000084
10726,0.0036061,0.0000077,0.0000084
10727,0.0036025,0.0000076,0.0000084
10728,0.0035988,0.0000076,0.0000084
10729,0.0035952,0.0000076,0.0000084
10730,0.0035915,0.0000076,0.0000084
10731,0.0035879,0.0000076,0.0000084
10732,0.0035842,0.0000076,0.0000084
10733,0.0035806,0.0000076,0.0000084
10734,0.0035769,0.0000076,0.0000084
10735,0.0035733,0.0000076,0.0000084
10736,0.0035696,0.0000076,0.0000084
10737,0.0035660,0.0000076,0.0000084
10738,0.0035623,0.0000076,0.0000084
10739,0.0035587,0.0000076,0.0000084
10740,0.0035550,0.0000076,0.0000083
10741,0.0035514,0.0000076,0.0000083
10742,0.0035477,0.0000076,0.0000083
10743,0.0035441,0.0000076,0.0000083
10744,0.0035405,0.0000076,0.0000083
10745,0.0035368,0.0000075,0.0000083
10746,0.0035332,0.0000075,0.0000083
10747,0.0035295,0.0000075,0.0000083
10748,0.0035259,0.0000075,0.0000083
10749,0.0035223,0.0000075,0.0000083
10750,0.0035186,0.0000075,0.0000083
10751,0.0035150,0.0000075,0.0000083
10752,0.0035113,0.0000075,0.0000083
10753,0.0035077,0.0000075,0.0000083
10754,0.0035041,0.0000075,0.0000083
10755,0.0035004,0.0000075,0.0000083
10756,0.0034968,0.0000075,0.0000082
10757,0.0034932,0.0000075,0.0000082
10758,0.0034895,0.0000075,0.0000082
10759,0.0034859,0.0000075,0.0000082
10760,0.0034823,0.0000075,0.0000082
10761,0.0034787,0.0000075,0.0000082
10762,0.0034750,0.0000075,0.0000082
10763,0.0034714,0.0000074,0.0000082
10764,0.0034678,0.0000074,0.0000082
10765,0.0034642,0.0000074,0.0000082
10766,0.0034605,0.0000074,0.0000082
10767,0.0034569,0.0000074,0.0000082
10768,0.0034533,0.0000074,0.0000082
10769,0.0034497,0.0000074,0.0000082
10770,0.0034461,0.0000074,0.0000082
10771,0.0034424,0.0000074,0.0000082
10772,0.0034388,0.0000074,0.0000082
10773,0.0034352,0.0000074,0.0000081
10774,0.0034316,0.0000074,0.0000081
10775,0.0034280,0.0000074,0.0000081
10776,0.0034244,0.0000074,0.0000081
10777,0.0034208,0.0000074,0.0000081
10778,0.0034172,0.0000074,0.0000081
10779,0.0034136,0.0000074,0.0000081
10780,0.0034099,0.0000074,0.0000081
10781,0.0034063,0.0000074,0.0000081
10782,0.0034027,0.0000074,0.0000081
10783,0.0033991,0.0000073,0.0000081
10784,0.0033955,0.0000073,0.0000081
10785,0.0033919,0.0000073,0.0000081
10786,0.0033883,0.0000073,0.0000081
10787,0.0033848,0.0000073,0.0000081
10788,0.0033812,0.0000073,0.0000081
10789,0.0033776,0.0000073,0.0000081
10790,0.0033740,0.0000073,0.0000081
10791,0.0033704,0.0000073,0.0000080
10792,0.0033668,0.0000073,0.0000080
10793,0.0033632,0.0000073,0.0000080
10794,0.0033596,0.0000073,0.0000080
10795,0.0033561,0.0000073,0.0000080
10796,0.0033525,0.0000073,0.0000080
10797,0.0033489,0.0000073,0.0000080
10798,0.0033453,0.0000073,0.0000080
10799,0.0033418,0.0000073,0.0000080
10800,0.0033382,0.0000073,0.0000080
10801,0.0033346,0.0000073,0.0000080
10802,0.0033310,0.0000073,0.0000080
10803,0.0033275,0.0000073,0.0000080
10804,0.0033239,0.0000073,0.0000080
10805,0.0033204,0.0000072,0.0000080
10806,0.0033168,0.0000072,0.0000080
10807,0.0033132,0.0000072,0.0000080
10808,0.0033097,0.0000072,0.0000080
10809,0.0033061,0.0000072,0.0000080
10810,0.0033026,0.0000072,0.0000079
10811,0.0032990,0.0000072,0.0000079
10812,0.0032955,0.0000072,0.0000079
10813,0.0032919,0.0000072,0.0000079
10814,0.0032884,0.0000072,0.0000079
10815,0.0032848,0.0000072,0.0000079
10816,0.0032813,0.0000072,0.0000079
10817,0.0032778,0.0000072,0.0000079
10818,0.0032742,0.0000072,0.0000079
10819,0.0032707,0.0000072,0.0000079
10820,0.0032672,0.0000072,0.0000079
10821,0.0032636,0.0000072,0.0000079
10822,0.0032601,0.0000072,0.0000079
10823,0.0032566,0.0000072,0.0000079
10824,0.0032531,0.0000072,0.0000079
10825,0.0032496,0.0000072,0.0000079
10826,0.0032460,0.0000072,0.0000079
10827,0.0032425,0.0000072,0.0000079
10828,0.0032390,0.0000072,0.0000079
10829,0.0032355,0.0000072,0.0000079
10830,0.0032320,0.0000071,0.0000079
10831,0.0032285,0.0000071,0.0000078
10832,0.0032250,0.0000071,0.0000078
10833,0.0032215,0.0000071,0.0000078
10834,0.0032180,0.0000071,0.0000078
10835,0.0032145,0.0000071,0.0000078
10836,0.0032110,0.0000071,0.0000078
10837,0.0032075,0.0000071,0.0000078
10838,0.0032040,0.0000071,0.0000078
10839,0.0032006,0.0000071,0.0000078
10840,0.0031971,0.0000071,0.0000078
10841,0.0031936,0.0000071,0.0000078
10842,0.0031901,0.0000071,0.0000078
10843,0.0031866,0.0000071,0.0000078
10844,0.0031832,0.0000071,0.0000078
10845,0.0031797,0.0000071,0.0000078
10846,0.0031762,0.0000071,0.0000078
10847,0.0031728,0.0000071,0.0000078
10848,0.0031693,0.0000071,0.0000078
10849,0.0031659,0.0000071,0.0000078
10850,0.0031624,0.0000071,0.0000078
10851,0.0031590,0.0000071,0.0000078
10852,0.0031555,0.0000071,0.0000078
10853,0.0031521,0.0000071,0.0000078
10854,0.0031486,0.0000071,0.0000078
10855,0.0031452,0.0000071,0.0000077
10856,0.0031418,0.0000071,0.0000077
10857,0.0031383,0.0000071,0.0000077
10858,0.0031349,0.0000070,0.0000077
10859,0.0031315,0.0000070,0.0000077
10860,0.0031281,0.0000070,0.0000077
10861,0.0031247,0.0000070,0.0000077
10862,0.0031212,0.0000070,0.0000077
10863,0.0031178,0.0000070,0.0000077
10864,0.0031144,0.0000070,0.0000077
10865,0.0031110,0.0000070,0.0000077
10866,0.0031076,0.0000070,0.0000077
10867,0.0031042,0.0000070,0.0000077
10868,0.0031008,0.0000070,0.0000077
10869,0.0030974,0.0000070,0.0000077
10870,0.0030940,0.0000070,0.0000077
10871,0.0030906,0.0000070,0.0000077
10872,0.0030873,0.0000070,0.0000077
10873,0.0030839,0.0000070,0.0000077
10874,0.0030805,0.0000070,0.0000077
10875,0.0030771,0.0000070,0.0000077
10876,0.0030738,0.0000070,0.0000077
10877,0.0030704,0.0000070,0.0000077
10878,0.0030670,0.0000070,0.0000077
10879,0.0030637,0.0000070,0.0000077
10880,0.0030603,0.0000070,0.0000077
10881,0.0030570,0.0000070,0.0000077
10882,0.0030536,0.0000070,0.0000076
10883,0.0030503,0.0000070,0.0000076
10884,0.0030470,0.0000070,0.0000076
10885,0.0030436,0.0000070,0.0000076
10886,0.0030403,0.0000070,0.0000076
10887,0.0030370,0.0000070,0.0000076
10888,0.0030336,0.0000070,0.0000076
10889,0.0030303,0.0000070,0.0000076
10890,0.0030270,0.0000070,0.0000076
10891,0.0030237,0.0000070,0.0000076
10892,0.0030204,0.0000069,0.0000076
10893,0.0030171,0.0000069,0.0000076
10894,0.0030138,0.0000069,0.0000076
10895,0.0030105,0.0000069,0.0000076
10896,0.0030072,0.0000069,0.0000076
10897,0.0030039,0.0000069,0.0000076
10898,0.0030006,0.0000069,0.0000076
10899,0.0029973,0.0000069,0.0000076
10900,0.0029941,0.0000069,0.0000076
10901,0.0029908,0.0000069,0.0000076
10902,0.0029875,0.0000069,0.0000076
10903,0.0029842,0.0000069,0.0000076
10904,0.0029810,0.0000069,0.0000076
10905,0.0029777,0.0000069,0.0000076
10906,0.0029745,0.0000069,0.0000076
10907,0.0029712,0.0000069,0.0000076
10908,0.0029680,0.0000069,0.0000076
10909,0.0029647,0.0000069,0.0000076
10910,0.0029615,0.0000069,0.0000076
10911,0.0029583,0.0000069,0.0000076
10912,0.0029551,0.0000069,0.0000076
10913,0.0029518,0.0000069,0.0000076
10914,0.0029486,0.0000069,0.0000075
10915,0.0029454,0.0000069,0.0000075
10916,0.0029422,0.0000069,0.0000075
10917,0.0029390,0.0000069,0.0000075
10918,0.0029358,0.0000069,0.0000075
10919,0.0029326,0.0000069,0.0000075
10920,0.0029294,0.0000069,0.0000075
10921,0.0029262,0.0000069,0.0000075
10922,0.0029230,0.0000069,0.0000075
10923,0.0029198,0.0000069,0.0000075
10924,0.0029167,0.0000069,0.0000075
10925,0.0029135,0.0000069,0.0000075
10926,0.0029103,0.0000069,0.0000075
10927,0.0029072,0.0000069,0.0000075
10928,0.0029040,0.0000069,0.0000075
10929,0.0029009,0.0000069,0.0000075
10930,0.0028977,0.0000069,0.0000075
10931,0.0028946,0.0000069,0.0000075
10932,0.0028915,0.0000069,0.0000075
10933,0.0028883,0.0000069,0.0000075
10934,0.0028852,0.0000069,0.0000075
10935,0.0028821,0.0000069,0.0000075
10936,0.0028790,0.0000069,0.0000075
10937,0.0028758,0.0000069,0.0000075
10938,0.0028727,0.0000069,0.0000075
10939,0.0028696,0.0000068,0.0000075
10940,0.0028665,0.0000068,0.0000075
10941,0.0028634,0.0000068,0.0000075
10942,0.0028604,0.0000068,0.0000075
10943,0.0028573,0.0000068,0.0000075
10944,0.0028542,0.0000068,0.0000075
10945,0.0028511,0.0000068,0.0000075
10946,0.0028481,0.0000068,0.0000075
10947,0.0028450,0.0000068,0.0000075
10948,0.0028419,0.0000068,0.0000075
10949,0.0028389,0.0000068,0.0000075
10950,0.0028358,0.0000068,0.0000075
10951,0.0028328,0.0000068,0.0000075
10952,0.0028298,0.0000068,0.0000075
10953,0.0028267,0.0000068,0.0000075
10954,0.0028237,0.0000068,0.0000075
10955,0.0028207,0.0000068,0.0000075
10956,0.0028177,0.0000068,0.0000075
10957,0.0028146,0.0000068,0.0000074
10958,0.0028116,0.0000068,0.0000074
10959,0.0028086,0.0000068,0.0000074
10960,0.0028056,0.0000068,0.0000074
10961,0.0028027,0.0000068,0.0000074
10962,0.0027997,0.0000068,0.0000074
10963,0.0027967,0.0000068,0.0000074
10964,0.0027937,0.0000068,0.0000074
10965,0.0027908,0.0000068,0.0000074
10966,0.0027878,0.0000068,0.0000074
10967,0.0027848,0.0000068,0.0000074
10968,0.0027819,0.0000068,0.0000074
10969,0.0027789,0.0000068,0.0000074
10970,0.0027760,0.0000068,0.0000074
10971,0.0027731,0.0000068,0.0000074
10972,0.0027701,0.0000068,0.0000074
10973,0.0027672,0.0000068,0.0000074
10974,0.0027643,0.0000068,0.0000074
10975,0.0027614,0.0000068,0.0000074
10976,0.0027585,0.0000068,0.0000074
10977,0.0027556,0.0000068,0.0000074
10978,0.0027527,0.0000068,0.0000074
10979,0.0027498,0.0000068,0.0000074
10980,0.0027469,0.0000068,0.0000074
10981,0.0027440,0.0000068,0.0000074
10982,0.0027412,0.0000068,0.0000074
10983,0.0027383,0.0000068,0.0000074
10984,0.0027354,0.0000068,0.0000074
10985,0.0027326,0.0000068,0.0000074
10986,0.0027297,0.0000068,0.0000074
10987,0.0027269,0.0000068,0.0000074
10988,0.0027241,0.0000068,0.0000074
10989,0.0027212,0.0000068,0.0000074
10990,0.0027184,0.0000068,0.0000074
10991,0.0027156,0.0000068,0.0000074
10992,0.0027128,0.0000068,0.0000074
10993,0.0027100,0.0000068,0.0000074
10994,0.0027072,0.0000068,0.0000074
10995,0.0027044,0.0000068,0.0000074
10996,0.0027016,0.0000068,0.0000074
10997,0.0026988,0.0000068,0.0000074
10998,0.0026960,0.0000068,0.0000074
10999,0.0026933,0.0000068,0.0000074
11000,0.0026905,0.0000068,0.0000074
11001,0.0026877,0.0000068,0.0000074
11002,0.0026850,0.0000068,0.0000074
11003,0.0026822,0.0000068,0.0000074
11004,0.0026795,0.0000068,0.0000074
11005,0.0026768,0.0000068,0.0000074
11006,0.0026740,0.0000068,0.0000074
11007,0.0026713,0.0000068,0.0000074
11008,0.0026686,0.0000068,0.0000074
11009,0.0026659,0.0000068,0.0000074
11010,0.0026632,0.0000068,0.0000074
11011,0.0026605,0.0000068,0.0000074
11012,0.0026578,0.0000068,0.0000074
11013,0.0026551,0.0000068,0.0000074
11014,0.0026525,0.0000068,0.0000074
11015,0.0026498,0.0000068,0.0000074
11016,0.0026471,0.0000068,0.0000074
11017,0.0026445,0.0000068,0.0000074
11018,0.0026418,0.0000068,0.0000074
11019,0.0026392,0.0000068,0.0000074
11020,0.0026366,0.0000068,0.0000074
11021,0.0026339,0.0000068,0.0000074
11022,0.0026313,0.0000068,0.0000074
11023,0.0026287,0.0000068,0.0000074
11024,0.0026261,0.0000068,0.0000074
11025,0.0026235,0.0000068,0.0000074
11026,0.0026209,0.0000068,0.0000074
11027,0.0026183,0.0000068,0.0000074
11028,0.0026157,0.0000068,0.0000074
11029,0.0026131,0.0000068,0.0000074
11030,0.0026106,0.0000068,0.0000074
11031,0.0026080,0.0000068,0.0000074
11032,0.0026054,0.0000068,0.0000074
11033,0.0026029,0.0000068,0.0000074
11034,0.0026004,0.0000068,0.0000074
11035,0.0025978,0.0000068,0.0000074
11036,0.0025953,0.0000068,0.0000074
11037,0.0025928,0.0000068,0.0000074
11038,0.0025903,0.0000068,0.0000074
11039,0.0025877,0.0000068,0.0000074
11040,0.0025852,0.0000068,0.0000074
11041,0.0025828,0.0000068,0.0000074
11042,0.0025803,0.0000068,0.0000074
11043,0.0025778,0.0000068,0.0000074
11044,0.0025753,0.0000068,0.0000073
11045,0.0025729,0.0000068,0.0000073
11046,0.0025704,0.0000068,0.0000073
11047,0.0025679,0.0000068,0.0000073
11048,0.0025655,0.0000068,0.0000073
11049,0.0025631,0.0000068,0.0000073
11050,0.0025606,0.0000068,0.0000073
11051,0.0025582,0.0000068,0.0000073
11052,0.0025558,0.0000068,0.0000073
11053,0.0025534,0.0000068,0.0000073
11054,0.0025510,0.0000068,0.0000073
11055,0.0025486,0.0000068,0.0000073
11056,0.0025462,0.0000068,0.0000073
11057,0.0025438,0.0000068,0.0000073
11058,0.0025414,0.0000068,0.0000073
11059,0.0025391,0.0000068,0.0000073
11060,0.0025367,0.0000068,0.0000073
11061,0.0025344,0.0000068,0.0000073
11062,0.0025320,0.0000068,0.0000073
11063,0.0025297,0.0000068,0.0000073
11064,0.0025274,0.0000068,0.0000073
11065,0.0025250,0.0000068,0.0000073
11066,0.0025227,0.0000068,0.0000073
11067,0.0025204,0.0000068,0.0000073
11068,0.0025181,0.0000068,0.0000073
11069,0.0025158,0.0000068,0.0000073
11070,0.0025136,0.0000068,0.0000073
11071,0.0025113,0.0000068,0.0000073
11072,0.0025090,0.0000068,0.0000073
11073,0.0025067,0.0000068,0.0000073
11074,0.0025045,0.0000068,0.0000073
11075,0.0025022,0.0000068,0.0000073
11076,0.0025000,0.0000068,0.0000073
11077,0.0024978,0.0000068,0.0000073
11078,0.0024955,0.0000068,0.0000073
11079,0.0024933,0.0000068,0.0000073
11080,0.0024911,0.0000068,0.0000073
11081,0.0024889,0.0000068,0.0000073
11082,0.0024867,0.0000068,0.0000073
11083,0.0024845,0.0000068,0.0000073
11084,0.0024824,0.0000068,0.0000073
11085,0.0024802,0.0000068,0.0000073
11086,0.0024780,0.0000068,0.0000073
11087,0.0024759,0.0000068,0.0000073
11088,0.0024737,0.0000068,0.0000073
11089,0.0024716,0.0000068,0.0000073
11090,0.0024695,0.0000068,0.0000073
11091,0.0024673,0.0000068,0.0000073
11092,0.0024652,0.0000068,0.0000073
11093,0.0024631,0.0000068,0.0000073
11094,0.0024610,0.0000068,0.0000073
11095,0.0024589,0.0000068,0.0000073
11096,0.0024568,0.0000068,0.0000073
11097,0.0024547,0.0000068,0.0000073
11098,0.0024527,0.0000068,0.0000073
11099,0.0024506,0.0000068,0.0000073
11100,0.0024486,0.0000068,0.0000073
11101,0.0024465,0.0000068,0.0000073
11102,0.0024445,0.0000068,0.0000073
11103,0.0024424,0.0000068,0.0000073
11104,0.0024404,0.0000068,0.0000073
11105,0.0024384,0.0000068,0.0000074
11106,0.0024364,0.0000068,0.0000074
11107,0.0024344,0.0000068,0.0000074
11108,0.0024324,0.0000068,0.0000074
11109,0.0024304,0.0000068,0.0000074
11110,0.0024285,0.0000068,0.0000074
11111,0.0024265,0.0000068,0.0000074
11112,0.0024245,0.0000068,0.0000074
11113,0.0024226,0.0000068,0.0000074
11114,0.0024206,0.0000068,0.0000074
11115,0.0024187,0.0000068,0.0000074
11116,0.0024168,0.0000068,0.0000074
11117,0.0024149,0.0000068,0.0000074
11118,0.0024129,0.0000068,0.0000074
11119,0.0024110,0.0000068,0.0000074
11120,0.0024091,0.0000068,0.0000074
11121,0.0024073,0.0000068,0.0000074
11122,0.0024054,0.0000068,0.0000074
11123,0.0024035,0.0000068,0.0000074
11124,0.0024016,0.0000068,0.0000074
11125,0.0023998,0.0000068,0.0000074
11126,0.0023979,0.0000068,0.0000074
11127,0.0023961,0.0000068,0.0000074
11128,0.0023943,0.0000068,0.0000074
11129,0.0023925,0.0000068,0.0000074
11130,0.0023906,0.0000068,0.0000074
11131,0.0023888,0.0000068,0.0000074
11132,0.0023870,0.0000068,0.0000074
11133,0.0023853,0.0000068,0.0000074
11134,0.0023835,0.0000068,0.0000074
11135,0.0023817,0.0000068,0.0000074
11136,0.0023799,0.0000068,0.0000074
11137,0.0023782,0.0000068,0.0000074
11138,0.0023764,0.0000068,0.0000074
11139,0.0023747,0.0000068,0.0000074
11140,0.0023730,0.0000068,0.0000074
11141,0.0023712,0.0000068,0.0000074
11142,0.0023695,0.0000068,0.0000074
11143,0.0023678,0.0000068,0.0000074
11144,0.0023661,0.0000068,0.0000074
11145,0.0023644,0.0000068,0.0000074
11146,0.0023628,0.0000068,0.0000074
11147,0.0023611,0.0000068,0.0000074
11148,0.0023594,0.0000068,0.0000074
11149,0.0023578,0.0000068,0.0000074
11150,0.0023561,0.0000068,0.0000074
11151,0.0023545,0.0000068,0.0000074
11152,0.0023528,0.0000068,0.0000074
11153,0.0023512,0.0000068,0.0000074
11154,0.0023496,0.0000068,0.0000074
11155,0.0023480,0.0000068,0.0000074
11156,0.0023464,0.0000068,0.0000074
11157,0.0023448,0.0000068,0.0000074
11158,0.0023432,0.0000068,0.0000074
11159,0.0023417,0.0000068,0.0000074
11160,0.0023401,0.0000068,0.0000074
11161,0.0023385,0.0000069,0.0000074
11162,0.0023370,0.0000069,0.0000074
11163,0.0023355,0.0000069,0.0000074
11164,0.0023339,0.0000069,0.0000074
11165,0.0023324,0.0000069,0.0000074
11166,0.0023309,0.0000069,0.0000074
11167,0.0023294,0.0000069,0.0000074
11168,0.0023279,0.0000069,0.0000074
11169,0.0023264,0.0000069,0.0000074
11170,0.0023249,0.0000069,0.0000074
11171,0.0023235,0.0000069,0.0000074
11172,0.0023220,0.0000069,0.0000074
11173,0.0023205,0.0000069,0.0000074
11174,0.0023191,0.0000069,0.0000074
11175,0.0023177,0.0000069,0.0000074
11176,0.0023162,0.0000069,0.0000074
11177,0.0023148,0.0000069,0.0000074
11178,0.0023134,0.0000069,0.0000074
11179,0.0023120,0.0000069,0.0000074
11180,0.0023106,0.0000069,0.0000074
11181,0.0023092,0.0000069,0.0000074
11182,0.0023078,0.0000069,0.0000074
11183,0.0023065,0.0000069,0.0000074
11184,0.0023051,0.0000069,0.0000074
11185,0.0023037,0.0000069,0.0000074
11186,0.0023024,0.0000069,0.0000074
11187,0.0023011,0.0000069,0.0000074
11188,0.0022997,0.0000069,0.0000074
11189,0.0022984,0.0000069,0.0000074
11190,0.0022971,0.0000069,0.0000074
11191,0.0022958,0.0000069,0.0000074
11192,0.0022945,0.0000069,0.0000074
11193,0.0022932,0.0000069,0.0000074
11194,0.0022919,0.0000069,0.0000074
11195,0.0022907,0.0000069,0.0000074
11196,0.0022894,0.0000069,0.0000074
11197,0.0022882,0.0000069,0.0000074
11198,0.0022869,0.0000069,0.0000074
11199,0.0022857,0.0000069,0.0000074
11200,0.0022845,0.0000069,0.0000074
11201,0.0022832,0.0000069,0.0000074
11202,0.0022820,0.0000069,0.0000074
11203,0.0022808,0.0000069,0.0000074
11204,0.0022796,0.0000069,0.0000074
11205,0.0022785,0.0000069,0.0000074
11206,0.0022773,0.0000069,0.0000074
11207,0.0022761,0.0000069,0.0000074
11208,0.0022750,0.0000069,0.0000074
11209,0.0022738,0.0000069,0.0000074
11210,0.0022727,0.0000069,0.0000074
11211,0.0022715,0.0000069,0.0000074
11212,0.0022704,0.0000069,0.0000074
11213,0.0022693,0.0000069,0.0000074
11214,0.0022682,0.0000069,0.0000074
11215,0.0022671,0.0000069,0.0000074
11216,0.0022660,0.0000069,0.0000074
11217,0.0022649,0.0000069,0.0000075
11218,0.0022638,0.0000069,0.0000075
11219,0.0022628,0.0000069,0.0000075
11220,0.0022617,0.0000069,0.0000075
11221,0.0022607,0.0000069,0.0000075
11222,0.0022596,0.0000069,0.0000075
11223,0.0022586,0.0000069,0.0000075
11224,0.0022576,0.0000069,0.0000075
11225,0.0022566,0.0000069,0.0000075
11226,0.0022556,0.0000069,0.0000075
11227,0.0022546,0.0000069,0.0000075
11228,0.0022536,0.0000069,0.0000075
11229,0.0022526,0.0000070,0.0000075
11230,0.0022516,0.0000070,0.0000075
11231,0.0022506,0.0000070,0.0000075
11232,0.0022497,0.0000070,0.0000075
11233,0.0022487,0.0000070,0.0000075
11234,0.0022478,0.0000070,0.0000075
11235,0.0022469,0.0000070,0.0000075
11236,0.0022460,0.0000070,0.0000075
11237,0.0022450,0.0000070,0.0000075
11238,0.0022441,0.0000070,0.0000075
11239,0.0022432,0.0000070,0.0000075
11240,0.0022423,0.0000070,0.0000075
11241,0.0022415,0.0000070,0.0000075
11242,0.0022406,0.0000070,0.0000075
11243,0.0022397,0.0000070,0.0000075
11244,0.0022389,0.0000070,0.0000075
11245,0.0022380,0.0000070,0.0000075
11246,0.0022372,0.0000070,0.0000075
11247,0.0022363,0.0000070,0.0000075
11248,0.0022355,0.0000070,0.0000075
11249,0.0022347,0.0000070,0.0000075
11250,0.0022339,0.0000070,0.0000075
11251,0.0022331,0.0000070,0.0000075
11252,0.0022323,0.0000070,0.0000075
11253,0.0022315,0.0000070,0.0000075
11254,0.0022308,0.0000070,0.0000075
11255,0.0022300,0.0000070,0.0000075
11256,0.0022292,0.0000070,0.0000075
11257,0.0022285,0.0000070,0.0000075
11258,0.0022277,0.0000070,0.0000075
11259,0.0022270,0.0000070,0.0000075
11260,0.0022263,0.0000070,0.0000075
11261,0.0022256,0.0000070,0.0000075
11262,0.0022249,0.0000070,0.0000075
11263,0.0022241,0.0000070,0.0000075
11264,0.0022235,0.0000070,0.0000075
11265,0.0022228,0.0000070,0.0000075
11266,0.0022221,0.0000070,0.0000075
11267,0.0022214,0.0000070,0.0000075
11268,0.0022208,0.0000070,0.0000075
11269,0.0022201,0.0000070,0.0000075
11270,0.0022195,0.0000070,0.0000075
11271,0.0022188,0.0000070,0.0000075
11272,0.0022182,0.0000070,0.0000075
11273,0.0022176,0.0000070,0.0000075
11274,0.0022170,0.0000070,0.0000075
11275,0.0022164,0.0000070,0.0000075
11276,0.0022158,0.0000070,0.0000075
11277,0.0022152,0.0000070,0.0000075
11278,0.0022146,0.0000070,0.0000075
11279,0.0022140,0.0000070,0.0000075
11280,0.0022135,0.0000070,0.0000075
11281,0.0022129,0.0000070,0.0000075
11282,0.0022123,0.0000070,0.0000075
11283,0.0022118,0.0000070,0.0000075
11284,0.0022113,0.0000070,0.0000075
11285,0.0022107,0.0000070,0.0000075
11286,0.0022102,0.0000070,0.0000075
11287,0.0022097,0.0000070,0.0000076
11288,0.0022092,0.0000071,0.0000076
11289,0.0022087,0.0000071,0.0000076
11290,0.0022082,0.0000071,0.0000076
11291,0.0022078,0.0000071,0.0000076
11292,0.0022073,0.0000071,0.0000076
11293,0.0022068,0.0000071,0.0000076
11294,0.0022064,0.0000071,0.0000076
11295,0.0022059,0.0000071,0.0000076
11296,0.0022055,0.0000071,0.0000076
11297,0.0022050,0.0000071,0.0000076
11298,0.0022046,0.0000071,0.0000076
11299,0.0022042,0.0000071,0.0000076
11300,0.0022038,0.0000071,0.0000076
11301,0.0022034,0.0000071,0.0000076
11302,0.0022030,0.0000071,0.0000076
11303,0.0022026,0.0000071,0.0000076
11304,0.0022022,0.0000071,0.0000076
11305,0.0022018,0.0000071,0.0000076
11306,0.0022015,0.0000071,0.0000076
11307,0.0022011,0.0000071,0.0000076
11308,0.0022008,0.0000071,0.0000076
11309,0.0022004,0.0000071,0.0000076
11310,0.0022001,0.0000071,0.0000076
11311,0.0021998,0.0000071,0.0000076
11312,0.0021994,0.0000071,0.0000076
11313,0.0021991,0.0000071,0.0000076
11314,0.0021988,0.0000071,0.0000076
11315,0.0021985,0.0000071,0.0000076
11316,0.0021982,0.0000071,0.0000076
11317,0.0021979,0.0000071,0.0000076
11318,0.0021977,0.0000071,0.0000076
11319,0.0021974,0.0000071,0.0000076
11320,0.0021971,0.0000071,0.0000076
11321,0.0021969,0.0000071,0.0000076
11322,0.0021966,0.0000071,0.0000076
11323,0.0021964,0.0000071,0.0000076
11324,0.0021962,0.0000071,0.0000076
11325,0.0021959,0.0000071,0.0000076
11326,0.0021957,0.0000071,0.0000076
11327,0.0021955,0.0000071,0.0000076
11328,0.0021953,0.0000071,0.0000076
11329,0.0021951,0.0000071,0.0000076
11330,0.0021949,0.0000071,0.0000076
11331,0.0021947,0.0000071,0.0000076
11332,0.0021946,0.0000071,0.0000076
11333,0.0021944,0.0000071,0.0000076
11334,0.0021942,0.0000071,0.0000076
11335,0.0021941,0.0000071,0.0000076
11336,0.0021939,0.0000071,0.0000076
11337,0.0021938,0.0000071,0.0000076
11338,0.0021936,0.0000071,0.0000076
11339,0.0021935,0.0000071,0.0000076
11340,0.0021934,0.0000071,0.0000076
11341,0.0021933,0.0000071,0.0000076
11342,0.0021932,0.0000071,0.0000076
11343,0.0021931,0.0000071,0.0000076
11344,0.0021930,0.0000072,0.0000076
11345,0.0021929,0.0000072,0.0000076
11346,0.0021928,0.0000072,0.0000076
11347,0.0021927,0.0000072,0.0000076
11348,0.0021927,0.0000072,0.0000076
11349,0.0021926,0.0000072,0.0000076
11350,0.0021926,0.0000072,0.0000076
11351,0.0021925,0.0000072,0.0000076
11352,0.0021925,0.0000072,0.0000076
11353,0.0021924,0.0000072,0.0000076
11354,0.0021924,0.0000072,0.0000077
11355,0.0021924,0.0000072,0.0000077
11356,0.0021924,0.0000072,0.0000077
11357,0.0021924,0.0000072,0.0000077
11358,0.0021924,0.0000072,0.0000077
11359,0.0021924,0.0000072,0.0000077
11360,0.0021924,0.0000072,0.0000077
11361,0.0021924,0.0000072,0.0000077
11362,0.0021924,0.0000072,0.0000077
11363,0.0021925,0.0000072,0.0000077
11364,0.0021925,0.0000072,0.0000077
11365,0.0021925,0.0000072,0.0000077
11366,0.0021926,0.0000072,0.0000077
11367,0.0021926,0.0000072,0.0000077
11368,0.0021927,0.0000072,0.0000077
11369,0.0021928,0.0000072,0.0000077
11370,0.0021928,0.0000072,0.0000077
11371,0.0021929,0.0000072,0.0000077
11372,0.0021930,0.0000072,0.0000077
11373,0.0021931,0.0000072,0.0000077
11374,0.0021932,0.0000072,0.0000077
11375,0.0021933,0.0000072,0.0000077
11376,0.0021934,0.0000072,0.0000077
11377,0.0021935,0.0000072,0.0000077
11378,0.0021937,0.0000072,0.0000077
11379,0.0021938,0.0000072,0.0000077
11380,0.0021939,0.0000072,0.0000077
11381,0.0021941,0.0000072,0.0000077
11382,0.0021942,0.0000072,0.0000077
11383,0.0021944,0.0000072,0.0000077
11384,0.0021945,0.0000072,0.0000077
11385,0.0021947,0.0000072,0.0000077
11386,0.0021949,0.0000072,0.0000077
11387,0.0021951,0.0000072,0.0000077
11388,0.0021952,0.0000072,0.0000077
11389,0.0021954,0.0000072,0.0000077
11390,0.0021956,0.0000072,0.0000077
11391,0.0021958,0.0000072,0.0000077
11392,0.0021960,0.0000072,0.0000077
11393,0.0021962,0.0000072,0.0000077
11394,0.0021965,0.0000072,0.0000077
11395,0.0021967,0.0000072,0.0000077
11396,0.0021969,0.0000072,0.0000077
11397,0.0021971,0.0000072,0.0000077
11398,0.0021974,0.0000072,0.0000077
11399,0.0021976,0.0000072,0.0000077
11400,0.0021979,0.0000072,0.0000077
11401,0.0021981,0.0000072,0.0000077
11402,0.0021984,0.0000072,0.0000077
11403,0.0021987,0.0000072,0.0000077
11404,0.0021989,0.0000073,0.0000077
11405,0.0021992,0.0000073,0.0000077
11406,0.0021995,0.0000073,0.0000077
11407,0.0021998,0.0000073,0.0000077
11408,0.0022001,0.0000073,0.0000077
11409,0.0022004,0.0000073,0.0000077
11410,0.0022007,0.0000073,0.0000077
11411,0.0022010,0.0000073,0.0000077
11412,0.0022013,0.0000073,0.0000077
11413,0.0022016,0.0000073,0.0000077
11414,0.0022020,0.0000073,0.0000077
11415,0.0022023,0.0000073,0.0000077
11416,0.0022026,0.0000073,0.0000077
11417,0.0022030,0.0000073,0.0000077
11418,0.0022033,0.0000073,0.0000077
11419,0.0022037,0.0000073,0.0000077
11420,0.0022040,0.0000073,0.0000077
11421,0.0022044,0.0000073,0.0000077
11422,0.0022047,0.0000073,0.0000077
11423,0.0022051,0.0000073,0.0000077
11424,0.0022055,0.0000073,0.0000077
11425,0.0022059,0.0000073,0.0000077
11426,0.0022063,0.0000073,0.0000077
11427,0.0022067,0.0000073,0.0000077
11428,0.0022070,0.0000073,0.0000078
11429,0.0022074,0.0000073,0.0000078
11430,0.0022079,0.0000073,0.0000078
11431,0.0022083,0.0000073,0.0000078
11432,0.0022087,0.0000073,0.0000078
11433,0.0022091,0.0000073,0.0000078
11434,0.0022095,0.0000073,0.0000078
11435,0.0022099,0.0000073,0.0000078
11436,0.0022104,0.0000073,0.0000078
11437,0.0022108,0.0000073,0.0000078
11438,0.0022113,0.0000073,0.0000078
11439,0.0022117,0.0000073,0.0000078
11440,0.0022122,0.0000073,0.0000078
11441,0.0022126,0.0000073,0.0000078
11442,0.0022131,0.0000073,0.0000078
11443,0.0022135,0.0000073,0.0000078
11444,0.0022140,0.0000073,0.0000078
11445,0.0022145,0.0000073,0.0000078
11446,0.0022150,0.0000073,0.0000078
11447,0.0022154,0.0000073,0.0000078
11448,0.0022159,0.0000073,0.0000078
11449,0.0022164,0.0000073,0.0000078
11450,0.0022169,0.0000073,0.0000078
11451,0.0022174,0.0000073,0.0000078
11452,0.0022179,0.0000073,0.0000078
11453,0.0022184,0.0000073,0.0000078
11454,0.0022189,0.0000073,0.0000078
11455,0.0022194,0.0000073,0.0000078
11456,0.0022200,0.0000073,0.0000078
11457,0.0022205,0.0000073,0.0000078
11458,0.0022210,0.0000073,0.0000078
11459,0.0022216,0.0000073,0.0000078
11460,0.0022221,0.0000073,0.0000078
11461,0.0022226,0.0000073,0.0000078
11462,0.0022232,0.0000073,0.0000078
11463,0.0022237,0.0000073,0.0000078
11464,0.0022243,0.0000073,0.0000078
11465,0.0022248,0.0000073,0.0000078
11466,0.0022254,0.0000073,0.0000078
11467,0.0022260,0.0000073,0.0000078
11468,0.0022265,0.0000073,0.0000078
11469,0.0022271,0.0000073,0.0000078
11470,0.0022277,0.0000073,0.0000078
11471,0.0022282,0.0000073,0.0000078
11472,0.0022288,0.0000073,0.0000078
11473,0.0022294,0.0000074,0.0000078
11474,0.0022300,0.0000074,0.0000078
11475,0.0022306,0.0000074,0.0000078
11476,0.0022312,0.0000074,0.0000078
11477,0.0022318,0.0000074,0.0000078
11478,0.0022324,0.0000074,0.0000078
11479,0.0022330,0.0000074,0.0000078
11480,0.0022336,0.0000074,0.0000078
11481,0.0022342,0.0000074,0.0000078
11482,0.0022348,0.0000074,0.0000078
11483,0.0022355,0.0000074,0.0000078
11484,0.0022361,0.0000074,0.0000078
11485,0.0022367,0.0000074,0.0000078
11486,0.0022374,0.0000074,0.0000078
11487,0.0022380,0.0000074,0.0000078
11488,0.0022386,0.0000074,0.0000078
11489,0.0022393,0.0000074,0.0000078
11490,0.0022399,0.0000074,0.0000078
11491,0.0022406,0.0000074,0.0000078
11492,0.0022412,0.0000074,0.0000078
11493,0.0022419,0.0000074,0.0000078
11494,0.0022425,0.0000074,0.0000078
11495,0.0022432,0.0000074,0.0000078
11496,0.0022438,0.0000074,0.0000078
11497,0.0022445,0.0000074,0.0000078
11498,0.0022452,0.0000074,0.0000078
11499,0.0022459,0.0000074,0.0000078
11500,0.0022465,0.0000074,0.0000078
11501,0.0022472,0.0000074,0.0000078
11502,0.0022479,0.0000074,0.0000078
11503,0.0022486,0.0000074,0.0000078
11504,0.0022493,0.0000074,0.0000078
11505,0.0022500,0.0000074,0.0000078
11506,0.0022506,0.0000074,0.0000078
11507,0.0022513,0.0000074,0.0000078
11508,0.0022520,0.0000074,0.0000078
11509,0.0022527,0.0000074,0.0000078
11510,0.0022535,0.0000074,0.0000078
11511,0.0022542,0.0000074,0.0000078
11512,0.0022549,0.0000074,0.0000078
11513,0.0022556,0.0000074,0.0000078
11514,0.0022563,0.0000074,0.0000078
11515,0.0022570,0.0000074,0.0000078
11516,0.0022577,0.0000074,0.0000078
11517,0.0022585,0.0000074,0.0000078
11518,0.0022592,0.0000074,0.0000078
11519,0.0022599,0.0000074,0.0000078
11520,0.0022606,0.0000074,0.0000078
11521,0.0022614,0.0000074,0.0000078
11522,0.0022621,0.0000074,0.0000078
11523,0.0022628,0.0000074,0.0000078
11524,0.0022636,0.0000074,0.0000078
11525,0.0022643,0.0000074,0.0000078
11526,0.0022651,0.0000074,0.0000078
11527,0.0022658,0.0000074,0.0000078
11528,0.0022666,0.0000074,0.0000078
11529,0.0022673,0.0000074,0.0000078
11530,0.0022681,0.0000074,0.0000078
11531,0.0022688,0.0000074,0.0000078
11532,0.0022696,0.0000074,0.0000079
11533,0.0022704,0.0000074,0.0000079
11534,0.0022711,0.0000074,0.0000079
11535,0.0022719,0.0000074,0.0000079
11536,0.0022727,0.0000074,0.0000079
11537,0.0022734,0.0000074,0.0000079
11538,0.0022742,0.0000074,0.0000079
11539,0.0022750,0.0000074,0.0000079
11540,0.0022757,0.0000074,0.0000079
11541,0.0022765,0.0000074,0.0000079
11542,0.0022773,0.0000074,0.0000079
11543,0.0022781,0.0000074,0.0000079
11544,0.0022789,0.0000074,0.0000079
11545,0.0022797,0.0000074,0.0000079
11546,0.0022804,0.0000074,0.0000079
11547,0.0022812,0.0000074,0.0000079
11548,0.0022820,0.0000074,0.0000079
11549,0.0022828,0.0000074,0.0000079
11550,0.0022836,0.0000074,0.0000079
11551,0.0022844,0.0000074,0.0000079
11552,0.0022852,0.0000074,0.0000079
11553,0.0022860,0.0000074,0.0000079
11554,0.0022868,0.0000074,0.0000079
11555,0.0022876,0.0000074,0.0000079
11556,0.0022884,0.0000074,0.0000079
11557,0.0022892,0.0000074,0.0000079
11558,0.0022900,0.0000074,0.0000079
11559,0.0022909,0.0000074,0.0000079
11560,0.0022917,0.0000074,0.0000079
11561,0.0022925,0.0000074,0.0000079
11562,0.0022933,0.0000074,0.0000079
11563,0.0022941,0.0000074,0.0000079
11564,0.0022949,0.0000074,0.0000079
11565,0.0022957,0.0000074,0.0000079
11566,0.0022966,0.0000074,0.0000079
11567,0.0022974,0.0000074,0.0000079
11568,0.0022982,0.0000074,0.0000079
11569,0.0022990,0.0000074,0.0000079
11570,0.0022999,0.0000074,0.0000079
11571,0.0023007,0.0000074,0.0000079
11572,0.0023015,0.0000074,0.0000079
11573,0.0023024,0.0000074,0.0000079
11574,0.0023032,0.0000074,0.0000079
11575,0.0023040,0.0000074,0.0000079
11576,0.0023049,0.0000075,0.0000079
11577,0.0023057,0.0000075,0.0000079
11578,0.0023065,0.0000075,0.0000079
11579,0.0023074,0.0000075,0.0000079
11580,0.0023082,0.0000075,0.0000079
11581,0.0023090,0.0000075,0.0000079
11582,0.0023099,0.0000075,0.0000079
11583,0.0023107,0.0000075,0.0000079
11584,0.0023116,0.0000075,0.0000079
11585,0.0023124,0.0000075,0.0000079
11586,0.0023133,0.0000075,0.0000079
11587,0.0023141,0.0000075,0.0000079
11588,0.0023150,0.0000075,0.0000079
11589,0.0023158,0.0000075,0.0000079
11590,0.0023167,0.0000075,0.0000079
11591,0.0023175,0.0000075,0.0000079
11592,0.0023184,0.0000075,0.0000079
11593,0.0023192,0.0000075,0.0000079
11594,0.0023201,0.0000075,0.0000079
11595,0.0023209,0.0000075,0.0000079
11596,0.0023218,0.0000075,0.0000079
11597,0.0023226,0.0000075,0.0000079
11598,0.0023235,0.0000075,0.0000079
11599,0.0023243,0.0000075,0.0000079
11600,0.0023252,0.0000075,0.0000079
11601,0.0023261,0.0000075,0.0000079
11602,0.0023269,0.0000075,0.0000079
11603,0.0023278,0.0000075,0.0000079
11604,0.0023286,0.0000075,0.0000079
11605,0.0023295,0.0000075,0.0000079
11606,0.0023304,0.0000075,0.0000079
11607,0.0023312,0.0000075,0.0000079
11608,0.0023321,0.0000075,0.0000079
11609,0.0023329,0.0000075,0.0000079
11610,0.0023338,0.0000075,0.0000079
11611,0.0023347,0.0000075,0.0000079
11612,0.0023355,0.0000075,0.0000079
11613,0.0023364,0.0000075,0.0000079
11614,0.0023373,0.0000075,0.0000079
11615,0.0023381,0.0000075,0.0000079
11616,0.0023390,0.0000075,0.0000079
11617,0.0023399,0.0000075,0.0000079
11618,0.0023407,0.0000075,0.0000079
11619,0.0023416,0.0000075,0.0000079
11620,0.0023425,0.0000075,0.0000079
11621,0.0023433,0.0000075,0.0000079
11622,0.0023442,0.0000075,0.0000079
11623,0.0023451,0.0000075,0.0000079
11624,0.0023460,0.0000075,0.0000079
11625,0.0023468,0.0000075,0.0000079
11626,0.0023477,0.0000075,0.0000079
11627,0.0023486,0.0000075,0.0000079
11628,0.0023494,0.0000075,0.0000079
11629,0.0023503,0.0000075,0.0000079
11630,0.0023512,0.0000075,0.0000079
11631,0.0023520,0.0000075,0.0000079
11632,0.0023529,0.0000075,0.0000079
11633,0.0023538,0.0000075,0.0000079
11634,0.0023547,0.0000075,0.0000079
11635,0.0023555,0.0000075,0.0000079
11636,0.0023564,0.0000075,0.0000079
11637,0.0023573,0.0000075,0.0000079
11638,0.0023581,0.0000075,0.0000079
11639,0.0023590,0.0000075,0.0000079
11640,0.0023599,0.0000075,0.0000079
11641,0.0023608,0.0000075,0.0000079
11642,0.0023616,0.0000075,0.0000079
11643,0.0023625,0.0000075,0.0000079
11644,0.0023634,0.0000075,0.0000079
11645,0.0023642,0.0000075,0.0000079
11646,0.0023651,0.0000075,0.0000079
11647,0.0023660,0.0000075,0.0000079
11648,0.0023669,0.0000075,0.0000079
11649,0.0023677,0.0000075,0.0000079
11650,0.0023686,0.0000075,0.0000079
11651,0.0023695,0.0000075,0.0000079
11652,0.0023703,0.0000075,0.0000079
11653,0.0023712,0.0000075,0.0000079
11654,0.0023721,0.0000075,0.0000079
11655,0.0023729,0.0000075,0.0000079
11656,0.0023738,0.0000075,0.0000079
11657,0.0023747,0.0000075,0.0000079
11658,0.0023756,0.0000075,0.0000079
11659,0.0023764,0.0000075,0.0000079
11660,0.0023773,0.0000075,0.0000079
11661,0.0023782,0.0000075,0.0000079
11662,0.0023790,0.0000075,0.0000079
11663,0.0023799,0.0000075,0.0000079
11664,0.0023808,0.0000075,0.0000079
11665,0.0023816,0.0000075,0.0000079
11666,0.0023825,0.0000075,0.0000079
11667,0.0023833,0.0000075,0.0000079
11668,0.0023842,0.0000075,0.0000079
11669,0.0023851,0.0000075,0.0000079
11670,0.0023859,0.0000075,0.0000079
11671,0.0023868,0.0000075,0.0000079
11672,0.0023877,0.0000075,0.0000079
11673,0.0023885,0.0000075,0.0000079
11674,0.0023894,0.0000075,0.0000079
11675,0.0023902,0.0000075,0.0000079
11676,0.0023911,0.0000075,0.0000079
11677,0.0023920,0.0000075,0.0000079
11678,0.0023928,0.0000075,0.0000079
11679,0.0023937,0.0000075,0.0000079
11680,0.0023945,0.0000075,0.0000079
11681,0.0023954,0.0000075,0.0000079
11682,0.0023962,0.0000075,0.0000079
11683,0.0023971,0.0000075,0.0000079
11684,0.0023979,0.0000075,0.0000079
11685,0.0023988,0.0000075,0.0000079
11686,0.0023997,0.0000075,0.0000079
11687,0.0024005,0.0000075,0.0000079
11688,0.0024014,0.0000075,0.0000079
11689,0.0024022,0.0000075,0.0000079
11690,0.0024030,0.0000075,0.0000079
11691,0.0024039,0.0000075,0.0000079
11692,0.0024047,0.0000075,0.0000079
11693,0.0024056,0.0000075,0.0000079
11694,0.0024064,0.0000075,0.0000079
11695,0.0024073,0.0000075,0.0000079
11696,0.0024081,0.0000075,0.0000079
11697,0.0024090,0.0000075,0.0000079
11698,0.0024098,0.0000075,0.0000079
11699,0.0024106,0.0000075,0.0000079
11700,0.0024115,0.0000075,0.0000079
11701,0.0024123,0.0000075,0.0000078
11702,0.0024132,0.0000075,0.0000078
11703,0.0024140,0.0000075,0.0000078
11704,0.0024148,0.0000075,0.0000078
11705,0.0024157,0.0000075,0.0000078
11706,0.0024165,0.0000075,0.0000078
11707,0.0024173,0.0000075,0.0000078
11708,0.0024182,0.0000075,0.0000078
11709,0.0024190,0.0000075,0.0000078
11710,0.0024198,0.0000075,0.0000078
11711,0.0024206,0.0000075,0.0000078
11712,0.0024215,0.0000075,0.0000078
11713,0.0024223,0.0000075,0.0000078
11714,0.0024231,0.0000075,0.0000078
11715,0.0024239,0.0000075,0.0000078
11716,0.0024248,0.0000075,0.0000078
11717,0.0024256,0.0000075,0.0000078
11718,0.0024264,0.0000075,0.0000078
11719,0.0024272,0.0000075,0.0000078
11720,0.0024280,0.0000075,0.0000078
11721,0.0024289,0.0000075,0.0000078
11722,0.0024297,0.0000075,0.0000078
11723,0.0024305,0.0000075,0.0000078
11724,0.0024313,0.0000075,0.0000078
11725,0.0024321,0.0000075,0.0000078
11726,0.0024329,0.0000075,0.0000078
11727,0.0024337,0.0000075,0.0000078
11728,0.0024345,0.0000075,0.0000078
11729,0.0024353,0.0000075,0.0000078
11730,0.0024361,0.0000075,0.0000078
11731,0.0024369,0.0000075,0.0000078
11732,0.0024377,0.0000075,0.0000078
11733,0.0024385,0.0000075,0.0000078
11734,0.0024393,0.0000075,0.0000078
11735,0.0024401,0.0000075,0.0000078
11736,0.0024409,0.0000075,0.0000078
11737,0.0024417,0.0000075,0.0000078
11738,0.0024425,0.0000075,0.0000078
11739,0.0024433,0.0000075,0.0000078
11740,0.0024441,0.0000075,0.0000078
11741,0.0024449,0.0000075,0.0000078
11742,0.0024456,0.0000075,0.0000078
11743,0.0024464,0.0000075,0.0000078
11744,0.0024472,0.0000075,0.0000078
11745,0.0024480,0.0000074,0.0000078
11746,0.0024488,0.0000074,0.0000078
11747,0.0024495,0.0000074,0.0000078
11748,0.0024503,0.0000074,0.0000078
11749,0.0024511,0.0000074,0.0000078
11750,0.0024519,0.0000074,0.0000078
11751,0.0024526,0.0000074,0.0000078
11752,0.0024534,0.0000074,0.0000078
11753,0.0024542,0.0000074,0.0000078
11754,0.0024549,0.0000074,0.0000078
11755,0.0024557,0.0000074,0.0000078
11756,0.0024565,0.0000074,0.0000078
11757,0.0024572,0.0000074,0.0000078
11758,0.0024580,0.0000074,0.0000078
11759,0.0024587,0.0000074,0.0000078
11760,0.0024595,0.0000074,0.0000078
11761,0.0024602,0.0000074,0.0000078
11762,0.0024610,0.0000074,0.0000078
11763,0.0024618,0.0000074,0.0000078
11764,0.0024625,0.0000074,0.0000078
11765,0.0024632,0.0000074,0.0000078
11766,0.0024640,0.0000074,0.0000078
11767,0.0024647,0.0000074,0.0000078
11768,0.0024655,0.0000074,0.0000078
11769,0.0024662,0.0000074,0.0000078
11770,0.0024669,0.0000074,0.0000078
11771,0.0024677,0.0000074,0.0000078
11772,0.0024684,0.0000074,0.0000078
11773,0.0024691,0.0000074,0.0000078
11774,0.0024699,0.0000074,0.0000078
11775,0.0024706,0.0000074,0.0000078
11776,0.0024713,0.0000074,0.0000078
11777,0.0024720,0.0000074,0.0000078
11778,0.0024728,0.0000074,0.0000078
11779,0.0024735,0.0000074,0.0000078
11780,0.0024742,0.0000074,0.0000078
11781,0.0024749,0.0000074,0.0000078
11782,0.0024756,0.0000074,0.0000078
11783,0.0024763,0.0000074,0.0000078
11784,0.0024771,0.0000074,0.0000078
11785,0.0024778,0.0000074,0.0000078
11786,0.0024785,0.0000074,0.0000078
11787,0.0024792,0.0000074,0.0000078
11788,0.0024799,0.0000074,0.0000078
11789,0.0024806,0.0000074,0.0000078
11790,0.0024813,0.0000074,0.0000078
11791,0.0024820,0.0000074,0.0000078
11792,0.0024827,0.0000074,0.0000078
11793,0.0024833,0.0000074,0.0000078
11794,0.0024840,0.0000074,0.0000077
11795,0.0024847,0.0000074,0.0000077
11796,0.0024854,0.0000074,0.0000077
11797,0.0024861,0.0000074,0.0000077
11798,0.0024868,0.0000074,0.0000077
11799,0.0024874,0.0000074,0.0000077
11800,0.0024881,0.0000074,0.0000077
11801,0.0024888,0.0000074,0.0000077
11802,0.0024895,0.0000074,0.0000077
11803,0.0024901,0.0000074,0.0000077
11804,0.0024908,0.0000074,0.0000077
11805,0.0024915,0.0000074,0.0000077
11806,0.0024921,0.0000074,0.0000077
11807,0.0024928,0.0000074,0.0000077
11808,0.0024934,0.0000074,0.0000077
11809,0.0024941,0.0000074,0.0000077
11810,0.0024948,0.0000074,0.0000077
11811,0.0024954,0.0000074,0.0000077
11812,0.0024961,0.0000074,0.0000077
11813,0.0024967,0.0000074,0.0000077
11814,0.0024973,0.0000074,0.0000077
11815,0.0024980,0.0000074,0.0000077
11816,0.0024986,0.0000074,0.0000077
11817,0.0024993,0.0000074,0.0000077
11818,0.0024999,0.0000074,0.0000077
11819,0.0025005,0.0000074,0.0000077
11820,0.0025012,0.0000074,0.0000077
11821,0.0025018,0.0000074,0.0000077
11822,0.0025024,0.0000074,0.0000077
11823,0.0025030,0.0000074,0.0000077
11824,0.0025037,0.0000074,0.0000077
11825,0.0025043,0.0000074,0.0000077
11826,0.0025049,0.0000074,0.0000077
11827,0.0025055,0.0000074,0.0000077
11828,0.0025061,0.0000074,0.0000077
11829,0.0025067,0.0000074,0.0000077
11830,0.0025073,0.0000074,0.0000077
11831,0.0025079,0.0000074,0.0000077
11832,0.0025085,0.0000074,0.0000077
11833,0.0025091,0.0000074,0.0000077
11834,0.0025097,0.0000074,0.0000077
11835,0.0025103,0.0000074,0.0000077
11836,0.0025109,0.0000074,0.0000077
11837,0.0025115,0.0000074,0.0000077
11838,0.0025121,0.0000074,0.0000077
11839,0.0025127,0.0000074,0.0000077
11840,0.0025133,0.0000074,0.0000077
11841,0.0025138,0.0000073,0.0000077
11842,0.0025144,0.0000073,0.0000077
11843,0.0025150,0.0000073,0.0000077
11844,0.0025156,0.0000073,0.0000077
11845,0.0025161,0.0000073,0.0000077
11846,0.0025167,0.0000073,0.0000077
11847,0.0025172,0.0000073,0.0000077
11848,0.0025178,0.0000073,0.0000077
11849,0.0025184,0.0000073,0.0000077
11850,0.0025189,0.0000073,0.0000077
11851,0.0025195,0.0000073,0.0000077
11852,0.0025200,0.0000073,0.0000076
11853,0.0025206,0.0000073,0.0000076
11854,0.0025211,0.0000073,0.0000076
11855,0.0025217,0.0000073,0.0000076
11856,0.0025222,0.0000073,0.0000076
11857,0.0025227,0.0000073,0.0000076
11858,0.0025233,0.0000073,0.0000076
11859,0.0025238,0.0000073,0.0000076
11860,0.0025243,0.0000073,0.0000076
11861,0.0025249,0.0000073,0.0000076
11862,0.0025254,0.0000073,0.0000076
11863,0.0025259,0.0000073,0.0000076
11864,0.0025264,0.0000073,0.0000076
11865,0.0025269,0.0000073,0.0000076
11866,0.0025275,0.0000073,0.0000076
11867,0.0025280,0.0000073,0.0000076
11868,0.0025285,0.0000073,0.0000076
11869,0.0025290,0.0000073,0.0000076
11870,0.0025295,0.0000073,0.0000076
11871,0.0025300,0.0000073,0.0000076
11872,0.0025305,0.0000073,0.0000076
11873,0.0025310,0.0000073,0.0000076
11874,0.0025315,0.0000073,0.0000076
11875,0.0025319,0.0000073,0.0000076
11876,0.0025324,0.0000073,0.0000076
11877,0.0025329,0.0000073,0.0000076
11878,0.0025334,0.0000073,0.0000076
11879,0.0025339,0.0000073,0.0000076
11880,0.0025344,0.0000073,0.0000076
11881,0.0025348,0.0000073,0.0000076
11882,0.0025353,0.0000073,0.0000076
11883,0.0025358,0.0000073,0.0000076
11884,0.0025362,0.0000073,0.0000076
11885,0.0025367,0.0000073,0.0000076
11886,0.0025371,0.0000073,0.0000076
11887,0.0025376,0.0000073,0.0000076
11888,0.0025380,0.0000073,0.0000076
11889,0.0025385,0.0000073,0.0000076
11890,0.0025389,0.0000073,0.0000076
11891,0.0025394,0.0000073,0.0000076
11892,0.0025398,0.0000073,0.0000076
11893,0.0025403,0.0000073,0.0000076
11894,0.0025407,0.0000073,0.0000076
11895,0.0025411,0.0000073,0.0000076
11896,0.0025416,0.0000073,0.0000076
11897,0.0025420,0.0000073,0.0000076
11898,0.0025424,0.0000073,0.0000076
11899,0.0025428,0.0000073,0.0000075
11900,0.0025433,0.0000073,0.0000075
11901,0.0025437,0.0000072,0.0000075
11902,0.0025441,0.0000072,0.0000075
11903,0.0025445,0.0000072,0.0000075
11904,0.0025449,0.0000072,0.0000075
11905,0.0025453,0.0000072,0.0000075
11906,0.0025457,0.0000072,0.0000075
11907,0.0025461,0.0000072,0.0000075
11908,0.0025465,0.0000072,0.0000075
11909,0.0025469,0.0000072,0.0000075
11910,0.0025473,0.0000072,0.0000075
11911,0.0025477,0.0000072,0.0000075
11912,0.0025480,0.0000072,0.0000075
11913,0.0025484,0.0000072,0.0000075
11914,0.0025488,0.0000072,0.0000075
11915,0.0025492,0.0000072,0.0000075
11916,0.0025495,0.0000072,0.0000075
11917,0.0025499,0.0000072,0.0000075
11918,0.0025503,0.0000072,0.0000075
11919,0.0025506,0.0000072,0.0000075
11920,0.0025510,0.0000072,0.0000075
11921,0.0025513,0.0000072,0.0000075
11922,0.0025517,0.0000072,0.0000075
11923,0.0025520,0.0000072,0.0000075
11924,0.0025524,0.0000072,0.0000075
11925,0.0025527,0.0000072,0.0000075
11926,0.0025531,0.0000072,0.0000075
11927,0.0025534,0.0000072,0.0000075
11928,0.0025537,0.0000072,0.0000075
11929,0.0025541,0.0000072,0.0000075
11930,0.0025544,0.0000072,0.0000075
11931,0.0025547,0.0000072,0.0000075
11932,0.0025551,0.0000072,0.0000075
11933,0.0025554,0.0000072,0.0000075
11934,0.0025557,0.0000072,0.0000075
11935,0.0025560,0.0000072,0.0000075
11936,0.0025563,0.0000072,0.0000075
11937,0.0025566,0.0000072,0.0000075
11938,0.0025569,0.0000072,0.0000075
11939,0.0025572,0.0000072,0.0000075
11940,0.0025575,0.0000072,0.0000074
11941,0.0025578,0.0000072,0.0000074
11942,0.0025581,0.0000072,0.0000074
11943,0.0025584,0.0000072,0.0000074
11944,0.0025587,0.0000072,0.0000074
11945,0.0025590,0.0000072,0.0000074
11946,0.0025592,0.0000072,0.0000074
11947,0.0025595,0.0000072,0.0000074
11948,0.0025598,0.0000072,0.0000074
11949,0.0025601,0.0000071,0.0000074
11950,0.0025603,0.0000071,0.0000074
11951,0.0025606,0.0000071,0.0000074
11952,0.0025609,0.0000071,0.0000074
11953,0.0025611,0.0000071,0.0000074
11954,0.0025614,0.0000071,0.0000074
11955,0.0025616,0.0000071,0.0000074
11956,0.0025619,0.0000071,0.0000074
11957,0.0025621,0.0000071,0.0000074
11958,0.0025624,0.0000071,0.0000074
11959,0.0025626,0.0000071,0.0000074
11960,0.0025628,0.0000071,0.0000074
11961,0.0025631,0.0000071,0.0000074
11962,0.0025633,0.0000071,0.0000074
11963,0.0025635,0.0000071,0.0000074
11964,0.0025637,0.0000071,0.0000074
11965,0.0025640,0.0000071,0.0000074
11966,0.0025642,0.0000071,0.0000074
11967,0.0025644,0.0000071,0.0000074
11968,0.0025646,0.0000071,0.0000074
11969,0.0025648,0.0000071,0.0000074
11970,0.0025650,0.0000071,0.0000074
11971,0.0025652,0.0000071,0.0000074
11972,0.0025654,0.0000071,0.0000074
11973,0.0025656,0.0000071,0.0000074
11974,0.0025658,0.0000071,0.0000074
11975,0.0025660,0.0000071,0.0000074
11976,0.0025662,0.0000071,0.0000073
11977,0.0025663,0.0000071,0.0000073
11978,0.0025665,0.0000071,0.0000073
11979,0.0025667,0.0000071,0.0000073
11980,0.0025669,0.0000071,0.0000073
11981,0.0025670,0.0000071,0.0000073
11982,0.0025672,0.0000071,0.0000073
11983,0.0025674,0.0000071,0.0000073
11984,0.0025675,0.0000071,0.0000073
11985,0.0025677,0.0000071,0.0000073
11986,0.0025678,0.0000071,0.0000073
11987,0.0025680,0.0000071,0.0000073
11988,0.0025681,0.0000071,0.0000073
11989,0.0025683,0.0000071,0.0000073
11990,0.0025684,0.0000071,0.0000073
11991,0.0025686,0.0000071,0.0000073
11992,0.0025687,0.0000070,0.0000073
11993,0.0025688,0.0000070,0.0000073
11994,0.0025689,0.0000070,0.0000073
11995,0.0025691,0.0000070,0.0000073
11996,0.0025692,0.0000070,0.0000073
11997,0.0025693,0.0000070,0.0000073
11998,0.0025694,0.0000070,0.0000073
11999,0.0025695,0.0000070,0.0000073
12000,0.0025696,0.0000070,0.0000073
12001,0.0025697,0.0000070,0.0000073
12002,0.0025698,0.0000070,0.0000073
12003,0.0025699,0.0000070,0.0000073
12004,0.0025700,0.0000070,0.0000073
12005,0.0025701,0.0000070,0.0000073
12006,0.0025702,0.0000070,0.0000073
12007,0.0025703,0.0000070,0.0000073
12008,0.0025704,0.0000070,0.0000073
12009,0.0025704,0.0000070,0.0000073
12010,0.0025705,0.0000070,0.0000072
12011,0.0025706,0.0000070,0.0000072
12012,0.0025707,0.0000070,0.0000072
12013,0.0025707,0.0000070,0.0000072
12014,0.0025708,0.0000070,0.0000072
12015,0.0025708,0.0000070,0.0000072
12016,0.0025709,0.0000070,0.0000072
12017,0.0025710,0.0000070,0.0000072
12018,0.0025710,0.0000070,0.0000072
12019,0.0025710,0.0000070,0.0000072
12020,0.0025711,0.0000070,0.0000072
12021,0.0025711,0.0000070,0.0000072
12022,0.0025712,0.0000070,0.0000072
12023,0.0025712,0.0000070,0.0000072
12024,0.0025712,0.0000070,0.0000072
12025,0.0025712,0.0000070,0.0000072
12026,0.0025713,0.0000070,0.0000072
12027,0.0025713,0.0000070,0.0000072
12028,0.0025713,0.0000070,0.0000072
12029,0.0025713,0.0000070,0.0000072
12030,0.0025713,0.0000069,0.0000072
12031,0.0025713,0.0000069,0.0000072
12032,0.0025713,0.0000069,0.0000072
12033,0.0025713,0.0000069,0.0000072
12034,0.0025713,0.0000069,0.0000072
12035,0.0025713,0.0000069,0.0000072
12036,0.0025713,0.0000069,0.0000072
12037,0.0025713,0.0000069,0.0000072
12038,0.0025713,0.0000069,0.0000072
12039,0.0025713,0.0000069,0.0000072
12040,0.0025712,0.0000069,0.0000072
12041,0.0025712,0.0000069,0.0000071
12042,0.0025712,0.0000069,0.0000071
12043,0.0025711,0.0000069,0.0000071
12044,0.0025711,0.0000069,0.0000071
12045,0.0025711,0.0000069,0.0000071
12046,0.0025710,0.0000069,0.0000071
12047,0.0025710,0.0000069,0.0000071
12048,0.0025709,0.0000069,0.0000071
12049,0.0025709,0.0000069,0.0000071
12050,0.0025708,0.0000069,0.0000071
12051,0.0025707,0.0000069,0.0000071
12052,0.0025707,0.0000069,0.0000071
12053,0.0025706,0.0000069,0.0000071
12054,0.0025705,0.0000069,0.0000071
12055,0.0025705,0.0000069,0.0000071
12056,0.0025704,0.0000069,0.0000071
12057,0.0025703,0.0000069,0.0000071
12058,0.0025702,0.0000069,0.0000071
12059,0.0025701,0.0000069,0.0000071
12060,0.0025700,0.0000069,0.0000071
12061,0.0025699,0.0000069,0.0000071
12062,0.0025698,0.0000069,0.0000071
12063,0.0025697,0.0000069,0.0000071
12064,0.0025696,0.0000068,0.0000071
12065,0.0025695,0.0000068,0.0000071
12066,0.0025694,0.0000068,0.0000071
12067,0.0025693,0.0000068,0.0000071
12068,0.0025692,0.0000068,0.0000071
12069,0.0025691,0.0000068,0.0000071
12070,0.0025689,0.0000068,0.0000071
12071,0.0025688,0.0000068,0.0000070
12072,0.0025687,0.0000068,0.0000070
12073,0.0025685,0.0000068,0.0000070
12074,0.0025684,0.0000068,0.0000070
12075,0.0025683,0.0000068,0.0000070
12076,0.0025681,0.0000068,0.0000070
12077,0.0025680,0.0000068,0.0000070
12078,0.0025678,0.0000068,0.0000070
12079,0.0025677,0.0000068,0.0000070
12080,0.0025675,0.0000068,0.0000070
12081,0.0025674,0.0000068,0.0000070
12082,0.0025672,0.0000068,0.0000070
12083,0.0025670,0.0000068,0.0000070
12084,0.0025669,0.0000068,0.0000070
12085,0.0025667,0.0000068,0.0000070
12086,0.0025665,0.0000068,0.0000070
12087,0.0025663,0.0000068,0.0000070
12088,0.0025661,0.0000068,0.0000070
12089,0.0025659,0.0000068,0.0000070
12090,0.0025658,0.0000068,0.0000070
12091,0.0025656,0.0000068,0.0000070
12092,0.0025654,0.0000068,0.0000070
12093,0.0025652,0.0000068,0.0000070
12094,0.0025650,0.0000068,0.0000070
12095,0.0025647,0.0000068,0.0000070
12096,0.0025645,0.0000068,0.0000070
12097,0.0025643,0.0000067,0.0000070
12098,0.0025641,0.0000067,0.0000070
12099,0.0025639,0.0000067,0.0000069
12100,0.0025637,0.0000067,0.0000069
12101,0.0025634,0.0000067,0.0000069
12102,0.0025632,0.0000067,0.0000069
12103,0.0025630,0.0000067,0.0000069
12104,0.0025627,0.0000067,0.0000069
12105,0.0025625,0.0000067,0.0000069
12106,0.0025622,0.0000067,0.0000069
12107,0.0025620,0.0000067,0.0000069
12108,0.0025617,0.0000067,0.0000069
12109,0.0025615,0.0000067,0.0000069
12110,0.0025612,0.0000067,0.0000069
12111,0.0025610,0.0000067,0.0000069
12112,0.0025607,0.0000067,0.0000069
12113,0.0025604,0.0000067,0.0000069
12114,0.0025602,0.0000067,0.0000069
12115,0.0025599,0.0000067,0.0000069
12116,0.0025596,0.0000067,0.0000069
12117,0.0025593,0.0000067,0.0000069
12118,0.0025590,0.0000067,0.0000069
12119,0.0025588,0.0000067,0.0000069
12120,0.0025585,0.0000067,0.0000069
12121,0.0025582,0.0000067,0.0000069
12122,0.0025579,0.0000067,0.0000069
12123,0.0025576,0.0000067,0.0000069
12124,0.0025573,0.0000067,0.0000069
12125,0.0025570,0.0000067,0.0000069
12126,0.0025567,0.0000067,0.0000069
12127,0.0025563,0.0000067,0.0000068
12128,0.0025560,0.0000066,0.0000068
12129,0.0025557,0.0000066,0.0000068
12130,0.0025554,0.0000066,0.0000068
12131,0.0025550,0.0000066,0.0000068
12132,0.0025547,0.0000066,0.0000068
12133,0.0025544,0.0000066,0.0000068
12134,0.0025540,0.0000066,0.0000068
12135,0.0025537,0.0000066,0.0000068
12136,0.0025534,0.0000066,0.0000068
12137,0.0025530,0.0000066,0.0000068
12138,0.0025527,0.0000066,0.0000068
12139,0.0025523,0.0000066,0.0000068
12140,0.0025520,0.0000066,0.0000068
12141,0.0025516,0.0000066,0.0000068
12142,0.0025512,0.0000066,0.0000068
12143,0.0025509,0.0000066,0.0000068
12144,0.0025505,0.0000066,0.0000068
12145,0.0025501,0.0000066,0.0000068
12146,0.0025497,0.0000066,0.0000068
12147,0.0025494,0.0000066,0.0000068
12148,0.0025490,0.0000066,0.0000068
12149,0.0025486,0.0000066,0.0000068
12150,0.0025482,0.0000066,0.0000068
12151,0.0025478,0.0000066,0.0000068
12152,0.0025474,0.0000066,0.0000068
12153,0.0025470,0.0000066,0.0000067
12154,0.0025466,0.0000066,0.0000067
12155,0.0025462,0.0000066,0.0000067
12156,0.0025458,0.0000066,0.0000067
12157,0.0025454,0.0000066,0.0000067
12158,0.0025450,0.0000065,0.0000067
12159,0.0025445,0.0000065,0.0000067
12160,0.0025441,0.0000065,0.0000067
12161,0.0025437,0.0000065,0.0000067
12162,0.0025433,0.0000065,0.0000067
12163,0.0025428,0.0000065,0.0000067
12164,0.0025424,0.0000065,0.0000067
12165,0.0025420,0.0000065,0.0000067
12166,0.0025415,0.0000065,0.0000067
12167,0.0025411,0.0000065,0.0000067
12168,0.0025406,0.0000065,0.0000067
12169,0.0025402,0.0000065,0.0000067
12170,0.0025397,0.0000065,0.0000067
12171,0.0025392,0.0000065,0.0000067
12172,0.0025388,0.0000065,0.0000067
12173,0.0025383,0.0000065,0.0000067
12174,0.0025379,0.0000065,0.0000067
12175,0.0025374,0.0000065,0.0000067
12176,0.0025369,0.0000065,0.0000067
12177,0.0025364,0.0000065,0.0000067
12178,0.0025359,0.0000065,0.0000067
12179,0.0025355,0.0000065,0.0000066
12180,0.0025350,0.0000065,0.0000066
12181,0.0025345,0.0000065,0.0000066
12182,0.0025340,0.0000065,0.0000066
12183,0.0025335,0.0000065,0.0000066
12184,0.0025330,0.0000065,0.0000066
12185,0.0025325,0.0000065,0.0000066
12186,0.0025320,0.0000065,0.0000066
12187,0.0025315,0.0000064,0.0000066
12188,0.0025310,0.0000064,0.0000066
12189,0.0025304,0.0000064,0.0000066
12190,0.0025299,0.0000064,0.0000066
12191,0.0025294,0.0000064,0.0000066
12192,0.0025289,0.0000064,0.0000066
12193,0.0025283,0.0000064,0.0000066
12194,0.0025278,0.0000064,0.0000066
12195,0.0025273,0.0000064,0.0000066
12196,0.0025267,0.0000064,0.0000066
12197,0.0025262,0.0000064,0.0000066
12198,0.0025256,0.0000064,0.0000066
12199,0.0025251,0.0000064,0.0000066
12200,0.0025245,0.0000064,0.0000066
12201,0.0025240,0.0000064,0.0000066
12202,0.0025234,0.0000064,0.0000066
12203,0.0025229,0.0000064,0.0000066
12204,0.0025223,0.0000064,0.0000065
12205,0.0025217,0.0000064,0.0000065
12206,0.0025212,0.0000064,0.0000065
12207,0.0025206,0.0000064,0.0000065
12208,0.0025200,0.0000064,0.0000065
12209,0.0025194,0.0000064,0.0000065
12210,0.0025188,0.0000064,0.0000065
12211,0.0025182,0.0000064,0.0000065
12212,0.0025177,0.0000064,0.0000065
12213,0.0025171,0.0000064,0.0000065
12214,0.0025165,0.0000064,0.0000065
12215,0.0025159,0.0000063,0.0000065
12216,0.0025153,0.0000063,0.0000065
12217,0.0025147,0.0000063,0.0000065
12218,0.0025140,0.0000063,0.0000065
12219,0.0025134,0.0000063,0.0000065
12220,0.0025128,0.0000063,0.0000065
12221,0.0025122,0.0000063,0.0000065
12222,0.0025116,0.0000063,0.0000065
12223,0.0025110,0.0000063,0.0000065
12224,0.0025103,0.0000063,0.0000065
12225,0.0025097,0.0000063,0.0000065
12226,0.0025091,0.0000063,0.0000065
12227,0.0025084,0.0000063,0.0000065
12228,0.0025078,0.0000063,0.0000065
12229,0.0025071,0.0000063,0.0000064
12230,0.0025065,0.0000063,0.0000064
12231,0.0025058,0.0000063,0.0000064
12232,0.0025052,0.0000063,0.0000064
12233,0.0025045,0.0000063,0.0000064
12234,0.0025039,0.0000063,0.0000064
12235,0.0025032,0.0000063,0.0000064
12236,0.0025025,0.0000063,0.0000064
12237,0.0025019,0.0000063,0.0000064
12238,0.0025012,0.0000063,0.0000064
12239,0.0025005,0.0000063,0.0000064
12240,0.0024999,0.0000063,0.0000064
12241,0.0024992,0.0000063,0.0000064
12242,0.0024985,0.0000062,0.0000064
12243,0.0024978,0.0000062,0.0000064
12244,0.0024971,0.0000062,0.0000064
12245,0.0024964,0.0000062,0.0000064
12246,0.0024957,0.0000062,0.0000064
12247,0.0024950,0.0000062,0.0000064
12248,0.0024943,0.0000062,0.0000064
12249,0.0024936,0.0000062,0.0000064
12250,0.0024929,0.0000062,0.0000064
12251,0.0024922,0.0000062,0.0000064
12252,0.0024915,0.0000062,0.0000064
12253,0.0024908,0.0000062,0.0000063
12254,0.0024900,0.0000062,0.0000063
12255,0.0024893,0.0000062,0.0000063
12256,0.0024886,0.0000062,0.0000063
12257,0.0024879,0.0000062,0.0000063
12258,0.0024871,0.0000062,0.0000063
12259,0.0024864,0.0000062,0.0000063
12260,0.0024856,0.0000062,0.0000063
12261,0.0024849,0.0000062,0.0000063
12262,0.0024842,0.0000062,0.0000063
12263,0.0024834,0.0000062,0.0000063
12264,0.0024827,0.0000062,0.0000063
12265,0.0024819,0.0000062,0.0000063
12266,0.0024811,0.0000062,0.0000063
12267,0.0024804,0.0000062,0.0000063
12268,0.0024796,0.0000061,0.0000063
12269,0.0024789,0.0000061,0.0000063
12270,0.0024781,0.0000061,0.0000063
12271,0.0024773,0.0000061,0.0000063
12272,0.0024765,0.0000061,0.0000063
12273,0.0024758,0.0000061,0.0000063
12274,0.0024750,0.0000061,0.0000063
12275,0.0024742,0.0000061,0.0000063
12276,0.0024734,0.0000061,0.0000063
12277,0.0024726,0.0000061,0.0000062
12278,0.0024718,0.0000061,0.0000062
12279,0.0024710,0.0000061,0.0000062
12280,0.0024702,0.0000061,0.0000062
12281,0.0024694,0.0000061,0.0000062
12282,0.0024686,0.0000061,0.0000062
12283,0.0024678,0.0000061,0.0000062
12284,0.0024670,0.0000061,0.0000062
12285,0.0024662,0.0000061,0.0000062
12286,0.0024654,0.0000061,0.0000062
12287,0.0024646,0.0000061,0.0000062
12288,0.0024637,0.0000061,0.0000062
12289,0.0024629,0.0000061,0.0000062
12290,0.0024621,0.0000061,0.0000062
12291,0.0024613,0.0000061,0.0000062
12292,0.0024604,0.0000061,0.0000062
12293,0.0024596,0.0000061,0.0000062
12294,0.0024587,0.0000060,0.0000062
12295,0.0024579,0.0000060,0.0000062
12296,0.0024571,0.0000060,0.0000062
12297,0.0024562,0.0000060,0.0000062
12298,0.0024554,0.0000060,0.0000062
12299,0.0024545,0.0000060,0.0000062
12300,0.0024536,0.0000060,0.0000062
12301,0.0024528,0.0000060,0.0000061
12302,0.0024519,0.0000060,0.0000061
12303,0.0024511,0.0000060,0.0000061
12304,0.0024502,0.0000060,0.0000061
12305,0.0024493,0.0000060,0.0000061
12306,0.0024484,0.0000060,0.0000061
12307,0.0024476,0.0000060,0.0000061
12308,0.0024467,0.0000060,0.0000061
12309,0.0024458,0.0000060,0.0000061
12310,0.0024449,0.0000060,0.0000061
12311,0.0024440,0.0000060,0.0000061
12312,0.0024431,0.0000060,0.0000061
12313,0.0024422,0.0000060,0.0000061
12314,0.0024413,0.0000060,0.0000061
12315,0.0024404,0.0000060,0.0000061
12316,0.0024395,0.0000060,0.0000061
12317,0.0024386,0.0000060,0.0000061
12318,0.0024377,0.0000060,0.0000061
12319,0.0024368,0.0000060,0.0000061
12320,0.0024359,0.0000059,0.0000061
12321,0.0024350,0.0000059,0.0000061
12322,0.0024341,0.0000059,0.0000061
12323,0.0024331,0.0000059,0.0000061
12324,0.0024322,0.0000059,0.0000060
12325,0.0024313,0.0000059,0.0000060
12326,0.0024304,0.0000059,0.0000060
12327,0.0024294,0.0000059,0.0000060
12328,0.0024285,0.0000059,0.0000060
12329,0.0024276,0.0000059,0.0000060
12330,0.0024266,0.0000059,0.0000060
12331,0.0024257,0.0000059,0.0000060
12332,0.0024247,0.0000059,0.0000060
12333,0.0024238,0.0000059,0.0000060
12334,0.0024228,0.0000059,0.0000060
12335,0.0024219,0.0000059,0.0000060
12336,0.0024209,0.0000059,0.0000060
12337,0.0024199,0.0000059,0.0000060
12338,0.0024190,0.0000059,0.0000060
12339,0.0024180,0.0000059,0.0000060
12340,0.0024170,0.0000059,0.0000060
12341,0.0024161,0.0000059,0.0000060
12342,0.0024151,0.0000059,0.0000060
12343,0.0024141,0.0000059,0.0000060
12344,0.0024131,0.0000059,0.0000060
12345,0.0024122,0.0000058,0.0000060
12346,0.0024112,0.0000058,0.0000060
12347,0.0024102,0.0000058,0.0000060
12348,0.0024092,0.0000058,0.0000059
12349,0.0024082,0.0000058,0.0000059
12350,0.0024072,0.0000058,0.0000059
12351,0.0024062,0.0000058,0.0000059
12352,0.0024052,0.0000058,0.0000059
12353,0.0024042,0.0000058,0.0000059
12354,0.0024032,0.0000058,0.0000059
12355,0.0024022,0.0000058,0.0000059
12356,0.0024012,0.0000058,0.0000059
12357,0.0024002,0.0000058,0.0000059
12358,0.0023991,0.0000058,0.0000059
12359,0.0023981,0.0000058,0.0000059
12360,0.0023971,0.0000058,0.0000059
12361,0.0023961,0.0000058,0.0000059
12362,0.0023951,0.0000058,0.0000059
12363,0.0023940,0.0000058,0.0000059
12364,0.0023930,0.0000058,0.0000059
12365,0.0023920,0.0000058,0.0000059
12366,0.0023909,0.0000058,0.0000059
12367,0.0023899,0.0000058,0.0000059
12368,0.0023888,0.0000058,0.0000059
12369,0.0023878,0.0000058,0.0000059
12370,0.0023867,0.0000058,0.0000059
12371,0.0023857,0.0000057,0.0000058
12372,0.0023846,0.0000057,0.0000058
12373,0.0023836,0.0000057,0.0000058
12374,0.0023825,0.0000057,0.0000058
12375,0.0023815,0.0000057,0.0000058
12376,0.0023804,0.0000057,0.0000058
12377,0.0023793,0.0000057,0.0000058
12378,0.0023783,0.0000057,0.0000058
12379,0.0023772,0.0000057,0.0000058
12380,0.0023761,0.0000057,0.0000058
12381,0.0023750,0.0000057,0.0000058
12382,0.0023740,0.0000057,0.0000058
12383,0.0023729,0.0000057,0.0000058
12384,0.0023718,0.0000057,0.0000058
12385,0.0023707,0.0000057,0.0000058
12386,0.0023696,0.0000057,0.0000058
12387,0.0023685,0.0000057,0.0000058
12388,0.0023674,0.0000057,0.0000058
12389,0.0023663,0.0000057,0.0000058
12390,0.0023652,0.0000057,0.0000058
12391,0.0023641,0.0000057,0.0000058
12392,0.0023630,0.0000057,0.0000058
12393,0.0023619,0.0000057,0.0000058
12394,0.0023608,0.0000057,0.0000058
12395,0.0023597,0.0000057,0.0000057
12396,0.0023586,0.0000056,0.0000057
12397,0.0023575,0.0000056,0.0000057
12398,0.0023564,0.0000056,0.0000057
12399,0.0023552,0.0000056,0.0000057
12400,0.0023541,0.0000056,0.0000057
12401,0.0023530,0.0000056,0.0000057
12402,0.0023519,0.0000056,0.0000057
12403,0.0023507,0.0000056,0.0000057
12404,0.0023496,0.0000056,0.0000057
12405,0.0023485,0.0000056,0.0000057
12406,0.0023473,0.0000056,0.0000057
12407,0.0023462,0.0000056,0.0000057
12408,0.0023450,0.0000056,0.0000057
12409,0.0023439,0.0000056,0.0000057
12410,0.0023427,0.0000056,0.0000057
12411,0.0023416,0.0000056,0.0000057
12412,0.0023404,0.0000056,0.0000057
12413,0.0023393,0.0000056,0.0000057
12414,0.0023381,0.0000056,0.0000057
12415,0.0023370,0.0000056,0.0000057
12416,0.0023358,0.0000056,0.0000057
12417,0.0023347,0.0000056,0.0000057
12418,0.0023335,0.0000056,0.0000057
12419,0.0023323,0.0000056,0.0000056
12420,0.0023311,0.0000056,0.0000056
12421,0.0023300,0.0000055,0.0000056
12422,0.0023288,0.0000055,0.0000056
12423,0.0023276,0.0000055,0.0000056
12424,0.0023264,0.0000055,0.0000056
12425,0.0023253,0.0000055,0.0000056
12426,0.0023241,0.0000055,0.0000056
12427,0.0023229,0.0000055,0.0000056
12428,0.0023217,0.0000055,0.0000056
12429,0.0023205,0.0000055,0.0000056
12430,0.0023193,0.0000055,0.0000056
12431,0.0023181,0.0000055,0.0000056
12432,0.0023169,0.0000055,0.0000056
12433,0.0023157,0.0000055,0.0000056
12434,0.0023145,0.0000055,0.0000056
12435,0.0023133,0.0000055,0.0000056
12436,0.0023121,0.0000055,0.0000056
12437,0.0023109,0.0000055,0.0000056
12438,0.0023097,0.0000055,0.0000056
12439,0.0023085,0.0000055,0.0000056
12440,0.0023073,0.0000055,0.0000056
12441,0.0023060,0.0000055,0.0000056
12442,0.0023048,0.0000055,0.0000056
12443,0.0023036,0.0000055,0.0000055
12444,0.0023024,0.0000055,0.0000055
12445,0.0023011,0.0000055,0.0000055
12446,0.0022999,0.0000054,0.0000055
12447,0.0022987,0.0000054,0.0000055
12448,0.0022974,0.0000054,0.0000055
12449,0.0022962,0.0000054,0.0000055
12450,0.0022950,0.0000054,0.0000055
12451,0.0022937,0.0000054,0.0000055
12452,0.0022925,0.0000054,0.0000055
12453,0.0022912,0.0000054,0.0000055
12454,0.0022900,0.0000054,0.0000055
12455,0.0022887,0.0000054,0.0000055
12456,0.0022875,0.0000054,0.0000055
12457,0.0022862,0.0000054,0.0000055
12458,0.0022850,0.0000054,0.0000055
12459,0.0022837,0.0000054,0.0000055
12460,0.0022825,0.0000054,0.0000055
12461,0.0022812,0.0000054,0.0000055
12462,0.0022799,0.0000054,0.0000055
12463,0.0022787,0.0000054,0.0000055
12464,0.0022774,0.0000054,0.0000055
12465,0.0022761,0.0000054,0.0000055
12466,0.0022749,0.0000054,0.0000055
12467,0.0022736,0.0000054,0.0000054
12468,0.0022723,0.0000054,0.0000054
12469,0.0022710,0.0000054,0.0000054
12470,0.0022698,0.0000054,0.0000054
12471,0.0022685,0.0000054,0.0000054
12472,0.0022672,0.0000053,0.0000054
12473,0.0022659,0.0000053,0.0000054
12474,0.0022646,0.0000053,0.0000054
12475,0.0022633,0.0000053,0.0000054
12476,0.0022620,0.0000053,0.0000054
12477,0.0022608,0.0000053,0.0000054
12478,0.0022595,0.0000053,0.0000054
12479,0.0022582,0.0000053,0.0000054
12480,0.0022569,0.0000053,0.0000054
12481,0.0022556,0.0000053,0.0000054
12482,0.0022543,0.0000053,0.0000054
12483,0.0022529,0.0000053,0.0000054
12484,0.0022516,0.0000053,0.0000054
12485,0.0022503,0.0000053,0.0000054
12486,0.0022490,0.0000053,0.0000054
12487,0.0022477,0.0000053,0.0000054
12488,0.0022464,0.0000053,0.0000054
12489,0.0022451,0.0000053,0.0000054
12490,0.0022438,0.0000053,0.0000054
12491,0.0022424,0.0000053,0.0000053
12492,0.0022411,0.0000053,0.0000053
12493,0.0022398,0.0000053,0.0000053
12494,0.0022385,0.0000053,0.0000053
12495,0.0022371,0.0000053,0.0000053
12496,0.0022358,0.0000053,0.0000053
12497,0.0022345,0.0000052,0.0000053
12498,0.0022331,0.0000052,0.0000053
12499,0.0022318,0.0000052,0.0000053
12500,0.0022305,0.0000052,0.0000053
12501,0.0022291,0.0000052,0.0000053
12502,0.0022278,0.0000052,0.0000053
12503,0.0022264,0.0000052,0.0000053
12504,0.0022251,0.0000052,0.0000053
12505,0.0022237,0.0000052,0.0000053
12506,0.0022224,0.0000052,0.0000053
12507,0.0022210,0.0000052,0.0000053
12508,0.0022197,0.0000052,0.0000053
12509,0.0022183,0.0000052,0.0000053
12510,0.0022170,0.0000052,0.0000053
12511,0.0022156,0.0000052,0.0000053
12512,0.0022143,0.0000052,0.0000053
12513,0.0022129,0.0000052,0.0000053
12514,0.0022115,0.0000052,0.0000053
12515,0.0022102,0.0000052,0.0000053
12516,0.0022088,0.0000052,0.0000052
12517,0.0022074,0.0000052,0.0000052
12518,0.0022061,0.0000052,0.0000052
12519,0.0022047,0.0000052,0.0000052
12520,0.0022033,0.0000052,0.0000052
12521,0.0022019,0.0000052,0.0000052
12522,0.0022006,0.0000052,0.0000052
12523,0.0021992,0.0000051,0.0000052
12524,0.0021978,0.0000051,0.0000052
12525,0.0021964,0.0000051,0.0000052
12526,0.0021950,0.0000051,0.0000052
12527,0.0021936,0.0000051,0.0000052
12528,0.0021922,0.0000051,0.0000052
12529,0.0021909,0.0000051,0.0000052
12530,0.0021895,0.0000051,0.0000052
12531,0.0021881,0.0000051,0.0000052
12532,0.0021867,0.0000051,0.0000052
12533,0.0021853,0.0000051,0.0000052
12534,0.0021839,0.0000051,0.0000052
12535,0.0021825,0.0000051,0.0000052
12536,0.0021811,0.0000051,0.0000052
12537,0.0021797,0.0000051,0.0000052
12538,0.0021783,0.0000051,0.0000052
12539,0.0021769,0.0000051,0.0000052
12540,0.0021755,0.0000051,0.0000052
12541,0.0021741,0.0000051,0.0000052
12542,0.0021726,0.0000051,0.0000051
12543,0.0021712,0.0000051,0.0000051
12544,0.0021698,0.0000051,0.0000051
12545,0.0021684,0.0000051,0.0000051
12546,0.0021670,0.0000051,0.0000051
12547,0.0021656,0.0000051,0.0000051
12548,0.0021641,0.0000051,0.0000051
12549,0.0021627,0.0000050,0.0000051
12550,0.0021613,0.0000050,0.0000051
12551,0.0021599,0.0000050,0.0000051
12552,0.0021585,0.0000050,0.0000051
12553,0.0021570,0.0000050,0.0000051
12554,0.0021556,0.0000050,0.0000051
12555,0.0021542,0.0000050,0.0000051
12556,0.0021527,0.0000050,0.0000051
12557,0.0021513,0.0000050,0.0000051
12558,0.0021499,0.0000050,0.0000051
12559,0.0021484,0.0000050,0.0000051
12560,0.0021470,0.0000050,0.0000051
12561,0.0021455,0.0000050,0.0000051
12562,0.0021441,0.0000050,0.0000051
12563,0.0021427,0.0000050,0.0000051
12564,0.0021412,0.0000050,0.0000051
12565,0.0021398,0.0000050,0.0000051
12566,0.0021383,0.0000050,0.0000051
12567,0.0021369,0.0000050,0.0000051
12568,0.0021354,0.0000050,0.0000050
12569,0.0021340,0.0000050,0.0000050
12570,0.0021325,0.0000050,0.0000050
12571,0.0021311,0.0000050,0.0000050
12572,0.0021296,0.0000050,0.0000050
12573,0.0021282,0.0000050,0.0000050
12574,0.0021267,0.0000050,0.0000050
12575,0.0021252,0.0000050,0.0000050
12576,0.0021238,0.0000049,0.0000050
12577,0.0021223,0.0000049,0.0000050
12578,0.0021209,0.0000049,0.0000050
12579,0.0021194,0.0000049,0.0000050
12580,0.0021179,0.0000049,0.0000050
12581,0.0021165,0.0000049,0.0000050
12582,0.0021150,0.0000049,0.0000050
12583,0.0021135,0.0000049,0.0000050
12584,0.0021120,0.0000049,0.0000050
12585,0.0021106,0.0000049,0.0000050
12586,0.0021091,0.0000049,0.0000050
12587,0.0021076,0.0000049,0.0000050
12588,0.0021061,0.0000049,0.0000050
12589,0.0021047,0.0000049,0.0000050
12590,0.0021032,0.0000049,0.0000050
12591,0.0021017,0.0000049,0.0000050
12592,0.0021002,0.0000049,0.0000050
12593,0.0020987,0.0000049,0.0000050
12594,0.0020973,0.0000049,0.0000050
12595,0.0020958,0.0000049,0.0000049
12596,0.0020943,0.0000049,0.0000049
12597,0.0020928,0.0000049,0.0000049
12598,0.0020913,0.0000049,0.0000049
12599,0.0020898,0.0000049,0.0000049
12600,0.0020883,0.0000049,0.0000049
12601,0.0020868,0.0000049,0.0000049
12602,0.0020853,0.0000049,0.0000049
12603,0.0020838,0.0000048,0.0000049
12604,0.0020823,0.0000048,0.0000049
12605,0.0020808,0.0000048,0.0000049
12606,0.0020794,0.0000048,0.0000049
12607,0.0020779,0.0000048,0.0000049
12608,0.0020763,0.0000048,0.0000049
12609,0.0020748,0.0000048,0.0000049
12610,0.0020733,0.0000048,0.0000049
12611,0.0020718,0.0000048,0.0000049
12612,0.0020703,0.0000048,0.0000049
12613,0.0020688,0.0000048,0.0000049
12614,0.0020673,0.0000048,0.0000049
12615,0.0020658,0.0000048,0.0000049
12616,0.0020643,0.0000048,0.0000049
12617,0.0020628,0.0000048,0.0000049
12618,0.0020613,0.0000048,0.0000049
12619,0.0020598,0.0000048,0.0000049
12620,0.0020583,0.0000048,0.0000049
12621,0.0020567,0.0000048,0.0000049
12622,0.0020552,0.0000048,0.0000049
12623,0.0020537,0.0000048,0.0000048
12624,0.0020522,0.0000048,0.0000048
12625,0.0020507,0.0000048,0.0000048
12626,0.0020491,0.0000048,0.0000048
12627,0.0020476,0.0000048,0.0000048
12628,0.0020461,0.0000048,0.0000048
12629,0.0020446,0.0000048,0.0000048
12630,0.0020431,0.0000048,0.0000048
12631,0.0020415,0.0000047,0.0000048
12632,0.0020400,0.0000047,0.0000048
12633,0.0020385,0.0000047,0.0000048
12634,0.0020369,0.0000047,0.0000048
12635,0.0020354,0.0000047,0.0000048
12636,0.0020339,0.0000047,0.0000048
12637,0.0020324,0.0000047,0.0000048
12638,0.0020308,0.0000047,0.0000048
12639,0.0020293,0.0000047,0.0000048
12640,0.0020278,0.0000047,0.0000048
12641,0.0020262,0.0000047,0.0000048
12642,0.0020247,0.0000047,0.0000048
12643,0.0020232,0.0000047,0.0000048
12644,0.0020216,0.0000047,0.0000048
12645,0.0020201,0.0000047,0.0000048
12646,0.0020185,0.0000047,0.0000048
12647,0.0020170,0.0000047,0.0000048
12648,0.0020155,0.0000047,0.0000048
12649,0.0020139,0.0000047,0.0000048
12650,0.0020124,0.0000047,0.0000048
12651,0.0020108,0.0000047,0.0000048
12652,0.0020093,0.0000047,0.0000048
12653,0.0020077,0.0000047,0.0000047
12654,0.0020062,0.0000047,0.0000047
12655,0.0020047,0.0000047,0.0000047
12656,0.0020031,0.0000047,0.0000047
12657,0.0020016,0.0000047,0.0000047
12658,0.0020000,0.0000047,0.0000047
12659,0.0019985,0.0000047,0.0000047
12660,0.0019969,0.0000046,0.0000047
12661,0.0019954,0.0000046,0.0000047
12662,0.0019938,0.0000046,0.0000047
12663,0.0019923,0.0000046,0.0000047
12664,0.0019907,0.0000046,0.0000047
12665,0.0019891,0.0000046,0.0000047
12666,0.0019876,0.0000046,0.0000047
12667,0.0019860,0.0000046,0.0000047
12668,0.0019845,0.0000046,0.0000047
12669,0.0019829,0.0000046,0.0000047
12670,0.0019814,0.0000046,0.0000047
12671,0.0019798,0.0000046,0.0000047
12672,0.0019783,0.0000046,0.0000047
12673,0.0019767,0.0000046,0.0000047
12674,0.0019751,0.0000046,0.0000047
12675,0.0019736,0.0000046,0.0000047
12676,0.0019720,0.0000046,0.0000047
12677,0.0019704,0.0000046,0.0000047
12678,0.0019689,0.0000046,0.0000047
12679,0.0019673,0.0000046,0.0000047
12680,0.0019658,0.0000046,0.0000047
12681,0.0019642,0.0000046,0.0000047
12682,0.0019626,0.0000046,0.0000047
12683,0.0019611,0.0000046,0.0000047
12684,0.0019595,0.0000046,0.0000046
12685,0.0019579,0.0000046,0.0000046
12686,0.0019564,0.0000046,0.0000046
12687,0.0019548,0.0000046,0.0000046
12688,0.0019532,0.0000046,0.0000046
12689,0.0019517,0.0000046,0.0000046
12690,0.0019501,0.0000045,0.0000046
12691,0.0019485,0.0000045,0.0000046
12692,0.0019470,0.0000045,0.0000046
12693,0.0019454,0.0000045,0.0000046
12694,0.0019438,0.0000045,0.0000046
12695,0.0019422,0.0000045,0.0000046
12696,0.0019407,0.0000045,0.0000046
12697,0.0019391,0.0000045,0.0000046
12698,0.0019375,0.0000045,0.0000046
12699,0.0019359,0.0000045,0.0000046
12700,0.0019344,0.0000045,0.0000046
12701,0.0019328,0.0000045,0.0000046
12702,0.0019312,0.0000045,0.0000046
12703,0.0019296,0.0000045,0.0000046
12704,0.0019281,0.0000045,0.0000046
12705,0.0019265,0.0000045,0.0000046
12706,0.0019249,0.0000045,0.0000046
12707,0.0019233,0.0000045,0.0000046
12708,0.0019218,0.0000045,0.0000046
12709,0.0019202,0.0000045,0.0000046
12710,0.0019186,0.0000045,0.0000046
12711,0.0019170,0.0000045,0.0000046
12712,0.0019155,0.0000045,0.0000046
12713,0.0019139,0.0000045,0.0000046
12714,0.0019123,0.0000045,0.0000046
12715,0.0019107,0.0000045,0.0000046
12716,0.0019091,0.0000045,0.0000046
12717,0.0019076,0.0000045,0.0000045
12718,0.0019060,0.0000045,0.0000045
12719,0.0019044,0.0000045,0.0000045
12720,0.0019028,0.0000045,0.0000045
12721,0.0019012,0.0000045,0.0000045
12722,0.0018996,0.0000044,0.0000045
12723,0.0018981,0.0000044,0.0000045
12724,0.0018965,0.0000044,0.0000045
12725,0.0018949,0.0000044,0.0000045
12726,0.0018933,0.0000044,0.0000045
12727,0.0018917,0.0000044,0.0000045
12728,0.0018901,0.0000044,0.0000045
12729,0.0018886,0.0000044,0.0000045
12730,0.0018870,0.0000044,0.0000045
12731,0.0018854,0.0000044,0.0000045
12732,0.0018838,0.0000044,0.0000045
12733,0.0018822,0.0000044,0.0000045
12734,0.0018806,0.0000044,0.0000045
12735,0.0018791,0.0000044,0.0000045
12736,0.0018775,0.0000044,0.0000045
12737,0.0018759,0.0000044,0.0000045
12738,0.0018743,0.0000044,0.0000045
12739,0.0018727,0.0000044,0.0000045
12740,0.0018711,0.0000044,0.0000045
12741,0.0018695,0.0000044,0.0000045
12742,0.0018680,0.0000044,0.0000045
12743,0.0018664,0.0000044,0.0000045
12744,0.0018648,0.0000044,0.0000045
12745,0.0018632,0.0000044,0.0000045
12746,0.0018616,0.0000044,0.0000045
12747,0.0018600,0.0000044,0.0000045
12748,0.0018584,0.0000044,0.0000045
12749,0.0018569,0.0000044,0.0000045
12750,0.0018553,0.0000044,0.0000045
12751,0.0018537,0.0000044,0.0000045
12752,0.0018521,0.0000044,0.0000045
12753,0.0018505,0.0000044,0.0000044
12754,0.0018489,0.0000044,0.0000044
12755,0.0018473,0.0000043,0.0000044
12756,0.0018457,0.0000043,0.0000044
12757,0.0018442,0.0000043,0.0000044
12758,0.0018426,0.0000043,0.0000044
12759,0.0018410,0.0000043,0.0000044
12760,0.0018394,0.0000043,0.0000044
12761,0.0018378,0.0000043,0.0000044
12762,0.0018362,0.0000043,0.0000044
12763,0.0018346,0.0000043,0.0000044
12764,0.0018331,0.0000043,0.0000044
12765,0.0018315,0.0000043,0.0000044
12766,0.0018299,0.0000043,0.0000044
12767,0.0018283,0.0000043,0.0000044
12768,0.0018267,0.0000043,0.0000044
12769,0.0018251,0.0000043,0.0000044
12770,0.0018235,0.0000043,0.0000044
12771,0.0018220,0.0000043,0.0000044
12772,0.0018204,0.0000043,0.0000044
12773,0.0018188,0.0000043,0.0000044
12774,0.0018172,0.0000043,0.0000044
12775,0.0018156,0.0000043,0.0000044
12776,0.0018140,0.0000043,0.0000044
12777,0.0018124,0.0000043,0.0000044
12778,0.0018109,0.0000043,0.0000044
12779,0.0018093,0.0000043,0.0000044
12780,0.0018077,0.0000043,0.0000044
12781,0.0018061,0.0000043,0.0000044
12782,0.0018045,0.0000043,0.0000044
12783,0.0018029,0.0000043,0.0000044
12784,0.0018014,0.0000043,0.0000044
12785,0.0017998,0.0000043,0.0000044
12786,0.0017982,0.0000043,0.0000044
12787,0.0017966,0.0000043,0.0000044
12788,0.0017950,0.0000043,0.0000044
12789,0.0017934,0.0000043,0.0000044
12790,0.0017919,0.0000043,0.0000044
12791,0.0017903,0.0000042,0.0000044
12792,0.0017887,0.0000042,0.0000043
12793,0.0017871,0.0000042,0.0000043
12794,0.0017855,0.0000042,0.0000043
12795,0.0017840,0.0000042,0.0000043
12796,0.0017824,0.0000042,0.0000043
12797,0.0017808,0.0000042,0.0000043
12798,0.0017792,0.0000042,0.0000043
12799,0.0017776,0.0000042,0.0000043
12800,0.0017761,0.0000042,0.0000043
12801,0.0017745,0.0000042,0.0000043
12802,0.0017729,0.0000042,0.0000043
12803,0.0017713,0.0000042,0.0000043
12804,0.0017698,0.0000042,0.0000043
12805,0.0017682,0.0000042,0.0000043
12806,0.0017666,0.0000042,0.0000043
12807,0.0017650,0.0000042,0.0000043
12808,0.0017635,0.0000042,0.0000043
12809,0.0017619,0.0000042,0.0000043
12810,0.0017603,0.0000042,0.0000043
12811,0.0017587,0.0000042,0.0000043
12812,0.0017572,0.0000042,0.0000043
12813,0.0017556,0.0000042,0.0000043
12814,0.0017540,0.0000042,0.0000043
12815,0.0017524,0.0000042,0.0000043
12816,0.0017509,0.0000042,0.0000043
12817,0.0017493,0.0000042,0.0000043
12818,0.0017477,0.0000042,0.0000043
12819,0.0017462,0.0000042,0.0000043
12820,0.0017446,0.0000042,0.0000043
12821,0.0017430,0.0000042,0.0000043
12822,0.0017415,0.0000042,0.0000043
12823,0.0017399,0.0000042,0.0000043
12824,0.0017383,0.0000042,0.0000043
12825,0.0017368,0.0000042,0.0000043
12826,0.0017352,0.0000042,0.0000043
12827,0.0017336,0.0000042,0.0000043
12828,0.0017321,0.0000042,0.0000043
12829,0.0017305,0.0000042,0.0000043
12830,0.0017289,0.0000041,0.0000043
12831,0.0017274,0.0000041,0.0000043
12832,0.0017258,0.0000041,0.0000043
12833,0.0017242,0.0000041,0.0000043
12834,0.0017227,0.0000041,0.0000043
12835,0.0017211,0.0000041,0.0000043
12836,0.0017196,0.0000041,0.0000043
12837,0.0017180,0.0000041,0.0000042
12838,0.0017165,0.0000041,0.0000042
12839,0.0017149,0.0000041,0.0000042
12840,0.0017133,0.0000041,0.0000042
12841,0.0017118,0.0000041,0.0000042
12842,0.0017102,0.0000041,0.0000042
12843,0.0017087,0.0000041,0.0000042
12844,0.0017071,0.0000041,0.0000042
12845,0.0017056,0.0000041,0.0000042
12846,0.0017040,0.0000041,0.0000042
12847,0.0017025,0.0000041,0.0000042
12848,0.0017009,0.0000041,0.0000042
12849,0.0016994,0.0000041,0.0000042
12850,0.0016978,0.0000041,0.0000042
12851,0.0016963,0.0000041,0.0000042
12852,0.0016947,0.0000041,0.0000042
12853,0.0016932,0.0000041,0.0000042
12854,0.0016916,0.0000041,0.0000042
12855,0.0016901,0.0000041,0.0000042
12856,0.0016885,0.0000041,0.0000042
12857,0.0016870,0.0000041,0.0000042
12858,0.0016855,0.0000041,0.0000042
12859,0.0016839,0.0000041,0.0000042
12860,0.0016824,0.0000041,0.0000042
12861,0.0016808,0.0000041,0.0000042
12862,0.0016793,0.0000041,0.0000042
12863,0.0016778,0.0000041,0.0000042
12864,0.0016762,0.0000041,0.0000042
12865,0.0016747,0.0000041,0.0000042
12866,0.0016731,0.0000041,0.0000042
12867,0.0016716,0.0000041,0.0000042
12868,0.0016701,0.0000041,0.0000042
12869,0.0016685,0.0000041,0.0000042
12870,0.0016670,0.0000041,0.0000042
12871,0.0016655,0.0000041,0.0000042
12872,0.0016640,0.0000041,0.0000042
12873,0.0016624,0.0000041,0.0000042
12874,0.0016609,0.0000040,0.0000042
12875,0.0016594,0.0000040,0.0000042
12876,0.0016578,0.0000040,0.0000042
12877,0.0016563,0.0000040,0.0000042
12878,0.0016548,0.0000040,0.0000042
12879,0.0016533,0.0000040,0.0000042
12880,0.0016518,0.0000040,0.0000042
12881,0.0016502,0.0000040,0.0000042
12882,0.0016487,0.0000040,0.0000042
12883,0.0016472,0.0000040,0.0000042
12884,0.0016457,0.0000040,0.0000042
12885,0.0016442,0.0000040,0.0000042
12886,0.0016426,0.0000040,0.0000042
12887,0.0016411,0.0000040,0.0000042
12888,0.0016396,0.0000040,0.0000042
12889,0.0016381,0.0000040,0.0000042
12890,0.0016366,0.0000040,0.0000042
12891,0.0016351,0.0000040,0.0000041
12892,0.0016336,0.0000040,0.0000041
12893,0.0016321,0.0000040,0.0000041
12894,0.0016306,0.0000040,0.0000041
12895,0.0016291,0.0000040,0.0000041
12896,0.0016276,0.0000040,0.0000041
12897,0.0016261,0.0000040,0.0000041
12898,0.0016246,0.0000040,0.0000041
12899,0.0016231,0.0000040,0.0000041
12900,0.0016216,0.0000040,0.0000041
12901,0.0016201,0.0000040,0.0000041
12902,0.0016186,0.0000040,0.0000041
12903,0.0016171,0.0000040,0.0000041
12904,0.0016156,0.0000040,0.0000041
12905,0.0016141,0.0000040,0.0000041
12906,0.0016126,0.0000040,0.0000041
12907,0.0016111,0.0000040,0.0000041
12908,0.0016096,0.0000040,0.0000041
12909,0.0016081,0.0000040,0.0000041
12910,0.0016066,0.0000040,0.0000041
12911,0.0016052,0.0000040,0.0000041
12912,0.0016037,0.0000040,0.0000041
12913,0.0016022,0.0000040,0.0000041
12914,0.0016007,0.0000040,0.0000041
12915,0.0015992,0.0000040,0.0000041
12916,0.0015978,0.0000040,0.0000041
12917,0.0015963,0.0000040,0.0000041
12918,0.0015948,0.0000040,0.0000041
12919,0.0015933,0.0000040,0.0000041
12920,0.0015919,0.0000040,0.0000041
12921,0.0015904,0.0000040,0.0000041
12922,0.0015889,0.0000040,0.0000041
12923,0.0015875,0.0000040,0.0000041
12924,0.0015860,0.0000039,0.0000041
12925,0.0015845,0.0000039,0.0000041
12926,0.0015831,0.0000039,0.0000041
12927,0.0015816,0.0000039,0.0000041
12928,0.0015801,0.0000039,0.0000041
12929,0.0015787,0.0000039,0.0000041
12930,0.0015772,0.0000039,0.0000041
12931,0.0015758,0.0000039,0.0000041
12932,0.0015743,0.0000039,0.0000041
12933,0.0015729,0.0000039,0.0000041
12934,0.0015714,0.0000039,0.0000041
12935,0.0015700,0.0000039,0.0000041
12936,0.0015685,0.0000039,0.0000041
12937,0.0015671,0.0000039,0.0000041
12938,0.0015656,0.0000039,0.0000041
12939,0.0015642,0.0000039,0.0000041
12940,0.0015627,0.0000039,0.0000041
12941,0.0015613,0.0000039,0.0000041
12942,0.0015599,0.0000039,0.0000041
12943,0.0015584,0.0000039,0.0000041
12944,0.0015570,0.0000039,0.0000041
12945,0.0015555,0.0000039,0.0000041
12946,0.0015541,0.0000039,0.0000041
12947,0.0015527,0.0000039,0.0000041
12948,0.0015513,0.0000039,0.0000041
12949,0.0015498,0.0000039,0.0000041
12950,0.0015484,0.0000039,0.0000041
12951,0.0015470,0.0000039,0.0000041
12952,0.0015456,0.0000039,0.0000041
12953,0.0015441,0.0000039,0.0000041
12954,0.0015427,0.0000039,0.0000041
12955,0.0015413,0.0000039,0.0000041
12956,0.0015399,0.0000039,0.0000041
12957,0.0015385,0.0000039,0.0000041
12958,0.0015371,0.0000039,0.0000041
12959,0.0015356,0.0000039,0.0000041
12960,0.0015342,0.0000039,0.0000041
12961,0.0015328,0.0000039,0.0000041
12962,0.0015314,0.0000039,0.0000041
12963,0.0015300,0.0000039,0.0000040
12964,0.0015286,0.0000039,0.0000040
12965,0.0015272,0.0000039,0.0000040
12966,0.0015258,0.0000039,0.0000040
12967,0.0015244,0.0000039,0.0000040
12968,0.0015230,0.0000039,0.0000040
12969,0.0015216,0.0000039,0.0000040
12970,0.0015202,0.0000039,0.0000040
12971,0.0015188,0.0000039,0.0000040
12972,0.0015175,0.0000039,0.0000040
12973,0.0015161,0.0000039,0.0000040
12974,0.0015147,0.0000039,0.0000040
12975,0.0015133,0.0000039,0.0000040
12976,0.0015119,0.0000039,0.0000040
12977,0.0015105,0.0000039,0.0000040
12978,0.0015092,0.0000039,0.0000040
12979,0.0015078,0.0000039,0.0000040
12980,0.0015064,0.0000039,0.0000040
12981,0.0015051,0.0000039,0.0000040
12982,0.0015037,0.0000039,0.0000040
12983,0.0015023,0.0000039,0.0000040
12984,0.0015010,0.0000039,0.0000040
12985,0.0014996,0.0000039,0.0000040
12986,0.0014982,0.0000038,0.0000040
12987,0.0014969,0.0000038,0.0000040
12988,0.0014955,0.0000038,0.0000040
12989,0.0014942,0.0000038,0.0000040
12990,0.0014928,0.0000038,0.0000040
12991,0.0014915,0.0000038,0.0000040
12992,0.0014901,0.0000038,0.0000040
12993,0.0014888,0.0000038,0.0000040
12994,0.0014874,0.0000038,0.0000040
12995,0.0014861,0.0000038,0.0000040
12996,0.0014847,0.0000038,0.0000040
12997,0.0014834,0.0000038,0.0000040
12998,0.0014821,0.0000038,0.0000040
12999,0.0014807,0.0000038,0.0000040
13000,0.0014794,0.0000038,0.0000040
13001,0.0014781,0.0000038,0.0000040
13002,0.0014767,0.0000038,0.0000040
13003,0.0014754,0.0000038,0.0000040
13004,0.0014741,0.0000038,0.0000040
13005,0.0014728,0.0000038,0.0000040
13006,0.0014714,0.0000038,0.0000040
13007,0.0014701,0.0000038,0.0000040
13008,0.0014688,0.0000038,0.0000040
13009,0.0014675,0.0000038,0.0000040
13010,0.0014662,0.0000038,0.0000040
13011,0.0014649,0.0000038,0.0000040
13012,0.0014636,0.0000038,0.0000040
13013,0.0014622,0.0000038,0.0000040
13014,0.0014609,0.0000038,0.0000040
13015,0.0014596,0.0000038,0.0000040
13016,0.0014583,0.0000038,0.0000040
13017,0.0014571,0.0000038,0.0000040
13018,0.0014558,0.0000038,0.0000040
13019,0.0014545,0.0000038,0.0000040
13020,0.0014532,0.0000038,0.0000040
13021,0.0014519,0.0000038,0.0000040
13022,0.0014506,0.0000038,0.0000040
13023,0.0014493,0.0000038,0.0000040
13024,0.0014480,0.0000038,0.0000040
13025,0.0014468,0.0000038,0.0000040
13026,0.0014455,0.0000038,0.0000040
13027,0.0014442,0.0000038,0.0000040
13028,0.0014429,0.0000038,0.0000040
13029,0.0014417,0.0000038,0.0000040
13030,0.0014404,0.0000038,0.0000040
13031,0.0014391,0.0000038,0.0000040
13032,0.0014379,0.0000038,0.0000040
13033,0.0014366,0.0000038,0.0000040
13034,0.0014354,0.0000038,0.0000040
13035,0.0014341,0.0000038,0.0000040
13036,0.0014328,0.0000038,0.0000040
13037,0.0014316,0.0000038,0.0000040
13038,0.0014303,0.0000038,0.0000040
13039,0.0014291,0.0000038,0.0000040
13040,0.0014279,0.0000038,0.0000040
13041,0.0014266,0.0000038,0.0000040
13042,0.0014254,0.0000038,0.0000040
13043,0.0014241,0.0000038,0.0000040
13044,0.0014229,0.0000038,0.0000040
13045,0.0014217,0.0000038,0.0000040
13046,0.0014204,0.0000038,0.0000040
13047,0.0014192,0.0000038,0.0000040
13048,0.0014180,0.0000038,0.0000040
13049,0.0014168,0.0000038,0.0000040
13050,0.0014155,0.0000038,0.0000040
13051,0.0014143,0.0000038,0.0000040
13052,0.0014131,0.0000038,0.0000040
13053,0.0014119,0.0000038,0.0000040
13054,0.0014107,0.0000038,0.0000040
13055,0.0014095,0.0000038,0.0000040
13056,0.0014083,0.0000038,0.0000040
13057,0.0014071,0.0000038,0.0000040
13058,0.0014059,0.0000038,0.0000040
13059,0.0014047,0.0000038,0.0000040
13060,0.0014035,0.0000038,0.0000040
13061,0.0014023,0.0000038,0.0000040
13062,0.0014011,0.0000038,0.0000040
13063,0.0013999,0.0000038,0.0000040
13064,0.0013987,0.0000038,0.0000040
13065,0.0013976,0.0000038,0.0000040
13066,0.0013964,0.0000038,0.0000040
13067,0.0013952,0.0000038,0.0000040
13068,0.0013940,0.0000038,0.0000040
13069,0.0013928,0.0000038,0.0000040
13070,0.0013917,0.0000038,0.0000040
13071,0.0013905,0.0000038,0.0000040
13072,0.0013893,0.0000037,0.0000040
13073,0.0013882,0.0000037,0.0000040
13074,0.0013870,0.0000037,0.0000040
13075,0.0013859,0.0000037,0.0000040
13076,0.0013847,0.0000037,0.0000040
13077,0.0013836,0.0000037,0.0000040
13078,0.0013824,0.0000037,0.0000040
13079,0.0013813,0.0000037,0.0000040
13080,0.0013801,0.0000037,0.0000040
13081,0.0013790,0.0000037,0.0000040
13082,0.0013779,0.0000037,0.0000040
13083,0.0013767,0.0000037,0.0000040
13084,0.0013756,0.0000037,0.0000040
13085,0.0013745,0.0000037,0.0000040
13086,0.0013733,0.0000037,0.0000040
13087,0.0013722,0.0000037,0.0000040
13088,0.0013711,0.0000037,0.0000040
13089,0.0013700,0.0000037,0.0000040
13090,0.0013688,0.0000037,0.0000040
13091,0.0013677,0.0000037,0.0000040
13092,0.0013666,0.0000037,0.0000040
13093,0.0013655,0.0000037,0.0000040
13094,0.0013644,0.0000037,0.0000040
13095,0.0013633,0.0000037,0.0000040
13096,0.0013622,0.0000037,0.0000039
13097,0.0013611,0.0000037,0.0000039
13098,0.0013600,0.0000037,0.0000039
13099,0.0013589,0.0000037,0.0000039
13100,0.0013578,0.0000037,0.0000039
13101,0.0013568,0.0000037,0.0000039
13102,0.0013557,0.0000037,0.0000039
13103,0.0013546,0.0000037,0.0000039
13104,0.0013535,0.0000037,0.0000039
13105,0.0013524,0.0000037,0.0000039
13106,0.0013514,0.0000037,0.0000039
13107,0.0013503,0.0000037,0.0000039
13108,0.0013492,0.0000037,0.0000039
13109,0.0013482,0.0000037,0.0000039
13110,0.0013471,0.0000037,0.0000039
13111,0.0013460,0.0000037,0.0000039
13112,0.0013450,0.0000037,0.0000039
13113,0.0013439,0.0000037,0.0000039
13114,0.0013429,0.0000037,0.0000039
13115,0.0013418,0.0000037,0.0000039
13116,0.0013408,0.0000037,0.0000039
13117,0.0013398,0.0000037,0.0000039
13118,0.0013387,0.0000037,0.0000039
13119,0.0013377,0.0000037,0.0000039
13120,0.0013367,0.0000037,0.0000039
13121,0.0013356,0.0000037,0.0000039
13122,0.0013346,0.0000037,0.0000039
13123,0.0013336,0.0000037,0.0000039
13124,0.0013326,0.0000037,0.0000039
13125,0.0013315,0.0000037,0.0000039
13126,0.0013305,0.0000037,0.0000039
13127,0.0013295,0.0000037,0.0000039
13128,0.0013285,0.0000037,0.0000039
13129,0.0013275,0.0000037,0.0000039
13130,0.0013265,0.0000037,0.0000039
13131,0.0013255,0.0000037,0.0000039
13132,0.0013245,0.0000037,0.0000039
13133,0.0013235,0.0000037,0.0000039
13134,0.0013225,0.0000037,0.0000039
13135,0.0013215,0.0000037,0.0000039
13136,0.0013205,0.0000037,0.0000039
13137,0.0013196,0.0000037,0.0000039
13138,0.0013186,0.0000037,0.0000039
13139,0.0013176,0.0000037,0.0000039
13140,0.0013166,0.0000037,0.0000039
13141,0.0013157,0.0000037,0.0000039
13142,0.0013147,0.0000037,0.0000039
13143,0.0013137,0.0000037,0.0000039
13144,0.0013128,0.0000037,0.0000039
13145,0.0013118,0.0000037,0.0000039
13146,0.0013109,0.0000037,0.0000039
13147,0.0013099,0.0000037,0.0000039
13148,0.0013090,0.0000037,0.0000039
13149,0.0013080,0.0000037,0.0000039
13150,0.0013071,0.0000037,0.0000039
13151,0.0013061,0.0000037,0.0000039
13152,0.0013052,0.0000037,0.0000039
13153,0.0013043,0.0000037,0.0000039
13154,0.0013033,0.0000037,0.0000039
13155,0.0013024,0.0000037,0.0000039
13156,0.0013015,0.0000037,0.0000039
13157,0.0013006,0.0000037,0.0000039
13158,0.0012996,0.0000037,0.0000039
13159,0.0012987,0.0000037,0.0000039
13160,0.0012978,0.0000037,0.0000039
13161,0.0012969,0.0000037,0.0000039
13162,0.0012960,0.0000037,0.0000039
13163,0.0012951,0.0000037,0.0000039
13164,0.0012942,0.0000037,0.0000039
13165,0.0012933,0.0000037,0.0000039
13166,0.0012924,0.0000037,0.0000039
13167,0.0012915,0.0000037,0.0000039
13168,0.0012906,0.0000037,0.0000039
13169,0.0012897,0.0000037,0.0000039
13170,0.0012889,0.0000037,0.0000039
13171,0.0012880,0.0000037,0.0000039
13172,0.0012871,0.0000037,0.0000039
13173,0.0012862,0.0000037,0.0000039
13174,0.0012854,0.0000037,0.0000039
13175,0.0012845,0.0000037,0.0000039
13176,0.0012836,0.0000037,0.0000039
13177,0.0012828,0.0000037,0.0000039
13178,0.0012819,0.0000037,0.0000039
13179,0.0012811,0.0000037,0.0000039
13180,0.0012802,0.0000037,0.0000039
13181,0.0012794,0.0000037,0.0000039
13182,0.0012785,0.0000037,0.0000039
13183,0.0012777,0.0000037,0.0000039
13184,0.0012768,0.0000037,0.0000039
13185,0.0012760,0.0000037,0.0000039
13186,0.0012752,0.0000037,0.0000039
13187,0.0012743,0.0000037,0.0000039
13188,0.0012735,0.0000037,0.0000039
13189,0.0012727,0.0000037,0.0000039
13190,0.0012719,0.0000037,0.0000039
13191,0.0012711,0.0000037,0.0000039
13192,0.0012703,0.0000037,0.0000039
13193,0.0012694,0.0000037,0.0000039
13194,0.0012686,0.0000037,0.0000039
13195,0.0012678,0.0000037,0.0000039
13196,0.0012670,0.0000037,0.0000039
13197,0.0012662,0.0000037,0.0000039
13198,0.0012655,0.0000037,0.0000039
13199,0.0012647,0.0000037,0.0000039
13200,0.0012639,0.0000037,0.0000039
13201,0.0012631,0.0000037,0.0000039
13202,0.0012623,0.0000037,0.0000039
13203,0.0012615,0.0000037,0.0000039
13204,0.0012608,0.0000037,0.0000039
13205,0.0012600,0.0000037,0.0000039
13206,0.0012592,0.0000037,0.0000039
13207,0.0012585,0.0000037,0.0000039
13208,0.0012577,0.0000037,0.0000039
13209,0.0012569,0.0000037,0.0000039
13210,0.0012562,0.0000037,0.0000039
13211,0.0012554,0.0000037,0.0000039
13212,0.0012547,0.0000037,0.0000039
13213,0.0012539,0.0000037,0.0000039
13214,0.0012532,0.0000037,0.0000039
13215,0.0012525,0.0000037,0.0000039
13216,0.0012517,0.0000037,0.0000039
13217,0.0012510,0.0000037,0.0000039
13218,0.0012503,0.0000037,0.0000039
13219,0.0012495,0.0000037,0.0000039
13220,0.0012488,0.0000037,0.0000039
13221,0.0012481,0.0000037,0.0000039
13222,0.0012474,0.0000037,0.0000039
13223,0.0012467,0.0000037,0.0000039
13224,0.0012460,0.0000037,0.0000039
13225,0.0012453,0.0000037,0.0000039
13226,0.0012445,0.0000037,0.0000039
13227,0.0012438,0.0000037,0.0000039
13228,0.0012432,0.0000037,0.0000039
13229,0.0012425,0.0000037,0.0000039
13230,0.0012418,0.0000037,0.0000039
13231,0.0012411,0.0000037,0.0000039
13232,0.0012404,0.0000037,0.0000039
13233,0.0012397,0.0000037,0.0000039
13234,0.0012390,0.0000037,0.0000039
13235,0.0012384,0.0000037,0.0000039
13236,0.0012377,0.0000037,0.0000039
13237,0.0012370,0.0000037,0.0000039
13238,0.0012364,0.0000037,0.0000039
13239,0.0012357,0.0000037,0.0000039
13240,0.0012350,0.0000037,0.0000039
13241,0.0012344,0.0000037,0.0000039
13242,0.0012337,0.0000037,0.0000039
13243,0.0012331,0.0000037,0.0000039
13244,0.0012324,0.0000037,0.0000039
13245,0.0012318,0.0000037,0.0000039
13246,0.0012312,0.0000037,0.0000039
13247,0.0012305,0.0000037,0.0000039
13248,0.0012299,0.0000037,0.0000039
13249,0.0012293,0.0000037,0.0000039
13250,0.0012286,0.0000037,0.0000039
13251,0.0012280,0.0000037,0.0000039
13252,0.0012274,0.0000037,0.0000039
13253,0.0012268,0.0000037,0.0000039
13254,0.0012262,0.0000037,0.0000039
13255,0.0012256,0.0000037,0.0000039
13256,0.0012250,0.0000037,0.0000039
13257,0.0012244,0.0000037,0.0000039
13258,0.0012238,0.0000037,0.0000039
13259,0.0012232,0.0000037,0.0000039
13260,0.0012226,0.0000037,0.0000039
13261,0.0012220,0.0000037,0.0000039
13262,0.0012214,0.0000037,0.0000039
13263,0.0012208,0.0000037,0.0000039
13264,0.0012202,0.0000037,0.0000039
13265,0.0012197,0.0000037,0.0000039
13266,0.0012191,0.0000037,0.0000039
13267,0.0012185,0.0000037,0.0000039
13268,0.0012179,0.0000037,0.0000039
13269,0.0012174,0.0000037,0.0000039
13270,0.0012168,0.0000037,0.0000039
13271,0.0012163,0.0000037,0.0000039
13272,0.0012157,0.0000037,0.0000039
13273,0.0012152,0.0000037,0.0000039
13274,0.0012146,0.0000037,0.0000039
13275,0.0012141,0.0000037,0.0000039
13276,0.0012135,0.0000037,0.0000039
13277,0.0012130,0.0000037,0.0000039
13278,0.0012125,0.0000037,0.0000039
13279,0.0012119,0.0000037,0.0000039
13280,0.0012114,0.0000037,0.0000039
13281,0.0012109,0.0000037,0.0000039
13282,0.0012103,0.0000037,0.0000039
13283,0.0012098,0.0000037,0.0000039
13284,0.0012093,0.0000037,0.0000039
13285,0.0012088,0.0000037,0.0000039
13286,0.0012083,0.0000037,0.0000039
13287,0.0012078,0.0000037,0.0000039
13288,0.0012073,0.0000037,0.0000039
13289,0.0012068,0.0000037,0.0000039
13290,0.0012063,0.0000037,0.0000039
13291,0.0012058,0.0000037,0.0000039
13292,0.0012053,0.0000037,0.0000039
13293,0.0012048,0.0000037,0.0000039
13294,0.0012043,0.0000037,0.0000039
13295,0.0012038,0.0000037,0.0000039
13296,0.0012034,0.0000037,0.0000039
13297,0.0012029,0.0000037,0.0000039
13298,0.0012024,0.0000037,0.0000039
13299,0.0012020,0.0000037,0.0000039
13300,0.0012015,0.0000037,0.0000039
13301,0.0012010,0.0000037,0.0000039
13302,0.0012006,0.0000037,0.0000039
13303,0.0012001,0.0000037,0.0000039
13304,0.0011997,0.0000037,0.0000039
13305,0.0011992,0.0000037,0.0000039
13306,0.0011988,0.0000037,0.0000039
13307,0.0011983,0.0000037,0.0000039
13308,0.0011979,0.0000037,0.0000039
13309,0.0011975,0.0000037,0.0000039
13310,0.0011970,0.0000037,0.0000039
13311,0.0011966,0.0000037,0.0000039
13312,0.0011962,0.0000037,0.0000039
13313,0.0011957,0.0000037,0.0000039
13314,0.0011953,0.0000037,0.0000039
13315,0.0011949,0.0000037,0.0000039
13316,0.0011945,0.0000037,0.0000039
13317,0.0011941,0.0000037,0.0000039
13318,0.0011937,0.0000037,0.0000039
13319,0.0011933,0.0000037,0.0000039
13320,0.0011929,0.0000037,0.0000039
13321,0.0011925,0.0000037,0.0000039
13322,0.0011921,0.0000037,0.0000039
13323,0.0011917,0.0000037,0.0000039
13324,0.0011913,0.0000037,0.0000039
13325,0.0011909,0.0000037,0.0000039
13326,0.0011905,0.0000037,0.0000039
13327,0.0011901,0.0000037,0.0000039
13328,0.0011898,0.0000037,0.0000039
13329,0.0011894,0.0000037,0.0000039
13330,0.0011890,0.0000037,0.0000039
13331,0.0011886,0.0000037,0.0000039
13332,0.0011883,0.0000037,0.0000039
13333,0.0011879,0.0000037,0.0000039
13334,0.0011876,0.0000037,0.0000039
13335,0.0011872,0.0000037,0.0000039
13336,0.0011868,0.0000037,0.0000039
13337,0.0011865,0.0000037,0.0000039
13338,0.0011862,0.0000037,0.0000039
13339,0.0011858,0.0000037,0.0000039
13340,0.0011855,0.0000037,0.0000039
13341,0.0011851,0.0000037,0.0000039
13342,0.0011848,0.0000037,0.0000039
13343,0.0011845,0.0000037,0.0000039
13344,0.0011841,0.0000037,0.0000039
13345,0.0011838,0.0000037,0.0000039
13346,0.0011835,0.0000037,0.0000039
13347,0.0011832,0.0000037,0.0000039
13348,0.0011828,0.0000037,0.0000039
13349,0.0011825,0.0000037,0.0000039
13350,0.0011822,0.0000037,0.0000039
13351,0.0011819,0.0000037,0.0000039
13352,0.0011816,0.0000037,0.0000039
13353,0.0011813,0.0000037,0.0000039
13354,0.0011810,0.0000037,0.0000039
13355,0.0011807,0.0000037,0.0000039
13356,0.0011804,0.0000037,0.0000039
13357,0.0011801,0.0000037,0.0000039
13358,0.0011798,0.0000037,0.0000039
13359,0.0011796,0.0000037,0.0000039
13360,0.0011793,0.0000037,0.0000039
13361,0.0011790,0.0000037,0.0000039
13362,0.0011787,0.0000037,0.0000039
13363,0.0011784,0.0000037,0.0000039
13364,0.0011782,0.0000037,0.0000039
13365,0.0011779,0.0000037,0.0000039
13366,0.0011776,0.0000037,0.0000039
13367,0.0011774,0.0000037,0.0000039
13368,0.0011771,0.0000037,0.0000039
13369,0.0011769,0.0000037,0.0000039
13370,0.0011766,0.0000037,0.0000039
13371,0.0011764,0.0000037,0.0000039
13372,0.0011761,0.0000037,0.0000039
13373,0.0011759,0.0000037,0.0000039
13374,0.0011756,0.0000037,0.0000039
13375,0.0011754,0.0000037,0.0000039
13376,0.0011752,0.0000037,0.0000039
13377,0.0011749,0.0000037,0.0000039
13378,0.0011747,0.0000037,0.0000039
13379,0.0011745,0.0000037,0.0000039
13380,0.0011742,0.0000037,0.0000039
13381,0.0011740,0.0000037,0.0000039
13382,0.0011738,0.0000037,0.0000039
13383,0.0011736,0.0000037,0.0000040
13384,0.0011734,0.0000037,0.0000040
13385,0.0011732,0.0000037,0.0000040
13386,0.0011730,0.0000037,0.0000040
13387,0.0011727,0.0000037,0.0000040
13388,0.0011725,0.0000037,0.0000040
13389,0.0011723,0.0000037,0.0000040
13390,0.0011722,0.0000037,0.0000040
13391,0.0011720,0.0000037,0.0000040
13392,0.0011718,0.0000037,0.0000040
13393,0.0011716,0.0000037,0.0000040
13394,0.0011714,0.0000037,0.0000040
13395,0.0011712,0.0000037,0.0000040
13396,0.0011710,0.0000037,0.0000040
13397,0.0011708,0.0000037,0.0000040
13398,0.0011707,0.0000037,0.0000040
13399,0.0011705,0.0000037,0.0000040
13400,0.0011703,0.0000037,0.0000040
13401,0.0011702,0.0000037,0.0000040
13402,0.0011700,0.0000037,0.0000040
13403,0.0011698,0.0000037,0.0000040
13404,0.0011697,0.0000037,0.0000040
13405,0.0011695,0.0000037,0.0000040
13406,0.0011694,0.0000037,0.0000040
13407,0.0011692,0.0000037,0.0000040
13408,0.0011691,0.0000037,0.0000040
13409,0.0011689,0.0000037,0.0000040
13410,0.0011688,0.0000037,0.0000040
13411,0.0011686,0.0000037,0.0000040
13412,0.0011685,0.0000037,0.0000040
13413,0.0011684,0.0000037,0.0000040
13414,0.0011682,0.0000037,0.0000040
13415,0.0011681,0.0000037,0.0000040
13416,0.0011680,0.0000037,0.0000040
13417,0.0011678,0.0000037,0.0000040
13418,0.0011677,0.0000037,0.0000040
13419,0.0011676,0.0000037,0.0000040
13420,0.0011675,0.0000037,0.0000040
13421,0.0011674,0.0000037,0.0000040
13422,0.0011672,0.0000037,0.0000040
13423,0.0011671,0.0000037,0.0000040
13424,0.0011670,0.0000037,0.0000040
13425,0.0011669,0.0000037,0.0000040
13426,0.0011668,0.0000037,0.0000040
13427,0.0011667,0.0000037,0.0000040
13428,0.0011666,0.0000037,0.0000040
13429,0.0011665,0.0000037,0.0000040
13430,0.0011664,0.0000037,0.0000040
13431,0.0011663,0.0000037,0.0000040
13432,0.0011663,0.0000037,0.0000040
13433,0.0011662,0.0000037,0.0000040
13434,0.0011661,0.0000037,0.0000040
13435,0.0011660,0.0000037,0.0000040
13436,0.0011659,0.0000037,0.0000040
13437,0.0011658,0.0000037,0.0000040
13438,0.0011658,0.0000037,0.0000040
13439,0.0011657,0.0000037,0.0000040
13440,0.0011656,0.0000037,0.0000040
13441,0.0011656,0.0000037,0.0000040
13442,0.0011655,0.0000037,0.0000040
13443,0.0011654,0.0000037,0.0000040
13444,0.0011654,0.0000037,0.0000040
13445,0.0011653,0.0000037,0.0000040
13446,0.0011653,0.0000037,0.0000040
13447,0.0011652,0.0000037,0.0000040
13448,0.0011652,0.0000037,0.0000040
13449,0.0011651,0.0000037,0.0000040
13450,0.0011651,0.0000037,0.0000040
13451,0.0011650,0.0000037,0.0000040
13452,0.0011650,0.0000037,0.0000040
13453,0.0011649,0.0000037,0.0000040
13454,0.0011649,0.0000037,0.0000040
13455,0.0011649,0.0000037,0.0000040
13456,0.0011648,0.0000037,0.0000040
13457,0.0011648,0.0000037,0.0000040
13458,0.0011648,0.0000037,0.0000040
13459,0.0011647,0.0000037,0.0000040
13460,0.0011647,0.0000037,0.0000040
13461,0.0011647,0.0000037,0.0000040
13462,0.0011647,0.0000037,0.0000040
13463,0.0011647,0.0000037,0.0000040
13464,0.0011646,0.0000037,0.0000040
13465,0.0011646,0.0000037,0.0000040
13466,0.0011646,0.0000037,0.0000040
13467,0.0011646,0.0000037,0.0000040
13468,0.0011646,0.0000037,0.0000040
13469,0.0011646,0.0000037,0.0000040
13470,0.0011646,0.0000037,0.0000040
13471,0.0011646,0.0000037,0.0000040
13472,0.0011646,0.0000037,0.0000040
13473,0.0011646,0.0000037,0.0000040
13474,0.0011646,0.0000037,0.0000040
13475,0.0011646,0.0000037,0.0000040
13476,0.0011646,0.0000037,0.0000040
13477,0.0011646,0.0000037,0.0000040
13478,0.0011647,0.0000037,0.0000040
13479,0.0011647,0.0000037,0.0000040
13480,0.0011647,0.0000037,0.0000040
13481,0.0011647,0.0000037,0.0000040
13482,0.0011647,0.0000037,0.0000040
13483,0.0011648,0.0000037,0.0000040
13484,0.0011648,0.0000037,0.0000040
13485,0.0011648,0.0000037,0.0000040
13486,0.0011648,0.0000037,0.0000040
13487,0.0011649,0.0000037,0.0000040
13488,0.0011649,0.0000037,0.0000040
13489,0.0011649,0.0000037,0.0000040
13490,0.0011650,0.0000037,0.0000040
13491,0.0011650,0.0000037,0.0000040
13492,0.0011651,0.0000037,0.0000040
13493,0.0011651,0.0000037,0.0000040
13494,0.0011652,0.0000037,0.0000040
13495,0.0011652,0.0000037,0.0000040
13496,0.0011653,0.0000037,0.0000040
13497,0.0011653,0.0000037,0.0000040
13498,0.0011654,0.0000037,0.0000040
13499,0.0011654,0.0000037,0.0000040
13500,0.0011655,0.0000037,0.0000040
13501,0.0011655,0.0000037,0.0000040
13502,0.0011656,0.0000037,0.0000040
13503,0.0011656,0.0000037,0.0000040
13504,0.0011657,0.0000037,0.0000040
13505,0.0011658,0.0000037,0.0000040
13506,0.0011658,0.0000037,0.0000040
13507,0.0011659,0.0000037,0.0000040
13508,0.0011660,0.0000037,0.0000040
13509,0.0011661,0.0000037,0.0000040
13510,0.0011661,0.0000037,0.0000040
13511,0.0011662,0.0000037,0.0000040
13512,0.0011663,0.0000037,0.0000040
13513,0.0011664,0.0000037,0.0000040
13514,0.0011665,0.0000037,0.0000040
13515,0.0011665,0.0000037,0.0000040
13516,0.0011666,0.0000037,0.0000040
13517,0.0011667,0.0000037,0.0000040
13518,0.0011668,0.0000037,0.0000040
13519,0.0011669,0.0000037,0.0000040
13520,0.0011670,0.0000037,0.0000040
13521,0.0011671,0.0000037,0.0000040
13522,0.0011672,0.0000037,0.0000040
13523,0.0011673,0.0000037,0.0000040
13524,0.0011674,0.0000037,0.0000040
13525,0.0011675,0.0000037,0.0000040
13526,0.0011676,0.0000037,0.0000040
13527,0.0011677,0.0000037,0.0000040
13528,0.0011678,0.0000037,0.0000040
13529,0.0011679,0.0000037,0.0000040
13530,0.0011680,0.0000037,0.0000040
13531,0.0011681,0.0000037,0.0000040
13532,0.0011682,0.0000037,0.0000040
13533,0.0011683,0.0000037,0.0000040
13534,0.0011684,0.0000037,0.0000040
13535,0.0011685,0.0000037,0.0000040
13536,0.0011687,0.0000037,0.0000040
13537,0.0011688,0.0000037,0.0000040
13538,0.0011689,0.0000037,0.0000040
13539,0.0011690,0.0000037,0.0000040
13540,0.0011691,0.0000037,0.0000040
13541,0.0011693,0.0000037,0.0000040
13542,0.0011694,0.0000037,0.0000040
13543,0.0011695,0.0000037,0.0000040
13544,0.0011697,0.0000037,0.0000040
13545,0.0011698,0.0000037,0.0000040
13546,0.0011699,0.0000037,0.0000040
13547,0.0011701,0.0000037,0.0000040
13548,0.0011702,0.0000037,0.0000040
13549,0.0011703,0.0000037,0.0000040
13550,0.0011705,0.0000037,0.0000040
13551,0.0011706,0.0000037,0.0000040
13552,0.0011707,0.0000037,0.0000040
13553,0.0011709,0.0000037,0.0000040
13554,0.0011710,0.0000037,0.0000040
13555,0.0011712,0.0000037,0.0000040
13556,0.0011713,0.0000037,0.0000040
13557,0.0011715,0.0000037,0.0000040
13558,0.0011716,0.0000037,0.0000040
13559,0.0011718,0.0000037,0.0000040
13560,0.0011719,0.0000037,0.0000040
13561,0.0011721,0.0000037,0.0000040
13562,0.0011722,0.0000037,0.0000040
13563,0.0011724,0.0000037,0.0000040
13564,0.0011725,0.0000037,0.0000040
13565,0.0011727,0.0000037,0.0000040
13566,0.0011728,0.0000037,0.0000040
13567,0.0011730,0.0000037,0.0000040
13568,0.0011732,0.0000037,0.0000040
13569,0.0011733,0.0000037,0.0000040
13570,0.0011735,0.0000037,0.0000040
13571,0.0011737,0.0000037,0.0000040
13572,0.0011738,0.0000037,0.0000040
13573,0.0011740,0.0000037,0.0000040
13574,0.0011742,0.0000037,0.0000040
13575,0.0011743,0.0000037,0.0000040
13576,0.0011745,0.0000037,0.0000040
13577,0.0011747,0.0000037,0.0000040
13578,0.0011748,0.0000037,0.0000040
13579,0.0011750,0.0000037,0.0000040
13580,0.0011752,0.0000037,0.0000040
13581,0.0011754,0.0000037,0.0000040
13582,0.0011755,0.0000037,0.0000040
13583,0.0011757,0.0000037,0.0000040
13584,0.0011759,0.0000037,0.0000040
13585,0.0011761,0.0000037,0.0000040
13586,0.0011763,0.0000037,0.0000040
13587,0.0011764,0.0000037,0.0000040
13588,0.0011766,0.0000037,0.0000040
13589,0.0011768,0.0000037,0.0000040
13590,0.0011770,0.0000037,0.0000040
13591,0.0011772,0.0000037,0.0000040
13592,0.0011774,0.0000037,0.0000040
13593,0.0011776,0.0000037,0.0000040
13594,0.0011778,0.0000037,0.0000040
13595,0.0011779,0.0000037,0.0000040
13596,0.0011781,0.0000037,0.0000040
13597,0.0011783,0.0000037,0.0000040
13598,0.0011785,0.0000037,0.0000040
13599,0.0011787,0.0000037,0.0000040
13600,0.0011789,0.0000037,0.0000040
13601,0.0011791,0.0000037,0.0000040
13602,0.0011793,0.0000037,0.0000040
13603,0.0011795,0.0000037,0.0000040
13604,0.0011797,0.0000037,0.0000040
13605,0.0011799,0.0000037,0.0000040
13606,0.0011801,0.0000037,0.0000040
13607,0.0011803,0.0000037,0.0000040
13608,0.0011805,0.0000037,0.0000040
13609,0.0011807,0.0000037,0.0000040
13610,0.0011809,0.0000037,0.0000040
13611,0.0011811,0.0000037,0.0000039
13612,0.0011813,0.0000037,0.0000039
13613,0.0011815,0.0000037,0.0000039
13614,0.0011817,0.0000037,0.0000039
13615,0.0011820,0.0000037,0.0000039
13616,0.0011822,0.0000037,0.0000039
13617,0.0011824,0.0000037,0.0000039
13618,0.0011826,0.0000037,0.0000039
13619,0.0011828,0.0000037,0.0000039
13620,0.0011830,0.0000037,0.0000039
13621,0.0011832,0.0000037,0.0000039
13622,0.0011834,0.0000037,0.0000039
13623,0.0011837,0.0000037,0.0000039
13624,0.0011839,0.0000037,0.0000039
13625,0.0011841,0.0000037,0.0000039
13626,0.0011843,0.0000037,0.0000039
13627,0.0011845,0.0000037,0.0000039
13628,0.0011847,0.0000037,0.0000039
13629,0.0011850,0.0000037,0.0000039
13630,0.0011852,0.0000037,0.0000039
13631,0.0011854,0.0000037,0.0000039
13632,0.0011856,0.0000037,0.0000039
13633,0.0011858,0.0000037,0.0000039
13634,0.0011861,0.0000037,0.0000039
13635,0.0011863,0.0000037,0.0000039
13636,0.0011865,0.0000037,0.0000039
13637,0.0011867,0.0000037,0.0000039
13638,0.0011870,0.0000037,0.0000039
13639,0.0011872,0.0000037,0.0000039
13640,0.0011874,0.0000037,0.0000039
13641,0.0011876,0.0000037,0.0000039
13642,0.0011879,0.0000037,0.0000039
13643,0.0011881,0.0000037,0.0000039
13644,0.0011883,0.0000037,0.0000039
13645,0.0011886,0.0000037,0.0000039
13646,0.0011888,0.0000037,0.0000039
13647,0.0011890,0.0000037,0.0000039
13648,0.0011892,0.0000036,0.0000039
13649,0.0011895,0.0000036,0.0000039
13650,0.0011897,0.0000036,0.0000039
13651,0.0011899,0.0000036,0.0000039
13652,0.0011902,0.0000036,0.0000039
13653,0.0011904,0.0000036,0.0000039
13654,0.0011906,0.0000036,0.0000039
13655,0.0011909,0.0000036,0.0000039
13656,0.0011911,0.0000036,0.0000039
13657,0.0011913,0.0000036,0.0000039
13658,0.0011916,0.0000036,0.0000039
13659,0.0011918,0.0000036,0.0000039
13660,0.0011921,0.0000036,0.0000039
13661,0.0011923,0.0000036,0.0000039
13662,0.0011925,0.0000036,0.0000039
13663,0.0011928,0.0000036,0.0000039
13664,0.0011930,0.0000036,0.0000039
13665,0.0011932,0.0000036,0.0000039
13666,0.0011935,0.0000036,0.0000039
13667,0.0011937,0.0000036,0.0000039
13668,0.0011940,0.0000036,0.0000039
13669,0.0011942,0.0000036,0.0000039
13670,0.0011944,0.0000036,0.0000039
13671,0.0011947,0.0000036,0.0000039
13672,0.0011949,0.0000036,0.0000039
13673,0.0011952,0.0000036,0.0000039
13674,0.0011954,0.0000036,0.0000039
13675,0.0011957,0.0000036,0.0000039
13676,0.0011959,0.0000036,0.0000039
13677,0.0011961,0.0000036,0.0000039
13678,0.0011964,0.0000036,0.0000039
13679,0.0011966,0.0000036,0.0000039
13680,0.0011969,0.0000036,0.0000039
13681,0.0011971,0.0000036,0.0000039
13682,0.0011974,0.0000036,0.0000039
13683,0.0011976,0.0000036,0.0000039
13684,0.0011978,0.0000036,0.0000039
13685,0.0011981,0.0000036,0.0000039
13686,0.0011983,0.0000036,0.0000039
13687,0.0011986,0.0000036,0.0000039
13688,0.0011988,0.0000036,0.0000039
13689,0.0011991,0.0000036,0.0000039
13690,0.0011993,0.0000036,0.0000039
13691,0.0011996,0.0000036,0.0000039
13692,0.0011998,0.0000036,0.0000039
13693,0.0012001,0.0000036,0.0000039
13694,0.0012003,0.0000036,0.0000039
13695,0.0012006,0.0000036,0.0000039
13696,0.0012008,0.0000036,0.0000039
13697,0.0012011,0.0000036,0.0000039
13698,0.0012013,0.0000036,0.0000039
13699,0.0012016,0.0000036,0.0000039
13700,0.0012018,0.0000036,0.0000039
13701,0.0012020,0.0000036,0.0000039
13702,0.0012023,0.0000036,0.0000039
13703,0.0012025,0.0000036,0.0000039
13704,0.0012028,0.0000036,0.0000039
13705,0.0012030,0.0000036,0.0000039
13706,0.0012033,0.0000036,0.0000039
13707,0.0012035,0.0000036,0.0000039
13708,0.0012038,0.0000036,0.0000039
13709,0.0012040,0.0000036,0.0000039
13710,0.0012043,0.0000036,0.0000039
13711,0.0012045,0.0000036,0.0000039
13712,0.0012048,0.0000036,0.0000039
13713,0.0012050,0.0000036,0.0000039
13714,0.0012053,0.0000036,0.0000039
13715,0.0012055,0.0000036,0.0000039
13716,0.0012058,0.0000036,0.0000039
13717,0.0012060,0.0000036,0.0000039
13718,0.0012063,0.0000036,0.0000039
13719,0.0012065,0.0000036,0.0000039
13720,0.0012068,0.0000036,0.0000039
13721,0.0012070,0.0000036,0.0000039
13722,0.0012073,0.0000036,0.0000039
13723,0.0012075,0.0000036,0.0000039
13724,0.0012078,0.0000036,0.0000039
13725,0.0012080,0.0000036,0.0000039
13726,0.0012083,0.0000036,0.0000039
13727,0.0012085,0.0000036,0.0000039
13728,0.0012088,0.0000036,0.0000039
13729,0.0012090,0.0000036,0.0000039
13730,0.0012093,0.0000036,0.0000039
13731,0.0012095,0.0000036,0.0000039
13732,0.0012098,0.0000036,0.0000039
13733,0.0012100,0.0000036,0.0000039
13734,0.0012103,0.0000036,0.0000039
13735,0.0012105,0.0000036,0.0000039
13736,0.0012108,0.0000036,0.0000039
13737,0.0012110,0.0000036,0.0000039
13738,0.0012113,0.0000036,0.0000039
13739,0.0012115,0.0000036,0.0000039
13740,0.0012118,0.0000036,0.0000039
13741,0.0012120,0.0000036,0.0000039
13742,0.0012123,0.0000036,0.0000039
13743,0.0012125,0.0000036,0.0000039
13744,0.0012128,0.0000036,0.0000039
13745,0.0012130,0.0000036,0.0000039
13746,0.0012133,0.0000036,0.0000039
13747,0.0012135,0.0000036,0.0000039
13748,0.0012137,0.0000036,0.0000039
13749,0.0012140,0.0000036,0.0000039
13750,0.0012142,0.0000036,0.0000039
13751,0.0012145,0.0000036,0.0000039
13752,0.0012147,0.0000036,0.0000039
13753,0.0012150,0.0000036,0.0000039
13754,0.0012152,0.0000036,0.0000039
13755,0.0012155,0.0000036,0.0000039
13756,0.0012157,0.0000036,0.0000039
13757,0.0012160,0.0000036,0.0000039
13758,0.0012162,0.0000036,0.0000039
13759,0.0012164,0.0000036,0.0000039
13760,0.0012167,0.0000036,0.0000039
13761,0.0012169,0.0000036,0.0000039
13762,0.0012172,0.0000036,0.0000039
13763,0.0012174,0.0000036,0.0000039
13764,0.0012177,0.0000036,0.0000039
13765,0.0012179,0.0000036,0.0000039
13766,0.0012182,0.0000036,0.0000039
13767,0.0012184,0.0000036,0.0000039
13768,0.0012186,0.0000036,0.0000039
13769,0.0012189,0.0000036,0.0000039
13770,0.0012191,0.0000036,0.0000039
13771,0.0012194,0.0000036,0.0000039
13772,0.0012196,0.0000036,0.0000039
13773,0.0012198,0.0000036,0.0000039
13774,0.0012201,0.0000036,0.0000039
13775,0.0012203,0.0000036,0.0000039
13776,0.0012206,0.0000036,0.0000039
13777,0.0012208,0.0000036,0.0000039
13778,0.0012210,0.0000036,0.0000039
13779,0.0012213,0.0000036,0.0000039
13780,0.0012215,0.0000036,0.0000039
13781,0.0012218,0.0000036,0.0000039
13782,0.0012220,0.0000036,0.0000039
13783,0.0012222,0.0000036,0.0000039
13784,0.0012225,0.0000036,0.0000039
13785,0.0012227,0.0000036,0.0000039
13786,0.0012229,0.0000036,0.0000039
13787,0.0012232,0.0000036,0.0000039
13788,0.0012234,0.0000036,0.0000039
13789,0.0012236,0.0000036,0.0000039
13790,0.0012239,0.0000036,0.0000039
13791,0.0012241,0.0000036,0.0000039
13792,0.0012243,0.0000036,0.0000039
13793,0.0012246,0.0000036,0.0000039
13794,0.0012248,0.0000036,0.0000039
13795,0.0012250,0.0000036,0.0000039
13796,0.0012253,0.0000036,0.0000039
13797,0.0012255,0.0000036,0.0000039
13798,0.0012257,0.0000036,0.0000039
13799,0.0012260,0.0000036,0.0000039
13800,0.0012262,0.0000036,0.0000039
13801,0.0012264,0.0000036,0.0000039
13802,0.0012266,0.0000036,0.0000039
13803,0.0012269,0.0000036,0.0000039
13804,0.0012271,0.0000036,0.0000039
13805,0.0012273,0.0000036,0.0000039
13806,0.0012276,0.0000036,0.0000039
13807,0.0012278,0.0000036,0.0000039
13808,0.0012280,0.0000036,0.0000039
13809,0.0012282,0.0000036,0.0000039
13810,0.0012285,0.0000036,0.0000039
13811,0.0012287,0.0000036,0.0000039
13812,0.0012289,0.0000036,0.0000039
13813,0.0012291,0.0000036,0.0000038
13814,0.0012293,0.0000036,0.0000038
13815,0.0012296,0.0000036,0.0000038
13816,0.0012298,0.0000036,0.0000038
13817,0.0012300,0.0000036,0.0000038
13818,0.0012302,0.0000036,0.0000038
13819,0.0012304,0.0000036,0.0000038
13820,0.0012307,0.0000036,0.0000038
13821,0.0012309,0.0000036,0.0000038
13822,0.0012311,0.0000036,0.0000038
13823,0.0012313,0.0000036,0.0000038
13824,0.0012315,0.0000036,0.0000038
13825,0.0012318,0.0000036,0.0000038
13826,0.0012320,0.0000036,0.0000038
13827,0.0012322,0.0000036,0.0000038
13828,0.0012324,0.0000036,0.0000038
13829,0.0012326,0.0000036,0.0000038
13830,0.0012328,0.0000036,0.0000038
13831,0.0012330,0.0000036,0.0000038
13832,0.0012332,0.0000036,0.0000038
13833,0.0012335,0.0000036,0.0000038
13834,0.0012337,0.0000036,0.0000038
13835,0.0012339,0.0000036,0.0000038
13836,0.0012341,0.0000036,0.0000038
13837,0.0012343,0.0000036,0.0000038
13838,0.0012345,0.0000036,0.0000038
13839,0.0012347,0.0000036,0.0000038
13840,0.0012349,0.0000036,0.0000038
13841,0.0012351,0.0000036,0.0000038
13842,0.0012353,0.0000036,0.0000038
13843,0.0012355,0.0000036,0.0000038
13844,0.0012357,0.0000036,0.0000038
13845,0.0012359,0.0000036,0.0000038
13846,0.0012361,0.0000036,0.0000038
13847,0.0012363,0.0000036,0.0000038
13848,0.0012365,0.0000036,0.0000038
13849,0.0012367,0.0000036,0.0000038
13850,0.0012369,0.0000036,0.0000038
13851,0.0012371,0.0000036,0.0000038
13852,0.0012373,0.0000036,0.0000038
13853,0.0012375,0.0000036,0.0000038
13854,0.0012377,0.0000036,0.0000038
13855,0.0012379,0.0000036,0.0000038
13856,0.0012381,0.0000036,0.0000038
13857,0.0012383,0.0000036,0.0000038
13858,0.0012385,0.0000036,0.0000038
13859,0.0012387,0.0000036,0.0000038
13860,0.0012389,0.0000036,0.0000038
13861,0.0012391,0.0000036,0.0000038
13862,0.0012393,0.0000036,0.0000038
13863,0.0012395,0.0000036,0.0000038
13864,0.0012397,0.0000036,0.0000038
13865,0.0012398,0.0000036,0.0000038
13866,0.0012400,0.0000036,0.0000038
13867,0.0012402,0.0000036,0.0000038
13868,0.0012404,0.0000036,0.0000038
13869,0.0012406,0.0000036,0.0000038
13870,0.0012408,0.0000036,0.0000038
13871,0.0012410,0.0000035,0.0000038
13872,0.0012411,0.0000035,0.0000038
13873,0.0012413,0.0000035,0.0000038
13874,0.0012415,0.0000035,0.0000038
13875,0.0012417,0.0000035,0.0000038
13876,0.0012419,0.0000035,0.0000038
13877,0.0012420,0.0000035,0.0000038
13878,0.0012422,0.0000035,0.0000038
13879,0.0012424,0.0000035,0.0000038
13880,0.0012426,0.0000035,0.0000038
13881,0.0012427,0.0000035,0.0000038
13882,0.0012429,0.0000035,0.0000038
13883,0.0012431,0.0000035,0.0000038
13884,0.0012433,0.0000035,0.0000038
13885,0.0012434,0.0000035,0.0000038
13886,0.0012436,0.0000035,0.0000038
13887,0.0012438,0.0000035,0.0000038
13888,0.0012439,0.0000035,0.0000038
13889,0.0012441,0.0000035,0.0000038
13890,0.0012443,0.0000035,0.0000038
13891,0.0012444,0.0000035,0.0000038
13892,0.0012446,0.0000035,0.0000038
13893,0.0012448,0.0000035,0.0000038
13894,0.0012449,0.0000035,0.0000038
13895,0.0012451,0.0000035,0.0000038
13896,0.0012453,0.0000035,0.0000038
13897,0.0012454,0.0000035,0.0000038
13898,0.0012456,0.0000035,0.0000038
13899,0.0012458,0.0000035,0.0000038
13900,0.0012459,0.0000035,0.0000038
13901,0.0012461,0.0000035,0.0000038
13902,0.0012462,0.0000035,0.0000038
13903,0.0012464,0.0000035,0.0000038
13904,0.0012465,0.0000035,0.0000038
13905,0.0012467,0.0000035,0.0000038
13906,0.0012468,0.0000035,0.0000038
13907,0.0012470,0.0000035,0.0000038
13908,0.0012471,0.0000035,0.0000038
13909,0.0012473,0.0000035,0.0000038
13910,0.0012474,0.0000035,0.0000038
13911,0.0012476,0.0000035,0.0000038
13912,0.0012477,0.0000035,0.0000038
13913,0.0012479,0.0000035,0.0000038
13914,0.0012480,0.0000035,0.0000038
13915,0.0012482,0.0000035,0.0000038
13916,0.0012483,0.0000035,0.0000038
13917,0.0012485,0.0000035,0.0000038
13918,0.0012486,0.0000035,0.0000038
13919,0.0012488,0.0000035,0.0000038
13920,0.0012489,0.0000035,0.0000038
13921,0.0012490,0.0000035,0.0000038
13922,0.0012492,0.0000035,0.0000038
13923,0.0012493,0.0000035,0.0000037
13924,0.0012494,0.0000035,0.0000037
13925,0.0012496,0.0000035,0.0000037
13926,0.0012497,0.0000035,0.0000037
13927,0.0012498,0.0000035,0.0000037
13928,0.0012500,0.0000035,0.0000037
13929,0.0012501,0.0000035,0.0000037
13930,0.0012502,0.0000035,0.0000037
13931,0.0012504,0.0000035,0.0000037
13932,0.0012505,0.0000035,0.0000037
13933,0.0012506,0.0000035,0.0000037
13934,0.0012507,0.0000035,0.0000037
13935,0.0012509,0.0000035,0.0000037
13936,0.0012510,0.0000035,0.0000037
13937,0.0012511,0.0000035,0.0000037
13938,0.0012512,0.0000035,0.0000037
13939,0.0012514,0.0000035,0.0000037
13940,0.0012515,0.0000035,0.0000037
13941,0.0012516,0.0000035,0.0000037
13942,0.0012517,0.0000035,0.0000037
13943,0.0012518,0.0000035,0.0000037
13944,0.0012520,0.0000035,0.0000037
13945,0.0012521,0.0000035,0.0000037
13946,0.0012522,0.0000035,0.0000037
13947,0.0012523,0.0000035,0.0000037
13948,0.0012524,0.0000035,0.0000037
13949,0.0012525,0.0000035,0.0000037
13950,0.0012526,0.0000035,0.0000037
13951,0.0012527,0.0000035,0.0000037
13952,0.0012528,0.0000035,0.0000037
13953,0.0012530,0.0000035,0.0000037
13954,0.0012531,0.0000035,0.0000037
13955,0.0012532,0.0000035,0.0000037
13956,0.0012533,0.0000035,0.0000037
13957,0.0012534,0.0000035,0.0000037
13958,0.0012535,0.0000035,0.0000037
13959,0.0012536,0.0000035,0.0000037
13960,0.0012537,0.0000035,0.0000037
13961,0.0012538,0.0000035,0.0000037
13962,0.0012539,0.0000035,0.0000037
13963,0.0012540,0.0000035,0.0000037
13964,0.0012541,0.0000035,0.0000037
13965,0.0012542,0.0000035,0.0000037
13966,0.0012542,0.0000035,0.0000037
13967,0.0012543,0.0000035,0.0000037
13968,0.0012544,0.0000035,0.0000037
13969,0.0012545,0.0000035,0.0000037
13970,0.0012546,0.0000035,0.0000037
13971,0.0012547,0.0000035,0.0000037
13972,0.0012548,0.0000035,0.0000037
13973,0.0012549,0.0000035,0.0000037
13974,0.0012550,0.0000035,0.0000037
13975,0.0012550,0.0000035,0.0000037
13976,0.0012551,0.0000035,0.0000037
13977,0.0012552,0.0000035,0.0000037
13978,0.0012553,0.0000035,0.0000037
13979,0.0012554,0.0000035,0.0000037
13980,0.0012554,0.0000035,0.0000037
13981,0.0012555,0.0000035,0.0000037
13982,0.0012556,0.0000035,0.0000037
13983,0.0012557,0.0000035,0.0000037
13984,0.0012557,0.0000035,0.0000037
13985,0.0012558,0.0000035,0.0000037
13986,0.0012559,0.0000034,0.0000037
13987,0.0012559,0.0000034,0.0000037
13988,0.0012560,0.0000034,0.0000037
13989,0.0012561,0.0000034,0.0000037
13990,0.0012561,0.0000034,0.0000037
13991,0.0012562,0.0000034,0.0000037
13992,0.0012563,0.0000034,0.0000037
13993,0.0012563,0.0000034,0.0000037
13994,0.0012564,0.0000034,0.0000037
13995,0.0012565,0.0000034,0.0000037
13996,0.0012565,0.0000034,0.0000037
13997,0.0012566,0.0000034,0.0000037
13998,0.0012566,0.0000034,0.0000037
13999,0.0012567,0.0000034,0.0000037
14000,0.0012567,0.0000034,0.0000037
14001,0.0012568,0.0000034,0.0000037
14002,0.0012569,0.0000034,0.0000037
14003,0.0012569,0.0000034,0.0000037
14004,0.0012570,0.0000034,0.0000037
14005,0.0012570,0.0000034,0.0000037
14006,0.0012571,0.0000034,0.0000037
14007,0.0012571,0.0000034,0.0000037
14008,0.0012571,0.0000034,0.0000037
14009,0.0012572,0.0000034,0.0000037
14010,0.0012572,0.0000034,0.0000036
14011,0.0012573,0.0000034,0.0000036
14012,0.0012573,0.0000034,0.0000036
14013,0.0012574,0.0000034,0.0000036
14014,0.0012574,0.0000034,0.0000036
14015,0.0012574,0.0000034,0.0000036
14016,0.0012575,0.0000034,0.0000036
14017,0.0012575,0.0000034,0.0000036
14018,0.0012575,0.0000034,0.0000036
14019,0.0012576,0.0000034,0.0000036
14020,0.0012576,0.0000034,0.0000036
14021,0.0012576,0.0000034,0.0000036
14022,0.0012577,0.0000034,0.0000036
14023,0.0012577,0.0000034,0.0000036
14024,0.0012577,0.0000034,0.0000036
14025,0.0012577,0.0000034,0.0000036
14026,0.0012578,0.0000034,0.0000036
14027,0.0012578,0.0000034,0.0000036
14028,0.0012578,0.0000034,0.0000036
14029,0.0012578,0.0000034,0.0000036
14030,0.0012579,0.0000034,0.0000036
14031,0.0012579,0.0000034,0.0000036
14032,0.0012579,0.0000034,0.0000036
14033,0.0012579,0.0000034,0.0000036
14034,0.0012579,0.0000034,0.0000036
14035,0.0012579,0.0000034,0.0000036
14036,0.0012580,0.0000034,0.0000036
14037,0.0012580,0.0000034,0.0000036
14038,0.0012580,0.0000034,0.0000036
14039,0.0012580,0.0000034,0.0000036
14040,0.0012580,0.0000034,0.0000036
14041,0.0012580,0.0000034,0.0000036
14042,0.0012580,0.0000034,0.0000036
14043,0.0012580,0.0000034,0.0000036
14044,0.0012580,0.0000034,0.0000036
14045,0.0012580,0.0000034,0.0000036
14046,0.0012580,0.0000034,0.0000036
14047,0.0012580,0.0000034,0.0000036
14048,0.0012580,0.0000034,0.0000036
14049,0.0012580,0.0000034,0.0000036
14050,0.0012580,0.0000034,0.0000036
14051,0.0012580,0.0000034,0.0000036
14052,0.0012580,0.0000034,0.0000036
14053,0.0012580,0.0000034,0.0000036
14054,0.0012580,0.0000034,0.0000036
14055,0.0012580,0.0000034,0.0000036
14056,0.0012580,0.0000034,0.0000036
14057,0.0012579,0.0000034,0.0000036
14058,0.0012579,0.0000034,0.0000036
14059,0.0012579,0.0000034,0.0000036
14060,0.0012579,0.0000034,0.0000036
14061,0.0012579,0.0000034,0.0000036
14062,0.0012579,0.0000034,0.0000036
14063,0.0012578,0.0000034,0.0000036
14064,0.0012578,0.0000034,0.0000036
14065,0.0012578,0.0000034,0.0000036
14066,0.0012578,0.0000034,0.0000036
14067,0.0012577,0.0000034,0.0000036
14068,0.0012577,0.0000034,0.0000036
14069,0.0012577,0.0000034,0.0000036
14070,0.0012577,0.0000034,0.0000036
14071,0.0012576,0.0000034,0.0000036
14072,0.0012576,0.0000034,0.0000036
14073,0.0012576,0.0000034,0.0000036
14074,0.0012575,0.0000034,0.0000036
14075,0.0012575,0.0000034,0.0000036
14076,0.0012575,0.0000034,0.0000036
14077,0.0012574,0.0000033,0.0000036
14078,0.0012574,0.0000033,0.0000036
14079,0.0012574,0.0000033,0.0000036
14080,0.0012573,0.0000033,0.0000036
14081,0.0012573,0.0000033,0.0000036
14082,0.0012572,0.0000033,0.0000036
14083,0.0012572,0.0000033,0.0000036
14084,0.0012571,0.0000033,0.0000036
14085,0.0012571,0.0000033,0.0000036
14086,0.0012570,0.0000033,0.0000036
14087,0.0012570,0.0000033,0.0000035
14088,0.0012569,0.0000033,0.0000035
14089,0.0012569,0.0000033,0.0000035
14090,0.0012568,0.0000033,0.0000035
14091,0.0012568,0.0000033,0.0000035
14092,0.0012567,0.0000033,0.0000035
14093,0.0012567,0.0000033,0.0000035
14094,0.0012566,0.0000033,0.0000035
14095,0.0012566,0.0000033,0.0000035
14096,0.0012565,0.0000033,0.0000035
14097,0.0012564,0.0000033,0.0000035
14098,0.0012564,0.0000033,0.0000035
14099,0.0012563,0.0000033,0.0000035
14100,0.0012562,0.0000033,0.0000035
14101,0.0012562,0.0000033,0.0000035
14102,0.0012561,0.0000033,0.0000035
14103,0.0012560,0.0000033,0.0000035
14104,0.0012560,0.0000033,0.0000035
14105,0.0012559,0.0000033,0.0000035
14106,0.0012558,0.0000033,0.0000035
14107,0.0012557,0.0000033,0.0000035
14108,0.0012557,0.0000033,0.0000035
14109,0.0012556,0.0000033,0.0000035
14110,0.0012555,0.0000033,0.0000035
14111,0.0012554,0.0000033,0.0000035
14112,0.0012554,0.0000033,0.0000035
14113,0.0012553,0.0000033,0.0000035
14114,0.0012552,0.0000033,0.0000035
14115,0.0012551,0.0000033,0.0000035
14116,0.0012550,0.0000033,0.0000035
14117,0.0012549,0.0000033,0.0000035
14118,0.0012548,0.0000033,0.0000035
14119,0.0012548,0.0000033,0.0000035
14120,0.0012547,0.0000033,0.0000035
14121,0.0012546,0.0000033,0.0000035
14122,0.0012545,0.0000033,0.0000035
14123,0.0012544,0.0000033,0.0000035
14124,0.0012543,0.0000033,0.0000035
14125,0.0012542,0.0000033,0.0000035
14126,0.0012541,0.0000033,0.0000035
14127,0.0012540,0.0000033,0.0000035
14128,0.0012539,0.0000033,0.0000035
14129,0.0012538,0.0000033,0.0000035
14130,0.0012537,0.0000033,0.0000035
14131,0.0012536,0.0000033,0.0000035
14132,0.0012535,0.0000033,0.0000035
14133,0.0012534,0.0000033,0.0000035
14134,0.0012533,0.0000033,0.0000035
14135,0.0012532,0.0000033,0.0000035
14136,0.0012530,0.0000033,0.0000035
14137,0.0012529,0.0000033,0.0000035
14138,0.0012528,0.0000033,0.0000035
14139,0.0012527,0.0000033,0.0000035
14140,0.0012526,0.0000033,0.0000035
14141,0.0012525,0.0000033,0.0000035
14142,0.0012524,0.0000033,0.0000035
14143,0.0012522,0.0000033,0.0000035
14144,0.0012521,0.0000033,0.0000035
14145,0.0012520,0.0000033,0.0000035
14146,0.0012519,0.0000033,0.0000035
14147,0.0012517,0.0000033,0.0000035
14148,0.0012516,0.0000033,0.0000035
14149,0.0012515,0.0000033,0.0000035
14150,0.0012514,0.0000033,0.0000035
14151,0.0012512,0.0000033,0.0000035
14152,0.0012511,0.0000033,0.0000035
14153,0.0012510,0.0000033,0.0000035
14154,0.0012508,0.0000033,0.0000035
14155,0.0012507,0.0000033,0.0000035
14156,0.0012506,0.0000032,0.0000035
14157,0.0012504,0.0000032,0.0000035
14158,0.0012503,0.0000032,0.0000034
14159,0.0012502,0.0000032,0.0000034
14160,0.0012500,0.0000032,0.0000034
14161,0.0012499,0.0000032,0.0000034
14162,0.0012497,0.0000032,0.0000034
14163,0.0012496,0.0000032,0.0000034
14164,0.0012494,0.0000032,0.0000034
14165,0.0012493,0.0000032,0.0000034
14166,0.0012491,0.0000032,0.0000034
14167,0.0012490,0.0000032,0.0000034
14168,0.0012488,0.0000032,0.0000034
14169,0.0012487,0.0000032,0.0000034
14170,0.0012485,0.0000032,0.0000034
14171,0.0012484,0.0000032,0.0000034
14172,0.0012482,0.0000032,0.0000034
14173,0.0012481,0.0000032,0.0000034
14174,0.0012479,0.0000032,0.0000034
14175,0.0012478,0.0000032,0.0000034
14176,0.0012476,0.0000032,0.0000034
14177,0.0012474,0.0000032,0.0000034
14178,0.0012473,0.0000032,0.0000034
14179,0.0012471,0.0000032,0.0000034
14180,0.0012469,0.0000032,0.0000034
14181,0.0012468,0.0000032,0.0000034
14182,0.0012466,0.0000032,0.0000034
14183,0.0012464,0.0000032,0.0000034
14184,0.0012463,0.0000032,0.0000034
14185,0.0012461,0.0000032,0.0000034
14186,0.0012459,0.0000032,0.0000034
14187,0.0012458,0.0000032,0.0000034
14188,0.0012456,0.0000032,0.0000034
14189,0.0012454,0.0000032,0.0000034
14190,0.0012452,0.0000032,0.0000034
14191,0.0012450,0.0000032,0.0000034
14192,0.0012449,0.0000032,0.0000034
14193,0.0012447,0.0000032,0.0000034
14194,0.0012445,0.0000032,0.0000034
14195,0.0012443,0.0000032,0.0000034
14196,0.0012441,0.0000032,0.0000034
14197,0.0012439,0.0000032,0.0000034
14198,0.0012438,0.0000032,0.0000034
14199,0.0012436,0.0000032,0.0000034
14200,0.0012434,0.0000032,0.0000034
14201,0.0012432,0.0000032,0.0000034
14202,0.0012430,0.0000032,0.0000034
14203,0.0012428,0.0000032,0.0000034
14204,0.0012426,0.0000032,0.0000034
14205,0.0012424,0.0000032,0.0000034
14206,0.0012422,0.0000032,0.0000034
14207,0.0012420,0.0000032,0.0000034
14208,0.0012418,0.0000032,0.0000034
14209,0.0012416,0.0000032,0.0000034
14210,0.0012414,0.0000032,0.0000034
14211,0.0012412,0.0000032,0.0000034
14212,0.0012410,0.0000032,0.0000034
14213,0.0012408,0.0000032,0.0000034
14214,0.0012406,0.0000032,0.0000034
14215,0.0012404,0.0000032,0.0000034
14216,0.0012402,0.0000032,0.0000034
14217,0.0012400,0.0000032,0.0000034
14218,0.0012398,0.0000032,0.0000034
14219,0.0012395,0.0000032,0.0000034
14220,0.0012393,0.0000032,0.0000034
14221,0.0012391,0.0000032,0.0000034
14222,0.0012389,0.0000032,0.0000034
14223,0.0012387,0.0000032,0.0000034
14224,0.0012385,0.0000032,0.0000034
14225,0.0012382,0.0000032,0.0000034
14226,0.0012380,0.0000032,0.0000033
14227,0.0012378,0.0000032,0.0000033
14228,0.0012376,0.0000032,0.0000033
14229,0.0012373,0.0000031,0.0000033
14230,0.0012371,0.0000031,0.0000033
14231,0.0012369,0.0000031,0.0000033
14232,0.0012367,0.0000031,0.0000033
14233,0.0012364,0.0000031,0.0000033
14234,0.0012362,0.0000031,0.0000033
14235,0.0012360,0.0000031,0.0000033
14236,0.0012357,0.0000031,0.0000033
14237,0.0012355,0.0000031,0.0000033
14238,0.0012353,0.0000031,0.0000033
14239,0.0012350,0.0000031,0.0000033
14240,0.0012348,0.0000031,0.0000033
14241,0.0012345,0.0000031,0.0000033
14242,0.0012343,0.0000031,0.0000033
14243,0.0012341,0.0000031,0.0000033
14244,0.0012338,0.0000031,0.0000033
14245,0.0012336,0.0000031,0.0000033
14246,0.0012333,0.0000031,0.0000033
14247,0.0012331,0.0000031,0.0000033
14248,0.0012328,0.0000031,0.0000033
14249,0.0012326,0.0000031,0.0000033
14250,0.0012323,0.0000031,0.0000033
14251,0.0012321,0.0000031,0.0000033
14252,0.0012318,0.0000031,0.0000033
14253,0.0012316,0.0000031,0.0000033
14254,0.0012313,0.0000031,0.0000033
14255,0.0012311,0.0000031,0.0000033
14256,0.0012308,0.0000031,0.0000033
14257,0.0012305,0.0000031,0.0000033
14258,0.0012303,0.0000031,0.0000033
14259,0.0012300,0.0000031,0.0000033
14260,0.0012298,0.0000031,0.0000033
14261,0.0012295,0.0000031,0.0000033
14262,0.0012292,0.0000031,0.0000033
14263,0.0012290,0.0000031,0.0000033
14264,0.0012287,0.0000031,0.0000033
14265,0.0012284,0.0000031,0.0000033
14266,0.0012282,0.0000031,0.0000033
14267,0.0012279,0.0000031,0.0000033
14268,0.0012276,0.0000031,0.0000033
14269,0.0012274,0.0000031,0.0000033
14270,0.0012271,0.0000031,0.0000033
14271,0.0012268,0.0000031,0.0000033
14272,0.0012265,0.0000031,0.0000033
14273,0.0012263,0.0000031,0.0000033
14274,0.0012260,0.0000031,0.0000033
14275,0.0012257,0.0000031,0.0000033
14276,0.0012254,0.0000031,0.0000033
14277,0.0012251,0.0000031,0.0000033
14278,0.0012249,0.0000031,0.0000033
14279,0.0012246,0.0000031,0.0000033
14280,0.0012243,0.0000031,0.0000033
14281,0.0012240,0.0000031,0.0000033
14282,0.0012237,0.0000031,0.0000033
14283,0.0012234,0.0000031,0.0000033
14284,0.0012231,0.0000031,0.0000033
14285,0.0012228,0.0000031,0.0000033
14286,0.0012225,0.0000031,0.0000033
14287,0.0012223,0.0000031,0.0000033
14288,0.0012220,0.0000031,0.0000033
14289,0.0012217,0.0000031,0.0000033
14290,0.0012214,0.0000031,0.0000033
14291,0.0012211,0.0000031,0.0000033
14292,0.0012208,0.0000031,0.0000032
14293,0.0012205,0.0000031,0.0000032
14294,0.0012202,0.0000031,0.0000032
14295,0.0012199,0.0000031,0.0000032
14296,0.0012196,0.0000031,0.0000032
14297,0.0012193,0.0000030,0.0000032
14298,0.0012190,0.0000030,0.0000032
14299,0.0012187,0.0000030,0.0000032
14300,0.0012183,0.0000030,0.0000032
14301,0.0012180,0.0000030,0.0000032
14302,0.0012177,0.0000030,0.0000032
14303,0.0012174,0.0000030,0.0000032
14304,0.0012171,0.0000030,0.0000032
14305,0.0012168,0.0000030,0.0000032
14306,0.0012165,0.0000030,0.0000032
14307,0.0012162,0.0000030,0.0000032
14308,0.0012158,0.0000030,0.0000032
14309,0.0012155,0.0000030,0.0000032
14310,0.0012152,0.0000030,0.0000032
14311,0.0012149,0.0000030,0.0000032
14312,0.0012146,0.0000030,0.0000032
14313,0.0012142,0.0000030,0.0000032
14314,0.0012139,0.0000030,0.0000032
14315,0.0012136,0.0000030,0.0000032
14316,0.0012133,0.0000030,0.0000032
14317,0.0012129,0.0000030,0.0000032
14318,0.0012126,0.0000030,0.0000032
14319,0.0012123,0.0000030,0.0000032
14320,0.0012120,0.0000030,0.0000032
14321,0.0012116,0.0000030,0.0000032
14322,0.0012113,0.0000030,0.0000032
14323,0.0012110,0.0000030,0.0000032
14324,0.0012106,0.0000030,0.0000032
14325,0.0012103,0.0000030,0.0000032
14326,0.0012100,0.0000030,0.0000032
14327,0.0012096,0.0000030,0.0000032
14328,0.0012093,0.0000030,0.0000032
14329,0.0012089,0.0000030,0.0000032
14330,0.0012086,0.0000030,0.0000032
14331,0.0012083,0.0000030,0.0000032
14332,0.0012079,0.0000030,0.0000032
14333,0.0012076,0.0000030,0.0000032
14334,0.0012072,0.0000030,0.0000032
14335,0.0012069,0.0000030,0.0000032
14336,0.0012065,0.0000030,0.0000032
14337,0.0012062,0.0000030,0.0000032
14338,0.0012058,0.0000030,0.0000032
14339,0.0012055,0.0000030,0.0000032
14340,0.0012051,0.0000030,0.0000032
14341,0.0012048,0.0000030,0.0000032
14342,0.0012044,0.0000030,0.0000032
14343,0.0012041,0.0000030,0.0000032
14344,0.0012037,0.0000030,0.0000032
14345,0.0012034,0.0000030,0.0000032
14346,0.0012030,0.0000030,0.0000032
14347,0.0012027,0.0000030,0.0000032
14348,0.0012023,0.0000030,0.0000032
14349,0.0012019,0.0000030,0.0000032
14350,0.0012016,0.0000030,0.0000032
14351,0.0012012,0.0000030,0.0000032
14352,0.0012008,0.0000030,0.0000032
14353,0.0012005,0.0000030,0.0000032
14354,0.0012001,0.0000030,0.0000032
14355,0.0011997,0.0000030,0.0000032
14356,0.0011994,0.0000030,0.0000032
14357,0.0011990,0.0000030,0.0000032
14358,0.0011986,0.0000030,0.0000031
14359,0.0011983,0.0000030,0.0000031
14360,0.0011979,0.0000030,0.0000031
14361,0.0011975,0.0000030,0.0000031
14362,0.0011972,0.0000030,0.0000031
14363,0.0011968,0.0000029,0.0000031
14364,0.0011964,0.0000029,0.0000031
14365,0.0011960,0.0000029,0.0000031
14366,0.0011956,0.0000029,0.0000031
14367,0.0011953,0.0000029,0.0000031
14368,0.0011949,0.0000029,0.0000031
14369,0.0011945,0.0000029,0.0000031
14370,0.0011941,0.0000029,0.0000031
14371,0.0011937,0.0000029,0.0000031
14372,0.0011934,0.0000029,0.0000031
14373,0.0011930,0.0000029,0.0000031
14374,0.0011926,0.0000029,0.0000031
14375,0.0011922,0.0000029,0.0000031
14376,0.0011918,0.0000029,0.0000031
14377,0.0011914,0.0000029,0.0000031
14378,0.0011910,0.0000029,0.0000031
14379,0.0011906,0.0000029,0.0000031
14380,0.0011903,0.0000029,0.0000031
14381,0.0011899,0.0000029,0.0000031
14382,0.0011895,0.0000029,0.0000031
14383,0.0011891,0.0000029,0.0000031
14384,0.0011887,0.0000029,0.0000031
14385,0.0011883,0.0000029,0.0000031
14386,0.0011879,0.0000029,0.0000031
14387,0.0011875,0.0000029,0.0000031
14388,0.0011871,0.0000029,0.0000031
14389,0.0011867,0.0000029,0.0000031
14390,0.0011863,0.0000029,0.0000031
14391,0.0011859,0.0000029,0.0000031
14392,0.0011855,0.0000029,0.0000031
14393,0.0011851,0.0000029,0.0000031
14394,0.0011847,0.0000029,0.0000031
14395,0.0011843,0.0000029,0.0000031
14396,0.0011839,0.0000029,0.0000031
14397,0.0011835,0.0000029,0.0000031
14398,0.0011830,0.0000029,0.0000031
14399,0.0011826,0.0000029,0.0000031
14400,0.0011822,0.0000029,0.0000031
14401,0.0011818,0.0000029,0.0000031
14402,0.0011814,0.0000029,0.0000031
14403,0.0011810,0.0000029,0.0000031
14404,0.0011806,0.0000029,0.0000031
14405,0.0011802,0.0000029,0.0000031
14406,0.0011797,0.0000029,0.0000031
14407,0.0011793,0.0000029,0.0000031
14408,0.0011789,0.0000029,0.0000031
14409,0.0011785,0.0000029,0.0000031
14410,0.0011781,0.0000029,0.0000031
14411,0.0011776,0.0000029,0.0000031
14412,0.0011772,0.0000029,0.0000031
14413,0.0011768,0.0000029,0.0000031
14414,0.0011764,0.0000029,0.0000031
14415,0.0011760,0.0000029,0.0000031
14416,0.0011755,0.0000029,0.0000031
14417,0.0011751,0.0000029,0.0000031
14418,0.0011747,0.0000029,0.0000031
14419,0.0011742,0.0000029,0.0000031
14420,0.0011738,0.0000029,0.0000031
14421,0.0011734,0.0000029,0.0000031
14422,0.0011730,0.0000029,0.0000031
14423,0.0011725,0.0000029,0.0000031
14424,0.0011721,0.0000029,0.0000030
14425,0.0011717,0.0000029,0.0000030
14426,0.0011712,0.0000029,0.0000030
14427,0.0011708,0.0000028,0.0000030
14428,0.0011704,0.0000028,0.0000030
14429,0.0011699,0.0000028,0.0000030
14430,0.0011695,0.0000028,0.0000030
14431,0.0011690,0.0000028,0.0000030
14432,0.0011686,0.0000028,0.0000030
14433,0.0011682,0.0000028,0.0000030
14434,0.0011677,0.0000028,0.0000030
14435,0.0011673,0.0000028,0.0000030
14436,0.0011668,0.0000028,0.0000030
14437,0.0011664,0.0000028,0.0000030
14438,0.0011659,0.0000028,0.0000030
14439,0.0011655,0.0000028,0.0000030
14440,0.0011651,0.0000028,0.0000030
14441,0.0011646,0.0000028,0.0000030
14442,0.0011642,0.0000028,0.0000030
14443,0.0011637,0.0000028,0.0000030
14444,0.0011633,0.0000028,0.0000030
14445,0.0011628,0.0000028,0.0000030
14446,0.0011624,0.0000028,0.0000030
14447,0.0011619,0.0000028,0.0000030
14448,0.0011615,0.0000028,0.0000030
14449,0.0011610,0.0000028,0.0000030
14450,0.0011606,0.0000028,0.0000030
14451,0.0011601,0.0000028,0.0000030
14452,0.0011596,0.0000028,0.0000030
14453,0.0011592,0.0000028,0.0000030
14454,0.0011587,0.0000028,0.0000030
14455,0.0011583,0.0000028,0.0000030
14456,0.0011578,0.0000028,0.0000030
14457,0.0011573,0.0000028,0.0000030
14458,0.0011569,0.0000028,0.0000030
14459,0.0011564,0.0000028,0.0000030
14460,0.0011560,0.0000028,0.0000030
14461,0.0011555,0.0000028,0.0000030
14462,0.0011550,0.0000028,0.0000030
14463,0.0011546,0.0000028,0.0000030
14464,0.0011541,0.0000028,0.0000030
14465,0.0011536,0.0000028,0.0000030
14466,0.0011532,0.0000028,0.0000030
14467,0.0011527,0.0000028,0.0000030
14468,0.0011522,0.0000028,0.0000030
14469,0.0011518,0.0000028,0.0000030
14470,0.0011513,0.0000028,0.0000030
14471,0.0011508,0.0000028,0.0000030
14472,0.0011503,0.0000028,0.0000030
14473,0.0011499,0.0000028,0.0000030
14474,0.0011494,0.0000028,0.0000030
14475,0.0011489,0.0000028,0.0000030
14476,0.0011485,0.0000028,0.0000030
14477,0.0011480,0.0000028,0.0000030
14478,0.0011475,0.0000028,0.0000030
14479,0.0011470,0.0000028,0.0000030
14480,0.0011465,0.0000028,0.0000030
14481,0.0011461,0.0000028,0.0000030
14482,0.0011456,0.0000028,0.0000030
14483,0.0011451,0.0000028,0.0000030
14484,0.0011446,0.0000028,0.0000030
14485,0.0011441,0.0000028,0.0000030
14486,0.0011437,0.0000028,0.0000030
14487,0.0011432,0.0000028,0.0000030
14488,0.0011427,0.0000028,0.0000030
14489,0.0011422,0.0000028,0.0000030
14490,0.0011417,0.0000028,0.0000030
14491,0.0011412,0.0000028,0.0000030
14492,0.0011408,0.0000027,0.0000030
14493,0.0011403,0.0000027,0.0000030
14494,0.0011398,0.0000027,0.0000029
14495,0.0011393,0.0000027,0.0000029
14496,0.0011388,0.0000027,0.0000029
14497,0.0011383,0.0000027,0.0000029
14498,0.0011378,0.0000027,0.0000029
14499,0.0011373,0.0000027,0.0000029
14500,0.0011368,0.0000027,0.0000029
14501,0.0011363,0.0000027,0.0000029
14502,0.0011358,0.0000027,0.0000029
14503,0.0011354,0.0000027,0.0000029
14504,0.0011349,0.0000027,0.0000029
14505,0.0011344,0.0000027,0.0000029
14506,0.0011339,0.0000027,0.0000029
14507,0.0011334,0.0000027,0.0000029
14508,0.0011329,0.0000027,0.0000029
14509,0.0011324,0.0000027,0.0000029
14510,0.0011319,0.0000027,0.0000029
14511,0.0011314,0.0000027,0.0000029
14512,0.0011309,0.0000027,0.0000029
14513,0.0011304,0.0000027,0.0000029
14514,0.0011299,0.0000027,0.0000029
14515,0.0011294,0.0000027,0.0000029
14516,0.0011289,0.0000027,0.0000029
14517,0.0011284,0.0000027,0.0000029
14518,0.0011279,0.0000027,0.0000029
14519,0.0011273,0.0000027,0.0000029
14520,0.0011268,0.0000027,0.0000029
14521,0.0011263,0.0000027,0.0000029
14522,0.0011258,0.0000027,0.0000029
14523,0.0011253,0.0000027,0.0000029
14524,0.0011248,0.0000027,0.0000029
14525,0.0011243,0.0000027,0.0000029
14526,0.0011238,0.0000027,0.0000029
14527,0.0011233,0.0000027,0.0000029
14528,0.0011228,0.0000027,0.0000029
14529,0.0011223,0.0000027,0.0000029
14530,0.0011217,0.0000027,0.0000029
14531,0.0011212,0.0000027,0.0000029
14532,0.0011207,0.0000027,0.0000029
14533,0.0011202,0.0000027,0.0000029
14534,0.0011197,0.0000027,0.0000029
14535,0.0011192,0.0000027,0.0000029
14536,0.0011187,0.0000027,0.0000029
14537,0.0011181,0.0000027,0.0000029
14538,0.0011176,0.0000027,0.0000029
14539,0.0011171,0.0000027,0.0000029
14540,0.0011166,0.0000027,0.0000029
14541,0.0011161,0.0000027,0.0000029
14542,0.0011156,0.0000027,0.0000029
14543,0.0011150,0.0000027,0.0000029
14544,0.0011145,0.0000027,0.0000029
14545,0.0011140,0.0000027,0.0000029
14546,0.0011135,0.0000027,0.0000029
14547,0.0011129,0.0000027,0.0000029
14548,0.0011124,0.0000027,0.0000029
14549,0.0011119,0.0000027,0.0000029
14550,0.0011114,0.0000027,0.0000029
14551,0.0011109,0.0000027,0.0000029
14552,0.0011103,0.0000027,0.0000029
14553,0.0011098,0.0000027,0.0000029
14554,0.0011093,0.0000027,0.0000029
14555,0.0011087,0.0000027,0.0000029
14556,0.0011082,0.0000027,0.0000029
14557,0.0011077,0.0000027,0.0000029
14558,0.0011072,0.0000027,0.0000029
14559,0.0011066,0.0000026,0.0000029
14560,0.0011061,0.0000026,0.0000029
14561,0.0011056,0.0000026,0.0000029
14562,0.0011050,0.0000026,0.0000029
14563,0.0011045,0.0000026,0.0000029
14564,0.0011040,0.0000026,0.0000029
14565,0.0011035,0.0000026,0.0000029
14566,0.0011029,0.0000026,0.0000029
14567,0.0011024,0.0000026,0.0000028
14568,0.0011019,0.0000026,0.0000028
14569,0.0011013,0.0000026,0.0000028
14570,0.0011008,0.0000026,0.0000028
14571,0.0011002,0.0000026,0.0000028
14572,0.0010997,0.0000026,0.0000028
14573,0.0010992,0.0000026,0.0000028
14574,0.0010986,0.0000026,0.0000028
14575,0.0010981,0.0000026,0.0000028
14576,0.0010976,0.0000026,0.0000028
14577,0.0010970,0.0000026,0.0000028
14578,0.0010965,0.0000026,0.0000028
14579,0.0010959,0.0000026,0.0000028
14580,0.0010954,0.0000026,0.0000028
14581,0.0010949,0.0000026,0.0000028
14582,0.0010943,0.0000026,0.0000028
14583,0.0010938,0.0000026,0.0000028
14584,0.0010932,0.0000026,0.0000028
14585,0.0010927,0.0000026,0.0000028
14586,0.0010922,0.0000026,0.0000028
14587,0.0010916,0.0000026,0.0000028
14588,0.0010911,0.0000026,0.0000028
14589,0.0010905,0.0000026,0.0000028
14590,0.0010900,0.0000026,0.0000028
14591,0.0010894,0.0000026,0.0000028
14592,0.0010889,0.0000026,0.0000028
14593,0.0010884,0.0000026,0.0000028
14594,0.0010878,0.0000026,0.0000028
14595,0.0010873,0.0000026,0.0000028
14596,0.0010867,0.0000026,0.0000028
14597,0.0010862,0.0000026,0.0000028
14598,0.0010856,0.0000026,0.0000028
14599,0.0010851,0.0000026,0.0000028
14600,0.0010845,0.0000026,0.0000028
14601,0.0010840,0.0000026,0.0000028
14602,0.0010834,0.0000026,0.0000028
14603,0.0010829,0.0000026,0.0000028
14604,0.0010823,0.0000026,0.0000028
14605,0.0010818,0.0000026,0.0000028
14606,0.0010812,0.0000026,0.0000028
14607,0.0010807,0.0000026,0.0000028
14608,0.0010801,0.0000026,0.0000028
14609,0.0010796,0.0000026,0.0000028
14610,0.0010790,0.0000026,0.0000028
14611,0.0010785,0.0000026,0.0000028
14612,0.0010779,0.0000026,0.0000028
14613,0.0010773,0.0000026,0.0000028
14614,0.0010768,0.0000026,0.0000028
14615,0.0010762,0.0000026,0.0000028
14616,0.0010757,0.0000026,0.0000028
14617,0.0010751,0.0000026,0.0000028
14618,0.0010746,0.0000026,0.0000028
14619,0.0010740,0.0000026,0.0000028
14620,0.0010735,0.0000026,0.0000028
14621,0.0010729,0.0000026,0.0000028
14622,0.0010723,0.0000026,0.0000028
14623,0.0010718,0.0000026,0.0000028
14624,0.0010712,0.0000026,0.0000028
14625,0.0010707,0.0000026,0.0000028
14626,0.0010701,0.0000026,0.0000028
14627,0.0010696,0.0000026,0.0000028
14628,0.0010690,0.0000025,0.0000028
14629,0.0010684,0.0000025,0.0000028
14630,0.0010679,0.0000025,0.0000028
14631,0.0010673,0.0000025,0.0000028
14632,0.0010668,0.0000025,0.0000028
14633,0.0010662,0.0000025,0.0000028
14634,0.0010656,0.0000025,0.0000028
14635,0.0010651,0.0000025,0.0000028
14636,0.0010645,0.0000025,0.0000028
14637,0.0010639,0.0000025,0.0000028
14638,0.0010634,0.0000025,0.0000028
14639,0.0010628,0.0000025,0.0000028
14640,0.0010623,0.0000025,0.0000028
14641,0.0010617,0.0000025,0.0000028
14642,0.0010611,0.0000025,0.0000028
14643,0.0010606,0.0000025,0.0000028
14644,0.0010600,0.0000025,0.0000028
14645,0.0010594,0.0000025,0.0000028
14646,0.0010589,0.0000025,0.0000028
14647,0.0010583,0.0000025,0.0000027
14648,0.0010577,0.0000025,0.0000027
14649,0.0010572,0.0000025,0.0000027
14650,0.0010566,0.0000025,0.0000027
14651,0.0010560,0.0000025,0.0000027
14652,0.0010555,0.0000025,0.0000027
14653,0.0010549,0.0000025,0.0000027
14654,0.0010543,0.0000025,0.0000027
14655,0.0010538,0.0000025,0.0000027
14656,0.0010532,0.0000025,0.0000027
14657,0.0010526,0.0000025,0.0000027
14658,0.0010521,0.0000025,0.0000027
14659,0.0010515,0.0000025,0.0000027
14660,0.0010509,0.0000025,0.0000027
14661,0.0010504,0.0000025,0.0000027
14662,0.0010498,0.0000025,0.0000027
14663,0.0010492,0.0000025,0.0000027
14664,0.0010487,0.0000025,0.0000027
14665,0.0010481,0.0000025,0.0000027
14666,0.0010475,0.0000025,0.0000027
14667,0.0010469,0.0000025,0.0000027
14668,0.0010464,0.0000025,0.0000027
14669,0.0010458,0.0000025,0.0000027
14670,0.0010452,0.0000025,0.0000027
14671,0.0010447,0.0000025,0.0000027
14672,0.0010441,0.0000025,0.0000027
14673,0.0010435,0.0000025,0.0000027
14674,0.0010429,0.0000025,0.0000027
14675,0.0010424,0.0000025,0.0000027
14676,0.0010418,0.0000025,0.0000027
14677,0.0010412,0.0000025,0.0000027
14678,0.0010407,0.0000025,0.0000027
14679,0.0010401,0.0000025,0.0000027
14680,0.0010395,0.0000025,0.0000027
14681,0.0010389,0.0000025,0.0000027
14682,0.0010384,0.0000025,0.0000027
14683,0.0010378,0.0000025,0.0000027
14684,0.0010372,0.0000025,0.0000027
14685,0.0010366,0.0000025,0.0000027
14686,0.0010361,0.0000025,0.0000027
14687,0.0010355,0.0000025,0.0000027
14688,0.0010349,0.0000025,0.0000027
14689,0.0010343,0.0000025,0.0000027
14690,0.0010338,0.0000025,0.0000027
14691,0.0010332,0.0000025,0.0000027
14692,0.0010326,0.0000025,0.0000027
14693,0.0010320,0.0000025,0.0000027
14694,0.0010315,0.0000025,0.0000027
14695,0.0010309,0.0000025,0.0000027
14696,0.0010303,0.0000025,0.0000027
14697,0.0010297,0.0000025,0.0000027
14698,0.0010292,0.0000025,0.0000027
14699,0.0010286,0.0000025,0.0000027
14700,0.0010280,0.0000025,0.0000027
14701,0.0010274,0.0000024,0.0000027
14702,0.0010269,0.0000024,0.0000027
14703,0.0010263,0.0000024,0.0000027
14704,0.0010257,0.0000024,0.0000027
14705,0.0010251,0.0000024,0.0000027
14706,0.0010245,0.0000024,0.0000027
14707,0.0010240,0.0000024,0.0000027
14708,0.0010234,0.0000024,0.0000027
14709,0.0010228,0.0000024,0.0000027
14710,0.0010222,0.0000024,0.0000027
14711,0.0010217,0.0000024,0.0000027
14712,0.0010211,0.0000024,0.0000027
14713,0.0010205,0.0000024,0.0000027
14714,0.0010199,0.0000024,0.0000027
14715,0.0010193,0.0000024,0.0000027
14716,0.0010188,0.0000024,0.0000027
14717,0.0010182,0.0000024,0.0000027
14718,0.0010176,0.0000024,0.0000027
14719,0.0010170,0.0000024,0.0000027
14720,0.0010165,0.0000024,0.0000027
14721,0.0010159,0.0000024,0.0000027
14722,0.0010153,0.0000024,0.0000027
14723,0.0010147,0.0000024,0.0000027
14724,0.0010141,0.0000024,0.0000027
14725,0.0010136,0.0000024,0.0000027
14726,0.0010130,0.0000024,0.0000027
14727,0.0010124,0.0000024,0.0000027
14728,0.0010118,0.0000024,0.0000027
14729,0.0010112,0.0000024,0.0000027
14730,0.0010107,0.0000024,0.0000027
14731,0.0010101,0.0000024,0.0000027
14732,0.0010095,0.0000024,0.0000027
14733,0.0010089,0.0000024,0.0000027
14734,0.0010084,0.0000024,0.0000027
14735,0.0010078,0.0000024,0.0000027
14736,0.0010072,0.0000024,0.0000027
14737,0.0010066,0.0000024,0.0000027
14738,0.0010060,0.0000024,0.0000026
14739,0.0010055,0.0000024,0.0000026
14740,0.0010049,0.0000024,0.0000026
14741,0.0010043,0.0000024,0.0000026
14742,0.0010037,0.0000024,0.0000026
14743,0.0010031,0.0000024,0.0000026
14744,0.0010026,0.0000024,0.0000026
14745,0.0010020,0.0000024,0.0000026
14746,0.0010014,0.0000024,0.0000026
14747,0.0010008,0.0000024,0.0000026
14748,0.0010002,0.0000024,0.0000026
14749,0.0009997,0.0000024,0.0000026
14750,0.0009991,0.0000024,0.0000026
14751,0.0009985,0.0000024,0.0000026
14752,0.0009979,0.0000024,0.0000026
14753,0.0009974,0.0000024,0.0000026
14754,0.0009968,0.0000024,0.0000026
14755,0.0009962,0.0000024,0.0000026
14756,0.0009956,0.0000024,0.0000026
14757,0.0009950,0.0000024,0.0000026
14758,0.0009945,0.0000024,0.0000026
14759,0.0009939,0.0000024,0.0000026
14760,0.0009933,0.0000024,0.0000026
14761,0.0009927,0.0000024,0.0000026
14762,0.0009921,0.0000024,0.0000026
14763,0.0009916,0.0000024,0.0000026
14764,0.0009910,0.0000024,0.0000026
14765,0.0009904,0.0000024,0.0000026
14766,0.0009898,0.0000024,0.0000026
14767,0.0009893,0.0000024,0.0000026
14768,0.0009887,0.0000024,0.0000026
14769,0.0009881,0.0000024,0.0000026
14770,0.0009875,0.0000024,0.0000026
14771,0.0009869,0.0000024,0.0000026
14772,0.0009864,0.0000024,0.0000026
14773,0.0009858,0.0000024,0.0000026
14774,0.0009852,0.0000024,0.0000026
14775,0.0009846,0.0000024,0.0000026
14776,0.0009841,0.0000024,0.0000026
14777,0.0009835,0.0000024,0.0000026
14778,0.0009829,0.0000024,0.0000026
14779,0.0009823,0.0000024,0.0000026
14780,0.0009817,0.0000024,0.0000026
14781,0.0009812,0.0000024,0.0000026
14782,0.0009806,0.0000023,0.0000026
14783,0.0009800,0.0000023,0.0000026
14784,0.0009794,0.0000023,0.0000026
14785,0.0009789,0.0000023,0.0000026
14786,0.0009783,0.0000023,0.0000026
14787,0.0009777,0.0000023,0.0000026
14788,0.0009771,0.0000023,0.0000026
14789,0.0009766,0.0000023,0.0000026
14790,0.0009760,0.0000023,0.0000026
14791,0.0009754,0.0000023,0.0000026
14792,0.0009748,0.0000023,0.0000026
14793,0.0009743,0.0000023,0.0000026
14794,0.0009737,0.0000023,0.0000026
14795,0.0009731,0.0000023,0.0000026
14796,0.0009725,0.0000023,0.0000026
14797,0.0009720,0.0000023,0.0000026
14798,0.0009714,0.0000023,0.0000026
14799,0.0009708,0.0000023,0.0000026
14800,0.0009702,0.0000023,0.0000026
14801,0.0009697,0.0000023,0.0000026
14802,0.0009691,0.0000023,0.0000026
14803,0.0009685,0.0000023,0.0000026
14804,0.0009679,0.0000023,0.0000026
14805,0.0009674,0.0000023,0.0000026
14806,0.0009668,0.0000023,0.0000026
14807,0.0009662,0.0000023,0.0000026
14808,0.0009656,0.0000023,0.0000026
14809,0.0009651,0.0000023,0.0000026
14810,0.0009645,0.0000023,0.0000026
14811,0.0009639,0.0000023,0.0000026
14812,0.0009634,0.0000023,0.0000026
14813,0.0009628,0.0000023,0.0000026
14814,0.0009622,0.0000023,0.0000026
14815,0.0009616,0.0000023,0.0000026
14816,0.0009611,0.0000023,0.0000026
14817,0.0009605,0.0000023,0.0000026
14818,0.0009599,0.0000023,0.0000026
14819,0.0009594,0.0000023,0.0000026
14820,0.0009588,0.0000023,0.0000026
14821,0.0009582,0.0000023,0.0000026
14822,0.0009577,0.0000023,0.0000026
14823,0.0009571,0.0000023,0.0000026
14824,0.0009565,0.0000023,0.0000026
14825,0.0009559,0.0000023,0.0000026
14826,0.0009554,0.0000023,0.0000026
14827,0.0009548,0.0000023,0.0000026
14828,0.0009542,0.0000023,0.0000026
14829,0.0009537,0.0000023,0.0000026
14830,0.0009531,0.0000023,0.0000026
14831,0.0009525,0.0000023,0.0000026
14832,0.0009520,0.0000023,0.0000026
14833,0.0009514,0.0000023,0.0000026
14834,0.0009508,0.0000023,0.0000026
14835,0.0009503,0.0000023,0.0000026
14836,0.0009497,0.0000023,0.0000026
14837,0.0009491,0.0000023,0.0000026
14838,0.0009486,0.0000023,0.0000026
14839,0.0009480,0.0000023,0.0000026
14840,0.0009474,0.0000023,0.0000026
14841,0.0009469,0.0000023,0.0000026
14842,0.0009463,0.0000023,0.0000026
14843,0.0009458,0.0000023,0.0000026
14844,0.0009452,0.0000023,0.0000026
14845,0.0009446,0.0000023,0.0000026
14846,0.0009441,0.0000023,0.0000025
14847,0.0009435,0.0000023,0.0000025
14848,0.0009429,0.0000023,0.0000025
14849,0.0009424,0.0000023,0.0000025
14850,0.0009418,0.0000023,0.0000025
14851,0.0009413,0.0000023,0.0000025
14852,0.0009407,0.0000023,0.0000025
14853,0.0009401,0.0000023,0.0000025
14854,0.0009396,0.0000023,0.0000025
14855,0.0009390,0.0000023,0.0000025
14856,0.0009384,0.0000023,0.0000025
14857,0.0009379,0.0000023,0.0000025
14858,0.0009373,0.0000023,0.0000025
14859,0.0009368,0.0000023,0.0000025
14860,0.0009362,0.0000023,0.0000025
14861,0.0009357,0.0000023,0.0000025
14862,0.0009351,0.0000023,0.0000025
14863,0.0009345,0.0000023,0.0000025
14864,0.0009340,0.0000023,0.0000025
14865,0.0009334,0.0000023,0.0000025
14866,0.0009329,0.0000023,0.0000025
14867,0.0009323,0.0000023,0.0000025
14868,0.0009318,0.0000023,0.0000025
14869,0.0009312,0.0000023,0.0000025
14870,0.0009306,0.0000023,0.0000025
14871,0.0009301,0.0000023,0.0000025
14872,0.0009295,0.0000023,0.0000025
14873,0.0009290,0.0000023,0.0000025
14874,0.0009284,0.0000023,0.0000025
14875,0.0009279,0.0000022,0.0000025
14876,0.0009273,0.0000022,0.0000025
14877,0.0009268,0.0000022,0.0000025
14878,0.0009262,0.0000022,0.0000025
14879,0.0009257,0.0000022,0.0000025
14880,0.0009251,0.0000022,0.0000025
14881,0.0009246,0.0000022,0.0000025
14882,0.0009240,0.0000022,0.0000025
14883,0.0009235,0.0000022,0.0000025
14884,0.0009229,0.0000022,0.0000025
14885,0.0009224,0.0000022,0.0000025
14886,0.0009218,0.0000022,0.0000025
14887,0.0009213,0.0000022,0.0000025
14888,0.0009207,0.0000022,0.0000025
14889,0.0009202,0.0000022,0.0000025
14890,0.0009196,0.0000022,0.0000025
14891,0.0009191,0.0000022,0.0000025
14892,0.0009185,0.0000022,0.0000025
14893,0.0009180,0.0000022,0.0000025
14894,0.0009174,0.0000022,0.0000025
14895,0.0009169,0.0000022,0.0000025
14896,0.0009164,0.0000022,0.0000025
14897,0.0009158,0.0000022,0.0000025
14898,0.0009153,0.0000022,0.0000025
14899,0.0009147,0.0000022,0.0000025
14900,0.0009142,0.0000022,0.0000025
14901,0.0009136,0.0000022,0.0000025
14902,0.0009131,0.0000022,0.0000025
14903,0.0009126,0.0000022,0.0000025
14904,0.0009120,0.0000022,0.0000025
14905,0.0009115,0.0000022,0.0000025
14906,0.0009109,0.0000022,0.0000025
14907,0.0009104,0.0000022,0.0000025
14908,0.0009099,0.0000022,0.0000025
14909,0.0009093,0.0000022,0.0000025
14910,0.0009088,0.0000022,0.0000025
14911,0.0009082,0.0000022,0.0000025
14912,0.0009077,0.0000022,0.0000025
14913,0.0009072,0.0000022,0.0000025
14914,0.0009066,0.0000022,0.0000025
14915,0.0009061,0.0000022,0.0000025
14916,0.0009056,0.0000022,0.0000025
14917,0.0009050,0.0000022,0.0000025
14918,0.0009045,0.0000022,0.0000025
14919,0.0009040,0.0000022,0.0000025
14920,0.0009034,0.0000022,0.0000025
14921,0.0009029,0.0000022,0.0000025
14922,0.0009024,0.0000022,0.0000025
14923,0.0009018,0.0000022,0.0000025
14924,0.0009013,0.0000022,0.0000025
14925,0.0009008,0.0000022,0.0000025
14926,0.0009002,0.0000022,0.0000025
14927,0.0008997,0.0000022,0.0000025
14928,0.0008992,0.0000022,0.0000025
14929,0.0008986,0.0000022,0.0000025
14930,0.0008981,0.0000022,0.0000025
14931,0.0008976,0.0000022,0.0000025
14932,0.0008971,0.0000022,0.0000025
14933,0.0008965,0.0000022,0.0000025
14934,0.0008960,0.0000022,0.0000025
14935,0.0008955,0.0000022,0.0000025
14936,0.0008950,0.0000022,0.0000025
14937,0.0008944,0.0000022,0.0000025
14938,0.0008939,0.0000022,0.0000025
14939,0.0008934,0.0000022,0.0000025
14940,0.0008929,0.0000022,0.0000025
14941,0.0008923,0.0000022,0.0000025
14942,0.0008918,0.0000022,0.0000025
14943,0.0008913,0.0000022,0.0000025
14944,0.0008908,0.0000022,0.0000025
14945,0.0008903,0.0000022,0.0000025
14946,0.0008897,0.0000022,0.0000025
14947,0.0008892,0.0000022,0.0000025
14948,0.0008887,0.0000022,0.0000025
14949,0.0008882,0.0000022,0.0000025
14950,0.0008877,0.0000022,0.0000025
14951,0.0008872,0.0000022,0.0000025
14952,0.0008866,0.0000022,0.0000025
14953,0.0008861,0.0000022,0.0000025
14954,0.0008856,0.0000022,0.0000025
14955,0.0008851,0.0000022,0.0000025
14956,0.0008846,0.0000022,0.0000025
14957,0.0008841,0.0000022,0.0000025
14958,0.0008836,0.0000022,0.0000025
14959,0.0008831,0.0000022,0.0000025
14960,0.0008825,0.0000022,0.0000025
14961,0.0008820,0.0000022,0.0000025
14962,0.0008815,0.0000022,0.0000025
14963,0.0008810,0.0000022,0.0000025
14964,0.0008805,0.0000022,0.0000025
14965,0.0008800,0.0000022,0.0000025
14966,0.0008795,0.0000022,0.0000025
14967,0.0008790,0.0000022,0.0000025
14968,0.0008785,0.0000022,0.0000025
14969,0.0008780,0.0000022,0.0000025
14970,0.0008775,0.0000022,0.0000025
14971,0.0008770,0.0000022,0.0000025
14972,0.0008765,0.0000022,0.0000025
14973,0.0008760,0.0000022,0.0000025
14974,0.0008755,0.0000022,0.0000025
14975,0.0008749,0.0000022,0.0000025
14976,0.0008744,0.0000022,0.0000025
14977,0.0008739,0.0000022,0.0000025
14978,0.0008734,0.0000022,0.0000025
14979,0.0008729,0.0000022,0.0000025
14980,0.0008725,0.0000022,0.0000025
14981,0.0008720,0.0000022,0.0000025
14982,0.0008715,0.0000022,0.0000024
14983,0.0008710,0.0000022,0.0000024
14984,0.0008705,0.0000022,0.0000024
14985,0.0008700,0.0000022,0.0000024
14986,0.0008695,0.0000022,0.0000024
14987,0.0008690,0.0000022,0.0000024
14988,0.0008685,0.0000022,0.0000024
14989,0.0008680,0.0000022,0.0000024
14990,0.0008675,0.0000022,0.0000024
14991,0.0008670,0.0000022,0.0000024
14992,0.0008665,0.0000021,0.0000024
14993,0.0008660,0.0000021,0.0000024
14994,0.0008655,0.0000021,0.0000024
14995,0.0008651,0.0000021,0.0000024
14996,0.0008646,0.0000021,0.0000024
14997,0.0008641,0.0000021,0.0000024
14998,0.0008636,0.0000021,0.0000024
14999,0.0008631,0.0000021,0.0000024
15000,0.0008626,0.0000021,0.0000024
15001,0.0008621,0.0000021,0.0000024
15002,0.0008617,0.0000021,0.0000024
15003,0.0008612,0.0000021,0.0000024
15004,0.0008607,0.0000021,0.0000024
15005,0.0008602,0.0000021,0.0000024
15006,0.0008597,0.0000021,0.0000024
15007,0.0008592,0.0000021,0.0000024
15008,0.0008588,0.0000021,0.0000024
15009,0.0008583,0.0000021,0.0000024
15010,0.0008578,0.0000021,0.0000024
15011,0.0008573,0.0000021,0.0000024
15012,0.0008569,0.0000021,0.0000024
15013,0.0008564,0.0000021,0.0000024
15014,0.0008559,0.0000021,0.0000024
15015,0.0008554,0.0000021,0.0000024
15016,0.0008550,0.0000021,0.0000024
15017,0.0008545,0.0000021,0.0000024
15018,0.0008540,0.0000021,0.0000024
15019,0.0008535,0.0000021,0.0000024
15020,0.0008531,0.0000021,0.0000024
15021,0.0008526,0.0000021,0.0000024
15022,0.0008521,0.0000021,0.0000024
15023,0.0008517,0.0000021,0.0000024
15024,0.0008512,0.0000021,0.0000024
15025,0.0008507,0.0000021,0.0000024
15026,0.0008503,0.0000021,0.0000024
15027,0.0008498,0.0000021,0.0000024
15028,0.0008493,0.0000021,0.0000024
15029,0.0008489,0.0000021,0.0000024
15030,0.0008484,0.0000021,0.0000024
15031,0.0008479,0.0000021,0.0000024
15032,0.0008475,0.0000021,0.0000024
15033,0.0008470,0.0000021,0.0000024
15034,0.0008465,0.0000021,0.0000024
15035,0.0008461,0.0000021,0.0000024
15036,0.0008456,0.0000021,0.0000024
15037,0.0008452,0.0000021,0.0000024
15038,0.0008447,0.0000021,0.0000024
15039,0.0008443,0.0000021,0.0000024
15040,0.0008438,0.0000021,0.0000024
15041,0.0008433,0.0000021,0.0000024
15042,0.0008429,0.0000021,0.0000024
15043,0.0008424,0.0000021,0.0000024
15044,0.0008420,0.0000021,0.0000024
15045,0.0008415,0.0000021,0.0000024
15046,0.0008411,0.0000021,0.0000024
15047,0.0008406,0.0000021,0.0000024
15048,0.0008402,0.0000021,0.0000024
15049,0.0008397,0.0000021,0.0000024
15050,0.0008393,0.0000021,0.0000024
15051,0.0008388,0.0000021,0.0000024
15052,0.0008384,0.0000021,0.0000024
15053,0.0008379,0.0000021,0.0000024
15054,0.0008375,0.0000021,0.0000024
15055,0.0008370,0.0000021,0.0000024
15056,0.0008366,0.0000021,0.0000024
15057,0.0008362,0.0000021,0.0000024
15058,0.0008357,0.0000021,0.0000024
15059,0.0008353,0.0000021,0.0000024
15060,0.0008348,0.0000021,0.0000024
15061,0.0008344,0.0000021,0.0000024
15062,0.0008340,0.0000021,0.0000024
15063,0.0008335,0.0000021,0.0000024
15064,0.0008331,0.0000021,0.0000024
15065,0.0008326,0.0000021,0.0000024
15066,0.0008322,0.0000021,0.0000024
15067,0.0008318,0.0000021,0.0000024
15068,0.0008313,0.0000021,0.0000024
15069,0.0008309,0.0000021,0.0000024
15070,0.0008305,0.0000021,0.0000024
15071,0.0008300,0.0000021,0.0000024
15072,0.0008296,0.0000021,0.0000024
15073,0.0008292,0.0000021,0.0000024
15074,0.0008288,0.0000021,0.0000024
15075,0.0008283,0.0000021,0.0000024
15076,0.0008279,0.0000021,0.0000024
15077,0.0008275,0.0000021,0.0000024
15078,0.0008270,0.0000021,0.0000024
15079,0.0008266,0.0000021,0.0000024
15080,0.0008262,0.0000021,0.0000024
15081,0.0008258,0.0000021,0.0000024
15082,0.0008254,0.0000021,0.0000024
15083,0.0008249,0.0000021,0.0000024
15084,0.0008245,0.0000021,0.0000024
15085,0.0008241,0.0000021,0.0000024
15086,0.0008237,0.0000021,0.0000024
15087,0.0008232,0.0000021,0.0000024
15088,0.0008228,0.0000021,0.0000024
15089,0.0008224,0.0000021,0.0000024
15090,0.0008220,0.0000021,0.0000024
15091,0.0008216,0.0000021,0.0000024
15092,0.0008212,0.0000021,0.0000024
15093,0.0008208,0.0000021,0.0000024
15094,0.0008203,0.0000021,0.0000024
15095,0.0008199,0.0000021,0.0000024
15096,0.0008195,0.0000021,0.0000024
15097,0.0008191,0.0000021,0.0000024
15098,0.0008187,0.0000021,0.0000024
15099,0.0008183,0.0000021,0.0000024
15100,0.0008179,0.0000021,0.0000024
15101,0.0008175,0.0000021,0.0000024
15102,0.0008171,0.0000021,0.0000024
15103,0.0008167,0.0000021,0.0000024
15104,0.0008163,0.0000021,0.0000024
15105,0.0008159,0.0000021,0.0000024
15106,0.0008155,0.0000021,0.0000024
15107,0.0008151,0.0000021,0.0000024
15108,0.0008147,0.0000021,0.0000024
15109,0.0008143,0.0000021,0.0000024
15110,0.0008139,0.0000021,0.0000024
15111,0.0008135,0.0000021,0.0000024
15112,0.0008131,0.0000021,0.0000024
15113,0.0008127,0.0000021,0.0000024
15114,0.0008123,0.0000021,0.0000024
15115,0.0008119,0.0000021,0.0000024
15116,0.0008115,0.0000021,0.0000024
15117,0.0008111,0.0000021,0.0000024
15118,0.0008107,0.0000021,0.0000024
15119,0.0008103,0.0000021,0.0000024
15120,0.0008099,0.0000021,0.0000024
15121,0.0008095,0.0000021,0.0000024
15122,0.0008091,0.0000021,0.0000024
15123,0.0008087,0.0000021,0.0000024
15124,0.0008084,0.0000021,0.0000024
15125,0.0008080,0.0000021,0.0000024
15126,0.0008076,0.0000021,0.0000024
15127,0.0008072,0.0000021,0.0000024
15128,0.0008068,0.0000021,0.0000024
15129,0.0008064,0.0000021,0.0000024
15130,0.0008061,0.0000021,0.0000024
15131,0.0008057,0.0000021,0.0000024
15132,0.0008053,0.0000021,0.0000024
15133,0.0008049,0.0000021,0.0000024
15134,0.0008045,0.0000021,0.0000024
15135,0.0008042,0.0000021,0.0000024
15136,0.0008038,0.0000021,0.0000024
15137,0.0008034,0.0000021,0.0000024
15138,0.0008030,0.0000021,0.0000024
15139,0.0008027,0.0000021,0.0000024
15140,0.0008023,0.0000021,0.0000024
15141,0.0008019,0.0000021,0.0000024
15142,0.0008015,0.0000021,0.0000024
15143,0.0008012,0.0000021,0.0000024
15144,0.0008008,0.0000021,0.0000024
15145,0.0008004,0.0000021,0.0000024
15146,0.0008001,0.0000021,0.0000024
15147,0.0007997,0.0000021,0.0000024
15148,0.0007993,0.0000021,0.0000024
15149,0.0007990,0.0000021,0.0000024
15150,0.0007986,0.0000021,0.0000024
15151,0.0007982,0.0000021,0.0000024
15152,0.0007979,0.0000021,0.0000024
15153,0.0007975,0.0000021,0.0000024
15154,0.0007972,0.0000021,0.0000024
15155,0.0007968,0.0000021,0.0000024
15156,0.0007964,0.0000021,0.0000024
15157,0.0007961,0.0000021,0.0000024
15158,0.0007957,0.0000021,0.0000024
15159,0.0007954,0.0000021,0.0000024
15160,0.0007950,0.0000021,0.0000024
15161,0.0007947,0.0000021,0.0000024
15162,0.0007943,0.0000021,0.0000023
15163,0.0007940,0.0000021,0.0000023
15164,0.0007936,0.0000021,0.0000023
15165,0.0007933,0.0000021,0.0000023
15166,0.0007929,0.0000021,0.0000023
15167,0.0007926,0.0000021,0.0000023
15168,0.0007922,0.0000021,0.0000023
15169,0.0007919,0.0000020,0.0000023
15170,0.0007915,0.0000020,0.0000023
15171,0.0007912,0.0000020,0.0000023
15172,0.0007908,0.0000020,0.0000023
15173,0.0007905,0.0000020,0.0000023
15174,0.0007901,0.0000020,0.0000023
15175,0.0007898,0.0000020,0.0000023
15176,0.0007895,0.0000020,0.0000023
15177,0.0007891,0.0000020,0.0000023
15178,0.0007888,0.0000020,0.0000023
15179,0.0007885,0.0000020,0.0000023
15180,0.0007881,0.0000020,0.0000023
15181,0.0007878,0.0000020,0.0000023
15182,0.0007874,0.0000020,0.0000023
15183,0.0007871,0.0000020,0.0000023
15184,0.0007868,0.0000020,0.0000023
15185,0.0007864,0.0000020,0.0000023
15186,0.0007861,0.0000020,0.0000023
15187,0.0007858,0.0000020,0.0000023
15188,0.0007855,0.0000020,0.0000023
15189,0.0007851,0.0000020,0.0000023
15190,0.0007848,0.0000020,0.0000023
15191,0.0007845,0.0000020,0.0000023
15192,0.0007841,0.0000020,0.0000023
15193,0.0007838,0.0000020,0.0000023
15194,0.0007835,0.0000020,0.0000023
15195,0.0007832,0.0000020,0.0000023
15196,0.0007829,0.0000020,0.0000023
15197,0.0007825,0.0000020,0.0000023
15198,0.0007822,0.0000020,0.0000023
15199,0.0007819,0.0000020,0.0000023
15200,0.0007816,0.0000020,0.0000023
15201,0.0007813,0.0000020,0.0000023
15202,0.0007809,0.0000020,0.0000023
15203,0.0007806,0.0000020,0.0000023
15204,0.0007803,0.0000020,0.0000023
15205,0.0007800,0.0000020,0.0000023
15206,0.0007797,0.0000020,0.0000023
15207,0.0007794,0.0000020,0.0000023
15208,0.0007791,0.0000020,0.0000023
15209,0.0007787,0.0000020,0.0000023
15210,0.0007784,0.0000020,0.0000023
15211,0.0007781,0.0000020,0.0000023
15212,0.0007778,0.0000020,0.0000023
15213,0.0007775,0.0000020,0.0000023
15214,0.0007772,0.0000020,0.0000023
15215,0.0007769,0.0000020,0.0000023
15216,0.0007766,0.0000020,0.0000023
15217,0.0007763,0.0000020,0.0000023
15218,0.0007760,0.0000020,0.0000023
15219,0.0007757,0.0000020,0.0000023
15220,0.0007754,0.0000020,0.0000023
15221,0.0007751,0.0000020,0.0000023
15222,0.0007748,0.0000020,0.0000023
15223,0.0007745,0.0000020,0.0000023
15224,0.0007742,0.0000020,0.0000023
15225,0.0007739,0.0000020,0.0000023
15226,0.0007736,0.0000020,0.0000023
15227,0.0007733,0.0000020,0.0000023
15228,0.0007730,0.0000020,0.0000023
15229,0.0007727,0.0000020,0.0000023
15230,0.0007724,0.0000020,0.0000023
15231,0.0007721,0.0000020,0.0000023
15232,0.0007719,0.0000020,0.0000023
15233,0.0007716,0.0000020,0.0000023
15234,0.0007713,0.0000020,0.0000023
15235,0.0007710,0.0000020,0.0000023
15236,0.0007707,0.0000020,0.0000023
15237,0.0007704,0.0000020,0.0000023
15238,0.0007701,0.0000020,0.0000023
15239,0.0007699,0.0000020,0.0000023
15240,0.0007696,0.0000020,0.0000023
15241,0.0007693,0.0000020,0.0000023
15242,0.0007690,0.0000020,0.0000023
15243,0.0007687,0.0000020,0.0000023
15244,0.0007685,0.0000020,0.0000023
15245,0.0007682,0.0000020,0.0000023
15246,0.0007679,0.0000020,0.0000023
15247,0.0007676,0.0000020,0.0000023
15248,0.0007674,0.0000020,0.0000023
15249,0.0007671,0.0000020,0.0000023
15250,0.0007668,0.0000020,0.0000023
15251,0.0007665,0.0000020,0.0000023
15252,0.0007663,0.0000020,0.0000023
15253,0.0007660,0.0000020,0.0000023
15254,0.0007657,0.0000020,0.0000023
15255,0.0007655,0.0000020,0.0000023
15256,0.0007652,0.0000020,0.0000023
15257,0.0007649,0.0000020,0.0000023
15258,0.0007647,0.0000020,0.0000023
15259,0.0007644,0.0000020,0.0000023
15260,0.0007641,0.0000020,0.0000023
15261,0.0007639,0.0000020,0.0000023
15262,0.0007636,0.0000020,0.0000023
15263,0.0007633,0.0000020,0.0000023
15264,0.0007631,0.0000020,0.0000023
15265,0.0007628,0.0000020,0.0000023
15266,0.0007626,0.0000020,0.0000023
15267,0.0007623,0.0000020,0.0000023
15268,0.0007620,0.0000020,0.0000023
15269,0.0007618,0.0000020,0.0000023
15270,0.0007615,0.0000020,0.0000023
15271,0.0007613,0.0000020,0.0000023
15272,0.0007610,0.0000020,0.0000023
15273,0.0007608,0.0000020,0.0000023
15274,0.0007605,0.0000020,0.0000023
15275,0.0007603,0.0000020,0.0000023
15276,0.0007600,0.0000020,0.0000023
15277,0.0007598,0.0000020,0.0000023
15278,0.0007595,0.0000020,0.0000023
15279,0.0007593,0.0000020,0.0000023
15280,0.0007590,0.0000020,0.0000023
15281,0.0007588,0.0000020,0.0000023
15282,0.0007585,0.0000020,0.0000023
15283,0.0007583,0.0000020,0.0000023
15284,0.0007581,0.0000020,0.0000023
15285,0.0007578,0.0000020,0.0000023
15286,0.0007576,0.0000020,0.0000023
15287,0.0007573,0.0000020,0.0000023
15288,0.0007571,0.0000020,0.0000023
15289,0.0007569,0.0000020,0.0000023
15290,0.0007566,0.0000020,0.0000023
15291,0.0007564,0.0000020,0.0000023
15292,0.0007562,0.0000020,0.0000023
15293,0.0007559,0.0000020,0.0000023
15294,0.0007557,0.0000020,0.0000023
15295,0.0007555,0.0000020,0.0000023
15296,0.0007552,0.0000020,0.0000023
15297,0.0007550,0.0000020,0.0000023
15298,0.0007548,0.0000020,0.0000023
15299,0.0007545,0.0000020,0.0000023
15300,0.0007543,0.0000020,0.0000023
15301,0.0007541,0.0000020,0.0000023
15302,0.0007538,0.0000020,0.0000023
15303,0.0007536,0.0000020,0.0000023
15304,0.0007534,0.0000020,0.0000023
15305,0.0007532,0.0000020,0.0000023
15306,0.0007529,0.0000020,0.0000023
15307,0.0007527,0.0000020,0.0000023
15308,0.0007525,0.0000020,0.0000023
15309,0.0007523,0.0000020,0.0000023
15310,0.0007521,0.0000020,0.0000023
15311,0.0007518,0.0000020,0.0000023
15312,0.0007516,0.0000020,0.0000023
15313,0.0007514,0.0000020,0.0000023
15314,0.0007512,0.0000020,0.0000023
15315,0.0007510,0.0000020,0.0000023
15316,0.0007508,0.0000020,0.0000023
15317,0.0007505,0.0000020,0.0000023
15318,0.0007503,0.0000020,0.0000023
15319,0.0007501,0.0000020,0.0000023
15320,0.0007499,0.0000020,0.0000023
15321,0.0007497,0.0000020,0.0000023
15322,0.0007495,0.0000020,0.0000023
15323,0.0007493,0.0000020,0.0000023
15324,0.0007491,0.0000020,0.0000023
15325,0.0007489,0.0000020,0.0000023
15326,0.0007487,0.0000020,0.0000023
15327,0.0007485,0.0000020,0.0000023
15328,0.0007483,0.0000020,0.0000023
15329,0.0007480,0.0000020,0.0000023
15330,0.0007478,0.0000020,0.0000023
15331,0.0007476,0.0000020,0.0000023
15332,0.0007474,0.0000020,0.0000023
15333,0.0007472,0.0000020,0.0000023
15334,0.0007470,0.0000020,0.0000023
15335,0.0007468,0.0000020,0.0000023
15336,0.0007466,0.0000020,0.0000023
15337,0.0007464,0.0000020,0.0000023
15338,0.0007463,0.0000020,0.0000023
15339,0.0007461,0.0000020,0.0000023
15340,0.0007459,0.0000020,0.0000023
15341,0.0007457,0.0000020,0.0000023
15342,0.0007455,0.0000020,0.0000023
15343,0.0007453,0.0000020,0.0000023
15344,0.0007451,0.0000020,0.0000023
15345,0.0007449,0.0000020,0.0000023
15346,0.0007447,0.0000020,0.0000023
15347,0.0007445,0.0000020,0.0000023
15348,0.0007443,0.0000020,0.0000023
15349,0.0007441,0.0000020,0.0000023
15350,0.0007440,0.0000020,0.0000023
15351,0.0007438,0.0000020,0.0000023
15352,0.0007436,0.0000020,0.0000023
15353,0.0007434,0.0000020,0.0000023
15354,0.0007432,0.0000020,0.0000023
15355,0.0007430,0.0000020,0.0000023
15356,0.0007429,0.0000020,0.0000023
15357,0.0007427,0.0000020,0.0000023
15358,0.0007425,0.0000020,0.0000023
15359,0.0007423,0.0000020,0.0000023
15360,0.0007421,0.0000020,0.0000023
15361,0.0007420,0.0000020,0.0000023
15362,0.0007418,0.0000020,0.0000023
15363,0.0007416,0.0000020,0.0000023
15364,0.0007414,0.0000020,0.0000023
15365,0.0007413,0.0000020,0.0000023
15366,0.0007411,0.0000020,0.0000023
15367,0.0007409,0.0000020,0.0000023
15368,0.0007407,0.0000020,0.0000023
15369,0.0007406,0.0000020,0.0000023
15370,0.0007404,0.0000020,0.0000023
15371,0.0007402,0.0000020,0.0000022
15372,0.0007401,0.0000020,0.0000022
15373,0.0007399,0.0000020,0.0000022
15374,0.0007397,0.0000020,0.0000022
15375,0.0007396,0.0000020,0.0000022
15376,0.0007394,0.0000020,0.0000022
15377,0.0007392,0.0000020,0.0000022
15378,0.0007391,0.0000020,0.0000022
15379,0.0007389,0.0000020,0.0000022
15380,0.0007387,0.0000020,0.0000022
15381,0.0007386,0.0000020,0.0000022
15382,0.0007384,0.0000020,0.0000022
15383,0.0007383,0.0000020,0.0000022
15384,0.0007381,0.0000020,0.0000022
15385,0.0007379,0.0000020,0.0000022
15386,0.0007378,0.0000020,0.0000022
15387,0.0007376,0.0000020,0.0000022
15388,0.0007375,0.0000020,0.0000022
15389,0.0007373,0.0000020,0.0000022
15390,0.0007372,0.0000020,0.0000022
15391,0.0007370,0.0000020,0.0000022
15392,0.0007368,0.0000020,0.0000022
15393,0.0007367,0.0000020,0.0000022
15394,0.0007365,0.0000020,0.0000022
15395,0.0007364,0.0000020,0.0000022
15396,0.0007362,0.0000020,0.0000022
15397,0.0007361,0.0000020,0.0000022
15398,0.0007359,0.0000020,0.0000022
15399,0.0007358,0.0000020,0.0000022
15400,0.0007356,0.0000020,0.0000022
15401,0.0007355,0.0000020,0.0000022
15402,0.0007353,0.0000020,0.0000022
15403,0.0007352,0.0000020,0.0000022
15404,0.0007351,0.0000020,0.0000022
15405,0.0007349,0.0000020,0.0000022
15406,0.0007348,0.0000020,0.0000022
15407,0.0007346,0.0000020,0.0000022
15408,0.0007345,0.0000020,0.0000022
15409,0.0007343,0.0000020,0.0000022
15410,0.0007342,0.0000020,0.0000022
15411,0.0007341,0.0000020,0.0000022
15412,0.0007339,0.0000020,0.0000022
15413,0.0007338,0.0000020,0.0000022
15414,0.0007336,0.0000020,0.0000022
15415,0.0007335,0.0000020,0.0000022
15416,0.0007334,0.0000020,0.0000022
15417,0.0007332,0.0000020,0.0000022
15418,0.0007331,0.0000020,0.0000022
15419,0.0007330,0.0000020,0.0000022
15420,0.0007328,0.0000020,0.0000022
15421,0.0007327,0.0000020,0.0000022
15422,0.0007326,0.0000020,0.0000022
15423,0.0007324,0.0000020,0.0000022
15424,0.0007323,0.0000020,0.0000022
15425,0.0007322,0.0000020,0.0000022
15426,0.0007321,0.0000020,0.0000022
15427,0.0007319,0.0000020,0.0000022
15428,0.0007318,0.0000020,0.0000022
15429,0.0007317,0.0000020,0.0000022
15430,0.0007315,0.0000020,0.0000022
15431,0.0007314,0.0000020,0.0000022
15432,0.0007313,0.0000020,0.0000022
15433,0.0007312,0.0000020,0.0000022
15434,0.0007310,0.0000020,0.0000022
15435,0.0007309,0.0000020,0.0000022
15436,0.0007308,0.0000020,0.0000022
15437,0.0007307,0.0000020,0.0000022
15438,0.0007306,0.0000020,0.0000022
15439,0.0007304,0.0000020,0.0000022
15440,0.0007303,0.0000020,0.0000022
15441,0.0007302,0.0000020,0.0000022
15442,0.0007301,0.0000020,0.0000022
15443,0.0007300,0.0000020,0.0000022
15444,0.0007298,0.0000020,0.0000022
15445,0.0007297,0.0000020,0.0000022
15446,0.0007296,0.0000020,0.0000022
15447,0.0007295,0.0000020,0.0000022
15448,0.0007294,0.0000020,0.0000022
15449,0.0007293,0.0000020,0.0000022
15450,0.0007291,0.0000020,0.0000022
15451,0.0007290,0.0000020,0.0000022
15452,0.0007289,0.0000020,0.0000022
15453,0.0007288,0.0000020,0.0000022
15454,0.0007287,0.0000020,0.0000022
15455,0.0007286,0.0000020,0.0000022
15456,0.0007285,0.0000020,0.0000022
15457,0.0007284,0.0000020,0.0000022
15458,0.0007283,0.0000020,0.0000022
15459,0.0007282,0.0000020,0.0000022
15460,0.0007280,0.0000020,0.0000022
15461,0.0007279,0.0000020,0.0000022
15462,0.0007278,0.0000020,0.0000022
15463,0.0007277,0.0000020,0.0000022
15464,0.0007276,0.0000020,0.0000022
15465,0.0007275,0.0000020,0.0000022
15466,0.0007274,0.0000020,0.0000022
15467,0.0007273,0.0000020,0.0000022
15468,0.0007272,0.0000020,0.0000022
15469,0.0007271,0.0000020,0.0000022
15470,0.0007270,0.0000020,0.0000022
15471,0.0007269,0.0000020,0.0000022
15472,0.0007268,0.0000020,0.0000022
15473,0.0007267,0.0000020,0.0000022
15474,0.0007266,0.0000020,0.0000022
15475,0.0007265,0.0000020,0.0000022
15476,0.0007264,0.0000020,0.0000022
15477,0.0007263,0.0000020,0.0000022
15478,0.0007262,0.0000020,0.0000022
15479,0.0007261,0.0000020,0.0000022
15480,0.0007260,0.0000020,0.0000022
15481,0.0007259,0.0000020,0.0000022
15482,0.0007258,0.0000020,0.0000022
15483,0.0007257,0.0000020,0.0000022
15484,0.0007257,0.0000020,0.0000022
15485,0.0007256,0.0000020,0.0000022
15486,0.0007255,0.0000020,0.0000022
15487,0.0007254,0.0000020,0.0000022
15488,0.0007253,0.0000020,0.0000022
15489,0.0007252,0.0000020,0.0000022
15490,0.0007251,0.0000020,0.0000022
15491,0.0007250,0.0000020,0.0000022
15492,0.0007249,0.0000020,0.0000022
15493,0.0007248,0.0000020,0.0000022
15494,0.0007248,0.0000020,0.0000022
15495,0.0007247,0.0000020,0.0000022
15496,0.0007246,0.0000020,0.0000022
15497,0.0007245,0.0000020,0.0000022
15498,0.0007244,0.0000020,0.0000022
15499,0.0007243,0.0000020,0.0000022
15500,0.0007242,0.0000020,0.0000022
15501,0.0007242,0.0000020,0.0000022
15502,0.0007241,0.0000020,0.0000022
15503,0.0007240,0.0000020,0.0000022
15504,0.0007239,0.0000020,0.0000022
15505,0.0007238,0.0000020,0.0000022
15506,0.0007237,0.0000020,0.0000022
15507,0.0007237,0.0000020,0.0000022
15508,0.0007236,0.0000020,0.0000022
15509,0.0007235,0.0000020,0.0000022
15510,0.0007234,0.0000020,0.0000022
15511,0.0007233,0.0000020,0.0000022
15512,0.0007233,0.0000020,0.0000022
15513,0.0007232,0.0000020,0.0000022
15514,0.0007231,0.0000020,0.0000022
15515,0.0007230,0.0000020,0.0000022
15516,0.0007230,0.0000020,0.0000022
15517,0.0007229,0.0000020,0.0000022
15518,0.0007228,0.0000020,0.0000022
15519,0.0007227,0.0000020,0.0000022
15520,0.0007227,0.0000020,0.0000022
15521,0.0007226,0.0000020,0.0000022
15522,0.0007225,0.0000020,0.0000022
15523,0.0007224,0.0000020,0.0000022
15524,0.0007224,0.0000020,0.0000022
15525,0.0007223,0.0000020,0.0000022
15526,0.0007222,0.0000020,0.0000022
15527,0.0007222,0.0000020,0.0000022
15528,0.0007221,0.0000020,0.0000022
15529,0.0007220,0.0000020,0.0000022
15530,0.0007219,0.0000020,0.0000022
15531,0.0007219,0.0000020,0.0000022
15532,0.0007218,0.0000020,0.0000022
15533,0.0007217,0.0000020,0.0000022
15534,0.0007217,0.0000020,0.0000022
15535,0.0007216,0.0000020,0.0000022
15536,0.0007215,0.0000020,0.0000022
15537,0.0007215,0.0000020,0.0000022
15538,0.0007214,0.0000020,0.0000022
15539,0.0007213,0.0000020,0.0000022
15540,0.0007213,0.0000020,0.0000022
15541,0.0007212,0.0000020,0.0000022
15542,0.0007212,0.0000020,0.0000022
15543,0.0007211,0.0000020,0.0000022
15544,0.0007210,0.0000020,0.0000022
15545,0.0007210,0.0000020,0.0000022
15546,0.0007209,0.0000020,0.0000022
15547,0.0007208,0.0000020,0.0000022
15548,0.0007208,0.0000020,0.0000022
15549,0.0007207,0.0000020,0.0000022
15550,0.0007207,0.0000020,0.0000022
15551,0.0007206,0.0000020,0.0000022
15552,0.0007205,0.0000020,0.0000022
15553,0.0007205,0.0000020,0.0000022
15554,0.0007204,0.0000020,0.0000022
15555,0.0007204,0.0000020,0.0000022
15556,0.0007203,0.0000020,0.0000022
15557,0.0007202,0.0000020,0.0000022
15558,0.0007202,0.0000020,0.0000022
15559,0.0007201,0.0000020,0.0000022
15560,0.0007201,0.0000020,0.0000021
15561,0.0007200,0.0000020,0.0000021
15562,0.0007200,0.0000020,0.0000021
15563,0.0007199,0.0000020,0.0000021
15564,0.0007198,0.0000020,0.0000021
15565,0.0007198,0.0000020,0.0000021
15566,0.0007197,0.0000020,0.0000021
15567,0.0007197,0.0000020,0.0000021
15568,0.0007196,0.0000020,0.0000021
15569,0.0007196,0.0000020,0.0000021
15570,0.0007195,0.0000020,0.0000021
15571,0.0007195,0.0000020,0.0000021
15572,0.0007194,0.0000020,0.0000021
15573,0.0007194,0.0000020,0.0000021
15574,0.0007193,0.0000020,0.0000021
15575,0.0007193,0.0000020,0.0000021
15576,0.0007192,0.0000020,0.0000021
15577,0.0007192,0.0000020,0.0000021
15578,0.0007191,0.0000020,0.0000021
15579,0.0007191,0.0000020,0.0000021
15580,0.0007190,0.0000020,0.0000021
15581,0.0007190,0.0000020,0.0000021
15582,0.0007189,0.0000020,0.0000021
15583,0.0007189,0.0000020,0.0000021
15584,0.0007188,0.0000020,0.0000021
15585,0.0007188,0.0000020,0.0000021
15586,0.0007187,0.0000020,0.0000021
15587,0.0007187,0.0000020,0.0000021
15588,0.0007186,0.0000020,0.0000021
15589,0.0007186,0.0000020,0.0000021
15590,0.0007186,0.0000020,0.0000021
15591,0.0007185,0.0000020,0.0000021
15592,0.0007185,0.0000020,0.0000021
15593,0.0007184,0.0000020,0.0000021
15594,0.0007184,0.0000020,0.0000021
15595,0.0007183,0.0000020,0.0000021
15596,0.0007183,0.0000020,0.0000021
15597,0.0007182,0.0000020,0.0000021
15598,0.0007182,0.0000020,0.0000021
15599,0.0007182,0.0000020,0.0000021
15600,0.0007181,0.0000020,0.0000021
15601,0.0007181,0.0000020,0.0000021
15602,0.0007180,0.0000020,0.0000021
15603,0.0007180,0.0000020,0.0000021
15604,0.0007179,0.0000020,0.0000021
15605,0.0007179,0.0000020,0.0000021
15606,0.0007179,0.0000020,0.0000021
15607,0.0007178,0.0000020,0.0000021
15608,0.0007178,0.0000020,0.0000021
15609,0.0007177,0.0000020,0.0000021
15610,0.0007177,0.0000020,0.0000021
15611,0.0007177,0.0000020,0.0000021
15612,0.0007176,0.0000020,0.0000021
15613,0.0007176,0.0000020,0.0000021
15614,0.0007176,0.0000020,0.0000021
15615,0.0007175,0.0000020,0.0000021
15616,0.0007175,0.0000020,0.0000021
15617,0.0007174,0.0000020,0.0000021
15618,0.0007174,0.0000020,0.0000021
15619,0.0007174,0.0000020,0.0000021
15620,0.0007173,0.0000020,0.0000021
15621,0.0007173,0.0000020,0.0000021
15622,0.0007173,0.0000020,0.0000021
15623,0.0007172,0.0000020,0.0000021
15624,0.0007172,0.0000020,0.0000021
15625,0.0007171,0.0000020,0.0000021
15626,0.0007171,0.0000020,0.0000021
15627,0.0007171,0.0000020,0.0000021
15628,0.0007170,0.0000020,0.0000021
15629,0.0007170,0.0000020,0.0000021
15630,0.0007170,0.0000020,0.0000021
15631,0.0007169,0.0000020,0.0000021
15632,0.0007169,0.0000020,0.0000021
15633,0.0007169,0.0000020,0.0000021
15634,0.0007168,0.0000020,0.0000021
15635,0.0007168,0.0000020,0.0000021
15636,0.0007168,0.0000020,0.0000021
15637,0.0007167,0.0000020,0.0000021
15638,0.0007167,0.0000020,0.0000021
15639,0.0007167,0.0000020,0.0000021
15640,0.0007166,0.0000020,0.0000021
15641,0.0007166,0.0000020,0.0000021
15642,0.0007166,0.0000020,0.0000021
15643,0.0007166,0.0000020,0.0000021
15644,0.0007165,0.0000020,0.0000021
15645,0.0007165,0.0000020,0.0000021
15646,0.0007165,0.0000020,0.0000021
15647,0.0007164,0.0000020,0.0000021
15648,0.0007164,0.0000020,0.0000021
15649,0.0007164,0.0000020,0.0000021
15650,0.0007163,0.0000020,0.0000021
15651,0.0007163,0.0000020,0.0000021
15652,0.0007163,0.0000020,0.0000021
15653,0.0007163,0.0000020,0.0000021
15654,0.0007162,0.0000020,0.0000021
15655,0.0007162,0.0000020,0.0000021
15656,0.0007162,0.0000020,0.0000021
15657,0.0007161,0.0000020,0.0000021
15658,0.0007161,0.0000020,0.0000021
15659,0.0007161,0.0000020,0.0000021
15660,0.0007161,0.0000020,0.0000021
15661,0.0007160,0.0000020,0.0000021
15662,0.0007160,0.0000020,0.0000021
15663,0.0007160,0.0000020,0.0000021
15664,0.0007159,0.0000020,0.0000021
15665,0.0007159,0.0000020,0.0000021
15666,0.0007159,0.0000020,0.0000021
15667,0.0007159,0.0000020,0.0000021
15668,0.0007158,0.0000020,0.0000021
15669,0.0007158,0.0000020,0.0000021
15670,0.0007158,0.0000020,0.0000021
15671,0.0007158,0.0000020,0.0000021
15672,0.0007157,0.0000020,0.0000021
15673,0.0007157,0.0000020,0.0000021
15674,0.0007157,0.0000020,0.0000021
15675,0.0007157,0.0000020,0.0000021
15676,0.0007156,0.0000020,0.0000021
15677,0.0007156,0.0000020,0.0000021
15678,0.0007156,0.0000020,0.0000021
15679,0.0007156,0.0000020,0.0000021
15680,0.0007155,0.0000020,0.0000021
15681,0.0007155,0.0000020,0.0000021
15682,0.0007155,0.0000020,0.0000021
15683,0.0007155,0.0000020,0.0000021
15684,0.0007154,0.0000020,0.0000021
15685,0.0007154,0.0000020,0.0000021
15686,0.0007154,0.0000020,0.0000021
15687,0.0007154,0.0000020,0.0000021
15688,0.0007153,0.0000020,0.0000021
15689,0.0007153,0.0000020,0.0000021
15690,0.0007153,0.0000020,0.0000021
15691,0.0007153,0.0000020,0.0000021
15692,0.0007152,0.0000020,0.0000021
15693,0.0007152,0.0000020,0.0000021
15694,0.0007152,0.0000020,0.0000021
15695,0.0007152,0.0000020,0.0000021
15696,0.0007151,0.0000019,0.0000021
15697,0.0007151,0.0000019,0.0000021
15698,0.0007151,0.0000019,0.0000021
15699,0.0007151,0.0000019,0.0000021
15700,0.0007151,0.0000019,0.0000021
15701,0.0007150,0.0000019,0.0000021
15702,0.0007150,0.0000019,0.0000021
15703,0.0007150,0.0000019,0.0000021
15704,0.0007150,0.0000019,0.0000021
15705,0.0007149,0.0000019,0.0000021
15706,0.0007149,0.0000019,0.0000021
15707,0.0007149,0.0000019,0.0000021
15708,0.0007149,0.0000019,0.0000021
15709,0.0007149,0.0000019,0.0000021
15710,0.0007148,0.0000019,0.0000021
15711,0.0007148,0.0000019,0.0000021
15712,0.0007148,0.0000019,0.0000021
15713,0.0007148,0.0000019,0.0000021
15714,0.0007148,0.0000019,0.0000021
15715,0.0007147,0.0000019,0.0000021
15716,0.0007147,0.0000019,0.0000021
15717,0.0007147,0.0000019,0.0000021
15718,0.0007147,0.0000019,0.0000021
15719,0.0007146,0.0000019,0.0000021
15720,0.0007146,0.0000019,0.0000020
15721,0.0007146,0.0000019,0.0000020
15722,0.0007146,0.0000019,0.0000020
15723,0.0007146,0.0000019,0.0000020
15724,0.0007145,0.0000019,0.0000020
15725,0.0007145,0.0000019,0.0000020
15726,0.0007145,0.0000019,0.0000020
15727,0.0007145,0.0000019,0.0000020
15728,0.0007145,0.0000019,0.0000020
15729,0.0007144,0.0000019,0.0000020
15730,0.0007144,0.0000019,0.0000020
15731,0.0007144,0.0000019,0.0000020
15732,0.0007144,0.0000019,0.0000020
15733,0.0007144,0.0000019,0.0000020
15734,0.0007143,0.0000019,0.0000020
15735,0.0007143,0.0000019,0.0000020
15736,0.0007143,0.0000019,0.0000020
15737,0.0007143,0.0000019,0.0000020
15738,0.0007143,0.0000019,0.0000020
15739,0.0007142,0.0000019,0.0000020
15740,0.0007142,0.0000019,0.0000020
15741,0.0007142,0.0000019,0.0000020
15742,0.0007142,0.0000019,0.0000020
15743,0.0007142,0.0000019,0.0000020
15744,0.0007141,0.0000019,0.0000020
15745,0.0007141,0.0000019,0.0000020
15746,0.0007141,0.0000019,0.0000020
15747,0.0007141,0.0000019,0.0000020
15748,0.0007141,0.0000019,0.0000020
15749,0.0007140,0.0000019,0.0000020
15750,0.0007140,0.0000019,0.0000020
15751,0.0007140,0.0000019,0.0000020
15752,0.0007140,0.0000019,0.0000020
15753,0.0007140,0.0000019,0.0000020
15754,0.0007139,0.0000019,0.0000020
15755,0.0007139,0.0000019,0.0000020
15756,0.0007139,0.0000019,0.0000020
15757,0.0007139,0.0000019,0.0000020
15758,0.0007139,0.0000019,0.0000020
15759,0.0007138,0.0000019,0.0000020
15760,0.0007138,0.0000019,0.0000020
15761,0.0007138,0.0000019,0.0000020
15762,0.0007138,0.0000019,0.0000020
15763,0.0007138,0.0000019,0.0000020
15764,0.0007137,0.0000019,0.0000020
15765,0.0007137,0.0000019,0.0000020
15766,0.0007137,0.0000019,0.0000020
15767,0.0007137,0.0000019,0.0000020
15768,0.0007137,0.0000019,0.0000020
15769,0.0007136,0.0000019,0.0000020
15770,0.0007136,0.0000019,0.0000020
15771,0.0007136,0.0000019,0.0000020
15772,0.0007136,0.0000019,0.0000020
15773,0.0007135,0.0000019,0.0000020
15774,0.0007135,0.0000019,0.0000020
15775,0.0007135,0.0000019,0.0000020
15776,0.0007135,0.0000019,0.0000020
15777,0.0007135,0.0000019,0.0000020
15778,0.0007134,0.0000019,0.0000020
15779,0.0007134,0.0000019,0.0000020
15780,0.0007134,0.0000019,0.0000020
15781,0.0007134,0.0000019,0.0000020
15782,0.0007134,0.0000019,0.0000020
15783,0.0007133,0.0000019,0.0000020
15784,0.0007133,0.0000019,0.0000020
15785,0.0007133,0.0000019,0.0000020
15786,0.0007133,0.0000019,0.0000020
15787,0.0007133,0.0000019,0.0000020
15788,0.0007132,0.0000019,0.0000020
15789,0.0007132,0.0000019,0.0000020
15790,0.0007132,0.0000019,0.0000020
15791,0.0007132,0.0000019,0.0000020
15792,0.0007132,0.0000019,0.0000020
15793,0.0007131,0.0000019,0.0000020
15794,0.0007131,0.0000019,0.0000020
15795,0.0007131,0.0000019,0.0000020
15796,0.0007131,0.0000019,0.0000020
15797,0.0007130,0.0000019,0.0000020
15798,0.0007130,0.0000019,0.0000020
15799,0.0007130,0.0000019,0.0000020
15800,0.0007130,0.0000019,0.0000020
15801,0.0007130,0.0000019,0.0000020
15802,0.0007129,0.0000019,0.0000020
15803,0.0007129,0.0000019,0.0000020
15804,0.0007129,0.0000019,0.0000020
15805,0.0007129,0.0000019,0.0000020
15806,0.0007128,0.0000019,0.0000020
15807,0.0007128,0.0000019,0.0000020
15808,0.0007128,0.0000019,0.0000020
15809,0.0007128,0.0000019,0.0000020
15810,0.0007128,0.0000019,0.0000020
15811,0.0007127,0.0000019,0.0000020
15812,0.0007127,0.0000019,0.0000020
15813,0.0007127,0.0000019,0.0000020
15814,0.0007127,0.0000019,0.0000020
15815,0.0007126,0.0000019,0.0000020
15816,0.0007126,0.0000019,0.0000020
15817,0.0007126,0.0000019,0.0000020
15818,0.0007126,0.0000019,0.0000020
15819,0.0007125,0.0000019,0.0000020
15820,0.0007125,0.0000019,0.0000020
15821,0.0007125,0.0000019,0.0000020
15822,0.0007125,0.0000019,0.0000020
15823,0.0007124,0.0000019,0.0000020
15824,0.0007124,0.0000019,0.0000020
15825,0.0007124,0.0000019,0.0000020
15826,0.0007124,0.0000019,0.0000020
15827,0.0007123,0.0000019,0.0000020
15828,0.0007123,0.0000019,0.0000020
15829,0.0007123,0.0000019,0.0000020
15830,0.0007123,0.0000019,0.0000020
15831,0.0007122,0.0000019,0.0000020
15832,0.0007122,0.0000019,0.0000020
15833,0.0007122,0.0000019,0.0000020
15834,0.0007122,0.0000019,0.0000020
15835,0.0007121,0.0000019,0.0000020
15836,0.0007121,0.0000019,0.0000020
15837,0.0007121,0.0000019,0.0000020
15838,0.0007121,0.0000019,0.0000020
15839,0.0007120,0.0000019,0.0000020
15840,0.0007120,0.0000019,0.0000020
15841,0.0007120,0.0000019,0.0000020
15842,0.0007120,0.0000019,0.0000020
15843,0.0007119,0.0000019,0.0000020
15844,0.0007119,0.0000019,0.0000020
15845,0.0007119,0.0000019,0.0000020
15846,0.0007118,0.0000019,0.0000020
15847,0.0007118,0.0000019,0.0000020
15848,0.0007118,0.0000019,0.0000020
15849,0.0007118,0.0000019,0.0000020
15850,0.0007117,0.0000019,0.0000020
15851,0.0007117,0.0000019,0.0000020
15852,0.0007117,0.0000019,0.0000020
15853,0.0007117,0.0000019,0.0000020
15854,0.0007116,0.0000019,0.0000020
15855,0.0007116,0.0000019,0.0000020
15856,0.0007116,0.0000019,0.0000020
15857,0.0007115,0.0000019,0.0000020
15858,0.0007115,0.0000019,0.0000020
15859,0.0007115,0.0000019,0.0000020
15860,0.0007115,0.0000019,0.0000020
15861,0.0007114,0.0000019,0.0000020
15862,0.0007114,0.0000019,0.0000020
15863,0.0007114,0.0000019,0.0000020
15864,0.0007113,0.0000019,0.0000020
15865,0.0007113,0.0000019,0.0000019
15866,0.0007113,0.0000019,0.0000019
15867,0.0007112,0.0000019,0.0000019
15868,0.0007112,0.0000019,0.0000019
15869,0.0007112,0.0000019,0.0000019
15870,0.0007111,0.0000019,0.0000019
15871,0.0007111,0.0000019,0.0000019
15872,0.0007111,0.0000019,0.0000019
15873,0.0007111,0.0000019,0.0000019
15874,0.0007110,0.0000019,0.0000019
15875,0.0007110,0.0000019,0.0000019
15876,0.0007110,0.0000019,0.0000019
15877,0.0007109,0.0000019,0.0000019
15878,0.0007109,0.0000019,0.0000019
15879,0.0007109,0.0000019,0.0000019
15880,0.0007108,0.0000019,0.0000019
15881,0.0007108,0.0000019,0.0000019
15882,0.0007108,0.0000019,0.0000019
15883,0.0007107,0.0000019,0.0000019
15884,0.0007107,0.0000019,0.0000019
15885,0.0007107,0.0000019,0.0000019
15886,0.0007106,0.0000019,0.0000019
15887,0.0007106,0.0000019,0.0000019
15888,0.0007106,0.0000019,0.0000019
15889,0.0007105,0.0000019,0.0000019
15890,0.0007105,0.0000019,0.0000019
15891,0.0007105,0.0000019,0.0000019
15892,0.0007104,0.0000019,0.0000019
15893,0.0007104,0.0000019,0.0000019
15894,0.0007103,0.0000019,0.0000019
15895,0.0007103,0.0000019,0.0000019
15896,0.0007103,0.0000019,0.0000019
15897,0.0007102,0.0000019,0.0000019
15898,0.0007102,0.0000019,0.0000019
15899,0.0007102,0.0000019,0.0000019
15900,0.0007101,0.0000019,0.0000019
15901,0.0007101,0.0000019,0.0000019
15902,0.0007101,0.0000019,0.0000019
15903,0.0007100,0.0000019,0.0000019
15904,0.0007100,0.0000019,0.0000019
15905,0.0007099,0.0000019,0.0000019
15906,0.0007099,0.0000019,0.0000019
15907,0.0007099,0.0000019,0.0000019
15908,0.0007098,0.0000019,0.0000019
15909,0.0007098,0.0000019,0.0000019
15910,0.0007097,0.0000019,0.0000019
15911,0.0007097,0.0000019,0.0000019
15912,0.0007097,0.0000019,0.0000019
15913,0.0007096,0.0000019,0.0000019
15914,0.0007096,0.0000019,0.0000019
15915,0.0007095,0.0000019,0.0000019
15916,0.0007095,0.0000019,0.0000019
15917,0.0007095,0.0000019,0.0000019
15918,0.0007094,0.0000019,0.0000019
15919,0.0007094,0.0000019,0.0000019
15920,0.0007093,0.0000019,0.0000019
15921,0.0007093,0.0000019,0.0000019
15922,0.0007093,0.0000019,0.0000019
15923,0.0007092,0.0000019,0.0000019
15924,0.0007092,0.0000019,0.0000019
15925,0.0007091,0.0000019,0.0000019
15926,0.0007091,0.0000019,0.0000019
15927,0.0007090,0.0000019,0.0000019
15928,0.0007090,0.0000019,0.0000019
15929,0.0007090,0.0000019,0.0000019
15930,0.0007089,0.0000019,0.0000019
15931,0.0007089,0.0000019,0.0000019
15932,0.0007088,0.0000019,0.0000019
15933,0.0007088,0.0000019,0.0000019
15934,0.0007087,0.0000019,0.0000019
15935,0.0007087,0.0000019,0.0000019
15936,0.0007087,0.0000019,0.0000019
15937,0.0007086,0.0000019,0.0000019
15938,0.0007086,0.0000019,0.0000019
15939,0.0007085,0.0000019,0.0000019
15940,0.0007085,0.0000019,0.0000019
15941,0.0007084,0.0000019,0.0000019
15942,0.0007084,0.0000019,0.0000019
15943,0.0007083,0.0000019,0.0000019
15944,0.0007083,0.0000019,0.0000019
15945,0.0007082,0.0000019,0.0000019
15946,0.0007082,0.0000019,0.0000019
15947,0.0007081,0.0000019,0.0000019
15948,0.0007081,0.0000019,0.0000019
15949,0.0007080,0.0000019,0.0000019
15950,0.0007080,0.0000019,0.0000019
15951,0.0007079,0.0000019,0.0000019
15952,0.0007079,0.0000019,0.0000019
15953,0.0007078,0.0000019,0.0000019
15954,0.0007078,0.0000019,0.0000019
15955,0.0007077,0.0000019,0.0000019
15956,0.0007077,0.0000019,0.0000019
15957,0.0007076,0.0000019,0.0000019
15958,0.0007076,0.0000019,0.0000019
15959,0.0007075,0.0000019,0.0000019
15960,0.0007075,0.0000019,0.0000019
15961,0.0007074,0.0000019,0.0000019
15962,0.0007074,0.0000019,0.0000019
15963,0.0007073,0.0000019,0.0000019
15964,0.0007073,0.0000019,0.0000019
15965,0.0007072,0.0000019,0.0000019
15966,0.0007072,0.0000019,0.0000019
15967,0.0007071,0.0000019,0.0000019
15968,0.0007071,0.0000019,0.0000019
15969,0.0007070,0.0000019,0.0000019
15970,0.0007070,0.0000019,0.0000019
15971,0.0007069,0.0000019,0.0000019
15972,0.0007069,0.0000019,0.0000019
15973,0.0007068,0.0000019,0.0000019
15974,0.0007068,0.0000019,0.0000019
15975,0.0007067,0.0000019,0.0000019
15976,0.0007066,0.0000019,0.0000019
15977,0.0007066,0.0000019,0.0000019
15978,0.0007065,0.0000019,0.0000019
15979,0.0007065,0.0000019,0.0000019
15980,0.0007064,0.0000019,0.0000019
15981,0.0007064,0.0000019,0.0000019
15982,0.0007063,0.0000019,0.0000019
15983,0.0007062,0.0000019,0.0000019
15984,0.0007062,0.0000019,0.0000019
15985,0.0007061,0.0000019,0.0000019
15986,0.0007061,0.0000019,0.0000019
15987,0.0007060,0.0000019,0.0000019
15988,0.0007060,0.0000019,0.0000019
15989,0.0007059,0.0000019,0.0000019
15990,0.0007058,0.0000019,0.0000019
15991,0.0007058,0.0000019,0.0000019
15992,0.0007057,0.0000019,0.0000019
15993,0.0007057,0.0000019,0.0000019
15994,0.0007056,0.0000019,0.0000019
15995,0.0007055,0.0000019,0.0000019
15996,0.0007055,0.0000019,0.0000019
15997,0.0007054,0.0000019,0.0000019
15998,0.0007054,0.0000019,0.0000019
15999,0.0007053,0.0000019,0.0000019
16000,0.0007052,0.0000019,0.0000019
16001,0.0007052,0.0000019,0.0000019
16002,0.0007051,0.0000019,0.0000019
16003,0.0007050,0.0000019,0.0000019
16004,0.0007050,0.0000019,0.0000019
16005,0.0007049,0.0000019,0.0000019
16006,0.0007049,0.0000019,0.0000018
16007,0.0007048,0.0000019,0.0000018
16008,0.0007047,0.0000019,0.0000018
16009,0.0007047,0.0000019,0.0000018
16010,0.0007046,0.0000019,0.0000018
16011,0.0007045,0.0000019,0.0000018
16012,0.0007045,0.0000019,0.0000018
16013,0.0007044,0.0000019,0.0000018
16014,0.0007043,0.0000019,0.0000018
16015,0.0007043,0.0000019,0.0000018
16016,0.0007042,0.0000019,0.0000018
16017,0.0007041,0.0000019,0.0000018
16018,0.0007041,0.0000019,0.0000018
16019,0.0007040,0.0000019,0.0000018
16020,0.0007039,0.0000019,0.0000018
16021,0.0007039,0.0000019,0.0000018
16022,0.0007038,0.0000019,0.0000018
16023,0.0007037,0.0000019,0.0000018
16024,0.0007037,0.0000019,0.0000018
16025,0.0007036,0.0000019,0.0000018
16026,0.0007035,0.0000019,0.0000018
16027,0.0007034,0.0000019,0.0000018
16028,0.0007034,0.0000019,0.0000018
16029,0.0007033,0.0000019,0.0000018
16030,0.0007032,0.0000019,0.0000018
16031,0.0007032,0.0000019,0.0000018
16032,0.0007031,0.0000019,0.0000018
16033,0.0007030,0.0000019,0.0000018
16034,0.0007030,0.0000019,0.0000018
16035,0.0007029,0.0000019,0.0000018
16036,0.0007028,0.0000019,0.0000018
16037,0.0007027,0.0000019,0.0000018
16038,0.0007027,0.0000019,0.0000018
16039,0.0007026,0.0000019,0.0000018
16040,0.0007025,0.0000019,0.0000018
16041,0.0007024,0.0000019,0.0000018
16042,0.0007024,0.0000019,0.0000018
16043,0.0007023,0.0000019,0.0000018
16044,0.0007022,0.0000019,0.0000018
16045,0.0007021,0.0000019,0.0000018
16046,0.0007021,0.0000019,0.0000018
16047,0.0007020,0.0000019,0.0000018
16048,0.0007019,0.0000019,0.0000018
16049,0.0007018,0.0000019,0.0000018
16050,0.0007018,0.0000019,0.0000018
16051,0.0007017,0.0000019,0.0000018
16052,0.0007016,0.0000019,0.0000018
16053,0.0007015,0.0000019,0.0000018
16054,0.0007014,0.0000019,0.0000018
16055,0.0007014,0.0000019,0.0000018
16056,0.0007013,0.0000019,0.0000018
16057,0.0007012,0.0000019,0.0000018
16058,0.0007011,0.0000019,0.0000018
16059,0.0007011,0.0000019,0.0000018
16060,0.0007010,0.0000019,0.0000018
16061,0.0007009,0.0000019,0.0000018
16062,0.0007008,0.0000019,0.0000018
16063,0.0007007,0.0000019,0.0000018
16064,0.0007006,0.0000019,0.0000018
16065,0.0007006,0.0000019,0.0000018
16066,0.0007005,0.0000019,0.0000018
16067,0.0007004,0.0000019,0.0000018
16068,0.0007003,0.0000019,0.0000018
16069,0.0007002,0.0000019,0.0000018
16070,0.0007002,0.0000019,0.0000018
16071,0.0007001,0.0000019,0.0000018
16072,0.0007000,0.0000019,0.0000018
16073,0.0006999,0.0000019,0.0000018
16074,0.0006998,0.0000019,0.0000018
16075,0.0006997,0.0000019,0.0000018
16076,0.0006997,0.0000019,0.0000018
16077,0.0006996,0.0000019,0.0000018
16078,0.0006995,0.0000019,0.0000018
16079,0.0006994,0.0000019,0.0000018
16080,0.0006993,0.0000019,0.0000018
16081,0.0006992,0.0000019,0.0000018
16082,0.0006991,0.0000019,0.0000018
16083,0.0006990,0.0000019,0.0000018
16084,0.0006990,0.0000019,0.0000018
16085,0.0006989,0.0000019,0.0000018
16086,0.0006988,0.0000019,0.0000018
16087,0.0006987,0.0000019,0.0000018
16088,0.0006986,0.0000019,0.0000018
16089,0.0006985,0.0000019,0.0000018
16090,0.0006984,0.0000019,0.0000018
16091,0.0006983,0.0000019,0.0000018
16092,0.0006982,0.0000019,0.0000018
16093,0.0006982,0.0000019,0.0000018
16094,0.0006981,0.0000019,0.0000018
16095,0.0006980,0.0000019,0.0000018
16096,0.0006979,0.0000019,0.0000018
16097,0.0006978,0.0000019,0.0000018
16098,0.0006977,0.0000019,0.0000018
16099,0.0006976,0.0000019,0.0000018
16100,0.0006975,0.0000019,0.0000018
16101,0.0006974,0.0000019,0.0000018
16102,0.0006973,0.0000019,0.0000018
16103,0.0006972,0.0000019,0.0000018
16104,0.0006971,0.0000019,0.0000018
16105,0.0006971,0.0000019,0.0000018
16106,0.0006970,0.0000019,0.0000018
16107,0.0006969,0.0000019,0.0000018
16108,0.0006968,0.0000019,0.0000018
16109,0.0006967,0.0000019,0.0000018
16110,0.0006966,0.0000019,0.0000018
16111,0.0006965,0.0000019,0.0000018
16112,0.0006964,0.0000019,0.0000018
16113,0.0006963,0.0000019,0.0000018
16114,0.0006962,0.0000019,0.0000018
16115,0.0006961,0.0000019,0.0000018
16116,0.0006960,0.0000019,0.0000018
16117,0.0006959,0.0000019,0.0000018
16118,0.0006958,0.0000019,0.0000018
16119,0.0006957,0.0000019,0.0000018
16120,0.0006956,0.0000019,0.0000018
16121,0.0006955,0.0000019,0.0000018
16122,0.0006954,0.0000019,0.0000018
16123,0.0006953,0.0000019,0.0000018
16124,0.0006952,0.0000019,0.0000018
16125,0.0006951,0.0000019,0.0000018
16126,0.0006950,0.0000019,0.0000018
16127,0.0006949,0.0000018,0.0000018
16128,0.0006948,0.0000018,0.0000018
16129,0.0006947,0.0000018,0.0000018
16130,0.0006946,0.0000018,0.0000018
16131,0.0006945,0.0000018,0.0000018
16132,0.0006944,0.0000018,0.0000018
16133,0.0006943,0.0000018,0.0000018
16134,0.0006942,0.0000018,0.0000018
16135,0.0006941,0.0000018,0.0000018
16136,0.0006940,0.0000018,0.0000018
16137,0.0006939,0.0000018,0.0000018
16138,0.0006938,0.0000018,0.0000018
16139,0.0006937,0.0000018,0.0000018
16140,0.0006936,0.0000018,0.0000018
16141,0.0006935,0.0000018,0.0000018
16142,0.0006933,0.0000018,0.0000018
16143,0.0006932,0.0000018,0.0000018
16144,0.0006931,0.0000018,0.0000018
16145,0.0006930,0.0000018,0.0000018
16146,0.0006929,0.0000018,0.0000018
16147,0.0006928,0.0000018,0.0000018
16148,0.0006927,0.0000018,0.0000018
16149,0.0006926,0.0000018,0.0000018
16150,0.0006925,0.0000018,0.0000018
16151,0.0006924,0.0000018,0.0000018
16152,0.0006923,0.0000018,0.0000018
16153,0.0006922,0.0000018,0.0000018
16154,0.0006920,0.0000018,0.0000018
16155,0.0006919,0.0000018,0.0000018
16156,0.0006918,0.0000018,0.0000017
16157,0.0006917,0.0000018,0.0000017
16158,0.0006916,0.0000018,0.0000017
16159,0.0006915,0.0000018,0.0000017
16160,0.0006914,0.0000018,0.0000017
16161,0.0006913,0.0000018,0.0000017
16162,0.0006912,0.0000018,0.0000017
16163,0.0006910,0.0000018,0.0000017
16164,0.0006909,0.0000018,0.0000017
16165,0.0006908,0.0000018,0.0000017
16166,0.0006907,0.0000018,0.0000017
16167,0.0006906,0.0000018,0.0000017
16168,0.0006905,0.0000018,0.0000017
16169,0.0006904,0.0000018,0.0000017
16170,0.0006903,0.0000018,0.0000017
16171,0.0006901,0.0000018,0.0000017
16172,0.0006900,0.0000018,0.0000017
16173,0.0006899,0.0000018,0.0000017
16174,0.0006898,0.0000018,0.0000017
16175,0.0006897,0.0000018,0.0000017
16176,0.0006896,0.0000018,0.0000017
16177,0.0006894,0.0000018,0.0000017
16178,0.0006893,0.0000018,0.0000017
16179,0.0006892,0.0000018,0.0000017
16180,0.0006891,0.0000018,0.0000017
16181,0.0006890,0.0000018,0.0000017
16182,0.0006888,0.0000018,0.0000017
16183,0.0006887,0.0000018,0.0000017
16184,0.0006886,0.0000018,0.0000017
16185,0.0006885,0.0000018,0.0000017
16186,0.0006884,0.0000018,0.0000017
16187,0.0006883,0.0000018,0.0000017
16188,0.0006881,0.0000018,0.0000017
16189,0.0006880,0.0000018,0.0000017
16190,0.0006879,0.0000018,0.0000017
16191,0.0006878,0.0000018,0.0000017
16192,0.0006876,0.0000018,0.0000017
16193,0.0006875,0.0000018,0.0000017
16194,0.0006874,0.0000018,0.0000017
16195,0.0006873,0.0000018,0.0000017
16196,0.0006872,0.0000018,0.0000017
16197,0.0006870,0.0000018,0.0000017
16198,0.0006869,0.0000018,0.0000017
16199,0.0006868,0.0000018,0.0000017
16200,0.0006867,0.0000018,0.0000017
16201,0.0006865,0.0000018,0.0000017
16202,0.0006864,0.0000018,0.0000017
16203,0.0006863,0.0000018,0.0000017
16204,0.0006862,0.0000018,0.0000017
16205,0.0006860,0.0000018,0.0000017
16206,0.0006859,0.0000018,0.0000017
16207,0.0006858,0.0000018,0.0000017
16208,0.0006857,0.0000018,0.0000017
16209,0.0006855,0.0000018,0.0000017
16210,0.0006854,0.0000018,0.0000017
16211,0.0006853,0.0000018,0.0000017
16212,0.0006851,0.0000018,0.0000017
16213,0.0006850,0.0000018,0.0000017
16214,0.0006849,0.0000018,0.0000017
16215,0.0006848,0.0000018,0.0000017
16216,0.0006846,0.0000018,0.0000017
16217,0.0006845,0.0000018,0.0000017
16218,0.0006844,0.0000018,0.0000017
16219,0.0006842,0.0000018,0.0000017
16220,0.0006841,0.0000018,0.0000017
16221,0.0006840,0.0000018,0.0000017
16222,0.0006839,0.0000018,0.0000017
16223,0.0006837,0.0000018,0.0000017
16224,0.0006836,0.0000018,0.0000017
16225,0.0006835,0.0000018,0.0000017
16226,0.0006833,0.0000018,0.0000017
16227,0.0006832,0.0000018,0.0000017
16228,0.0006831,0.0000018,0.0000017
16229,0.0006829,0.0000018,0.0000017
16230,0.0006828,0.0000018,0.0000017
16231,0.0006827,0.0000018,0.0000017
16232,0.0006825,0.0000018,0.0000017
16233,0.0006824,0.0000018,0.0000017
16234,0.0006823,0.0000018,0.0000017
16235,0.0006821,0.0000018,0.0000017
16236,0.0006820,0.0000018,0.0000017
16237,0.0006819,0.0000018,0.0000017
16238,0.0006817,0.0000018,0.0000017
16239,0.0006816,0.0000018,0.0000017
16240,0.0006814,0.0000018,0.0000017
16241,0.0006813,0.0000018,0.0000017
16242,0.0006812,0.0000018,0.0000017
16243,0.0006810,0.0000018,0.0000017
16244,0.0006809,0.0000018,0.0000017
16245,0.0006808,0.0000018,0.0000017
16246,0.0006806,0.0000018,0.0000017
16247,0.0006805,0.0000018,0.0000017
16248,0.0006803,0.0000018,0.0000017
16249,0.0006802,0.0000018,0.0000017
16250,0.0006801,0.0000018,0.0000017
16251,0.0006799,0.0000018,0.0000017
16252,0.0006798,0.0000018,0.0000017
16253,0.0006797,0.0000018,0.0000017
16254,0.0006795,0.0000018,0.0000017
16255,0.0006794,0.0000018,0.0000017
16256,0.0006792,0.0000018,0.0000017
16257,0.0006791,0.0000018,0.0000017
16258,0.0006789,0.0000018,0.0000017
16259,0.0006788,0.0000018,0.0000017
16260,0.0006787,0.0000018,0.0000017
16261,0.0006785,0.0000018,0.0000017
16262,0.0006784,0.0000018,0.0000017
16263,0.0006782,0.0000018,0.0000017
16264,0.0006781,0.0000018,0.0000017
16265,0.0006780,0.0000018,0.0000017
16266,0.0006778,0.0000018,0.0000017
16267,0.0006777,0.0000018,0.0000017
16268,0.0006775,0.0000018,0.0000017
16269,0.0006774,0.0000018,0.0000017
16270,0.0006772,0.0000018,0.0000017
16271,0.0006771,0.0000018,0.0000017
16272,0.0006769,0.0000018,0.0000017
16273,0.0006768,0.0000018,0.0000017
16274,0.0006766,0.0000018,0.0000017
16275,0.0006765,0.0000018,0.0000017
16276,0.0006764,0.0000018,0.0000017
16277,0.0006762,0.0000018,0.0000017
16278,0.0006761,0.0000018,0.0000017
16279,0.0006759,0.0000018,0.0000017
16280,0.0006758,0.0000018,0.0000017
16281,0.0006756,0.0000018,0.0000017
16282,0.0006755,0.0000018,0.0000017
16283,0.0006753,0.0000018,0.0000017
16284,0.0006752,0.0000018,0.0000017
16285,0.0006750,0.0000018,0.0000017
16286,0.0006749,0.0000018,0.0000017
16287,0.0006747,0.0000018,0.0000017
16288,0.0006746,0.0000018,0.0000017
16289,0.0006744,0.0000018,0.0000017
16290,0.0006743,0.0000018,0.0000017
16291,0.0006741,0.0000018,0.0000017
16292,0.0006740,0.0000018,0.0000017
16293,0.0006738,0.0000018,0.0000017
16294,0.0006737,0.0000018,0.0000017
16295,0.0006735,0.0000018,0.0000017
16296,0.0006734,0.0000018,0.0000017
16297,0.0006732,0.0000018,0.0000017
16298,0.0006731,0.0000018,0.0000017
16299,0.0006729,0.0000018,0.0000017
16300,0.0006728,0.0000018,0.0000017
16301,0.0006726,0.0000018,0.0000017
16302,0.0006724,0.0000018,0.0000017
16303,0.0006723,0.0000018,0.0000017
16304,0.0006721,0.0000018,0.0000017
16305,0.0006720,0.0000018,0.0000017
16306,0.0006718,0.0000018,0.0000017
16307,0.0006717,0.0000018,0.0000017
16308,0.0006715,0.0000018,0.0000017
16309,0.0006714,0.0000018,0.0000017
16310,0.0006712,0.0000018,0.0000017
16311,0.0006711,0.0000018,0.0000017
16312,0.0006709,0.0000018,0.0000017
16313,0.0006707,0.0000018,0.0000017
16314,0.0006706,0.0000018,0.0000017
16315,0.0006704,0.0000018,0.0000017
16316,0.0006703,0.0000018,0.0000017
16317,0.0006701,0.0000018,0.0000017
16318,0.0006700,0.0000018,0.0000017
16319,0.0006698,0.0000018,0.0000017
16320,0.0006696,0.0000018,0.0000017
16321,0.0006695,0.0000018,0.0000017
16322,0.0006693,0.0000018,0.0000017
16323,0.0006692,0.0000018,0.0000017
16324,0.0006690,0.0000018,0.0000017
16325,0.0006688,0.0000018,0.0000017
16326,0.0006687,0.0000018,0.0000017
16327,0.0006685,0.0000018,0.0000017
16328,0.0006684,0.0000018,0.0000017
16329,0.0006682,0.0000018,0.0000017
16330,0.0006680,0.0000018,0.0000017
16331,0.0006679,0.0000018,0.0000017
16332,0.0006677,0.0000018,0.0000017
16333,0.0006676,0.0000018,0.0000017
16334,0.0006674,0.0000018,0.0000017
16335,0.0006672,0.0000018,0.0000017
16336,0.0006671,0.0000018,0.0000017
16337,0.0006669,0.0000018,0.0000017
16338,0.0006667,0.0000018,0.0000017
16339,0.0006666,0.0000018,0.0000016
16340,0.0006664,0.0000018,0.0000016
16341,0.0006663,0.0000018,0.0000016
16342,0.0006661,0.0000018,0.0000016
16343,0.0006659,0.0000018,0.0000016
16344,0.0006658,0.0000018,0.0000016
16345,0.0006656,0.0000018,0.0000016
16346,0.0006654,0.0000018,0.0000016
16347,0.0006653,0.0000018,0.0000016
16348,0.0006651,0.0000018,0.0000016
16349,0.0006649,0.0000018,0.0000016
16350,0.0006648,0.0000018,0.0000016
16351,0.0006646,0.0000018,0.0000016
16352,0.0006644,0.0000018,0.0000016
16353,0.0006643,0.0000018,0.0000016
16354,0.0006641,0.0000018,0.0000016
16355,0.0006639,0.0000018,0.0000016
16356,0.0006638,0.0000018,0.0000016
16357,0.0006636,0.0000018,0.0000016
16358,0.0006634,0.0000018,0.0000016
16359,0.0006633,0.0000018,0.0000016
16360,0.0006631,0.0000018,0.0000016
16361,0.0006629,0.0000018,0.0000016
16362,0.0006628,0.0000018,0.0000016
16363,0.0006626,0.0000018,0.0000016
16364,0.0006624,0.0000018,0.0000016
16365,0.0006623,0.0000018,0.0000016
16366,0.0006621,0.0000018,0.0000016
16367,0.0006619,0.0000018,0.0000016
16368,0.0006618,0.0000018,0.0000016
16369,0.0006616,0.0000018,0.0000016
16370,0.0006614,0.0000018,0.0000016
16371,0.0006612,0.0000018,0.0000016
16372,0.0006611,0.0000018,0.0000016
16373,0.0006609,0.0000018,0.0000016
16374,0.0006607,0.0000018,0.0000016
16375,0.0006606,0.0000018,0.0000016
16376,0.0006604,0.0000018,0.0000016
16377,0.0006602,0.0000018,0.0000016
16378,0.0006600,0.0000018,0.0000016
16379,0.0006599,0.0000018,0.0000016
16380,0.0006597,0.0000018,0.0000016
16381,0.0006595,0.0000018,0.0000016
16382,0.0006594,0.0000018,0.0000016
16383,0.0006592,0.0000018,0.0000016
16384,0.0006590,0.0000018,0.0000016
16385,0.0006588,0.0000018,0.0000016
16386,0.0006587,0.0000018,0.0000016
16387,0.0006585,0.0000018,0.0000016
16388,0.0006583,0.0000018,0.0000016
16389,0.0006581,0.0000018,0.0000016
16390,0.0006580,0.0000018,0.0000016
16391,0.0006578,0.0000017,0.0000016
16392,0.0006576,0.0000017,0.0000016
16393,0.0006574,0.0000017,0.0000016
16394,0.0006573,0.0000017,0.0000016
16395,0.0006571,0.0000017,0.0000016
16396,0.0006569,0.0000017,0.0000016
16397,0.0006567,0.0000017,0.0000016
16398,0.0006566,0.0000017,0.0000016
16399,0.0006564,0.0000017,0.0000016
16400,0.0006562,0.0000017,0.0000016
16401,0.0006560,0.0000017,0.0000016
16402,0.0006558,0.0000017,0.0000016
16403,0.0006557,0.0000017,0.0000016
16404,0.0006555,0.0000017,0.0000016
16405,0.0006553,0.0000017,0.0000016
16406,0.0006551,0.0000017,0.0000016
16407,0.0006550,0.0000017,0.0000016
16408,0.0006548,0.0000017,0.0000016
16409,0.0006546,0.0000017,0.0000016
16410,0.0006544,0.0000017,0.0000016
16411,0.0006542,0.0000017,0.0000016
16412,0.0006541,0.0000017,0.0000016
16413,0.0006539,0.0000017,0.0000016
16414,0.0006537,0.0000017,0.0000016
16415,0.0006535,0.0000017,0.0000016
16416,0.0006533,0.0000017,0.0000016
16417,0.0006532,0.0000017,0.0000016
16418,0.0006530,0.0000017,0.0000016
16419,0.0006528,0.0000017,0.0000016
16420,0.0006526,0.0000017,0.0000016
16421,0.0006524,0.0000017,0.0000016
16422,0.0006523,0.0000017,0.0000016
16423,0.0006521,0.0000017,0.0000016
16424,0.0006519,0.0000017,0.0000016
16425,0.0006517,0.0000017,0.0000016
16426,0.0006515,0.0000017,0.0000016
16427,0.0006514,0.0000017,0.0000016
16428,0.0006512,0.0000017,0.0000016
16429,0.0006510,0.0000017,0.0000016
16430,0.0006508,0.0000017,0.0000016
16431,0.0006506,0.0000017,0.0000016
16432,0.0006504,0.0000017,0.0000016
16433,0.0006503,0.0000017,0.0000016
16434,0.0006501,0.0000017,0.0000016
16435,0.0006499,0.0000017,0.0000016
16436,0.0006497,0.0000017,0.0000016
16437,0.0006495,0.0000017,0.0000016
16438,0.0006493,0.0000017,0.0000016
16439,0.0006492,0.0000017,0.0000016
16440,0.0006490,0.0000017,0.0000016
16441,0.0006488,0.0000017,0.0000016
16442,0.0006486,0.0000017,0.0000016
16443,0.0006484,0.0000017,0.0000016
16444,0.0006482,0.0000017,0.0000016
16445,0.0006481,0.0000017,0.0000016
16446,0.0006479,0.0000017,0.0000016
16447,0.0006477,0.0000017,0.0000016
16448,0.0006475,0.0000017,0.0000016
16449,0.0006473,0.0000017,0.0000016
16450,0.0006471,0.0000017,0.0000016
16451,0.0006469,0.0000017,0.0000016
16452,0.0006468,0.0000017,0.0000016
16453,0.0006466,0.0000017,0.0000016
16454,0.0006464,0.0000017,0.0000016
16455,0.0006462,0.0000017,0.0000016
16456,0.0006460,0.0000017,0.0000016
16457,0.0006458,0.0000017,0.0000016
16458,0.0006456,0.0000017,0.0000016
16459,0.0006454,0.0000017,0.0000016
16460,0.0006453,0.0000017,0.0000016
16461,0.0006451,0.0000017,0.0000016
16462,0.0006449,0.0000017,0.0000016
16463,0.0006447,0.0000017,0.0000016
16464,0.0006445,0.0000017,0.0000016
16465,0.0006443,0.0000017,0.0000016
16466,0.0006441,0.0000017,0.0000016
16467,0.0006439,0.0000017,0.0000016
16468,0.0006438,0.0000017,0.0000016
16469,0.0006436,0.0000017,0.0000016
16470,0.0006434,0.0000017,0.0000016
16471,0.0006432,0.0000017,0.0000016
16472,0.0006430,0.0000017,0.0000016
16473,0.0006428,0.0000017,0.0000016
16474,0.0006426,0.0000017,0.0000016
16475,0.0006424,0.0000017,0.0000016
16476,0.0006422,0.0000017,0.0000016
16477,0.0006421,0.0000017,0.0000016
16478,0.0006419,0.0000017,0.0000016
16479,0.0006417,0.0000017,0.0000016
16480,0.0006415,0.0000017,0.0000016
16481,0.0006413,0.0000017,0.0000016
16482,0.0006411,0.0000017,0.0000016
16483,0.0006409,0.0000017,0.0000016
16484,0.0006407,0.0000017,0.0000016
16485,0.0006405,0.0000017,0.0000016
16486,0.0006403,0.0000017,0.0000016
16487,0.0006401,0.0000017,0.0000016
16488,0.0006400,0.0000017,0.0000016
16489,0.0006398,0.0000017,0.0000016
16490,0.0006396,0.0000017,0.0000016
16491,0.0006394,0.0000017,0.0000016
16492,0.0006392,0.0000017,0.0000016
16493,0.0006390,0.0000017,0.0000016
16494,0.0006388,0.0000017,0.0000016
16495,0.0006386,0.0000017,0.0000016
16496,0.0006384,0.0000017,0.0000016
16497,0.0006382,0.0000017,0.0000016
16498,0.0006380,0.0000017,0.0000016
16499,0.0006378,0.0000017,0.0000016
16500,0.0006376,0.0000017,0.0000016
16501,0.0006375,0.0000017,0.0000016
16502,0.0006373,0.0000017,0.0000016
16503,0.0006371,0.0000017,0.0000016
16504,0.0006369,0.0000017,0.0000016
16505,0.0006367,0.0000017,0.0000016
16506,0.0006365,0.0000017,0.0000016
16507,0.0006363,0.0000017,0.0000016
16508,0.0006361,0.0000017,0.0000016
16509,0.0006359,0.0000017,0.0000016
16510,0.0006357,0.0000017,0.0000016
16511,0.0006355,0.0000017,0.0000016
16512,0.0006353,0.0000017,0.0000016
16513,0.0006351,0.0000017,0.0000016
16514,0.0006349,0.0000017,0.0000016
16515,0.0006347,0.0000017,0.0000016
16516,0.0006345,0.0000017,0.0000016
16517,0.0006344,0.0000017,0.0000016
16518,0.0006342,0.0000017,0.0000016
16519,0.0006340,0.0000017,0.0000016
16520,0.0006338,0.0000017,0.0000016
16521,0.0006336,0.0000017,0.0000016
16522,0.0006334,0.0000017,0.0000016
16523,0.0006332,0.0000017,0.0000016
16524,0.0006330,0.0000017,0.0000016
16525,0.0006328,0.0000017,0.0000016
16526,0.0006326,0.0000017,0.0000016
16527,0.0006324,0.0000017,0.0000016
16528,0.0006322,0.0000017,0.0000016
16529,0.0006320,0.0000017,0.0000016
16530,0.0006318,0.0000017,0.0000016
16531,0.0006316,0.0000017,0.0000016
16532,0.0006314,0.0000017,0.0000016
16533,0.0006312,0.0000017,0.0000016
16534,0.0006310,0.0000017,0.0000016
16535,0.0006308,0.0000017,0.0000016
16536,0.0006306,0.0000017,0.0000016
16537,0.0006304,0.0000017,0.0000016
16538,0.0006302,0.0000017,0.0000016
16539,0.0006300,0.0000017,0.0000016
16540,0.0006298,0.0000017,0.0000016
16541,0.0006296,0.0000017,0.0000016
16542,0.0006294,0.0000017,0.0000016
16543,0.0006293,0.0000017,0.0000016
16544,0.0006291,0.0000017,0.0000016
16545,0.0006289,0.0000017,0.0000016
16546,0.0006287,0.0000017,0.0000016
16547,0.0006285,0.0000017,0.0000016
16548,0.0006283,0.0000017,0.0000016
16549,0.0006281,0.0000017,0.0000016
16550,0.0006279,0.0000017,0.0000016
16551,0.0006277,0.0000017,0.0000016
16552,0.0006275,0.0000017,0.0000016
16553,0.0006273,0.0000017,0.0000016
16554,0.0006271,0.0000017,0.0000016
16555,0.0006269,0.0000017,0.0000016
16556,0.0006267,0.0000017,0.0000016
16557,0.0006265,0.0000017,0.0000016
16558,0.0006263,0.0000017,0.0000016
16559,0.0006261,0.0000017,0.0000016
16560,0.0006259,0.0000017,0.0000016
16561,0.0006257,0.0000017,0.0000016
16562,0.0006255,0.0000017,0.0000016
16563,0.0006253,0.0000017,0.0000016
16564,0.0006251,0.0000017,0.0000016
16565,0.0006249,0.0000017,0.0000016
16566,0.0006247,0.0000017,0.0000016
16567,0.0006245,0.0000017,0.0000016
16568,0.0006243,0.0000017,0.0000016
16569,0.0006241,0.0000017,0.0000016
16570,0.0006239,0.0000017,0.0000016
16571,0.0006237,0.0000017,0.0000016
16572,0.0006235,0.0000017,0.0000016
16573,0.0006233,0.0000017,0.0000016
16574,0.0006231,0.0000017,0.0000016
16575,0.0006229,0.0000017,0.0000016
16576,0.0006227,0.0000017,0.0000016
16577,0.0006225,0.0000017,0.0000016
16578,0.0006223,0.0000017,0.0000016
16579,0.0006221,0.0000017,0.0000016
16580,0.0006219,0.0000017,0.0000016
16581,0.0006217,0.0000017,0.0000016
16582,0.0006215,0.0000017,0.0000016
16583,0.0006213,0.0000017,0.0000016
16584,0.0006211,0.0000017,0.0000016
16585,0.0006209,0.0000017,0.0000016
16586,0.0006207,0.0000017,0.0000016
16587,0.0006205,0.0000017,0.0000016
16588,0.0006203,0.0000017,0.0000016
16589,0.0006201,0.0000017,0.0000016
16590,0.0006199,0.0000017,0.0000016
16591,0.0006197,0.0000017,0.0000016
16592,0.0006195,0.0000017,0.0000016
16593,0.0006193,0.0000017,0.0000016
16594,0.0006191,0.0000017,0.0000016
16595,0.0006189,0.0000017,0.0000016
16596,0.0006187,0.0000017,0.0000016
16597,0.0006185,0.0000017,0.0000016
16598,0.0006183,0.0000017,0.0000016
16599,0.0006181,0.0000017,0.0000016
16600,0.0006179,0.0000017,0.0000016
16601,0.0006177,0.0000017,0.0000016
16602,0.0006175,0.0000017,0.0000016
16603,0.0006173,0.0000017,0.0000016
16604,0.0006171,0.0000017,0.0000016
16605,0.0006169,0.0000017,0.0000016
16606,0.0006167,0.0000017,0.0000016
16607,0.0006165,0.0000017,0.0000016
16608,0.0006163,0.0000017,0.0000016
16609,0.0006161,0.0000017,0.0000016
16610,0.0006159,0.0000017,0.0000016
16611,0.0006157,0.0000017,0.0000016
16612,0.0006155,0.0000017,0.0000016
16613,0.0006153,0.0000017,0.0000016
16614,0.0006151,0.0000017,0.0000016
16615,0.0006149,0.0000017,0.0000016
16616,0.0006147,0.0000017,0.0000016
16617,0.0006145,0.0000017,0.0000016
16618,0.0006143,0.0000017,0.0000016
16619,0.0006141,0.0000017,0.0000016
16620,0.0006139,0.0000017,0.0000016
16621,0.0006137,0.0000016,0.0000016
16622,0.0006135,0.0000016,0.0000016
16623,0.0006133,0.0000016,0.0000016
16624,0.0006131,0.0000016,0.0000016
16625,0.0006129,0.0000016,0.0000016
16626,0.0006127,0.0000016,0.0000016
16627,0.0006125,0.0000016,0.0000016
16628,0.0006123,0.0000016,0.0000016
16629,0.0006121,0.0000016,0.0000016
16630,0.0006119,0.0000016,0.0000016
16631,0.0006117,0.0000016,0.0000016
16632,0.0006115,0.0000016,0.0000016
16633,0.0006113,0.0000016,0.0000016
16634,0.0006110,0.0000016,0.0000016
16635,0.0006108,0.0000016,0.0000016
16636,0.0006106,0.0000016,0.0000016
16637,0.0006104,0.0000016,0.0000016
16638,0.0006102,0.0000016,0.0000016
16639,0.0006100,0.0000016,0.0000016
16640,0.0006098,0.0000016,0.0000016
16641,0.0006096,0.0000016,0.0000016
16642,0.0006094,0.0000016,0.0000016
16643,0.0006092,0.0000016,0.0000016
16644,0.0006090,0.0000016,0.0000016
16645,0.0006088,0.0000016,0.0000016
16646,0.0006086,0.0000016,0.0000016
16647,0.0006084,0.0000016,0.0000016
16648,0.0006082,0.0000016,0.0000016
16649,0.0006080,0.0000016,0.0000016
16650,0.0006078,0.0000016,0.0000016
16651,0.0006076,0.0000016,0.0000016
16652,0.0006074,0.0000016,0.0000016
16653,0.0006072,0.0000016,0.0000016
16654,0.0006070,0.0000016,0.0000016
16655,0.0006068,0.0000016,0.0000016
16656,0.0006066,0.0000016,0.0000016
16657,0.0006064,0.0000016,0.0000016
16658,0.0006062,0.0000016,0.0000016
16659,0.0006060,0.0000016,0.0000016
16660,0.0006058,0.0000016,0.0000016
16661,0.0006056,0.0000016,0.0000016
16662,0.0006054,0.0000016,0.0000016
16663,0.0006052,0.0000016,0.0000016
16664,0.0006050,0.0000016,0.0000016
16665,0.0006048,0.0000016,0.0000016
16666,0.0006046,0.0000016,0.0000016
16667,0.0006044,0.0000016,0.0000016
16668,0.0006042,0.0000016,0.0000016
16669,0.0006040,0.0000016,0.0000016
16670,0.0006038,0.0000016,0.0000016
16671,0.0006036,0.0000016,0.0000016
16672,0.0006034,0.0000016,0.0000015
16673,0.0006032,0.0000016,0.0000015
16674,0.0006030,0.0000016,0.0000015
16675,0.0006028,0.0000016,0.0000015
16676,0.0006026,0.0000016,0.0000015
16677,0.0006024,0.0000016,0.0000015
16678,0.0006022,0.0000016,0.0000015
16679,0.0006020,0.0000016,0.0000015
16680,0.0006018,0.0000016,0.0000015
16681,0.0006016,0.0000016,0.0000015
16682,0.0006014,0.0000016,0.0000015
16683,0.0006012,0.0000016,0.0000015
16684,0.0006010,0.0000016,0.0000015
16685,0.0006008,0.0000016,0.0000015
16686,0.0006006,0.0000016,0.0000015
16687,0.0006004,0.0000016,0.0000015
16688,0.0006002,0.0000016,0.0000015
16689,0.0006000,0.0000016,0.0000015
16690,0.0005998,0.0000016,0.0000015
16691,0.0005996,0.0000016,0.0000015
16692,0.0005994,0.0000016,0.0000015
16693,0.0005992,0.0000016,0.0000015
16694,0.0005990,0.0000016,0.0000015
16695,0.0005988,0.0000016,0.0000015
16696,0.0005986,0.0000016,0.0000015
16697,0.0005984,0.0000016,0.0000015
16698,0.0005982,0.0000016,0.0000015
16699,0.0005980,0.0000016,0.0000015
16700,0.0005978,0.0000016,0.0000015
16701,0.0005976,0.0000016,0.0000015
16702,0.0005974,0.0000016,0.0000015
16703,0.0005972,0.0000016,0.0000015
16704,0.0005970,0.0000016,0.0000015
16705,0.0005968,0.0000016,0.0000015
16706,0.0005966,0.0000016,0.0000015
16707,0.0005964,0.0000016,0.0000015
16708,0.0005962,0.0000016,0.0000015
16709,0.0005960,0.0000016,0.0000015
16710,0.0005958,0.0000016,0.0000015
16711,0.0005956,0.0000016,0.0000015
16712,0.0005954,0.0000016,0.0000015
16713,0.0005952,0.0000016,0.0000015
16714,0.0005950,0.0000016,0.0000015
16715,0.0005948,0.0000016,0.0000015
16716,0.0005946,0.0000016,0.0000015
16717,0.0005944,0.0000016,0.0000015
16718,0.0005942,0.0000016,0.0000015
16719,0.0005940,0.0000016,0.0000015
16720,0.0005938,0.0000016,0.0000015
16721,0.0005936,0.0000016,0.0000015
16722,0.0005934,0.0000016,0.0000015
16723,0.0005932,0.0000016,0.0000015
16724,0.0005930,0.0000016,0.0000015
16725,0.0005928,0.0000016,0.0000015
16726,0.0005926,0.0000016,0.0000015
16727,0.0005924,0.0000016,0.0000015
16728,0.0005922,0.0000016,0.0000015
16729,0.0005920,0.0000016,0.0000015
16730,0.0005918,0.0000016,0.0000015
16731,0.0005916,0.0000016,0.0000015
16732,0.0005914,0.0000016,0.0000015
16733,0.0005912,0.0000016,0.0000015
16734,0.0005910,0.0000016,0.0000015
16735,0.0005908,0.0000016,0.0000015
16736,0.0005906,0.0000016,0.0000015
16737,0.0005904,0.0000016,0.0000015
16738,0.0005902,0.0000016,0.0000015
16739,0.0005900,0.0000016,0.0000015
16740,0.0005898,0.0000016,0.0000015
16741,0.0005896,0.0000016,0.0000015
16742,0.0005894,0.0000016,0.0000015
16743,0.0005892,0.0000016,0.0000015
16744,0.0005890,0.0000016,0.0000015
16745,0.0005888,0.0000016,0.0000015
16746,0.0005886,0.0000016,0.0000015
16747,0.0005884,0.0000016,0.0000015
16748,0.0005882,0.0000016,0.0000015
16749,0.0005880,0.0000016,0.0000015
16750,0.0005878,0.0000016,0.0000015
16751,0.0005876,0.0000016,0.0000015
16752,0.0005874,0.0000016,0.0000015
16753,0.0005872,0.0000016,0.0000015
16754,0.0005871,0.0000016,0.0000015
16755,0.0005869,0.0000016,0.0000015
16756,0.0005867,0.0000016,0.0000015
16757,0.0005865,0.0000016,0.0000015
16758,0.0005863,0.0000016,0.0000015
16759,0.0005861,0.0000016,0.0000015
16760,0.0005859,0.0000016,0.0000015
16761,0.0005857,0.0000016,0.0000015
16762,0.0005855,0.0000016,0.0000015
16763,0.0005853,0.0000016,0.0000015
16764,0.0005851,0.0000016,0.0000015
16765,0.0005849,0.0000016,0.0000015
16766,0.0005847,0.0000016,0.0000015
16767,0.0005845,0.0000016,0.0000015
16768,0.0005843,0.0000016,0.0000015
16769,0.0005841,0.0000016,0.0000015
16770,0.0005839,0.0000016,0.0000015
16771,0.0005837,0.0000016,0.0000015
16772,0.0005835,0.0000016,0.0000015
16773,0.0005833,0.0000016,0.0000015
16774,0.0005831,0.0000016,0.0000015
16775,0.0005829,0.0000016,0.0000015
16776,0.0005827,0.0000016,0.0000015
16777,0.0005826,0.0000016,0.0000015
16778,0.0005824,0.0000016,0.0000015
16779,0.0005822,0.0000016,0.0000015
16780,0.0005820,0.0000016,0.0000015
16781,0.0005818,0.0000016,0.0000015
16782,0.0005816,0.0000016,0.0000015
16783,0.0005814,0.0000016,0.0000015
16784,0.0005812,0.0000016,0.0000015
16785,0.0005810,0.0000016,0.0000015
16786,0.0005808,0.0000016,0.0000015
16787,0.0005806,0.0000016,0.0000015
16788,0.0005804,0.0000016,0.0000015
16789,0.0005802,0.0000016,0.0000015
16790,0.0005800,0.0000016,0.0000015
16791,0.0005798,0.0000016,0.0000015
16792,0.0005796,0.0000016,0.0000015
16793,0.0005795,0.0000016,0.0000015
16794,0.0005793,0.0000016,0.0000015
16795,0.0005791,0.0000016,0.0000015
16796,0.0005789,0.0000016,0.0000015
16797,0.0005787,0.0000016,0.0000015
16798,0.0005785,0.0000016,0.0000015
16799,0.0005783,0.0000016,0.0000015
16800,0.0005781,0.0000016,0.0000015
16801,0.0005779,0.0000016,0.0000015
16802,0.0005777,0.0000016,0.0000015
16803,0.0005775,0.0000016,0.0000015
16804,0.0005773,0.0000016,0.0000015
16805,0.0005772,0.0000016,0.0000015
16806,0.0005770,0.0000016,0.0000015
16807,0.0005768,0.0000016,0.0000015
16808,0.0005766,0.0000016,0.0000015
16809,0.0005764,0.0000016,0.0000015
16810,0.0005762,0.0000016,0.0000015
16811,0.0005760,0.0000016,0.0000015
16812,0.0005758,0.0000016,0.0000015
16813,0.0005756,0.0000016,0.0000015
16814,0.0005754,0.0000016,0.0000015
16815,0.0005752,0.0000016,0.0000015
16816,0.0005751,0.0000016,0.0000015
16817,0.0005749,0.0000016,0.0000015
16818,0.0005747,0.0000016,0.0000015
16819,0.0005745,0.0000016,0.0000015
16820,0.0005743,0.0000016,0.0000015
16821,0.0005741,0.0000016,0.0000015
16822,0.0005739,0.0000016,0.0000015
16823,0.0005737,0.0000016,0.0000015
16824,0.0005735,0.0000016,0.0000015
16825,0.0005733,0.0000016,0.0000015
16826,0.0005732,0.0000016,0.0000015
16827,0.0005730,0.0000016,0.0000015
16828,0.0005728,0.0000016,0.0000015
16829,0.0005726,0.0000016,0.0000015
16830,0.0005724,0.0000016,0.0000015
16831,0.0005722,0.0000016,0.0000015
16832,0.0005720,0.0000016,0.0000015
16833,0.0005718,0.0000016,0.0000015
16834,0.0005717,0.0000016,0.0000015
16835,0.0005715,0.0000016,0.0000015
16836,0.0005713,0.0000016,0.0000015
16837,0.0005711,0.0000016,0.0000015
16838,0.0005709,0.0000016,0.0000015
16839,0.0005707,0.0000016,0.0000015
16840,0.0005705,0.0000016,0.0000015
16841,0.0005703,0.0000015,0.0000015
16842,0.0005702,0.0000015,0.0000015
16843,0.0005700,0.0000015,0.0000015
16844,0.0005698,0.0000015,0.0000015
16845,0.0005696,0.0000015,0.0000015
16846,0.0005694,0.0000015,0.0000015
16847,0.0005692,0.0000015,0.0000015
16848,0.0005690,0.0000015,0.0000015
16849,0.0005689,0.0000015,0.0000015
16850,0.0005687,0.0000015,0.0000015
16851,0.0005685,0.0000015,0.0000015
16852,0.0005683,0.0000015,0.0000015
16853,0.0005681,0.0000015,0.0000015
16854,0.0005679,0.0000015,0.0000015
16855,0.0005677,0.0000015,0.0000015
16856,0.0005676,0.0000015,0.0000015
16857,0.0005674,0.0000015,0.0000015
16858,0.0005672,0.0000015,0.0000015
16859,0.0005670,0.0000015,0.0000015
16860,0.0005668,0.0000015,0.0000015
16861,0.0005666,0.0000015,0.0000015
16862,0.0005665,0.0000015,0.0000015
16863,0.0005663,0.0000015,0.0000015
16864,0.0005661,0.0000015,0.0000015
16865,0.0005659,0.0000015,0.0000015
16866,0.0005657,0.0000015,0.0000015
16867,0.0005655,0.0000015,0.0000015
16868,0.0005654,0.0000015,0.0000015
16869,0.0005652,0.0000015,0.0000015
16870,0.0005650,0.0000015,0.0000015
16871,0.0005648,0.0000015,0.0000015
16872,0.0005646,0.0000015,0.0000015
16873,0.0005644,0.0000015,0.0000015
16874,0.0005643,0.0000015,0.0000015
16875,0.0005641,0.0000015,0.0000015
16876,0.0005639,0.0000015,0.0000015
16877,0.0005637,0.0000015,0.0000015
16878,0.0005635,0.0000015,0.0000015
16879,0.0005634,0.0000015,0.0000015
16880,0.0005632,0.0000015,0.0000015
16881,0.0005630,0.0000015,0.0000015
16882,0.0005628,0.0000015,0.0000015
16883,0.0005626,0.0000015,0.0000015
16884,0.0005624,0.0000015,0.0000015
16885,0.0005623,0.0000015,0.0000015
16886,0.0005621,0.0000015,0.0000015
16887,0.0005619,0.0000015,0.0000015
16888,0.0005617,0.0000015,0.0000015
16889,0.0005615,0.0000015,0.0000015
16890,0.0005614,0.0000015,0.0000015
16891,0.0005612,0.0000015,0.0000015
16892,0.0005610,0.0000015,0.0000015
16893,0.0005608,0.0000015,0.0000015
16894,0.0005607,0.0000015,0.0000015
16895,0.0005605,0.0000015,0.0000015
16896,0.0005603,0.0000015,0.0000015
16897,0.0005601,0.0000015,0.0000015
16898,0.0005599,0.0000015,0.0000015
16899,0.0005598,0.0000015,0.0000015
16900,0.0005596,0.0000015,0.0000015
16901,0.0005594,0.0000015,0.0000015
16902,0.0005592,0.0000015,0.0000015
16903,0.0005590,0.0000015,0.0000015
16904,0.0005589,0.0000015,0.0000015
16905,0.0005587,0.0000015,0.0000015
16906,0.0005585,0.0000015,0.0000015
16907,0.0005583,0.0000015,0.0000015
16908,0.0005582,0.0000015,0.0000015
16909,0.0005580,0.0000015,0.0000015
16910,0.0005578,0.0000015,0.0000015
16911,0.0005576,0.0000015,0.0000015
16912,0.0005575,0.0000015,0.0000015
16913,0.0005573,0.0000015,0.0000015
16914,0.0005571,0.0000015,0.0000015
16915,0.0005569,0.0000015,0.0000015
16916,0.0005568,0.0000015,0.0000015
16917,0.0005566,0.0000015,0.0000015
16918,0.0005564,0.0000015,0.0000015
16919,0.0005562,0.0000015,0.0000015
16920,0.0005561,0.0000015,0.0000015
16921,0.0005559,0.0000015,0.0000015
16922,0.0005557,0.0000015,0.0000015
16923,0.0005555,0.0000015,0.0000015
16924,0.0005554,0.0000015,0.0000015
16925,0.0005552,0.0000015,0.0000015
16926,0.0005550,0.0000015,0.0000015
16927,0.0005548,0.0000015,0.0000015
16928,0.0005547,0.0000015,0.0000015
16929,0.0005545,0.0000015,0.0000015
16930,0.0005543,0.0000015,0.0000015
16931,0.0005542,0.0000015,0.0000015
16932,0.0005540,0.0000015,0.0000015
16933,0.0005538,0.0000015,0.0000015
16934,0.0005536,0.0000015,0.0000015
16935,0.0005535,0.0000015,0.0000015
16936,0.0005533,0.0000015,0.0000015
16937,0.0005531,0.0000015,0.0000015
16938,0.0005530,0.0000015,0.0000015
16939,0.0005528,0.0000015,0.0000015
16940,0.0005526,0.0000015,0.0000015
16941,0.0005524,0.0000015,0.0000015
16942,0.0005523,0.0000015,0.0000015
16943,0.0005521,0.0000015,0.0000015
16944,0.0005519,0.0000015,0.0000015
16945,0.0005518,0.0000015,0.0000015
16946,0.0005516,0.0000015,0.0000015
16947,0.0005514,0.0000015,0.0000015
16948,0.0005512,0.0000015,0.0000015
16949,0.0005511,0.0000015,0.0000015
16950,0.0005509,0.0000015,0.0000015
16951,0.0005507,0.0000015,0.0000015
16952,0.0005506,0.0000015,0.0000015
16953,0.0005504,0.0000015,0.0000015
16954,0.0005502,0.0000015,0.0000015
16955,0.0005501,0.0000015,0.0000015
16956,0.0005499,0.0000015,0.0000015
16957,0.0005497,0.0000015,0.0000015
16958,0.0005496,0.0000015,0.0000015
16959,0.0005494,0.0000015,0.0000015
16960,0.0005492,0.0000015,0.0000015
16961,0.0005491,0.0000015,0.0000015
16962,0.0005489,0.0000015,0.0000015
16963,0.0005487,0.0000015,0.0000015
16964,0.0005486,0.0000015,0.0000015
16965,0.0005484,0.0000015,0.0000015
16966,0.0005482,0.0000015,0.0000015
16967,0.0005481,0.0000015,0.0000015
16968,0.0005479,0.0000015,0.0000015
16969,0.0005477,0.0000015,0.0000015
16970,0.0005476,0.0000015,0.0000015
16971,0.0005474,0.0000015,0.0000015
16972,0.0005472,0.0000015,0.0000015
16973,0.0005471,0.0000015,0.0000015
16974,0.0005469,0.0000015,0.0000015
16975,0.0005467,0.0000015,0.0000015
16976,0.0005466,0.0000015,0.0000015
16977,0.0005464,0.0000015,0.0000015
16978,0.0005462,0.0000015,0.0000015
16979,0.0005461,0.0000015,0.0000015
16980,0.0005459,0.0000015,0.0000015
16981,0.0005458,0.0000015,0.0000015
16982,0.0005456,0.0000015,0.0000015
16983,0.0005454,0.0000015,0.0000015
16984,0.0005453,0.0000015,0.0000015
16985,0.0005451,0.0000015,0.0000015
16986,0.0005449,0.0000015,0.0000015
16987,0.0005448,0.0000015,0.0000015
16988,0.0005446,0.0000015,0.0000015
16989,0.0005445,0.0000015,0.0000015
16990,0.0005443,0.0000015,0.0000015
16991,0.0005441,0.0000015,0.0000015
16992,0.0005440,0.0000015,0.0000015
16993,0.0005438,0.0000015,0.0000015
16994,0.0005436,0.0000015,0.0000015
16995,0.0005435,0.0000015,0.0000015
16996,0.0005433,0.0000015,0.0000015
16997,0.0005432,0.0000015,0.0000015
16998,0.0005430,0.0000015,0.0000015
16999,0.0005428,0.0000015,0.0000015
17000,0.0005427,0.0000015,0.0000015
17001,0.0005425,0.0000015,0.0000015
17002,0.0005424,0.0000015,0.0000015
17003,0.0005422,0.0000015,0.0000015
17004,0.0005420,0.0000015,0.0000015
17005,0.0005419,0.0000015,0.0000015
17006,0.0005417,0.0000015,0.0000015
17007,0.0005416,0.0000015,0.0000015
17008,0.0005414,0.0000015,0.0000015
17009,0.0005413,0.0000015,0.0000015
17010,0.0005411,0.0000015,0.0000015
17011,0.0005409,0.0000015,0.0000015
17012,0.0005408,0.0000015,0.0000015
17013,0.0005406,0.0000015,0.0000015
17014,0.0005405,0.0000015,0.0000015
17015,0.0005403,0.0000015,0.0000015
17016,0.0005402,0.0000015,0.0000015
17017,0.0005400,0.0000015,0.0000015
17018,0.0005398,0.0000015,0.0000015
17019,0.0005397,0.0000015,0.0000015
17020,0.0005395,0.0000015,0.0000015
17021,0.0005394,0.0000015,0.0000015
17022,0.0005392,0.0000015,0.0000015
17023,0.0005391,0.0000015,0.0000015
17024,0.0005389,0.0000015,0.0000015
17025,0.0005388,0.0000015,0.0000015
17026,0.0005386,0.0000015,0.0000015
17027,0.0005384,0.0000015,0.0000015
17028,0.0005383,0.0000015,0.0000015
17029,0.0005381,0.0000015,0.0000015
17030,0.0005380,0.0000015,0.0000015
17031,0.0005378,0.0000015,0.0000015
17032,0.0005377,0.0000015,0.0000015
17033,0.0005375,0.0000015,0.0000015
17034,0.0005374,0.0000015,0.0000015
17035,0.0005372,0.0000015,0.0000015
17036,0.0005371,0.0000015,0.0000015
17037,0.0005369,0.0000015,0.0000015
17038,0.0005368,0.0000015,0.0000015
17039,0.0005366,0.0000015,0.0000015
17040,0.0005364,0.0000015,0.0000015
17041,0.0005363,0.0000015,0.0000015
17042,0.0005361,0.0000015,0.0000015
17043,0.0005360,0.0000015,0.0000015
17044,0.0005358,0.0000015,0.0000015
17045,0.0005357,0.0000015,0.0000015
17046,0.0005355,0.0000015,0.0000015
17047,0.0005354,0.0000015,0.0000015
17048,0.0005352,0.0000015,0.0000015
17049,0.0005351,0.0000015,0.0000015
17050,0.0005349,0.0000015,0.0000015
17051,0.0005348,0.0000015,0.0000015
17052,0.0005346,0.0000015,0.0000015
17053,0.0005345,0.0000015,0.0000015
17054,0.0005343,0.0000015,0.0000015
17055,0.0005342,0.0000015,0.0000015
17056,0.0005340,0.0000015,0.0000015
17057,0.0005339,0.0000015,0.0000015
17058,0.0005337,0.0000014,0.0000015
17059,0.0005336,0.0000014,0.0000015
17060,0.0005334,0.0000014,0.0000015
17061,0.0005333,0.0000014,0.0000015
17062,0.0005332,0.0000014,0.0000015
17063,0.0005330,0.0000014,0.0000015
17064,0.0005329,0.0000014,0.0000015
17065,0.0005327,0.0000014,0.0000015
17066,0.0005326,0.0000014,0.0000015
17067,0.0005324,0.0000014,0.0000015
17068,0.0005323,0.0000014,0.0000015
17069,0.0005321,0.0000014,0.0000015
17070,0.0005320,0.0000014,0.0000015
17071,0.0005318,0.0000014,0.0000015
17072,0.0005317,0.0000014,0.0000015
17073,0.0005315,0.0000014,0.0000015
17074,0.0005314,0.0000014,0.0000015
17075,0.0005312,0.0000014,0.0000015
17076,0.0005311,0.0000014,0.0000015
17077,0.0005310,0.0000014,0.0000015
17078,0.0005308,0.0000014,0.0000015
17079,0.0005307,0.0000014,0.0000015
17080,0.0005305,0.0000014,0.0000015
17081,0.0005304,0.0000014,0.0000015
17082,0.0005302,0.0000014,0.0000015
17083,0.0005301,0.0000014,0.0000015
17084,0.0005299,0.0000014,0.0000015
17085,0.0005298,0.0000014,0.0000015
17086,0.0005297,0.0000014,0.0000015
17087,0.0005295,0.0000014,0.0000015
17088,0.0005294,0.0000014,0.0000015
17089,0.0005292,0.0000014,0.0000015
17090,0.0005291,0.0000014,0.0000015
17091,0.0005289,0.0000014,0.0000015
17092,0.0005288,0.0000014,0.0000015
17093,0.0005287,0.0000014,0.0000015
17094,0.0005285,0.0000014,0.0000015
17095,0.0005284,0.0000014,0.0000015
17096,0.0005282,0.0000014,0.0000015
17097,0.0005281,0.0000014,0.0000015
17098,0.0005280,0.0000014,0.0000015
17099,0.0005278,0.0000014,0.0000015
17100,0.0005277,0.0000014,0.0000015
17101,0.0005275,0.0000014,0.0000015
17102,0.0005274,0.0000014,0.0000015
17103,0.0005273,0.0000014,0.0000015
17104,0.0005271,0.0000014,0.0000015
17105,0.0005270,0.0000014,0.0000015
17106,0.0005268,0.0000014,0.0000015
17107,0.0005267,0.0000014,0.0000015
17108,0.0005266,0.0000014,0.0000015
17109,0.0005264,0.0000014,0.0000015
17110,0.0005263,0.0000014,0.0000015
17111,0.0005261,0.0000014,0.0000015
17112,0.0005260,0.0000014,0.0000015
17113,0.0005259,0.0000014,0.0000015
17114,0.0005257,0.0000014,0.0000015
17115,0.0005256,0.0000014,0.0000015
17116,0.0005254,0.0000014,0.0000015
17117,0.0005253,0.0000014,0.0000015
17118,0.0005252,0.0000014,0.0000015
17119,0.0005250,0.0000014,0.0000015
17120,0.0005249,0.0000014,0.0000015
17121,0.0005248,0.0000014,0.0000015
17122,0.0005246,0.0000014,0.0000015
17123,0.0005245,0.0000014,0.0000015
17124,0.0005244,0.0000014,0.0000015
17125,0.0005242,0.0000014,0.0000015
17126,0.0005241,0.0000014,0.0000015
17127,0.0005239,0.0000014,0.0000015
17128,0.0005238,0.0000014,0.0000015
17129,0.0005237,0.0000014,0.0000015
17130,0.0005235,0.0000014,0.0000015
17131,0.0005234,0.0000014,0.0000015
17132,0.0005233,0.0000014,0.0000015
17133,0.0005231,0.0000014,0.0000015
17134,0.0005230,0.0000014,0.0000015
17135,0.0005229,0.0000014,0.0000015
17136,0.0005227,0.0000014,0.0000015
17137,0.0005226,0.0000014,0.0000015
17138,0.0005225,0.0000014,0.0000015
17139,0.0005223,0.0000014,0.0000015
17140,0.0005222,0.0000014,0.0000015
17141,0.0005221,0.0000014,0.0000015
17142,0.0005219,0.0000014,0.0000015
17143,0.0005218,0.0000014,0.0000015
17144,0.0005217,0.0000014,0.0000015
17145,0.0005215,0.0000014,0.0000015
17146,0.0005214,0.0000014,0.0000015
17147,0.0005213,0.0000014,0.0000015
17148,0.0005211,0.0000014,0.0000015
17149,0.0005210,0.0000014,0.0000015
17150,0.0005209,0.0000014,0.0000015
17151,0.0005207,0.0000014,0.0000015
17152,0.0005206,0.0000014,0.0000015
17153,0.0005205,0.0000014,0.0000015
17154,0.0005204,0.0000014,0.0000015
17155,0.0005202,0.0000014,0.0000015
17156,0.0005201,0.0000014,0.0000015
17157,0.0005200,0.0000014,0.0000015
17158,0.0005198,0.0000014,0.0000015
17159,0.0005197,0.0000014,0.0000015
17160,0.0005196,0.0000014,0.0000015
17161,0.0005194,0.0000014,0.0000015
17162,0.0005193,0.0000014,0.0000015
17163,0.0005192,0.0000014,0.0000015
17164,0.0005191,0.0000014,0.0000015
17165,0.0005189,0.0000014,0.0000015
17166,0.0005188,0.0000014,0.0000015
17167,0.0005187,0.0000014,0.0000015
17168,0.0005185,0.0000014,0.0000015
17169,0.0005184,0.0000014,0.0000015
17170,0.0005183,0.0000014,0.0000015
17171,0.0005182,0.0000014,0.0000015
17172,0.0005180,0.0000014,0.0000015
17173,0.0005179,0.0000014,0.0000015
17174,0.0005178,0.0000014,0.0000015
17175,0.0005177,0.0000014,0.0000015
17176,0.0005175,0.0000014,0.0000015
17177,0.0005174,0.0000014,0.0000015
17178,0.0005173,0.0000014,0.0000015
17179,0.0005171,0.0000014,0.0000015
17180,0.0005170,0.0000014,0.0000015
17181,0.0005169,0.0000014,0.0000015
17182,0.0005168,0.0000014,0.0000015
17183,0.0005166,0.0000014,0.0000015
17184,0.0005165,0.0000014,0.0000015
17185,0.0005164,0.0000014,0.0000015
17186,0.0005163,0.0000014,0.0000015
17187,0.0005161,0.0000014,0.0000015
17188,0.0005160,0.0000014,0.0000015
17189,0.0005159,0.0000014,0.0000015
17190,0.0005158,0.0000014,0.0000015
17191,0.0005156,0.0000014,0.0000015
17192,0.0005155,0.0000014,0.0000015
17193,0.0005154,0.0000014,0.0000015
17194,0.0005153,0.0000014,0.0000015
17195,0.0005152,0.0000014,0.0000015
17196,0.0005150,0.0000014,0.0000015
17197,0.0005149,0.0000014,0.0000015
17198,0.0005148,0.0000014,0.0000015
17199,0.0005147,0.0000014,0.0000015
17200,0.0005145,0.0000014,0.0000015
17201,0.0005144,0.0000014,0.0000015
17202,0.0005143,0.0000014,0.0000015
17203,0.0005142,0.0000014,0.0000015
17204,0.0005140,0.0000014,0.0000015
17205,0.0005139,0.0000014,0.0000015
17206,0.0005138,0.0000014,0.0000015
17207,0.0005137,0.0000014,0.0000015
17208,0.0005136,0.0000014,0.0000015
17209,0.0005134,0.0000014,0.0000015
17210,0.0005133,0.0000014,0.0000015
17211,0.0005132,0.0000014,0.0000015
17212,0.0005131,0.0000014,0.0000015
17213,0.0005130,0.0000014,0.0000015
17214,0.0005128,0.0000014,0.0000015
17215,0.0005127,0.0000014,0.0000015
17216,0.0005126,0.0000014,0.0000015
17217,0.0005125,0.0000014,0.0000015
17218,0.0005124,0.0000014,0.0000015
17219,0.0005122,0.0000014,0.0000015
17220,0.0005121,0.0000014,0.0000015
17221,0.0005120,0.0000014,0.0000015
17222,0.0005119,0.0000014,0.0000015
17223,0.0005118,0.0000014,0.0000015
17224,0.0005116,0.0000014,0.0000015
17225,0.0005115,0.0000014,0.0000015
17226,0.0005114,0.0000014,0.0000015
17227,0.0005113,0.0000014,0.0000015
17228,0.0005112,0.0000014,0.0000015
17229,0.0005110,0.0000014,0.0000015
17230,0.0005109,0.0000014,0.0000015
17231,0.0005108,0.0000014,0.0000015
17232,0.0005107,0.0000014,0.0000015
17233,0.0005106,0.0000014,0.0000015
17234,0.0005105,0.0000014,0.0000014
17235,0.0005103,0.0000014,0.0000014
17236,0.0005102,0.0000014,0.0000014
17237,0.0005101,0.0000014,0.0000014
17238,0.0005100,0.0000014,0.0000014
17239,0.0005099,0.0000014,0.0000014
17240,0.0005098,0.0000014,0.0000014
17241,0.0005096,0.0000014,0.0000014
17242,0.0005095,0.0000014,0.0000014
17243,0.0005094,0.0000014,0.0000014
17244,0.0005093,0.0000014,0.0000014
17245,0.0005092,0.0000014,0.0000014
17246,0.0005091,0.0000014,0.0000014
17247,0.0005090,0.0000014,0.0000014
17248,0.0005088,0.0000014,0.0000014
17249,0.0005087,0.0000014,0.0000014
17250,0.0005086,0.0000014,0.0000014
17251,0.0005085,0.0000014,0.0000014
17252,0.0005084,0.0000014,0.0000014
17253,0.0005083,0.0000014,0.0000014
17254,0.0005082,0.0000014,0.0000014
17255,0.0005080,0.0000014,0.0000014
17256,0.0005079,0.0000014,0.0000014
17257,0.0005078,0.0000014,0.0000014
17258,0.0005077,0.0000014,0.0000014
17259,0.0005076,0.0000014,0.0000014
17260,0.0005075,0.0000014,0.0000014
17261,0.0005074,0.0000014,0.0000014
17262,0.0005072,0.0000014,0.0000014
17263,0.0005071,0.0000014,0.0000014
17264,0.0005070,0.0000014,0.0000014
17265,0.0005069,0.0000014,0.0000014
17266,0.0005068,0.0000014,0.0000014
17267,0.0005067,0.0000014,0.0000014
17268,0.0005066,0.0000014,0.0000014
17269,0.0005065,0.0000014,0.0000014
17270,0.0005063,0.0000014,0.0000014
17271,0.0005062,0.0000014,0.0000014
17272,0.0005061,0.0000014,0.0000014
17273,0.0005060,0.0000014,0.0000014
17274,0.0005059,0.0000014,0.0000014
17275,0.0005058,0.0000014,0.0000014
17276,0.0005057,0.0000014,0.0000014
17277,0.0005056,0.0000014,0.0000014
17278,0.0005055,0.0000013,0.0000014
17279,0.0005053,0.0000013,0.0000014
17280,0.0005052,0.0000013,0.0000014
17281,0.0005051,0.0000013,0.0000014
17282,0.0005050,0.0000013,0.0000014
17283,0.0005049,0.0000013,0.0000014
17284,0.0005048,0.0000013,0.0000014
17285,0.0005047,0.0000013,0.0000014
17286,0.0005046,0.0000013,0.0000014
17287,0.0005045,0.0000013,0.0000014
17288,0.0005044,0.0000013,0.0000014
17289,0.0005042,0.0000013,0.0000014
17290,0.0005041,0.0000013,0.0000014
17291,0.0005040,0.0000013,0.0000014
17292,0.0005039,0.0000013,0.0000014
17293,0.0005038,0.0000013,0.0000014
17294,0.0005037,0.0000013,0.0000014
17295,0.0005036,0.0000013,0.0000014
17296,0.0005035,0.0000013,0.0000014
17297,0.0005034,0.0000013,0.0000014
17298,0.0005033,0.0000013,0.0000014
17299,0.0005032,0.0000013,0.0000014
17300,0.0005031,0.0000013,0.0000014
17301,0.0005029,0.0000013,0.0000014
17302,0.0005028,0.0000013,0.0000014
17303,0.0005027,0.0000013,0.0000014
17304,0.0005026,0.0000013,0.0000014
17305,0.0005025,0.0000013,0.0000014
17306,0.0005024,0.0000013,0.0000014
17307,0.0005023,0.0000013,0.0000014
17308,0.0005022,0.0000013,0.0000014
17309,0.0005021,0.0000013,0.0000014
17310,0.0005020,0.0000013,0.0000014
17311,0.0005019,0.0000013,0.0000014
17312,0.0005018,0.0000013,0.0000014
17313,0.0005017,0.0000013,0.0000014
17314,0.0005016,0.0000013,0.0000014
17315,0.0005014,0.0000013,0.0000014
17316,0.0005013,0.0000013,0.0000014
17317,0.0005012,0.0000013,0.0000014
17318,0.0005011,0.0000013,0.0000014
17319,0.0005010,0.0000013,0.0000014
17320,0.0005009,0.0000013,0.0000014
17321,0.0005008,0.0000013,0.0000014
17322,0.0005007,0.0000013,0.0000014
17323,0.0005006,0.0000013,0.0000014
17324,0.0005005,0.0000013,0.0000014
17325,0.0005004,0.0000013,0.0000014
17326,0.0005003,0.0000013,0.0000014
17327,0.0005002,0.0000013,0.0000014
17328,0.0005001,0.0000013,0.0000014
17329,0.0005000,0.0000013,0.0000014
17330,0.0004999,0.0000013,0.0000014
17331,0.0004998,0.0000013,0.0000014
17332,0.0004997,0.0000013,0.0000014
17333,0.0004996,0.0000013,0.0000014
17334,0.0004995,0.0000013,0.0000014
17335,0.0004994,0.0000013,0.0000014
17336,0.0004992,0.0000013,0.0000014
17337,0.0004991,0.0000013,0.0000014
17338,0.0004990,0.0000013,0.0000014
17339,0.0004989,0.0000013,0.0000014
17340,0.0004988,0.0000013,0.0000014
17341,0.0004987,0.0000013,0.0000014
17342,0.0004986,0.0000013,0.0000014
17343,0.0004985,0.0000013,0.0000014
17344,0.0004984,0.0000013,0.0000014
17345,0.0004983,0.0000013,0.0000014
17346,0.0004982,0.0000013,0.0000014
17347,0.0004981,0.0000013,0.0000014
17348,0.0004980,0.0000013,0.0000014
17349,0.0004979,0.0000013,0.0000014
17350,0.0004978,0.0000013,0.0000014
17351,0.0004977,0.0000013,0.0000014
17352,0.0004976,0.0000013,0.0000014
17353,0.0004975,0.0000013,0.0000014
17354,0.0004974,0.0000013,0.0000014
17355,0.0004973,0.0000013,0.0000014
17356,0.0004972,0.0000013,0.0000014
17357,0.0004971,0.0000013,0.0000014
17358,0.0004970,0.0000013,0.0000014
17359,0.0004969,0.0000013,0.0000014
17360,0.0004968,0.0000013,0.0000014
17361,0.0004967,0.0000013,0.0000014
17362,0.0004966,0.0000013,0.0000014
17363,0.0004965,0.0000013,0.0000014
17364,0.0004964,0.0000013,0.0000014
17365,0.0004963,0.0000013,0.0000014
17366,0.0004962,0.0000013,0.0000014
17367,0.0004961,0.0000013,0.0000014
17368,0.0004960,0.0000013,0.0000014
17369,0.0004959,0.0000013,0.0000014
17370,0.0004958,0.0000013,0.0000014
17371,0.0004957,0.0000013,0.0000014
17372,0.0004956,0.0000013,0.0000014
17373,0.0004955,0.0000013,0.0000014
17374,0.0004954,0.0000013,0.0000014
17375,0.0004953,0.0000013,0.0000014
17376,0.0004952,0.0000013,0.0000014
17377,0.0004951,0.0000013,0.0000014
17378,0.0004950,0.0000013,0.0000014
17379,0.0004949,0.0000013,0.0000014
17380,0.0004948,0.0000013,0.0000014
17381,0.0004947,0.0000013,0.0000014
17382,0.0004946,0.0000013,0.0000014
17383,0.0004945,0.0000013,0.0000014
17384,0.0004944,0.0000013,0.0000014
17385,0.0004943,0.0000013,0.0000014
17386,0.0004942,0.0000013,0.0000014
17387,0.0004941,0.0000013,0.0000014
17388,0.0004940,0.0000013,0.0000014
17389,0.0004939,0.0000013,0.0000014
17390,0.0004938,0.0000013,0.0000014
17391,0.0004937,0.0000013,0.0000014
17392,0.0004936,0.0000013,0.0000014
17393,0.0004935,0.0000013,0.0000014
17394,0.0004934,0.0000013,0.0000014
17395,0.0004933,0.0000013,0.0000014
17396,0.0004932,0.0000013,0.0000014
17397,0.0004931,0.0000013,0.0000014
17398,0.0004930,0.0000013,0.0000014
17399,0.0004929,0.0000013,0.0000014
17400,0.0004928,0.0000013,0.0000014
17401,0.0004927,0.0000013,0.0000014
17402,0.0004926,0.0000013,0.0000014
17403,0.0004925,0.0000013,0.0000014
17404,0.0004924,0.0000013,0.0000014
17405,0.0004923,0.0000013,0.0000014
17406,0.0004922,0.0000013,0.0000014
17407,0.0004921,0.0000013,0.0000014
17408,0.0004920,0.0000013,0.0000014
17409,0.0004920,0.0000013,0.0000014
17410,0.0004919,0.0000013,0.0000014
17411,0.0004918,0.0000013,0.0000014
17412,0.0004917,0.0000013,0.0000014
17413,0.0004916,0.0000013,0.0000014
17414,0.0004915,0.0000013,0.0000014
17415,0.0004914,0.0000013,0.0000014
17416,0.0004913,0.0000013,0.0000014
17417,0.0004912,0.0000013,0.0000014
17418,0.0004911,0.0000013,0.0000014
17419,0.0004910,0.0000013,0.0000014
17420,0.0004909,0.0000013,0.0000014
17421,0.0004908,0.0000013,0.0000014
17422,0.0004907,0.0000013,0.0000014
17423,0.0004906,0.0000013,0.0000014
17424,0.0004905,0.0000013,0.0000014
17425,0.0004904,0.0000013,0.0000014
17426,0.0004903,0.0000013,0.0000014
17427,0.0004902,0.0000013,0.0000014
17428,0.0004901,0.0000013,0.0000014
17429,0.0004900,0.0000013,0.0000014
17430,0.0004899,0.0000013,0.0000014
17431,0.0004898,0.0000013,0.0000014
17432,0.0004897,0.0000013,0.0000014
17433,0.0004896,0.0000013,0.0000014
17434,0.0004896,0.0000013,0.0000014
17435,0.0004895,0.0000013,0.0000014
17436,0.0004894,0.0000013,0.0000014
17437,0.0004893,0.0000013,0.0000014
17438,0.0004892,0.0000013,0.0000014
17439,0.0004891,0.0000013,0.0000014
17440,0.0004890,0.0000013,0.0000014
17441,0.0004889,0.0000013,0.0000014
17442,0.0004888,0.0000013,0.0000014
17443,0.0004887,0.0000013,0.0000014
17444,0.0004886,0.0000013,0.0000014
17445,0.0004885,0.0000013,0.0000014
17446,0.0004884,0.0000013,0.0000014
17447,0.0004883,0.0000013,0.0000014
17448,0.0004882,0.0000013,0.0000014
17449,0.0004881,0.0000013,0.0000014
17450,0.0004880,0.0000013,0.0000014
17451,0.0004879,0.0000013,0.0000014
17452,0.0004879,0.0000013,0.0000014
17453,0.0004878,0.0000013,0.0000014
17454,0.0004877,0.0000013,0.0000014
17455,0.0004876,0.0000013,0.0000014
17456,0.0004875,0.0000013,0.0000014
17457,0.0004874,0.0000013,0.0000014
17458,0.0004873,0.0000013,0.0000014
17459,0.0004872,0.0000013,0.0000014
17460,0.0004871,0.0000013,0.0000014
17461,0.0004870,0.0000013,0.0000014
17462,0.0004869,0.0000013,0.0000014
17463,0.0004868,0.0000013,0.0000014
17464,0.0004867,0.0000013,0.0000014
17465,0.0004866,0.0000013,0.0000014
17466,0.0004865,0.0000013,0.0000014
17467,0.0004864,0.0000013,0.0000014
17468,0.0004864,0.0000013,0.0000014
17469,0.0004863,0.0000013,0.0000014
17470,0.0004862,0.0000013,0.0000013
17471,0.0004861,0.0000013,0.0000013
17472,0.0004860,0.0000013,0.0000013
17473,0.0004859,0.0000013,0.0000013
17474,0.0004858,0.0000013,0.0000013
17475,0.0004857,0.0000013,0.0000013
17476,0.0004856,0.0000013,0.0000013
17477,0.0004855,0.0000013,0.0000013
17478,0.0004854,0.0000013,0.0000013
17479,0.0004853,0.0000013,0.0000013
17480,0.0004852,0.0000013,0.0000013
17481,0.0004851,0.0000013,0.0000013
17482,0.0004850,0.0000013,0.0000013
17483,0.0004850,0.0000013,0.0000013
17484,0.0004849,0.0000013,0.0000013
17485,0.0004848,0.0000013,0.0000013
17486,0.0004847,0.0000013,0.0000013
17487,0.0004846,0.0000013,0.0000013
17488,0.0004845,0.0000013,0.0000013
17489,0.0004844,0.0000013,0.0000013
17490,0.0004843,0.0000013,0.0000013
17491,0.0004842,0.0000013,0.0000013
17492,0.0004841,0.0000013,0.0000013
17493,0.0004840,0.0000013,0.0000013
17494,0.0004839,0.0000013,0.0000013
17495,0.0004838,0.0000013,0.0000013
17496,0.0004838,0.0000013,0.0000013
17497,0.0004837,0.0000013,0.0000013
17498,0.0004836,0.0000013,0.0000013
17499,0.0004835,0.0000013,0.0000013
17500,0.0004834,0.0000013,0.0000013
17501,0.0004833,0.0000013,0.0000013
17502,0.0004832,0.0000013,0.0000013
17503,0.0004831,0.0000013,0.0000013
17504,0.0004830,0.0000013,0.0000013
17505,0.0004829,0.0000013,0.0000013
17506,0.0004828,0.0000013,0.0000013
17507,0.0004827,0.0000013,0.0000013
17508,0.0004826,0.0000013,0.0000013
17509,0.0004826,0.0000012,0.0000013
17510,0.0004825,0.0000012,0.0000013
17511,0.0004824,0.0000012,0.0000013
17512,0.0004823,0.0000012,0.0000013
17513,0.0004822,0.0000012,0.0000013
17514,0.0004821,0.0000012,0.0000013
17515,0.0004820,0.0000012,0.0000013
17516,0.0004819,0.0000012,0.0000013
17517,0.0004818,0.0000012,0.0000013
17518,0.0004817,0.0000012,0.0000013
17519,0.0004816,0.0000012,0.0000013
17520,0.0004815,0.0000012,0.0000013
17521,0.0004815,0.0000012,0.0000013
17522,0.0004814,0.0000012,0.0000013
17523,0.0004813,0.0000012,0.0000013
17524,0.0004812,0.0000012,0.0000013
17525,0.0004811,0.0000012,0.0000013
17526,0.0004810,0.0000012,0.0000013
17527,0.0004809,0.0000012,0.0000013
17528,0.0004808,0.0000012,0.0000013
17529,0.0004807,0.0000012,0.0000013
17530,0.0004806,0.0000012,0.0000013
17531,0.0004805,0.0000012,0.0000013
17532,0.0004804,0.0000012,0.0000013
17533,0.0004804,0.0000012,0.0000013
17534,0.0004803,0.0000012,0.0000013
17535,0.0004802,0.0000012,0.0000013
17536,0.0004801,0.0000012,0.0000013
17537,0.0004800,0.0000012,0.0000013
17538,0.0004799,0.0000012,0.0000013
17539,0.0004798,0.0000012,0.0000013
17540,0.0004797,0.0000012,0.0000013
17541,0.0004796,0.0000012,0.0000013
17542,0.0004795,0.0000012,0.0000013
17543,0.0004794,0.0000012,0.0000013
17544,0.0004793,0.0000012,0.0000013
17545,0.0004793,0.0000012,0.0000013
17546,0.0004792,0.0000012,0.0000013
17547,0.0004791,0.0000012,0.0000013
17548,0.0004790,0.0000012,0.0000013
17549,0.0004789,0.0000012,0.0000013
17550,0.0004788,0.0000012,0.0000013
17551,0.0004787,0.0000012,0.0000013
17552,0.0004786,0.0000012,0.0000013
17553,0.0004785,0.0000012,0.0000013
17554,0.0004784,0.0000012,0.0000013
17555,0.0004783,0.0000012,0.0000013
17556,0.0004783,0.0000012,0.0000013
17557,0.0004782,0.0000012,0.0000013
17558,0.0004781,0.0000012,0.0000013
17559,0.0004780,0.0000012,0.0000013
17560,0.0004779,0.0000012,0.0000013
17561,0.0004778,0.0000012,0.0000013
17562,0.0004777,0.0000012,0.0000013
17563,0.0004776,0.0000012,0.0000013
17564,0.0004775,0.0000012,0.0000013
17565,0.0004774,0.0000012,0.0000013
17566,0.0004773,0.0000012,0.0000013
17567,0.0004773,0.0000012,0.0000013
17568,0.0004772,0.0000012,0.0000013
17569,0.0004771,0.0000012,0.0000013
17570,0.0004770,0.0000012,0.0000013
17571,0.0004769,0.0000012,0.0000013
17572,0.0004768,0.0000012,0.0000013
17573,0.0004767,0.0000012,0.0000013
17574,0.0004766,0.0000012,0.0000013
17575,0.0004765,0.0000012,0.0000013
17576,0.0004764,0.0000012,0.0000013
17577,0.0004763,0.0000012,0.0000013
17578,0.0004762,0.0000012,0.0000013
17579,0.0004762,0.0000012,0.0000013
17580,0.0004761,0.0000012,0.0000013
17581,0.0004760,0.0000012,0.0000013
17582,0.0004759,0.0000012,0.0000013
17583,0.0004758,0.0000012,0.0000013
17584,0.0004757,0.0000012,0.0000013
17585,0.0004756,0.0000012,0.0000013
17586,0.0004755,0.0000012,0.0000013
17587,0.0004754,0.0000012,0.0000013
17588,0.0004753,0.0000012,0.0000013
17589,0.0004752,0.0000012,0.0000013
17590,0.0004752,0.0000012,0.0000013
17591,0.0004751,0.0000012,0.0000013
17592,0.0004750,0.0000012,0.0000013
17593,0.0004749,0.0000012,0.0000013
17594,0.0004748,0.0000012,0.0000013
17595,0.0004747,0.0000012,0.0000013
17596,0.0004746,0.0000012,0.0000013
17597,0.0004745,0.0000012,0.0000013
17598,0.0004744,0.0000012,0.0000013
17599,0.0004743,0.0000012,0.0000013
17600,0.0004742,0.0000012,0.0000013
17601,0.0004741,0.0000012,0.0000013
17602,0.0004741,0.0000012,0.0000013
17603,0.0004740,0.0000012,0.0000013
17604,0.0004739,0.0000012,0.0000013
17605,0.0004738,0.0000012,0.0000013
17606,0.0004737,0.0000012,0.0000013
17607,0.0004736,0.0000012,0.0000013
17608,0.0004735,0.0000012,0.0000013
17609,0.0004734,0.0000012,0.0000013
17610,0.0004733,0.0000012,0.0000013
17611,0.0004732,0.0000012,0.0000013
17612,0.0004731,0.0000012,0.0000013
17613,0.0004730,0.0000012,0.0000013
17614,0.0004730,0.0000012,0.0000013
17615,0.0004729,0.0000012,0.0000013
17616,0.0004728,0.0000012,0.0000013
17617,0.0004727,0.0000012,0.0000013
17618,0.0004726,0.0000012,0.0000013
17619,0.0004725,0.0000012,0.0000013
17620,0.0004724,0.0000012,0.0000013
17621,0.0004723,0.0000012,0.0000013
17622,0.0004722,0.0000012,0.0000013
17623,0.0004721,0.0000012,0.0000013
17624,0.0004720,0.0000012,0.0000013
17625,0.0004719,0.0000012,0.0000013
17626,0.0004719,0.0000012,0.0000013
17627,0.0004718,0.0000012,0.0000013
17628,0.0004717,0.0000012,0.0000013
17629,0.0004716,0.0000012,0.0000013
17630,0.0004715,0.0000012,0.0000013
17631,0.0004714,0.0000012,0.0000013
17632,0.0004713,0.0000012,0.0000013
17633,0.0004712,0.0000012,0.0000013
17634,0.0004711,0.0000012,0.0000013
17635,0.0004710,0.0000012,0.0000013
17636,0.0004709,0.0000012,0.0000013
17637,0.0004708,0.0000012,0.0000013
17638,0.0004708,0.0000012,0.0000013
17639,0.0004707,0.0000012,0.0000013
17640,0.0004706,0.0000012,0.0000013
17641,0.0004705,0.0000012,0.0000013
17642,0.0004704,0.0000012,0.0000013
17643,0.0004703,0.0000012,0.0000013
17644,0.0004702,0.0000012,0.0000012
17645,0.0004701,0.0000012,0.0000012
17646,0.0004700,0.0000012,0.0000012
17647,0.0004699,0.0000012,0.0000012
17648,0.0004698,0.0000012,0.0000012
17649,0.0004697,0.0000012,0.0000012
17650,0.0004696,0.0000012,0.0000012
17651,0.0004696,0.0000012,0.0000012
17652,0.0004695,0.0000012,0.0000012
17653,0.0004694,0.0000012,0.0000012
17654,0.0004693,0.0000012,0.0000012
17655,0.0004692,0.0000012,0.0000012
17656,0.0004691,0.0000012,0.0000012
17657,0.0004690,0.0000012,0.0000012
17658,0.0004689,0.0000012,0.0000012
17659,0.0004688,0.0000012,0.0000012
17660,0.0004687,0.0000012,0.0000012
17661,0.0004686,0.0000012,0.0000012
17662,0.0004685,0.0000012,0.0000012
17663,0.0004684,0.0000012,0.0000012
17664,0.0004683,0.0000012,0.0000012
17665,0.0004683,0.0000012,0.0000012
17666,0.0004682,0.0000012,0.0000012
17667,0.0004681,0.0000012,0.0000012
17668,0.0004680,0.0000012,0.0000012
17669,0.0004679,0.0000012,0.0000012
17670,0.0004678,0.0000012,0.0000012
17671,0.0004677,0.0000012,0.0000012
17672,0.0004676,0.0000012,0.0000012
17673,0.0004675,0.0000012,0.0000012
17674,0.0004674,0.0000012,0.0000012
17675,0.0004673,0.0000012,0.0000012
17676,0.0004672,0.0000012,0.0000012
17677,0.0004671,0.0000012,0.0000012
17678,0.0004670,0.0000012,0.0000012
17679,0.0004669,0.0000012,0.0000012
17680,0.0004669,0.0000012,0.0000012
17681,0.0004668,0.0000012,0.0000012
17682,0.0004667,0.0000012,0.0000012
17683,0.0004666,0.0000012,0.0000012
17684,0.0004665,0.0000012,0.0000012
17685,0.0004664,0.0000012,0.0000012
17686,0.0004663,0.0000012,0.0000012
17687,0.0004662,0.0000012,0.0000012
17688,0.0004661,0.0000012,0.0000012
17689,0.0004660,0.0000012,0.0000012
17690,0.0004659,0.0000012,0.0000012
17691,0.0004658,0.0000012,0.0000012
17692,0.0004657,0.0000012,0.0000012
17693,0.0004656,0.0000012,0.0000012
17694,0.0004655,0.0000012,0.0000012
17695,0.0004654,0.0000012,0.0000012
17696,0.0004654,0.0000012,0.0000012
17697,0.0004653,0.0000012,0.0000012
17698,0.0004652,0.0000012,0.0000012
17699,0.0004651,0.0000012,0.0000012
17700,0.0004650,0.0000012,0.0000012
17701,0.0004649,0.0000012,0.0000012
17702,0.0004648,0.0000012,0.0000012
17703,0.0004647,0.0000012,0.0000012
17704,0.0004646,0.0000012,0.0000012
17705,0.0004645,0.0000012,0.0000012
17706,0.0004644,0.0000012,0.0000012
17707,0.0004643,0.0000012,0.0000012
17708,0.0004642,0.0000012,0.0000012
17709,0.0004641,0.0000012,0.0000012
17710,0.0004640,0.0000012,0.0000012
17711,0.0004639,0.0000012,0.0000012
17712,0.0004638,0.0000012,0.0000012
17713,0.0004637,0.0000012,0.0000012
17714,0.0004637,0.0000012,0.0000012
17715,0.0004636,0.0000012,0.0000012
17716,0.0004635,0.0000012,0.0000012
17717,0.0004634,0.0000012,0.0000012
17718,0.0004633,0.0000012,0.0000012
17719,0.0004632,0.0000012,0.0000012
17720,0.0004631,0.0000012,0.0000012
17721,0.0004630,0.0000012,0.0000012
17722,0.0004629,0.0000012,0.0000012
17723,0.0004628,0.0000012,0.0000012
17724,0.0004627,0.0000012,0.0000012
17725,0.0004626,0.0000012,0.0000012
17726,0.0004625,0.0000012,0.0000012
17727,0.0004624,0.0000012,0.0000012
17728,0.0004623,0.0000012,0.0000012
17729,0.0004622,0.0000012,0.0000012
17730,0.0004621,0.0000012,0.0000012
17731,0.0004620,0.0000012,0.0000012
17732,0.0004619,0.0000012,0.0000012
17733,0.0004618,0.0000012,0.0000012
17734,0.0004617,0.0000012,0.0000012
17735,0.0004617,0.0000012,0.0000012
17736,0.0004616,0.0000012,0.0000012
17737,0.0004615,0.0000012,0.0000012
17738,0.0004614,0.0000012,0.0000012
17739,0.0004613,0.0000012,0.0000012
17740,0.0004612,0.0000012,0.0000012
17741,0.0004611,0.0000012,0.0000012
17742,0.0004610,0.0000012,0.0000012
17743,0.0004609,0.0000012,0.0000012
17744,0.0004608,0.0000012,0.0000012
17745,0.0004607,0.0000012,0.0000012
17746,0.0004606,0.0000012,0.0000012
17747,0.0004605,0.0000012,0.0000012
17748,0.0004604,0.0000012,0.0000012
17749,0.0004603,0.0000012,0.0000012
17750,0.0004602,0.0000012,0.0000012
17751,0.0004601,0.0000012,0.0000012
17752,0.0004600,0.0000012,0.0000012
17753,0.0004599,0.0000012,0.0000012
17754,0.0004598,0.0000012,0.0000012
17755,0.0004597,0.0000012,0.0000012
17756,0.0004596,0.0000012,0.0000012
17757,0.0004595,0.0000012,0.0000012
17758,0.0004594,0.0000012,0.0000012
17759,0.0004593,0.0000012,0.0000012
17760,0.0004592,0.0000012,0.0000012
17761,0.0004591,0.0000012,0.0000012
17762,0.0004590,0.0000012,0.0000012
17763,0.0004590,0.0000012,0.0000012
17764,0.0004589,0.0000012,0.0000012
17765,0.0004588,0.0000012,0.0000012
17766,0.0004587,0.0000012,0.0000012
17767,0.0004586,0.0000012,0.0000012
17768,0.0004585,0.0000012,0.0000012
17769,0.0004584,0.0000012,0.0000012
17770,0.0004583,0.0000012,0.0000012
17771,0.0004582,0.0000012,0.0000012
17772,0.0004581,0.0000012,0.0000012
17773,0.0004580,0.0000012,0.0000012
17774,0.0004579,0.0000012,0.0000012
17775,0.0004578,0.0000012,0.0000012
17776,0.0004577,0.0000012,0.0000012
17777,0.0004576,0.0000012,0.0000012
17778,0.0004575,0.0000012,0.0000012
17779,0.0004574,0.0000012,0.0000012
17780,0.0004573,0.0000012,0.0000012
17781,0.0004572,0.0000012,0.0000012
17782,0.0004571,0.0000012,0.0000012
17783,0.0004570,0.0000011,0.0000012
17784,0.0004569,0.0000011,0.0000012
17785,0.0004568,0.0000011,0.0000012
17786,0.0004567,0.0000011,0.0000012
17787,0.0004566,0.0000011,0.0000012
17788,0.0004565,0.0000011,0.0000012
17789,0.0004564,0.0000011,0.0000012
17790,0.0004563,0.0000011,0.0000012
17791,0.0004562,0.0000011,0.0000012
17792,0.0004561,0.0000011,0.0000012
17793,0.0004560,0.0000011,0.0000012
17794,0.0004559,0.0000011,0.0000012
17795,0.0004558,0.0000011,0.0000012
17796,0.0004557,0.0000011,0.0000012
17797,0.0004556,0.0000011,0.0000012
17798,0.0004555,0.0000011,0.0000012
17799,0.0004554,0.0000011,0.0000012
17800,0.0004553,0.0000011,0.0000012
17801,0.0004552,0.0000011,0.0000012
17802,0.0004551,0.0000011,0.0000011
17803,0.0004550,0.0000011,0.0000011
17804,0.0004549,0.0000011,0.0000011
17805,0.0004548,0.0000011,0.0000011
17806,0.0004547,0.0000011,0.0000011
17807,0.0004546,0.0000011,0.0000011
17808,0.0004545,0.0000011,0.0000011
17809,0.0004544,0.0000011,0.0000011
17810,0.0004543,0.0000011,0.0000011
17811,0.0004542,0.0000011,0.0000011
17812,0.0004541,0.0000011,0.0000011
17813,0.0004540,0.0000011,0.0000011
17814,0.0004539,0.0000011,0.0000011
17815,0.0004538,0.0000011,0.0000011
17816,0.0004537,0.0000011,0.0000011
17817,0.0004536,0.0000011,0.0000011
17818,0.0004535,0.0000011,0.0000011
17819,0.0004534,0.0000011,0.0000011
17820,0.0004533,0.0000011,0.0000011
17821,0.0004532,0.0000011,0.0000011
17822,0.0004531,0.0000011,0.0000011
17823,0.0004530,0.0000011,0.0000011
17824,0.0004529,0.0000011,0.0000011
17825,0.0004528,0.0000011,0.0000011
17826,0.0004527,0.0000011,0.0000011
17827,0.0004526,0.0000011,0.0000011
17828,0.0004525,0.0000011,0.0000011
17829,0.0004524,0.0000011,0.0000011
17830,0.0004523,0.0000011,0.0000011
17831,0.0004522,0.0000011,0.0000011
17832,0.0004521,0.0000011,0.0000011
17833,0.0004520,0.0000011,0.0000011
17834,0.0004519,0.0000011,0.0000011
17835,0.0004518,0.0000011,0.0000011
17836,0.0004517,0.0000011,0.0000011
17837,0.0004516,0.0000011,0.0000011
17838,0.0004515,0.0000011,0.0000011
17839,0.0004514,0.0000011,0.0000011
17840,0.0004513,0.0000011,0.0000011
17841,0.0004512,0.0000011,0.0000011
17842,0.0004511,0.0000011,0.0000011
17843,0.0004510,0.0000011,0.0000011
17844,0.0004509,0.0000011,0.0000011
17845,0.0004508,0.0000011,0.0000011
17846,0.0004507,0.0000011,0.0000011
17847,0.0004506,0.0000011,0.0000011
17848,0.0004505,0.0000011,0.0000011
17849,0.0004504,0.0000011,0.0000011
17850,0.0004503,0.0000011,0.0000011
17851,0.0004502,0.0000011,0.0000011
17852,0.0004501,0.0000011,0.0000011
17853,0.0004500,0.0000011,0.0000011
17854,0.0004499,0.0000011,0.0000011
17855,0.0004498,0.0000011,0.0000011
17856,0.0004497,0.0000011,0.0000011
17857,0.0004496,0.0000011,0.0000011
17858,0.0004495,0.0000011,0.0000011
17859,0.0004494,0.0000011,0.0000011
17860,0.0004493,0.0000011,0.0000011
17861,0.0004492,0.0000011,0.0000011
17862,0.0004491,0.0000011,0.0000011
17863,0.0004490,0.0000011,0.0000011
17864,0.0004489,0.0000011,0.0000011
17865,0.0004488,0.0000011,0.0000011
17866,0.0004486,0.0000011,0.0000011
17867,0.0004485,0.0000011,0.0000011
17868,0.0004484,0.0000011,0.0000011
17869,0.0004483,0.0000011,0.0000011
17870,0.0004482,0.0000011,0.0000011
17871,0.0004481,0.0000011,0.0000011
17872,0.0004480,0.0000011,0.0000011
17873,0.0004479,0.0000011,0.0000011
17874,0.0004478,0.0000011,0.0000011
17875,0.0004477,0.0000011,0.0000011
17876,0.0004476,0.0000011,0.0000011
17877,0.0004475,0.0000011,0.0000011
17878,0.0004474,0.0000011,0.0000011
17879,0.0004473,0.0000011,0.0000011
17880,0.0004472,0.0000011,0.0000011
17881,0.0004471,0.0000011,0.0000011
17882,0.0004470,0.0000011,0.0000011
17883,0.0004469,0.0000011,0.0000011
17884,0.0004468,0.0000011,0.0000011
17885,0.0004467,0.0000011,0.0000011
17886,0.0004466,0.0000011,0.0000011
17887,0.0004465,0.0000011,0.0000011
17888,0.0004464,0.0000011,0.0000011
17889,0.0004463,0.0000011,0.0000011
17890,0.0004462,0.0000011,0.0000011
17891,0.0004461,0.0000011,0.0000011
17892,0.0004460,0.0000011,0.0000011
17893,0.0004459,0.0000011,0.0000011
17894,0.0004457,0.0000011,0.0000011
17895,0.0004456,0.0000011,0.0000011
17896,0.0004455,0.0000011,0.0000011
17897,0.0004454,0.0000011,0.0000011
17898,0.0004453,0.0000011,0.0000011
17899,0.0004452,0.0000011,0.0000011
17900,0.0004451,0.0000011,0.0000011
17901,0.0004450,0.0000011,0.0000011
17902,0.0004449,0.0000011,0.0000011
17903,0.0004448,0.0000011,0.0000011
17904,0.0004447,0.0000011,0.0000011
17905,0.0004446,0.0000011,0.0000011
17906,0.0004445,0.0000011,0.0000011
17907,0.0004444,0.0000011,0.0000011
17908,0.0004443,0.0000011,0.0000011
17909,0.0004442,0.0000011,0.0000011
17910,0.0004441,0.0000011,0.0000011
17911,0.0004440,0.0000011,0.0000011
17912,0.0004439,0.0000011,0.0000011
17913,0.0004438,0.0000011,0.0000011
17914,0.0004436,0.0000011,0.0000011
17915,0.0004435,0.0000011,0.0000011
17916,0.0004434,0.0000011,0.0000011
17917,0.0004433,0.0000011,0.0000011
17918,0.0004432,0.0000011,0.0000011
17919,0.0004431,0.0000011,0.0000011
17920,0.0004430,0.0000011,0.0000011
17921,0.0004429,0.0000011,0.0000011
17922,0.0004428,0.0000011,0.0000011
17923,0.0004427,0.0000011,0.0000011
17924,0.0004426,0.0000011,0.0000011
17925,0.0004425,0.0000011,0.0000011
17926,0.0004424,0.0000011,0.0000011
17927,0.0004423,0.0000011,0.0000011
17928,0.0004422,0.0000011,0.0000011
17929,0.0004421,0.0000011,0.0000011
17930,0.0004420,0.0000011,0.0000011
17931,0.0004418,0.0000011,0.0000011
17932,0.0004417,0.0000011,0.0000011
17933,0.0004416,0.0000011,0.0000011
17934,0.0004415,0.0000011,0.0000011
17935,0.0004414,0.0000011,0.0000011
17936,0.0004413,0.0000011,0.0000011
17937,0.0004412,0.0000011,0.0000011
17938,0.0004411,0.0000011,0.0000011
17939,0.0004410,0.0000011,0.0000011
17940,0.0004409,0.0000011,0.0000011
17941,0.0004408,0.0000011,0.0000011
17942,0.0004407,0.0000011,0.0000011
17943,0.0004406,0.0000011,0.0000011
17944,0.0004405,0.0000011,0.0000011
17945,0.0004404,0.0000011,0.0000011
17946,0.0004402,0.0000011,0.0000011
17947,0.0004401,0.0000011,0.0000011
17948,0.0004400,0.0000011,0.0000011
17949,0.0004399,0.0000011,0.0000011
17950,0.0004398,0.0000011,0.0000011
17951,0.0004397,0.0000011,0.0000011
17952,0.0004396,0.0000011,0.0000011
17953,0.0004395,0.0000011,0.0000011
17954,0.0004394,0.0000011,0.0000011
17955,0.0004393,0.0000011,0.0000011
17956,0.0004392,0.0000011,0.0000011
17957,0.0004391,0.0000011,0.0000011
17958,0.0004390,0.0000011,0.0000011
17959,0.0004389,0.0000011,0.0000011
17960,0.0004387,0.0000011,0.0000011
17961,0.0004386,0.0000011,0.0000011
17962,0.0004385,0.0000011,0.0000011
17963,0.0004384,0.0000011,0.0000011
17964,0.0004383,0.0000011,0.0000011
17965,0.0004382,0.0000011,0.0000011
17966,0.0004381,0.0000011,0.0000011
17967,0.0004380,0.0000011,0.0000010
17968,0.0004379,0.0000011,0.0000010
17969,0.0004378,0.0000011,0.0000010
17970,0.0004377,0.0000011,0.0000010
17971,0.0004376,0.0000011,0.0000010
17972,0.0004375,0.0000011,0.0000010
17973,0.0004373,0.0000011,0.0000010
17974,0.0004372,0.0000011,0.0000010
17975,0.0004371,0.0000011,0.0000010
17976,0.0004370,0.0000011,0.0000010
17977,0.0004369,0.0000011,0.0000010
17978,0.0004368,0.0000011,0.0000010
17979,0.0004367,0.0000011,0.0000010
17980,0.0004366,0.0000011,0.0000010
17981,0.0004365,0.0000011,0.0000010
17982,0.0004364,0.0000011,0.0000010
17983,0.0004363,0.0000011,0.0000010
17984,0.0004362,0.0000011,0.0000010
17985,0.0004360,0.0000011,0.0000010
17986,0.0004359,0.0000011,0.0000010
17987,0.0004358,0.0000011,0.0000010
17988,0.0004357,0.0000011,0.0000010
17989,0.0004356,0.0000011,0.0000010
17990,0.0004355,0.0000011,0.0000010
17991,0.0004354,0.0000011,0.0000010
17992,0.0004353,0.0000011,0.0000010
17993,0.0004352,0.0000011,0.0000010
17994,0.0004351,0.0000011,0.0000010
17995,0.0004350,0.0000011,0.0000010
17996,0.0004349,0.0000011,0.0000010
17997,0.0004347,0.0000011,0.0000010
17998,0.0004346,0.0000011,0.0000010
17999,0.0004345,0.0000011,0.0000010
18000,0.0004344,0.0000011,0.0000010
18001,0.0004343,0.0000011,0.0000010
18002,0.0004342,0.0000011,0.0000010
18003,0.0004341,0.0000011,0.0000010
18004,0.0004340,0.0000011,0.0000010
18005,0.0004339,0.0000011,0.0000010
18006,0.0004338,0.0000011,0.0000010
18007,0.0004337,0.0000011,0.0000010
18008,0.0004335,0.0000011,0.0000010
18009,0.0004334,0.0000011,0.0000010
18010,0.0004333,0.0000011,0.0000010
18011,0.0004332,0.0000011,0.0000010
18012,0.0004331,0.0000011,0.0000010
18013,0.0004330,0.0000011,0.0000010
18014,0.0004329,0.0000011,0.0000010
18015,0.0004328,0.0000011,0.0000010
18016,0.0004327,0.0000011,0.0000010
18017,0.0004326,0.0000011,0.0000010
18018,0.0004324,0.0000011,0.0000010
18019,0.0004323,0.0000011,0.0000010
18020,0.0004322,0.0000011,0.0000010
18021,0.0004321,0.0000011,0.0000010
18022,0.0004320,0.0000011,0.0000010
18023,0.0004319,0.0000011,0.0000010
18024,0.0004318,0.0000011,0.0000010
18025,0.0004317,0.0000011,0.0000010
18026,0.0004316,0.0000011,0.0000010
18027,0.0004315,0.0000011,0.0000010
18028,0.0004313,0.0000011,0.0000010
18029,0.0004312,0.0000011,0.0000010
18030,0.0004311,0.0000011,0.0000010
18031,0.0004310,0.0000011,0.0000010
18032,0.0004309,0.0000011,0.0000010
18033,0.0004308,0.0000011,0.0000010
18034,0.0004307,0.0000011,0.0000010
18035,0.0004306,0.0000011,0.0000010
18036,0.0004305,0.0000011,0.0000010
18037,0.0004304,0.0000011,0.0000010
18038,0.0004302,0.0000011,0.0000010
18039,0.0004301,0.0000011,0.0000010
18040,0.0004300,0.0000011,0.0000010
18041,0.0004299,0.0000011,0.0000010
18042,0.0004298,0.0000011,0.0000010
18043,0.0004297,0.0000011,0.0000010
18044,0.0004296,0.0000011,0.0000010
18045,0.0004295,0.0000011,0.0000010
18046,0.0004294,0.0000011,0.0000010
18047,0.0004293,0.0000011,0.0000010
18048,0.0004291,0.0000011,0.0000010
18049,0.0004290,0.0000011,0.0000010
18050,0.0004289,0.0000011,0.0000010
18051,0.0004288,0.0000011,0.0000010
18052,0.0004287,0.0000011,0.0000010
18053,0.0004286,0.0000011,0.0000010
18054,0.0004285,0.0000011,0.0000010
18055,0.0004284,0.0000011,0.0000010
18056,0.0004283,0.0000011,0.0000010
18057,0.0004282,0.0000011,0.0000010
18058,0.0004280,0.0000011,0.0000010
18059,0.0004279,0.0000011,0.0000010
18060,0.0004278,0.0000011,0.0000010
18061,0.0004277,0.0000011,0.0000010
18062,0.0004276,0.0000011,0.0000010
18063,0.0004275,0.0000011,0.0000010
18064,0.0004274,0.0000011,0.0000010
18065,0.0004273,0.0000011,0.0000010
18066,0.0004272,0.0000011,0.0000010
18067,0.0004270,0.0000011,0.0000010
18068,0.0004269,0.0000011,0.0000010
18069,0.0004268,0.0000011,0.0000010
18070,0.0004267,0.0000011,0.0000010
18071,0.0004266,0.0000011,0.0000010
18072,0.0004265,0.0000011,0.0000010
18073,0.0004264,0.0000011,0.0000010
18074,0.0004263,0.0000011,0.0000010
18075,0.0004262,0.0000011,0.0000010
18076,0.0004261,0.0000011,0.0000010
18077,0.0004259,0.0000011,0.0000010
18078,0.0004258,0.0000011,0.0000010
18079,0.0004257,0.0000011,0.0000010
18080,0.0004256,0.0000011,0.0000010
18081,0.0004255,0.0000011,0.0000010
18082,0.0004254,0.0000011,0.0000010
18083,0.0004253,0.0000011,0.0000010
18084,0.0004252,0.0000011,0.0000010
18085,0.0004251,0.0000011,0.0000010
18086,0.0004249,0.0000011,0.0000010
18087,0.0004248,0.0000011,0.0000010
18088,0.0004247,0.0000011,0.0000010
18089,0.0004246,0.0000011,0.0000010
18090,0.0004245,0.0000011,0.0000010
18091,0.0004244,0.0000011,0.0000010
18092,0.0004243,0.0000011,0.0000010
18093,0.0004242,0.0000011,0.0000010
18094,0.0004241,0.0000011,0.0000010
18095,0.0004239,0.0000011,0.0000010
18096,0.0004238,0.0000011,0.0000010
18097,0.0004237,0.0000011,0.0000010
18098,0.0004236,0.0000011,0.0000010
18099,0.0004235,0.0000011,0.0000010
18100,0.0004234,0.0000011,0.0000010
18101,0.0004233,0.0000011,0.0000010
18102,0.0004232,0.0000011,0.0000010
18103,0.0004231,0.0000011,0.0000010
18104,0.0004229,0.0000011,0.0000010
18105,0.0004228,0.0000011,0.0000010
18106,0.0004227,0.0000011,0.0000010
18107,0.0004226,0.0000011,0.0000010
18108,0.0004225,0.0000011,0.0000010
18109,0.0004224,0.0000011,0.0000010
18110,0.0004223,0.0000011,0.0000010
18111,0.0004222,0.0000011,0.0000010
18112,0.0004221,0.0000011,0.0000010
18113,0.0004219,0.0000011,0.0000010
18114,0.0004218,0.0000011,0.0000010
18115,0.0004217,0.0000011,0.0000010
18116,0.0004216,0.0000011,0.0000010
18117,0.0004215,0.0000011,0.0000010
18118,0.0004214,0.0000011,0.0000010
18119,0.0004213,0.0000011,0.0000010
18120,0.0004212,0.0000011,0.0000010
18121,0.0004211,0.0000011,0.0000010
18122,0.0004210,0.0000011,0.0000010
18123,0.0004208,0.0000011,0.0000010
18124,0.0004207,0.0000011,0.0000010
18125,0.0004206,0.0000011,0.0000010
18126,0.0004205,0.0000011,0.0000010
18127,0.0004204,0.0000011,0.0000010
18128,0.0004203,0.0000011,0.0000010
18129,0.0004202,0.0000011,0.0000010
18130,0.0004201,0.0000011,0.0000010
18131,0.0004200,0.0000011,0.0000010
18132,0.0004198,0.0000011,0.0000010
18133,0.0004197,0.0000011,0.0000010
18134,0.0004196,0.0000011,0.0000010
18135,0.0004195,0.0000011,0.0000010
18136,0.0004194,0.0000011,0.0000010
18137,0.0004193,0.0000011,0.0000010
18138,0.0004192,0.0000011,0.0000010
18139,0.0004191,0.0000011,0.0000010
18140,0.0004190,0.0000011,0.0000010
18141,0.0004188,0.0000011,0.0000010
18142,0.0004187,0.0000011,0.0000010
18143,0.0004186,0.0000011,0.0000010
18144,0.0004185,0.0000011,0.0000010
18145,0.0004184,0.0000011,0.0000010
18146,0.0004183,0.0000011,0.0000010
18147,0.0004182,0.0000011,0.0000010
18148,0.0004181,0.0000011,0.0000010
18149,0.0004180,0.0000011,0.0000010
18150,0.0004179,0.0000011,0.0000010
18151,0.0004177,0.0000011,0.0000010
18152,0.0004176,0.0000011,0.0000010
18153,0.0004175,0.0000011,0.0000010
18154,0.0004174,0.0000011,0.0000010
18155,0.0004173,0.0000011,0.0000010
18156,0.0004172,0.0000011,0.0000010
18157,0.0004171,0.0000011,0.0000010
18158,0.0004170,0.0000011,0.0000010
18159,0.0004169,0.0000011,0.0000010
18160,0.0004167,0.0000011,0.0000010
18161,0.0004166,0.0000011,0.0000010
18162,0.0004165,0.0000011,0.0000010
18163,0.0004164,0.0000011,0.0000010
18164,0.0004163,0.0000011,0.0000010
18165,0.0004162,0.0000011,0.0000010
18166,0.0004161,0.0000011,0.0000010
18167,0.0004160,0.0000011,0.0000010
18168,0.0004159,0.0000011,0.0000010
18169,0.0004158,0.0000011,0.0000010
18170,0.0004156,0.0000011,0.0000010
18171,0.0004155,0.0000011,0.0000010
18172,0.0004154,0.0000011,0.0000010
18173,0.0004153,0.0000011,0.0000010
18174,0.0004152,0.0000011,0.0000010
18175,0.0004151,0.0000011,0.0000010
18176,0.0004150,0.0000011,0.0000010
18177,0.0004149,0.0000011,0.0000010
18178,0.0004148,0.0000011,0.0000010
18179,0.0004147,0.0000011,0.0000010
18180,0.0004145,0.0000011,0.0000010
18181,0.0004144,0.0000011,0.0000010
18182,0.0004143,0.0000011,0.0000010
18183,0.0004142,0.0000011,0.0000010
18184,0.0004141,0.0000011,0.0000010
18185,0.0004140,0.0000011,0.0000010
18186,0.0004139,0.0000011,0.0000010
18187,0.0004138,0.0000011,0.0000010
18188,0.0004137,0.0000011,0.0000010
18189,0.0004136,0.0000011,0.0000010
18190,0.0004135,0.0000011,0.0000010
18191,0.0004133,0.0000011,0.0000010
18192,0.0004132,0.0000011,0.0000010
18193,0.0004131,0.0000011,0.0000010
18194,0.0004130,0.0000011,0.0000010
18195,0.0004129,0.0000011,0.0000010
18196,0.0004128,0.0000011,0.0000009
18197,0.0004127,0.0000011,0.0000009
18198,0.0004126,0.0000011,0.0000009
18199,0.0004125,0.0000011,0.0000009
18200,0.0004124,0.0000011,0.0000009
18201,0.0004123,0.0000011,0.0000009
18202,0.0004121,0.0000011,0.0000009
18203,0.0004120,0.0000011,0.0000009
18204,0.0004119,0.0000011,0.0000009
18205,0.0004118,0.0000011,0.0000009
18206,0.0004117,0.0000011,0.0000009
18207,0.0004116,0.0000011,0.0000009
18208,0.0004115,0.0000011,0.0000009
18209,0.0004114,0.0000011,0.0000009
18210,0.0004113,0.0000011,0.0000009
18211,0.0004112,0.0000011,0.0000009
18212,0.0004111,0.0000011,0.0000009
18213,0.0004109,0.0000011,0.0000009
18214,0.0004108,0.0000011,0.0000009
18215,0.0004107,0.0000011,0.0000009
18216,0.0004106,0.0000011,0.0000009
18217,0.0004105,0.0000011,0.0000009
18218,0.0004104,0.0000011,0.0000009
18219,0.0004103,0.0000011,0.0000009
18220,0.0004102,0.0000011,0.0000009
18221,0.0004101,0.0000011,0.0000009
18222,0.0004100,0.0000011,0.0000009
18223,0.0004099,0.0000011,0.0000009
18224,0.0004098,0.0000011,0.0000009
18225,0.0004096,0.0000011,0.0000009
18226,0.0004095,0.0000011,0.0000009
18227,0.0004094,0.0000011,0.0000009
18228,0.0004093,0.0000011,0.0000009
18229,0.0004092,0.0000011,0.0000009
18230,0.0004091,0.0000011,0.0000009
18231,0.0004090,0.0000011,0.0000009
18232,0.0004089,0.0000011,0.0000009
18233,0.0004088,0.0000011,0.0000009
18234,0.0004087,0.0000011,0.0000009
18235,0.0004086,0.0000011,0.0000009
18236,0.0004085,0.0000011,0.0000009
18237,0.0004084,0.0000011,0.0000009
18238,0.0004082,0.0000011,0.0000009
18239,0.0004081,0.0000011,0.0000009
18240,0.0004080,0.0000011,0.0000009
18241,0.0004079,0.0000011,0.0000009
18242,0.0004078,0.0000011,0.0000009
18243,0.0004077,0.0000011,0.0000009
18244,0.0004076,0.0000011,0.0000009
18245,0.0004075,0.0000011,0.0000009
18246,0.0004074,0.0000011,0.0000009
18247,0.0004073,0.0000011,0.0000009
18248,0.0004072,0.0000011,0.0000009
18249,0.0004071,0.0000011,0.0000009
18250,0.0004070,0.0000011,0.0000009
18251,0.0004069,0.0000011,0.0000009
18252,0.0004068,0.0000011,0.0000009
18253,0.0004066,0.0000011,0.0000009
18254,0.0004065,0.0000011,0.0000009
18255,0.0004064,0.0000011,0.0000009
18256,0.0004063,0.0000011,0.0000009
18257,0.0004062,0.0000011,0.0000009
18258,0.0004061,0.0000011,0.0000009
18259,0.0004060,0.0000011,0.0000009
18260,0.0004059,0.0000011,0.0000009
18261,0.0004058,0.0000011,0.0000009
18262,0.0004057,0.0000011,0.0000009
18263,0.0004056,0.0000011,0.0000009
18264,0.0004055,0.0000011,0.0000009
18265,0.0004054,0.0000011,0.0000009
18266,0.0004053,0.0000011,0.0000009
18267,0.0004052,0.0000011,0.0000009
18268,0.0004051,0.0000011,0.0000009
18269,0.0004050,0.0000011,0.0000009
18270,0.0004048,0.0000011,0.0000009
18271,0.0004047,0.0000011,0.0000009
18272,0.0004046,0.0000011,0.0000009
18273,0.0004045,0.0000011,0.0000009
18274,0.0004044,0.0000011,0.0000009
18275,0.0004043,0.0000011,0.0000009
18276,0.0004042,0.0000011,0.0000009
18277,0.0004041,0.0000011,0.0000009
18278,0.0004040,0.0000011,0.0000009
18279,0.0004039,0.0000011,0.0000009
18280,0.0004038,0.0000011,0.0000009
18281,0.0004037,0.0000011,0.0000009
18282,0.0004036,0.0000011,0.0000009
18283,0.0004035,0.0000011,0.0000009
18284,0.0004034,0.0000011,0.0000009
18285,0.0004033,0.0000011,0.0000009
18286,0.0004032,0.0000011,0.0000009
18287,0.0004031,0.0000011,0.0000009
18288,0.0004030,0.0000011,0.0000009
18289,0.0004029,0.0000011,0.0000009
18290,0.0004028,0.0000011,0.0000009
18291,0.0004027,0.0000011,0.0000009
18292,0.0004026,0.0000011,0.0000009
18293,0.0004024,0.0000011,0.0000009
18294,0.0004023,0.0000011,0.0000009
18295,0.0004022,0.0000011,0.0000009
18296,0.0004021,0.0000011,0.0000009
18297,0.0004020,0.0000011,0.0000009
18298,0.0004019,0.0000011,0.0000009
18299,0.0004018,0.0000011,0.0000009
18300,0.0004017,0.0000011,0.0000009
18301,0.0004016,0.0000011,0.0000009
18302,0.0004015,0.0000011,0.0000009
18303,0.0004014,0.0000011,0.0000009
18304,0.0004013,0.0000011,0.0000009
18305,0.0004012,0.0000011,0.0000009
18306,0.0004011,0.0000011,0.0000009
18307,0.0004010,0.0000011,0.0000009
18308,0.0004009,0.0000011,0.0000009
18309,0.0004008,0.0000011,0.0000009
18310,0.0004007,0.0000011,0.0000009
18311,0.0004006,0.0000011,0.0000009
18312,0.0004005,0.0000011,0.0000009
18313,0.0004004,0.0000011,0.0000009
18314,0.0004003,0.0000011,0.0000009
18315,0.0004002,0.0000011,0.0000009
18316,0.0004001,0.0000011,0.0000009
18317,0.0004000,0.0000011,0.0000009
18318,0.0003999,0.0000011,0.0000009
18319,0.0003998,0.0000011,0.0000009
18320,0.0003997,0.0000011,0.0000009
18321,0.0003996,0.0000011,0.0000009
18322,0.0003995,0.0000011,0.0000009
18323,0.0003994,0.0000011,0.0000009
18324,0.0003993,0.0000011,0.0000009
18325,0.0003992,0.0000011,0.0000009
18326,0.0003991,0.0000011,0.0000009
18327,0.0003990,0.0000011,0.0000009
18328,0.0003989,0.0000011,0.0000009
18329,0.0003988,0.0000011,0.0000009
18330,0.0003987,0.0000011,0.0000009
18331,0.0003986,0.0000011,0.0000009
18332,0.0003985,0.0000011,0.0000009
18333,0.0003984,0.0000011,0.0000009
18334,0.0003983,0.0000011,0.0000009
18335,0.0003982,0.0000011,0.0000009
18336,0.0003981,0.0000011,0.0000009
18337,0.0003980,0.0000011,0.0000009
18338,0.0003979,0.0000011,0.0000009
18339,0.0003978,0.0000011,0.0000009
18340,0.0003977,0.0000011,0.0000009
18341,0.0003976,0.0000011,0.0000009
18342,0.0003975,0.0000011,0.0000009
18343,0.0003974,0.0000011,0.0000009
18344,0.0003973,0.0000011,0.0000009
18345,0.0003972,0.0000011,0.0000009
18346,0.0003971,0.0000011,0.0000009
18347,0.0003970,0.0000011,0.0000009
18348,0.0003969,0.0000011,0.0000009
18349,0.0003968,0.0000011,0.0000009
18350,0.0003967,0.0000011,0.0000009
18351,0.0003966,0.0000011,0.0000009
18352,0.0003965,0.0000011,0.0000009
18353,0.0003964,0.0000011,0.0000009
18354,0.0003963,0.0000011,0.0000009
18355,0.0003962,0.0000011,0.0000009
18356,0.0003961,0.0000011,0.0000009
18357,0.0003960,0.0000011,0.0000009
18358,0.0003959,0.0000011,0.0000009
18359,0.0003958,0.0000011,0.0000009
18360,0.0003957,0.0000011,0.0000009
18361,0.0003956,0.0000011,0.0000009
18362,0.0003955,0.0000011,0.0000009
18363,0.0003954,0.0000011,0.0000009
18364,0.0003953,0.0000011,0.0000009
18365,0.0003952,0.0000011,0.0000009
18366,0.0003951,0.0000011,0.0000009
18367,0.0003950,0.0000011,0.0000009
18368,0.0003949,0.0000011,0.0000009
18369,0.0003948,0.0000011,0.0000009
18370,0.0003947,0.0000011,0.0000009
18371,0.0003946,0.0000011,0.0000009
18372,0.0003946,0.0000011,0.0000009
18373,0.0003945,0.0000011,0.0000009
18374,0.0003944,0.0000011,0.0000009
18375,0.0003943,0.0000011,0.0000009
18376,0.0003942,0.0000011,0.0000009
18377,0.0003941,0.0000011,0.0000009
18378,0.0003940,0.0000011,0.0000009
18379,0.0003939,0.0000011,0.0000009
18380,0.0003938,0.0000011,0.0000009
18381,0.0003937,0.0000011,0.0000009
18382,0.0003936,0.0000011,0.0000009
18383,0.0003935,0.0000011,0.0000009
18384,0.0003934,0.0000011,0.0000009
18385,0.0003933,0.0000011,0.0000009
18386,0.0003932,0.0000011,0.0000009
18387,0.0003931,0.0000011,0.0000009
18388,0.0003930,0.0000011,0.0000009
18389,0.0003929,0.0000011,0.0000009
18390,0.0003928,0.0000011,0.0000009
18391,0.0003927,0.0000011,0.0000009
18392,0.0003927,0.0000011,0.0000009
18393,0.0003926,0.0000011,0.0000009
18394,0.0003925,0.0000011,0.0000009
18395,0.0003924,0.0000011,0.0000009
18396,0.0003923,0.0000011,0.0000009
18397,0.0003922,0.0000011,0.0000009
18398,0.0003921,0.0000011,0.0000009
18399,0.0003920,0.0000011,0.0000009
18400,0.0003919,0.0000011,0.0000009
18401,0.0003918,0.0000011,0.0000009
18402,0.0003917,0.0000011,0.0000009
18403,0.0003916,0.0000011,0.0000009
18404,0.0003915,0.0000011,0.0000009
18405,0.0003914,0.0000011,0.0000009
18406,0.0003914,0.0000011,0.0000009
18407,0.0003913,0.0000011,0.0000009
18408,0.0003912,0.0000011,0.0000009
18409,0.0003911,0.0000011,0.0000009
18410,0.0003910,0.0000011,0.0000009
18411,0.0003909,0.0000011,0.0000009
18412,0.0003908,0.0000011,0.0000009
18413,0.0003907,0.0000011,0.0000009
18414,0.0003906,0.0000011,0.0000009
18415,0.0003905,0.0000011,0.0000009
18416,0.0003904,0.0000011,0.0000009
18417,0.0003904,0.0000011,0.0000009
18418,0.0003903,0.0000011,0.0000009
18419,0.0003902,0.0000011,0.0000009
18420,0.0003901,0.0000011,0.0000009
18421,0.0003900,0.0000011,0.0000009
18422,0.0003899,0.0000011,0.0000009
18423,0.0003898,0.0000011,0.0000009
18424,0.0003897,0.0000011,0.0000009
18425,0.0003896,0.0000011,0.0000009
18426,0.0003895,0.0000011,0.0000009
18427,0.0003895,0.0000011,0.0000009
18428,0.0003894,0.0000011,0.0000009
18429,0.0003893,0.0000011,0.0000009
18430,0.0003892,0.0000011,0.0000009
18431,0.0003891,0.0000011,0.0000009
18432,0.0003890,0.0000011,0.0000009
18433,0.0003889,0.0000011,0.0000009
18434,0.0003888,0.0000011,0.0000009
18435,0.0003887,0.0000011,0.0000009
18436,0.0003887,0.0000011,0.0000009
18437,0.0003886,0.0000011,0.0000009
18438,0.0003885,0.0000011,0.0000009
18439,0.0003884,0.0000011,0.0000009
18440,0.0003883,0.0000011,0.0000009
18441,0.0003882,0.0000011,0.0000009
18442,0.0003881,0.0000011,0.0000009
18443,0.0003880,0.0000011,0.0000009
18444,0.0003880,0.0000011,0.0000009
18445,0.0003879,0.0000011,0.0000009
18446,0.0003878,0.0000011,0.0000009
18447,0.0003877,0.0000011,0.0000009
18448,0.0003876,0.0000011,0.0000009
18449,0.0003875,0.0000011,0.0000009
18450,0.0003874,0.0000011,0.0000009
18451,0.0003874,0.0000011,0.0000009
18452,0.0003873,0.0000011,0.0000009
18453,0.0003872,0.0000011,0.0000009
18454,0.0003871,0.0000011,0.0000009
18455,0.0003870,0.0000011,0.0000009
18456,0.0003869,0.0000011,0.0000009
18457,0.0003868,0.0000011,0.0000009
18458,0.0003868,0.0000011,0.0000009
18459,0.0003867,0.0000011,0.0000009
18460,0.0003866,0.0000011,0.0000009
18461,0.0003865,0.0000011,0.0000009
18462,0.0003864,0.0000011,0.0000009
18463,0.0003863,0.0000011,0.0000009
18464,0.0003863,0.0000011,0.0000009
18465,0.0003862,0.0000011,0.0000009
18466,0.0003861,0.0000011,0.0000009
18467,0.0003860,0.0000011,0.0000009
18468,0.0003859,0.0000011,0.0000009
18469,0.0003858,0.0000011,0.0000009
18470,0.0003858,0.0000011,0.0000009
18471,0.0003857,0.0000011,0.0000009
18472,0.0003856,0.0000011,0.0000009
18473,0.0003855,0.0000011,0.0000009
18474,0.0003854,0.0000011,0.0000009
18475,0.0003853,0.0000011,0.0000009
18476,0.0003853,0.0000011,0.0000009
18477,0.0003852,0.0000011,0.0000009
18478,0.0003851,0.0000011,0.0000009
18479,0.0003850,0.0000011,0.0000009
18480,0.0003849,0.0000011,0.0000009
18481,0.0003848,0.0000011,0.0000009
18482,0.0003848,0.0000011,0.0000009
18483,0.0003847,0.0000011,0.0000009
18484,0.0003846,0.0000011,0.0000009
18485,0.0003845,0.0000011,0.0000009
18486,0.0003844,0.0000011,0.0000009
18487,0.0003844,0.0000011,0.0000009
18488,0.0003843,0.0000011,0.0000009
18489,0.0003842,0.0000011,0.0000009
18490,0.0003841,0.0000011,0.0000009
18491,0.0003840,0.0000011,0.0000009
18492,0.0003840,0.0000011,0.0000009
18493,0.0003839,0.0000011,0.0000009
18494,0.0003838,0.0000011,0.0000009
18495,0.0003837,0.0000011,0.0000009
18496,0.0003836,0.0000011,0.0000009
18497,0.0003836,0.0000011,0.0000009
18498,0.0003835,0.0000011,0.0000009
18499,0.0003834,0.0000011,0.0000009
18500,0.0003833,0.0000010,0.0000009
18501,0.0003832,0.0000010,0.0000009
18502,0.0003832,0.0000010,0.0000009
18503,0.0003831,0.0000010,0.0000009
18504,0.0003830,0.0000010,0.0000009
18505,0.0003829,0.0000010,0.0000009
18506,0.0003829,0.0000010,0.0000009
18507,0.0003828,0.0000010,0.0000009
18508,0.0003827,0.0000010,0.0000009
18509,0.0003826,0.0000010,0.0000009
18510,0.0003825,0.0000010,0.0000009
18511,0.0003825,0.0000010,0.0000009
18512,0.0003824,0.0000010,0.0000009
18513,0.0003823,0.0000010,0.0000009
18514,0.0003822,0.0000010,0.0000009
18515,0.0003822,0.0000010,0.0000009
18516,0.0003821,0.0000010,0.0000009
18517,0.0003820,0.0000010,0.0000009
18518,0.0003819,0.0000010,0.0000009
18519,0.0003819,0.0000010,0.0000009
18520,0.0003818,0.0000010,0.0000009
18521,0.0003817,0.0000010,0.0000009
18522,0.0003816,0.0000010,0.0000009
18523,0.0003816,0.0000010,0.0000009
18524,0.0003815,0.0000010,0.0000009
18525,0.0003814,0.0000010,0.0000009
18526,0.0003813,0.0000010,0.0000009
18527,0.0003813,0.0000010,0.0000009
18528,0.0003812,0.0000010,0.0000009
18529,0.0003811,0.0000010,0.0000009
18530,0.0003810,0.0000010,0.0000009
18531,0.0003810,0.0000010,0.0000009
18532,0.0003809,0.0000010,0.0000009
18533,0.0003808,0.0000010,0.0000009
18534,0.0003807,0.0000010,0.0000009
18535,0.0003807,0.0000010,0.0000009
18536,0.0003806,0.0000010,0.0000009
18537,0.0003805,0.0000010,0.0000009
18538,0.0003804,0.0000010,0.0000009
18539,0.0003804,0.0000010,0.0000009
18540,0.0003803,0.0000010,0.0000009
18541,0.0003802,0.0000010,0.0000009
18542,0.0003802,0.0000010,0.0000009
18543,0.0003801,0.0000010,0.0000009
18544,0.0003800,0.0000010,0.0000009
18545,0.0003799,0.0000010,0.0000009
18546,0.0003799,0.0000010,0.0000009
18547,0.0003798,0.0000010,0.0000009
18548,0.0003797,0.0000010,0.0000009
18549,0.0003797,0.0000010,0.0000009
18550,0.0003796,0.0000010,0.0000009
18551,0.0003795,0.0000010,0.0000009
18552,0.0003794,0.0000010,0.0000009
18553,0.0003794,0.0000010,0.0000009
18554,0.0003793,0.0000010,0.0000009
18555,0.0003792,0.0000010,0.0000009
18556,0.0003792,0.0000010,0.0000009
18557,0.0003791,0.0000010,0.0000009
18558,0.0003790,0.0000010,0.0000009
18559,0.0003790,0.0000010,0.0000009
18560,0.0003789,0.0000010,0.0000009
18561,0.0003788,0.0000010,0.0000009
18562,0.0003788,0.0000010,0.0000009
18563,0.0003787,0.0000010,0.0000009
18564,0.0003786,0.0000010,0.0000009
18565,0.0003785,0.0000010,0.0000009
18566,0.0003785,0.0000010,0.0000009
18567,0.0003784,0.0000010,0.0000009
18568,0.0003783,0.0000010,0.0000009
18569,0.0003783,0.0000010,0.0000009
18570,0.0003782,0.0000010,0.0000009
18571,0.0003781,0.0000010,0.0000009
18572,0.0003781,0.0000010,0.0000009
18573,0.0003780,0.0000010,0.0000009
18574,0.0003779,0.0000010,0.0000009
18575,0.0003779,0.0000010,0.0000009
18576,0.0003778,0.0000010,0.0000009
18577,0.0003777,0.0000010,0.0000009
18578,0.0003777,0.0000010,0.0000009
18579,0.0003776,0.0000010,0.0000009
18580,0.0003775,0.0000010,0.0000009
18581,0.0003775,0.0000010,0.0000009
18582,0.0003774,0.0000010,0.0000009
18583,0.0003774,0.0000010,0.0000009
18584,0.0003773,0.0000010,0.0000009
18585,0.0003772,0.0000010,0.0000009
18586,0.0003772,0.0000010,0.0000009
18587,0.0003771,0.0000010,0.0000009
18588,0.0003770,0.0000010,0.0000009
18589,0.0003770,0.0000010,0.0000009
18590,0.0003769,0.0000010,0.0000009
18591,0.0003768,0.0000010,0.0000009
18592,0.0003768,0.0000010,0.0000009
18593,0.0003767,0.0000010,0.0000009
18594,0.0003766,0.0000010,0.0000009
18595,0.0003766,0.0000010,0.0000009
18596,0.0003765,0.0000010,0.0000009
18597,0.0003765,0.0000010,0.0000009
18598,0.0003764,0.0000010,0.0000009
18599,0.0003763,0.0000010,0.0000009
18600,0.0003763,0.0000010,0.0000009
18601,0.0003762,0.0000010,0.0000009
18602,0.0003761,0.0000010,0.0000009
18603,0.0003761,0.0000010,0.0000009
18604,0.0003760,0.0000010,0.0000009
18605,0.0003760,0.0000010,0.0000009
18606,0.0003759,0.0000010,0.0000009
18607,0.0003758,0.0000010,0.0000009
18608,0.0003758,0.0000010,0.0000009
18609,0.0003757,0.0000010,0.0000009
18610,0.0003757,0.0000010,0.0000009
18611,0.0003756,0.0000010,0.0000009
18612,0.0003755,0.0000010,0.0000009
18613,0.0003755,0.0000010,0.0000009
18614,0.0003754,0.0000010,0.0000009
18615,0.0003754,0.0000010,0.0000009
18616,0.0003753,0.0000010,0.0000009
18617,0.0003752,0.0000010,0.0000009
18618,0.0003752,0.0000010,0.0000009
18619,0.0003751,0.0000010,0.0000009
18620,0.0003751,0.0000010,0.0000009
18621,0.0003750,0.0000010,0.0000009
18622,0.0003749,0.0000010,0.0000009
18623,0.0003749,0.0000010,0.0000009
18624,0.0003748,0.0000010,0.0000009
18625,0.0003748,0.0000010,0.0000009
18626,0.0003747,0.0000010,0.0000009
18627,0.0003747,0.0000010,0.0000009
18628,0.0003746,0.0000010,0.0000009
18629,0.0003745,0.0000010,0.0000009
18630,0.0003745,0.0000010,0.0000009
18631,0.0003744,0.0000010,0.0000009
18632,0.0003744,0.0000010,0.0000009
18633,0.0003743,0.0000010,0.0000009
18634,0.0003743,0.0000010,0.0000009
18635,0.0003742,0.0000010,0.0000009
18636,0.0003741,0.0000010,0.0000009
18637,0.0003741,0.0000010,0.0000009
18638,0.0003740,0.0000010,0.0000009
18639,0.0003740,0.0000010,0.0000009
18640,0.0003739,0.0000010,0.0000009
18641,0.0003739,0.0000010,0.0000009
18642,0.0003738,0.0000010,0.0000009
18643,0.0003738,0.0000010,0.0000009
18644,0.0003737,0.0000010,0.0000009
18645,0.0003736,0.0000010,0.0000009
18646,0.0003736,0.0000010,0.0000009
18647,0.0003735,0.0000010,0.0000009
18648,0.0003735,0.0000010,0.0000009
18649,0.0003734,0.0000010,0.0000009
18650,0.0003734,0.0000010,0.0000009
18651,0.0003733,0.0000010,0.0000010
18652,0.0003733,0.0000010,0.0000010
18653,0.0003732,0.0000010,0.0000010
18654,0.0003732,0.0000010,0.0000010
18655,0.0003731,0.0000010,0.0000010
18656,0.0003731,0.0000010,0.0000010
18657,0.0003730,0.0000010,0.0000010
18658,0.0003730,0.0000010,0.0000010
18659,0.0003729,0.0000010,0.0000010
18660,0.0003728,0.0000010,0.0000010
18661,0.0003728,0.0000010,0.0000010
18662,0.0003727,0.0000010,0.0000010
18663,0.0003727,0.0000010,0.0000010
18664,0.0003726,0.0000010,0.0000010
18665,0.0003726,0.0000010,0.0000010
18666,0.0003725,0.0000010,0.0000010
18667,0.0003725,0.0000010,0.0000010
18668,0.0003724,0.0000010,0.0000010
18669,0.0003724,0.0000010,0.0000010
18670,0.0003723,0.0000010,0.0000010
18671,0.0003723,0.0000010,0.0000010
18672,0.0003722,0.0000010,0.0000010
18673,0.0003722,0.0000010,0.0000010
18674,0.0003721,0.0000010,0.0000010
18675,0.0003721,0.0000010,0.0000010
18676,0.0003720,0.0000010,0.0000010
18677,0.0003720,0.0000010,0.0000010
18678,0.0003719,0.0000010,0.0000010
18679,0.0003719,0.0000010,0.0000010
18680,0.0003718,0.0000010,0.0000010
18681,0.0003718,0.0000010,0.0000010
18682,0.0003717,0.0000010,0.0000010
18683,0.0003717,0.0000010,0.0000010
18684,0.0003717,0.0000010,0.0000010
18685,0.0003716,0.0000010,0.0000010
18686,0.0003716,0.0000010,0.0000010
18687,0.0003715,0.0000010,0.0000010
18688,0.0003715,0.0000010,0.0000010
18689,0.0003714,0.0000010,0.0000010
18690,0.0003714,0.0000010,0.0000010
18691,0.0003713,0.0000010,0.0000010
18692,0.0003713,0.0000010,0.0000010
18693,0.0003712,0.0000010,0.0000010
18694,0.0003712,0.0000010,0.0000010
18695,0.0003711,0.0000010,0.0000010
18696,0.0003711,0.0000010,0.0000010
18697,0.0003710,0.0000010,0.0000010
18698,0.0003710,0.0000010,0.0000010
18699,0.0003710,0.0000010,0.0000010
18700,0.0003709,0.0000010,0.0000010
18701,0.0003709,0.0000010,0.0000010
18702,0.0003708,0.0000010,0.0000010
18703,0.0003708,0.0000010,0.0000010
18704,0.0003707,0.0000010,0.0000010
18705,0.0003707,0.0000010,0.0000010
18706,0.0003706,0.0000010,0.0000010
18707,0.0003706,0.0000010,0.0000010
18708,0.0003706,0.0000010,0.0000010
18709,0.0003705,0.0000010,0.0000010
18710,0.0003705,0.0000010,0.0000010
18711,0.0003704,0.0000010,0.0000010
18712,0.0003704,0.0000010,0.0000010
18713,0.0003703,0.0000010,0.0000010
18714,0.0003703,0.0000010,0.0000010
18715,0.0003703,0.0000010,0.0000010
18716,0.0003702,0.0000010,0.0000010
18717,0.0003702,0.0000010,0.0000010
18718,0.0003701,0.0000010,0.0000010
18719,0.0003701,0.0000010,0.0000010
18720,0.0003700,0.0000010,0.0000010
18721,0.0003700,0.0000010,0.0000010
18722,0.0003700,0.0000010,0.0000010
18723,0.0003699,0.0000010,0.0000010
18724,0.0003699,0.0000010,0.0000010
18725,0.0003698,0.0000010,0.0000010
18726,0.0003698,0.0000010,0.0000010
18727,0.0003698,0.0000010,0.0000010
18728,0.0003697,0.0000010,0.0000010
18729,0.0003697,0.0000010,0.0000010
18730,0.0003696,0.0000010,0.0000010
18731,0.0003696,0.0000010,0.0000010
18732,0.0003696,0.0000010,0.0000010
18733,0.0003695,0.0000010,0.0000010
18734,0.0003695,0.0000010,0.0000010
18735,0.0003694,0.0000010,0.0000010
18736,0.0003694,0.0000010,0.0000010
18737,0.0003694,0.0000010,0.0000010
18738,0.0003693,0.0000010,0.0000010
18739,0.0003693,0.0000010,0.0000010
18740,0.0003692,0.0000010,0.0000010
18741,0.0003692,0.0000010,0.0000010
18742,0.0003692,0.0000010,0.0000010
18743,0.0003691,0.0000010,0.0000010
18744,0.0003691,0.0000010,0.0000010
18745,0.0003691,0.0000010,0.0000010
18746,0.0003690,0.0000010,0.0000010
18747,0.0003690,0.0000010,0.0000010
18748,0.0003689,0.0000010,0.0000010
18749,0.0003689,0.0000010,0.0000010
18750,0.0003689,0.0000010,0.0000010
18751,0.0003688,0.0000010,0.0000010
18752,0.0003688,0.0000010,0.0000010
18753,0.0003688,0.0000010,0.0000010
18754,0.0003687,0.0000010,0.0000010
18755,0.0003687,0.0000010,0.0000010
18756,0.0003687,0.0000010,0.0000010
18757,0.0003686,0.0000010,0.0000010
18758,0.0003686,0.0000010,0.0000010
18759,0.0003686,0.0000010,0.0000010
18760,0.0003685,0.0000010,0.0000010
18761,0.0003685,0.0000010,0.0000010
18762,0.0003684,0.0000010,0.0000010
18763,0.0003684,0.0000010,0.0000010
18764,0.0003684,0.0000010,0.0000010
18765,0.0003683,0.0000010,0.0000010
18766,0.0003683,0.0000010,0.0000010
18767,0.0003683,0.0000010,0.0000010
18768,0.0003682,0.0000010,0.0000010
18769,0.0003682,0.0000010,0.0000010
18770,0.0003682,0.0000010,0.0000010
18771,0.0003681,0.0000010,0.0000010
18772,0.0003681,0.0000010,0.0000010
18773,0.0003681,0.0000010,0.0000010
18774,0.0003680,0.0000010,0.0000010
18775,0.0003680,0.0000010,0.0000010
18776,0.0003680,0.0000010,0.0000010
18777,0.0003679,0.0000010,0.0000010
18778,0.0003679,0.0000010,0.0000010
18779,0.0003679,0.0000010,0.0000010
18780,0.0003678,0.0000010,0.0000010
18781,0.0003678,0.0000010,0.0000010
18782,0.0003678,0.0000010,0.0000010
18783,0.0003678,0.0000010,0.0000010
18784,0.0003677,0.0000010,0.0000010
18785,0.0003677,0.0000010,0.0000010
18786,0.0003677,0.0000010,0.0000010
18787,0.0003676,0.0000010,0.0000010
18788,0.0003676,0.0000010,0.0000010
18789,0.0003676,0.0000010,0.0000010
18790,0.0003675,0.0000010,0.0000010
18791,0.0003675,0.0000010,0.0000010
18792,0.0003675,0.0000010,0.0000010
18793,0.0003674,0.0000010,0.0000010
18794,0.0003674,0.0000010,0.0000010
18795,0.0003674,0.0000010,0.0000010
18796,0.0003674,0.0000010,0.0000010
18797,0.0003673,0.0000010,0.0000010
18798,0.0003673,0.0000010,0.0000010
18799,0.0003673,0.0000010,0.0000010
18800,0.0003672,0.0000010,0.0000010
18801,0.0003672,0.0000010,0.0000010
18802,0.0003672,0.0000010,0.0000010
18803,0.0003672,0.0000010,0.0000010
18804,0.0003671,0.0000010,0.0000010
18805,0.0003671,0.0000010,0.0000010
18806,0.0003671,0.0000010,0.0000010
18807,0.0003670,0.0000010,0.0000010
18808,0.0003670,0.0000010,0.0000010
18809,0.0003670,0.0000010,0.0000010
18810,0.0003670,0.0000010,0.0000010
18811,0.0003669,0.0000010,0.0000010
18812,0.0003669,0.0000010,0.0000010
18813,0.0003669,0.0000010,0.0000010
18814,0.0003669,0.0000010,0.0000010
18815,0.0003668,0.0000010,0.0000010
18816,0.0003668,0.0000010,0.0000010
18817,0.0003668,0.0000010,0.0000010
18818,0.0003667,0.0000010,0.0000010
18819,0.0003667,0.0000010,0.0000010
18820,0.0003667,0.0000010,0.0000010
18821,0.0003667,0.0000010,0.0000010
18822,0.0003666,0.0000010,0.0000010
18823,0.0003666,0.0000010,0.0000010
18824,0.0003666,0.0000010,0.0000010
18825,0.0003666,0.0000010,0.0000010
18826,0.0003665,0.0000010,0.0000010
18827,0.0003665,0.0000010,0.0000010
18828,0.0003665,0.0000010,0.0000010
18829,0.0003665,0.0000010,0.0000010
18830,0.0003664,0.0000010,0.0000010
18831,0.0003664,0.0000010,0.0000010
18832,0.0003664,0.0000010,0.0000010
18833,0.0003664,0.0000010,0.0000010
18834,0.0003663,0.0000010,0.0000010
18835,0.0003663,0.0000010,0.0000010
18836,0.0003663,0.0000010,0.0000010
18837,0.0003663,0.0000010,0.0000010
18838,0.0003663,0.0000010,0.0000010
18839,0.0003662,0.0000010,0.0000010
18840,0.0003662,0.0000010,0.0000010
18841,0.0003662,0.0000010,0.0000010
18842,0.0003662,0.0000010,0.0000010
18843,0.0003661,0.0000010,0.0000010
18844,0.0003661,0.0000010,0.0000010
18845,0.0003661,0.0000010,0.0000010
18846,0.0003661,0.0000010,0.0000010
18847,0.0003661,0.0000010,0.0000010
18848,0.0003660,0.0000010,0.0000010
18849,0.0003660,0.0000010,0.0000010
18850,0.0003660,0.0000010,0.0000010
18851,0.0003660,0.0000010,0.0000010
18852,0.0003659,0.0000010,0.0000010
18853,0.0003659,0.0000010,0.0000010
18854,0.0003659,0.0000010,0.0000010
18855,0.0003659,0.0000010,0.0000010
18856,0.0003659,0.0000010,0.0000010
18857,0.0003658,0.0000010,0.0000010
18858,0.0003658,0.0000010,0.0000010
18859,0.0003658,0.0000010,0.0000010
18860,0.0003658,0.0000010,0.0000010
18861,0.0003658,0.0000010,0.0000010
18862,0.0003657,0.0000010,0.0000010
18863,0.0003657,0.0000010,0.0000010
18864,0.0003657,0.0000010,0.0000010
18865,0.0003657,0.0000010,0.0000010
18866,0.0003657,0.0000010,0.0000010
18867,0.0003656,0.0000010,0.0000010
18868,0.0003656,0.0000010,0.0000010
18869,0.0003656,0.0000010,0.0000010
18870,0.0003656,0.0000010,0.0000010
18871,0.0003656,0.0000010,0.0000010
18872,0.0003655,0.0000010,0.0000010
18873,0.0003655,0.0000010,0.0000010
18874,0.0003655,0.0000010,0.0000010
18875,0.0003655,0.0000010,0.0000010
18876,0.0003655,0.0000010,0.0000010
18877,0.0003655,0.0000010,0.0000010
18878,0.0003654,0.0000010,0.0000010
18879,0.0003654,0.0000010,0.0000010
18880,0.0003654,0.0000010,0.0000010
18881,0.0003654,0.0000010,0.0000010
18882,0.0003654,0.0000010,0.0000010
18883,0.0003653,0.0000010,0.0000010
18884,0.0003653,0.0000010,0.0000010
18885,0.0003653,0.0000010,0.0000010
18886,0.0003653,0.0000010,0.0000010
18887,0.0003653,0.0000010,0.0000010
18888,0.0003653,0.0000010,0.0000010
18889,0.0003652,0.0000010,0.0000010
18890,0.0003652,0.0000010,0.0000010
18891,0.0003652,0.0000010,0.0000010
18892,0.0003652,0.0000010,0.0000010
18893,0.0003652,0.0000010,0.0000010
18894,0.0003652,0.0000010,0.0000010
18895,0.0003651,0.0000010,0.0000010
18896,0.0003651,0.0000010,0.0000010
18897,0.0003651,0.0000010,0.0000010
18898,0.0003651,0.0000010,0.0000010
18899,0.0003651,0.0000010,0.0000010
18900,0.0003651,0.0000010,0.0000010
18901,0.0003651,0.0000010,0.0000010
18902,0.0003650,0.0000010,0.0000010
18903,0.0003650,0.0000010,0.0000010
18904,0.0003650,0.0000010,0.0000010
18905,0.0003650,0.0000010,0.0000010
18906,0.0003650,0.0000010,0.0000010
18907,0.0003650,0.0000010,0.0000010
18908,0.0003650,0.0000010,0.0000010
18909,0.0003649,0.0000010,0.0000010
18910,0.0003649,0.0000010,0.0000010
18911,0.0003649,0.0000010,0.0000010
18912,0.0003649,0.0000010,0.0000010
18913,0.0003649,0.0000010,0.0000010
18914,0.0003649,0.0000010,0.0000010
18915,0.0003649,0.0000010,0.0000010
18916,0.0003648,0.0000010,0.0000010
18917,0.0003648,0.0000010,0.0000010
18918,0.0003648,0.0000010,0.0000010
18919,0.0003648,0.0000010,0.0000010
18920,0.0003648,0.0000010,0.0000010
18921,0.0003648,0.0000010,0.0000010
18922,0.0003648,0.0000010,0.0000010
18923,0.0003647,0.0000010,0.0000010
18924,0.0003647,0.0000010,0.0000010
18925,0.0003647,0.0000010,0.0000010
18926,0.0003647,0.0000010,0.0000010
18927,0.0003647,0.0000010,0.0000010
18928,0.0003647,0.0000010,0.0000010
18929,0.0003647,0.0000010,0.0000010
18930,0.0003647,0.0000010,0.0000010
18931,0.0003646,0.0000010,0.0000010
18932,0.0003646,0.0000010,0.0000010
18933,0.0003646,0.0000010,0.0000010
18934,0.0003646,0.0000010,0.0000010
18935,0.0003646,0.0000010,0.0000010
18936,0.0003646,0.0000010,0.0000010
18937,0.0003646,0.0000010,0.0000010
18938,0.0003646,0.0000010,0.0000010
18939,0.0003646,0.0000010,0.0000010
18940,0.0003645,0.0000010,0.0000010
18941,0.0003645,0.0000010,0.0000010
18942,0.0003645,0.0000010,0.0000010
18943,0.0003645,0.0000010,0.0000010
18944,0.0003645,0.0000010,0.0000010
18945,0.0003645,0.0000010,0.0000010
18946,0.0003645,0.0000010,0.0000010
18947,0.0003645,0.0000010,0.0000010
18948,0.0003645,0.0000010,0.0000010
18949,0.0003645,0.0000010,0.0000010
18950,0.0003644,0.0000010,0.0000010
18951,0.0003644,0.0000010,0.0000010
18952,0.0003644,0.0000010,0.0000010
18953,0.0003644,0.0000010,0.0000010
18954,0.0003644,0.0000010,0.0000010
18955,0.0003644,0.0000010,0.0000010
18956,0.0003644,0.0000010,0.0000010
18957,0.0003644,0.0000010,0.0000010
18958,0.0003644,0.0000010,0.0000010
18959,0.0003644,0.0000010,0.0000010
18960,0.0003643,0.0000010,0.0000010
18961,0.0003643,0.0000010,0.0000010
18962,0.0003643,0.0000010,0.0000010
18963,0.0003643,0.0000010,0.0000010
18964,0.0003643,0.0000010,0.0000010
18965,0.0003643,0.0000010,0.0000010
18966,0.0003643,0.0000010,0.0000010
18967,0.0003643,0.0000010,0.0000010
18968,0.0003643,0.0000010,0.0000010
18969,0.0003643,0.0000010,0.0000010
18970,0.0003643,0.0000010,0.0000010
18971,0.0003643,0.0000010,0.0000010
18972,0.0003642,0.0000010,0.0000010
18973,0.0003642,0.0000010,0.0000010
18974,0.0003642,0.0000010,0.0000010
18975,0.0003642,0.0000010,0.0000010
18976,0.0003642,0.0000010,0.0000010
18977,0.0003642,0.0000010,0.0000010
18978,0.0003642,0.0000010,0.0000010
18979,0.0003642,0.0000010,0.0000010
18980,0.0003642,0.0000010,0.0000010
18981,0.0003642,0.0000010,0.0000010
18982,0.0003642,0.0000010,0.0000010
18983,0.0003642,0.0000010,0.0000010
18984,0.0003642,0.0000010,0.0000010
18985,0.0003641,0.0000010,0.0000010
18986,0.0003641,0.0000010,0.0000010
18987,0.0003641,0.0000010,0.0000010
18988,0.0003641,0.0000010,0.0000010
18989,0.0003641,0.0000010,0.0000010
18990,0.0003641,0.0000010,0.0000010
18991,0.0003641,0.0000010,0.0000010
18992,0.0003641,0.0000010,0.0000010
18993,0.0003641,0.0000010,0.0000010
18994,0.0003641,0.0000010,0.0000010
18995,0.0003641,0.0000010,0.0000010
18996,0.0003641,0.0000010,0.0000010
18997,0.0003641,0.0000010,0.0000010
18998,0.0003641,0.0000010,0.0000010
18999,0.0003641,0.0000010,0.0000010
19000,0.0003641,0.0000010,0.0000010
19001,0.0003640,0.0000010,0.0000010
19002,0.0003640,0.0000010,0.0000010
19003,0.0003640,0.0000010,0.0000010
19004,0.0003640,0.0000010,0.0000010
19005,0.0003640,0.0000010,0.0000010
19006,0.0003640,0.0000010,0.0000010
19007,0.0003640,0.0000010,0.0000010
19008,0.0003640,0.0000010,0.0000010
19009,0.0003640,0.0000010,0.0000010
19010,0.0003640,0.0000010,0.0000010
19011,0.0003640,0.0000010,0.0000010
19012,0.0003640,0.0000010,0.0000010
19013,0.0003640,0.0000010,0.0000010
19014,0.0003640,0.0000010,0.0000010
19015,0.0003640,0.0000010,0.0000010
19016,0.0003640,0.0000010,0.0000010
19017,0.0003640,0.0000010,0.0000010
19018,0.0003640,0.0000010,0.0000010
19019,0.0003640,0.0000010,0.0000010
19020,0.0003639,0.0000010,0.0000010
19021,0.0003639,0.0000010,0.0000010
19022,0.0003639,0.0000010,0.0000010
19023,0.0003639,0.0000010,0.0000010
19024,0.0003639,0.0000010,0.0000010
19025,0.0003639,0.0000010,0.0000010
19026,0.0003639,0.0000010,0.0000010
19027,0.0003639,0.0000010,0.0000010
19028,0.0003639,0.0000010,0.0000010
19029,0.0003639,0.0000010,0.0000010
19030,0.0003639,0.0000010,0.0000010
19031,0.0003639,0.0000010,0.0000010
19032,0.0003639,0.0000010,0.0000010
19033,0.0003639,0.0000010,0.0000010
19034,0.0003639,0.0000010,0.0000010
19035,0.0003639,0.0000010,0.0000010
19036,0.0003639,0.0000010,0.0000010
19037,0.0003639,0.0000010,0.0000010
19038,0.0003639,0.0000010,0.0000010
19039,0.0003639,0.0000010,0.0000010
19040,0.0003639,0.0000010,0.0000010
19041,0.0003639,0.0000010,0.0000010
19042,0.0003639,0.0000010,0.0000010
19043,0.0003639,0.0000010,0.0000010
19044,0.0003639,0.0000010,0.0000010
19045,0.0003639,0.0000010,0.0000010
19046,0.0003638,0.0000010,0.0000010
19047,0.0003638,0.0000010,0.0000010
19048,0.0003638,0.0000010,0.0000010
19049,0.0003638,0.0000010,0.0000010
19050,0.0003638,0.0000010,0.0000010
19051,0.0003638,0.0000010,0.0000010
19052,0.0003638,0.0000010,0.0000010
19053,0.0003638,0.0000010,0.0000010
19054,0.0003638,0.0000010,0.0000010
19055,0.0003638,0.0000010,0.0000010
19056,0.0003638,0.0000010,0.0000010
19057,0.0003638,0.0000010,0.0000010
19058,0.0003638,0.0000010,0.0000010
19059,0.0003638,0.0000010,0.0000010
19060,0.0003638,0.0000010,0.0000010
19061,0.0003638,0.0000010,0.0000010
19062,0.0003638,0.0000010,0.0000010
19063,0.0003638,0.0000010,0.0000010
19064,0.0003638,0.0000010,0.0000010
19065,0.0003638,0.0000010,0.0000010
19066,0.0003638,0.0000010,0.0000010
19067,0.0003638,0.0000010,0.0000010
19068,0.0003638,0.0000010,0.0000010
19069,0.0003638,0.0000010,0.0000010
19070,0.0003638,0.0000010,0.0000010
19071,0.0003638,0.0000010,0.0000010
19072,0.0003638,0.0000010,0.0000010
19073,0.0003638,0.0000010,0.0000010
19074,0.0003638,0.0000010,0.0000010
19075,0.0003638,0.0000010,0.0000010
19076,0.0003638,0.0000010,0.0000010
19077,0.0003638,0.0000010,0.0000010
19078,0.0003638,0.0000010,0.0000010
19079,0.0003638,0.0000010,0.0000010
19080,0.0003638,0.0000010,0.0000010
19081,0.0003638,0.0000010,0.0000010
19082,0.0003638,0.0000010,0.0000010
19083,0.0003638,0.0000010,0.0000010
19084,0.0003638,0.0000010,0.0000010
19085,0.0003638,0.0000010,0.0000010
19086,0.0003638,0.0000010,0.0000010
19087,0.0003638,0.0000010,0.0000010
19088,0.0003638,0.0000010,0.0000010
19089,0.0003638,0.0000010,0.0000010
19090,0.0003638,0.0000010,0.0000010
19091,0.0003638,0.0000010,0.0000010
19092,0.0003638,0.0000010,0.0000010
19093,0.0003637,0.0000010,0.0000010
19094,0.0003637,0.0000010,0.0000010
19095,0.0003637,0.0000010,0.0000010
19096,0.0003637,0.0000010,0.0000010
19097,0.0003637,0.0000010,0.0000010
19098,0.0003637,0.0000010,0.0000010
19099,0.0003637,0.0000010,0.0000010
19100,0.0003637,0.0000010,0.0000010
19101,0.0003637,0.0000010,0.0000010
19102,0.0003637,0.0000010,0.0000010
19103,0.0003637,0.0000010,0.0000010
19104,0.0003637,0.0000010,0.0000010
19105,0.0003637,0.0000010,0.0000010
19106,0.0003637,0.0000010,0.0000010
19107,0.0003637,0.0000010,0.0000010
19108,0.0003637,0.0000010,0.0000010
19109,0.0003637,0.0000010,0.0000010
19110,0.0003637,0.0000010,0.0000010
19111,0.0003637,0.0000010,0.0000010
19112,0.0003637,0.0000010,0.0000010
19113,0.0003637,0.0000010,0.0000010
19114,0.0003637,0.0000010,0.0000010
19115,0.0003637,0.0000010,0.0000010
19116,0.0003637,0.0000010,0.0000010
19117,0.0003637,0.0000010,0.0000010
19118,0.0003637,0.0000010,0.0000010
19119,0.0003637,0.0000010,0.0000010
19120,0.0003637,0.0000010,0.0000010
19121,0.0003637,0.0000010,0.0000010
19122,0.0003637,0.0000010,0.0000010
19123,0.0003637,0.0000010,0.0000010
19124,0.0003637,0.0000010,0.0000010
19125,0.0003637,0.0000010,0.0000010
19126,0.0003637,0.0000010,0.0000010
19127,0.0003637,0.0000010,0.0000010
19128,0.0003637,0.0000010,0.0000010
19129,0.0003637,0.0000010,0.0000010
19130,0.0003637,0.0000010,0.0000010
19131,0.0003637,0.0000010,0.0000010
19132,0.0003637,0.0000010,0.0000010
19133,0.0003637,0.0000010,0.0000010
19134,0.0003637,0.0000010,0.0000010
19135,0.0003637,0.0000010,0.0000010
19136,0.0003637,0.0000010,0.0000010
19137,0.0003637,0.0000010,0.0000010
19138,0.0003637,0.0000010,0.0000010
19139,0.0003637,0.0000010,0.0000010
19140,0.0003637,0.0000010,0.0000010
19141,0.0003637,0.0000010,0.0000010
19142,0.0003637,0.0000010,0.0000010
19143,0.0003637,0.0000010,0.0000010
19144,0.0003637,0.0000010,0.0000010
19145,0.0003637,0.0000010,0.0000010
19146,0.0003637,0.0000010,0.0000010
19147,0.0003637,0.0000010,0.0000010
19148,0.0003637,0.0000010,0.0000010
19149,0.0003637,0.0000010,0.0000010
19150,0.0003637,0.0000010,0.0000010
19151,0.0003637,0.0000010,0.0000010
19152,0.0003637,0.0000010,0.0000010
19153,0.0003637,0.0000010,0.0000010
19154,0.0003637,0.0000010,0.0000010
19155,0.0003637,0.0000010,0.0000010
19156,0.0003637,0.0000010,0.0000010
19157,0.0003637,0.0000010,0.0000010
19158,0.0003637,0.0000010,0.0000010
19159,0.0003637,0.0000010,0.0000010
19160,0.0003637,0.0000010,0.0000010
19161,0.0003637,0.0000010,0.0000010
19162,0.0003637,0.0000010,0.0000010
19163,0.0003637,0.0000010,0.0000010
19164,0.0003637,0.0000010,0.0000010
19165,0.0003637,0.0000010,0.0000010
19166,0.0003637,0.0000010,0.0000010
19167,0.0003637,0.0000010,0.0000010
19168,0.0003637,0.0000010,0.0000010
19169,0.0003637,0.0000010,0.0000010
19170,0.0003637,0.0000010,0.0000010
19171,0.0003637,0.0000010,0.0000010
19172,0.0003637,0.0000010,0.0000010
19173,0.0003637,0.0000010,0.0000010
19174,0.0003637,0.0000010,0.0000010
19175,0.0003637,0.0000010,0.0000010
19176,0.0003637,0.0000010,0.0000010
19177,0.0003637,0.0000010,0.0000010
19178,0.0003637,0.0000010,0.0000010
19179,0.0003637,0.0000010,0.0000010
19180,0.0003637,0.0000010,0.0000010
19181,0.0003637,0.0000010,0.0000010
19182,0.0003637,0.0000010,0.0000010
19183,0.0003637,0.0000010,0.0000010
19184,0.0003637,0.0000010,0.0000010
19185,0.0003637,0.0000010,0.0000010
19186,0.0003637,0.0000010,0.0000010
19187,0.0003637,0.0000010,0.0000010
19188,0.0003637,0.0000010,0.0000010
19189,0.0003637,0.0000010,0.0000010
19190,0.0003637,0.0000010,0.0000010
19191,0.0003637,0.0000010,0.0000010
19192,0.0003637,0.0000010,0.0000010
19193,0.0003637,0.0000010,0.0000010
19194,0.0003637,0.0000010,0.0000010
19195,0.0003637,0.0000010,0.0000010
19196,0.0003637,0.0000010,0.0000010
19197,0.0003637,0.0000010,0.0000010
19198,0.0003636,0.0000010,0.0000010
19199,0.0003636,0.0000010,0.0000010
19200,0.0003636,0.0000010,0.0000010
19201,0.0003636,0.0000010,0.0000010
19202,0.0003636,0.0000010,0.0000010
19203,0.0003636,0.0000010,0.0000010
19204,0.0003636,0.0000010,0.0000010
19205,0.0003636,0.0000010,0.0000010
19206,0.0003636,0.0000010,0.0000010
19207,0.0003636,0.0000010,0.0000010
19208,0.0003636,0.0000010,0.0000010
19209,0.0003636,0.0000010,0.0000010
19210,0.0003636,0.0000010,0.0000010
19211,0.0003636,0.0000010,0.0000010
19212,0.0003636,0.0000010,0.0000010
19213,0.0003636,0.0000010,0.0000010
19214,0.0003636,0.0000010,0.0000010
19215,0.0003636,0.0000010,0.0000010
19216,0.0003636,0.0000010,0.0000010
19217,0.0003636,0.0000010,0.0000010
19218,0.0003636,0.0000010,0.0000010
19219,0.0003636,0.0000010,0.0000010
19220,0.0003636,0.0000010,0.0000010
19221,0.0003636,0.0000010,0.0000010
19222,0.0003636,0.0000010,0.0000010
19223,0.0003636,0.0000010,0.0000010
19224,0.0003636,0.0000010,0.0000010
19225,0.0003636,0.0000010,0.0000010
19226,0.0003636,0.0000010,0.0000010
19227,0.0003636,0.0000010,0.0000010
19228,0.0003636,0.0000010,0.0000010
19229,0.0003636,0.0000010,0.0000010
19230,0.0003636,0.0000010,0.0000010
19231,0.0003636,0.0000010,0.0000010
19232,0.0003636,0.0000010,0.0000010
19233,0.0003636,0.0000010,0.0000010
19234,0.0003636,0.0000010,0.0000010
19235,0.0003636,0.0000010,0.0000010
19236,0.0003636,0.0000010,0.0000010
19237,0.0003636,0.0000010,0.0000010
19238,0.0003636,0.0000010,0.0000010
19239,0.0003636,0.0000010,0.0000010
19240,0.0003636,0.0000010,0.0000010
19241,0.0003636,0.0000010,0.0000010
19242,0.0003636,0.0000010,0.0000010
19243,0.0003636,0.0000010,0.0000010
19244,0.0003635,0.0000010,0.0000010
19245,0.0003635,0.0000010,0.0000010
19246,0.0003635,0.0000010,0.0000010
19247,0.0003635,0.0000010,0.0000010
19248,0.0003635,0.0000010,0.0000010
19249,0.0003635,0.0000010,0.0000010
19250,0.0003635,0.0000010,0.0000010
19251,0.0003635,0.0000010,0.0000010
19252,0.0003635,0.0000010,0.0000010
19253,0.0003635,0.0000010,0.0000010
19254,0.0003635,0.0000010,0.0000010
19255,0.0003635,0.0000010,0.0000010
19256,0.0003635,0.0000010,0.0000010
19257,0.0003635,0.0000010,0.0000010
19258,0.0003635,0.0000010,0.0000010
19259,0.0003635,0.0000010,0.0000010
19260,0.0003635,0.0000010,0.0000010
19261,0.0003635,0.0000010,0.0000010
19262,0.0003635,0.0000010,0.0000010
19263,0.0003635,0.0000010,0.0000010
19264,0.0003635,0.0000010,0.0000010
19265,0.0003635,0.0000010,0.0000010
19266,0.0003635,0.0000010,0.0000010
19267,0.0003635,0.0000010,0.0000010
19268,0.0003635,0.0000010,0.0000010
19269,0.0003635,0.0000010,0.0000010
19270,0.0003634,0.0000010,0.0000010
19271,0.0003634,0.0000010,0.0000010
19272,0.0003634,0.0000010,0.0000010
19273,0.0003634,0.0000010,0.0000010
19274,0.0003634,0.0000010,0.0000010
19275,0.0003634,0.0000010,0.0000010
19276,0.0003634,0.0000010,0.0000010
19277,0.0003634,0.0000010,0.0000010
19278,0.0003634,0.0000010,0.0000010
19279,0.0003634,0.0000010,0.0000010
19280,0.0003634,0.0000010,0.0000010
19281,0.0003634,0.0000010,0.0000010
19282,0.0003634,0.0000010,0.0000010
19283,0.0003634,0.0000010,0.0000010
19284,0.0003634,0.0000010,0.0000010
19285,0.0003634,0.0000010,0.0000010
19286,0.0003634,0.0000010,0.0000010
19287,0.0003634,0.0000010,0.0000010
19288,0.0003634,0.0000010,0.0000010
19289,0.0003634,0.0000010,0.0000010
19290,0.0003633,0.0000010,0.0000010
19291,0.0003633,0.0000010,0.0000010
19292,0.0003633,0.0000010,0.0000010
19293,0.0003633,0.0000010,0.0000010
19294,0.0003633,0.0000010,0.0000010
19295,0.0003633,0.0000010,0.0000010
19296,0.0003633,0.0000010,0.0000010
19297,0.0003633,0.0000010,0.0000010
19298,0.0003633,0.0000010,0.0000010
19299,0.0003633,0.0000010,0.0000010
19300,0.0003633,0.0000010,0.0000010
19301,0.0003633,0.0000010,0.0000010
19302,0.0003633,0.0000010,0.0000010
19303,0.0003633,0.0000010,0.0000010
19304,0.0003633,0.0000010,0.0000010
19305,0.0003633,0.0000010,0.0000010
19306,0.0003632,0.0000010,0.0000010
19307,0.0003632,0.0000010,0.0000010
19308,0.0003632,0.0000010,0.0000010
19309,0.0003632,0.0000010,0.0000010
19310,0.0003632,0.0000010,0.0000010
19311,0.0003632,0.0000010,0.0000010
19312,0.0003632,0.0000010,0.0000010
19313,0.0003632,0.0000010,0.0000010
19314,0.0003632,0.0000010,0.0000010
19315,0.0003632,0.0000010,0.0000010
19316,0.0003632,0.0000010,0.0000010
19317,0.0003632,0.0000010,0.0000010
19318,0.0003632,0.0000010,0.0000010
19319,0.0003631,0.0000010,0.0000010
19320,0.0003631,0.0000010,0.0000010
19321,0.0003631,0.0000010,0.0000010
19322,0.0003631,0.0000010,0.0000010
19323,0.0003631,0.0000010,0.0000010
19324,0.0003631,0.0000010,0.0000010
19325,0.0003631,0.0000010,0.0000010
19326,0.0003631,0.0000010,0.0000010
19327,0.0003631,0.0000010,0.0000010
19328,0.0003631,0.0000010,0.0000010
19329,0.0003631,0.0000010,0.0000010
19330,0.0003631,0.0000010,0.0000010
19331,0.0003630,0.0000010,0.0000010
19332,0.0003630,0.0000010,0.0000010
19333,0.0003630,0.0000010,0.0000010
19334,0.0003630,0.0000010,0.0000010
19335,0.0003630,0.0000010,0.0000010
19336,0.0003630,0.0000010,0.0000010
19337,0.0003630,0.0000010,0.0000010
19338,0.0003630,0.0000010,0.0000010
19339,0.0003630,0.0000010,0.0000010
19340,0.0003630,0.0000010,0.0000010
19341,0.0003630,0.0000010,0.0000010
19342,0.0003629,0.0000010,0.0000010
19343,0.0003629,0.0000010,0.0000010
19344,0.0003629,0.0000010,0.0000010
19345,0.0003629,0.0000010,0.0000010
19346,0.0003629,0.0000010,0.0000010
19347,0.0003629,0.0000010,0.0000010
19348,0.0003629,0.0000010,0.0000010
19349,0.0003629,0.0000010,0.0000010
19350,0.0003629,0.0000010,0.0000010
19351,0.0003629,0.0000009,0.0000010
19352,0.0003628,0.0000009,0.0000010
19353,0.0003628,0.0000009,0.0000010
19354,0.0003628,0.0000009,0.0000010
19355,0.0003628,0.0000009,0.0000010
19356,0.0003628,0.0000009,0.0000010
19357,0.0003628,0.0000009,0.0000010
19358,0.0003628,0.0000009,0.0000010
19359,0.0003628,0.0000009,0.0000010
19360,0.0003628,0.0000009,0.0000010
19361,0.0003627,0.0000009,0.0000010
19362,0.0003627,0.0000009,0.0000010
19363,0.0003627,0.0000009,0.0000010
19364,0.0003627,0.0000009,0.0000010
19365,0.0003627,0.0000009,0.0000010
19366,0.0003627,0.0000009,0.0000010
19367,0.0003627,0.0000009,0.0000010
19368,0.0003627,0.0000009,0.0000010
19369,0.0003627,0.0000009,0.0000010
19370,0.0003626,0.0000009,0.0000010
19371,0.0003626,0.0000009,0.0000010
19372,0.0003626,0.0000009,0.0000010
19373,0.0003626,0.0000009,0.0000010
19374,0.0003626,0.0000009,0.0000010
19375,0.0003626,0.0000009,0.0000010
19376,0.0003626,0.0000009,0.0000010
19377,0.0003626,0.0000009,0.0000010
19378,0.0003625,0.0000009,0.0000010
19379,0.0003625,0.0000009,0.0000010
19380,0.0003625,0.0000009,0.0000010
19381,0.0003625,0.0000009,0.0000010
19382,0.0003625,0.0000009,0.0000010
19383,0.0003625,0.0000009,0.0000010
19384,0.0003625,0.0000009,0.0000010
19385,0.0003624,0.0000009,0.0000010
19386,0.0003624,0.0000009,0.0000010
19387,0.0003624,0.0000009,0.0000010
19388,0.0003624,0.0000009,0.0000010
19389,0.0003624,0.0000009,0.0000010
19390,0.0003624,0.0000009,0.0000010
19391,0.0003624,0.0000009,0.0000010
19392,0.0003623,0.0000009,0.0000010
19393,0.0003623,0.0000009,0.0000010
19394,0.0003623,0.0000009,0.0000010
19395,0.0003623,0.0000009,0.0000010
19396,0.0003623,0.0000009,0.0000010
19397,0.0003623,0.0000009,0.0000010
19398,0.0003623,0.0000009,0.0000010
19399,0.0003622,0.0000009,0.0000010
19400,0.0003622,0.0000009,0.0000010
19401,0.0003622,0.0000009,0.0000010
19402,0.0003622,0.0000009,0.0000010
19403,0.0003622,0.0000009,0.0000010
19404,0.0003622,0.0000009,0.0000010
19405,0.0003622,0.0000009,0.0000010
19406,0.0003621,0.0000009,0.0000010
19407,0.0003621,0.0000009,0.0000010
19408,0.0003621,0.0000009,0.0000010
19409,0.0003621,0.0000009,0.0000010
19410,0.0003621,0.0000009,0.0000010
19411,0.0003621,0.0000009,0.0000010
19412,0.0003620,0.0000009,0.0000010
19413,0.0003620,0.0000009,0.0000010
19414,0.0003620,0.0000009,0.0000010
19415,0.0003620,0.0000009,0.0000010
19416,0.0003620,0.0000009,0.0000010
19417,0.0003620,0.0000009,0.0000010
19418,0.0003619,0.0000009,0.0000010
19419,0.0003619,0.0000009,0.0000010
19420,0.0003619,0.0000009,0.0000010
19421,0.0003619,0.0000009,0.0000010
19422,0.0003619,0.0000009,0.0000010
19423,0.0003619,0.0000009,0.0000010
19424,0.0003618,0.0000009,0.0000010
19425,0.0003618,0.0000009,0.0000010
19426,0.0003618,0.0000009,0.0000010
19427,0.0003618,0.0000009,0.0000010
19428,0.0003618,0.0000009,0.0000010
19429,0.0003617,0.0000009,0.0000010
19430,0.0003617,0.0000009,0.0000010
19431,0.0003617,0.0000009,0.0000010
19432,0.0003617,0.0000009,0.0000010
19433,0.0003617,0.0000009,0.0000010
19434,0.0003617,0.0000009,0.0000010
19435,0.0003616,0.0000009,0.0000010
19436,0.0003616,0.0000009,0.0000010
19437,0.0003616,0.0000009,0.0000010
19438,0.0003616,0.0000009,0.0000010
19439,0.0003616,0.0000009,0.0000010
19440,0.0003615,0.0000009,0.0000010
19441,0.0003615,0.0000009,0.0000010
19442,0.0003615,0.0000009,0.0000010
19443,0.0003615,0.0000009,0.0000010
19444,0.0003615,0.0000009,0.0000010
19445,0.0003614,0.0000009,0.0000010
19446,0.0003614,0.0000009,0.0000010
19447,0.0003614,0.0000009,0.0000010
19448,0.0003614,0.0000009,0.0000010
19449,0.0003614,0.0000009,0.0000010
19450,0.0003613,0.0000009,0.0000010
19451,0.0003613,0.0000009,0.0000010
19452,0.0003613,0.0000009,0.0000010
19453,0.0003613,0.0000009,0.0000010
19454,0.0003613,0.0000009,0.0000010
19455,0.0003612,0.0000009,0.0000010
19456,0.0003612,0.0000009,0.0000010
19457,0.0003612,0.0000009,0.0000010
19458,0.0003612,0.0000009,0.0000010
19459,0.0003611,0.0000009,0.0000010
19460,0.0003611,0.0000009,0.0000010
19461,0.0003611,0.0000009,0.0000010
19462,0.0003611,0.0000009,0.0000010
19463,0.0003611,0.0000009,0.0000010
19464,0.0003610,0.0000009,0.0000010
19465,0.0003610,0.0000009,0.0000010
19466,0.0003610,0.0000009,0.0000010
19467,0.0003610,0.0000009,0.0000010
19468,0.0003609,0.0000009,0.0000010
19469,0.0003609,0.0000009,0.0000010
19470,0.0003609,0.0000009,0.0000010
19471,0.0003609,0.0000009,0.0000010
19472,0.0003609,0.0000009,0.0000010
19473,0.0003608,0.0000009,0.0000010
19474,0.0003608,0.0000009,0.0000010
19475,0.0003608,0.0000009,0.0000010
19476,0.0003608,0.0000009,0.0000010
19477,0.0003607,0.0000009,0.0000010
19478,0.0003607,0.0000009,0.0000010
19479,0.0003607,0.0000009,0.0000010
19480,0.0003607,0.0000009,0.0000010
19481,0.0003606,0.0000009,0.0000010
19482,0.0003606,0.0000009,0.0000010
19483,0.0003606,0.0000009,0.0000010
19484,0.0003606,0.0000009,0.0000009
19485,0.0003605,0.0000009,0.0000009
19486,0.0003605,0.0000009,0.0000009
19487,0.0003605,0.0000009,0.0000009
19488,0.0003605,0.0000009,0.0000009
19489,0.0003604,0.0000009,0.0000009
19490,0.0003604,0.0000009,0.0000009
19491,0.0003604,0.0000009,0.0000009
19492,0.0003604,0.0000009,0.0000009
19493,0.0003603,0.0000009,0.0000009
19494,0.0003603,0.0000009,0.0000009
19495,0.0003603,0.0000009,0.0000009
19496,0.0003603,0.0000009,0.0000009
19497,0.0003602,0.0000009,0.0000009
19498,0.0003602,0.0000009,0.0000009
19499,0.0003602,0.0000009,0.0000009
19500,0.0003602,0.0000009,0.0000009
19501,0.0003601,0.0000009,0.0000009
19502,0.0003601,0.0000009,0.0000009
19503,0.0003601,0.0000009,0.0000009
19504,0.0003600,0.0000009,0.0000009
19505,0.0003600,0.0000009,0.0000009
19506,0.0003600,0.0000009,0.0000009
19507,0.0003600,0.0000009,0.0000009
19508,0.0003599,0.0000009,0.0000009
19509,0.0003599,0.0000009,0.0000009
19510,0.0003599,0.0000009,0.0000009
19511,0.0003599,0.0000009,0.0000009
19512,0.0003598,0.0000009,0.0000009
19513,0.0003598,0.0000009,0.0000009
19514,0.0003598,0.0000009,0.0000009
19515,0.0003597,0.0000009,0.0000009
19516,0.0003597,0.0000009,0.0000009
19517,0.0003597,0.0000009,0.0000009
19518,0.0003597,0.0000009,0.0000009
19519,0.0003596,0.0000009,0.0000009
19520,0.0003596,0.0000009,0.0000009
19521,0.0003596,0.0000009,0.0000009
19522,0.0003595,0.0000009,0.0000009
19523,0.0003595,0.0000009,0.0000009
19524,0.0003595,0.0000009,0.0000009
19525,0.0003594,0.0000009,0.0000009
19526,0.0003594,0.0000009,0.0000009
19527,0.0003594,0.0000009,0.0000009
19528,0.0003594,0.0000009,0.0000009
19529,0.0003593,0.0000009,0.0000009
19530,0.0003593,0.0000009,0.0000009
19531,0.0003593,0.0000009,0.0000009
19532,0.0003592,0.0000009,0.0000009
19533,0.0003592,0.0000009,0.0000009
19534,0.0003592,0.0000009,0.0000009
19535,0.0003591,0.0000009,0.0000009
19536,0.0003591,0.0000009,0.0000009
19537,0.0003591,0.0000009,0.0000009
19538,0.0003590,0.0000009,0.0000009
19539,0.0003590,0.0000009,0.0000009
19540,0.0003590,0.0000009,0.0000009
19541,0.0003589,0.0000009,0.0000009
19542,0.0003589,0.0000009,0.0000009
19543,0.0003589,0.0000009,0.0000009
19544,0.0003589,0.0000009,0.0000009
19545,0.0003588,0.0000009,0.0000009
19546,0.0003588,0.0000009,0.0000009
19547,0.0003588,0.0000009,0.0000009
19548,0.0003587,0.0000009,0.0000009
19549,0.0003587,0.0000009,0.0000009
19550,0.0003587,0.0000009,0.0000009
19551,0.0003586,0.0000009,0.0000009
19552,0.0003586,0.0000009,0.0000009
19553,0.0003586,0.0000009,0.0000009
19554,0.0003585,0.0000009,0.0000009
19555,0.0003585,0.0000009,0.0000009
19556,0.0003585,0.0000009,0.0000009
19557,0.0003584,0.0000009,0.0000009
19558,0.0003584,0.0000009,0.0000009
19559,0.0003584,0.0000009,0.0000009
19560,0.0003583,0.0000009,0.0000009
19561,0.0003583,0.0000009,0.0000009
19562,0.0003582,0.0000009,0.0000009
19563,0.0003582,0.0000009,0.0000009
19564,0.0003582,0.0000009,0.0000009
19565,0.0003581,0.0000009,0.0000009
19566,0.0003581,0.0000009,0.0000009
19567,0.0003581,0.0000009,0.0000009
19568,0.0003580,0.0000009,0.0000009
19569,0.0003580,0.0000009,0.0000009
19570,0.0003580,0.0000009,0.0000009
19571,0.0003579,0.0000009,0.0000009
19572,0.0003579,0.0000009,0.0000009
19573,0.0003579,0.0000009,0.0000009
19574,0.0003578,0.0000009,0.0000009
19575,0.0003578,0.0000009,0.0000009
19576,0.0003577,0.0000009,0.0000009
19577,0.0003577,0.0000009,0.0000009
19578,0.0003577,0.0000009,0.0000009
19579,0.0003576,0.0000009,0.0000009
19580,0.0003576,0.0000009,0.0000009
19581,0.0003576,0.0000009,0.0000009
19582,0.0003575,0.0000009,0.0000009
19583,0.0003575,0.0000009,0.0000009
19584,0.0003574,0.0000009,0.0000009
19585,0.0003574,0.0000009,0.0000009
19586,0.0003574,0.0000009,0.0000009
19587,0.0003573,0.0000009,0.0000009
19588,0.0003573,0.0000009,0.0000009
19589,0.0003573,0.0000009,0.0000009
19590,0.0003572,0.0000009,0.0000009
19591,0.0003572,0.0000009,0.0000009
19592,0.0003571,0.0000009,0.0000009
19593,0.0003571,0.0000009,0.0000009
19594,0.0003571,0.0000009,0.0000009
19595,0.0003570,0.0000009,0.0000009
19596,0.0003570,0.0000009,0.0000009
19597,0.0003569,0.0000009,0.0000009
19598,0.0003569,0.0000009,0.0000009
19599,0.0003569,0.0000009,0.0000009
19600,0.0003568,0.0000009,0.0000009
19601,0.0003568,0.0000009,0.0000009
19602,0.0003567,0.0000009,0.0000009
19603,0.0003567,0.0000009,0.0000009
19604,0.0003567,0.0000009,0.0000009
19605,0.0003566,0.0000009,0.0000009
19606,0.0003566,0.0000009,0.0000009
19607,0.0003565,0.0000009,0.0000009
19608,0.0003565,0.0000009,0.0000009
19609,0.0003565,0.0000009,0.0000009
19610,0.0003564,0.0000009,0.0000009
19611,0.0003564,0.0000009,0.0000009
19612,0.0003563,0.0000009,0.0000009
19613,0.0003563,0.0000009,0.0000009
19614,0.0003563,0.0000009,0.0000009
19615,0.0003562,0.0000009,0.0000009
19616,0.0003562,0.0000009,0.0000009
19617,0.0003561,0.0000009,0.0000009
19618,0.0003561,0.0000009,0.0000009
19619,0.0003560,0.0000009,0.0000009
19620,0.0003560,0.0000009,0.0000009
19621,0.0003560,0.0000009,0.0000009
19622,0.0003559,0.0000009,0.0000009
19623,0.0003559,0.0000009,0.0000009
19624,0.0003558,0.0000009,0.0000009
19625,0.0003558,0.0000009,0.0000009
19626,0.0003557,0.0000009,0.0000009
19627,0.0003557,0.0000009,0.0000009
19628,0.0003557,0.0000009,0.0000009
19629,0.0003556,0.0000009,0.0000009
19630,0.0003556,0.0000009,0.0000009
19631,0.0003555,0.0000009,0.0000009
19632,0.0003555,0.0000009,0.0000009
19633,0.0003554,0.0000009,0.0000009
19634,0.0003554,0.0000009,0.0000009
19635,0.0003554,0.0000009,0.0000009
19636,0.0003553,0.0000009,0.0000009
19637,0.0003553,0.0000009,0.0000009
19638,0.0003552,0.0000009,0.0000009
19639,0.0003552,0.0000009,0.0000009
19640,0.0003551,0.0000009,0.0000009
19641,0.0003551,0.0000009,0.0000009
19642,0.0003550,0.0000009,0.0000009
19643,0.0003550,0.0000009,0.0000009
19644,0.0003549,0.0000009,0.0000009
19645,0.0003549,0.0000009,0.0000009
19646,0.0003549,0.0000009,0.0000009
19647,0.0003548,0.0000009,0.0000009
19648,0.0003548,0.0000009,0.0000009
19649,0.0003547,0.0000009,0.0000009
19650,0.0003547,0.0000009,0.0000009
19651,0.0003546,0.0000009,0.0000009
19652,0.0003546,0.0000009,0.0000009
19653,0.0003545,0.0000009,0.0000009
19654,0.0003545,0.0000009,0.0000009
19655,0.0003544,0.0000009,0.0000009
19656,0.0003544,0.0000009,0.0000009
19657,0.0003543,0.0000009,0.0000009
19658,0.0003543,0.0000009,0.0000009
19659,0.0003542,0.0000009,0.0000009
19660,0.0003542,0.0000009,0.0000009
19661,0.0003541,0.0000009,0.0000009
19662,0.0003541,0.0000009,0.0000009
19663,0.0003540,0.0000009,0.0000009
19664,0.0003540,0.0000009,0.0000009
19665,0.0003540,0.0000009,0.0000009
19666,0.0003539,0.0000009,0.0000009
19667,0.0003539,0.0000009,0.0000009
19668,0.0003538,0.0000009,0.0000009
19669,0.0003538,0.0000009,0.0000009
19670,0.0003537,0.0000009,0.0000009
19671,0.0003537,0.0000009,0.0000009
19672,0.0003536,0.0000009,0.0000009
19673,0.0003536,0.0000009,0.0000009
19674,0.0003535,0.0000009,0.0000009
19675,0.0003535,0.0000009,0.0000009
19676,0.0003534,0.0000009,0.0000009
19677,0.0003534,0.0000009,0.0000009
19678,0.0003533,0.0000009,0.0000009
19679,0.0003533,0.0000009,0.0000009
19680,0.0003532,0.0000009,0.0000009
19681,0.0003532,0.0000009,0.0000009
19682,0.0003531,0.0000009,0.0000009
19683,0.0003531,0.0000009,0.0000009
19684,0.0003530,0.0000009,0.0000009
19685,0.0003530,0.0000009,0.0000009
19686,0.0003529,0.0000009,0.0000009
19687,0.0003528,0.0000009,0.0000009
19688,0.0003528,0.0000009,0.0000009
19689,0.0003527,0.0000009,0.0000009
19690,0.0003527,0.0000009,0.0000009
19691,0.0003526,0.0000009,0.0000009
19692,0.0003526,0.0000009,0.0000009
19693,0.0003525,0.0000009,0.0000009
19694,0.0003525,0.0000009,0.0000009
19695,0.0003524,0.0000009,0.0000009
19696,0.0003524,0.0000009,0.0000009
19697,0.0003523,0.0000009,0.0000009
19698,0.0003523,0.0000009,0.0000009
19699,0.0003522,0.0000009,0.0000009
19700,0.0003522,0.0000009,0.0000009
19701,0.0003521,0.0000009,0.0000009
19702,0.0003521,0.0000009,0.0000009
19703,0.0003520,0.0000009,0.0000009
19704,0.0003520,0.0000009,0.0000009
19705,0.0003519,0.0000009,0.0000009
19706,0.0003518,0.0000009,0.0000009
19707,0.0003518,0.0000009,0.0000009
19708,0.0003517,0.0000009,0.0000009
19709,0.0003517,0.0000009,0.0000008
19710,0.0003516,0.0000009,0.0000008
19711,0.0003516,0.0000009,0.0000008
19712,0.0003515,0.0000009,0.0000008
19713,0.0003515,0.0000009,0.0000008
19714,0.0003514,0.0000009,0.0000008
19715,0.0003514,0.0000009,0.0000008
19716,0.0003513,0.0000009,0.0000008
19717,0.0003512,0.0000009,0.0000008
19718,0.0003512,0.0000009,0.0000008
19719,0.0003511,0.0000009,0.0000008
19720,0.0003511,0.0000009,0.0000008
19721,0.0003510,0.0000009,0.0000008
19722,0.0003510,0.0000009,0.0000008
19723,0.0003509,0.0000009,0.0000008
19724,0.0003509,0.0000009,0.0000008
19725,0.0003508,0.0000009,0.0000008
19726,0.0003507,0.0000009,0.0000008
19727,0.0003507,0.0000009,0.0000008
19728,0.0003506,0.0000009,0.0000008
19729,0.0003506,0.0000009,0.0000008
19730,0.0003505,0.0000009,0.0000008
19731,0.0003505,0.0000009,0.0000008
19732,0.0003504,0.0000009,0.0000008
19733,0.0003503,0.0000008,0.0000008
19734,0.0003503,0.0000008,0.0000008
19735,0.0003502,0.0000008,0.0000008
19736,0.0003502,0.0000008,0.0000008
19737,0.0003501,0.0000008,0.0000008
19738,0.0003500,0.0000008,0.0000008
19739,0.0003500,0.0000008,0.0000008
19740,0.0003499,0.0000008,0.0000008
19741,0.0003499,0.0000008,0.0000008
19742,0.0003498,0.0000008,0.0000008
19743,0.0003498,0.0000008,0.0000008
19744,0.0003497,0.0000008,0.0000008
19745,0.0003496,0.0000008,0.0000008
19746,0.0003496,0.0000008,0.0000008
19747,0.0003495,0.0000008,0.0000008
19748,0.0003495,0.0000008,0.0000008
19749,0.0003494,0.0000008,0.0000008
19750,0.0003493,0.0000008,0.0000008
19751,0.0003493,0.0000008,0.0000008
19752,0.0003492,0.0000008,0.0000008
19753,0.0003492,0.0000008,0.0000008
19754,0.0003491,0.0000008,0.0000008
19755,0.0003490,0.0000008,0.0000008
19756,0.0003490,0.0000008,0.0000008
19757,0.0003489,0.0000008,0.0000008
19758,0.0003489,0.0000008,0.0000008
19759,0.0003488,0.0000008,0.0000008
19760,0.0003487,0.0000008,0.0000008
19761,0.0003487,0.0000008,0.0000008
19762,0.0003486,0.0000008,0.0000008
19763,0.0003486,0.0000008,0.0000008
19764,0.0003485,0.0000008,0.0000008
19765,0.0003484,0.0000008,0.0000008
19766,0.0003484,0.0000008,0.0000008
19767,0.0003483,0.0000008,0.0000008
19768,0.0003482,0.0000008,0.0000008
19769,0.0003482,0.0000008,0.0000008
19770,0.0003481,0.0000008,0.0000008
19771,0.0003481,0.0000008,0.0000008
19772,0.0003480,0.0000008,0.0000008
19773,0.0003479,0.0000008,0.0000008
19774,0.0003479,0.0000008,0.0000008
19775,0.0003478,0.0000008,0.0000008
19776,0.0003477,0.0000008,0.0000008
19777,0.0003477,0.0000008,0.0000008
19778,0.0003476,0.0000008,0.0000008
19779,0.0003476,0.0000008,0.0000008
19780,0.0003475,0.0000008,0.0000008
19781,0.0003474,0.0000008,0.0000008
19782,0.0003474,0.0000008,0.0000008
19783,0.0003473,0.0000008,0.0000008
19784,0.0003472,0.0000008,0.0000008
19785,0.0003472,0.0000008,0.0000008
19786,0.0003471,0.0000008,0.0000008
19787,0.0003470,0.0000008,0.0000008
19788,0.0003470,0.0000008,0.0000008
19789,0.0003469,0.0000008,0.0000008
19790,0.0003469,0.0000008,0.0000008
19791,0.0003468,0.0000008,0.0000008
19792,0.0003467,0.0000008,0.0000008
19793,0.0003467,0.0000008,0.0000008
19794,0.0003466,0.0000008,0.0000008
19795,0.0003465,0.0000008,0.0000008
19796,0.0003465,0.0000008,0.0000008
19797,0.0003464,0.0000008,0.0000008
19798,0.0003463,0.0000008,0.0000008
19799,0.0003463,0.0000008,0.0000008
19800,0.0003462,0.0000008,0.0000008
19801,0.0003461,0.0000008,0.0000008
19802,0.0003461,0.0000008,0.0000008
19803,0.0003460,0.0000008,0.0000008
19804,0.0003459,0.0000008,0.0000008
19805,0.0003459,0.0000008,0.0000008
19806,0.0003458,0.0000008,0.0000008
19807,0.0003457,0.0000008,0.0000008
19808,0.0003457,0.0000008,0.0000008
19809,0.0003456,0.0000008,0.0000008
19810,0.0003455,0.0000008,0.0000008
19811,0.0003455,0.0000008,0.0000008
19812,0.0003454,0.0000008,0.0000008
19813,0.0003453,0.0000008,0.0000008
19814,0.0003453,0.0000008,0.0000008
19815,0.0003452,0.0000008,0.0000008
19816,0.0003451,0.0000008,0.0000008
19817,0.0003451,0.0000008,0.0000008
19818,0.0003450,0.0000008,0.0000008
19819,0.0003449,0.0000008,0.0000008
19820,0.0003449,0.0000008,0.0000008
19821,0.0003448,0.0000008,0.0000008
19822,0.0003447,0.0000008,0.0000008
19823,0.0003447,0.0000008,0.0000008
19824,0.0003446,0.0000008,0.0000008
19825,0.0003445,0.0000008,0.0000008
19826,0.0003444,0.0000008,0.0000008
19827,0.0003444,0.0000008,0.0000008
19828,0.0003443,0.0000008,0.0000008
19829,0.0003442,0.0000008,0.0000008
19830,0.0003442,0.0000008,0.0000008
19831,0.0003441,0.0000008,0.0000008
19832,0.0003440,0.0000008,0.0000008
19833,0.0003440,0.0000008,0.0000008
19834,0.0003439,0.0000008,0.0000008
19835,0.0003438,0.0000008,0.0000008
19836,0.0003438,0.0000008,0.0000008
19837,0.0003437,0.0000008,0.0000008
19838,0.0003436,0.0000008,0.0000008
19839,0.0003435,0.0000008,0.0000008
19840,0.0003435,0.0000008,0.0000008
19841,0.0003434,0.0000008,0.0000008
19842,0.0003433,0.0000008,0.0000008
19843,0.0003433,0.0000008,0.0000008
19844,0.0003432,0.0000008,0.0000008
19845,0.0003431,0.0000008,0.0000008
19846,0.0003431,0.0000008,0.0000008
19847,0.0003430,0.0000008,0.0000008
19848,0.0003429,0.0000008,0.0000008
19849,0.0003428,0.0000008,0.0000008
19850,0.0003428,0.0000008,0.0000008
19851,0.0003427,0.0000008,0.0000008
19852,0.0003426,0.0000008,0.0000008
19853,0.0003426,0.0000008,0.0000008
19854,0.0003425,0.0000008,0.0000008
19855,0.0003424,0.0000008,0.0000008
19856,0.0003423,0.0000008,0.0000008
19857,0.0003423,0.0000008,0.0000008
19858,0.0003422,0.0000008,0.0000008
19859,0.0003421,0.0000008,0.0000008
19860,0.0003420,0.0000008,0.0000008
19861,0.0003420,0.0000008,0.0000008
19862,0.0003419,0.0000008,0.0000008
19863,0.0003418,0.0000008,0.0000008
19864,0.0003418,0.0000008,0.0000008
19865,0.0003417,0.0000008,0.0000008
19866,0.0003416,0.0000008,0.0000008
19867,0.0003415,0.0000008,0.0000008
19868,0.0003415,0.0000008,0.0000008
19869,0.0003414,0.0000008,0.0000008
19870,0.0003413,0.0000008,0.0000008
19871,0.0003412,0.0000008,0.0000008
19872,0.0003412,0.0000008,0.0000008
19873,0.0003411,0.0000008,0.0000008
19874,0.0003410,0.0000008,0.0000008
19875,0.0003410,0.0000008,0.0000008
19876,0.0003409,0.0000008,0.0000008
19877,0.0003408,0.0000008,0.0000008
19878,0.0003407,0.0000008,0.0000008
19879,0.0003407,0.0000008,0.0000008
19880,0.0003406,0.0000008,0.0000008
19881,0.0003405,0.0000008,0.0000008
19882,0.0003404,0.0000008,0.0000008
19883,0.0003404,0.0000008,0.0000008
19884,0.0003403,0.0000008,0.0000008
19885,0.0003402,0.0000008,0.0000008
19886,0.0003401,0.0000008,0.0000008
19887,0.0003401,0.0000008,0.0000008
19888,0.0003400,0.0000008,0.0000008
19889,0.0003399,0.0000008,0.0000008
19890,0.0003398,0.0000008,0.0000008
19891,0.0003398,0.0000008,0.0000008
19892,0.0003397,0.0000008,0.0000008
19893,0.0003396,0.0000008,0.0000008
19894,0.0003395,0.0000008,0.0000008
19895,0.0003395,0.0000008,0.0000007
19896,0.0003394,0.0000008,0.0000007
19897,0.0003393,0.0000008,0.0000007
19898,0.0003392,0.0000008,0.0000007
19899,0.0003392,0.0000008,0.0000007
19900,0.0003391,0.0000008,0.0000007
19901,0.0003390,0.0000008,0.0000007
19902,0.0003389,0.0000008,0.0000007
19903,0.0003388,0.0000008,0.0000007
19904,0.0003388,0.0000008,0.0000007
19905,0.0003387,0.0000008,0.0000007
19906,0.0003386,0.0000008,0.0000007
19907,0.0003385,0.0000008,0.0000007
19908,0.0003385,0.0000008,0.0000007
19909,0.0003384,0.0000008,0.0000007
19910,0.0003383,0.0000008,0.0000007
19911,0.0003382,0.0000008,0.0000007
19912,0.0003382,0.0000008,0.0000007
19913,0.0003381,0.0000008,0.0000007
19914,0.0003380,0.0000008,0.0000007
19915,0.0003379,0.0000008,0.0000007
19916,0.0003378,0.0000008,0.0000007
19917,0.0003378,0.0000008,0.0000007
19918,0.0003377,0.0000008,0.0000007
19919,0.0003376,0.0000008,0.0000007
19920,0.0003375,0.0000008,0.0000007
19921,0.0003375,0.0000008,0.0000007
19922,0.0003374,0.0000008,0.0000007
19923,0.0003373,0.0000008,0.0000007
19924,0.0003372,0.0000008,0.0000007
19925,0.0003371,0.0000008,0.0000007
19926,0.0003371,0.0000008,0.0000007
19927,0.0003370,0.0000008,0.0000007
19928,0.0003369,0.0000008,0.0000007
19929,0.0003368,0.0000008,0.0000007
19930,0.0003368,0.0000008,0.0000007
19931,0.0003367,0.0000008,0.0000007
19932,0.0003366,0.0000008,0.0000007
19933,0.0003365,0.0000008,0.0000007
19934,0.0003364,0.0000008,0.0000007
19935,0.0003364,0.0000008,0.0000007
19936,0.0003363,0.0000008,0.0000007
19937,0.0003362,0.0000008,0.0000007
19938,0.0003361,0.0000008,0.0000007
19939,0.0003360,0.0000008,0.0000007
19940,0.0003360,0.0000008,0.0000007
19941,0.0003359,0.0000008,0.0000007
19942,0.0003358,0.0000008,0.0000007
19943,0.0003357,0.0000008,0.0000007
19944,0.0003356,0.0000008,0.0000007
19945,0.0003356,0.0000008,0.0000007
19946,0.0003355,0.0000008,0.0000007
19947,0.0003354,0.0000008,0.0000007
19948,0.0003353,0.0000008,0.0000007
19949,0.0003352,0.0000008,0.0000007
19950,0.0003352,0.0000008,0.0000007
19951,0.0003351,0.0000008,0.0000007
19952,0.0003350,0.0000008,0.0000007
19953,0.0003349,0.0000008,0.0000007
19954,0.0003348,0.0000008,0.0000007
19955,0.0003348,0.0000008,0.0000007
19956,0.0003347,0.0000008,0.0000007
19957,0.0003346,0.0000008,0.0000007
19958,0.0003345,0.0000008,0.0000007
19959,0.0003344,0.0000008,0.0000007
19960,0.0003344,0.0000008,0.0000007
19961,0.0003343,0.0000008,0.0000007
19962,0.0003342,0.0000008,0.0000007
19963,0.0003341,0.0000008,0.0000007
19964,0.0003340,0.0000008,0.0000007
19965,0.0003339,0.0000008,0.0000007
19966,0.0003339,0.0000008,0.0000007
19967,0.0003338,0.0000008,0.0000007
19968,0.0003337,0.0000008,0.0000007
19969,0.0003336,0.0000008,0.0000007
19970,0.0003335,0.0000008,0.0000007
19971,0.0003335,0.0000008,0.0000007
19972,0.0003334,0.0000008,0.0000007
19973,0.0003333,0.0000008,0.0000007
19974,0.0003332,0.0000008,0.0000007
19975,0.0003331,0.0000008,0.0000007
19976,0.0003330,0.0000008,0.0000007
19977,0.0003330,0.0000008,0.0000007
19978,0.0003329,0.0000008,0.0000007
19979,0.0003328,0.0000008,0.0000007
19980,0.0003327,0.0000008,0.0000007
19981,0.0003326,0.0000008,0.0000007
19982,0.0003326,0.0000008,0.0000007
19983,0.0003325,0.0000008,0.0000007
19984,0.0003324,0.0000008,0.0000007
19985,0.0003323,0.0000008,0.0000007
19986,0.0003322,0.0000008,0.0000007
19987,0.0003321,0.0000008,0.0000007
19988,0.0003321,0.0000008,0.0000007
19989,0.0003320,0.0000008,0.0000007
19990,0.0003319,0.0000008,0.0000007
19991,0.0003318,0.0000008,0.0000007
19992,0.0003317,0.0000008,0.0000007
19993,0.0003316,0.0000008,0.0000007
19994,0.0003316,0.0000008,0.0000007
19995,0.0003315,0.0000008,0.0000007
19996,0.0003314,0.0000008,0.0000007
19997,0.0003313,0.0000008,0.0000007
19998,0.0003312,0.0000008,0.0000007
19999,0.0003311,0.0000008,0.0000007
20000,0.0003311,0.0000008,0.0000007
20001,0.0003310,0.0000008,0.0000007
20002,0.0003309,0.0000008,0.0000007
20003,0.0003308,0.0000008,0.0000007
20004,0.0003307,0.0000008,0.0000007
20005,0.0003306,0.0000008,0.0000007
20006,0.0003306,0.0000008,0.0000007
20007,0.0003305,0.0000008,0.0000007
20008,0.0003304,0.0000008,0.0000007
20009,0.0003303,0.0000008,0.0000007
20010,0.0003302,0.0000008,0.0000007
20011,0.0003301,0.0000008,0.0000007
20012,0.0003301,0.0000008,0.0000007
20013,0.0003300,0.0000008,0.0000007
20014,0.0003299,0.0000008,0.0000007
20015,0.0003298,0.0000008,0.0000007
20016,0.0003297,0.0000008,0.0000007
20017,0.0003296,0.0000008,0.0000007
20018,0.0003295,0.0000008,0.0000007
20019,0.0003295,0.0000008,0.0000007
20020,0.0003294,0.0000008,0.0000007
20021,0.0003293,0.0000008,0.0000007
20022,0.0003292,0.0000008,0.0000007
20023,0.0003291,0.0000008,0.0000007
20024,0.0003290,0.0000008,0.0000007
20025,0.0003290,0.0000008,0.0000007
20026,0.0003289,0.0000008,0.0000007
20027,0.0003288,0.0000008,0.0000007
20028,0.0003287,0.0000008,0.0000007
20029,0.0003286,0.0000008,0.0000007
20030,0.0003285,0.0000008,0.0000007
20031,0.0003284,0.0000008,0.0000007
20032,0.0003284,0.0000008,0.0000007
20033,0.0003283,0.0000008,0.0000007
20034,0.0003282,0.0000008,0.0000007
20035,0.0003281,0.0000008,0.0000007
20036,0.0003280,0.0000008,0.0000007
20037,0.0003279,0.0000008,0.0000007
20038,0.0003278,0.0000008,0.0000007
20039,0.0003278,0.0000008,0.0000007
20040,0.0003277,0.0000008,0.0000007
20041,0.0003276,0.0000008,0.0000007
20042,0.0003275,0.0000008,0.0000007
20043,0.0003274,0.0000008,0.0000007
20044,0.0003273,0.0000008,0.0000007
20045,0.0003272,0.0000008,0.0000007
20046,0.0003272,0.0000008,0.0000007
20047,0.0003271,0.0000008,0.0000007
20048,0.0003270,0.0000008,0.0000007
20049,0.0003269,0.0000008,0.0000007
20050,0.0003268,0.0000008,0.0000007
20051,0.0003267,0.0000008,0.0000007
20052,0.0003266,0.0000008,0.0000007
20053,0.0003266,0.0000008,0.0000007
20054,0.0003265,0.0000008,0.0000007
20055,0.0003264,0.0000008,0.0000007
20056,0.0003263,0.0000008,0.0000007
20057,0.0003262,0.0000008,0.0000007
20058,0.0003261,0.0000008,0.0000007
20059,0.0003260,0.0000008,0.0000007
20060,0.0003260,0.0000008,0.0000007
20061,0.0003259,0.0000008,0.0000007
20062,0.0003258,0.0000008,0.0000007
20063,0.0003257,0.0000008,0.0000007
20064,0.0003256,0.0000008,0.0000007
20065,0.0003255,0.0000008,0.0000007
20066,0.0003254,0.0000008,0.0000007
20067,0.0003254,0.0000008,0.0000007
20068,0.0003253,0.0000008,0.0000007
20069,0.0003252,0.0000008,0.0000007
20070,0.0003251,0.0000008,0.0000007
20071,0.0003250,0.0000008,0.0000007
20072,0.0003249,0.0000008,0.0000007
20073,0.0003248,0.0000008,0.0000007
20074,0.0003247,0.0000008,0.0000007
20075,0.0003247,0.0000008,0.0000007
20076,0.0003246,0.0000008,0.0000007
20077,0.0003245,0.0000008,0.0000007
20078,0.0003244,0.0000008,0.0000007
20079,0.0003243,0.0000008,0.0000007
20080,0.0003242,0.0000008,0.0000007
20081,0.0003241,0.0000008,0.0000007
20082,0.0003241,0.0000008,0.0000007
20083,0.0003240,0.0000008,0.0000007
20084,0.0003239,0.0000008,0.0000007
20085,0.0003238,0.0000008,0.0000007
20086,0.0003237,0.0000008,0.0000007
20087,0.0003236,0.0000008,0.0000007
20088,0.0003235,0.0000008,0.0000007
20089,0.0003234,0.0000008,0.0000007
20090,0.0003234,0.0000008,0.0000007
20091,0.0003233,0.0000008,0.0000007
20092,0.0003232,0.0000008,0.0000007
20093,0.0003231,0.0000008,0.0000006
20094,0.0003230,0.0000008,0.0000006
20095,0.0003229,0.0000008,0.0000006
20096,0.0003228,0.0000008,0.0000006
20097,0.0003228,0.0000008,0.0000006
20098,0.0003227,0.0000008,0.0000006
20099,0.0003226,0.0000008,0.0000006
20100,0.0003225,0.0000008,0.0000006
20101,0.0003224,0.0000008,0.0000006
20102,0.0003223,0.0000008,0.0000006
20103,0.0003222,0.0000008,0.0000006
20104,0.0003221,0.0000008,0.0000006
20105,0.0003221,0.0000008,0.0000006
20106,0.0003220,0.0000008,0.0000006
20107,0.0003219,0.0000008,0.0000006
20108,0.0003218,0.0000008,0.0000006
20109,0.0003217,0.0000008,0.0000006
20110,0.0003216,0.0000008,0.0000006
20111,0.0003215,0.0000008,0.0000006
20112,0.0003214,0.0000008,0.0000006
20113,0.0003214,0.0000008,0.0000006
20114,0.0003213,0.0000008,0.0000006
20115,0.0003212,0.0000008,0.0000006
20116,0.0003211,0.0000008,0.0000006
20117,0.0003210,0.0000008,0.0000006
20118,0.0003209,0.0000008,0.0000006
20119,0.0003208,0.0000008,0.0000006
20120,0.0003207,0.0000008,0.0000006
20121,0.0003207,0.0000008,0.0000006
20122,0.0003206,0.0000008,0.0000006
20123,0.0003205,0.0000008,0.0000006
20124,0.0003204,0.0000008,0.0000006
20125,0.0003203,0.0000008,0.0000006
20126,0.0003202,0.0000008,0.0000006
20127,0.0003201,0.0000008,0.0000006
20128,0.0003200,0.0000008,0.0000006
20129,0.0003200,0.0000008,0.0000006
20130,0.0003199,0.0000008,0.0000006
20131,0.0003198,0.0000008,0.0000006
20132,0.0003197,0.0000008,0.0000006
20133,0.0003196,0.0000008,0.0000006
20134,0.0003195,0.0000008,0.0000006
20135,0.0003194,0.0000008,0.0000006
20136,0.0003193,0.0000008,0.0000006
20137,0.0003193,0.0000008,0.0000006
20138,0.0003192,0.0000008,0.0000006
20139,0.0003191,0.0000008,0.0000006
20140,0.0003190,0.0000008,0.0000006
20141,0.0003189,0.0000008,0.0000006
20142,0.0003188,0.0000008,0.0000006
20143,0.0003187,0.0000008,0.0000006
20144,0.0003187,0.0000008,0.0000006
20145,0.0003186,0.0000008,0.0000006
20146,0.0003185,0.0000008,0.0000006
20147,0.0003184,0.0000008,0.0000006
20148,0.0003183,0.0000008,0.0000006
20149,0.0003182,0.0000008,0.0000006
20150,0.0003181,0.0000008,0.0000006
20151,0.0003180,0.0000008,0.0000006
20152,0.0003180,0.0000008,0.0000006
20153,0.0003179,0.0000008,0.0000006
20154,0.0003178,0.0000008,0.0000006
20155,0.0003177,0.0000008,0.0000006
20156,0.0003176,0.0000008,0.0000006
20157,0.0003175,0.0000008,0.0000006
20158,0.0003174,0.0000008,0.0000006
20159,0.0003173,0.0000008,0.0000006
20160,0.0003173,0.0000008,0.0000006
20161,0.0003172,0.0000008,0.0000006
20162,0.0003171,0.0000008,0.0000006
20163,0.0003170,0.0000008,0.0000006
20164,0.0003169,0.0000008,0.0000006
20165,0.0003168,0.0000008,0.0000006
20166,0.0003167,0.0000008,0.0000006
20167,0.0003166,0.0000008,0.0000006
20168,0.0003166,0.0000008,0.0000006
20169,0.0003165,0.0000008,0.0000006
20170,0.0003164,0.0000008,0.0000006
20171,0.0003163,0.0000008,0.0000006
20172,0.0003162,0.0000008,0.0000006
20173,0.0003161,0.0000008,0.0000006
20174,0.0003160,0.0000008,0.0000006
20175,0.0003159,0.0000008,0.0000006
20176,0.0003159,0.0000008,0.0000006
20177,0.0003158,0.0000008,0.0000006
20178,0.0003157,0.0000008,0.0000006
20179,0.0003156,0.0000008,0.0000006
20180,0.0003155,0.0000008,0.0000006
20181,0.0003154,0.0000008,0.0000006
20182,0.0003153,0.0000008,0.0000006
20183,0.0003153,0.0000008,0.0000006
20184,0.0003152,0.0000008,0.0000006
20185,0.0003151,0.0000008,0.0000006
20186,0.0003150,0.0000008,0.0000006
20187,0.0003149,0.0000008,0.0000006
20188,0.0003148,0.0000008,0.0000006
20189,0.0003147,0.0000008,0.0000006
20190,0.0003146,0.0000008,0.0000006
20191,0.0003146,0.0000008,0.0000006
20192,0.0003145,0.0000008,0.0000006
20193,0.0003144,0.0000008,0.0000006
20194,0.0003143,0.0000008,0.0000006
20195,0.0003142,0.0000008,0.0000006
20196,0.0003141,0.0000008,0.0000006
20197,0.0003140,0.0000008,0.0000006
20198,0.0003140,0.0000008,0.0000006
20199,0.0003139,0.0000008,0.0000006
20200,0.0003138,0.0000008,0.0000006
20201,0.0003137,0.0000008,0.0000006
20202,0.0003136,0.0000008,0.0000006
20203,0.0003135,0.0000008,0.0000006
20204,0.0003134,0.0000008,0.0000006
20205,0.0003134,0.0000008,0.0000006
20206,0.0003133,0.0000008,0.0000006
20207,0.0003132,0.0000008,0.0000006
20208,0.0003131,0.0000008,0.0000006
20209,0.0003130,0.0000008,0.0000006
20210,0.0003129,0.0000008,0.0000006
20211,0.0003128,0.0000008,0.0000006
20212,0.0003127,0.0000008,0.0000006
20213,0.0003127,0.0000008,0.0000006
20214,0.0003126,0.0000008,0.0000006
20215,0.0003125,0.0000008,0.0000006
20216,0.0003124,0.0000008,0.0000006
20217,0.0003123,0.0000008,0.0000006
20218,0.0003122,0.0000008,0.0000006
20219,0.0003121,0.0000008,0.0000006
20220,0.0003121,0.0000008,0.0000006
20221,0.0003120,0.0000008,0.0000006
20222,0.0003119,0.0000008,0.0000006
20223,0.0003118,0.0000008,0.0000006
20224,0.0003117,0.0000008,0.0000006
20225,0.0003116,0.0000008,0.0000006
20226,0.0003116,0.0000008,0.0000006
20227,0.0003115,0.0000008,0.0000006
20228,0.0003114,0.0000008,0.0000006
20229,0.0003113,0.0000008,0.0000006
20230,0.0003112,0.0000008,0.0000006
20231,0.0003111,0.0000008,0.0000006
20232,0.0003110,0.0000008,0.0000006
20233,0.0003110,0.0000008,0.0000006
20234,0.0003109,0.0000008,0.0000006
20235,0.0003108,0.0000008,0.0000006
20236,0.0003107,0.0000008,0.0000006
20237,0.0003106,0.0000008,0.0000006
20238,0.0003105,0.0000008,0.0000006
20239,0.0003104,0.0000008,0.0000006
20240,0.0003104,0.0000008,0.0000006
20241,0.0003103,0.0000008,0.0000006
20242,0.0003102,0.0000008,0.0000006
20243,0.0003101,0.0000008,0.0000006
20244,0.0003100,0.0000008,0.0000006
20245,0.0003099,0.0000008,0.0000006
20246,0.0003099,0.0000008,0.0000006
20247,0.0003098,0.0000008,0.0000006
20248,0.0003097,0.0000008,0.0000006
20249,0.0003096,0.0000008,0.0000006
20250,0.0003095,0.0000008,0.0000006
20251,0.0003094,0.0000008,0.0000006
20252,0.0003093,0.0000008,0.0000006
20253,0.0003093,0.0000008,0.0000006
20254,0.0003092,0.0000008,0.0000006
20255,0.0003091,0.0000008,0.0000006
20256,0.0003090,0.0000008,0.0000006
20257,0.0003089,0.0000008,0.0000006
20258,0.0003088,0.0000008,0.0000006
20259,0.0003088,0.0000008,0.0000006
20260,0.0003087,0.0000008,0.0000006
20261,0.0003086,0.0000008,0.0000006
20262,0.0003085,0.0000008,0.0000006
20263,0.0003084,0.0000008,0.0000006
20264,0.0003083,0.0000008,0.0000006
20265,0.0003083,0.0000008,0.0000006
20266,0.0003082,0.0000008,0.0000006
20267,0.0003081,0.0000008,0.0000006
20268,0.0003080,0.0000008,0.0000006
20269,0.0003079,0.0000008,0.0000006
20270,0.0003078,0.0000008,0.0000006
20271,0.0003078,0.0000008,0.0000006
20272,0.0003077,0.0000008,0.0000006
20273,0.0003076,0.0000008,0.0000006
20274,0.0003075,0.0000008,0.0000006
20275,0.0003074,0.0000008,0.0000006
20276,0.0003073,0.0000008,0.0000006
20277,0.0003073,0.0000008,0.0000006
20278,0.0003072,0.0000008,0.0000006
20279,0.0003071,0.0000008,0.0000006
20280,0.0003070,0.0000008,0.0000006
20281,0.0003069,0.0000008,0.0000006
20282,0.0003068,0.0000008,0.0000006
20283,0.0003068,0.0000008,0.0000006
20284,0.0003067,0.0000008,0.0000006
20285,0.0003066,0.0000008,0.0000006
20286,0.0003065,0.0000008,0.0000006
20287,0.0003064,0.0000008,0.0000006
20288,0.0003064,0.0000008,0.0000006
20289,0.0003063,0.0000008,0.0000006
20290,0.0003062,0.0000008,0.0000006
20291,0.0003061,0.0000008,0.0000006
20292,0.0003060,0.0000008,0.0000006
20293,0.0003059,0.0000008,0.0000006
20294,0.0003059,0.0000008,0.0000006
20295,0.0003058,0.0000008,0.0000006
20296,0.0003057,0.0000008,0.0000006
20297,0.0003056,0.0000008,0.0000006
20298,0.0003055,0.0000008,0.0000006
20299,0.0003055,0.0000008,0.0000006
20300,0.0003054,0.0000008,0.0000006
20301,0.0003053,0.0000008,0.0000006
20302,0.0003052,0.0000008,0.0000006
20303,0.0003051,0.0000008,0.0000006
20304,0.0003050,0.0000008,0.0000006
20305,0.0003050,0.0000008,0.0000006
20306,0.0003049,0.0000008,0.0000006
20307,0.0003048,0.0000008,0.0000006
20308,0.0003047,0.0000008,0.0000006
20309,0.0003046,0.0000008,0.0000006
20310,0.0003046,0.0000008,0.0000006
20311,0.0003045,0.0000008,0.0000006
20312,0.0003044,0.0000008,0.0000006
20313,0.0003043,0.0000008,0.0000006
20314,0.0003042,0.0000008,0.0000006
20315,0.0003042,0.0000008,0.0000006
20316,0.0003041,0.0000008,0.0000006
20317,0.0003040,0.0000008,0.0000006
20318,0.0003039,0.0000008,0.0000006
20319,0.0003038,0.0000008,0.0000006
20320,0.0003038,0.0000008,0.0000006
20321,0.0003037,0.0000008,0.0000006
20322,0.0003036,0.0000008,0.0000006
20323,0.0003035,0.0000008,0.0000006
20324,0.0003034,0.0000008,0.0000006
20325,0.0003034,0.0000008,0.0000006
20326,0.0003033,0.0000008,0.0000006
20327,0.0003032,0.0000008,0.0000006
20328,0.0003031,0.0000008,0.0000006
20329,0.0003031,0.0000008,0.0000006
20330,0.0003030,0.0000008,0.0000006
20331,0.0003029,0.0000008,0.0000006
20332,0.0003028,0.0000008,0.0000006
20333,0.0003027,0.0000008,0.0000006
20334,0.0003027,0.0000008,0.0000006
20335,0.0003026,0.0000008,0.0000006
20336,0.0003025,0.0000008,0.0000006
20337,0.0003024,0.0000008,0.0000006
20338,0.0003023,0.0000008,0.0000006
20339,0.0003023,0.0000008,0.0000006
20340,0.0003022,0.0000008,0.0000006
20341,0.0003021,0.0000008,0.0000006
20342,0.0003020,0.0000008,0.0000006
20343,0.0003020,0.0000008,0.0000006
20344,0.0003019,0.0000008,0.0000006
20345,0.0003018,0.0000008,0.0000006
20346,0.0003017,0.0000008,0.0000006
20347,0.0003016,0.0000008,0.0000006
20348,0.0003016,0.0000008,0.0000006
20349,0.0003015,0.0000008,0.0000006
20350,0.0003014,0.0000008,0.0000006
20351,0.0003013,0.0000008,0.0000006
20352,0.0003013,0.0000008,0.0000006
20353,0.0003012,0.0000008,0.0000006
20354,0.0003011,0.0000008,0.0000006
20355,0.0003010,0.0000008,0.0000006
20356,0.0003010,0.0000008,0.0000006
20357,0.0003009,0.0000008,0.0000006
20358,0.0003008,0.0000008,0.0000006
20359,0.0003007,0.0000008,0.0000006
20360,0.0003006,0.0000008,0.0000006
20361,0.0003006,0.0000008,0.0000006
20362,0.0003005,0.0000008,0.0000006
20363,0.0003004,0.0000008,0.0000006
20364,0.0003003,0.0000008,0.0000006
20365,0.0003003,0.0000008,0.0000006
20366,0.0003002,0.0000008,0.0000006
20367,0.0003001,0.0000008,0.0000006
20368,0.0003000,0.0000008,0.0000006
20369,0.0003000,0.0000008,0.0000006
20370,0.0002999,0.0000008,0.0000006
20371,0.0002998,0.0000008,0.0000006
20372,0.0002997,0.0000008,0.0000006
20373,0.0002997,0.0000008,0.0000006
20374,0.0002996,0.0000008,0.0000006
20375,0.0002995,0.0000008,0.0000006
20376,0.0002994,0.0000008,0.0000006
20377,0.0002994,0.0000008,0.0000006
20378,0.0002993,0.0000008,0.0000006
20379,0.0002992,0.0000008,0.0000006
20380,0.0002991,0.0000008,0.0000006
20381,0.0002991,0.0000008,0.0000006
20382,0.0002990,0.0000008,0.0000006
20383,0.0002989,0.0000008,0.0000006
20384,0.0002989,0.0000008,0.0000006
20385,0.0002988,0.0000008,0.0000006
20386,0.0002987,0.0000008,0.0000006
20387,0.0002986,0.0000008,0.0000006
20388,0.0002986,0.0000008,0.0000006
20389,0.0002985,0.0000008,0.0000006
20390,0.0002984,0.0000008,0.0000006
20391,0.0002983,0.0000008,0.0000006
20392,0.0002983,0.0000008,0.0000006
20393,0.0002982,0.0000008,0.0000006
20394,0.0002981,0.0000008,0.0000006
20395,0.0002980,0.0000008,0.0000006
20396,0.0002980,0.0000008,0.0000006
20397,0.0002979,0.0000008,0.0000006
20398,0.0002978,0.0000008,0.0000006
20399,0.0002978,0.0000008,0.0000006
20400,0.0002977,0.0000008,0.0000006
20401,0.0002976,0.0000008,0.0000006
20402,0.0002975,0.0000008,0.0000006
20403,0.0002975,0.0000008,0.0000006
20404,0.0002974,0.0000008,0.0000006
20405,0.0002973,0.0000008,0.0000006
20406,0.0002973,0.0000008,0.0000006
20407,0.0002972,0.0000008,0.0000006
20408,0.0002971,0.0000008,0.0000006
20409,0.0002970,0.0000008,0.0000006
20410,0.0002970,0.0000008,0.0000006
20411,0.0002969,0.0000008,0.0000006
20412,0.0002968,0.0000008,0.0000006
20413,0.0002968,0.0000008,0.0000006
20414,0.0002967,0.0000008,0.0000006
20415,0.0002966,0.0000008,0.0000006
20416,0.0002965,0.0000008,0.0000006
20417,0.0002965,0.0000008,0.0000006
20418,0.0002964,0.0000008,0.0000006
20419,0.0002963,0.0000008,0.0000006
20420,0.0002963,0.0000008,0.0000006
20421,0.0002962,0.0000008,0.0000006
20422,0.0002961,0.0000008,0.0000006
20423,0.0002961,0.0000008,0.0000006
20424,0.0002960,0.0000008,0.0000006
20425,0.0002959,0.0000008,0.0000006
20426,0.0002959,0.0000008,0.0000006
20427,0.0002958,0.0000008,0.0000006
20428,0.0002957,0.0000008,0.0000006
20429,0.0002956,0.0000008,0.0000006
20430,0.0002956,0.0000008,0.0000006
20431,0.0002955,0.0000008,0.0000006
20432,0.0002954,0.0000008,0.0000006
20433,0.0002954,0.0000008,0.0000006
20434,0.0002953,0.0000008,0.0000006
20435,0.0002952,0.0000008,0.0000006
20436,0.0002952,0.0000008,0.0000006
20437,0.0002951,0.0000008,0.0000006
20438,0.0002950,0.0000008,0.0000006
20439,0.0002950,0.0000008,0.0000006
20440,0.0002949,0.0000008,0.0000006
20441,0.0002948,0.0000008,0.0000006
20442,0.0002948,0.0000008,0.0000006
20443,0.0002947,0.0000008,0.0000006
20444,0.0002946,0.0000008,0.0000006
20445,0.0002946,0.0000008,0.0000006
20446,0.0002945,0.0000008,0.0000006
20447,0.0002944,0.0000008,0.0000006
20448,0.0002944,0.0000008,0.0000006
20449,0.0002943,0.0000008,0.0000006
20450,0.0002942,0.0000008,0.0000006
20451,0.0002942,0.0000008,0.0000006
20452,0.0002941,0.0000008,0.0000006
20453,0.0002940,0.0000008,0.0000006
20454,0.0002940,0.0000008,0.0000006
20455,0.0002939,0.0000008,0.0000006
20456,0.0002938,0.0000008,0.0000006
20457,0.0002938,0.0000008,0.0000006
20458,0.0002937,0.0000008,0.0000006
20459,0.0002936,0.0000008,0.0000006
20460,0.0002936,0.0000008,0.0000006
20461,0.0002935,0.0000008,0.0000006
20462,0.0002934,0.0000008,0.0000006
20463,0.0002934,0.0000008,0.0000006
20464,0.0002933,0.0000008,0.0000006
20465,0.0002933,0.0000008,0.0000006
20466,0.0002932,0.0000008,0.0000006
20467,0.0002931,0.0000008,0.0000006
20468,0.0002931,0.0000008,0.0000006
20469,0.0002930,0.0000008,0.0000006
20470,0.0002929,0.0000008,0.0000006
20471,0.0002929,0.0000008,0.0000006
20472,0.0002928,0.0000008,0.0000006
20473,0.0002927,0.0000008,0.0000006
20474,0.0002927,0.0000008,0.0000006
20475,0.0002926,0.0000008,0.0000006
20476,0.0002926,0.0000008,0.0000006
20477,0.0002925,0.0000008,0.0000006
20478,0.0002924,0.0000008,0.0000006
20479,0.0002924,0.0000008,0.0000006
20480,0.0002923,0.0000008,0.0000006
20481,0.0002922,0.0000008,0.0000006
20482,0.0002922,0.0000008,0.0000006
20483,0.0002921,0.0000008,0.0000006
20484,0.0002921,0.0000008,0.0000006
20485,0.0002920,0.0000008,0.0000006
20486,0.0002919,0.0000008,0.0000006
20487,0.0002919,0.0000008,0.0000006
20488,0.0002918,0.0000008,0.0000006
20489,0.0002917,0.0000008,0.0000006
20490,0.0002917,0.0000008,0.0000006
20491,0.0002916,0.0000008,0.0000006
20492,0.0002916,0.0000008,0.0000006
20493,0.0002915,0.0000008,0.0000006
20494,0.0002914,0.0000008,0.0000006
20495,0.0002914,0.0000008,0.0000006
20496,0.0002913,0.0000008,0.0000006
20497,0.0002913,0.0000008,0.0000006
20498,0.0002912,0.0000008,0.0000006
20499,0.0002911,0.0000008,0.0000006
20500,0.0002911,0.0000008,0.0000006
20501,0.0002910,0.0000008,0.0000006
20502,0.0002910,0.0000008,0.0000006
20503,0.0002909,0.0000008,0.0000006
20504,0.0002908,0.0000008,0.0000006
20505,0.0002908,0.0000008,0.0000006
20506,0.0002907,0.0000008,0.0000006
20507,0.0002907,0.0000008,0.0000006
20508,0.0002906,0.0000008,0.0000006
20509,0.0002906,0.0000008,0.0000006
20510,0.0002905,0.0000008,0.0000006
20511,0.0002904,0.0000008,0.0000006
20512,0.0002904,0.0000008,0.0000006
20513,0.0002903,0.0000008,0.0000006
20514,0.0002903,0.0000008,0.0000006
20515,0.0002902,0.0000008,0.0000006
20516,0.0002901,0.0000008,0.0000006
20517,0.0002901,0.0000008,0.0000006
20518,0.0002900,0.0000008,0.0000006
20519,0.0002900,0.0000008,0.0000006
20520,0.0002899,0.0000008,0.0000006
20521,0.0002899,0.0000008,0.0000006
20522,0.0002898,0.0000008,0.0000006
20523,0.0002897,0.0000008,0.0000006
20524,0.0002897,0.0000008,0.0000006
20525,0.0002896,0.0000008,0.0000006
20526,0.0002896,0.0000008,0.0000006
20527,0.0002895,0.0000008,0.0000006
20528,0.0002895,0.0000008,0.0000006
20529,0.0002894,0.0000008,0.0000006
20530,0.0002894,0.0000008,0.0000006
20531,0.0002893,0.0000008,0.0000006
20532,0.0002892,0.0000008,0.0000006
20533,0.0002892,0.0000008,0.0000006
20534,0.0002891,0.0000008,0.0000006
20535,0.0002891,0.0000008,0.0000006
20536,0.0002890,0.0000008,0.0000006
20537,0.0002890,0.0000008,0.0000006
20538,0.0002889,0.0000008,0.0000006
20539,0.0002889,0.0000008,0.0000006
20540,0.0002888,0.0000008,0.0000006
20541,0.0002888,0.0000008,0.0000006
20542,0.0002887,0.0000008,0.0000006
20543,0.0002886,0.0000008,0.0000006
20544,0.0002886,0.0000008,0.0000006
20545,0.0002885,0.0000008,0.0000006
20546,0.0002885,0.0000008,0.0000006
20547,0.0002884,0.0000008,0.0000006
20548,0.0002884,0.0000008,0.0000006
20549,0.0002883,0.0000008,0.0000006
20550,0.0002883,0.0000008,0.0000006
20551,0.0002882,0.0000008,0.0000006
20552,0.0002882,0.0000008,0.0000006
20553,0.0002881,0.0000008,0.0000006
20554,0.0002881,0.0000008,0.0000006
20555,0.0002880,0.0000008,0.0000006
20556,0.0002880,0.0000008,0.0000006
20557,0.0002879,0.0000008,0.0000006
20558,0.0002879,0.0000008,0.0000006
20559,0.0002878,0.0000008,0.0000006
20560,0.0002878,0.0000008,0.0000006
20561,0.0002877,0.0000008,0.0000006
20562,0.0002877,0.0000008,0.0000006
20563,0.0002876,0.0000008,0.0000006
20564,0.0002876,0.0000008,0.0000006
20565,0.0002875,0.0000008,0.0000006
20566,0.0002875,0.0000008,0.0000006
20567,0.0002874,0.0000008,0.0000006
20568,0.0002874,0.0000008,0.0000006
20569,0.0002873,0.0000008,0.0000006
20570,0.0002873,0.0000008,0.0000006
20571,0.0002872,0.0000008,0.0000006
20572,0.0002872,0.0000008,0.0000006
20573,0.0002871,0.0000008,0.0000006
20574,0.0002871,0.0000008,0.0000006
20575,0.0002870,0.0000008,0.0000006
20576,0.0002870,0.0000008,0.0000006
20577,0.0002869,0.0000008,0.0000006
20578,0.0002869,0.0000008,0.0000006
20579,0.0002868,0.0000008,0.0000006
20580,0.0002868,0.0000008,0.0000006
20581,0.0002867,0.0000008,0.0000006
20582,0.0002867,0.0000008,0.0000006
20583,0.0002866,0.0000008,0.0000006
20584,0.0002866,0.0000008,0.0000006
20585,0.0002865,0.0000008,0.0000006
20586,0.0002865,0.0000008,0.0000006
20587,0.0002864,0.0000008,0.0000006
20588,0.0002864,0.0000008,0.0000006
20589,0.0002863,0.0000008,0.0000006
20590,0.0002863,0.0000008,0.0000006
20591,0.0002862,0.0000008,0.0000006
20592,0.0002862,0.0000008,0.0000006
20593,0.0002861,0.0000008,0.0000006
20594,0.0002861,0.0000008,0.0000006
20595,0.0002861,0.0000008,0.0000006
20596,0.0002860,0.0000008,0.0000006
20597,0.0002860,0.0000008,0.0000006
20598,0.0002859,0.0000008,0.0000006
20599,0.0002859,0.0000008,0.0000006
20600,0.0002858,0.0000008,0.0000006
20601,0.0002858,0.0000008,0.0000006
20602,0.0002857,0.0000008,0.0000006
20603,0.0002857,0.0000008,0.0000006
20604,0.0002856,0.0000008,0.0000006
20605,0.0002856,0.0000008,0.0000006
20606,0.0002856,0.0000008,0.0000006
20607,0.0002855,0.0000008,0.0000006
20608,0.0002855,0.0000008,0.0000006
20609,0.0002854,0.0000008,0.0000006
20610,0.0002854,0.0000008,0.0000006
20611,0.0002853,0.0000008,0.0000006
20612,0.0002853,0.0000008,0.0000006
20613,0.0002853,0.0000008,0.0000006
20614,0.0002852,0.0000008,0.0000006
20615,0.0002852,0.0000008,0.0000006
20616,0.0002851,0.0000008,0.0000006
20617,0.0002851,0.0000008,0.0000006
20618,0.0002850,0.0000008,0.0000006
20619,0.0002850,0.0000008,0.0000006
20620,0.0002850,0.0000008,0.0000006
20621,0.0002849,0.0000008,0.0000006
20622,0.0002849,0.0000008,0.0000006
20623,0.0002848,0.0000008,0.0000006
20624,0.0002848,0.0000008,0.0000006
20625,0.0002847,0.0000008,0.0000006
20626,0.0002847,0.0000008,0.0000006
20627,0.0002847,0.0000008,0.0000006
20628,0.0002846,0.0000008,0.0000006
20629,0.0002846,0.0000008,0.0000006
20630,0.0002845,0.0000008,0.0000006
20631,0.0002845,0.0000008,0.0000006
20632,0.0002845,0.0000008,0.0000006
20633,0.0002844,0.0000008,0.0000006
20634,0.0002844,0.0000008,0.0000006
20635,0.0002843,0.0000008,0.0000006
20636,0.0002843,0.0000008,0.0000006
20637,0.0002843,0.0000008,0.0000006
20638,0.0002842,0.0000008,0.0000006
20639,0.0002842,0.0000008,0.0000006
20640,0.0002841,0.0000008,0.0000006
20641,0.0002841,0.0000008,0.0000006
20642,0.0002841,0.0000008,0.0000006
20643,0.0002840,0.0000008,0.0000006
20644,0.0002840,0.0000008,0.0000006
20645,0.0002839,0.0000008,0.0000006
20646,0.0002839,0.0000008,0.0000006
20647,0.0002839,0.0000008,0.0000006
20648,0.0002838,0.0000008,0.0000006
20649,0.0002838,0.0000008,0.0000006
20650,0.0002837,0.0000008,0.0000006
20651,0.0002837,0.0000008,0.0000006
20652,0.0002837,0.0000008,0.0000006
20653,0.0002836,0.0000008,0.0000006
20654,0.0002836,0.0000008,0.0000006
20655,0.0002836,0.0000008,0.0000006
20656,0.0002835,0.0000008,0.0000006
20657,0.0002835,0.0000008,0.0000006
20658,0.0002835,0.0000008,0.0000006
20659,0.0002834,0.0000008,0.0000006
20660,0.0002834,0.0000008,0.0000006
20661,0.0002833,0.0000008,0.0000006
20662,0.0002833,0.0000008,0.0000006
20663,0.0002833,0.0000008,0.0000006
20664,0.0002832,0.0000008,0.0000006
20665,0.0002832,0.0000008,0.0000006
20666,0.0002832,0.0000008,0.0000006
20667,0.0002831,0.0000008,0.0000006
20668,0.0002831,0.0000008,0.0000006
20669,0.0002831,0.0000008,0.0000006
20670,0.0002830,0.0000008,0.0000006
20671,0.0002830,0.0000008,0.0000006
20672,0.0002830,0.0000008,0.0000006
20673,0.0002829,0.0000008,0.0000006
20674,0.0002829,0.0000008,0.0000006
20675,0.0002828,0.0000008,0.0000006
20676,0.0002828,0.0000008,0.0000006
20677,0.0002828,0.0000008,0.0000006
20678,0.0002827,0.0000008,0.0000006
20679,0.0002827,0.0000008,0.0000006
20680,0.0002827,0.0000008,0.0000006
20681,0.0002826,0.0000008,0.0000006
20682,0.0002826,0.0000008,0.0000006
20683,0.0002826,0.0000008,0.0000006
20684,0.0002825,0.0000008,0.0000006
20685,0.0002825,0.0000008,0.0000006
20686,0.0002825,0.0000008,0.0000006
20687,0.0002825,0.0000008,0.0000006
20688,0.0002824,0.0000008,0.0000006
20689,0.0002824,0.0000008,0.0000006
20690,0.0002824,0.0000008,0.0000006
20691,0.0002823,0.0000008,0.0000006
20692,0.0002823,0.0000008,0.0000006
20693,0.0002823,0.0000008,0.0000006
20694,0.0002822,0.0000008,0.0000006
20695,0.0002822,0.0000008,0.0000006
20696,0.0002822,0.0000008,0.0000006
20697,0.0002821,0.0000008,0.0000006
20698,0.0002821,0.0000008,0.0000006
20699,0.0002821,0.0000008,0.0000006
20700,0.0002820,0.0000008,0.0000006
20701,0.0002820,0.0000008,0.0000006
20702,0.0002820,0.0000008,0.0000006
20703,0.0002820,0.0000008,0.0000006
20704,0.0002819,0.0000008,0.0000006
20705,0.0002819,0.0000008,0.0000006
20706,0.0002819,0.0000008,0.0000006
20707,0.0002818,0.0000008,0.0000006
20708,0.0002818,0.0000008,0.0000006
20709,0.0002818,0.0000008,0.0000006
20710,0.0002817,0.0000008,0.0000006
20711,0.0002817,0.0000008,0.0000006
20712,0.0002817,0.0000008,0.0000006
20713,0.0002817,0.0000008,0.0000006
20714,0.0002816,0.0000008,0.0000006
20715,0.0002816,0.0000008,0.0000006
20716,0.0002816,0.0000008,0.0000006
20717,0.0002815,0.0000008,0.0000006
20718,0.0002815,0.0000008,0.0000006
20719,0.0002815,0.0000008,0.0000006
20720,0.0002815,0.0000008,0.0000006
20721,0.0002814,0.0000008,0.0000006
20722,0.0002814,0.0000008,0.0000006
20723,0.0002814,0.0000008,0.0000006
20724,0.0002814,0.0000008,0.0000006
20725,0.0002813,0.0000008,0.0000006
20726,0.0002813,0.0000008,0.0000006
20727,0.0002813,0.0000008,0.0000006
20728,0.0002812,0.0000008,0.0000006
20729,0.0002812,0.0000008,0.0000006
20730,0.0002812,0.0000008,0.0000006
20731,0.0002812,0.0000008,0.0000006
20732,0.0002811,0.0000008,0.0000006
20733,0.0002811,0.0000008,0.0000006
20734,0.0002811,0.0000008,0.0000006
20735,0.0002811,0.0000008,0.0000006
20736,0.0002810,0.0000008,0.0000006
20737,0.0002810,0.0000008,0.0000006
20738,0.0002810,0.0000008,0.0000006
20739,0.0002810,0.0000008,0.0000006
20740,0.0002809,0.0000008,0.0000006
20741,0.0002809,0.0000008,0.0000006
20742,0.0002809,0.0000008,0.0000006
20743,0.0002809,0.0000008,0.0000006
20744,0.0002808,0.0000008,0.0000006
20745,0.0002808,0.0000008,0.0000006
20746,0.0002808,0.0000008,0.0000006
20747,0.0002808,0.0000008,0.0000006
20748,0.0002807,0.0000008,0.0000006
20749,0.0002807,0.0000008,0.0000006
20750,0.0002807,0.0000008,0.0000006
20751,0.0002807,0.0000008,0.0000006
20752,0.0002807,0.0000008,0.0000006
20753,0.0002806,0.0000008,0.0000006
20754,0.0002806,0.0000008,0.0000006
20755,0.0002806,0.0000008,0.0000006
20756,0.0002806,0.0000008,0.0000006
20757,0.0002805,0.0000008,0.0000006
20758,0.0002805,0.0000008,0.0000006
20759,0.0002805,0.0000008,0.0000006
20760,0.0002805,0.0000008,0.0000006
20761,0.0002804,0.0000008,0.0000006
20762,0.0002804,0.0000008,0.0000006
20763,0.0002804,0.0000008,0.0000006
20764,0.0002804,0.0000008,0.0000006
20765,0.0002804,0.0000008,0.0000006
20766,0.0002803,0.0000008,0.0000006
20767,0.0002803,0.0000008,0.0000006
20768,0.0002803,0.0000008,0.0000006
20769,0.0002803,0.0000008,0.0000006
20770,0.0002803,0.0000008,0.0000006
20771,0.0002802,0.0000008,0.0000006
20772,0.0002802,0.0000008,0.0000006
20773,0.0002802,0.0000008,0.0000006
20774,0.0002802,0.0000008,0.0000006
20775,0.0002802,0.0000008,0.0000006
20776,0.0002801,0.0000008,0.0000006
20777,0.0002801,0.0000008,0.0000006
20778,0.0002801,0.0000008,0.0000006
20779,0.0002801,0.0000008,0.0000006
20780,0.0002801,0.0000008,0.0000006
20781,0.0002800,0.0000008,0.0000006
20782,0.0002800,0.0000008,0.0000006
20783,0.0002800,0.0000008,0.0000006
20784,0.0002800,0.0000008,0.0000006
20785,0.0002800,0.0000008,0.0000006
20786,0.0002799,0.0000008,0.0000006
20787,0.0002799,0.0000008,0.0000006
20788,0.0002799,0.0000008,0.0000006
20789,0.0002799,0.0000008,0.0000006
20790,0.0002799,0.0000008,0.0000006
20791,0.0002799,0.0000008,0.0000006
20792,0.0002798,0.0000008,0.0000006
20793,0.0002798,0.0000008,0.0000006
20794,0.0002798,0.0000008,0.0000006
20795,0.0002798,0.0000008,0.0000006
20796,0.0002798,0.0000008,0.0000006
20797,0.0002797,0.0000008,0.0000006
20798,0.0002797,0.0000008,0.0000006
20799,0.0002797,0.0000008,0.0000006
20800,0.0002797,0.0000008,0.0000006
20801,0.0002797,0.0000008,0.0000006
20802,0.0002797,0.0000008,0.0000006
20803,0.0002796,0.0000008,0.0000006
20804,0.0002796,0.0000008,0.0000006
20805,0.0002796,0.0000008,0.0000006
20806,0.0002796,0.0000008,0.0000006
20807,0.0002796,0.0000008,0.0000006
20808,0.0002796,0.0000008,0.0000006
20809,0.0002796,0.0000008,0.0000006
20810,0.0002795,0.0000008,0.0000006
20811,0.0002795,0.0000008,0.0000006
20812,0.0002795,0.0000008,0.0000006
20813,0.0002795,0.0000008,0.0000006
20814,0.0002795,0.0000008,0.0000006
20815,0.0002795,0.0000008,0.0000006
20816,0.0002794,0.0000008,0.0000006
20817,0.0002794,0.0000008,0.0000006
20818,0.0002794,0.0000008,0.0000006
20819,0.0002794,0.0000008,0.0000006
20820,0.0002794,0.0000008,0.0000006
20821,0.0002794,0.0000008,0.0000006
20822,0.0002794,0.0000008,0.0000006
20823,0.0002793,0.0000008,0.0000006
20824,0.0002793,0.0000008,0.0000006
20825,0.0002793,0.0000008,0.0000006
20826,0.0002793,0.0000008,0.0000006
20827,0.0002793,0.0000008,0.0000006
20828,0.0002793,0.0000008,0.0000006
20829,0.0002793,0.0000008,0.0000006
20830,0.0002793,0.0000008,0.0000006
20831,0.0002792,0.0000008,0.0000006
20832,0.0002792,0.0000008,0.0000006
20833,0.0002792,0.0000008,0.0000006
20834,0.0002792,0.0000008,0.0000006
20835,0.0002792,0.0000008,0.0000006
20836,0.0002792,0.0000008,0.0000006
20837,0.0002792,0.0000008,0.0000006
20838,0.0002792,0.0000008,0.0000006
20839,0.0002791,0.0000008,0.0000006
20840,0.0002791,0.0000008,0.0000006
20841,0.0002791,0.0000008,0.0000006
20842,0.0002791,0.0000008,0.0000006
20843,0.0002791,0.0000008,0.0000006
20844,0.0002791,0.0000008,0.0000006
20845,0.0002791,0.0000008,0.0000006
20846,0.0002791,0.0000008,0.0000006
20847,0.0002790,0.0000008,0.0000006
20848,0.0002790,0.0000008,0.0000006
20849,0.0002790,0.0000008,0.0000006
20850,0.0002790,0.0000008,0.0000006
20851,0.0002790,0.0000008,0.0000006
20852,0.0002790,0.0000008,0.0000006
20853,0.0002790,0.0000008,0.0000006
20854,0.0002790,0.0000008,0.0000006
20855,0.0002790,0.0000008,0.0000006
20856,0.0002790,0.0000008,0.0000006
20857,0.0002789,0.0000008,0.0000006
20858,0.0002789,0.0000008,0.0000006
20859,0.0002789,0.0000008,0.0000006
20860,0.0002789,0.0000008,0.0000006
20861,0.0002789,0.0000008,0.0000006
20862,0.0002789,0.0000008,0.0000006
20863,0.0002789,0.0000008,0.0000006
20864,0.0002789,0.0000008,0.0000006
20865,0.0002789,0.0000008,0.0000006
20866,0.0002789,0.0000008,0.0000006
20867,0.0002788,0.0000008,0.0000006
20868,0.0002788,0.0000008,0.0000006
20869,0.0002788,0.0000008,0.0000006
20870,0.0002788,0.0000008,0.0000006
20871,0.0002788,0.0000008,0.0000006
20872,0.0002788,0.0000008,0.0000006
20873,0.0002788,0.0000008,0.0000006
20874,0.0002788,0.0000008,0.0000006
20875,0.0002788,0.0000008,0.0000006
20876,0.0002788,0.0000008,0.0000006
20877,0.0002788,0.0000008,0.0000006
20878,0.0002788,0.0000008,0.0000006
20879,0.0002787,0.0000008,0.0000006
20880,0.0002787,0.0000008,0.0000006
20881,0.0002787,0.0000008,0.0000006
20882,0.0002787,0.0000008,0.0000006
20883,0.0002787,0.0000008,0.0000006
20884,0.0002787,0.0000008,0.0000006
20885,0.0002787,0.0000008,0.0000006
20886,0.0002787,0.0000008,0.0000006
20887,0.0002787,0.0000008,0.0000006
20888,0.0002787,0.0000008,0.0000006
20889,0.0002787,0.0000008,0.0000006
20890,0.0002787,0.0000008,0.0000006
20891,0.0002787,0.0000008,0.0000006
20892,0.0002787,0.0000008,0.0000006
20893,0.0002787,0.0000008,0.0000006
20894,0.0002786,0.0000008,0.0000006
20895,0.0002786,0.0000008,0.0000006
20896,0.0002786,0.0000008,0.0000006
20897,0.0002786,0.0000008,0.0000006
20898,0.0002786,0.0000008,0.0000006
20899,0.0002786,0.0000008,0.0000006
20900,0.0002786,0.0000008,0.0000006
20901,0.0002786,0.0000008,0.0000006
20902,0.0002786,0.0000008,0.0000006
20903,0.0002786,0.0000008,0.0000006
20904,0.0002786,0.0000008,0.0000006
20905,0.0002786,0.0000008,0.0000006
20906,0.0002786,0.0000008,0.0000006
20907,0.0002786,0.0000008,0.0000006
20908,0.0002786,0.0000008,0.0000006
20909,0.0002786,0.0000008,0.0000006
20910,0.0002786,0.0000008,0.0000006
20911,0.0002786,0.0000008,0.0000006
20912,0.0002786,0.0000008,0.0000006
20913,0.0002785,0.0000008,0.0000006
20914,0.0002785,0.0000008,0.0000006
20915,0.0002785,0.0000008,0.0000006
20916,0.0002785,0.0000008,0.0000006
20917,0.0002785,0.0000008,0.0000006
20918,0.0002785,0.0000008,0.0000006
20919,0.0002785,0.0000008,0.0000006
20920,0.0002785,0.0000008,0.0000006
20921,0.0002785,0.0000008,0.0000006
20922,0.0002785,0.0000008,0.0000006
20923,0.0002785,0.0000008,0.0000006
20924,0.0002785,0.0000008,0.0000006
20925,0.0002785,0.0000008,0.0000006
20926,0.0002785,0.0000008,0.0000006
20927,0.0002785,0.0000008,0.0000006
20928,0.0002785,0.0000008,0.0000006
20929,0.0002785,0.0000008,0.0000006
20930,0.0002785,0.0000008,0.0000006
20931,0.0002785,0.0000008,0.0000006
20932,0.0002785,0.0000008,0.0000006
20933,0.0002785,0.0000008,0.0000006
20934,0.0002785,0.0000008,0.0000006
20935,0.0002785,0.0000008,0.0000006
20936,0.0002785,0.0000008,0.0000006
20937,0.0002785,0.0000008,0.0000006
20938,0.0002785,0.0000008,0.0000006
20939,0.0002785,0.0000008,0.0000006
20940,0.0002785,0.0000008,0.0000006
20941,0.0002785,0.0000008,0.0000006
20942,0.0002785,0.0000008,0.0000006
20943,0.0002785,0.0000008,0.0000006
20944,0.0002785,0.0000008,0.0000006
20945,0.0002785,0.0000008,0.0000006
20946,0.0002785,0.0000008,0.0000006
20947,0.0002785,0.0000008,0.0000006
20948,0.0002785,0.0000008,0.0000006
20949,0.0002785,0.0000008,0.0000006
20950,0.0002784,0.0000008,0.0000006
20951,0.0002784,0.0000008,0.0000006
20952,0.0002784,0.0000008,0.0000006
20953,0.0002784,0.0000008,0.0000006
20954,0.0002784,0.0000008,0.0000006
20955,0.0002784,0.0000008,0.0000006
20956,0.0002784,0.0000008,0.0000006
20957,0.0002784,0.0000008,0.0000006
20958,0.0002784,0.0000008,0.0000006
20959,0.0002784,0.0000008,0.0000006
20960,0.0002784,0.0000008,0.0000006
20961,0.0002784,0.0000008,0.0000006
20962,0.0002784,0.0000008,0.0000006
20963,0.0002784,0.0000008,0.0000006
20964,0.0002784,0.0000008,0.0000006
20965,0.0002784,0.0000008,0.0000006
20966,0.0002784,0.0000008,0.0000006
20967,0.0002784,0.0000008,0.0000006
20968,0.0002784,0.0000008,0.0000006
20969,0.0002784,0.0000008,0.0000006
20970,0.0002784,0.0000008,0.0000006
20971,0.0002784,0.0000008,0.0000006
20972,0.0002784,0.0000008,0.0000006
20973,0.0002784,0.0000008,0.0000006
20974,0.0002784,0.0000008,0.0000006
20975,0.0002784,0.0000008,0.0000006
20976,0.0002784,0.0000008,0.0000006
20977,0.0002784,0.0000008,0.0000006
20978,0.0002784,0.0000008,0.0000007
20979,0.0002784,0.0000008,0.0000007
20980,0.0002784,0.0000008,0.0000007
20981,0.0002784,0.0000008,0.0000007
20982,0.0002785,0.0000008,0.0000007
20983,0.0002785,0.0000008,0.0000007
20984,0.0002785,0.0000008,0.0000007
20985,0.0002785,0.0000008,0.0000007
20986,0.0002785,0.0000008,0.0000007
20987,0.0002785,0.0000008,0.0000007
20988,0.0002785,0.0000008,0.0000007
20989,0.0002785,0.0000008,0.0000007
20990,0.0002785,0.0000008,0.0000007
20991,0.0002785,0.0000008,0.0000007
20992,0.0002785,0.0000008,0.0000007
20993,0.0002785,0.0000008,0.0000007
20994,0.0002785,0.0000008,0.0000007
20995,0.0002785,0.0000008,0.0000007
20996,0.0002785,0.0000008,0.0000007
20997,0.0002785,0.0000008,0.0000007
20998,0.0002785,0.0000008,0.0000007
20999,0.0002785,0.0000008,0.0000007
21000,0.0002785,0.0000008,0.0000007
21001,0.0002785,0.0000008,0.0000007
21002,0.0002785,0.0000008,0.0000007
21003,0.0002785,0.0000008,0.0000007
21004,0.0002785,0.0000008,0.0000007
21005,0.0002785,0.0000008,0.0000007
21006,0.0002785,0.0000008,0.0000007
21007,0.0002785,0.0000008,0.0000007
21008,0.0002785,0.0000008,0.0000007
21009,0.0002785,0.0000008,0.0000007
21010,0.0002785,0.0000008,0.0000007
21011,0.0002785,0.0000008,0.0000007
21012,0.0002785,0.0000008,0.0000007
21013,0.0002785,0.0000008,0.0000007
21014,0.0002785,0.0000008,0.0000007
21015,0.0002785,0.0000008,0.0000007
21016,0.0002785,0.0000008,0.0000007
21017,0.0002785,0.0000008,0.0000007
21018,0.0002785,0.0000008,0.0000007
21019,0.0002785,0.0000008,0.0000007
21020,0.0002785,0.0000008,0.0000007
21021,0.0002785,0.0000008,0.0000007
21022,0.0002785,0.0000008,0.0000007
21023,0.0002785,0.0000008,0.0000007
21024,0.0002786,0.0000008,0.0000007
21025,0.0002786,0.0000008,0.0000007
21026,0.0002786,0.0000008,0.0000007
21027,0.0002786,0.0000008,0.0000007
21028,0.0002786,0.0000008,0.0000007
21029,0.0002786,0.0000008,0.0000007
21030,0.0002786,0.0000008,0.0000007
21031,0.0002786,0.0000008,0.0000007
21032,0.0002786,0.0000008,0.0000007
21033,0.0002786,0.0000008,0.0000007
21034,0.0002786,0.0000008,0.0000007
21035,0.0002786,0.0000008,0.0000007
21036,0.0002786,0.0000008,0.0000007
21037,0.0002786,0.0000008,0.0000007
21038,0.0002786,0.0000008,0.0000007
21039,0.0002786,0.0000008,0.0000007
21040,0.0002786,0.0000008,0.0000007
21041,0.0002786,0.0000008,0.0000007
21042,0.0002786,0.0000008,0.0000007
21043,0.0002786,0.0000008,0.0000007
21044,0.0002786,0.0000008,0.0000007
21045,0.0002786,0.0000008,0.0000007
21046,0.0002786,0.0000008,0.0000007
21047,0.0002786,0.0000008,0.0000007
21048,0.0002787,0.0000008,0.0000007
21049,0.0002787,0.0000008,0.0000007
21050,0.0002787,0.0000008,0.0000007
21051,0.0002787,0.0000008,0.0000007
21052,0.0002787,0.0000008,0.0000007
21053,0.0002787,0.0000008,0.0000007
21054,0.0002787,0.0000008,0.0000007
21055,0.0002787,0.0000008,0.0000007
21056,0.0002787,0.0000008,0.0000007
21057,0.0002787,0.0000008,0.0000007
21058,0.0002787,0.0000008,0.0000007
21059,0.0002787,0.0000008,0.0000007
21060,0.0002787,0.0000008,0.0000007
21061,0.0002787,0.0000008,0.0000007
21062,0.0002787,0.0000008,0.0000007
21063,0.0002787,0.0000008,0.0000007
21064,0.0002787,0.0000008,0.0000007
21065,0.0002787,0.0000008,0.0000007
21066,0.0002787,0.0000008,0.0000007
21067,0.0002787,0.0000008,0.0000007
21068,0.0002787,0.0000008,0.0000007
21069,0.0002788,0.0000008,0.0000007
21070,0.0002788,0.0000008,0.0000007
21071,0.0002788,0.0000008,0.0000007
21072,0.0002788,0.0000008,0.0000007
21073,0.0002788,0.0000008,0.0000007
21074,0.0002788,0.0000008,0.0000007
21075,0.0002788,0.0000008,0.0000007
21076,0.0002788,0.0000008,0.0000007
21077,0.0002788,0.0000008,0.0000007
21078,0.0002788,0.0000008,0.0000007
21079,0.0002788,0.0000008,0.0000007
21080,0.0002788,0.0000008,0.0000007
21081,0.0002788,0.0000008,0.0000007
21082,0.0002788,0.0000008,0.0000007
21083,0.0002788,0.0000008,0.0000007
21084,0.0002788,0.0000008,0.0000007
21085,0.0002788,0.0000008,0.0000007
21086,0.0002788,0.0000008,0.0000007
21087,0.0002789,0.0000008,0.0000007
21088,0.0002789,0.0000008,0.0000007
21089,0.0002789,0.0000008,0.0000007
21090,0.0002789,0.0000008,0.0000007
21091,0.0002789,0.0000008,0.0000007
21092,0.0002789,0.0000008,0.0000007
21093,0.0002789,0.0000008,0.0000007
21094,0.0002789,0.0000008,0.0000007
21095,0.0002789,0.0000008,0.0000007
21096,0.0002789,0.0000008,0.0000007
21097,0.0002789,0.0000008,0.0000007
21098,0.0002789,0.0000008,0.0000007
21099,0.0002789,0.0000008,0.0000007
21100,0.0002789,0.0000008,0.0000007
21101,0.0002789,0.0000008,0.0000007
21102,0.0002789,0.0000008,0.0000007
21103,0.0002789,0.0000008,0.0000007
21104,0.0002790,0.0000008,0.0000007
21105,0.0002790,0.0000008,0.0000007
21106,0.0002790,0.0000008,0.0000007
21107,0.0002790,0.0000008,0.0000007
21108,0.0002790,0.0000008,0.0000007
21109,0.0002790,0.0000008,0.0000007
21110,0.0002790,0.0000008,0.0000007
21111,0.0002790,0.0000008,0.0000007
21112,0.0002790,0.0000008,0.0000007
21113,0.0002790,0.0000008,0.0000007
21114,0.0002790,0.0000008,0.0000007
21115,0.0002790,0.0000008,0.0000007
21116,0.0002790,0.0000008,0.0000007
21117,0.0002790,0.0000008,0.0000007
21118,0.0002790,0.0000008,0.0000007
21119,0.0002790,0.0000008,0.0000007
21120,0.0002791,0.0000008,0.0000007
21121,0.0002791,0.0000008,0.0000007
21122,0.0002791,0.0000008,0.0000007
21123,0.0002791,0.0000008,0.0000007
21124,0.0002791,0.0000008,0.0000007
21125,0.0002791,0.0000008,0.0000007
21126,0.0002791,0.0000008,0.0000007
21127,0.0002791,0.0000008,0.0000007
21128,0.0002791,0.0000008,0.0000007
21129,0.0002791,0.0000008,0.0000007
21130,0.0002791,0.0000008,0.0000007
21131,0.0002791,0.0000008,0.0000007
21132,0.0002791,0.0000008,0.0000007
21133,0.0002791,0.0000008,0.0000007
21134,0.0002791,0.0000008,0.0000007
21135,0.0002791,0.0000008,0.0000007
21136,0.0002792,0.0000008,0.0000007
21137,0.0002792,0.0000008,0.0000007
21138,0.0002792,0.0000008,0.0000007
21139,0.0002792,0.0000008,0.0000007
21140,0.0002792,0.0000008,0.0000007
21141,0.0002792,0.0000008,0.0000007
21142,0.0002792,0.0000008,0.0000007
21143,0.0002792,0.0000008,0.0000007
21144,0.0002792,0.0000008,0.0000007
21145,0.0002792,0.0000008,0.0000007
21146,0.0002792,0.0000008,0.0000007
21147,0.0002792,0.0000008,0.0000007
21148,0.0002792,0.0000008,0.0000007
21149,0.0002792,0.0000008,0.0000007
21150,0.0002792,0.0000008,0.0000007
21151,0.0002793,0.0000008,0.0000007
21152,0.0002793,0.0000008,0.0000007
21153,0.0002793,0.0000008,0.0000007
21154,0.0002793,0.0000008,0.0000007
21155,0.0002793,0.0000008,0.0000007
21156,0.0002793,0.0000008,0.0000007
21157,0.0002793,0.0000008,0.0000007
21158,0.0002793,0.0000008,0.0000007
21159,0.0002793,0.0000008,0.0000007
21160,0.0002793,0.0000008,0.0000007
21161,0.0002793,0.0000008,0.0000007
21162,0.0002793,0.0000008,0.0000007
21163,0.0002793,0.0000008,0.0000007
21164,0.0002793,0.0000008,0.0000007
21165,0.0002793,0.0000008,0.0000007
21166,0.0002793,0.0000008,0.0000007
21167,0.0002794,0.0000008,0.0000007
21168,0.0002794,0.0000008,0.0000007
21169,0.0002794,0.0000008,0.0000007
21170,0.0002794,0.0000008,0.0000007
21171,0.0002794,0.0000008,0.0000007
21172,0.0002794,0.0000008,0.0000007
21173,0.0002794,0.0000008,0.0000007
21174,0.0002794,0.0000008,0.0000007
21175,0.0002794,0.0000008,0.0000007
21176,0.0002794,0.0000008,0.0000007
21177,0.0002794,0.0000008,0.0000007
21178,0.0002794,0.0000008,0.0000007
21179,0.0002794,0.0000008,0.0000007
21180,0.0002794,0.0000008,0.0000007
21181,0.0002794,0.0000008,0.0000007
21182,0.0002794,0.0000008,0.0000007
21183,0.0002795,0.0000008,0.0000007
21184,0.0002795,0.0000008,0.0000007
21185,0.0002795,0.0000008,0.0000007
21186,0.0002795,0.0000008,0.0000007
21187,0.0002795,0.0000008,0.0000007
21188,0.0002795,0.0000008,0.0000007
21189,0.0002795,0.0000008,0.0000007
21190,0.0002795,0.0000008,0.0000007
21191,0.0002795,0.0000008,0.0000007
21192,0.0002795,0.0000008,0.0000007
21193,0.0002795,0.0000008,0.0000007
21194,0.0002795,0.0000008,0.0000007
21195,0.0002795,0.0000008,0.0000007
21196,0.0002795,0.0000008,0.0000007
21197,0.0002795,0.0000008,0.0000007
21198,0.0002795,0.0000008,0.0000007
21199,0.0002795,0.0000008,0.0000007
21200,0.0002796,0.0000008,0.0000007
21201,0.0002796,0.0000008,0.0000007
21202,0.0002796,0.0000008,0.0000007
21203,0.0002796,0.0000008,0.0000007
21204,0.0002796,0.0000008,0.0000007
21205,0.0002796,0.0000008,0.0000007
21206,0.0002796,0.0000008,0.0000007
21207,0.0002796,0.0000008,0.0000007
21208,0.0002796,0.0000008,0.0000007
21209,0.0002796,0.0000008,0.0000007
21210,0.0002796,0.0000008,0.0000007
21211,0.0002796,0.0000008,0.0000007
21212,0.0002796,0.0000008,0.0000007
21213,0.0002796,0.0000008,0.0000007
21214,0.0002796,0.0000008,0.0000007
21215,0.0002796,0.0000008,0.0000007
21216,0.0002796,0.0000008,0.0000007
21217,0.0002796,0.0000008,0.0000007
21218,0.0002796,0.0000008,0.0000007
21219,0.0002797,0.0000008,0.0000007
21220,0.0002797,0.0000008,0.0000007
21221,0.0002797,0.0000008,0.0000007
21222,0.0002797,0.0000008,0.0000007
21223,0.0002797,0.0000008,0.0000007
21224,0.0002797,0.0000008,0.0000007
21225,0.0002797,0.0000008,0.0000007
21226,0.0002797,0.0000008,0.0000007
21227,0.0002797,0.0000008,0.0000007
21228,0.0002797,0.0000008,0.0000007
21229,0.0002797,0.0000008,0.0000007
21230,0.0002797,0.0000008,0.0000007
21231,0.0002797,0.0000008,0.0000007
21232,0.0002797,0.0000008,0.0000007
21233,0.0002797,0.0000008,0.0000007
21234,0.0002797,0.0000008,0.0000007
21235,0.0002797,0.0000008,0.0000007
21236,0.0002797,0.0000008,0.0000007
21237,0.0002797,0.0000008,0.0000007
21238,0.0002797,0.0000008,0.0000007
21239,0.0002798,0.0000008,0.0000007
21240,0.0002798,0.0000008,0.0000007
21241,0.0002798,0.0000008,0.0000007
21242,0.0002798,0.0000008,0.0000007
21243,0.0002798,0.0000008,0.0000007
21244,0.0002798,0.0000008,0.0000007
21245,0.0002798,0.0000008,0.0000007
21246,0.0002798,0.0000008,0.0000007
21247,0.0002798,0.0000008,0.0000007
21248,0.0002798,0.0000008,0.0000007
21249,0.0002798,0.0000008,0.0000007
21250,0.0002798,0.0000008,0.0000007
21251,0.0002798,0.0000008,0.0000007
21252,0.0002798,0.0000008,0.0000007
21253,0.0002798,0.0000008,0.0000007
21254,0.0002798,0.0000008,0.0000007
21255,0.0002798,0.0000008,0.0000007
21256,0.0002798,0.0000008,0.0000007
21257,0.0002798,0.0000008,0.0000007
21258,0.0002798,0.0000008,0.0000007
21259,0.0002798,0.0000008,0.0000007
21260,0.0002798,0.0000008,0.0000007
21261,0.0002798,0.0000008,0.0000007
21262,0.0002798,0.0000008,0.0000007
21263,0.0002798,0.0000008,0.0000007
21264,0.0002799,0.0000008,0.0000007
21265,0.0002799,0.0000008,0.0000007
21266,0.0002799,0.0000008,0.0000007
21267,0.0002799,0.0000008,0.0000007
21268,0.0002799,0.0000008,0.0000007
21269,0.0002799,0.0000008,0.0000007
21270,0.0002799,0.0000008,0.0000007
21271,0.0002799,0.0000008,0.0000007
21272,0.0002799,0.0000008,0.0000007
21273,0.0002799,0.0000008,0.0000007
21274,0.0002799,0.0000008,0.0000007
21275,0.0002799,0.0000008,0.0000007
21276,0.0002799,0.0000008,0.0000007
21277,0.0002799,0.0000008,0.0000007
21278,0.0002799,0.0000008,0.0000007
21279,0.0002799,0.0000008,0.0000007
21280,0.0002799,0.0000008,0.0000007
21281,0.0002799,0.0000008,0.0000007
21282,0.0002799,0.0000008,0.0000007
21283,0.0002799,0.0000008,0.0000007
21284,0.0002799,0.0000008,0.0000007
21285,0.0002799,0.0000008,0.0000007
21286,0.0002799,0.0000008,0.0000007
21287,0.0002799,0.0000008,0.0000007
21288,0.0002799,0.0000008,0.0000007
21289,0.0002799,0.0000008,0.0000007
21290,0.0002799,0.0000008,0.0000007
21291,0.0002799,0.0000008,0.0000007
21292,0.0002799,0.0000008,0.0000007
21293,0.0002799,0.0000008,0.0000007
21294,0.0002799,0.0000008,0.0000007
21295,0.0002799,0.0000008,0.0000007
21296,0.0002799,0.0000008,0.0000007
21297,0.0002799,0.0000008,0.0000007
21298,0.0002799,0.0000008,0.0000007
21299,0.0002799,0.0000008,0.0000007
21300,0.0002799,0.0000008,0.0000007
21301,0.0002799,0.0000008,0.0000007
21302,0.0002800,0.0000008,0.0000007
21303,0.0002800,0.0000008,0.0000007
21304,0.0002800,0.0000008,0.0000007
21305,0.0002800,0.0000008,0.0000007
21306,0.0002800,0.0000008,0.0000007
21307,0.0002800,0.0000008,0.0000007
21308,0.0002800,0.0000008,0.0000007
21309,0.0002800,0.0000008,0.0000007
21310,0.0002800,0.0000008,0.0000007
21311,0.0002800,0.0000008,0.0000007
21312,0.0002800,0.0000008,0.0000007
21313,0.0002800,0.0000008,0.0000007
21314,0.0002800,0.0000008,0.0000007
21315,0.0002800,0.0000008,0.0000007
21316,0.0002800,0.0000008,0.0000007
21317,0.0002800,0.0000008,0.0000007
21318,0.0002800,0.0000008,0.0000007
21319,0.0002800,0.0000008,0.0000007
21320,0.0002800,0.0000008,0.0000007
21321,0.0002800,0.0000008,0.0000007
21322,0.0002800,0.0000008,0.0000007
21323,0.0002800,0.0000008,0.0000007
21324,0.0002800,0.0000008,0.0000007
21325,0.0002800,0.0000008,0.0000007
21326,0.0002800,0.0000008,0.0000007
21327,0.0002800,0.0000008,0.0000007
21328,0.0002800,0.0000008,0.0000007
21329,0.0002800,0.0000008,0.0000007
21330,0.0002800,0.0000008,0.0000007
21331,0.0002800,0.0000008,0.0000007
21332,0.0002800,0.0000008,0.0000007
21333,0.0002800,0.0000008,0.0000007
21334,0.0002800,0.0000008,0.0000007
21335,0.0002800,0.0000008,0.0000007
21336,0.0002800,0.0000008,0.0000007
21337,0.0002800,0.0000008,0.0000007
21338,0.0002800,0.0000008,0.0000007
21339,0.0002800,0.0000008,0.0000007
21340,0.0002800,0.0000008,0.0000007
21341,0.0002800,0.0000008,0.0000007
21342,0.0002800,0.0000008,0.0000007
21343,0.0002800,0.0000008,0.0000007
21344,0.0002800,0.0000008,0.0000007
21345,0.0002800,0.0000008,0.0000007
21346,0.0002800,0.0000008,0.0000007
21347,0.0002800,0.0000008,0.0000007
21348,0.0002800,0.0000008,0.0000007
21349,0.0002800,0.0000008,0.0000007
21350,0.0002800,0.0000008,0.0000007
21351,0.0002800,0.0000008,0.0000007
21352,0.0002799,0.0000008,0.0000007
21353,0.0002799,0.0000008,0.0000007
21354,0.0002799,0.0000008,0.0000007
21355,0.0002799,0.0000008,0.0000007
21356,0.0002799,0.0000008,0.0000007
21357,0.0002799,0.0000008,0.0000007
21358,0.0002799,0.0000008,0.0000007
21359,0.0002799,0.0000008,0.0000007
21360,0.0002799,0.0000008,0.0000007
21361,0.0002799,0.0000008,0.0000007
21362,0.0002799,0.0000008,0.0000007
21363,0.0002799,0.0000008,0.0000007
21364,0.0002799,0.0000008,0.0000007
21365,0.0002799,0.0000008,0.0000007
21366,0.0002799,0.0000008,0.0000007
21367,0.0002799,0.0000008,0.0000007
21368,0.0002799,0.0000008,0.0000007
21369,0.0002799,0.0000008,0.0000007
21370,0.0002799,0.0000008,0.0000007
21371,0.0002799,0.0000008,0.0000007
21372,0.0002799,0.0000008,0.0000007
21373,0.0002799,0.0000008,0.0000007
21374,0.0002799,0.0000008,0.0000007
21375,0.0002799,0.0000008,0.0000007
21376,0.0002799,0.0000008,0.0000007
21377,0.0002799,0.0000008,0.0000007
21378,0.0002799,0.0000008,0.0000007
21379,0.0002799,0.0000008,0.0000007
21380,0.0002799,0.0000008,0.0000007
21381,0.0002799,0.0000008,0.0000007
21382,0.0002799,0.0000008,0.0000007
21383,0.0002799,0.0000008,0.0000007
21384,0.0002799,0.0000008,0.0000007
21385,0.0002799,0.0000008,0.0000007
21386,0.0002798,0.0000008,0.0000007
21387,0.0002798,0.0000008,0.0000007
21388,0.0002798,0.0000008,0.0000007
21389,0.0002798,0.0000008,0.0000007
21390,0.0002798,0.0000008,0.0000007
21391,0.0002798,0.0000008,0.0000007
21392,0.0002798,0.0000008,0.0000007
21393,0.0002798,0.0000008,0.0000007
21394,0.0002798,0.0000008,0.0000007
21395,0.0002798,0.0000008,0.0000007
21396,0.0002798,0.0000008,0.0000007
21397,0.0002798,0.0000008,0.0000007
21398,0.0002798,0.0000008,0.0000007
21399,0.0002798,0.0000008,0.0000007
21400,0.0002798,0.0000008,0.0000007
21401,0.0002798,0.0000008,0.0000007
21402,0.0002798,0.0000008,0.0000007
21403,0.0002798,0.0000008,0.0000007
21404,0.0002798,0.0000008,0.0000007
21405,0.0002797,0.0000008,0.0000007
21406,0.0002797,0.0000008,0.0000007
21407,0.0002797,0.0000008,0.0000007
21408,0.0002797,0.0000008,0.0000007
21409,0.0002797,0.0000008,0.0000007
21410,0.0002797,0.0000008,0.0000007
21411,0.0002797,0.0000008,0.0000007
21412,0.0002797,0.0000008,0.0000007
21413,0.0002797,0.0000008,0.0000007
21414,0.0002797,0.0000008,0.0000007
21415,0.0002797,0.0000008,0.0000007
21416,0.0002797,0.0000008,0.0000007
21417,0.0002797,0.0000008,0.0000007
21418,0.0002797,0.0000008,0.0000007
21419,0.0002797,0.0000008,0.0000007
21420,0.0002797,0.0000008,0.0000007
21421,0.0002796,0.0000007,0.0000007
21422,0.0002796,0.0000007,0.0000007
21423,0.0002796,0.0000007,0.0000007
21424,0.0002796,0.0000007,0.0000007
21425,0.0002796,0.0000007,0.0000007
21426,0.0002796,0.0000007,0.0000007
21427,0.0002796,0.0000007,0.0000007
21428,0.0002796,0.0000007,0.0000007
21429,0.0002796,0.0000007,0.0000007
21430,0.0002796,0.0000007,0.0000007
21431,0.0002796,0.0000007,0.0000007
21432,0.0002796,0.0000007,0.0000007
21433,0.0002795,0.0000007,0.0000007
21434,0.0002795,0.0000007,0.0000007
21435,0.0002795,0.0000007,0.0000007
21436,0.0002795,0.0000007,0.0000007
21437,0.0002795,0.0000007,0.0000007
21438,0.0002795,0.0000007,0.0000007
21439,0.0002795,0.0000007,0.0000007
21440,0.0002795,0.0000007,0.0000007
21441,0.0002795,0.0000007,0.0000007
21442,0.0002795,0.0000007,0.0000007
21443,0.0002795,0.0000007,0.0000007
21444,0.0002795,0.0000007,0.0000007
21445,0.0002794,0.0000007,0.0000007
21446,0.0002794,0.0000007,0.0000007
21447,0.0002794,0.0000007,0.0000007
21448,0.0002794,0.0000007,0.0000007
21449,0.0002794,0.0000007,0.0000007
21450,0.0002794,0.0000007,0.0000007
21451,0.0002794,0.0000007,0.0000007
21452,0.0002794,0.0000007,0.0000007
21453,0.0002794,0.0000007,0.0000007
21454,0.0002794,0.0000007,0.0000007
21455,0.0002793,0.0000007,0.0000007
21456,0.0002793,0.0000007,0.0000007
21457,0.0002793,0.0000007,0.0000007
21458,0.0002793,0.0000007,0.0000007
21459,0.0002793,0.0000007,0.0000007
21460,0.0002793,0.0000007,0.0000007
21461,0.0002793,0.0000007,0.0000007
21462,0.0002793,0.0000007,0.0000007
21463,0.0002793,0.0000007,0.0000007
21464,0.0002792,0.0000007,0.0000007
21465,0.0002792,0.0000007,0.0000007
21466,0.0002792,0.0000007,0.0000007
21467,0.0002792,0.0000007,0.0000007
21468,0.0002792,0.0000007,0.0000007
21469,0.0002792,0.0000007,0.0000007
21470,0.0002792,0.0000007,0.0000007
21471,0.0002792,0.0000007,0.0000007
21472,0.0002792,0.0000007,0.0000007
21473,0.0002791,0.0000007,0.0000007
21474,0.0002791,0.0000007,0.0000007
21475,0.0002791,0.0000007,0.0000007
21476,0.0002791,0.0000007,0.0000007
21477,0.0002791,0.0000007,0.0000007
21478,0.0002791,0.0000007,0.0000007
21479,0.0002791,0.0000007,0.0000007
21480,0.0002791,0.0000007,0.0000007
21481,0.0002790,0.0000007,0.0000007
21482,0.0002790,0.0000007,0.0000007
21483,0.0002790,0.0000007,0.0000007
21484,0.0002790,0.0000007,0.0000007
21485,0.0002790,0.0000007,0.0000007
21486,0.0002790,0.0000007,0.0000007
21487,0.0002790,0.0000007,0.0000007
21488,0.0002789,0.0000007,0.0000007
21489,0.0002789,0.0000007,0.0000007
21490,0.0002789,0.0000007,0.0000007
21491,0.0002789,0.0000007,0.0000007
21492,0.0002789,0.0000007,0.0000007
21493,0.0002789,0.0000007,0.0000007
21494,0.0002789,0.0000007,0.0000007
21495,0.0002788,0.0000007,0.0000007
21496,0.0002788,0.0000007,0.0000007
21497,0.0002788,0.0000007,0.0000007
21498,0.0002788,0.0000007,0.0000007
21499,0.0002788,0.0000007,0.0000007
21500,0.0002788,0.0000007,0.0000007
21501,0.0002788,0.0000007,0.0000007
21502,0.0002787,0.0000007,0.0000007
21503,0.0002787,0.0000007,0.0000007
21504,0.0002787,0.0000007,0.0000007
21505,0.0002787,0.0000007,0.0000007
21506,0.0002787,0.0000007,0.0000007
21507,0.0002787,0.0000007,0.0000007
21508,0.0002787,0.0000007,0.0000007
21509,0.0002786,0.0000007,0.0000007
21510,0.0002786,0.0000007,0.0000007
21511,0.0002786,0.0000007,0.0000007
21512,0.0002786,0.0000007,0.0000007
21513,0.0002786,0.0000007,0.0000007
21514,0.0002786,0.0000007,0.0000007
21515,0.0002785,0.0000007,0.0000007
21516,0.0002785,0.0000007,0.0000007
21517,0.0002785,0.0000007,0.0000007
21518,0.0002785,0.0000007,0.0000007
21519,0.0002785,0.0000007,0.0000006
21520,0.0002785,0.0000007,0.0000006
21521,0.0002784,0.0000007,0.0000006
21522,0.0002784,0.0000007,0.0000006
21523,0.0002784,0.0000007,0.0000006
21524,0.0002784,0.0000007,0.0000006
21525,0.0002784,0.0000007,0.0000006
21526,0.0002784,0.0000007,0.0000006
21527,0.0002783,0.0000007,0.0000006
21528,0.0002783,0.0000007,0.0000006
21529,0.0002783,0.0000007,0.0000006
21530,0.0002783,0.0000007,0.0000006
21531,0.0002783,0.0000007,0.0000006
21532,0.0002782,0.0000007,0.0000006
21533,0.0002782,0.0000007,0.0000006
21534,0.0002782,0.0000007,0.0000006
21535,0.0002782,0.0000007,0.0000006
21536,0.0002782,0.0000007,0.0000006
21537,0.0002782,0.0000007,0.0000006
21538,0.0002781,0.0000007,0.0000006
21539,0.0002781,0.0000007,0.0000006
21540,0.0002781,0.0000007,0.0000006
21541,0.0002781,0.0000007,0.0000006
21542,0.0002781,0.0000007,0.0000006
21543,0.0002780,0.0000007,0.0000006
21544,0.0002780,0.0000007,0.0000006
21545,0.0002780,0.0000007,0.0000006
21546,0.0002780,0.0000007,0.0000006
21547,0.0002780,0.0000007,0.0000006
21548,0.0002779,0.0000007,0.0000006
21549,0.0002779,0.0000007,0.0000006
21550,0.0002779,0.0000007,0.0000006
21551,0.0002779,0.0000007,0.0000006
21552,0.0002779,0.0000007,0.0000006
21553,0.0002778,0.0000007,0.0000006
21554,0.0002778,0.0000007,0.0000006
21555,0.0002778,0.0000007,0.0000006
21556,0.0002778,0.0000007,0.0000006
21557,0.0002778,0.0000007,0.0000006
21558,0.0002777,0.0000007,0.0000006
21559,0.0002777,0.0000007,0.0000006
21560,0.0002777,0.0000007,0.0000006
21561,0.0002777,0.0000007,0.0000006
21562,0.0002777,0.0000007,0.0000006
21563,0.0002776,0.0000007,0.0000006
21564,0.0002776,0.0000007,0.0000006
21565,0.0002776,0.0000007,0.0000006
21566,0.0002776,0.0000007,0.0000006
21567,0.0002775,0.0000007,0.0000006
21568,0.0002775,0.0000007,0.0000006
21569,0.0002775,0.0000007,0.0000006
21570,0.0002775,0.0000007,0.0000006
21571,0.0002775,0.0000007,0.0000006
21572,0.0002774,0.0000007,0.0000006
21573,0.0002774,0.0000007,0.0000006
21574,0.0002774,0.0000007,0.0000006
21575,0.0002774,0.0000007,0.0000006
21576,0.0002773,0.0000007,0.0000006
21577,0.0002773,0.0000007,0.0000006
21578,0.0002773,0.0000007,0.0000006
21579,0.0002773,0.0000007,0.0000006
21580,0.0002772,0.0000007,0.0000006
21581,0.0002772,0.0000007,0.0000006
21582,0.0002772,0.0000007,0.0000006
21583,0.0002772,0.0000007,0.0000006
21584,0.0002772,0.0000007,0.0000006
21585,0.0002771,0.0000007,0.0000006
21586,0.0002771,0.0000007,0.0000006
21587,0.0002771,0.0000007,0.0000006
21588,0.0002771,0.0000007,0.0000006
21589,0.0002770,0.0000007,0.0000006
21590,0.0002770,0.0000007,0.0000006
21591,0.0002770,0.0000007,0.0000006
21592,0.0002770,0.0000007,0.0000006
21593,0.0002769,0.0000007,0.0000006
21594,0.0002769,0.0000007,0.0000006
21595,0.0002769,0.0000007,0.0000006
21596,0.0002769,0.0000007,0.0000006
21597,0.0002768,0.0000007,0.0000006
21598,0.0002768,0.0000007,0.0000006
21599,0.0002768,0.0000007,0.0000006
21600,0.0002768,0.0000007,0.0000006
21601,0.0002767,0.0000007,0.0000006
21602,0.0002767,0.0000007,0.0000006
21603,0.0002767,0.0000007,0.0000006
21604,0.0002767,0.0000007,0.0000006
21605,0.0002766,0.0000007,0.0000006
21606,0.0002766,0.0000007,0.0000006
21607,0.0002766,0.0000007,0.0000006
21608,0.0002766,0.0000007,0.0000006
21609,0.0002765,0.0000007,0.0000006
21610,0.0002765,0.0000007,0.0000006
21611,0.0002765,0.0000007,0.0000006
21612,0.0002764,0.0000007,0.0000006
21613,0.0002764,0.0000007,0.0000006
21614,0.0002764,0.0000007,0.0000006
21615,0.0002764,0.0000007,0.0000006
21616,0.0002763,0.0000007,0.0000006
21617,0.0002763,0.0000007,0.0000006
21618,0.0002763,0.0000007,0.0000006
21619,0.0002763,0.0000007,0.0000006
21620,0.0002762,0.0000007,0.0000006
21621,0.0002762,0.0000007,0.0000006
21622,0.0002762,0.0000007,0.0000006
21623,0.0002761,0.0000007,0.0000006
21624,0.0002761,0.0000007,0.0000006
21625,0.0002761,0.0000007,0.0000006
21626,0.0002761,0.0000007,0.0000006
21627,0.0002760,0.0000007,0.0000006
21628,0.0002760,0.0000007,0.0000006
21629,0.0002760,0.0000007,0.0000006
21630,0.0002759,0.0000007,0.0000006
21631,0.0002759,0.0000007,0.0000006
21632,0.0002759,0.0000007,0.0000006
21633,0.0002759,0.0000007,0.0000006
21634,0.0002758,0.0000007,0.0000006
21635,0.0002758,0.0000007,0.0000006
21636,0.0002758,0.0000007,0.0000006
21637,0.0002757,0.0000007,0.0000006
21638,0.0002757,0.0000007,0.0000006
21639,0.0002757,0.0000007,0.0000006
21640,0.0002756,0.0000007,0.0000006
21641,0.0002756,0.0000007,0.0000006
21642,0.0002756,0.0000007,0.0000006
21643,0.0002756,0.0000007,0.0000006
21644,0.0002755,0.0000007,0.0000006
21645,0.0002755,0.0000007,0.0000006
21646,0.0002755,0.0000007,0.0000006
21647,0.0002754,0.0000007,0.0000006
21648,0.0002754,0.0000007,0.0000006
21649,0.0002754,0.0000007,0.0000006
21650,0.0002753,0.0000007,0.0000006
21651,0.0002753,0.0000007,0.0000006
21652,0.0002753,0.0000007,0.0000006
21653,0.0002752,0.0000007,0.0000006
21654,0.0002752,0.0000007,0.0000006
21655,0.0002752,0.0000007,0.0000006
21656,0.0002752,0.0000007,0.0000006
21657,0.0002751,0.0000007,0.0000006
21658,0.0002751,0.0000007,0.0000006
21659,0.0002751,0.0000007,0.0000006
21660,0.0002750,0.0000007,0.0000006
21661,0.0002750,0.0000007,0.0000006
21662,0.0002750,0.0000007,0.0000006
21663,0.0002749,0.0000007,0.0000006
21664,0.0002749,0.0000007,0.0000006
21665,0.0002749,0.0000007,0.0000006
21666,0.0002748,0.0000007,0.0000006
21667,0.0002748,0.0000007,0.0000006
21668,0.0002748,0.0000007,0.0000006
21669,0.0002747,0.0000007,0.0000006
21670,0.0002747,0.0000007,0.0000006
21671,0.0002747,0.0000007,0.0000006
21672,0.0002746,0.0000007,0.0000006
21673,0.0002746,0.0000007,0.0000006
21674,0.0002746,0.0000007,0.0000006
21675,0.0002745,0.0000007,0.0000006
21676,0.0002745,0.0000007,0.0000006
21677,0.0002745,0.0000007,0.0000006
21678,0.0002744,0.0000007,0.0000006
21679,0.0002744,0.0000007,0.0000006
21680,0.0002744,0.0000007,0.0000006
21681,0.0002743,0.0000007,0.0000006
21682,0.0002743,0.0000007,0.0000006
21683,0.0002743,0.0000007,0.0000006
21684,0.0002742,0.0000007,0.0000006
21685,0.0002742,0.0000007,0.0000006
21686,0.0002741,0.0000007,0.0000006
21687,0.0002741,0.0000007,0.0000006
21688,0.0002741,0.0000007,0.0000006
21689,0.0002740,0.0000007,0.0000006
21690,0.0002740,0.0000007,0.0000006
21691,0.0002740,0.0000007,0.0000006
21692,0.0002739,0.0000007,0.0000006
21693,0.0002739,0.0000007,0.0000006
21694,0.0002739,0.0000007,0.0000006
21695,0.0002738,0.0000007,0.0000006
21696,0.0002738,0.0000007,0.0000006
21697,0.0002738,0.0000007,0.0000006
21698,0.0002737,0.0000007,0.0000006
21699,0.0002737,0.0000007,0.0000006
21700,0.0002736,0.0000007,0.0000006
21701,0.0002736,0.0000007,0.0000006
21702,0.0002736,0.0000007,0.0000006
21703,0.0002735,0.0000007,0.0000006
21704,0.0002735,0.0000007,0.0000006
21705,0.0002735,0.0000007,0.0000006
21706,0.0002734,0.0000007,0.0000006
21707,0.0002734,0.0000007,0.0000006
21708,0.0002734,0.0000007,0.0000006
21709,0.0002733,0.0000007,0.0000006
21710,0.0002733,0.0000007,0.0000006
21711,0.0002732,0.0000007,0.0000006
21712,0.0002732,0.0000007,0.0000006
21713,0.0002732,0.0000007,0.0000006
21714,0.0002731,0.0000007,0.0000006
21715,0.0002731,0.0000007,0.0000006
21716,0.0002730,0.0000007,0.0000006
21717,0.0002730,0.0000007,0.0000006
21718,0.0002730,0.0000007,0.0000006
21719,0.0002729,0.0000007,0.0000006
21720,0.0002729,0.0000007,0.0000006
21721,0.0002729,0.0000007,0.0000006
21722,0.0002728,0.0000007,0.0000006
21723,0.0002728,0.0000007,0.0000006
21724,0.0002727,0.0000007,0.0000006
21725,0.0002727,0.0000007,0.0000006
21726,0.0002727,0.0000007,0.0000006
21727,0.0002726,0.0000007,0.0000006
21728,0.0002726,0.0000007,0.0000006
21729,0.0002725,0.0000007,0.0000006
21730,0.0002725,0.0000007,0.0000006
21731,0.0002725,0.0000007,0.0000006
21732,0.0002724,0.0000007,0.0000006
21733,0.0002724,0.0000007,0.0000006
21734,0.0002723,0.0000007,0.0000006
21735,0.0002723,0.0000007,0.0000006
21736,0.0002723,0.0000007,0.0000006
21737,0.0002722,0.0000007,0.0000006
21738,0.0002722,0.0000007,0.0000006
21739,0.0002721,0.0000007,0.0000006
21740,0.0002721,0.0000007,0.0000006
21741,0.0002721,0.0000007,0.0000006
21742,0.0002720,0.0000007,0.0000006
21743,0.0002720,0.0000007,0.0000006
21744,0.0002719,0.0000007,0.0000006
21745,0.0002719,0.0000007,0.0000006
21746,0.0002718,0.0000007,0.0000006
21747,0.0002718,0.0000007,0.0000006
21748,0.0002718,0.0000007,0.0000006
21749,0.0002717,0.0000007,0.0000006
21750,0.0002717,0.0000007,0.0000006
21751,0.0002716,0.0000007,0.0000006
21752,0.0002716,0.0000007,0.0000006
21753,0.0002716,0.0000007,0.0000006
21754,0.0002715,0.0000007,0.0000006
21755,0.0002715,0.0000007,0.0000006
21756,0.0002714,0.0000007,0.0000006
21757,0.0002714,0.0000007,0.0000006
21758,0.0002713,0.0000007,0.0000006
21759,0.0002713,0.0000007,0.0000006
21760,0.0002713,0.0000007,0.0000006
21761,0.0002712,0.0000007,0.0000006
21762,0.0002712,0.0000007,0.0000006
21763,0.0002711,0.0000007,0.0000006
21764,0.0002711,0.0000007,0.0000006
21765,0.0002710,0.0000007,0.0000006
21766,0.0002710,0.0000007,0.0000006
21767,0.0002710,0.0000007,0.0000006
21768,0.0002709,0.0000007,0.0000006
21769,0.0002709,0.0000007,0.0000006
21770,0.0002708,0.0000007,0.0000006
21771,0.0002708,0.0000007,0.0000006
21772,0.0002707,0.0000007,0.0000006
21773,0.0002707,0.0000007,0.0000006
21774,0.0002706,0.0000007,0.0000006
21775,0.0002706,0.0000007,0.0000006
21776,0.0002706,0.0000007,0.0000006
21777,0.0002705,0.0000007,0.0000006
21778,0.0002705,0.0000007,0.0000006
21779,0.0002704,0.0000007,0.0000006
21780,0.0002704,0.0000007,0.0000006
21781,0.0002703,0.0000007,0.0000006
21782,0.0002703,0.0000007,0.0000006
21783,0.0002702,0.0000007,0.0000006
21784,0.0002702,0.0000007,0.0000006
21785,0.0002701,0.0000007,0.0000006
21786,0.0002701,0.0000007,0.0000006
21787,0.0002701,0.0000007,0.0000006
21788,0.0002700,0.0000007,0.0000006
21789,0.0002700,0.0000007,0.0000006
21790,0.0002699,0.0000007,0.0000006
21791,0.0002699,0.0000007,0.0000006
21792,0.0002698,0.0000007,0.0000006
21793,0.0002698,0.0000007,0.0000006
21794,0.0002697,0.0000007,0.0000006
21795,0.0002697,0.0000007,0.0000006
21796,0.0002696,0.0000007,0.0000006
21797,0.0002696,0.0000007,0.0000006
21798,0.0002695,0.0000007,0.0000006
21799,0.0002695,0.0000007,0.0000006
21800,0.0002695,0.0000007,0.0000006
21801,0.0002694,0.0000007,0.0000006
21802,0.0002694,0.0000007,0.0000006
21803,0.0002693,0.0000007,0.0000006
21804,0.0002693,0.0000007,0.0000006
21805,0.0002692,0.0000007,0.0000006
21806,0.0002692,0.0000007,0.0000006
21807,0.0002691,0.0000007,0.0000006
21808,0.0002691,0.0000007,0.0000006
21809,0.0002690,0.0000007,0.0000006
21810,0.0002690,0.0000007,0.0000006
21811,0.0002689,0.0000007,0.0000006
21812,0.0002689,0.0000007,0.0000006
21813,0.0002688,0.0000007,0.0000006
21814,0.0002688,0.0000007,0.0000006
21815,0.0002687,0.0000007,0.0000006
21816,0.0002687,0.0000007,0.0000006
21817,0.0002686,0.0000007,0.0000006
21818,0.0002686,0.0000007,0.0000006
21819,0.0002685,0.0000007,0.0000006
21820,0.0002685,0.0000007,0.0000006
21821,0.0002684,0.0000007,0.0000006
21822,0.0002684,0.0000007,0.0000006
21823,0.0002683,0.0000007,0.0000006
21824,0.0002683,0.0000007,0.0000006
21825,0.0002682,0.0000007,0.0000006
21826,0.0002682,0.0000007,0.0000006
21827,0.0002681,0.0000007,0.0000006
21828,0.0002681,0.0000007,0.0000006
21829,0.0002680,0.0000007,0.0000006
21830,0.0002680,0.0000007,0.0000006
21831,0.0002679,0.0000007,0.0000006
21832,0.0002679,0.0000007,0.0000006
21833,0.0002678,0.0000007,0.0000006
21834,0.0002678,0.0000007,0.0000006
21835,0.0002677,0.0000007,0.0000006
21836,0.0002677,0.0000007,0.0000006
21837,0.0002676,0.0000007,0.0000006
21838,0.0002676,0.0000007,0.0000006
21839,0.0002675,0.0000007,0.0000006
21840,0.0002675,0.0000007,0.0000006
21841,0.0002674,0.0000007,0.0000006
21842,0.0002674,0.0000007,0.0000006
21843,0.0002673,0.0000007,0.0000006
21844,0.0002673,0.0000007,0.0000006
21845,0.0002672,0.0000007,0.0000006
21846,0.0002672,0.0000007,0.0000006
21847,0.0002671,0.0000007,0.0000006
21848,0.0002671,0.0000007,0.0000006
21849,0.0002670,0.0000007,0.0000006
21850,0.0002670,0.0000007,0.0000006
21851,0.0002669,0.0000007,0.0000006
21852,0.0002669,0.0000007,0.0000006
21853,0.0002668,0.0000007,0.0000006
21854,0.0002668,0.0000007,0.0000006
21855,0.0002667,0.0000007,0.0000006
21856,0.0002667,0.0000007,0.0000006
21857,0.0002666,0.0000007,0.0000006
21858,0.0002666,0.0000007,0.0000005
21859,0.0002665,0.0000007,0.0000005
21860,0.0002665,0.0000007,0.0000005
21861,0.0002664,0.0000007,0.0000005
21862,0.0002664,0.0000007,0.0000005
21863,0.0002663,0.0000007,0.0000005
21864,0.0002662,0.0000007,0.0000005
21865,0.0002662,0.0000007,0.0000005
21866,0.0002661,0.0000007,0.0000005
21867,0.0002661,0.0000006,0.0000005
21868,0.0002660,0.0000006,0.0000005
21869,0.0002660,0.0000006,0.0000005
21870,0.0002659,0.0000006,0.0000005
21871,0.0002659,0.0000006,0.0000005
21872,0.0002658,0.0000006,0.0000005
21873,0.0002658,0.0000006,0.0000005
21874,0.0002657,0.0000006,0.0000005
21875,0.0002657,0.0000006,0.0000005
21876,0.0002656,0.0000006,0.0000005
21877,0.0002656,0.0000006,0.0000005
21878,0.0002655,0.0000006,0.0000005
21879,0.0002654,0.0000006,0.0000005
21880,0.0002654,0.0000006,0.0000005
21881,0.0002653,0.0000006,0.0000005
21882,0.0002653,0.0000006,0.0000005
21883,0.0002652,0.0000006,0.0000005
21884,0.0002652,0.0000006,0.0000005
21885,0.0002651,0.0000006,0.0000005
21886,0.0002651,0.0000006,0.0000005
21887,0.0002650,0.0000006,0.0000005
21888,0.0002650,0.0000006,0.0000005
21889,0.0002649,0.0000006,0.0000005
21890,0.0002648,0.0000006,0.0000005
21891,0.0002648,0.0000006,0.0000005
21892,0.0002647,0.0000006,0.0000005
21893,0.0002647,0.0000006,0.0000005
21894,0.0002646,0.0000006,0.0000005
21895,0.0002646,0.0000006,0.0000005
21896,0.0002645,0.0000006,0.0000005
21897,0.0002645,0.0000006,0.0000005
21898,0.0002644,0.0000006,0.0000005
21899,0.0002643,0.0000006,0.0000005
21900,0.0002643,0.0000006,0.0000005
21901,0.0002642,0.0000006,0.0000005
21902,0.0002642,0.0000006,0.0000005
21903,0.0002641,0.0000006,0.0000005
21904,0.0002641,0.0000006,0.0000005
21905,0.0002640,0.0000006,0.0000005
21906,0.0002640,0.0000006,0.0000005
21907,0.0002639,0.0000006,0.0000005
21908,0.0002638,0.0000006,0.0000005
21909,0.0002638,0.0000006,0.0000005
21910,0.0002637,0.0000006,0.0000005
21911,0.0002637,0.0000006,0.0000005
21912,0.0002636,0.0000006,0.0000005
21913,0.0002636,0.0000006,0.0000005
21914,0.0002635,0.0000006,0.0000005
21915,0.0002634,0.0000006,0.0000005
21916,0.0002634,0.0000006,0.0000005
21917,0.0002633,0.0000006,0.0000005
21918,0.0002633,0.0000006,0.0000005
21919,0.0002632,0.0000006,0.0000005
21920,0.0002632,0.0000006,0.0000005
21921,0.0002631,0.0000006,0.0000005
21922,0.0002630,0.0000006,0.0000005
21923,0.0002630,0.0000006,0.0000005
21924,0.0002629,0.0000006,0.0000005
21925,0.0002629,0.0000006,0.0000005
21926,0.0002628,0.0000006,0.0000005
21927,0.0002627,0.0000006,0.0000005
21928,0.0002627,0.0000006,0.0000005
21929,0.0002626,0.0000006,0.0000005
21930,0.0002626,0.0000006,0.0000005
21931,0.0002625,0.0000006,0.0000005
21932,0.0002625,0.0000006,0.0000005
21933,0.0002624,0.0000006,0.0000005
21934,0.0002623,0.0000006,0.0000005
21935,0.0002623,0.0000006,0.0000005
21936,0.0002622,0.0000006,0.0000005
21937,0.0002622,0.0000006,0.0000005
21938,0.0002621,0.0000006,0.0000005
21939,0.0002620,0.0000006,0.0000005
21940,0.0002620,0.0000006,0.0000005
21941,0.0002619,0.0000006,0.0000005
21942,0.0002619,0.0000006,0.0000005
21943,0.0002618,0.0000006,0.0000005
21944,0.0002618,0.0000006,0.0000005
21945,0.0002617,0.0000006,0.0000005
21946,0.0002616,0.0000006,0.0000005
21947,0.0002616,0.0000006,0.0000005
21948,0.0002615,0.0000006,0.0000005
21949,0.0002615,0.0000006,0.0000005
21950,0.0002614,0.0000006,0.0000005
21951,0.0002613,0.0000006,0.0000005
21952,0.0002613,0.0000006,0.0000005
21953,0.0002612,0.0000006,0.0000005
21954,0.0002612,0.0000006,0.0000005
21955,0.0002611,0.0000006,0.0000005
21956,0.0002610,0.0000006,0.0000005
21957,0.0002610,0.0000006,0.0000005
21958,0.0002609,0.0000006,0.0000005
21959,0.0002609,0.0000006,0.0000005
21960,0.0002608,0.0000006,0.0000005
21961,0.0002607,0.0000006,0.0000005
21962,0.0002607,0.0000006,0.0000005
21963,0.0002606,0.0000006,0.0000005
21964,0.0002606,0.0000006,0.0000005
21965,0.0002605,0.0000006,0.0000005
21966,0.0002604,0.0000006,0.0000005
21967,0.0002604,0.0000006,0.0000005
21968,0.0002603,0.0000006,0.0000005
21969,0.0002603,0.0000006,0.0000005
21970,0.0002602,0.0000006,0.0000005
21971,0.0002601,0.0000006,0.0000005
21972,0.0002601,0.0000006,0.0000005
21973,0.0002600,0.0000006,0.0000005
21974,0.0002599,0.0000006,0.0000005
21975,0.0002599,0.0000006,0.0000005
21976,0.0002598,0.0000006,0.0000005
21977,0.0002598,0.0000006,0.0000005
21978,0.0002597,0.0000006,0.0000005
21979,0.0002596,0.0000006,0.0000005
21980,0.0002596,0.0000006,0.0000005
21981,0.0002595,0.0000006,0.0000005
21982,0.0002595,0.0000006,0.0000005
21983,0.0002594,0.0000006,0.0000005
21984,0.0002593,0.0000006,0.0000005
21985,0.0002593,0.0000006,0.0000005
21986,0.0002592,0.0000006,0.0000005
21987,0.0002591,0.0000006,0.0000005
21988,0.0002591,0.0000006,0.0000005
21989,0.0002590,0.0000006,0.0000005
21990,0.0002590,0.0000006,0.0000005
21991,0.0002589,0.0000006,0.0000005
21992,0.0002588,0.0000006,0.0000005
21993,0.0002588,0.0000006,0.0000005
21994,0.0002587,0.0000006,0.0000005
21995,0.0002586,0.0000006,0.0000005
21996,0.0002586,0.0000006,0.0000005
21997,0.0002585,0.0000006,0.0000005
21998,0.0002585,0.0000006,0.0000005
21999,0.0002584,0.0000006,0.0000005
22000,0.0002583,0.0000006,0.0000005
22001,0.0002583,0.0000006,0.0000005
22002,0.0002582,0.0000006,0.0000005
22003,0.0002581,0.0000006,0.0000005
22004,0.0002581,0.0000006,0.0000005
22005,0.0002580,0.0000006,0.0000005
22006,0.0002580,0.0000006,0.0000005
22007,0.0002579,0.0000006,0.0000005
22008,0.0002578,0.0000006,0.0000005
22009,0.0002578,0.0000006,0.0000005
22010,0.0002577,0.0000006,0.0000005
22011,0.0002576,0.0000006,0.0000005
22012,0.0002576,0.0000006,0.0000005
22013,0.0002575,0.0000006,0.0000005
22014,0.0002575,0.0000006,0.0000005
22015,0.0002574,0.0000006,0.0000005
22016,0.0002573,0.0000006,0.0000005
22017,0.0002573,0.0000006,0.0000005
22018,0.0002572,0.0000006,0.0000005
22019,0.0002571,0.0000006,0.0000005
22020,0.0002571,0.0000006,0.0000005
22021,0.0002570,0.0000006,0.0000005
22022,0.0002569,0.0000006,0.0000005
22023,0.0002569,0.0000006,0.0000005
22024,0.0002568,0.0000006,0.0000005
22025,0.0002568,0.0000006,0.0000005
22026,0.0002567,0.0000006,0.0000005
22027,0.0002566,0.0000006,0.0000005
22028,0.0002566,0.0000006,0.0000005
22029,0.0002565,0.0000006,0.0000005
22030,0.0002564,0.0000006,0.0000005
22031,0.0002564,0.0000006,0.0000005
22032,0.0002563,0.0000006,0.0000005
22033,0.0002562,0.0000006,0.0000005
22034,0.0002562,0.0000006,0.0000005
22035,0.0002561,0.0000006,0.0000005
22036,0.0002561,0.0000006,0.0000005
22037,0.0002560,0.0000006,0.0000005
22038,0.0002559,0.0000006,0.0000005
22039,0.0002559,0.0000006,0.0000005
22040,0.0002558,0.0000006,0.0000005
22041,0.0002557,0.0000006,0.0000005
22042,0.0002557,0.0000006,0.0000005
22043,0.0002556,0.0000006,0.0000005
22044,0.0002555,0.0000006,0.0000005
22045,0.0002555,0.0000006,0.0000005
22046,0.0002554,0.0000006,0.0000005
22047,0.0002553,0.0000006,0.0000005
22048,0.0002553,0.0000006,0.0000005
22049,0.0002552,0.0000006,0.0000005
22050,0.0002551,0.0000006,0.0000005
22051,0.0002551,0.0000006,0.0000005
22052,0.0002550,0.0000006,0.0000005
22053,0.0002550,0.0000006,0.0000005
22054,0.0002549,0.0000006,0.0000005
22055,0.0002548,0.0000006,0.0000005
22056,0.0002548,0.0000006,0.0000005
22057,0.0002547,0.0000006,0.0000005
22058,0.0002546,0.0000006,0.0000005
22059,0.0002546,0.0000006,0.0000005
22060,0.0002545,0.0000006,0.0000005
22061,0.0002544,0.0000006,0.0000005
22062,0.0002544,0.0000006,0.0000005
22063,0.0002543,0.0000006,0.0000005
22064,0.0002542,0.0000006,0.0000005
22065,0.0002542,0.0000006,0.0000005
22066,0.0002541,0.0000006,0.0000005
22067,0.0002540,0.0000006,0.0000005
22068,0.0002540,0.0000006,0.0000005
22069,0.0002539,0.0000006,0.0000005
22070,0.0002538,0.0000006,0.0000005
22071,0.0002538,0.0000006,0.0000005
22072,0.0002537,0.0000006,0.0000005
22073,0.0002536,0.0000006,0.0000005
22074,0.0002536,0.0000006,0.0000005
22075,0.0002535,0.0000006,0.0000005
22076,0.0002534,0.0000006,0.0000005
22077,0.0002534,0.0000006,0.0000005
22078,0.0002533,0.0000006,0.0000005
22079,0.0002533,0.0000006,0.0000005
22080,0.0002532,0.0000006,0.0000005
22081,0.0002531,0.0000006,0.0000005
22082,0.0002531,0.0000006,0.0000005
22083,0.0002530,0.0000006,0.0000005
22084,0.0002529,0.0000006,0.0000005
22085,0.0002529,0.0000006,0.0000005
22086,0.0002528,0.0000006,0.0000005
22087,0.0002527,0.0000006,0.0000005
22088,0.0002527,0.0000006,0.0000005
22089,0.0002526,0.0000006,0.0000005
22090,0.0002525,0.0000006,0.0000005
22091,0.0002525,0.0000006,0.0000005
22092,0.0002524,0.0000006,0.0000005
22093,0.0002523,0.0000006,0.0000005
22094,0.0002523,0.0000006,0.0000005
22095,0.0002522,0.0000006,0.0000005
22096,0.0002521,0.0000006,0.0000005
22097,0.0002521,0.0000006,0.0000005
22098,0.0002520,0.0000006,0.0000005
22099,0.0002519,0.0000006,0.0000005
22100,0.0002519,0.0000006,0.0000005
22101,0.0002518,0.0000006,0.0000005
22102,0.0002517,0.0000006,0.0000005
22103,0.0002517,0.0000006,0.0000005
22104,0.0002516,0.0000006,0.0000005
22105,0.0002515,0.0000006,0.0000005
22106,0.0002515,0.0000006,0.0000005
22107,0.0002514,0.0000006,0.0000005
22108,0.0002513,0.0000006,0.0000005
22109,0.0002513,0.0000006,0.0000005
22110,0.0002512,0.0000006,0.0000005
22111,0.0002511,0.0000006,0.0000005
22112,0.0002511,0.0000006,0.0000005
22113,0.0002510,0.0000006,0.0000005
22114,0.0002509,0.0000006,0.0000005
22115,0.0002509,0.0000006,0.0000005
22116,0.0002508,0.0000006,0.0000005
22117,0.0002507,0.0000006,0.0000005
22118,0.0002507,0.0000006,0.0000005
22119,0.0002506,0.0000006,0.0000005
22120,0.0002505,0.0000006,0.0000005
22121,0.0002505,0.0000006,0.0000005
22122,0.0002504,0.0000006,0.0000005
22123,0.0002503,0.0000006,0.0000005
22124,0.0002503,0.0000006,0.0000005
22125,0.0002502,0.0000006,0.0000005
22126,0.0002501,0.0000006,0.0000005
22127,0.0002501,0.0000006,0.0000005
22128,0.0002500,0.0000006,0.0000005
22129,0.0002499,0.0000006,0.0000005
22130,0.0002499,0.0000006,0.0000005
22131,0.0002498,0.0000006,0.0000005
22132,0.0002497,0.0000006,0.0000005
22133,0.0002497,0.0000006,0.0000005
22134,0.0002496,0.0000006,0.0000005
22135,0.0002495,0.0000006,0.0000005
22136,0.0002495,0.0000006,0.0000005
22137,0.0002494,0.0000006,0.0000005
22138,0.0002493,0.0000006,0.0000005
22139,0.0002493,0.0000006,0.0000005
22140,0.0002492,0.0000006,0.0000005
22141,0.0002491,0.0000006,0.0000004
22142,0.0002491,0.0000006,0.0000004
22143,0.0002490,0.0000006,0.0000004
22144,0.0002489,0.0000006,0.0000004
22145,0.0002489,0.0000006,0.0000004
22146,0.0002488,0.0000006,0.0000004
22147,0.0002487,0.0000006,0.0000004
22148,0.0002487,0.0000006,0.0000004
22149,0.0002486,0.0000006,0.0000004
22150,0.0002485,0.0000006,0.0000004
22151,0.0002485,0.0000006,0.0000004
22152,0.0002484,0.0000006,0.0000004
22153,0.0002483,0.0000006,0.0000004
22154,0.0002483,0.0000006,0.0000004
22155,0.0002482,0.0000006,0.0000004
22156,0.0002481,0.0000006,0.0000004
22157,0.0002481,0.0000006,0.0000004
22158,0.0002480,0.0000006,0.0000004
22159,0.0002479,0.0000006,0.0000004
22160,0.0002479,0.0000006,0.0000004
22161,0.0002478,0.0000006,0.0000004
22162,0.0002477,0.0000006,0.0000004
22163,0.0002477,0.0000006,0.0000004
22164,0.0002476,0.0000006,0.0000004
22165,0.0002475,0.0000006,0.0000004
22166,0.0002475,0.0000006,0.0000004
22167,0.0002474,0.0000006,0.0000004
22168,0.0002473,0.0000006,0.0000004
22169,0.0002473,0.0000006,0.0000004
22170,0.0002472,0.0000006,0.0000004
22171,0.0002471,0.0000006,0.0000004
22172,0.0002471,0.0000006,0.0000004
22173,0.0002470,0.0000006,0.0000004
22174,0.0002469,0.0000006,0.0000004
22175,0.0002469,0.0000006,0.0000004
22176,0.0002468,0.0000006,0.0000004
22177,0.0002467,0.0000006,0.0000004
22178,0.0002467,0.0000006,0.0000004
22179,0.0002466,0.0000006,0.0000004
22180,0.0002465,0.0000006,0.0000004
22181,0.0002465,0.0000006,0.0000004
22182,0.0002464,0.0000006,0.0000004
22183,0.0002463,0.0000006,0.0000004
22184,0.0002463,0.0000006,0.0000004
22185,0.0002462,0.0000006,0.0000004
22186,0.0002461,0.0000006,0.0000004
22187,0.0002461,0.0000006,0.0000004
22188,0.0002460,0.0000006,0.0000004
22189,0.0002459,0.0000006,0.0000004
22190,0.0002459,0.0000006,0.0000004
22191,0.0002458,0.0000006,0.0000004
22192,0.0002457,0.0000006,0.0000004
22193,0.0002457,0.0000006,0.0000004
22194,0.0002456,0.0000006,0.0000004
22195,0.0002455,0.0000006,0.0000004
22196,0.0002455,0.0000006,0.0000004
22197,0.0002454,0.0000006,0.0000004
22198,0.0002453,0.0000006,0.0000004
22199,0.0002453,0.0000006,0.0000004
22200,0.0002452,0.0000006,0.0000004
22201,0.0002451,0.0000006,0.0000004
22202,0.0002451,0.0000006,0.0000004
22203,0.0002450,0.0000006,0.0000004
22204,0.0002449,0.0000006,0.0000004
22205,0.0002449,0.0000006,0.0000004
22206,0.0002448,0.0000006,0.0000004
22207,0.0002447,0.0000006,0.0000004
22208,0.0002447,0.0000006,0.0000004
22209,0.0002446,0.0000006,0.0000004
22210,0.0002445,0.0000006,0.0000004
22211,0.0002445,0.0000006,0.0000004
22212,0.0002444,0.0000006,0.0000004
22213,0.0002443,0.0000006,0.0000004
22214,0.0002443,0.0000006,0.0000004
22215,0.0002442,0.0000006,0.0000004
22216,0.0002441,0.0000006,0.0000004
22217,0.0002441,0.0000006,0.0000004
22218,0.0002440,0.0000006,0.0000004
22219,0.0002439,0.0000006,0.0000004
22220,0.0002439,0.0000006,0.0000004
22221,0.0002438,0.0000006,0.0000004
22222,0.0002437,0.0000006,0.0000004
22223,0.0002437,0.0000006,0.0000004
22224,0.0002436,0.0000006,0.0000004
22225,0.0002435,0.0000006,0.0000004
22226,0.0002435,0.0000006,0.0000004
22227,0.0002434,0.0000006,0.0000004
22228,0.0002433,0.0000006,0.0000004
22229,0.0002433,0.0000006,0.0000004
22230,0.0002432,0.0000006,0.0000004
22231,0.0002431,0.0000006,0.0000004
22232,0.0002431,0.0000006,0.0000004
22233,0.0002430,0.0000006,0.0000004
22234,0.0002429,0.0000006,0.0000004
22235,0.0002429,0.0000006,0.0000004
22236,0.0002428,0.0000006,0.0000004
22237,0.0002427,0.0000006,0.0000004
22238,0.0002427,0.0000006,0.0000004
22239,0.0002426,0.0000006,0.0000004
22240,0.0002425,0.0000006,0.0000004
22241,0.0002425,0.0000006,0.0000004
22242,0.0002424,0.0000006,0.0000004
22243,0.0002423,0.0000006,0.0000004
22244,0.0002423,0.0000006,0.0000004
22245,0.0002422,0.0000006,0.0000004
22246,0.0002421,0.0000006,0.0000004
22247,0.0002421,0.0000006,0.0000004
22248,0.0002420,0.0000006,0.0000004
22249,0.0002419,0.0000006,0.0000004
22250,0.0002419,0.0000006,0.0000004
22251,0.0002418,0.0000006,0.0000004
22252,0.0002417,0.0000006,0.0000004
22253,0.0002417,0.0000006,0.0000004
22254,0.0002416,0.0000006,0.0000004
22255,0.0002415,0.0000006,0.0000004
22256,0.0002415,0.0000006,0.0000004
22257,0.0002414,0.0000006,0.0000004
22258,0.0002414,0.0000006,0.0000004
22259,0.0002413,0.0000006,0.0000004
22260,0.0002412,0.0000006,0.0000004
22261,0.0002412,0.0000006,0.0000004
22262,0.0002411,0.0000006,0.0000004
22263,0.0002410,0.0000006,0.0000004
22264,0.0002410,0.0000006,0.0000004
22265,0.0002409,0.0000006,0.0000004
22266,0.0002408,0.0000006,0.0000004
22267,0.0002408,0.0000006,0.0000004
22268,0.0002407,0.0000006,0.0000004
22269,0.0002406,0.0000006,0.0000004
22270,0.0002406,0.0000006,0.0000004
22271,0.0002405,0.0000006,0.0000004
22272,0.0002404,0.0000006,0.0000004
22273,0.0002404,0.0000006,0.0000004
22274,0.0002403,0.0000006,0.0000004
22275,0.0002402,0.0000006,0.0000004
22276,0.0002402,0.0000006,0.0000004
22277,0.0002401,0.0000006,0.0000004
22278,0.0002401,0.0000006,0.0000004
22279,0.0002400,0.0000006,0.0000004
22280,0.0002399,0.0000006,0.0000004
22281,0.0002399,0.0000006,0.0000004
22282,0.0002398,0.0000006,0.0000004
22283,0.0002397,0.0000006,0.0000004
22284,0.0002397,0.0000006,0.0000004
22285,0.0002396,0.0000006,0.0000004
22286,0.0002395,0.0000006,0.0000004
22287,0.0002395,0.0000006,0.0000004
22288,0.0002394,0.0000006,0.0000004
22289,0.0002393,0.0000006,0.0000004
22290,0.0002393,0.0000006,0.0000004
22291,0.0002392,0.0000006,0.0000004
22292,0.0002392,0.0000006,0.0000004
22293,0.0002391,0.0000006,0.0000004
22294,0.0002390,0.0000006,0.0000004
22295,0.0002390,0.0000006,0.0000004
22296,0.0002389,0.0000006,0.0000004
22297,0.0002388,0.0000006,0.0000004
22298,0.0002388,0.0000006,0.0000004
22299,0.0002387,0.0000006,0.0000004
22300,0.0002386,0.0000006,0.0000004
22301,0.0002386,0.0000006,0.0000004
22302,0.0002385,0.0000006,0.0000004
22303,0.0002385,0.0000006,0.0000004
22304,0.0002384,0.0000006,0.0000004
22305,0.0002383,0.0000006,0.0000004
22306,0.0002383,0.0000006,0.0000004
22307,0.0002382,0.0000006,0.0000004
22308,0.0002381,0.0000006,0.0000004
22309,0.0002381,0.0000006,0.0000004
22310,0.0002380,0.0000006,0.0000004
22311,0.0002379,0.0000006,0.0000004
22312,0.0002379,0.0000006,0.0000004
22313,0.0002378,0.0000006,0.0000004
22314,0.0002378,0.0000006,0.0000004
22315,0.0002377,0.0000006,0.0000004
22316,0.0002376,0.0000006,0.0000004
22317,0.0002376,0.0000006,0.0000004
22318,0.0002375,0.0000006,0.0000004
22319,0.0002374,0.0000006,0.0000004
22320,0.0002374,0.0000006,0.0000004
22321,0.0002373,0.0000006,0.0000004
22322,0.0002373,0.0000006,0.0000004
22323,0.0002372,0.0000006,0.0000004
22324,0.0002371,0.0000006,0.0000004
22325,0.0002371,0.0000006,0.0000004
22326,0.0002370,0.0000006,0.0000004
22327,0.0002369,0.0000006,0.0000004
22328,0.0002369,0.0000006,0.0000004
22329,0.0002368,0.0000006,0.0000004
22330,0.0002368,0.0000006,0.0000004
22331,0.0002367,0.0000006,0.0000004
22332,0.0002366,0.0000006,0.0000004
22333,0.0002366,0.0000006,0.0000004
22334,0.0002365,0.0000006,0.0000004
22335,0.0002365,0.0000006,0.0000004
22336,0.0002364,0.0000006,0.0000004
22337,0.0002363,0.0000006,0.0000004
22338,0.0002363,0.0000006,0.0000004
22339,0.0002362,0.0000006,0.0000004
22340,0.0002361,0.0000006,0.0000004
22341,0.0002361,0.0000006,0.0000004
22342,0.0002360,0.0000006,0.0000004
22343,0.0002360,0.0000006,0.0000004
22344,0.0002359,0.0000006,0.0000004
22345,0.0002358,0.0000006,0.0000004
22346,0.0002358,0.0000006,0.0000004
22347,0.0002357,0.0000006,0.0000004
22348,0.0002357,0.0000006,0.0000004
22349,0.0002356,0.0000006,0.0000004
22350,0.0002355,0.0000006,0.0000004
22351,0.0002355,0.0000006,0.0000004
22352,0.0002354,0.0000006,0.0000004
22353,0.0002354,0.0000006,0.0000004
22354,0.0002353,0.0000006,0.0000004
22355,0.0002352,0.0000006,0.0000004
22356,0.0002352,0.0000006,0.0000004
22357,0.0002351,0.0000006,0.0000004
22358,0.0002351,0.0000006,0.0000004
22359,0.0002350,0.0000006,0.0000004
22360,0.0002349,0.0000006,0.0000004
22361,0.0002349,0.0000006,0.0000004
22362,0.0002348,0.0000006,0.0000004
22363,0.0002348,0.0000006,0.0000004
22364,0.0002347,0.0000006,0.0000004
22365,0.0002346,0.0000006,0.0000004
22366,0.0002346,0.0000006,0.0000004
22367,0.0002345,0.0000006,0.0000004
22368,0.0002345,0.0000006,0.0000004
22369,0.0002344,0.0000006,0.0000004
22370,0.0002343,0.0000006,0.0000004
22371,0.0002343,0.0000006,0.0000004
22372,0.0002342,0.0000006,0.0000004
22373,0.0002342,0.0000006,0.0000004
22374,0.0002341,0.0000006,0.0000004
22375,0.0002340,0.0000006,0.0000004
22376,0.0002340,0.0000006,0.0000004
22377,0.0002339,0.0000006,0.0000004
22378,0.0002339,0.0000006,0.0000004
22379,0.0002338,0.0000006,0.0000004
22380,0.0002337,0.0000006,0.0000004
22381,0.0002337,0.0000006,0.0000004
22382,0.0002336,0.0000006,0.0000004
22383,0.0002336,0.0000006,0.0000004
22384,0.0002335,0.0000006,0.0000004
22385,0.0002335,0.0000006,0.0000004
22386,0.0002334,0.0000006,0.0000004
22387,0.0002333,0.0000006,0.0000004
22388,0.0002333,0.0000006,0.0000004
22389,0.0002332,0.0000006,0.0000004
22390,0.0002332,0.0000006,0.0000004
22391,0.0002331,0.0000006,0.0000004
22392,0.0002331,0.0000006,0.0000004
22393,0.0002330,0.0000006,0.0000004
22394,0.0002329,0.0000006,0.0000004
22395,0.0002329,0.0000006,0.0000004
22396,0.0002328,0.0000006,0.0000004
22397,0.0002328,0.0000006,0.0000004
22398,0.0002327,0.0000006,0.0000004
22399,0.0002326,0.0000006,0.0000004
22400,0.0002326,0.0000006,0.0000004
22401,0.0002325,0.0000006,0.0000004
22402,0.0002325,0.0000006,0.0000004
22403,0.0002324,0.0000006,0.0000004
22404,0.0002324,0.0000006,0.0000004
22405,0.0002323,0.0000006,0.0000004
22406,0.0002323,0.0000006,0.0000004
22407,0.0002322,0.0000006,0.0000004
22408,0.0002321,0.0000006,0.0000004
22409,0.0002321,0.0000006,0.0000004
22410,0.0002320,0.0000006,0.0000004
22411,0.0002320,0.0000006,0.0000004
22412,0.0002319,0.0000006,0.0000004
22413,0.0002319,0.0000006,0.0000004
22414,0.0002318,0.0000006,0.0000004
22415,0.0002317,0.0000006,0.0000004
22416,0.0002317,0.0000006,0.0000004
22417,0.0002316,0.0000006,0.0000004
22418,0.0002316,0.0000006,0.0000004
22419,0.0002315,0.0000006,0.0000004
22420,0.0002315,0.0000006,0.0000004
22421,0.0002314,0.0000006,0.0000004
22422,0.0002314,0.0000006,0.0000004
22423,0.0002313,0.0000006,0.0000004
22424,0.0002312,0.0000006,0.0000004
22425,0.0002312,0.0000006,0.0000004
22426,0.0002311,0.0000006,0.0000004
22427,0.0002311,0.0000006,0.0000004
22428,0.0002310,0.0000006,0.0000004
22429,0.0002310,0.0000006,0.0000004
22430,0.0002309,0.0000006,0.0000004
22431,0.0002309,0.0000006,0.0000004
22432,0.0002308,0.0000006,0.0000004
22433,0.0002308,0.0000006,0.0000004
22434,0.0002307,0.0000006,0.0000004
22435,0.0002307,0.0000006,0.0000004
22436,0.0002306,0.0000006,0.0000004
22437,0.0002305,0.0000006,0.0000004
22438,0.0002305,0.0000006,0.0000004
22439,0.0002304,0.0000006,0.0000004
22440,0.0002304,0.0000006,0.0000004
22441,0.0002303,0.0000006,0.0000004
22442,0.0002303,0.0000006,0.0000004
22443,0.0002302,0.0000006,0.0000004
22444,0.0002302,0.0000006,0.0000004
22445,0.0002301,0.0000006,0.0000004
22446,0.0002301,0.0000006,0.0000004
22447,0.0002300,0.0000006,0.0000004
22448,0.0002300,0.0000006,0.0000004
22449,0.0002299,0.0000006,0.0000004
22450,0.0002299,0.0000006,0.0000004
22451,0.0002298,0.0000006,0.0000004
22452,0.0002297,0.0000006,0.0000004
22453,0.0002297,0.0000006,0.0000004
22454,0.0002296,0.0000006,0.0000004
22455,0.0002296,0.0000006,0.0000004
22456,0.0002295,0.0000006,0.0000004
22457,0.0002295,0.0000006,0.0000004
22458,0.0002294,0.0000006,0.0000004
22459,0.0002294,0.0000006,0.0000004
22460,0.0002293,0.0000006,0.0000004
22461,0.0002293,0.0000006,0.0000004
22462,0.0002292,0.0000006,0.0000004
22463,0.0002292,0.0000006,0.0000004
22464,0.0002291,0.0000006,0.0000004
22465,0.0002291,0.0000006,0.0000004
22466,0.0002290,0.0000006,0.0000004
22467,0.0002290,0.0000006,0.0000004
22468,0.0002289,0.0000006,0.0000004
22469,0.0002289,0.0000006,0.0000004
22470,0.0002288,0.0000006,0.0000004
22471,0.0002288,0.0000006,0.0000004
22472,0.0002287,0.0000006,0.0000004
22473,0.0002287,0.0000006,0.0000004
22474,0.0002286,0.0000006,0.0000004
22475,0.0002286,0.0000006,0.0000004
22476,0.0002285,0.0000006,0.0000004
22477,0.0002285,0.0000006,0.0000004
22478,0.0002284,0.0000006,0.0000004
22479,0.0002284,0.0000006,0.0000004
22480,0.0002283,0.0000006,0.0000004
22481,0.0002283,0.0000006,0.0000004
22482,0.0002282,0.0000006,0.0000004
22483,0.0002282,0.0000006,0.0000004
22484,0.0002281,0.0000006,0.0000004
22485,0.0002281,0.0000006,0.0000004
22486,0.0002280,0.0000006,0.0000004
22487,0.0002280,0.0000006,0.0000004
22488,0.0002279,0.0000006,0.0000004
22489,0.0002279,0.0000006,0.0000004
22490,0.0002278,0.0000006,0.0000004
22491,0.0002278,0.0000006,0.0000004
22492,0.0002277,0.0000006,0.0000004
22493,0.0002277,0.0000006,0.0000004
22494,0.0002276,0.0000006,0.0000004
22495,0.0002276,0.0000006,0.0000004
22496,0.0002275,0.0000006,0.0000004
22497,0.0002275,0.0000006,0.0000004
22498,0.0002274,0.0000006,0.0000004
22499,0.0002274,0.0000006,0.0000004
22500,0.0002274,0.0000006,0.0000004
22501,0.0002273,0.0000006,0.0000004
22502,0.0002273,0.0000006,0.0000004
22503,0.0002272,0.0000006,0.0000004
22504,0.0002272,0.0000006,0.0000004
22505,0.0002271,0.0000006,0.0000004
22506,0.0002271,0.0000006,0.0000004
22507,0.0002270,0.0000006,0.0000004
22508,0.0002270,0.0000006,0.0000004
22509,0.0002269,0.0000006,0.0000004
22510,0.0002269,0.0000006,0.0000004
22511,0.0002268,0.0000006,0.0000004
22512,0.0002268,0.0000006,0.0000004
22513,0.0002267,0.0000006,0.0000004
22514,0.0002267,0.0000006,0.0000004
22515,0.0002267,0.0000006,0.0000004
22516,0.0002266,0.0000006,0.0000004
22517,0.0002266,0.0000006,0.0000004
22518,0.0002265,0.0000006,0.0000004
22519,0.0002265,0.0000006,0.0000004
22520,0.0002264,0.0000006,0.0000004
22521,0.0002264,0.0000006,0.0000004
22522,0.0002263,0.0000006,0.0000004
22523,0.0002263,0.0000006,0.0000004
22524,0.0002262,0.0000006,0.0000004
22525,0.0002262,0.0000006,0.0000004
22526,0.0002262,0.0000006,0.0000004
22527,0.0002261,0.0000006,0.0000004
22528,0.0002261,0.0000006,0.0000004
22529,0.0002260,0.0000006,0.0000004
22530,0.0002260,0.0000006,0.0000004
22531,0.0002259,0.0000006,0.0000004
22532,0.0002259,0.0000006,0.0000004
22533,0.0002258,0.0000006,0.0000004
22534,0.0002258,0.0000006,0.0000004
22535,0.0002258,0.0000006,0.0000004
22536,0.0002257,0.0000006,0.0000004
22537,0.0002257,0.0000006,0.0000004
22538,0.0002256,0.0000006,0.0000004
22539,0.0002256,0.0000006,0.0000004
22540,0.0002255,0.0000006,0.0000004
22541,0.0002255,0.0000006,0.0000004
22542,0.0002255,0.0000006,0.0000004
22543,0.0002254,0.0000006,0.0000004
22544,0.0002254,0.0000006,0.0000004
22545,0.0002253,0.0000006,0.0000004
22546,0.0002253,0.0000006,0.0000004
22547,0.0002252,0.0000006,0.0000004
22548,0.0002252,0.0000006,0.0000004
22549,0.0002252,0.0000006,0.0000004
22550,0.0002251,0.0000006,0.0000004
22551,0.0002251,0.0000006,0.0000004
22552,0.0002250,0.0000006,0.0000004
22553,0.0002250,0.0000006,0.0000004
22554,0.0002250,0.0000006,0.0000004
22555,0.0002249,0.0000006,0.0000004
22556,0.0002249,0.0000006,0.0000004
22557,0.0002248,0.0000006,0.0000004
22558,0.0002248,0.0000006,0.0000004
22559,0.0002247,0.0000006,0.0000004
22560,0.0002247,0.0000006,0.0000004
22561,0.0002247,0.0000006,0.0000004
22562,0.0002246,0.0000006,0.0000004
22563,0.0002246,0.0000006,0.0000004
22564,0.0002245,0.0000006,0.0000004
22565,0.0002245,0.0000006,0.0000004
22566,0.0002245,0.0000006,0.0000004
22567,0.0002244,0.0000006,0.0000004
22568,0.0002244,0.0000006,0.0000004
22569,0.0002243,0.0000006,0.0000004
22570,0.0002243,0.0000006,0.0000004
22571,0.0002243,0.0000006,0.0000004
22572,0.0002242,0.0000006,0.0000004
22573,0.0002242,0.0000006,0.0000004
22574,0.0002241,0.0000006,0.0000004
22575,0.0002241,0.0000006,0.0000004
22576,0.0002241,0.0000006,0.0000004
22577,0.0002240,0.0000006,0.0000004
22578,0.0002240,0.0000006,0.0000004
22579,0.0002240,0.0000006,0.0000004
22580,0.0002239,0.0000006,0.0000004
22581,0.0002239,0.0000006,0.0000004
22582,0.0002238,0.0000006,0.0000004
22583,0.0002238,0.0000006,0.0000004
22584,0.0002238,0.0000006,0.0000004
22585,0.0002237,0.0000006,0.0000004
22586,0.0002237,0.0000006,0.0000004
22587,0.0002237,0.0000006,0.0000004
22588,0.0002236,0.0000006,0.0000004
22589,0.0002236,0.0000006,0.0000004
22590,0.0002235,0.0000006,0.0000004
22591,0.0002235,0.0000006,0.0000004
22592,0.0002235,0.0000006,0.0000004
22593,0.0002234,0.0000006,0.0000004
22594,0.0002234,0.0000006,0.0000004
22595,0.0002234,0.0000006,0.0000004
22596,0.0002233,0.0000006,0.0000004
22597,0.0002233,0.0000006,0.0000004
22598,0.0002232,0.0000006,0.0000004
22599,0.0002232,0.0000006,0.0000004
22600,0.0002232,0.0000006,0.0000004
22601,0.0002231,0.0000006,0.0000004
22602,0.0002231,0.0000006,0.0000004
22603,0.0002231,0.0000006,0.0000004
22604,0.0002230,0.0000006,0.0000004
22605,0.0002230,0.0000006,0.0000004
22606,0.0002230,0.0000006,0.0000004
22607,0.0002229,0.0000006,0.0000004
22608,0.0002229,0.0000006,0.0000004
22609,0.0002229,0.0000006,0.0000004
22610,0.0002228,0.0000006,0.0000004
22611,0.0002228,0.0000006,0.0000004
22612,0.0002228,0.0000006,0.0000004
22613,0.0002227,0.0000006,0.0000004
22614,0.0002227,0.0000006,0.0000004
22615,0.0002227,0.0000006,0.0000004
22616,0.0002226,0.0000006,0.0000004
22617,0.0002226,0.0000006,0.0000004
22618,0.0002226,0.0000006,0.0000004
22619,0.0002225,0.0000006,0.0000004
22620,0.0002225,0.0000006,0.0000004
22621,0.0002225,0.0000006,0.0000004
22622,0.0002224,0.0000006,0.0000004
22623,0.0002224,0.0000006,0.0000004
22624,0.0002224,0.0000006,0.0000004
22625,0.0002223,0.0000006,0.0000004
22626,0.0002223,0.0000006,0.0000004
22627,0.0002223,0.0000006,0.0000004
22628,0.0002222,0.0000006,0.0000004
22629,0.0002222,0.0000006,0.0000004
22630,0.0002222,0.0000006,0.0000004
22631,0.0002221,0.0000006,0.0000004
22632,0.0002221,0.0000006,0.0000004
22633,0.0002221,0.0000006,0.0000004
22634,0.0002220,0.0000006,0.0000004
22635,0.0002220,0.0000006,0.0000004
22636,0.0002220,0.0000006,0.0000004
22637,0.0002219,0.0000006,0.0000004
22638,0.0002219,0.0000006,0.0000004
22639,0.0002219,0.0000006,0.0000004
22640,0.0002218,0.0000006,0.0000004
22641,0.0002218,0.0000006,0.0000004
22642,0.0002218,0.0000006,0.0000004
22643,0.0002218,0.0000006,0.0000004
22644,0.0002217,0.0000006,0.0000004
22645,0.0002217,0.0000006,0.0000004
22646,0.0002217,0.0000006,0.0000004
22647,0.0002216,0.0000006,0.0000004
22648,0.0002216,0.0000006,0.0000004
22649,0.0002216,0.0000006,0.0000004
22650,0.0002215,0.0000006,0.0000004
22651,0.0002215,0.0000006,0.0000004
22652,0.0002215,0.0000006,0.0000004
22653,0.0002215,0.0000006,0.0000004
22654,0.0002214,0.0000006,0.0000004
22655,0.0002214,0.0000006,0.0000004
22656,0.0002214,0.0000006,0.0000004
22657,0.0002213,0.0000006,0.0000004
22658,0.0002213,0.0000006,0.0000004
22659,0.0002213,0.0000006,0.0000004
22660,0.0002213,0.0000006,0.0000004
22661,0.0002212,0.0000006,0.0000004
22662,0.0002212,0.0000006,0.0000004
22663,0.0002212,0.0000006,0.0000004
22664,0.0002211,0.0000006,0.0000004
22665,0.0002211,0.0000006,0.0000004
22666,0.0002211,0.0000006,0.0000004
22667,0.0002211,0.0000006,0.0000004
22668,0.0002210,0.0000006,0.0000004
22669,0.0002210,0.0000006,0.0000004
22670,0.0002210,0.0000006,0.0000004
22671,0.0002210,0.0000006,0.0000004
22672,0.0002209,0.0000006,0.0000004
22673,0.0002209,0.0000006,0.0000004
22674,0.0002209,0.0000006,0.0000004
22675,0.0002208,0.0000006,0.0000004
22676,0.0002208,0.0000006,0.0000004
22677,0.0002208,0.0000006,0.0000004
22678,0.0002208,0.0000006,0.0000004
22679,0.0002207,0.0000006,0.0000004
22680,0.0002207,0.0000006,0.0000004
22681,0.0002207,0.0000006,0.0000004
22682,0.0002207,0.0000006,0.0000004
22683,0.0002206,0.0000006,0.0000004
22684,0.0002206,0.0000006,0.0000004
22685,0.0002206,0.0000006,0.0000004
22686,0.0002206,0.0000006,0.0000004
22687,0.0002205,0.0000006,0.0000004
22688,0.0002205,0.0000006,0.0000004
22689,0.0002205,0.0000006,0.0000004
22690,0.0002205,0.0000006,0.0000004
22691,0.0002204,0.0000006,0.0000004
22692,0.0002204,0.0000006,0.0000004
22693,0.0002204,0.0000006,0.0000004
22694,0.0002204,0.0000006,0.0000004
22695,0.0002203,0.0000006,0.0000004
22696,0.0002203,0.0000006,0.0000004
22697,0.0002203,0.0000006,0.0000004
22698,0.0002203,0.0000006,0.0000004
22699,0.0002203,0.0000006,0.0000004
22700,0.0002202,0.0000006,0.0000004
22701,0.0002202,0.0000006,0.0000004
22702,0.0002202,0.0000006,0.0000004
22703,0.0002202,0.0000006,0.0000004
22704,0.0002201,0.0000006,0.0000004
22705,0.0002201,0.0000006,0.0000004
22706,0.0002201,0.0000006,0.0000004
22707,0.0002201,0.0000006,0.0000004
22708,0.0002200,0.0000006,0.0000004
22709,0.0002200,0.0000006,0.0000004
22710,0.0002200,0.0000006,0.0000004
22711,0.0002200,0.0000006,0.0000004
22712,0.0002200,0.0000006,0.0000004
22713,0.0002199,0.0000006,0.0000004
22714,0.0002199,0.0000006,0.0000004
22715,0.0002199,0.0000006,0.0000004
22716,0.0002199,0.0000006,0.0000004
22717,0.0002199,0.0000006,0.0000004
22718,0.0002198,0.0000006,0.0000004
22719,0.0002198,0.0000006,0.0000004
22720,0.0002198,0.0000006,0.0000004
22721,0.0002198,0.0000006,0.0000004
22722,0.0002198,0.0000006,0.0000004
22723,0.0002197,0.0000006,0.0000004
22724,0.0002197,0.0000006,0.0000004
22725,0.0002197,0.0000006,0.0000004
22726,0.0002197,0.0000006,0.0000004
22727,0.0002197,0.0000006,0.0000004
22728,0.0002196,0.0000006,0.0000004
22729,0.0002196,0.0000006,0.0000004
22730,0.0002196,0.0000006,0.0000004
22731,0.0002196,0.0000006,0.0000004
22732,0.0002196,0.0000006,0.0000004
22733,0.0002195,0.0000006,0.0000004
22734,0.0002195,0.0000006,0.0000004
22735,0.0002195,0.0000006,0.0000004
22736,0.0002195,0.0000006,0.0000004
22737,0.0002195,0.0000006,0.0000004
22738,0.0002194,0.0000006,0.0000004
22739,0.0002194,0.0000006,0.0000004
22740,0.0002194,0.0000006,0.0000004
22741,0.0002194,0.0000006,0.0000004
22742,0.0002194,0.0000006,0.0000004
22743,0.0002194,0.0000006,0.0000004
22744,0.0002193,0.0000006,0.0000004
22745,0.0002193,0.0000006,0.0000004
22746,0.0002193,0.0000006,0.0000004
22747,0.0002193,0.0000006,0.0000004
22748,0.0002193,0.0000006,0.0000004
22749,0.0002192,0.0000006,0.0000004
22750,0.0002192,0.0000006,0.0000004
22751,0.0002192,0.0000006,0.0000004
22752,0.0002192,0.0000006,0.0000004
22753,0.0002192,0.0000006,0.0000004
22754,0.0002192,0.0000006,0.0000004
22755,0.0002191,0.0000006,0.0000004
22756,0.0002191,0.0000006,0.0000004
22757,0.0002191,0.0000006,0.0000004
22758,0.0002191,0.0000006,0.0000004
22759,0.0002191,0.0000006,0.0000004
22760,0.0002191,0.0000006,0.0000004
22761,0.0002191,0.0000006,0.0000004
22762,0.0002190,0.0000006,0.0000004
22763,0.0002190,0.0000006,0.0000004
22764,0.0002190,0.0000006,0.0000004
22765,0.0002190,0.0000006,0.0000004
22766,0.0002190,0.0000006,0.0000004
22767,0.0002190,0.0000006,0.0000004
22768,0.0002190,0.0000006,0.0000004
22769,0.0002189,0.0000006,0.0000004
22770,0.0002189,0.0000006,0.0000004
22771,0.0002189,0.0000006,0.0000004
22772,0.0002189,0.0000006,0.0000004
22773,0.0002189,0.0000006,0.0000004
22774,0.0002189,0.0000006,0.0000004
22775,0.0002189,0.0000006,0.0000004
22776,0.0002188,0.0000006,0.0000004
22777,0.0002188,0.0000006,0.0000004
22778,0.0002188,0.0000006,0.0000004
22779,0.0002188,0.0000006,0.0000004
22780,0.0002188,0.0000006,0.0000004
22781,0.0002188,0.0000006,0.0000004
22782,0.0002188,0.0000006,0.0000004
22783,0.0002187,0.0000006,0.0000004
22784,0.0002187,0.0000006,0.0000004
22785,0.0002187,0.0000006,0.0000004
22786,0.0002187,0.0000006,0.0000004
22787,0.0002187,0.0000006,0.0000004
22788,0.0002187,0.0000006,0.0000004
22789,0.0002187,0.0000006,0.0000004
22790,0.0002187,0.0000006,0.0000004
22791,0.0002186,0.0000006,0.0000004
22792,0.0002186,0.0000006,0.0000004
22793,0.0002186,0.0000006,0.0000004
22794,0.0002186,0.0000006,0.0000004
22795,0.0002186,0.0000006,0.0000004
22796,0.0002186,0.0000006,0.0000004
22797,0.0002186,0.0000006,0.0000004
22798,0.0002186,0.0000006,0.0000004
22799,0.0002186,0.0000006,0.0000004
22800,0.0002185,0.0000006,0.0000004
22801,0.0002185,0.0000006,0.0000004
22802,0.0002185,0.0000006,0.0000004
22803,0.0002185,0.0000006,0.0000004
22804,0.0002185,0.0000006,0.0000004
22805,0.0002185,0.0000006,0.0000004
22806,0.0002185,0.0000006,0.0000004
22807,0.0002185,0.0000006,0.0000004
22808,0.0002185,0.0000006,0.0000004
22809,0.0002185,0.0000006,0.0000004
22810,0.0002184,0.0000006,0.0000004
22811,0.0002184,0.0000006,0.0000004
22812,0.0002184,0.0000006,0.0000004
22813,0.0002184,0.0000006,0.0000004
22814,0.0002184,0.0000006,0.0000004
22815,0.0002184,0.0000006,0.0000004
22816,0.0002184,0.0000006,0.0000004
22817,0.0002184,0.0000006,0.0000004
22818,0.0002184,0.0000006,0.0000004
22819,0.0002184,0.0000006,0.0000004
22820,0.0002184,0.0000006,0.0000004
22821,0.0002184,0.0000006,0.0000004
22822,0.0002183,0.0000006,0.0000004
22823,0.0002183,0.0000006,0.0000004
22824,0.0002183,0.0000006,0.0000004
22825,0.0002183,0.0000006,0.0000004
22826,0.0002183,0.0000006,0.0000004
22827,0.0002183,0.0000006,0.0000004
22828,0.0002183,0.0000006,0.0000004
22829,0.0002183,0.0000006,0.0000004
22830,0.0002183,0.0000006,0.0000004
22831,0.0002183,0.0000006,0.0000004
22832,0.0002183,0.0000006,0.0000004
22833,0.0002183,0.0000006,0.0000004
22834,0.0002183,0.0000006,0.0000004
22835,0.0002182,0.0000006,0.0000004
22836,0.0002182,0.0000006,0.0000004
22837,0.0002182,0.0000006,0.0000004
22838,0.0002182,0.0000006,0.0000004
22839,0.0002182,0.0000006,0.0000004
22840,0.0002182,0.0000006,0.0000004
22841,0.0002182,0.0000006,0.0000004
22842,0.0002182,0.0000006,0.0000004
22843,0.0002182,0.0000006,0.0000004
22844,0.0002182,0.0000006,0.0000004
22845,0.0002182,0.0000006,0.0000004
22846,0.0002182,0.0000006,0.0000004
22847,0.0002182,0.0000006,0.0000004
22848,0.0002182,0.0000006,0.0000004
22849,0.0002182,0.0000006,0.0000004
22850,0.0002182,0.0000006,0.0000004
22851,0.0002182,0.0000006,0.0000004
22852,0.0002182,0.0000006,0.0000004
22853,0.0002182,0.0000006,0.0000004
22854,0.0002181,0.0000006,0.0000004
22855,0.0002181,0.0000006,0.0000004
22856,0.0002181,0.0000006,0.0000004
22857,0.0002181,0.0000006,0.0000004
22858,0.0002181,0.0000006,0.0000004
22859,0.0002181,0.0000006,0.0000004
22860,0.0002181,0.0000006,0.0000004
22861,0.0002181,0.0000006,0.0000004
22862,0.0002181,0.0000006,0.0000004
22863,0.0002181,0.0000006,0.0000004
22864,0.0002181,0.0000006,0.0000004
22865,0.0002181,0.0000006,0.0000004
22866,0.0002181,0.0000006,0.0000004
22867,0.0002181,0.0000006,0.0000004
22868,0.0002181,0.0000006,0.0000004
22869,0.0002181,0.0000006,0.0000004
22870,0.0002181,0.0000006,0.0000004
22871,0.0002181,0.0000006,0.0000004
22872,0.0002181,0.0000006,0.0000004
22873,0.0002181,0.0000006,0.0000004
22874,0.0002181,0.0000006,0.0000004
22875,0.0002181,0.0000006,0.0000004
22876,0.0002181,0.0000006,0.0000004
22877,0.0002181,0.0000006,0.0000004
22878,0.0002181,0.0000006,0.0000004
22879,0.0002181,0.0000006,0.0000004
22880,0.0002181,0.0000006,0.0000004
22881,0.0002181,0.0000006,0.0000004
22882,0.0002181,0.0000006,0.0000004
22883,0.0002181,0.0000006,0.0000004
22884,0.0002181,0.0000006,0.0000004
22885,0.0002181,0.0000006,0.0000004
22886,0.0002181,0.0000006,0.0000004
22887,0.0002181,0.0000006,0.0000004
22888,0.0002181,0.0000006,0.0000004
22889,0.0002181,0.0000006,0.0000004
22890,0.0002181,0.0000006,0.0000004
22891,0.0002181,0.0000006,0.0000004
22892,0.0002181,0.0000006,0.0000004
22893,0.0002181,0.0000006,0.0000004
22894,0.0002181,0.0000006,0.0000004
22895,0.0002181,0.0000006,0.0000004
22896,0.0002181,0.0000006,0.0000004
22897,0.0002181,0.0000006,0.0000004
22898,0.0002181,0.0000006,0.0000004
22899,0.0002181,0.0000006,0.0000004
22900,0.0002181,0.0000006,0.0000004
22901,0.0002181,0.0000006,0.0000004
22902,0.0002181,0.0000006,0.0000004
22903,0.0002181,0.0000006,0.0000004
22904,0.0002181,0.0000006,0.0000004
22905,0.0002181,0.0000006,0.0000004
22906,0.0002181,0.0000006,0.0000004
22907,0.0002181,0.0000006,0.0000004
22908,0.0002181,0.0000006,0.0000004
22909,0.0002181,0.0000006,0.0000004
22910,0.0002181,0.0000006,0.0000004
22911,0.0002181,0.0000006,0.0000005
22912,0.0002181,0.0000006,0.0000005
22913,0.0002181,0.0000006,0.0000005
22914,0.0002181,0.0000006,0.0000005
22915,0.0002181,0.0000006,0.0000005
22916,0.0002181,0.0000006,0.0000005
22917,0.0002181,0.0000006,0.0000005
22918,0.0002181,0.0000006,0.0000005
22919,0.0002181,0.0000006,0.0000005
22920,0.0002181,0.0000006,0.0000005
22921,0.0002181,0.0000006,0.0000005
22922,0.0002181,0.0000006,0.0000005
22923,0.0002181,0.0000006,0.0000005
22924,0.0002181,0.0000006,0.0000005
22925,0.0002181,0.0000006,0.0000005
22926,0.0002181,0.0000006,0.0000005
22927,0.0002181,0.0000006,0.0000005
22928,0.0002181,0.0000006,0.0000005
22929,0.0002181,0.0000006,0.0000005
22930,0.0002181,0.0000006,0.0000005
22931,0.0002181,0.0000006,0.0000005
22932,0.0002181,0.0000006,0.0000005
22933,0.0002181,0.0000006,0.0000005
22934,0.0002181,0.0000006,0.0000005
22935,0.0002181,0.0000006,0.0000005
22936,0.0002181,0.0000006,0.0000005
22937,0.0002181,0.0000006,0.0000005
22938,0.0002182,0.0000006,0.0000005
22939,0.0002182,0.0000006,0.0000005
22940,0.0002182,0.0000006,0.0000005
22941,0.0002182,0.0000006,0.0000005
22942,0.0002182,0.0000006,0.0000005
22943,0.0002182,0.0000006,0.0000005
22944,0.0002182,0.0000006,0.0000005
22945,0.0002182,0.0000006,0.0000005
22946,0.0002182,0.0000006,0.0000005
22947,0.0002182,0.0000006,0.0000005
22948,0.0002182,0.0000006,0.0000005
22949,0.0002182,0.0000006,0.0000005
22950,0.0002182,0.0000006,0.0000005
22951,0.0002182,0.0000006,0.0000005
22952,0.0002182,0.0000006,0.0000005
22953,0.0002182,0.0000006,0.0000005
22954,0.0002182,0.0000006,0.0000005
22955,0.0002182,0.0000006,0.0000005
22956,0.0002182,0.0000006,0.0000005
22957,0.0002182,0.0000006,0.0000005
22958,0.0002183,0.0000006,0.0000005
22959,0.0002183,0.0000006,0.0000005
22960,0.0002183,0.0000006,0.0000005
22961,0.0002183,0.0000006,0.0000005
22962,0.0002183,0.0000006,0.0000005
22963,0.0002183,0.0000006,0.0000005
22964,0.0002183,0.0000006,0.0000005
22965,0.0002183,0.0000006,0.0000005
22966,0.0002183,0.0000006,0.0000005
22967,0.0002183,0.0000006,0.0000005
22968,0.0002183,0.0000006,0.0000005
22969,0.0002183,0.0000006,0.0000005
22970,0.0002183,0.0000006,0.0000005
22971,0.0002183,0.0000006,0.0000005
22972,0.0002183,0.0000006,0.0000005
22973,0.0002184,0.0000006,0.0000005
22974,0.0002184,0.0000006,0.0000005
22975,0.0002184,0.0000006,0.0000005
22976,0.0002184,0.0000006,0.0000005
22977,0.0002184,0.0000006,0.0000005
22978,0.0002184,0.0000006,0.0000005
22979,0.0002184,0.0000006,0.0000005
22980,0.0002184,0.0000006,0.0000005
22981,0.0002184,0.0000006,0.0000005
22982,0.0002184,0.0000006,0.0000005
22983,0.0002184,0.0000006,0.0000005
22984,0.0002184,0.0000006,0.0000005
22985,0.0002184,0.0000006,0.0000005
22986,0.0002185,0.0000006,0.0000005
22987,0.0002185,0.0000006,0.0000005
22988,0.0002185,0.0000006,0.0000005
22989,0.0002185,0.0000006,0.0000005
22990,0.0002185,0.0000006,0.0000005
22991,0.0002185,0.0000006,0.0000005
22992,0.0002185,0.0000006,0.0000005
22993,0.0002185,0.0000006,0.0000005
22994,0.0002185,0.0000006,0.0000005
22995,0.0002185,0.0000006,0.0000005
22996,0.0002185,0.0000006,0.0000005
22997,0.0002186,0.0000006,0.0000005
22998,0.0002186,0.0000006,0.0000005
22999,0.0002186,0.0000006,0.0000005
23000,0.0002186,0.0000006,0.0000005
23001,0.0002186,0.0000006,0.0000005
23002,0.0002186,0.0000006,0.0000005
23003,0.0002186,0.0000006,0.0000005
23004,0.0002186,0.0000006,0.0000005
23005,0.0002186,0.0000006,0.0000005
23006,0.0002186,0.0000006,0.0000005
23007,0.0002186,0.0000006,0.0000005
23008,0.0002187,0.0000006,0.0000005
23009,0.0002187,0.0000006,0.0000005
23010,0.0002187,0.0000006,0.0000005
23011,0.0002187,0.0000006,0.0000005
23012,0.0002187,0.0000006,0.0000005
23013,0.0002187,0.0000006,0.0000005
23014,0.0002187,0.0000006,0.0000005
23015,0.0002187,0.0000006,0.0000005
23016,0.0002187,0.0000006,0.0000005
23017,0.0002188,0.0000006,0.0000005
23018,0.0002188,0.0000006,0.0000005
23019,0.0002188,0.0000006,0.0000005
23020,0.0002188,0.0000006,0.0000005
23021,0.0002188,0.0000006,0.0000005
23022,0.0002188,0.0000006,0.0000005
23023,0.0002188,0.0000006,0.0000005
23024,0.0002188,0.0000006,0.0000005
23025,0.0002188,0.0000006,0.0000005
23026,0.0002188,0.0000006,0.0000005
23027,0.0002189,0.0000006,0.0000005
23028,0.0002189,0.0000006,0.0000005
23029,0.0002189,0.0000006,0.0000005
23030,0.0002189,0.0000006,0.0000005
23031,0.0002189,0.0000006,0.0000005
23032,0.0002189,0.0000006,0.0000005
23033,0.0002189,0.0000006,0.0000005
23034,0.0002189,0.0000006,0.0000005
23035,0.0002190,0.0000006,0.0000005
23036,0.0002190,0.0000006,0.0000005
23037,0.0002190,0.0000006,0.0000005
23038,0.0002190,0.0000006,0.0000005
23039,0.0002190,0.0000006,0.0000005
23040,0.0002190,0.0000006,0.0000005
23041,0.0002190,0.0000006,0.0000005
23042,0.0002190,0.0000006,0.0000005
23043,0.0002191,0.0000006,0.0000005
23044,0.0002191,0.0000006,0.0000005
23045,0.0002191,0.0000006,0.0000005
23046,0.0002191,0.0000006,0.0000005
23047,0.0002191,0.0000006,0.0000005
23048,0.0002191,0.0000006,0.0000005
23049,0.0002191,0.0000006,0.0000005
23050,0.0002191,0.0000006,0.0000005
23051,0.0002192,0.0000006,0.0000005
23052,0.0002192,0.0000006,0.0000005
23053,0.0002192,0.0000006,0.0000005
23054,0.0002192,0.0000006,0.0000005
23055,0.0002192,0.0000006,0.0000005
23056,0.0002192,0.0000006,0.0000005
23057,0.0002192,0.0000006,0.0000005
23058,0.0002192,0.0000006,0.0000005
23059,0.0002193,0.0000006,0.0000005
23060,0.0002193,0.0000006,0.0000005
23061,0.0002193,0.0000006,0.0000005
23062,0.0002193,0.0000006,0.0000005
23063,0.0002193,0.0000006,0.0000005
23064,0.0002193,0.0000006,0.0000005
23065,0.0002193,0.0000006,0.0000005
23066,0.0002194,0.0000006,0.0000005
23067,0.0002194,0.0000006,0.0000005
23068,0.0002194,0.0000006,0.0000005
23069,0.0002194,0.0000006,0.0000005
23070,0.0002194,0.0000006,0.0000005
23071,0.0002194,0.0000006,0.0000005
23072,0.0002194,0.0000006,0.0000005
23073,0.0002194,0.0000006,0.0000005
23074,0.0002195,0.0000006,0.0000005
23075,0.0002195,0.0000006,0.0000005
23076,0.0002195,0.0000006,0.0000005
23077,0.0002195,0.0000006,0.0000005
23078,0.0002195,0.0000006,0.0000005
23079,0.0002195,0.0000006,0.0000005
23080,0.0002195,0.0000006,0.0000005
23081,0.0002196,0.0000006,0.0000005
23082,0.0002196,0.0000006,0.0000005
23083,0.0002196,0.0000006,0.0000005
23084,0.0002196,0.0000006,0.0000005
23085,0.0002196,0.0000006,0.0000005
23086,0.0002196,0.0000006,0.0000005
23087,0.0002197,0.0000006,0.0000005
23088,0.0002197,0.0000006,0.0000005
23089,0.0002197,0.0000006,0.0000005
23090,0.0002197,0.0000006,0.0000005
23091,0.0002197,0.0000006,0.0000005
23092,0.0002197,0.0000006,0.0000005
23093,0.0002197,0.0000006,0.0000005
23094,0.0002198,0.0000006,0.0000005
23095,0.0002198,0.0000006,0.0000005
23096,0.0002198,0.0000006,0.0000005
23097,0.0002198,0.0000006,0.0000005
23098,0.0002198,0.0000006,0.0000005
23099,0.0002198,0.0000006,0.0000005
23100,0.0002198,0.0000006,0.0000005
23101,0.0002199,0.0000006,0.0000005
23102,0.0002199,0.0000006,0.0000005
23103,0.0002199,0.0000006,0.0000005
23104,0.0002199,0.0000006,0.0000005
23105,0.0002199,0.0000006,0.0000005
23106,0.0002199,0.0000006,0.0000005
23107,0.0002200,0.0000006,0.0000005
23108,0.0002200,0.0000006,0.0000005
23109,0.0002200,0.0000006,0.0000005
23110,0.0002200,0.0000006,0.0000005
23111,0.0002200,0.0000006,0.0000005
23112,0.0002200,0.0000006,0.0000005
23113,0.0002201,0.0000006,0.0000005
23114,0.0002201,0.0000006,0.0000005
23115,0.0002201,0.0000006,0.0000005
23116,0.0002201,0.0000006,0.0000005
23117,0.0002201,0.0000006,0.0000005
23118,0.0002201,0.0000006,0.0000005
23119,0.0002201,0.0000006,0.0000005
23120,0.0002202,0.0000006,0.0000005
23121,0.0002202,0.0000006,0.0000005
23122,0.0002202,0.0000006,0.0000005
23123,0.0002202,0.0000006,0.0000005
23124,0.0002202,0.0000006,0.0000005
23125,0.0002202,0.0000006,0.0000005
23126,0.0002203,0.0000006,0.0000005
23127,0.0002203,0.0000006,0.0000005
23128,0.0002203,0.0000006,0.0000005
23129,0.0002203,0.0000006,0.0000005
23130,0.0002203,0.0000006,0.0000005
23131,0.0002203,0.0000006,0.0000005
23132,0.0002204,0.0000006,0.0000005
23133,0.0002204,0.0000006,0.0000005
23134,0.0002204,0.0000006,0.0000005
23135,0.0002204,0.0000006,0.0000005
23136,0.0002204,0.0000006,0.0000005
23137,0.0002204,0.0000006,0.0000005
23138,0.0002205,0.0000006,0.0000005
23139,0.0002205,0.0000006,0.0000005
23140,0.0002205,0.0000006,0.0000005
23141,0.0002205,0.0000006,0.0000005
23142,0.0002205,0.0000006,0.0000005
23143,0.0002205,0.0000006,0.0000005
23144,0.0002206,0.0000006,0.0000005
23145,0.0002206,0.0000006,0.0000005
23146,0.0002206,0.0000006,0.0000005
23147,0.0002206,0.0000006,0.0000005
23148,0.0002206,0.0000006,0.0000005
23149,0.0002207,0.0000006,0.0000005
23150,0.0002207,0.0000006,0.0000005
23151,0.0002207,0.0000006,0.0000005
23152,0.0002207,0.0000006,0.0000005
23153,0.0002207,0.0000006,0.0000005
23154,0.0002207,0.0000006,0.0000005
23155,0.0002208,0.0000006,0.0000005
23156,0.0002208,0.0000006,0.0000005
23157,0.0002208,0.0000006,0.0000005
23158,0.0002208,0.0000006,0.0000005
23159,0.0002208,0.0000006,0.0000005
23160,0.0002208,0.0000006,0.0000005
23161,0.0002209,0.0000006,0.0000005
23162,0.0002209,0.0000006,0.0000005
23163,0.0002209,0.0000006,0.0000005
23164,0.0002209,0.0000006,0.0000005
23165,0.0002209,0.0000006,0.0000005
23166,0.0002209,0.0000006,0.0000005
23167,0.0002210,0.0000006,0.0000005
23168,0.0002210,0.0000006,0.0000005
23169,0.0002210,0.0000006,0.0000005
23170,0.0002210,0.0000006,0.0000005
23171,0.0002210,0.0000006,0.0000005
23172,0.0002211,0.0000006,0.0000005
23173,0.0002211,0.0000006,0.0000005
23174,0.0002211,0.0000006,0.0000005
23175,0.0002211,0.0000006,0.0000005
23176,0.0002211,0.0000006,0.0000005
23177,0.0002211,0.0000006,0.0000005
23178,0.0002212,0.0000006,0.0000005
23179,0.0002212,0.0000006,0.0000005
23180,0.0002212,0.0000006,0.0000005
23181,0.0002212,0.0000006,0.0000005
23182,0.0002212,0.0000006,0.0000005
23183,0.0002213,0.0000006,0.0000005
23184,0.0002213,0.0000006,0.0000005
23185,0.0002213,0.0000006,0.0000005
23186,0.0002213,0.0000006,0.0000005
23187,0.0002213,0.0000006,0.0000005
23188,0.0002213,0.0000006,0.0000005
23189,0.0002214,0.0000006,0.0000005
23190,0.0002214,0.0000006,0.0000005
23191,0.0002214,0.0000006,0.0000005
23192,0.0002214,0.0000006,0.0000005
23193,0.0002214,0.0000006,0.0000005
23194,0.0002214,0.0000006,0.0000005
23195,0.0002215,0.0000006,0.0000005
23196,0.0002215,0.0000006,0.0000005
23197,0.0002215,0.0000006,0.0000005
23198,0.0002215,0.0000006,0.0000005
23199,0.0002215,0.0000006,0.0000005
23200,0.0002216,0.0000006,0.0000005
23201,0.0002216,0.0000006,0.0000005
23202,0.0002216,0.0000006,0.0000005
23203,0.0002216,0.0000006,0.0000005
23204,0.0002216,0.0000006,0.0000005
23205,0.0002217,0.0000006,0.0000005
23206,0.0002217,0.0000006,0.0000005
23207,0.0002217,0.0000006,0.0000005
23208,0.0002217,0.0000006,0.0000005
23209,0.0002217,0.0000006,0.0000005
23210,0.0002217,0.0000006,0.0000005
23211,0.0002218,0.0000006,0.0000005
23212,0.0002218,0.0000006,0.0000005
23213,0.0002218,0.0000006,0.0000005
23214,0.0002218,0.0000006,0.0000005
23215,0.0002218,0.0000006,0.0000005
23216,0.0002219,0.0000006,0.0000005
23217,0.0002219,0.0000006,0.0000005
23218,0.0002219,0.0000006,0.0000005
23219,0.0002219,0.0000006,0.0000005
23220,0.0002219,0.0000006,0.0000005
23221,0.0002219,0.0000006,0.0000005
23222,0.0002220,0.0000006,0.0000005
23223,0.0002220,0.0000006,0.0000005
23224,0.0002220,0.0000006,0.0000005
23225,0.0002220,0.0000006,0.0000005
23226,0.0002220,0.0000006,0.0000005
23227,0.0002221,0.0000006,0.0000005
23228,0.0002221,0.0000006,0.0000005
23229,0.0002221,0.0000006,0.0000005
23230,0.0002221,0.0000006,0.0000005
23231,0.0002221,0.0000006,0.0000005
23232,0.0002221,0.0000006,0.0000005
23233,0.0002222,0.0000006,0.0000005
23234,0.0002222,0.0000006,0.0000005
23235,0.0002222,0.0000006,0.0000005
23236,0.0002222,0.0000006,0.0000005
23237,0.0002222,0.0000006,0.0000005
23238,0.0002223,0.0000006,0.0000005
23239,0.0002223,0.0000006,0.0000005
23240,0.0002223,0.0000006,0.0000005
23241,0.0002223,0.0000006,0.0000005
23242,0.0002223,0.0000006,0.0000005
23243,0.0002224,0.0000006,0.0000005
23244,0.0002224,0.0000006,0.0000005
23245,0.0002224,0.0000006,0.0000005
23246,0.0002224,0.0000006,0.0000005
23247,0.0002224,0.0000006,0.0000005
23248,0.0002224,0.0000006,0.0000005
23249,0.0002225,0.0000006,0.0000005
23250,0.0002225,0.0000006,0.0000005
23251,0.0002225,0.0000006,0.0000005
23252,0.0002225,0.0000006,0.0000005
23253,0.0002225,0.0000006,0.0000005
23254,0.0002226,0.0000006,0.0000005
23255,0.0002226,0.0000006,0.0000005
23256,0.0002226,0.0000006,0.0000005
23257,0.0002226,0.0000006,0.0000005
23258,0.0002226,0.0000006,0.0000005
23259,0.0002227,0.0000006,0.0000005
23260,0.0002227,0.0000006,0.0000005
23261,0.0002227,0.0000006,0.0000005
23262,0.0002227,0.0000006,0.0000005
23263,0.0002227,0.0000006,0.0000005
23264,0.0002227,0.0000006,0.0000005
23265,0.0002228,0.0000006,0.0000005
23266,0.0002228,0.0000006,0.0000005
23267,0.0002228,0.0000006,0.0000005
23268,0.0002228,0.0000006,0.0000005
23269,0.0002228,0.0000006,0.0000005
23270,0.0002229,0.0000006,0.0000005
23271,0.0002229,0.0000006,0.0000005
23272,0.0002229,0.0000006,0.0000005
23273,0.0002229,0.0000006,0.0000005
23274,0.0002229,0.0000006,0.0000005
23275,0.0002229,0.0000006,0.0000005
23276,0.0002230,0.0000006,0.0000005
23277,0.0002230,0.0000006,0.0000005
23278,0.0002230,0.0000006,0.0000005
23279,0.0002230,0.0000006,0.0000005
23280,0.0002230,0.0000006,0.0000005
23281,0.0002231,0.0000006,0.0000005
23282,0.0002231,0.0000006,0.0000005
23283,0.0002231,0.0000006,0.0000005
23284,0.0002231,0.0000006,0.0000005
23285,0.0002231,0.0000006,0.0000005
23286,0.0002231,0.0000006,0.0000005
23287,0.0002232,0.0000006,0.0000005
23288,0.0002232,0.0000006,0.0000005
23289,0.0002232,0.0000006,0.0000005
23290,0.0002232,0.0000006,0.0000005
23291,0.0002232,0.0000006,0.0000005
23292,0.0002233,0.0000006,0.0000005
23293,0.0002233,0.0000006,0.0000005
23294,0.0002233,0.0000006,0.0000005
23295,0.0002233,0.0000006,0.0000005
23296,0.0002233,0.0000006,0.0000005
23297,0.0002233,0.0000006,0.0000005
23298,0.0002234,0.0000006,0.0000005
23299,0.0002234,0.0000006,0.0000005
23300,0.0002234,0.0000006,0.0000005
23301,0.0002234,0.0000006,0.0000005
23302,0.0002234,0.0000006,0.0000005
23303,0.0002235,0.0000006,0.0000005
23304,0.0002235,0.0000006,0.0000005
23305,0.0002235,0.0000006,0.0000005
23306,0.0002235,0.0000006,0.0000005
23307,0.0002235,0.0000006,0.0000005
23308,0.0002235,0.0000006,0.0000005
23309,0.0002236,0.0000006,0.0000005
23310,0.0002236,0.0000006,0.0000005
23311,0.0002236,0.0000006,0.0000005
23312,0.0002236,0.0000006,0.0000005
23313,0.0002236,0.0000006,0.0000005
23314,0.0002237,0.0000006,0.0000005
23315,0.0002237,0.0000006,0.0000005
23316,0.0002237,0.0000006,0.0000005
23317,0.0002237,0.0000006,0.0000005
23318,0.0002237,0.0000006,0.0000005
23319,0.0002237,0.0000006,0.0000005
23320,0.0002238,0.0000006,0.0000005
23321,0.0002238,0.0000006,0.0000005
23322,0.0002238,0.0000006,0.0000005
23323,0.0002238,0.0000006,0.0000005
23324,0.0002238,0.0000006,0.0000005
23325,0.0002239,0.0000006,0.0000005
23326,0.0002239,0.0000006,0.0000005
23327,0.0002239,0.0000006,0.0000005
23328,0.0002239,0.0000006,0.0000005
23329,0.0002239,0.0000006,0.0000005
23330,0.0002239,0.0000006,0.0000005
23331,0.0002240,0.0000006,0.0000005
23332,0.0002240,0.0000006,0.0000005
23333,0.0002240,0.0000006,0.0000005
23334,0.0002240,0.0000006,0.0000005
23335,0.0002240,0.0000006,0.0000005
23336,0.0002240,0.0000006,0.0000005
23337,0.0002241,0.0000006,0.0000005
23338,0.0002241,0.0000006,0.0000005
23339,0.0002241,0.0000006,0.0000005
23340,0.0002241,0.0000006,0.0000005
23341,0.0002241,0.0000006,0.0000005
23342,0.0002241,0.0000006,0.0000005
23343,0.0002242,0.0000006,0.0000005
23344,0.0002242,0.0000006,0.0000005
23345,0.0002242,0.0000006,0.0000005
23346,0.0002242,0.0000006,0.0000005
23347,0.0002242,0.0000006,0.0000005
23348,0.0002243,0.0000006,0.0000005
23349,0.0002243,0.0000006,0.0000005
23350,0.0002243,0.0000006,0.0000005
23351,0.0002243,0.0000006,0.0000005
23352,0.0002243,0.0000006,0.0000005
23353,0.0002243,0.0000006,0.0000005
23354,0.0002244,0.0000006,0.0000005
23355,0.0002244,0.0000006,0.0000005
23356,0.0002244,0.0000006,0.0000005
23357,0.0002244,0.0000006,0.0000005
23358,0.0002244,0.0000006,0.0000005
23359,0.0002244,0.0000006,0.0000005
23360,0.0002245,0.0000006,0.0000005
23361,0.0002245,0.0000006,0.0000005
23362,0.0002245,0.0000006,0.0000005
23363,0.0002245,0.0000006,0.0000005
23364,0.0002245,0.0000006,0.0000005
23365,0.0002245,0.0000006,0.0000005
23366,0.0002246,0.0000006,0.0000005
23367,0.0002246,0.0000006,0.0000005
23368,0.0002246,0.0000006,0.0000005
23369,0.0002246,0.0000006,0.0000005
23370,0.0002246,0.0000006,0.0000005
23371,0.0002246,0.0000006,0.0000005
23372,0.0002247,0.0000006,0.0000005
23373,0.0002247,0.0000006,0.0000005
23374,0.0002247,0.0000006,0.0000005
23375,0.0002247,0.0000006,0.0000005
23376,0.0002247,0.0000006,0.0000005
23377,0.0002247,0.0000006,0.0000005
23378,0.0002247,0.0000006,0.0000005
23379,0.0002248,0.0000006,0.0000005
23380,0.0002248,0.0000006,0.0000005
23381,0.0002248,0.0000006,0.0000005
23382,0.0002248,0.0000006,0.0000005
23383,0.0002248,0.0000006,0.0000005
23384,0.0002248,0.0000006,0.0000005
23385,0.0002249,0.0000006,0.0000005
23386,0.0002249,0.0000006,0.0000005
23387,0.0002249,0.0000006,0.0000005
23388,0.0002249,0.0000006,0.0000005
23389,0.0002249,0.0000006,0.0000005
23390,0.0002249,0.0000006,0.0000005
23391,0.0002250,0.0000006,0.0000005
23392,0.0002250,0.0000006,0.0000005
23393,0.0002250,0.0000006,0.0000005
23394,0.0002250,0.0000006,0.0000005
23395,0.0002250,0.0000006,0.0000005
23396,0.0002250,0.0000006,0.0000005
23397,0.0002250,0.0000006,0.0000005
23398,0.0002251,0.0000006,0.0000005
23399,0.0002251,0.0000006,0.0000005
23400,0.0002251,0.0000006,0.0000005
23401,0.0002251,0.0000006,0.0000005
23402,0.0002251,0.0000006,0.0000005
23403,0.0002251,0.0000006,0.0000005
23404,0.0002252,0.0000006,0.0000005
23405,0.0002252,0.0000006,0.0000005
23406,0.0002252,0.0000006,0.0000005
23407,0.0002252,0.0000006,0.0000005
23408,0.0002252,0.0000006,0.0000005
23409,0.0002252,0.0000006,0.0000005
23410,0.0002252,0.0000006,0.0000005
23411,0.0002253,0.0000006,0.0000005
23412,0.0002253,0.0000006,0.0000005
23413,0.0002253,0.0000006,0.0000005
23414,0.0002253,0.0000006,0.0000005
23415,0.0002253,0.0000006,0.0000005
23416,0.0002253,0.0000006,0.0000005
23417,0.0002253,0.0000006,0.0000005
23418,0.0002254,0.0000006,0.0000005
23419,0.0002254,0.0000006,0.0000005
23420,0.0002254,0.0000006,0.0000005
23421,0.0002254,0.0000006,0.0000005
23422,0.0002254,0.0000006,0.0000005
23423,0.0002254,0.0000006,0.0000005
23424,0.0002254,0.0000006,0.0000005
23425,0.0002255,0.0000006,0.0000005
23426,0.0002255,0.0000006,0.0000005
23427,0.0002255,0.0000006,0.0000005
23428,0.0002255,0.0000006,0.0000005
23429,0.0002255,0.0000006,0.0000005
23430,0.0002255,0.0000006,0.0000005
23431,0.0002255,0.0000006,0.0000005
23432,0.0002256,0.0000006,0.0000005
23433,0.0002256,0.0000006,0.0000005
23434,0.0002256,0.0000006,0.0000005
23435,0.0002256,0.0000006,0.0000005
23436,0.0002256,0.0000006,0.0000005
23437,0.0002256,0.0000006,0.0000005
23438,0.0002256,0.0000006,0.0000005
23439,0.0002257,0.0000006,0.0000005
23440,0.0002257,0.0000006,0.0000005
23441,0.0002257,0.0000006,0.0000005
23442,0.0002257,0.0000006,0.0000005
23443,0.0002257,0.0000006,0.0000005
23444,0.0002257,0.0000006,0.0000005
23445,0.0002257,0.0000006,0.0000005
23446,0.0002257,0.0000006,0.0000005
23447,0.0002258,0.0000006,0.0000005
23448,0.0002258,0.0000006,0.0000005
23449,0.0002258,0.0000006,0.0000005
23450,0.0002258,0.0000006,0.0000005
23451,0.0002258,0.0000006,0.0000005
23452,0.0002258,0.0000006,0.0000005
23453,0.0002258,0.0000006,0.0000005
23454,0.0002259,0.0000006,0.0000005
23455,0.0002259,0.0000006,0.0000005
23456,0.0002259,0.0000006,0.0000005
23457,0.0002259,0.0000006,0.0000005
23458,0.0002259,0.0000006,0.0000005
23459,0.0002259,0.0000006,0.0000005
23460,0.0002259,0.0000006,0.0000005
23461,0.0002259,0.0000006,0.0000005
23462,0.0002260,0.0000006,0.0000005
23463,0.0002260,0.0000006,0.0000005
23464,0.0002260,0.0000006,0.0000005
23465,0.0002260,0.0000006,0.0000005
23466,0.0002260,0.0000006,0.0000005
23467,0.0002260,0.0000006,0.0000005
23468,0.0002260,0.0000006,0.0000005
23469,0.0002260,0.0000006,0.0000005
23470,0.0002261,0.0000006,0.0000005
23471,0.0002261,0.0000006,0.0000005
23472,0.0002261,0.0000006,0.0000005
23473,0.0002261,0.0000006,0.0000005
23474,0.0002261,0.0000006,0.0000005
23475,0.0002261,0.0000006,0.0000005
23476,0.0002261,0.0000006,0.0000005
23477,0.0002261,0.0000006,0.0000005
23478,0.0002261,0.0000006,0.0000005
23479,0.0002262,0.0000006,0.0000005
23480,0.0002262,0.0000006,0.0000005
23481,0.0002262,0.0000006,0.0000005
23482,0.0002262,0.0000006,0.0000005
23483,0.0002262,0.0000006,0.0000005
23484,0.0002262,0.0000006,0.0000005
23485,0.0002262,0.0000006,0.0000005
23486,0.0002262,0.0000006,0.0000005
23487,0.0002262,0.0000006,0.0000005
23488,0.0002263,0.0000006,0.0000005
23489,0.0002263,0.0000006,0.0000005
23490,0.0002263,0.0000006,0.0000005
23491,0.0002263,0.0000006,0.0000005
23492,0.0002263,0.0000006,0.0000005
23493,0.0002263,0.0000006,0.0000005
23494,0.0002263,0.0000006,0.0000005
23495,0.0002263,0.0000006,0.0000005
23496,0.0002263,0.0000006,0.0000005
23497,0.0002264,0.0000006,0.0000005
23498,0.0002264,0.0000006,0.0000005
23499,0.0002264,0.0000006,0.0000005
23500,0.0002264,0.0000006,0.0000005
23501,0.0002264,0.0000006,0.0000005
23502,0.0002264,0.0000006,0.0000005
23503,0.0002264,0.0000006,0.0000005
23504,0.0002264,0.0000006,0.0000005
23505,0.0002264,0.0000006,0.0000005
23506,0.0002264,0.0000006,0.0000005
23507,0.0002265,0.0000006,0.0000005
23508,0.0002265,0.0000006,0.0000005
23509,0.0002265,0.0000006,0.0000005
23510,0.0002265,0.0000006,0.0000005
23511,0.0002265,0.0000006,0.0000005
23512,0.0002265,0.0000006,0.0000005
23513,0.0002265,0.0000006,0.0000005
23514,0.0002265,0.0000006,0.0000005
23515,0.0002265,0.0000006,0.0000005
23516,0.0002265,0.0000006,0.0000005
23517,0.0002266,0.0000006,0.0000005
23518,0.0002266,0.0000006,0.0000005
23519,0.0002266,0.0000006,0.0000005
23520,0.0002266,0.0000006,0.0000005
23521,0.0002266,0.0000006,0.0000005
23522,0.0002266,0.0000006,0.0000005
23523,0.0002266,0.0000006,0.0000005
23524,0.0002266,0.0000006,0.0000005
23525,0.0002266,0.0000006,0.0000005
23526,0.0002266,0.0000006,0.0000005
23527,0.0002266,0.0000006,0.0000005
23528,0.0002266,0.0000006,0.0000005
23529,0.0002267,0.0000006,0.0000005
23530,0.0002267,0.0000006,0.0000005
23531,0.0002267,0.0000006,0.0000005
23532,0.0002267,0.0000006,0.0000005
23533,0.0002267,0.0000006,0.0000005
23534,0.0002267,0.0000006,0.0000005
23535,0.0002267,0.0000006,0.0000005
23536,0.0002267,0.0000006,0.0000005
23537,0.0002267,0.0000006,0.0000005
23538,0.0002267,0.0000006,0.0000005
23539,0.0002267,0.0000006,0.0000005
23540,0.0002267,0.0000006,0.0000005
23541,0.0002268,0.0000006,0.0000005
23542,0.0002268,0.0000006,0.0000005
23543,0.0002268,0.0000006,0.0000005
23544,0.0002268,0.0000006,0.0000005
23545,0.0002268,0.0000006,0.0000005
23546,0.0002268,0.0000006,0.0000005
23547,0.0002268,0.0000006,0.0000005
23548,0.0002268,0.0000006,0.0000005
23549,0.0002268,0.0000006,0.0000005
23550,0.0002268,0.0000006,0.0000005
23551,0.0002268,0.0000006,0.0000005
23552,0.0002268,0.0000006,0.0000005
23553,0.0002268,0.0000006,0.0000005
23554,0.0002268,0.0000006,0.0000005
23555,0.0002269,0.0000006,0.0000005
23556,0.0002269,0.0000006,0.0000005
23557,0.0002269,0.0000006,0.0000005
23558,0.0002269,0.0000006,0.0000005
23559,0.0002269,0.0000006,0.0000005
23560,0.0002269,0.0000006,0.0000005
23561,0.0002269,0.0000006,0.0000005
23562,0.0002269,0.0000006,0.0000005
23563,0.0002269,0.0000006,0.0000005
23564,0.0002269,0.0000006,0.0000005
23565,0.0002269,0.0000006,0.0000005
23566,0.0002269,0.0000006,0.0000005
23567,0.0002269,0.0000006,0.0000005
23568,0.0002269,0.0000006,0.0000005
23569,0.0002269,0.0000006,0.0000005
23570,0.0002269,0.0000006,0.0000005
23571,0.0002270,0.0000006,0.0000005
23572,0.0002270,0.0000006,0.0000005
23573,0.0002270,0.0000006,0.0000005
23574,0.0002270,0.0000006,0.0000005
23575,0.0002270,0.0000006,0.0000005
23576,0.0002270,0.0000006,0.0000005
23577,0.0002270,0.0000006,0.0000005
23578,0.0002270,0.0000006,0.0000005
23579,0.0002270,0.0000006,0.0000005
23580,0.0002270,0.0000006,0.0000005
23581,0.0002270,0.0000006,0.0000005
23582,0.0002270,0.0000006,0.0000005
23583,0.0002270,0.0000006,0.0000005
23584,0.0002270,0.0000006,0.0000005
23585,0.0002270,0.0000006,0.0000005
23586,0.0002270,0.0000006,0.0000005
23587,0.0002270,0.0000006,0.0000005
23588,0.0002270,0.0000006,0.0000005
23589,0.0002270,0.0000006,0.0000005
23590,0.0002271,0.0000006,0.0000005
23591,0.0002271,0.0000006,0.0000005
23592,0.0002271,0.0000006,0.0000005
23593,0.0002271,0.0000006,0.0000005
23594,0.0002271,0.0000006,0.0000005
23595,0.0002271,0.0000006,0.0000005
23596,0.0002271,0.0000006,0.0000005
23597,0.0002271,0.0000006,0.0000005
23598,0.0002271,0.0000006,0.0000005
23599,0.0002271,0.0000006,0.0000005
23600,0.0002271,0.0000006,0.0000005
23601,0.0002271,0.0000006,0.0000005
23602,0.0002271,0.0000006,0.0000005
23603,0.0002271,0.0000006,0.0000005
23604,0.0002271,0.0000006,0.0000005
23605,0.0002271,0.0000006,0.0000005
23606,0.0002271,0.0000006,0.0000005
23607,0.0002271,0.0000006,0.0000005
23608,0.0002271,0.0000006,0.0000005
23609,0.0002271,0.0000006,0.0000005
23610,0.0002271,0.0000006,0.0000005
23611,0.0002271,0.0000006,0.0000005
23612,0.0002271,0.0000006,0.0000005
23613,0.0002271,0.0000006,0.0000005
23614,0.0002271,0.0000006,0.0000005
23615,0.0002271,0.0000006,0.0000005
23616,0.0002271,0.0000006,0.0000005
23617,0.0002271,0.0000006,0.0000005
23618,0.0002271,0.0000006,0.0000005
23619,0.0002271,0.0000006,0.0000005
23620,0.0002272,0.0000006,0.0000005
23621,0.0002272,0.0000006,0.0000005
23622,0.0002272,0.0000006,0.0000005
23623,0.0002272,0.0000006,0.0000005
23624,0.0002272,0.0000006,0.0000005
23625,0.0002272,0.0000006,0.0000005
23626,0.0002272,0.0000006,0.0000005
23627,0.0002272,0.0000006,0.0000005
23628,0.0002272,0.0000006,0.0000005
23629,0.0002272,0.0000006,0.0000005
23630,0.0002272,0.0000006,0.0000005
23631,0.0002272,0.0000006,0.0000005
23632,0.0002272,0.0000006,0.0000005
23633,0.0002272,0.0000006,0.0000005
23634,0.0002272,0.0000006,0.0000005
23635,0.0002272,0.0000006,0.0000005
23636,0.0002272,0.0000006,0.0000005
23637,0.0002272,0.0000006,0.0000005
23638,0.0002272,0.0000006,0.0000005
23639,0.0002272,0.0000006,0.0000005
23640,0.0002272,0.0000006,0.0000005
23641,0.0002272,0.0000006,0.0000005
23642,0.0002272,0.0000006,0.0000005
23643,0.0002272,0.0000006,0.0000005
23644,0.0002272,0.0000006,0.0000005
23645,0.0002272,0.0000006,0.0000005
23646,0.0002272,0.0000006,0.0000005
23647,0.0002272,0.0000006,0.0000005
23648,0.0002272,0.0000006,0.0000005
23649,0.0002272,0.0000006,0.0000005
23650,0.0002272,0.0000006,0.0000005
23651,0.0002272,0.0000006,0.0000005
23652,0.0002272,0.0000006,0.0000005
23653,0.0002272,0.0000006,0.0000005
23654,0.0002272,0.0000006,0.0000005
23655,0.0002272,0.0000006,0.0000005
23656,0.0002272,0.0000006,0.0000005
23657,0.0002272,0.0000006,0.0000005
23658,0.0002272,0.0000006,0.0000005
23659,0.0002272,0.0000006,0.0000005
23660,0.0002272,0.0000006,0.0000005
23661,0.0002272,0.0000006,0.0000005
23662,0.0002272,0.0000006,0.0000005
23663,0.0002272,0.0000006,0.0000005
23664,0.0002272,0.0000006,0.0000005
23665,0.0002272,0.0000006,0.0000005
23666,0.0002272,0.0000006,0.0000005
23667,0.0002272,0.0000006,0.0000005
23668,0.0002272,0.0000006,0.0000005
23669,0.0002272,0.0000006,0.0000005
23670,0.0002272,0.0000006,0.0000005
23671,0.0002272,0.0000006,0.0000005
23672,0.0002272,0.0000006,0.0000005
23673,0.0002272,0.0000006,0.0000005
23674,0.0002272,0.0000006,0.0000005
23675,0.0002272,0.0000006,0.0000005
23676,0.0002272,0.0000006,0.0000005
23677,0.0002272,0.0000006,0.0000005
23678,0.0002272,0.0000006,0.0000005
23679,0.0002272,0.0000006,0.0000005
23680,0.0002272,0.0000006,0.0000005
23681,0.0002271,0.0000006,0.0000005
23682,0.0002271,0.0000006,0.0000005
23683,0.0002271,0.0000006,0.0000005
23684,0.0002271,0.0000006,0.0000005
23685,0.0002271,0.0000006,0.0000005
23686,0.0002271,0.0000006,0.0000005
23687,0.0002271,0.0000006,0.0000005
23688,0.0002271,0.0000006,0.0000005
23689,0.0002271,0.0000006,0.0000005
23690,0.0002271,0.0000006,0.0000005
23691,0.0002271,0.0000006,0.0000005
23692,0.0002271,0.0000006,0.0000005
23693,0.0002271,0.0000006,0.0000005
23694,0.0002271,0.0000006,0.0000005
23695,0.0002271,0.0000006,0.0000005
23696,0.0002271,0.0000006,0.0000005
23697,0.0002271,0.0000006,0.0000005
23698,0.0002271,0.0000006,0.0000005
23699,0.0002271,0.0000006,0.0000005
23700,0.0002271,0.0000006,0.0000005
23701,0.0002271,0.0000006,0.0000005
23702,0.0002271,0.0000006,0.0000005
23703,0.0002271,0.0000006,0.0000005
23704,0.0002271,0.0000006,0.0000005
23705,0.0002271,0.0000006,0.0000005
23706,0.0002271,0.0000006,0.0000005
23707,0.0002271,0.0000006,0.0000005
23708,0.0002271,0.0000006,0.0000005
23709,0.0002271,0.0000006,0.0000005
23710,0.0002270,0.0000006,0.0000005
23711,0.0002270,0.0000006,0.0000005
23712,0.0002270,0.0000006,0.0000005
23713,0.0002270,0.0000006,0.0000005
23714,0.0002270,0.0000006,0.0000005
23715,0.0002270,0.0000006,0.0000005
23716,0.0002270,0.0000006,0.0000005
23717,0.0002270,0.0000006,0.0000005
23718,0.0002270,0.0000006,0.0000005
23719,0.0002270,0.0000006,0.0000005
23720,0.0002270,0.0000006,0.0000005
23721,0.0002270,0.0000006,0.0000005
23722,0.0002270,0.0000006,0.0000005
23723,0.0002270,0.0000006,0.0000005
23724,0.0002270,0.0000006,0.0000005
23725,0.0002270,0.0000006,0.0000005
23726,0.0002270,0.0000006,0.0000005
23727,0.0002270,0.0000006,0.0000005
23728,0.0002270,0.0000006,0.0000005
23729,0.0002269,0.0000006,0.0000005
23730,0.0002269,0.0000006,0.0000005
23731,0.0002269,0.0000006,0.0000005
23732,0.0002269,0.0000006,0.0000005
23733,0.0002269,0.0000006,0.0000005
23734,0.0002269,0.0000006,0.0000005
23735,0.0002269,0.0000006,0.0000005
23736,0.0002269,0.0000006,0.0000005
23737,0.0002269,0.0000006,0.0000005
23738,0.0002269,0.0000006,0.0000005
23739,0.0002269,0.0000006,0.0000005
23740,0.0002269,0.0000006,0.0000005
23741,0.0002269,0.0000006,0.0000005
23742,0.0002269,0.0000006,0.0000005
23743,0.0002269,0.0000006,0.0000005
23744,0.0002268,0.0000006,0.0000005
23745,0.0002268,0.0000006,0.0000005
23746,0.0002268,0.0000006,0.0000005
23747,0.0002268,0.0000006,0.0000005
23748,0.0002268,0.0000006,0.0000005
23749,0.0002268,0.0000006,0.0000005
23750,0.0002268,0.0000006,0.0000005
23751,0.0002268,0.0000006,0.0000005
23752,0.0002268,0.0000006,0.0000005
23753,0.0002268,0.0000006,0.0000005
23754,0.0002268,0.0000006,0.0000005
23755,0.0002268,0.0000006,0.0000005
23756,0.0002268,0.0000006,0.0000005
23757,0.0002267,0.0000006,0.0000005
23758,0.0002267,0.0000006,0.0000005
23759,0.0002267,0.0000006,0.0000005
23760,0.0002267,0.0000006,0.0000005
23761,0.0002267,0.0000006,0.0000005
23762,0.0002267,0.0000006,0.0000005
23763,0.0002267,0.0000006,0.0000005
23764,0.0002267,0.0000006,0.0000005
23765,0.0002267,0.0000006,0.0000005
23766,0.0002267,0.0000006,0.0000005
23767,0.0002267,0.0000006,0.0000005
23768,0.0002267,0.0000006,0.0000005
23769,0.0002266,0.0000006,0.0000005
23770,0.0002266,0.0000006,0.0000005
23771,0.0002266,0.0000006,0.0000005
23772,0.0002266,0.0000006,0.0000005
23773,0.0002266,0.0000006,0.0000005
23774,0.0002266,0.0000006,0.0000005
23775,0.0002266,0.0000006,0.0000005
23776,0.0002266,0.0000006,0.0000005
23777,0.0002266,0.0000006,0.0000005
23778,0.0002266,0.0000006,0.0000005
23779,0.0002266,0.0000006,0.0000005
23780,0.0002265,0.0000006,0.0000005
23781,0.0002265,0.0000006,0.0000005
23782,0.0002265,0.0000006,0.0000005
23783,0.0002265,0.0000006,0.0000005
23784,0.0002265,0.0000006,0.0000005
23785,0.0002265,0.0000006,0.0000005
23786,0.0002265,0.0000006,0.0000005
23787,0.0002265,0.0000006,0.0000005
23788,0.0002265,0.0000006,0.0000005
23789,0.0002264,0.0000006,0.0000005
23790,0.0002264,0.0000006,0.0000005
23791,0.0002264,0.0000006,0.0000005
23792,0.0002264,0.0000006,0.0000005
23793,0.0002264,0.0000006,0.0000005
23794,0.0002264,0.0000006,0.0000005
23795,0.0002264,0.0000006,0.0000005
23796,0.0002264,0.0000006,0.0000005
23797,0.0002264,0.0000006,0.0000005
23798,0.0002263,0.0000006,0.0000005
23799,0.0002263,0.0000006,0.0000005
23800,0.0002263,0.0000006,0.0000005
23801,0.0002263,0.0000006,0.0000005
23802,0.0002263,0.0000006,0.0000005
23803,0.0002263,0.0000006,0.0000005
23804,0.0002263,0.0000006,0.0000005
23805,0.0002263,0.0000006,0.0000005
23806,0.0002263,0.0000006,0.0000005
23807,0.0002262,0.0000006,0.0000005
23808,0.0002262,0.0000006,0.0000005
23809,0.0002262,0.0000006,0.0000005
23810,0.0002262,0.0000006,0.0000005
23811,0.0002262,0.0000006,0.0000005
23812,0.0002262,0.0000006,0.0000005
23813,0.0002262,0.0000006,0.0000005
23814,0.0002262,0.0000006,0.0000005
23815,0.0002261,0.0000006,0.0000005
23816,0.0002261,0.0000006,0.0000005
23817,0.0002261,0.0000006,0.0000005
23818,0.0002261,0.0000006,0.0000005
23819,0.0002261,0.0000006,0.0000005
23820,0.0002261,0.0000006,0.0000005
23821,0.0002261,0.0000006,0.0000005
23822,0.0002261,0.0000006,0.0000005
23823,0.0002260,0.0000006,0.0000005
23824,0.0002260,0.0000006,0.0000005
23825,0.0002260,0.0000006,0.0000005
23826,0.0002260,0.0000006,0.0000005
23827,0.0002260,0.0000006,0.0000005
23828,0.0002260,0.0000006,0.0000005
23829,0.0002260,0.0000006,0.0000005
23830,0.0002259,0.0000006,0.0000005
23831,0.0002259,0.0000006,0.0000005
23832,0.0002259,0.0000006,0.0000005
23833,0.0002259,0.0000006,0.0000005
23834,0.0002259,0.0000006,0.0000005
23835,0.0002259,0.0000006,0.0000005
23836,0.0002259,0.0000006,0.0000005
23837,0.0002259,0.0000006,0.0000005
23838,0.0002258,0.0000006,0.0000005
23839,0.0002258,0.0000006,0.0000005
23840,0.0002258,0.0000006,0.0000005
23841,0.0002258,0.0000006,0.0000005
23842,0.0002258,0.0000006,0.0000005
23843,0.0002258,0.0000006,0.0000005
23844,0.0002257,0.0000006,0.0000005
23845,0.0002257,0.0000006,0.0000005
23846,0.0002257,0.0000006,0.0000005
23847,0.0002257,0.0000006,0.0000005
23848,0.0002257,0.0000006,0.0000005
23849,0.0002257,0.0000006,0.0000005
23850,0.0002257,0.0000006,0.0000005
23851,0.0002256,0.0000006,0.0000005
23852,0.0002256,0.0000006,0.0000005
23853,0.0002256,0.0000006,0.0000005
23854,0.0002256,0.0000006,0.0000005
23855,0.0002256,0.0000006,0.0000005
23856,0.0002256,0.0000006,0.0000005
23857,0.0002255,0.0000006,0.0000005
23858,0.0002255,0.0000006,0.0000005
23859,0.0002255,0.0000006,0.0000005
23860,0.0002255,0.0000006,0.0000005
23861,0.0002255,0.0000006,0.0000005
23862,0.0002255,0.0000006,0.0000005
23863,0.0002255,0.0000006,0.0000005
23864,0.0002254,0.0000006,0.0000005
23865,0.0002254,0.0000006,0.0000005
23866,0.0002254,0.0000006,0.0000005
23867,0.0002254,0.0000006,0.0000005
23868,0.0002254,0.0000006,0.0000005
23869,0.0002254,0.0000006,0.0000005
23870,0.0002253,0.0000006,0.0000005
23871,0.0002253,0.0000006,0.0000005
23872,0.0002253,0.0000006,0.0000005
23873,0.0002253,0.0000006,0.0000005
23874,0.0002253,0.0000006,0.0000005
23875,0.0002253,0.0000006,0.0000005
23876,0.0002252,0.0000006,0.0000005
23877,0.0002252,0.0000006,0.0000005
23878,0.0002252,0.0000006,0.0000005
23879,0.0002252,0.0000006,0.0000005
23880,0.0002252,0.0000006,0.0000005
23881,0.0002252,0.0000006,0.0000005
23882,0.0002251,0.0000006,0.0000005
23883,0.0002251,0.0000006,0.0000005
23884,0.0002251,0.0000006,0.0000005
23885,0.0002251,0.0000006,0.0000005
23886,0.0002251,0.0000006,0.0000005
23887,0.0002250,0.0000006,0.0000005
23888,0.0002250,0.0000006,0.0000005
23889,0.0002250,0.0000006,0.0000005
23890,0.0002250,0.0000006,0.0000005
23891,0.0002250,0.0000006,0.0000005
23892,0.0002250,0.0000006,0.0000005
23893,0.0002249,0.0000006,0.0000005
23894,0.0002249,0.0000006,0.0000005
23895,0.0002249,0.0000006,0.0000005
23896,0.0002249,0.0000006,0.0000005
23897,0.0002249,0.0000006,0.0000004
23898,0.0002248,0.0000006,0.0000004
23899,0.0002248,0.0000006,0.0000004
23900,0.0002248,0.0000006,0.0000004
23901,0.0002248,0.0000006,0.0000004
23902,0.0002248,0.0000006,0.0000004
23903,0.0002247,0.0000006,0.0000004
23904,0.0002247,0.0000006,0.0000004
23905,0.0002247,0.0000006,0.0000004
23906,0.0002247,0.0000006,0.0000004
23907,0.0002247,0.0000006,0.0000004
23908,0.0002247,0.0000006,0.0000004
23909,0.0002246,0.0000006,0.0000004
23910,0.0002246,0.0000006,0.0000004
23911,0.0002246,0.0000006,0.0000004
23912,0.0002246,0.0000006,0.0000004
23913,0.0002246,0.0000006,0.0000004
23914,0.0002245,0.0000006,0.0000004
23915,0.0002245,0.0000006,0.0000004
23916,0.0002245,0.0000006,0.0000004
23917,0.0002245,0.0000006,0.0000004
23918,0.0002245,0.0000006,0.0000004
23919,0.0002244,0.0000006,0.0000004
23920,0.0002244,0.0000006,0.0000004
23921,0.0002244,0.0000006,0.0000004
23922,0.0002244,0.0000006,0.0000004
23923,0.0002244,0.0000006,0.0000004
23924,0.0002243,0.0000006,0.0000004
23925,0.0002243,0.0000006,0.0000004
23926,0.0002243,0.0000006,0.0000004
23927,0.0002243,0.0000006,0.0000004
23928,0.0002243,0.0000006,0.0000004
23929,0.0002242,0.0000006,0.0000004
23930,0.0002242,0.0000006,0.0000004
23931,0.0002242,0.0000006,0.0000004
23932,0.0002242,0.0000006,0.0000004
23933,0.0002241,0.0000006,0.0000004
23934,0.0002241,0.0000006,0.0000004
23935,0.0002241,0.0000006,0.0000004
23936,0.0002241,0.0000006,0.0000004
23937,0.0002241,0.0000006,0.0000004
23938,0.0002240,0.0000006,0.0000004
23939,0.0002240,0.0000006,0.0000004
23940,0.0002240,0.0000005,0.0000004
23941,0.0002240,0.0000005,0.0000004
23942,0.0002240,0.0000005,0.0000004
23943,0.0002239,0.0000005,0.0000004
23944,0.0002239,0.0000005,0.0000004
23945,0.0002239,0.0000005,0.0000004
23946,0.0002239,0.0000005,0.0000004
23947,0.0002238,0.0000005,0.0000004
23948,0.0002238,0.0000005,0.0000004
23949,0.0002238,0.0000005,0.0000004
23950,0.0002238,0.0000005,0.0000004
23951,0.0002238,0.0000005,0.0000004
23952,0.0002237,0.0000005,0.0000004
23953,0.0002237,0.0000005,0.0000004
23954,0.0002237,0.0000005,0.0000004
23955,0.0002237,0.0000005,0.0000004
23956,0.0002236,0.0000005,0.0000004
23957,0.0002236,0.0000005,0.0000004
23958,0.0002236,0.0000005,0.0000004
23959,0.0002236,0.0000005,0.0000004
23960,0.0002236,0.0000005,0.0000004
23961,0.0002235,0.0000005,0.0000004
23962,0.0002235,0.0000005,0.0000004
23963,0.0002235,0.0000005,0.0000004
23964,0.0002235,0.0000005,0.0000004
23965,0.0002234,0.0000005,0.0000004
23966,0.0002234,0.0000005,0.0000004
23967,0.0002234,0.0000005,0.0000004
23968,0.0002234,0.0000005,0.0000004
23969,0.0002233,0.0000005,0.0000004
23970,0.0002233,0.0000005,0.0000004
23971,0.0002233,0.0000005,0.0000004
23972,0.0002233,0.0000005,0.0000004
23973,0.0002233,0.0000005,0.0000004
23974,0.0002232,0.0000005,0.0000004
23975,0.0002232,0.0000005,0.0000004
23976,0.0002232,0.0000005,0.0000004
23977,0.0002232,0.0000005,0.0000004
23978,0.0002231,0.0000005,0.0000004
23979,0.0002231,0.0000005,0.0000004
23980,0.0002231,0.0000005,0.0000004
23981,0.0002231,0.0000005,0.0000004
23982,0.0002230,0.0000005,0.0000004
23983,0.0002230,0.0000005,0.0000004
23984,0.0002230,0.0000005,0.0000004
23985,0.0002230,0.0000005,0.0000004
23986,0.0002229,0.0000005,0.0000004
23987,0.0002229,0.0000005,0.0000004
23988,0.0002229,0.0000005,0.0000004
23989,0.0002229,0.0000005,0.0000004
23990,0.0002228,0.0000005,0.0000004
23991,0.0002228,0.0000005,0.0000004
23992,0.0002228,0.0000005,0.0000004
23993,0.0002228,0.0000005,0.0000004
23994,0.0002227,0.0000005,0.0000004
23995,0.0002227,0.0000005,0.0000004
23996,0.0002227,0.0000005,0.0000004
23997,0.0002227,0.0000005,0.0000004
23998,0.0002226,0.0000005,0.0000004
23999,0.0002226,0.0000005,0.0000004
24000,0.0002226,0.0000005,0.0000004
24001,0.0002226,0.0000005,0.0000004
24002,0.0002225,0.0000005,0.0000004
24003,0.0002225,0.0000005,0.0000004
24004,0.0002225,0.0000005,0.0000004
24005,0.0002225,0.0000005,0.0000004
24006,0.0002224,0.0000005,0.0000004
24007,0.0002224,0.0000005,0.0000004
24008,0.0002224,0.0000005,0.0000004
24009,0.0002224,0.0000005,0.0000004
24010,0.0002223,0.0000005,0.0000004
24011,0.0002223,0.0000005,0.0000004
24012,0.0002223,0.0000005,0.0000004
24013,0.0002223,0.0000005,0.0000004
24014,0.0002222,0.0000005,0.0000004
24015,0.0002222,0.0000005,0.0000004
24016,0.0002222,0.0000005,0.0000004
24017,0.0002222,0.0000005,0.0000004
24018,0.0002221,0.0000005,0.0000004
24019,0.0002221,0.0000005,0.0000004
24020,0.0002221,0.0000005,0.0000004
24021,0.0002220,0.0000005,0.0000004
24022,0.0002220,0.0000005,0.0000004
24023,0.0002220,0.0000005,0.0000004
24024,0.0002220,0.0000005,0.0000004
24025,0.0002219,0.0000005,0.0000004
24026,0.0002219,0.0000005,0.0000004
24027,0.0002219,0.0000005,0.0000004
24028,0.0002219,0.0000005,0.0000004
24029,0.0002218,0.0000005,0.0000004
24030,0.0002218,0.0000005,0.0000004
24031,0.0002218,0.0000005,0.0000004
24032,0.0002218,0.0000005,0.0000004
24033,0.0002217,0.0000005,0.0000004
24034,0.0002217,0.0000005,0.0000004
24035,0.0002217,0.0000005,0.0000004
24036,0.0002216,0.0000005,0.0000004
24037,0.0002216,0.0000005,0.0000004
24038,0.0002216,0.0000005,0.0000004
24039,0.0002216,0.0000005,0.0000004
24040,0.0002215,0.0000005,0.0000004
24041,0.0002215,0.0000005,0.0000004
24042,0.0002215,0.0000005,0.0000004
24043,0.0002215,0.0000005,0.0000004
24044,0.0002214,0.0000005,0.0000004
24045,0.0002214,0.0000005,0.0000004
24046,0.0002214,0.0000005,0.0000004
24047,0.0002213,0.0000005,0.0000004
24048,0.0002213,0.0000005,0.0000004
24049,0.0002213,0.0000005,0.0000004
24050,0.0002213,0.0000005,0.0000004
24051,0.0002212,0.0000005,0.0000004
24052,0.0002212,0.0000005,0.0000004
24053,0.0002212,0.0000005,0.0000004
24054,0.0002211,0.0000005,0.0000004
24055,0.0002211,0.0000005,0.0000004
24056,0.0002211,0.0000005,0.0000004
24057,0.0002211,0.0000005,0.0000004
24058,0.0002210,0.0000005,0.0000004
24059,0.0002210,0.0000005,0.0000004
24060,0.0002210,0.0000005,0.0000004
24061,0.0002209,0.0000005,0.0000004
24062,0.0002209,0.0000005,0.0000004
24063,0.0002209,0.0000005,0.0000004
24064,0.0002209,0.0000005,0.0000004
24065,0.0002208,0.0000005,0.0000004
24066,0.0002208,0.0000005,0.0000004
24067,0.0002208,0.0000005,0.0000004
24068,0.0002207,0.0000005,0.0000004
24069,0.0002207,0.0000005,0.0000004
24070,0.0002207,0.0000005,0.0000004
24071,0.0002207,0.0000005,0.0000004
24072,0.0002206,0.0000005,0.0000004
24073,0.0002206,0.0000005,0.0000004
24074,0.0002206,0.0000005,0.0000004
24075,0.0002205,0.0000005,0.0000004
24076,0.0002205,0.0000005,0.0000004
24077,0.0002205,0.0000005,0.0000004
24078,0.0002205,0.0000005,0.0000004
24079,0.0002204,0.0000005,0.0000004
24080,0.0002204,0.0000005,0.0000004
24081,0.0002204,0.0000005,0.0000004
24082,0.0002203,0.0000005,0.0000004
24083,0.0002203,0.0000005,0.0000004
24084,0.0002203,0.0000005,0.0000004
24085,0.0002202,0.0000005,0.0000004
24086,0.0002202,0.0000005,0.0000004
24087,0.0002202,0.0000005,0.0000004
24088,0.0002202,0.0000005,0.0000004
24089,0.0002201,0.0000005,0.0000004
24090,0.0002201,0.0000005,0.0000004
24091,0.0002201,0.0000005,0.0000004
24092,0.0002200,0.0000005,0.0000004
24093,0.0002200,0.0000005,0.0000004
24094,0.0002200,0.0000005,0.0000004
24095,0.0002199,0.0000005,0.0000004
24096,0.0002199,0.0000005,0.0000004
24097,0.0002199,0.0000005,0.0000004
24098,0.0002199,0.0000005,0.0000004
24099,0.0002198,0.0000005,0.0000004
24100,0.0002198,0.0000005,0.0000004
24101,0.0002198,0.0000005,0.0000004
24102,0.0002197,0.0000005,0.0000004
24103,0.0002197,0.0000005,0.0000004
24104,0.0002197,0.0000005,0.0000004
24105,0.0002196,0.0000005,0.0000004
24106,0.0002196,0.0000005,0.0000004
24107,0.0002196,0.0000005,0.0000004
24108,0.0002196,0.0000005,0.0000004
24109,0.0002195,0.0000005,0.0000004
24110,0.0002195,0.0000005,0.0000004
24111,0.0002195,0.0000005,0.0000004
24112,0.0002194,0.0000005,0.0000004
24113,0.0002194,0.0000005,0.0000004
24114,0.0002194,0.0000005,0.0000004
24115,0.0002193,0.0000005,0.0000004
24116,0.0002193,0.0000005,0.0000004
24117,0.0002193,0.0000005,0.0000004
24118,0.0002192,0.0000005,0.0000004
24119,0.0002192,0.0000005,0.0000004
24120,0.0002192,0.0000005,0.0000004
24121,0.0002192,0.0000005,0.0000004
24122,0.0002191,0.0000005,0.0000004
24123,0.0002191,0.0000005,0.0000004
24124,0.0002191,0.0000005,0.0000004
24125,0.0002190,0.0000005,0.0000004
24126,0.0002190,0.0000005,0.0000004
24127,0.0002190,0.0000005,0.0000004
24128,0.0002189,0.0000005,0.0000004
24129,0.0002189,0.0000005,0.0000004
24130,0.0002189,0.0000005,0.0000004
24131,0.0002188,0.0000005,0.0000004
24132,0.0002188,0.0000005,0.0000004
24133,0.0002188,0.0000005,0.0000004
24134,0.0002187,0.0000005,0.0000004
24135,0.0002187,0.0000005,0.0000004
24136,0.0002187,0.0000005,0.0000004
24137,0.0002186,0.0000005,0.0000004
24138,0.0002186,0.0000005,0.0000004
24139,0.0002186,0.0000005,0.0000004
24140,0.0002186,0.0000005,0.0000004
24141,0.0002185,0.0000005,0.0000004
24142,0.0002185,0.0000005,0.0000004
24143,0.0002185,0.0000005,0.0000004
24144,0.0002184,0.0000005,0.0000004
24145,0.0002184,0.0000005,0.0000004
24146,0.0002184,0.0000005,0.0000004
24147,0.0002183,0.0000005,0.0000004
24148,0.0002183,0.0000005,0.0000004
24149,0.0002183,0.0000005,0.0000004
24150,0.0002182,0.0000005,0.0000004
24151,0.0002182,0.0000005,0.0000004
24152,0.0002182,0.0000005,0.0000004
24153,0.0002181,0.0000005,0.0000004
24154,0.0002181,0.0000005,0.0000004
24155,0.0002181,0.0000005,0.0000004
24156,0.0002180,0.0000005,0.0000004
24157,0.0002180,0.0000005,0.0000004
24158,0.0002180,0.0000005,0.0000004
24159,0.0002179,0.0000005,0.0000004
24160,0.0002179,0.0000005,0.0000004
24161,0.0002179,0.0000005,0.0000004
24162,0.0002178,0.0000005,0.0000004
24163,0.0002178,0.0000005,0.0000004
24164,0.0002178,0.0000005,0.0000004
24165,0.0002177,0.0000005,0.0000004
24166,0.0002177,0.0000005,0.0000004
24167,0.0002177,0.0000005,0.0000004
24168,0.0002176,0.0000005,0.0000004
24169,0.0002176,0.0000005,0.0000004
24170,0.0002176,0.0000005,0.0000004
24171,0.0002175,0.0000005,0.0000004
24172,0.0002175,0.0000005,0.0000004
24173,0.0002175,0.0000005,0.0000004
24174,0.0002174,0.0000005,0.0000004
24175,0.0002174,0.0000005,0.0000004
24176,0.0002174,0.0000005,0.0000004
24177,0.0002173,0.0000005,0.0000004
24178,0.0002173,0.0000005,0.0000004
24179,0.0002173,0.0000005,0.0000004
24180,0.0002172,0.0000005,0.0000004
24181,0.0002172,0.0000005,0.0000004
24182,0.0002172,0.0000005,0.0000004
24183,0.0002171,0.0000005,0.0000004
24184,0.0002171,0.0000005,0.0000004
24185,0.0002171,0.0000005,0.0000004
24186,0.0002170,0.0000005,0.0000004
24187,0.0002170,0.0000005,0.0000004
24188,0.0002170,0.0000005,0.0000004
24189,0.0002169,0.0000005,0.0000004
24190,0.0002169,0.0000005,0.0000004
24191,0.0002169,0.0000005,0.0000004
24192,0.0002168,0.0000005,0.0000004
24193,0.0002168,0.0000005,0.0000004
24194,0.0002168,0.0000005,0.0000004
24195,0.0002167,0.0000005,0.0000004
24196,0.0002167,0.0000005,0.0000004
24197,0.0002167,0.0000005,0.0000004
24198,0.0002166,0.0000005,0.0000004
24199,0.0002166,0.0000005,0.0000004
24200,0.0002166,0.0000005,0.0000004
24201,0.0002165,0.0000005,0.0000004
24202,0.0002165,0.0000005,0.0000004
24203,0.0002165,0.0000005,0.0000004
24204,0.0002164,0.0000005,0.0000004
24205,0.0002164,0.0000005,0.0000004
24206,0.0002164,0.0000005,0.0000004
24207,0.0002163,0.0000005,0.0000004
24208,0.0002163,0.0000005,0.0000004
24209,0.0002163,0.0000005,0.0000004
24210,0.0002162,0.0000005,0.0000004
24211,0.0002162,0.0000005,0.0000004
24212,0.0002162,0.0000005,0.0000004
24213,0.0002161,0.0000005,0.0000004
24214,0.0002161,0.0000005,0.0000004
24215,0.0002161,0.0000005,0.0000004
24216,0.0002160,0.0000005,0.0000004
24217,0.0002160,0.0000005,0.0000004
24218,0.0002160,0.0000005,0.0000004
24219,0.0002159,0.0000005,0.0000004
24220,0.0002159,0.0000005,0.0000004
24221,0.0002159,0.0000005,0.0000004
24222,0.0002158,0.0000005,0.0000004
24223,0.0002158,0.0000005,0.0000004
24224,0.0002158,0.0000005,0.0000004
24225,0.0002157,0.0000005,0.0000004
24226,0.0002157,0.0000005,0.0000004
24227,0.0002157,0.0000005,0.0000004
24228,0.0002156,0.0000005,0.0000004
24229,0.0002156,0.0000005,0.0000004
24230,0.0002156,0.0000005,0.0000004
24231,0.0002155,0.0000005,0.0000004
24232,0.0002155,0.0000005,0.0000004
24233,0.0002155,0.0000005,0.0000004
24234,0.0002154,0.0000005,0.0000004
24235,0.0002154,0.0000005,0.0000004
24236,0.0002153,0.0000005,0.0000004
24237,0.0002153,0.0000005,0.0000004
24238,0.0002153,0.0000005,0.0000004
24239,0.0002152,0.0000005,0.0000004
24240,0.0002152,0.0000005,0.0000004
24241,0.0002152,0.0000005,0.0000004
24242,0.0002151,0.0000005,0.0000004
24243,0.0002151,0.0000005,0.0000004
24244,0.0002151,0.0000005,0.0000004
24245,0.0002150,0.0000005,0.0000004
24246,0.0002150,0.0000005,0.0000004
24247,0.0002150,0.0000005,0.0000004
24248,0.0002149,0.0000005,0.0000004
24249,0.0002149,0.0000005,0.0000004
24250,0.0002149,0.0000005,0.0000004
24251,0.0002148,0.0000005,0.0000004
24252,0.0002148,0.0000005,0.0000004
24253,0.0002148,0.0000005,0.0000004
24254,0.0002147,0.0000005,0.0000004
24255,0.0002147,0.0000005,0.0000004
24256,0.0002147,0.0000005,0.0000004
24257,0.0002146,0.0000005,0.0000004
24258,0.0002146,0.0000005,0.0000004
24259,0.0002145,0.0000005,0.0000004
24260,0.0002145,0.0000005,0.0000004
24261,0.0002145,0.0000005,0.0000004
24262,0.0002144,0.0000005,0.0000004
24263,0.0002144,0.0000005,0.0000004
24264,0.0002144,0.0000005,0.0000004
24265,0.0002143,0.0000005,0.0000004
24266,0.0002143,0.0000005,0.0000004
24267,0.0002143,0.0000005,0.0000004
24268,0.0002142,0.0000005,0.0000004
24269,0.0002142,0.0000005,0.0000004
24270,0.0002142,0.0000005,0.0000004
24271,0.0002141,0.0000005,0.0000004
24272,0.0002141,0.0000005,0.0000004
24273,0.0002141,0.0000005,0.0000004
24274,0.0002140,0.0000005,0.0000004
24275,0.0002140,0.0000005,0.0000004
24276,0.0002140,0.0000005,0.0000004
24277,0.0002139,0.0000005,0.0000004
24278,0.0002139,0.0000005,0.0000004
24279,0.0002138,0.0000005,0.0000004
24280,0.0002138,0.0000005,0.0000004
24281,0.0002138,0.0000005,0.0000004
24282,0.0002137,0.0000005,0.0000004
24283,0.0002137,0.0000005,0.0000004
24284,0.0002137,0.0000005,0.0000004
24285,0.0002136,0.0000005,0.0000004
24286,0.0002136,0.0000005,0.0000004
24287,0.0002136,0.0000005,0.0000004
24288,0.0002135,0.0000005,0.0000004
24289,0.0002135,0.0000005,0.0000004
24290,0.0002135,0.0000005,0.0000004
24291,0.0002134,0.0000005,0.0000004
24292,0.0002134,0.0000005,0.0000004
24293,0.0002134,0.0000005,0.0000004
24294,0.0002133,0.0000005,0.0000004
24295,0.0002133,0.0000005,0.0000004
24296,0.0002132,0.0000005,0.0000004
24297,0.0002132,0.0000005,0.0000004
24298,0.0002132,0.0000005,0.0000004
24299,0.0002131,0.0000005,0.0000004
24300,0.0002131,0.0000005,0.0000004
24301,0.0002131,0.0000005,0.0000004
24302,0.0002130,0.0000005,0.0000004
24303,0.0002130,0.0000005,0.0000004
24304,0.0002130,0.0000005,0.0000004
24305,0.0002129,0.0000005,0.0000004
24306,0.0002129,0.0000005,0.0000004
24307,0.0002129,0.0000005,0.0000004
24308,0.0002128,0.0000005,0.0000004
24309,0.0002128,0.0000005,0.0000004
24310,0.0002128,0.0000005,0.0000004
24311,0.0002127,0.0000005,0.0000004
24312,0.0002127,0.0000005,0.0000004
24313,0.0002126,0.0000005,0.0000004
24314,0.0002126,0.0000005,0.0000004
24315,0.0002126,0.0000005,0.0000004
24316,0.0002125,0.0000005,0.0000004
24317,0.0002125,0.0000005,0.0000004
24318,0.0002125,0.0000005,0.0000004
24319,0.0002124,0.0000005,0.0000004
24320,0.0002124,0.0000005,0.0000004
24321,0.0002124,0.0000005,0.0000004
24322,0.0002123,0.0000005,0.0000004
24323,0.0002123,0.0000005,0.0000004
24324,0.0002123,0.0000005,0.0000004
24325,0.0002122,0.0000005,0.0000004
24326,0.0002122,0.0000005,0.0000004
24327,0.0002122,0.0000005,0.0000004
24328,0.0002121,0.0000005,0.0000004
24329,0.0002121,0.0000005,0.0000004
24330,0.0002120,0.0000005,0.0000004
24331,0.0002120,0.0000005,0.0000004
24332,0.0002120,0.0000005,0.0000003
24333,0.0002119,0.0000005,0.0000003
24334,0.0002119,0.0000005,0.0000003
24335,0.0002119,0.0000005,0.0000003
24336,0.0002118,0.0000005,0.0000003
24337,0.0002118,0.0000005,0.0000003
24338,0.0002118,0.0000005,0.0000003
24339,0.0002117,0.0000005,0.0000003
24340,0.0002117,0.0000005,0.0000003
24341,0.0002117,0.0000005,0.0000003
24342,0.0002116,0.0000005,0.0000003
24343,0.0002116,0.0000005,0.0000003
24344,0.0002116,0.0000005,0.0000003
24345,0.0002115,0.0000005,0.0000003
24346,0.0002115,0.0000005,0.0000003
24347,0.0002114,0.0000005,0.0000003
24348,0.0002114,0.0000005,0.0000003
24349,0.0002114,0.0000005,0.0000003
24350,0.0002113,0.0000005,0.0000003
24351,0.0002113,0.0000005,0.0000003
24352,0.0002113,0.0000005,0.0000003
24353,0.0002112,0.0000005,0.0000003
24354,0.0002112,0.0000005,0.0000003
24355,0.0002112,0.0000005,0.0000003
24356,0.0002111,0.0000005,0.0000003
24357,0.0002111,0.0000005,0.0000003
24358,0.0002111,0.0000005,0.0000003
24359,0.0002110,0.0000005,0.0000003
24360,0.0002110,0.0000005,0.0000003
24361,0.0002110,0.0000005,0.0000003
24362,0.0002109,0.0000005,0.0000003
24363,0.0002109,0.0000005,0.0000003
24364,0.0002108,0.0000005,0.0000003
24365,0.0002108,0.0000005,0.0000003
24366,0.0002108,0.0000005,0.0000003
24367,0.0002107,0.0000005,0.0000003
24368,0.0002107,0.0000005,0.0000003
24369,0.0002107,0.0000005,0.0000003
24370,0.0002106,0.0000005,0.0000003
24371,0.0002106,0.0000005,0.0000003
24372,0.0002106,0.0000005,0.0000003
24373,0.0002105,0.0000005,0.0000003
24374,0.0002105,0.0000005,0.0000003
24375,0.0002105,0.0000005,0.0000003
24376,0.0002104,0.0000005,0.0000003
24377,0.0002104,0.0000005,0.0000003
24378,0.0002104,0.0000005,0.0000003
24379,0.0002103,0.0000005,0.0000003
24380,0.0002103,0.0000005,0.0000003
24381,0.0002102,0.0000005,0.0000003
24382,0.0002102,0.0000005,0.0000003
24383,0.0002102,0.0000005,0.0000003
24384,0.0002101,0.0000005,0.0000003
24385,0.0002101,0.0000005,0.0000003
24386,0.0002101,0.0000005,0.0000003
24387,0.0002100,0.0000005,0.0000003
24388,0.0002100,0.0000005,0.0000003
24389,0.0002100,0.0000005,0.0000003
24390,0.0002099,0.0000005,0.0000003
24391,0.0002099,0.0000005,0.0000003
24392,0.0002099,0.0000005,0.0000003
24393,0.0002098,0.0000005,0.0000003
24394,0.0002098,0.0000005,0.0000003
24395,0.0002098,0.0000005,0.0000003
24396,0.0002097,0.0000005,0.0000003
24397,0.0002097,0.0000005,0.0000003
24398,0.0002097,0.0000005,0.0000003
24399,0.0002096,0.0000005,0.0000003
24400,0.0002096,0.0000005,0.0000003
24401,0.0002095,0.0000005,0.0000003
24402,0.0002095,0.0000005,0.0000003
24403,0.0002095,0.0000005,0.0000003
24404,0.0002094,0.0000005,0.0000003
24405,0.0002094,0.0000005,0.0000003
24406,0.0002094,0.0000005,0.0000003
24407,0.0002093,0.0000005,0.0000003
24408,0.0002093,0.0000005,0.0000003
24409,0.0002093,0.0000005,0.0000003
24410,0.0002092,0.0000005,0.0000003
24411,0.0002092,0.0000005,0.0000003
24412,0.0002092,0.0000005,0.0000003
24413,0.0002091,0.0000005,0.0000003
24414,0.0002091,0.0000005,0.0000003
24415,0.0002091,0.0000005,0.0000003
24416,0.0002090,0.0000005,0.0000003
24417,0.0002090,0.0000005,0.0000003
24418,0.0002090,0.0000005,0.0000003
24419,0.0002089,0.0000005,0.0000003
24420,0.0002089,0.0000005,0.0000003
24421,0.0002089,0.0000005,0.0000003
24422,0.0002088,0.0000005,0.0000003
24423,0.0002088,0.0000005,0.0000003
24424,0.0002087,0.0000005,0.0000003
24425,0.0002087,0.0000005,0.0000003
24426,0.0002087,0.0000005,0.0000003
24427,0.0002086,0.0000005,0.0000003
24428,0.0002086,0.0000005,0.0000003
24429,0.0002086,0.0000005,0.0000003
24430,0.0002085,0.0000005,0.0000003
24431,0.0002085,0.0000005,0.0000003
24432,0.0002085,0.0000005,0.0000003
24433,0.0002084,0.0000005,0.0000003
24434,0.0002084,0.0000005,0.0000003
24435,0.0002084,0.0000005,0.0000003
24436,0.0002083,0.0000005,0.0000003
24437,0.0002083,0.0000005,0.0000003
24438,0.0002083,0.0000005,0.0000003
24439,0.0002082,0.0000005,0.0000003
24440,0.0002082,0.0000005,0.0000003
24441,0.0002082,0.0000005,0.0000003
24442,0.0002081,0.0000005,0.0000003
24443,0.0002081,0.0000005,0.0000003
24444,0.0002081,0.0000005,0.0000003
24445,0.0002080,0.0000005,0.0000003
24446,0.0002080,0.0000005,0.0000003
24447,0.0002080,0.0000005,0.0000003
24448,0.0002079,0.0000005,0.0000003
24449,0.0002079,0.0000005,0.0000003
24450,0.0002079,0.0000005,0.0000003
24451,0.0002078,0.0000005,0.0000003
24452,0.0002078,0.0000005,0.0000003
24453,0.0002078,0.0000005,0.0000003
24454,0.0002077,0.0000005,0.0000003
24455,0.0002077,0.0000005,0.0000003
24456,0.0002077,0.0000005,0.0000003
24457,0.0002076,0.0000005,0.0000003
24458,0.0002076,0.0000005,0.0000003
24459,0.0002076,0.0000005,0.0000003
24460,0.0002075,0.0000005,0.0000003
24461,0.0002075,0.0000005,0.0000003
24462,0.0002075,0.0000005,0.0000003
24463,0.0002074,0.0000005,0.0000003
24464,0.0002074,0.0000005,0.0000003
24465,0.0002073,0.0000005,0.0000003
24466,0.0002073,0.0000005,0.0000003
24467,0.0002073,0.0000005,0.0000003
24468,0.0002072,0.0000005,0.0000003
24469,0.0002072,0.0000005,0.0000003
24470,0.0002072,0.0000005,0.0000003
24471,0.0002071,0.0000005,0.0000003
24472,0.0002071,0.0000005,0.0000003
24473,0.0002071,0.0000005,0.0000003
24474,0.0002070,0.0000005,0.0000003
24475,0.0002070,0.0000005,0.0000003
24476,0.0002070,0.0000005,0.0000003
24477,0.0002069,0.0000005,0.0000003
24478,0.0002069,0.0000005,0.0000003
24479,0.0002069,0.0000005,0.0000003
24480,0.0002068,0.0000005,0.0000003
24481,0.0002068,0.0000005,0.0000003
24482,0.0002068,0.0000005,0.0000003
24483,0.0002067,0.0000005,0.0000003
24484,0.0002067,0.0000005,0.0000003
24485,0.0002067,0.0000005,0.0000003
24486,0.0002066,0.0000005,0.0000003
24487,0.0002066,0.0000005,0.0000003
24488,0.0002066,0.0000005,0.0000003
24489,0.0002065,0.0000005,0.0000003
24490,0.0002065,0.0000005,0.0000003
24491,0.0002065,0.0000005,0.0000003
24492,0.0002065,0.0000005,0.0000003
24493,0.0002064,0.0000005,0.0000003
24494,0.0002064,0.0000005,0.0000003
24495,0.0002064,0.0000005,0.0000003
24496,0.0002063,0.0000005,0.0000003
24497,0.0002063,0.0000005,0.0000003
24498,0.0002063,0.0000005,0.0000003
24499,0.0002062,0.0000005,0.0000003
24500,0.0002062,0.0000005,0.0000003
24501,0.0002062,0.0000005,0.0000003
24502,0.0002061,0.0000005,0.0000003
24503,0.0002061,0.0000005,0.0000003
24504,0.0002061,0.0000005,0.0000003
24505,0.0002060,0.0000005,0.0000003
24506,0.0002060,0.0000005,0.0000003
24507,0.0002060,0.0000005,0.0000003
24508,0.0002059,0.0000005,0.0000003
24509,0.0002059,0.0000005,0.0000003
24510,0.0002059,0.0000005,0.0000003
24511,0.0002058,0.0000005,0.0000003
24512,0.0002058,0.0000005,0.0000003
24513,0.0002058,0.0000005,0.0000003
24514,0.0002057,0.0000005,0.0000003
24515,0.0002057,0.0000005,0.0000003
24516,0.0002057,0.0000005,0.0000003
24517,0.0002056,0.0000005,0.0000003
24518,0.0002056,0.0000005,0.0000003
24519,0.0002056,0.0000005,0.0000003
24520,0.0002055,0.0000005,0.0000003
24521,0.0002055,0.0000005,0.0000003
24522,0.0002055,0.0000005,0.0000003
24523,0.0002054,0.0000005,0.0000003
24524,0.0002054,0.0000005,0.0000003
24525,0.0002054,0.0000005,0.0000003
24526,0.0002053,0.0000005,0.0000003
24527,0.0002053,0.0000005,0.0000003
24528,0.0002053,0.0000005,0.0000003
24529,0.0002053,0.0000005,0.0000003
24530,0.0002052,0.0000005,0.0000003
24531,0.0002052,0.0000005,0.0000003
24532,0.0002052,0.0000005,0.0000003
24533,0.0002051,0.0000005,0.0000003
24534,0.0002051,0.0000005,0.0000003
24535,0.0002051,0.0000005,0.0000003
24536,0.0002050,0.0000005,0.0000003
24537,0.0002050,0.0000005,0.0000003
24538,0.0002050,0.0000005,0.0000003
24539,0.0002049,0.0000005,0.0000003
24540,0.0002049,0.0000005,0.0000003
24541,0.0002049,0.0000005,0.0000003
24542,0.0002048,0.0000005,0.0000003
24543,0.0002048,0.0000005,0.0000003
24544,0.0002048,0.0000005,0.0000003
24545,0.0002047,0.0000005,0.0000003
24546,0.0002047,0.0000005,0.0000003
24547,0.0002047,0.0000005,0.0000003
24548,0.0002047,0.0000005,0.0000003
24549,0.0002046,0.0000005,0.0000003
24550,0.0002046,0.0000005,0.0000003
24551,0.0002046,0.0000005,0.0000003
24552,0.0002045,0.0000005,0.0000003
24553,0.0002045,0.0000005,0.0000003
24554,0.0002045,0.0000005,0.0000003
24555,0.0002044,0.0000005,0.0000003
24556,0.0002044,0.0000005,0.0000003
24557,0.0002044,0.0000005,0.0000003
24558,0.0002043,0.0000005,0.0000003
24559,0.0002043,0.0000005,0.0000003
24560,0.0002043,0.0000005,0.0000003
24561,0.0002043,0.0000005,0.0000003
24562,0.0002042,0.0000005,0.0000003
24563,0.0002042,0.0000005,0.0000003
24564,0.0002042,0.0000005,0.0000003
24565,0.0002041,0.0000005,0.0000003
24566,0.0002041,0.0000005,0.0000003
24567,0.0002041,0.0000005,0.0000003
24568,0.0002040,0.0000005,0.0000003
24569,0.0002040,0.0000005,0.0000003
24570,0.0002040,0.0000005,0.0000003
24571,0.0002040,0.0000005,0.0000003
24572,0.0002039,0.0000005,0.0000003
24573,0.0002039,0.0000005,0.0000003
24574,0.0002039,0.0000005,0.0000003
24575,0.0002038,0.0000005,0.0000003
24576,0.0002038,0.0000005,0.0000003
24577,0.0002038,0.0000005,0.0000003
24578,0.0002037,0.0000005,0.0000003
24579,0.0002037,0.0000005,0.0000003
24580,0.0002037,0.0000005,0.0000003
24581,0.0002037,0.0000005,0.0000003
24582,0.0002036,0.0000005,0.0000003
24583,0.0002036,0.0000005,0.0000003
24584,0.0002036,0.0000005,0.0000003
24585,0.0002035,0.0000005,0.0000003
24586,0.0002035,0.0000005,0.0000003
24587,0.0002035,0.0000005,0.0000003
24588,0.0002034,0.0000005,0.0000003
24589,0.0002034,0.0000005,0.0000003
24590,0.0002034,0.0000005,0.0000003
24591,0.0002034,0.0000005,0.0000003
24592,0.0002033,0.0000005,0.0000003
24593,0.0002033,0.0000005,0.0000003
24594,0.0002033,0.0000005,0.0000003
24595,0.0002032,0.0000005,0.0000003
24596,0.0002032,0.0000005,0.0000003
24597,0.0002032,0.0000005,0.0000003
24598,0.0002032,0.0000005,0.0000003
24599,0.0002031,0.0000005,0.0000003
24600,0.0002031,0.0000005,0.0000003
24601,0.0002031,0.0000005,0.0000003
24602,0.0002030,0.0000005,0.0000003
24603,0.0002030,0.0000005,0.0000003
24604,0.0002030,0.0000005,0.0000003
24605,0.0002030,0.0000005,0.0000003
24606,0.0002029,0.0000005,0.0000003
24607,0.0002029,0.0000005,0.0000003
24608,0.0002029,0.0000005,0.0000003
24609,0.0002028,0.0000005,0.0000003
24610,0.0002028,0.0000005,0.0000003
24611,0.0002028,0.0000005,0.0000003
24612,0.0002028,0.0000005,0.0000003
24613,0.0002027,0.0000005,0.0000003
24614,0.0002027,0.0000005,0.0000003
24615,0.0002027,0.0000005,0.0000003
24616,0.0002026,0.0000005,0.0000003
24617,0.0002026,0.0000005,0.0000003
24618,0.0002026,0.0000005,0.0000003
24619,0.0002026,0.0000005,0.0000003
24620,0.0002025,0.0000005,0.0000003
24621,0.0002025,0.0000005,0.0000003
24622,0.0002025,0.0000005,0.0000003
24623,0.0002024,0.0000005,0.0000003
24624,0.0002024,0.0000005,0.0000003
24625,0.0002024,0.0000005,0.0000003
24626,0.0002024,0.0000005,0.0000003
24627,0.0002023,0.0000005,0.0000003
24628,0.0002023,0.0000005,0.0000003
24629,0.0002023,0.0000005,0.0000003
24630,0.0002022,0.0000005,0.0000003
24631,0.0002022,0.0000005,0.0000003
24632,0.0002022,0.0000005,0.0000003
24633,0.0002022,0.0000005,0.0000003
24634,0.0002021,0.0000005,0.0000003
24635,0.0002021,0.0000005,0.0000003
24636,0.0002021,0.0000005,0.0000003
24637,0.0002021,0.0000005,0.0000003
24638,0.0002020,0.0000005,0.0000003
24639,0.0002020,0.0000005,0.0000003
24640,0.0002020,0.0000005,0.0000003
24641,0.0002019,0.0000005,0.0000003
24642,0.0002019,0.0000005,0.0000003
24643,0.0002019,0.0000005,0.0000003
24644,0.0002019,0.0000005,0.0000003
24645,0.0002018,0.0000005,0.0000003
24646,0.0002018,0.0000005,0.0000003
24647,0.0002018,0.0000005,0.0000003
24648,0.0002018,0.0000005,0.0000003
24649,0.0002017,0.0000005,0.0000003
24650,0.0002017,0.0000005,0.0000003
24651,0.0002017,0.0000005,0.0000003
24652,0.0002017,0.0000005,0.0000003
24653,0.0002016,0.0000005,0.0000003
24654,0.0002016,0.0000005,0.0000003
24655,0.0002016,0.0000005,0.0000003
24656,0.0002015,0.0000005,0.0000003
24657,0.0002015,0.0000005,0.0000003
24658,0.0002015,0.0000005,0.0000003
24659,0.0002015,0.0000005,0.0000003
24660,0.0002014,0.0000005,0.0000003
24661,0.0002014,0.0000005,0.0000003
24662,0.0002014,0.0000005,0.0000003
24663,0.0002014,0.0000005,0.0000003
24664,0.0002013,0.0000005,0.0000003
24665,0.0002013,0.0000005,0.0000003
24666,0.0002013,0.0000005,0.0000003
24667,0.0002013,0.0000005,0.0000003
24668,0.0002012,0.0000005,0.0000003
24669,0.0002012,0.0000005,0.0000003
24670,0.0002012,0.0000005,0.0000003
24671,0.0002012,0.0000005,0.0000003
24672,0.0002011,0.0000005,0.0000003
24673,0.0002011,0.0000005,0.0000003
24674,0.0002011,0.0000005,0.0000003
24675,0.0002011,0.0000005,0.0000003
24676,0.0002010,0.0000005,0.0000003
24677,0.0002010,0.0000005,0.0000003
24678,0.0002010,0.0000005,0.0000003
24679,0.0002010,0.0000005,0.0000003
24680,0.0002009,0.0000005,0.0000003
24681,0.0002009,0.0000005,0.0000003
24682,0.0002009,0.0000005,0.0000003
24683,0.0002009,0.0000005,0.0000003
24684,0.0002008,0.0000005,0.0000003
24685,0.0002008,0.0000005,0.0000003
24686,0.0002008,0.0000005,0.0000003
24687,0.0002008,0.0000005,0.0000003
24688,0.0002007,0.0000005,0.0000003
24689,0.0002007,0.0000005,0.0000003
24690,0.0002007,0.0000005,0.0000003
24691,0.0002007,0.0000005,0.0000003
24692,0.0002006,0.0000005,0.0000003
24693,0.0002006,0.0000005,0.0000003
24694,0.0002006,0.0000005,0.0000003
24695,0.0002006,0.0000005,0.0000003
24696,0.0002005,0.0000005,0.0000003
24697,0.0002005,0.0000005,0.0000003
24698,0.0002005,0.0000005,0.0000003
24699,0.0002005,0.0000005,0.0000003
24700,0.0002004,0.0000005,0.0000003
24701,0.0002004,0.0000005,0.0000003
24702,0.0002004,0.0000005,0.0000003
24703,0.0002004,0.0000005,0.0000003
24704,0.0002003,0.0000005,0.0000003
24705,0.0002003,0.0000005,0.0000003
24706,0.0002003,0.0000005,0.0000003
24707,0.0002003,0.0000005,0.0000003
24708,0.0002002,0.0000005,0.0000003
24709,0.0002002,0.0000005,0.0000003
24710,0.0002002,0.0000005,0.0000003
24711,0.0002002,0.0000005,0.0000003
24712,0.0002001,0.0000005,0.0000003
24713,0.0002001,0.0000005,0.0000003
24714,0.0002001,0.0000005,0.0000003
24715,0.0002001,0.0000005,0.0000003
24716,0.0002001,0.0000005,0.0000003
24717,0.0002000,0.0000005,0.0000003
24718,0.0002000,0.0000005,0.0000003
24719,0.0002000,0.0000005,0.0000003
24720,0.0002000,0.0000005,0.0000003
24721,0.0001999,0.0000005,0.0000003
24722,0.0001999,0.0000005,0.0000003
24723,0.0001999,0.0000005,0.0000003
24724,0.0001999,0.0000005,0.0000003
24725,0.0001998,0.0000005,0.0000003
24726,0.0001998,0.0000005,0.0000003
24727,0.0001998,0.0000005,0.0000003
24728,0.0001998,0.0000005,0.0000003
24729,0.0001998,0.0000005,0.0000003
24730,0.0001997,0.0000005,0.0000003
24731,0.0001997,0.0000005,0.0000003
24732,0.0001997,0.0000005,0.0000003
24733,0.0001997,0.0000005,0.0000003
24734,0.0001996,0.0000005,0.0000003
24735,0.0001996,0.0000005,0.0000003
24736,0.0001996,0.0000005,0.0000003
24737,0.0001996,0.0000005,0.0000003
24738,0.0001996,0.0000005,0.0000003
24739,0.0001995,0.0000005,0.0000003
24740,0.0001995,0.0000005,0.0000003
24741,0.0001995,0.0000005,0.0000003
24742,0.0001995,0.0000005,0.0000003
24743,0.0001994,0.0000005,0.0000003
24744,0.0001994,0.0000005,0.0000003
24745,0.0001994,0.0000005,0.0000003
24746,0.0001994,0.0000005,0.0000003
24747,0.0001994,0.0000005,0.0000003
24748,0.0001993,0.0000005,0.0000003
24749,0.0001993,0.0000005,0.0000003
24750,0.0001993,0.0000005,0.0000003
24751,0.0001993,0.0000005,0.0000003
24752,0.0001993,0.0000005,0.0000003
24753,0.0001992,0.0000005,0.0000003
24754,0.0001992,0.0000005,0.0000003
24755,0.0001992,0.0000005,0.0000003
24756,0.0001992,0.0000005,0.0000003
24757,0.0001991,0.0000005,0.0000003
24758,0.0001991,0.0000005,0.0000003
24759,0.0001991,0.0000005,0.0000003
24760,0.0001991,0.0000005,0.0000003
24761,0.0001991,0.0000005,0.0000003
24762,0.0001990,0.0000005,0.0000003
24763,0.0001990,0.0000005,0.0000003
24764,0.0001990,0.0000005,0.0000003
24765,0.0001990,0.0000005,0.0000003
24766,0.0001990,0.0000005,0.0000003
24767,0.0001989,0.0000005,0.0000003
24768,0.0001989,0.0000005,0.0000003
24769,0.0001989,0.0000005,0.0000003
24770,0.0001989,0.0000005,0.0000003
24771,0.0001989,0.0000005,0.0000003
24772,0.0001988,0.0000005,0.0000003
24773,0.0001988,0.0000005,0.0000003
24774,0.0001988,0.0000005,0.0000003
24775,0.0001988,0.0000005,0.0000003
24776,0.0001988,0.0000005,0.0000003
24777,0.0001987,0.0000005,0.0000003
24778,0.0001987,0.0000005,0.0000003
24779,0.0001987,0.0000005,0.0000003
24780,0.0001987,0.0000005,0.0000003
24781,0.0001987,0.0000005,0.0000003
24782,0.0001986,0.0000005,0.0000003
24783,0.0001986,0.0000005,0.0000003
24784,0.0001986,0.0000005,0.0000003
24785,0.0001986,0.0000005,0.0000003
24786,0.0001986,0.0000005,0.0000003
24787,0.0001985,0.0000005,0.0000003
24788,0.0001985,0.0000005,0.0000003
24789,0.0001985,0.0000005,0.0000003
24790,0.0001985,0.0000005,0.0000003
24791,0.0001985,0.0000005,0.0000003
24792,0.0001984,0.0000005,0.0000003
24793,0.0001984,0.0000005,0.0000003
24794,0.0001984,0.0000005,0.0000003
24795,0.0001984,0.0000005,0.0000003
24796,0.0001984,0.0000005,0.0000003
24797,0.0001984,0.0000005,0.0000003
24798,0.0001983,0.0000005,0.0000003
24799,0.0001983,0.0000005,0.0000003
24800,0.0001983,0.0000005,0.0000003
24801,0.0001983,0.0000005,0.0000003
24802,0.0001983,0.0000005,0.0000003
24803,0.0001982,0.0000005,0.0000003
24804,0.0001982,0.0000005,0.0000003
24805,0.0001982,0.0000005,0.0000003
24806,0.0001982,0.0000005,0.0000003
24807,0.0001982,0.0000005,0.0000003
24808,0.0001982,0.0000005,0.0000003
24809,0.0001981,0.0000005,0.0000003
24810,0.0001981,0.0000005,0.0000003
24811,0.0001981,0.0000005,0.0000003
24812,0.0001981,0.0000005,0.0000003
24813,0.0001981,0.0000005,0.0000003
24814,0.0001980,0.0000005,0.0000003
24815,0.0001980,0.0000005,0.0000003
24816,0.0001980,0.0000005,0.0000003
24817,0.0001980,0.0000005,0.0000003
24818,0.0001980,0.0000005,0.0000003
24819,0.0001980,0.0000005,0.0000003
24820,0.0001979,0.0000005,0.0000003
24821,0.0001979,0.0000005,0.0000003
24822,0.0001979,0.0000005,0.0000003
24823,0.0001979,0.0000005,0.0000003
24824,0.0001979,0.0000005,0.0000003
24825,0.0001978,0.0000005,0.0000003
24826,0.0001978,0.0000005,0.0000003
24827,0.0001978,0.0000005,0.0000003
24828,0.0001978,0.0000005,0.0000003
24829,0.0001978,0.0000005,0.0000003
24830,0.0001978,0.0000005,0.0000003
24831,0.0001977,0.0000005,0.0000003
24832,0.0001977,0.0000005,0.0000003
24833,0.0001977,0.0000005,0.0000003
24834,0.0001977,0.0000005,0.0000003
24835,0.0001977,0.0000005,0.0000003
24836,0.0001977,0.0000005,0.0000003
24837,0.0001976,0.0000005,0.0000003
24838,0.0001976,0.0000005,0.0000003
24839,0.0001976,0.0000005,0.0000003
24840,0.0001976,0.0000005,0.0000003
24841,0.0001976,0.0000005,0.0000003
24842,0.0001976,0.0000005,0.0000003
24843,0.0001975,0.0000005,0.0000003
24844,0.0001975,0.0000005,0.0000003
24845,0.0001975,0.0000005,0.0000003
24846,0.0001975,0.0000005,0.0000003
24847,0.0001975,0.0000005,0.0000003
24848,0.0001975,0.0000005,0.0000003
24849,0.0001975,0.0000005,0.0000003
24850,0.0001974,0.0000005,0.0000003
24851,0.0001974,0.0000005,0.0000003
24852,0.0001974,0.0000005,0.0000003
24853,0.0001974,0.0000005,0.0000003
24854,0.0001974,0.0000005,0.0000003
24855,0.0001974,0.0000005,0.0000003
24856,0.0001973,0.0000005,0.0000003
24857,0.0001973,0.0000005,0.0000003
24858,0.0001973,0.0000005,0.0000003
24859,0.0001973,0.0000005,0.0000003
24860,0.0001973,0.0000005,0.0000003
24861,0.0001973,0.0000005,0.0000003
24862,0.0001973,0.0000005,0.0000003
24863,0.0001972,0.0000005,0.0000003
24864,0.0001972,0.0000005,0.0000003
24865,0.0001972,0.0000005,0.0000003
24866,0.0001972,0.0000005,0.0000003
24867,0.0001972,0.0000005,0.0000003
24868,0.0001972,0.0000005,0.0000003
24869,0.0001971,0.0000005,0.0000003
24870,0.0001971,0.0000005,0.0000003
24871,0.0001971,0.0000005,0.0000003
24872,0.0001971,0.0000005,0.0000003
24873,0.0001971,0.0000005,0.0000003
24874,0.0001971,0.0000005,0.0000003
24875,0.0001971,0.0000005,0.0000003
24876,0.0001970,0.0000005,0.0000003
24877,0.0001970,0.0000005,0.0000003
24878,0.0001970,0.0000005,0.0000003
24879,0.0001970,0.0000005,0.0000003
24880,0.0001970,0.0000005,0.0000003
24881,0.0001970,0.0000005,0.0000003
24882,0.0001970,0.0000005,0.0000003
24883,0.0001969,0.0000005,0.0000003
24884,0.0001969,0.0000005,0.0000003
24885,0.0001969,0.0000005,0.0000003
24886,0.0001969,0.0000005,0.0000003
24887,0.0001969,0.0000005,0.0000003
24888,0.0001969,0.0000005,0.0000003
24889,0.0001969,0.0000005,0.0000003
24890,0.0001968,0.0000005,0.0000003
24891,0.0001968,0.0000005,0.0000003
24892,0.0001968,0.0000005,0.0000003
24893,0.0001968,0.0000005,0.0000003
24894,0.0001968,0.0000005,0.0000003
24895,0.0001968,0.0000005,0.0000003
24896,0.0001968,0.0000005,0.0000003
24897,0.0001968,0.0000005,0.0000003
24898,0.0001967,0.0000005,0.0000003
24899,0.0001967,0.0000005,0.0000003
24900,0.0001967,0.0000005,0.0000003
24901,0.0001967,0.0000005,0.0000003
24902,0.0001967,0.0000005,0.0000003
24903,0.0001967,0.0000005,0.0000003
24904,0.0001967,0.0000005,0.0000003
24905,0.0001966,0.0000005,0.0000003
24906,0.0001966,0.0000005,0.0000003
24907,0.0001966,0.0000005,0.0000003
24908,0.0001966,0.0000005,0.0000003
24909,0.0001966,0.0000005,0.0000003
24910,0.0001966,0.0000005,0.0000003
24911,0.0001966,0.0000005,0.0000003
24912,0.0001966,0.0000005,0.0000003
24913,0.0001965,0.0000005,0.0000003
24914,0.0001965,0.0000005,0.0000003
24915,0.0001965,0.0000005,0.0000003
24916,0.0001965,0.0000005,0.0000003
24917,0.0001965,0.0000005,0.0000003
24918,0.0001965,0.0000005,0.0000003
24919,0.0001965,0.0000005,0.0000003
24920,0.0001965,0.0000005,0.0000003
24921,0.0001964,0.0000005,0.0000003
24922,0.0001964,0.0000005,0.0000003
24923,0.0001964,0.0000005,0.0000003
24924,0.0001964,0.0000005,0.0000003
24925,0.0001964,0.0000005,0.0000003
24926,0.0001964,0.0000005,0.0000003
24927,0.0001964,0.0000005,0.0000003
24928,0.0001964,0.0000005,0.0000003
24929,0.0001964,0.0000005,0.0000003
24930,0.0001963,0.0000005,0.0000003
24931,0.0001963,0.0000005,0.0000003
24932,0.0001963,0.0000005,0.0000003
24933,0.0001963,0.0000005,0.0000003
24934,0.0001963,0.0000005,0.0000003
24935,0.0001963,0.0000005,0.0000003
24936,0.0001963,0.0000005,0.0000003
24937,0.0001963,0.0000005,0.0000003
24938,0.0001963,0.0000005,0.0000003
24939,0.0001962,0.0000005,0.0000003
24940,0.0001962,0.0000005,0.0000003
24941,0.0001962,0.0000005,0.0000003
24942,0.0001962,0.0000005,0.0000003
24943,0.0001962,0.0000005,0.0000003
24944,0.0001962,0.0000005,0.0000003
24945,0.0001962,0.0000005,0.0000003
24946,0.0001962,0.0000005,0.0000003
24947,0.0001962,0.0000005,0.0000003
24948,0.0001961,0.0000005,0.0000003
24949,0.0001961,0.0000005,0.0000003
24950,0.0001961,0.0000005,0.0000003
24951,0.0001961,0.0000005,0.0000003
24952,0.0001961,0.0000005,0.0000003
24953,0.0001961,0.0000005,0.0000003
24954,0.0001961,0.0000005,0.0000003
24955,0.0001961,0.0000005,0.0000003
24956,0.0001961,0.0000005,0.0000003
24957,0.0001961,0.0000005,0.0000003
24958,0.0001960,0.0000005,0.0000003
24959,0.0001960,0.0000005,0.0000003
24960,0.0001960,0.0000005,0.0000003
24961,0.0001960,0.0000005,0.0000003
24962,0.0001960,0.0000005,0.0000003
24963,0.0001960,0.0000005,0.0000003
24964,0.0001960,0.0000005,0.0000003
24965,0.0001960,0.0000005,0.0000003
24966,0.0001960,0.0000005,0.0000003
24967,0.0001960,0.0000005,0.0000003
24968,0.0001959,0.0000005,0.0000003
24969,0.0001959,0.0000005,0.0000003
24970,0.0001959,0.0000005,0.0000003
24971,0.0001959,0.0000005,0.0000003
24972,0.0001959,0.0000005,0.0000003
24973,0.0001959,0.0000005,0.0000003
24974,0.0001959,0.0000005,0.0000003
24975,0.0001959,0.0000005,0.0000003
24976,0.0001959,0.0000005,0.0000003
24977,0.0001959,0.0000005,0.0000003
24978,0.0001958,0.0000005,0.0000003
24979,0.0001958,0.0000005,0.0000003
24980,0.0001958,0.0000005,0.0000003
24981,0.0001958,0.0000005,0.0000003
24982,0.0001958,0.0000005,0.0000003
24983,0.0001958,0.0000005,0.0000003
24984,0.0001958,0.0000005,0.0000003
24985,0.0001958,0.0000005,0.0000003
24986,0.0001958,0.0000005,0.0000003
24987,0.0001958,0.0000005,0.0000003
24988,0.0001958,0.0000005,0.0000003
24989,0.0001958,0.0000005,0.0000003
24990,0.0001957,0.0000005,0.0000003
24991,0.0001957,0.0000005,0.0000003
24992,0.0001957,0.0000005,0.0000003
24993,0.0001957,0.0000005,0.0000003
24994,0.0001957,0.0000005,0.0000003
24995,0.0001957,0.0000005,0.0000003
24996,0.0001957,0.0000005,0.0000003
24997,0.0001957,0.0000005,0.0000003
24998,0.0001957,0.0000005,0.0000003
24999,0.0001957,0.0000005,0.0000003
25000,0.0001957,0.0000005,0.0000003
25001,0.0001957,0.0000005,0.0000003
25002,0.0001956,0.0000005,0.0000003
25003,0.0001956,0.0000005,0.0000003
25004,0.0001956,0.0000005,0.0000003
25005,0.0001956,0.0000005,0.0000003
25006,0.0001956,0.0000005,0.0000003
25007,0.0001956,0.0000005,0.0000003
25008,0.0001956,0.0000005,0.0000003
25009,0.0001956,0.0000005,0.0000003
25010,0.0001956,0.0000005,0.0000003
25011,0.0001956,0.0000005,0.0000003
25012,0.0001956,0.0000005,0.0000003
25013,0.0001956,0.0000005,0.0000003
25014,0.0001956,0.0000005,0.0000003
25015,0.0001955,0.0000005,0.0000003
25016,0.0001955,0.0000005,0.0000003
25017,0.0001955,0.0000005,0.0000003
25018,0.0001955,0.0000005,0.0000003
25019,0.0001955,0.0000005,0.0000003
25020,0.0001955,0.0000005,0.0000003
25021,0.0001955,0.0000005,0.0000003
25022,0.0001955,0.0000005,0.0000003
25023,0.0001955,0.0000005,0.0000003
25024,0.0001955,0.0000005,0.0000003
25025,0.0001955,0.0000005,0.0000003
25026,0.0001955,0.0000005,0.0000003
25027,0.0001955,0.0000005,0.0000003
25028,0.0001954,0.0000005,0.0000003
25029,0.0001954,0.0000005,0.0000003
25030,0.0001954,0.0000005,0.0000003
25031,0.0001954,0.0000005,0.0000003
25032,0.0001954,0.0000005,0.0000003
25033,0.0001954,0.0000005,0.0000003
25034,0.0001954,0.0000005,0.0000003
25035,0.0001954,0.0000005,0.0000003
25036,0.0001954,0.0000005,0.0000003
25037,0.0001954,0.0000005,0.0000003
25038,0.0001954,0.0000005,0.0000003
25039,0.0001954,0.0000005,0.0000003
25040,0.0001954,0.0000005,0.0000003
25041,0.0001954,0.0000005,0.0000003
25042,0.0001954,0.0000005,0.0000003
25043,0.0001954,0.0000005,0.0000003
25044,0.0001953,0.0000005,0.0000003
25045,0.0001953,0.0000005,0.0000003
25046,0.0001953,0.0000005,0.0000003
25047,0.0001953,0.0000005,0.0000003
25048,0.0001953,0.0000005,0.0000003
25049,0.0001953,0.0000005,0.0000003
25050,0.0001953,0.0000005,0.0000003
25051,0.0001953,0.0000005,0.0000003
25052,0.0001953,0.0000005,0.0000003
25053,0.0001953,0.0000005,0.0000003
25054,0.0001953,0.0000005,0.0000003
25055,0.0001953,0.0000005,0.0000003
25056,0.0001953,0.0000005,0.0000003
25057,0.0001953,0.0000005,0.0000003
25058,0.0001953,0.0000005,0.0000003
25059,0.0001953,0.0000005,0.0000003
25060,0.0001953,0.0000005,0.0000003
25061,0.0001952,0.0000005,0.0000003
25062,0.0001952,0.0000005,0.0000003
25063,0.0001952,0.0000005,0.0000003
25064,0.0001952,0.0000005,0.0000003
25065,0.0001952,0.0000005,0.0000003
25066,0.0001952,0.0000005,0.0000003
25067,0.0001952,0.0000005,0.0000003
25068,0.0001952,0.0000005,0.0000003
25069,0.0001952,0.0000005,0.0000003
25070,0.0001952,0.0000005,0.0000003
25071,0.0001952,0.0000005,0.0000003
25072,0.0001952,0.0000005,0.0000003
25073,0.0001952,0.0000005,0.0000003
25074,0.0001952,0.0000005,0.0000003
25075,0.0001952,0.0000005,0.0000003
25076,0.0001952,0.0000005,0.0000003
25077,0.0001952,0.0000005,0.0000003
25078,0.0001952,0.0000005,0.0000003
25079,0.0001952,0.0000005,0.0000003
25080,0.0001951,0.0000005,0.0000003
25081,0.0001951,0.0000005,0.0000003
25082,0.0001951,0.0000005,0.0000003
25083,0.0001951,0.0000005,0.0000003
25084,0.0001951,0.0000005,0.0000003
25085,0.0001951,0.0000005,0.0000003
25086,0.0001951,0.0000005,0.0000003
25087,0.0001951,0.0000005,0.0000003
25088,0.0001951,0.0000005,0.0000003
25089,0.0001951,0.0000005,0.0000003
25090,0.0001951,0.0000005,0.0000003
25091,0.0001951,0.0000005,0.0000003
25092,0.0001951,0.0000005,0.0000003
25093,0.0001951,0.0000005,0.0000003
25094,0.0001951,0.0000005,0.0000003
25095,0.0001951,0.0000005,0.0000003
25096,0.0001951,0.0000005,0.0000003
25097,0.0001951,0.0000005,0.0000003
25098,0.0001951,0.0000005,0.0000003
25099,0.0001951,0.0000005,0.0000003
25100,0.0001951,0.0000005,0.0000003
25101,0.0001951,0.0000005,0.0000003
25102,0.0001951,0.0000005,0.0000003
25103,0.0001950,0.0000005,0.0000003
25104,0.0001950,0.0000005,0.0000003
25105,0.0001950,0.0000005,0.0000003
25106,0.0001950,0.0000005,0.0000003
25107,0.0001950,0.0000005,0.0000003
25108,0.0001950,0.0000005,0.0000003
25109,0.0001950,0.0000005,0.0000003
25110,0.0001950,0.0000005,0.0000003
25111,0.0001950,0.0000005,0.0000003
25112,0.0001950,0.0000005,0.0000003
25113,0.0001950,0.0000005,0.0000003
25114,0.0001950,0.0000005,0.0000003
25115,0.0001950,0.0000005,0.0000003
25116,0.0001950,0.0000005,0.0000003
25117,0.0001950,0.0000005,0.0000003
25118,0.0001950,0.0000005,0.0000003
25119,0.0001950,0.0000005,0.0000003
25120,0.0001950,0.0000005,0.0000003
25121,0.0001950,0.0000005,0.0000003
25122,0.0001950,0.0000005,0.0000003
25123,0.0001950,0.0000005,0.0000003
25124,0.0001950,0.0000005,0.0000003
25125,0.0001950,0.0000005,0.0000003
25126,0.0001950,0.0000005,0.0000003
25127,0.0001950,0.0000005,0.0000003
25128,0.0001950,0.0000005,0.0000003
25129,0.0001950,0.0000005,0.0000003
25130,0.0001950,0.0000005,0.0000003
25131,0.0001950,0.0000005,0.0000003
25132,0.0001949,0.0000005,0.0000003
25133,0.0001949,0.0000005,0.0000003
25134,0.0001949,0.0000005,0.0000003
25135,0.0001949,0.0000005,0.0000003
25136,0.0001949,0.0000005,0.0000003
25137,0.0001949,0.0000005,0.0000003
25138,0.0001949,0.0000005,0.0000003
25139,0.0001949,0.0000005,0.0000003
25140,0.0001949,0.0000005,0.0000003
25141,0.0001949,0.0000005,0.0000003
25142,0.0001949,0.0000005,0.0000003
25143,0.0001949,0.0000005,0.0000003
25144,0.0001949,0.0000005,0.0000003
25145,0.0001949,0.0000005,0.0000003
25146,0.0001949,0.0000005,0.0000003
25147,0.0001949,0.0000005,0.0000003
25148,0.0001949,0.0000005,0.0000003
25149,0.0001949,0.0000005,0.0000003
25150,0.0001949,0.0000005,0.0000003
25151,0.0001949,0.0000005,0.0000003
25152,0.0001949,0.0000005,0.0000003
25153,0.0001949,0.0000005,0.0000003
25154,0.0001949,0.0000005,0.0000003
25155,0.0001949,0.0000005,0.0000003
25156,0.0001949,0.0000005,0.0000003
25157,0.0001949,0.0000005,0.0000003
25158,0.0001949,0.0000005,0.0000003
25159,0.0001949,0.0000005,0.0000003
25160,0.0001949,0.0000005,0.0000003
25161,0.0001949,0.0000005,0.0000003
25162,0.0001949,0.0000005,0.0000003
25163,0.0001949,0.0000005,0.0000003
25164,0.0001949,0.0000005,0.0000003
25165,0.0001949,0.0000005,0.0000003
25166,0.0001949,0.0000005,0.0000003
25167,0.0001949,0.0000005,0.0000003
25168,0.0001949,0.0000005,0.0000003
25169,0.0001949,0.0000005,0.0000003
25170,0.0001949,0.0000005,0.0000003
25171,0.0001949,0.0000005,0.0000003
25172,0.0001949,0.0000005,0.0000003
25173,0.0001948,0.0000005,0.0000003
25174,0.0001948,0.0000005,0.0000003
25175,0.0001948,0.0000005,0.0000003
25176,0.0001948,0.0000005,0.0000003
25177,0.0001948,0.0000005,0.0000003
25178,0.0001948,0.0000005,0.0000003
25179,0.0001948,0.0000005,0.0000003
25180,0.0001948,0.0000005,0.0000003
25181,0.0001948,0.0000005,0.0000003
25182,0.0001948,0.0000005,0.0000003
25183,0.0001948,0.0000005,0.0000003
25184,0.0001948,0.0000005,0.0000003
25185,0.0001948,0.0000005,0.0000003
25186,0.0001948,0.0000005,0.0000003
25187,0.0001948,0.0000005,0.0000003
25188,0.0001948,0.0000005,0.0000003
25189,0.0001948,0.0000005,0.0000003
25190,0.0001948,0.0000005,0.0000003
25191,0.0001948,0.0000005,0.0000003
25192,0.0001948,0.0000005,0.0000003
25193,0.0001948,0.0000005,0.0000003
25194,0.0001948,0.0000005,0.0000003
25195,0.0001948,0.0000005,0.0000003
25196,0.0001948,0.0000005,0.0000003
25197,0.0001948,0.0000005,0.0000004
25198,0.0001948,0.0000005,0.0000004
25199,0.0001948,0.0000005,0.0000004
25200,0.0001948,0.0000005,0.0000004
25201,0.0001948,0.0000005,0.0000004
25202,0.0001948,0.0000005,0.0000004
25203,0.0001948,0.0000005,0.0000004
25204,0.0001948,0.0000005,0.0000004
25205,0.0001948,0.0000005,0.0000004
25206,0.0001948,0.0000005,0.0000004
25207,0.0001948,0.0000005,0.0000004
25208,0.0001948,0.0000005,0.0000004
25209,0.0001948,0.0000005,0.0000004
25210,0.0001948,0.0000005,0.0000004
25211,0.0001948,0.0000005,0.0000004
25212,0.0001948,0.0000005,0.0000004
25213,0.0001948,0.0000005,0.0000004
25214,0.0001948,0.0000005,0.0000004
25215,0.0001948,0.0000005,0.0000004
25216,0.0001948,0.0000005,0.0000004
25217,0.0001948,0.0000005,0.0000004
25218,0.0001948,0.0000005,0.0000004
25219,0.0001948,0.0000005,0.0000004
25220,0.0001948,0.0000005,0.0000004
25221,0.0001948,0.0000005,0.0000004
25222,0.0001948,0.0000005,0.0000004
25223,0.0001948,0.0000005,0.0000004
25224,0.0001948,0.0000005,0.0000004
25225,0.0001948,0.0000005,0.0000004
25226,0.0001948,0.0000005,0.0000004
25227,0.0001948,0.0000005,0.0000004
25228,0.0001948,0.0000005,0.0000004
25229,0.0001948,0.0000005,0.0000004
25230,0.0001948,0.0000005,0.0000004
25231,0.0001948,0.0000005,0.0000004
25232,0.0001948,0.0000005,0.0000004
25233,0.0001948,0.0000005,0.0000004
25234,0.0001948,0.0000005,0.0000004
25235,0.0001948,0.0000005,0.0000004
25236,0.0001948,0.0000005,0.0000004
25237,0.0001948,0.0000005,0.0000004
25238,0.0001948,0.0000005,0.0000004
25239,0.0001948,0.0000005,0.0000004
25240,0.0001948,0.0000005,0.0000004
25241,0.0001948,0.0000005,0.0000004
25242,0.0001948,0.0000005,0.0000004
25243,0.0001948,0.0000005,0.0000004
25244,0.0001948,0.0000005,0.0000004
25245,0.0001948,0.0000005,0.0000004
25246,0.0001948,0.0000005,0.0000004
25247,0.0001948,0.0000005,0.0000004
25248,0.0001948,0.0000005,0.0000004
25249,0.0001948,0.0000005,0.0000004
25250,0.0001948,0.0000005,0.0000004
25251,0.0001948,0.0000005,0.0000004
25252,0.0001948,0.0000005,0.0000004
25253,0.0001948,0.0000005,0.0000004
25254,0.0001948,0.0000005,0.0000004
25255,0.0001948,0.0000005,0.0000004
25256,0.0001948,0.0000005,0.0000004
25257,0.0001948,0.0000005,0.0000004
25258,0.0001948,0.0000005,0.0000004
25259,0.0001948,0.0000005,0.0000004
25260,0.0001948,0.0000005,0.0000004
25261,0.0001948,0.0000005,0.0000004
25262,0.0001948,0.0000005,0.0000004
25263,0.0001948,0.0000005,0.0000004
25264,0.0001948,0.0000005,0.0000004
25265,0.0001948,0.0000005,0.0000004
25266,0.0001948,0.0000005,0.0000004
25267,0.0001948,0.0000005,0.0000004
25268,0.0001948,0.0000005,0.0000004
25269,0.0001948,0.0000005,0.0000004
25270,0.0001948,0.0000005,0.0000004
25271,0.0001948,0.0000005,0.0000004
25272,0.0001948,0.0000005,0.0000004
25273,0.0001948,0.0000005,0.0000004
25274,0.0001948,0.0000005,0.0000004
25275,0.0001948,0.0000005,0.0000004
25276,0.0001948,0.0000005,0.0000004
25277,0.0001948,0.0000005,0.0000004
25278,0.0001948,0.0000005,0.0000004
25279,0.0001948,0.0000005,0.0000004
25280,0.0001948,0.0000005,0.0000004
25281,0.0001948,0.0000005,0.0000004
25282,0.0001948,0.0000005,0.0000004
25283,0.0001948,0.0000005,0.0000004
25284,0.0001948,0.0000005,0.0000004
25285,0.0001948,0.0000005,0.0000004
25286,0.0001948,0.0000005,0.0000004
25287,0.0001948,0.0000005,0.0000004
25288,0.0001948,0.0000005,0.0000004
25289,0.0001948,0.0000005,0.0000004
25290,0.0001948,0.0000005,0.0000004
25291,0.0001948,0.0000005,0.0000004
25292,0.0001948,0.0000005,0.0000004
25293,0.0001948,0.0000005,0.0000004
25294,0.0001948,0.0000005,0.0000004
25295,0.0001948,0.0000005,0.0000004
25296,0.0001948,0.0000005,0.0000004
25297,0.0001948,0.0000005,0.0000004
25298,0.0001948,0.0000005,0.0000004
25299,0.0001948,0.0000005,0.0000004
25300,0.0001948,0.0000005,0.0000004
25301,0.0001948,0.0000005,0.0000004
25302,0.0001948,0.0000005,0.0000004
25303,0.0001948,0.0000005,0.0000004
25304,0.0001948,0.0000005,0.0000004
25305,0.0001948,0.0000005,0.0000004
25306,0.0001948,0.0000005,0.0000004
25307,0.0001948,0.0000005,0.0000004
25308,0.0001948,0.0000005,0.0000004
25309,0.0001948,0.0000005,0.0000004
25310,0.0001948,0.0000005,0.0000004
25311,0.0001948,0.0000005,0.0000004
25312,0.0001948,0.0000005,0.0000004
25313,0.0001948,0.0000005,0.0000004
25314,0.0001948,0.0000005,0.0000004
25315,0.0001948,0.0000005,0.0000004
25316,0.0001948,0.0000005,0.0000004
25317,0.0001948,0.0000005,0.0000004
25318,0.0001948,0.0000005,0.0000004
25319,0.0001948,0.0000005,0.0000004
25320,0.0001948,0.0000005,0.0000004
25321,0.0001948,0.0000005,0.0000004
25322,0.0001948,0.0000005,0.0000004
25323,0.0001948,0.0000005,0.0000004
25324,0.0001948,0.0000005,0.0000004
25325,0.0001948,0.0000005,0.0000004
25326,0.0001948,0.0000005,0.0000004
25327,0.0001948,0.0000005,0.0000004
25328,0.0001948,0.0000005,0.0000004
25329,0.0001948,0.0000005,0.0000004
25330,0.0001948,0.0000005,0.0000004
25331,0.0001948,0.0000005,0.0000004
25332,0.0001948,0.0000005,0.0000004
25333,0.0001948,0.0000005,0.0000004
25334,0.0001948,0.0000005,0.0000004
25335,0.0001948,0.0000005,0.0000004
25336,0.0001948,0.0000005,0.0000004
25337,0.0001948,0.0000005,0.0000004
25338,0.0001948,0.0000005,0.0000004
25339,0.0001948,0.0000005,0.0000004
25340,0.0001948,0.0000005,0.0000004
25341,0.0001948,0.0000005,0.0000004
25342,0.0001948,0.0000005,0.0000004
25343,0.0001948,0.0000005,0.0000004
25344,0.0001948,0.0000005,0.0000004
25345,0.0001948,0.0000005,0.0000004
25346,0.0001948,0.0000005,0.0000004
25347,0.0001948,0.0000005,0.0000004
25348,0.0001948,0.0000005,0.0000004
25349,0.0001948,0.0000005,0.0000004
25350,0.0001948,0.0000005,0.0000004
25351,0.0001948,0.0000005,0.0000004
25352,0.0001948,0.0000005,0.0000004
25353,0.0001948,0.0000005,0.0000004
25354,0.0001948,0.0000005,0.0000004
25355,0.0001948,0.0000005,0.0000004
25356,0.0001948,0.0000005,0.0000004
25357,0.0001948,0.0000005,0.0000004
25358,0.0001948,0.0000005,0.0000004
25359,0.0001948,0.0000005,0.0000004
25360,0.0001948,0.0000005,0.0000004
25361,0.0001948,0.0000005,0.0000004
25362,0.0001948,0.0000005,0.0000004
25363,0.0001948,0.0000005,0.0000004
25364,0.0001948,0.0000005,0.0000004
25365,0.0001948,0.0000005,0.0000004
25366,0.0001948,0.0000005,0.0000004
25367,0.0001948,0.0000005,0.0000004
25368,0.0001948,0.0000005,0.0000004
25369,0.0001948,0.0000005,0.0000004
25370,0.0001948,0.0000005,0.0000004
25371,0.0001948,0.0000005,0.0000004
25372,0.0001948,0.0000005,0.0000004
25373,0.0001948,0.0000005,0.0000004
25374,0.0001948,0.0000005,0.0000004
25375,0.0001948,0.0000005,0.0000004
25376,0.0001948,0.0000005,0.0000004
25377,0.0001948,0.0000005,0.0000004
25378,0.0001948,0.0000005,0.0000004
25379,0.0001948,0.0000005,0.0000004
25380,0.0001948,0.0000005,0.0000004
25381,0.0001948,0.0000005,0.0000004
25382,0.0001948,0.0000005,0.0000004
25383,0.0001948,0.0000005,0.0000004
25384,0.0001948,0.0000005,0.0000004
25385,0.0001948,0.0000005,0.0000004
25386,0.0001948,0.0000005,0.0000004
25387,0.0001948,0.0000005,0.0000004
25388,0.0001948,0.0000005,0.0000004
25389,0.0001948,0.0000005,0.0000004
25390,0.0001948,0.0000005,0.0000004
25391,0.0001948,0.0000005,0.0000004
25392,0.0001948,0.0000005,0.0000004
25393,0.0001948,0.0000005,0.0000004
25394,0.0001948,0.0000005,0.0000004
25395,0.0001948,0.0000005,0.0000004
25396,0.0001948,0.0000005,0.0000004
25397,0.0001948,0.0000005,0.0000004
25398,0.0001948,0.0000005,0.0000004
25399,0.0001948,0.0000005,0.0000004
25400,0.0001948,0.0000005,0.0000004
25401,0.0001948,0.0000005,0.0000004
25402,0.0001948,0.0000005,0.0000004
25403,0.0001948,0.0000005,0.0000004
25404,0.0001948,0.0000005,0.0000004
25405,0.0001948,0.0000005,0.0000004
25406,0.0001948,0.0000005,0.0000004
25407,0.0001948,0.0000005,0.0000004
25408,0.0001948,0.0000005,0.0000004
25409,0.0001948,0.0000005,0.0000004
25410,0.0001948,0.0000005,0.0000004
25411,0.0001948,0.0000005,0.0000004
25412,0.0001948,0.0000005,0.0000004
25413,0.0001948,0.0000005,0.0000004
25414,0.0001948,0.0000005,0.0000004
25415,0.0001948,0.0000005,0.0000004
25416,0.0001948,0.0000005,0.0000004
25417,0.0001948,0.0000005,0.0000004
25418,0.0001948,0.0000005,0.0000004
25419,0.0001948,0.0000005,0.0000004
25420,0.0001948,0.0000005,0.0000004
25421,0.0001948,0.0000005,0.0000004
25422,0.0001948,0.0000005,0.0000004
25423,0.0001948,0.0000005,0.0000004
25424,0.0001948,0.0000005,0.0000004
25425,0.0001948,0.0000005,0.0000004
25426,0.0001948,0.0000005,0.0000004
25427,0.0001948,0.0000005,0.0000004
25428,0.0001948,0.0000005,0.0000004
25429,0.0001948,0.0000005,0.0000004
25430,0.0001948,0.0000005,0.0000004
25431,0.0001948,0.0000005,0.0000004
25432,0.0001948,0.0000005,0.0000004
25433,0.0001948,0.0000005,0.0000004
25434,0.0001948,0.0000005,0.0000004
25435,0.0001948,0.0000005,0.0000004
25436,0.0001948,0.0000005,0.0000004
25437,0.0001948,0.0000005,0.0000004
25438,0.0001948,0.0000005,0.0000004
25439,0.0001948,0.0000005,0.0000004
25440,0.0001948,0.0000005,0.0000004
25441,0.0001948,0.0000005,0.0000004
25442,0.0001948,0.0000005,0.0000004
25443,0.0001948,0.0000005,0.0000004
25444,0.0001948,0.0000005,0.0000004
25445,0.0001948,0.0000005,0.0000004
25446,0.0001948,0.0000005,0.0000004
25447,0.0001948,0.0000005,0.0000004
25448,0.0001948,0.0000005,0.0000004
25449,0.0001948,0.0000005,0.0000004
25450,0.0001948,0.0000005,0.0000004
25451,0.0001948,0.0000005,0.0000004
25452,0.0001948,0.0000005,0.0000004
25453,0.0001948,0.0000005,0.0000004
25454,0.0001948,0.0000005,0.0000004
25455,0.0001948,0.0000005,0.0000004
25456,0.0001948,0.0000005,0.0000004
25457,0.0001948,0.0000005,0.0000004
25458,0.0001947,0.0000005,0.0000004
25459,0.0001947,0.0000005,0.0000004
25460,0.0001947,0.0000005,0.0000004
25461,0.0001947,0.0000005,0.0000004
25462,0.0001947,0.0000005,0.0000004
25463,0.0001947,0.0000005,0.0000004
25464,0.0001947,0.0000005,0.0000004
25465,0.0001947,0.0000005,0.0000004
25466,0.0001947,0.0000005,0.0000004
25467,0.0001947,0.0000005,0.0000004
25468,0.0001947,0.0000005,0.0000004
25469,0.0001947,0.0000005,0.0000004
25470,0.0001947,0.0000005,0.0000004
25471,0.0001947,0.0000005,0.0000004
25472,0.0001947,0.0000005,0.0000004
25473,0.0001947,0.0000005,0.0000004
25474,0.0001947,0.0000005,0.0000004
25475,0.0001947,0.0000005,0.0000004
25476,0.0001947,0.0000005,0.0000004
25477,0.0001947,0.0000005,0.0000004
25478,0.0001947,0.0000005,0.0000004
25479,0.0001947,0.0000005,0.0000004
25480,0.0001947,0.0000005,0.0000004
25481,0.0001947,0.0000005,0.0000004
25482,0.0001947,0.0000005,0.0000004
25483,0.0001947,0.0000005,0.0000004
25484,0.0001947,0.0000005,0.0000004
25485,0.0001947,0.0000005,0.0000004
25486,0.0001947,0.0000005,0.0000004
25487,0.0001947,0.0000005,0.0000004
25488,0.0001947,0.0000005,0.0000004
25489,0.0001947,0.0000005,0.0000004
25490,0.0001947,0.0000005,0.0000004
25491,0.0001947,0.0000005,0.0000004
25492,0.0001947,0.0000005,0.0000004
25493,0.0001947,0.0000005,0.0000004
25494,0.0001947,0.0000005,0.0000004
25495,0.0001947,0.0000005,0.0000004
25496,0.0001947,0.0000005,0.0000004
25497,0.0001947,0.0000005,0.0000004
25498,0.0001947,0.0000005,0.0000004
25499,0.0001947,0.0000005,0.0000004
25500,0.0001947,0.0000005,0.0000004
25501,0.0001947,0.0000005,0.0000004
25502,0.0001947,0.0000005,0.0000004
25503,0.0001947,0.0000005,0.0000004
25504,0.0001947,0.0000005,0.0000004
25505,0.0001947,0.0000005,0.0000004
25506,0.0001947,0.0000005,0.0000004
25507,0.0001947,0.0000005,0.0000004
25508,0.0001947,0.0000005,0.0000004
25509,0.0001947,0.0000005,0.0000004
25510,0.0001947,0.0000005,0.0000004
25511,0.0001947,0.0000005,0.0000004
25512,0.0001947,0.0000005,0.0000004
25513,0.0001947,0.0000005,0.0000004
25514,0.0001947,0.0000005,0.0000004
25515,0.0001947,0.0000005,0.0000004
25516,0.0001947,0.0000005,0.0000004
25517,0.0001947,0.0000005,0.0000004
25518,0.0001947,0.0000005,0.0000004
25519,0.0001947,0.0000005,0.0000004
25520,0.0001947,0.0000005,0.0000004
25521,0.0001947,0.0000005,0.0000004
25522,0.0001947,0.0000005,0.0000004
25523,0.0001947,0.0000005,0.0000004
25524,0.0001947,0.0000005,0.0000004
25525,0.0001947,0.0000005,0.0000004
25526,0.0001947,0.0000005,0.0000004
25527,0.0001947,0.0000005,0.0000004
25528,0.0001947,0.0000005,0.0000004
25529,0.0001946,0.0000005,0.0000004
25530,0.0001946,0.0000005,0.0000004
25531,0.0001946,0.0000005,0.0000004
25532,0.0001946,0.0000005,0.0000004
25533,0.0001946,0.0000005,0.0000004
25534,0.0001946,0.0000005,0.0000004
25535,0.0001946,0.0000005,0.0000004
25536,0.0001946,0.0000005,0.0000004
25537,0.0001946,0.0000005,0.0000004
25538,0.0001946,0.0000005,0.0000004
25539,0.0001946,0.0000005,0.0000004
25540,0.0001946,0.0000005,0.0000004
25541,0.0001946,0.0000005,0.0000004
25542,0.0001946,0.0000005,0.0000004
25543,0.0001946,0.0000005,0.0000004
25544,0.0001946,0.0000005,0.0000004
25545,0.0001946,0.0000005,0.0000004
25546,0.0001946,0.0000005,0.0000004
25547,0.0001946,0.0000005,0.0000004
25548,0.0001946,0.0000005,0.0000004
25549,0.0001946,0.0000005,0.0000004
25550,0.0001946,0.0000005,0.0000004
25551,0.0001946,0.0000005,0.0000004
25552,0.0001946,0.0000005,0.0000004
25553,0.0001946,0.0000005,0.0000004
25554,0.0001946,0.0000005,0.0000004
25555,0.0001946,0.0000005,0.0000004
25556,0.0001946,0.0000005,0.0000004
25557,0.0001946,0.0000005,0.0000004
25558,0.0001946,0.0000005,0.0000004
25559,0.0001946,0.0000005,0.0000004
25560,0.0001946,0.0000005,0.0000004
25561,0.0001946,0.0000005,0.0000004
25562,0.0001946,0.0000005,0.0000004
25563,0.0001946,0.0000005,0.0000004
25564,0.0001946,0.0000005,0.0000004
25565,0.0001946,0.0000005,0.0000004
25566,0.0001945,0.0000005,0.0000004
25567,0.0001945,0.0000005,0.0000004
25568,0.0001945,0.0000005,0.0000004
25569,0.0001945,0.0000005,0.0000004
25570,0.0001945,0.0000005,0.0000004
25571,0.0001945,0.0000005,0.0000004
25572,0.0001945,0.0000005,0.0000004
25573,0.0001945,0.0000005,0.0000004
25574,0.0001945,0.0000005,0.0000004
25575,0.0001945,0.0000005,0.0000004
25576,0.0001945,0.0000005,0.0000004
25577,0.0001945,0.0000005,0.0000004
25578,0.0001945,0.0000005,0.0000004
25579,0.0001945,0.0000005,0.0000004
25580,0.0001945,0.0000005,0.0000004
25581,0.0001945,0.0000005,0.0000004
25582,0.0001945,0.0000005,0.0000004
25583,0.0001945,0.0000005,0.0000004
25584,0.0001945,0.0000005,0.0000004
25585,0.0001945,0.0000005,0.0000004
25586,0.0001945,0.0000005,0.0000004
25587,0.0001945,0.0000005,0.0000004
25588,0.0001945,0.0000005,0.0000004
25589,0.0001945,0.0000005,0.0000004
25590,0.0001945,0.0000005,0.0000004
25591,0.0001945,0.0000005,0.0000004
25592,0.0001945,0.0000005,0.0000004
25593,0.0001945,0.0000005,0.0000004
25594,0.0001945,0.0000005,0.0000004
25595,0.0001944,0.0000005,0.0000004
25596,0.0001944,0.0000005,0.0000004
25597,0.0001944,0.0000005,0.0000004
25598,0.0001944,0.0000005,0.0000004
25599,0.0001944,0.0000005,0.0000004
25600,0.0001944,0.0000005,0.0000004
25601,0.0001944,0.0000005,0.0000004
25602,0.0001944,0.0000005,0.0000004
25603,0.0001944,0.0000005,0.0000004
25604,0.0001944,0.0000005,0.0000004
25605,0.0001944,0.0000005,0.0000004
25606,0.0001944,0.0000005,0.0000004
25607,0.0001944,0.0000005,0.0000004
25608,0.0001944,0.0000005,0.0000004
25609,0.0001944,0.0000005,0.0000004
25610,0.0001944,0.0000005,0.0000004
25611,0.0001944,0.0000005,0.0000004
25612,0.0001944,0.0000005,0.0000004
25613,0.0001944,0.0000005,0.0000004
25614,0.0001944,0.0000005,0.0000004
25615,0.0001944,0.0000005,0.0000004
25616,0.0001944,0.0000005,0.0000004
25617,0.0001944,0.0000005,0.0000004
25618,0.0001943,0.0000005,0.0000004
25619,0.0001943,0.0000005,0.0000004
25620,0.0001943,0.0000005,0.0000004
25621,0.0001943,0.0000005,0.0000004
25622,0.0001943,0.0000005,0.0000004
25623,0.0001943,0.0000005,0.0000004
25624,0.0001943,0.0000005,0.0000004
25625,0.0001943,0.0000005,0.0000004
25626,0.0001943,0.0000005,0.0000004
25627,0.0001943,0.0000005,0.0000004
25628,0.0001943,0.0000005,0.0000004
25629,0.0001943,0.0000005,0.0000004
25630,0.0001943,0.0000005,0.0000004
25631,0.0001943,0.0000005,0.0000004
25632,0.0001943,0.0000005,0.0000004
25633,0.0001943,0.0000005,0.0000004
25634,0.0001943,0.0000005,0.0000004
25635,0.0001943,0.0000005,0.0000004
25636,0.0001943,0.0000005,0.0000004
25637,0.0001943,0.0000005,0.0000004
25638,0.0001942,0.0000005,0.0000004
25639,0.0001942,0.0000005,0.0000004
25640,0.0001942,0.0000005,0.0000004
25641,0.0001942,0.0000005,0.0000004
25642,0.0001942,0.0000005,0.0000004
25643,0.0001942,0.0000005,0.0000004
25644,0.0001942,0.0000005,0.0000004
25645,0.0001942,0.0000005,0.0000004
25646,0.0001942,0.0000005,0.0000004
25647,0.0001942,0.0000005,0.0000004
25648,0.0001942,0.0000005,0.0000004
25649,0.0001942,0.0000005,0.0000004
25650,0.0001942,0.0000005,0.0000004
25651,0.0001942,0.0000005,0.0000004
25652,0.0001942,0.0000005,0.0000004
25653,0.0001942,0.0000005,0.0000004
25654,0.0001942,0.0000005,0.0000004
25655,0.0001942,0.0000005,0.0000004
25656,0.0001941,0.0000005,0.0000004
25657,0.0001941,0.0000005,0.0000004
25658,0.0001941,0.0000005,0.0000004
25659,0.0001941,0.0000005,0.0000004
25660,0.0001941,0.0000005,0.0000004
25661,0.0001941,0.0000005,0.0000004
25662,0.0001941,0.0000005,0.0000004
25663,0.0001941,0.0000005,0.0000004
25664,0.0001941,0.0000005,0.0000004
25665,0.0001941,0.0000005,0.0000004
25666,0.0001941,0.0000005,0.0000004
25667,0.0001941,0.0000005,0.0000004
25668,0.0001941,0.0000005,0.0000004
25669,0.0001941,0.0000005,0.0000004
25670,0.0001941,0.0000005,0.0000004
25671,0.0001941,0.0000005,0.0000004
25672,0.0001940,0.0000005,0.0000004
25673,0.0001940,0.0000005,0.0000004
25674,0.0001940,0.0000005,0.0000004
25675,0.0001940,0.0000005,0.0000004
25676,0.0001940,0.0000005,0.0000004
25677,0.0001940,0.0000005,0.0000004
25678,0.0001940,0.0000005,0.0000004
25679,0.0001940,0.0000005,0.0000004
25680,0.0001940,0.0000005,0.0000004
25681,0.0001940,0.0000005,0.0000004
25682,0.0001940,0.0000005,0.0000004
25683,0.0001940,0.0000005,0.0000004
25684,0.0001940,0.0000005,0.0000004
25685,0.0001940,0.0000005,0.0000004
25686,0.0001939,0.0000005,0.0000004
25687,0.0001939,0.0000005,0.0000004
25688,0.0001939,0.0000005,0.0000004
25689,0.0001939,0.0000005,0.0000004
25690,0.0001939,0.0000005,0.0000004
25691,0.0001939,0.0000005,0.0000004
25692,0.0001939,0.0000005,0.0000004
25693,0.0001939,0.0000005,0.0000004
25694,0.0001939,0.0000005,0.0000004
25695,0.0001939,0.0000005,0.0000004
25696,0.0001939,0.0000005,0.0000004
25697,0.0001939,0.0000005,0.0000004
25698,0.0001939,0.0000005,0.0000004
25699,0.0001939,0.0000005,0.0000004
25700,0.0001938,0.0000005,0.0000004
25701,0.0001938,0.0000005,0.0000004
25702,0.0001938,0.0000005,0.0000004
25703,0.0001938,0.0000005,0.0000004
25704,0.0001938,0.0000005,0.0000004
25705,0.0001938,0.0000005,0.0000004
25706,0.0001938,0.0000005,0.0000004
25707,0.0001938,0.0000005,0.0000004
25708,0.0001938,0.0000005,0.0000004
25709,0.0001938,0.0000005,0.0000004
25710,0.0001938,0.0000005,0.0000004
25711,0.0001938,0.0000005,0.0000004
25712,0.0001938,0.0000005,0.0000004
25713,0.0001937,0.0000005,0.0000004
25714,0.0001937,0.0000005,0.0000004
25715,0.0001937,0.0000005,0.0000004
25716,0.0001937,0.0000005,0.0000004
25717,0.0001937,0.0000005,0.0000004
25718,0.0001937,0.0000005,0.0000004
25719,0.0001937,0.0000005,0.0000004
25720,0.0001937,0.0000005,0.0000004
25721,0.0001937,0.0000005,0.0000004
25722,0.0001937,0.0000005,0.0000004
25723,0.0001937,0.0000005,0.0000004
25724,0.0001937,0.0000005,0.0000004
25725,0.0001936,0.0000005,0.0000004
25726,0.0001936,0.0000005,0.0000004
25727,0.0001936,0.0000005,0.0000004
25728,0.0001936,0.0000005,0.0000004
25729,0.0001936,0.0000005,0.0000004
25730,0.0001936,0.0000005,0.0000004
25731,0.0001936,0.0000005,0.0000004
25732,0.0001936,0.0000005,0.0000004
25733,0.0001936,0.0000005,0.0000004
25734,0.0001936,0.0000005,0.0000004
25735,0.0001936,0.0000005,0.0000004
25736,0.0001936,0.0000005,0.0000004
25737,0.0001935,0.0000005,0.0000004
25738,0.0001935,0.0000005,0.0000004
25739,0.0001935,0.0000005,0.0000004
25740,0.0001935,0.0000005,0.0000004
25741,0.0001935,0.0000005,0.0000004
25742,0.0001935,0.0000005,0.0000004
25743,0.0001935,0.0000005,0.0000004
25744,0.0001935,0.0000005,0.0000004
25745,0.0001935,0.0000005,0.0000004
25746,0.0001935,0.0000005,0.0000004
25747,0.0001935,0.0000005,0.0000004
25748,0.0001934,0.0000005,0.0000004
25749,0.0001934,0.0000005,0.0000004
25750,0.0001934,0.0000005,0.0000004
25751,0.0001934,0.0000005,0.0000004
25752,0.0001934,0.0000005,0.0000004
25753,0.0001934,0.0000005,0.0000004
25754,0.0001934,0.0000005,0.0000004
25755,0.0001934,0.0000005,0.0000004
25756,0.0001934,0.0000005,0.0000004
25757,0.0001934,0.0000005,0.0000004
25758,0.0001933,0.0000005,0.0000004
25759,0.0001933,0.0000005,0.0000004
25760,0.0001933,0.0000005,0.0000004
25761,0.0001933,0.0000005,0.0000004
25762,0.0001933,0.0000005,0.0000004
25763,0.0001933,0.0000005,0.0000004
25764,0.0001933,0.0000005,0.0000004
25765,0.0001933,0.0000005,0.0000004
25766,0.0001933,0.0000005,0.0000004
25767,0.0001933,0.0000005,0.0000004
25768,0.0001932,0.0000005,0.0000004
25769,0.0001932,0.0000005,0.0000004
25770,0.0001932,0.0000005,0.0000004
25771,0.0001932,0.0000005,0.0000004
25772,0.0001932,0.0000005,0.0000004
25773,0.0001932,0.0000005,0.0000004
25774,0.0001932,0.0000005,0.0000004
25775,0.0001932,0.0000005,0.0000004
25776,0.0001932,0.0000005,0.0000004
25777,0.0001932,0.0000005,0.0000004
25778,0.0001931,0.0000005,0.0000004
25779,0.0001931,0.0000005,0.0000004
25780,0.0001931,0.0000005,0.0000004
25781,0.0001931,0.0000005,0.0000004
25782,0.0001931,0.0000005,0.0000004
25783,0.0001931,0.0000005,0.0000004
25784,0.0001931,0.0000005,0.0000004
25785,0.0001931,0.0000005,0.0000004
25786,0.0001931,0.0000005,0.0000004
25787,0.0001930,0.0000005,0.0000004
25788,0.0001930,0.0000005,0.0000004
25789,0.0001930,0.0000005,0.0000004
25790,0.0001930,0.0000005,0.0000004
25791,0.0001930,0.0000005,0.0000004
25792,0.0001930,0.0000005,0.0000004
25793,0.0001930,0.0000005,0.0000004
25794,0.0001930,0.0000005,0.0000004
25795,0.0001930,0.0000005,0.0000004
25796,0.0001929,0.0000005,0.0000004
25797,0.0001929,0.0000005,0.0000004
25798,0.0001929,0.0000005,0.0000004
25799,0.0001929,0.0000005,0.0000004
25800,0.0001929,0.0000005,0.0000004
25801,0.0001929,0.0000005,0.0000004
25802,0.0001929,0.0000005,0.0000004
25803,0.0001929,0.0000005,0.0000004
25804,0.0001929,0.0000005,0.0000004
25805,0.0001928,0.0000005,0.0000004
25806,0.0001928,0.0000005,0.0000003
25807,0.0001928,0.0000005,0.0000003
25808,0.0001928,0.0000005,0.0000003
25809,0.0001928,0.0000005,0.0000003
25810,0.0001928,0.0000005,0.0000003
25811,0.0001928,0.0000005,0.0000003
25812,0.0001928,0.0000005,0.0000003
25813,0.0001927,0.0000005,0.0000003
25814,0.0001927,0.0000005,0.0000003
25815,0.0001927,0.0000005,0.0000003
25816,0.0001927,0.0000005,0.0000003
25817,0.0001927,0.0000005,0.0000003
25818,0.0001927,0.0000005,0.0000003
25819,0.0001927,0.0000005,0.0000003
25820,0.0001927,0.0000005,0.0000003
25821,0.0001927,0.0000005,0.0000003
25822,0.0001926,0.0000005,0.0000003
25823,0.0001926,0.0000005,0.0000003
25824,0.0001926,0.0000005,0.0000003
25825,0.0001926,0.0000005,0.0000003
25826,0.0001926,0.0000005,0.0000003
25827,0.0001926,0.0000005,0.0000003
25828,0.0001926,0.0000005,0.0000003
25829,0.0001926,0.0000005,0.0000003
25830,0.0001925,0.0000005,0.0000003
25831,0.0001925,0.0000005,0.0000003
25832,0.0001925,0.0000005,0.0000003
25833,0.0001925,0.0000005,0.0000003
25834,0.0001925,0.0000005,0.0000003
25835,0.0001925,0.0000005,0.0000003
25836,0.0001925,0.0000005,0.0000003
25837,0.0001925,0.0000005,0.0000003
25838,0.0001924,0.0000005,0.0000003
25839,0.0001924,0.0000005,0.0000003
25840,0.0001924,0.0000005,0.0000003
25841,0.0001924,0.0000005,0.0000003
25842,0.0001924,0.0000005,0.0000003
25843,0.0001924,0.0000005,0.0000003
25844,0.0001924,0.0000005,0.0000003
25845,0.0001923,0.0000005,0.0000003
25846,0.0001923,0.0000005,0.0000003
25847,0.0001923,0.0000005,0.0000003
25848,0.0001923,0.0000005,0.0000003
25849,0.0001923,0.0000005,0.0000003
25850,0.0001923,0.0000005,0.0000003
25851,0.0001923,0.0000005,0.0000003
25852,0.0001923,0.0000005,0.0000003
25853,0.0001922,0.0000005,0.0000003
25854,0.0001922,0.0000005,0.0000003
25855,0.0001922,0.0000005,0.0000003
25856,0.0001922,0.0000005,0.0000003
25857,0.0001922,0.0000005,0.0000003
25858,0.0001922,0.0000005,0.0000003
25859,0.0001922,0.0000005,0.0000003
25860,0.0001921,0.0000005,0.0000003
25861,0.0001921,0.0000005,0.0000003
25862,0.0001921,0.0000005,0.0000003
25863,0.0001921,0.0000005,0.0000003
25864,0.0001921,0.0000005,0.0000003
25865,0.0001921,0.0000005,0.0000003
25866,0.0001921,0.0000005,0.0000003
25867,0.0001920,0.0000005,0.0000003
25868,0.0001920,0.0000005,0.0000003
25869,0.0001920,0.0000005,0.0000003
25870,0.0001920,0.0000005,0.0000003
25871,0.0001920,0.0000005,0.0000003
25872,0.0001920,0.0000005,0.0000003
25873,0.0001920,0.0000005,0.0000003
25874,0.0001919,0.0000005,0.0000003
25875,0.0001919,0.0000005,0.0000003
25876,0.0001919,0.0000005,0.0000003
25877,0.0001919,0.0000005,0.0000003
25878,0.0001919,0.0000005,0.0000003
25879,0.0001919,0.0000005,0.0000003
25880,0.0001919,0.0000005,0.0000003
25881,0.0001918,0.0000005,0.0000003
25882,0.0001918,0.0000005,0.0000003
25883,0.0001918,0.0000005,0.0000003
25884,0.0001918,0.0000005,0.0000003
25885,0.0001918,0.0000005,0.0000003
25886,0.0001918,0.0000005,0.0000003
25887,0.0001918,0.0000005,0.0000003
25888,0.0001917,0.0000005,0.0000003
25889,0.0001917,0.0000005,0.0000003
25890,0.0001917,0.0000005,0.0000003
25891,0.0001917,0.0000005,0.0000003
25892,0.0001917,0.0000005,0.0000003
25893,0.0001917,0.0000005,0.0000003
25894,0.0001917,0.0000005,0.0000003
25895,0.0001916,0.0000005,0.0000003
25896,0.0001916,0.0000005,0.0000003
25897,0.0001916,0.0000005,0.0000003
25898,0.0001916,0.0000005,0.0000003
25899,0.0001916,0.0000005,0.0000003
25900,0.0001916,0.0000005,0.0000003
25901,0.0001915,0.0000005,0.0000003
25902,0.0001915,0.0000005,0.0000003
25903,0.0001915,0.0000005,0.0000003
25904,0.0001915,0.0000005,0.0000003
25905,0.0001915,0.0000005,0.0000003
25906,0.0001915,0.0000005,0.0000003
25907,0.0001915,0.0000005,0.0000003
25908,0.0001914,0.0000005,0.0000003
25909,0.0001914,0.0000005,0.0000003
25910,0.0001914,0.0000005,0.0000003
25911,0.0001914,0.0000005,0.0000003
25912,0.0001914,0.0000005,0.0000003
25913,0.0001914,0.0000005,0.0000003
25914,0.0001913,0.0000005,0.0000003
25915,0.0001913,0.0000005,0.0000003
25916,0.0001913,0.0000005,0.0000003
25917,0.0001913,0.0000005,0.0000003
25918,0.0001913,0.0000005,0.0000003
25919,0.0001913,0.0000005,0.0000003
25920,0.0001912,0.0000005,0.0000003
25921,0.0001912,0.0000005,0.0000003
25922,0.0001912,0.0000005,0.0000003
25923,0.0001912,0.0000005,0.0000003
25924,0.0001912,0.0000005,0.0000003
25925,0.0001912,0.0000005,0.0000003
25926,0.0001911,0.0000005,0.0000003
25927,0.0001911,0.0000005,0.0000003
25928,0.0001911,0.0000005,0.0000003
25929,0.0001911,0.0000005,0.0000003
25930,0.0001911,0.0000005,0.0000003
25931,0.0001911,0.0000005,0.0000003
25932,0.0001910,0.0000005,0.0000003
25933,0.0001910,0.0000005,0.0000003
25934,0.0001910,0.0000005,0.0000003
25935,0.0001910,0.0000005,0.0000003
25936,0.0001910,0.0000005,0.0000003
25937,0.0001910,0.0000005,0.0000003
25938,0.0001909,0.0000005,0.0000003
25939,0.0001909,0.0000005,0.0000003
25940,0.0001909,0.0000005,0.0000003
25941,0.0001909,0.0000005,0.0000003
25942,0.0001909,0.0000005,0.0000003
25943,0.0001909,0.0000005,0.0000003
25944,0.0001908,0.0000005,0.0000003
25945,0.0001908,0.0000005,0.0000003
25946,0.0001908,0.0000005,0.0000003
25947,0.0001908,0.0000005,0.0000003
25948,0.0001908,0.0000005,0.0000003
25949,0.0001908,0.0000005,0.0000003
25950,0.0001907,0.0000005,0.0000003
25951,0.0001907,0.0000005,0.0000003
25952,0.0001907,0.0000005,0.0000003
25953,0.0001907,0.0000005,0.0000003
25954,0.0001907,0.0000005,0.0000003
25955,0.0001907,0.0000005,0.0000003
25956,0.0001906,0.0000005,0.0000003
25957,0.0001906,0.0000005,0.0000003
25958,0.0001906,0.0000005,0.0000003
25959,0.0001906,0.0000005,0.0000003
25960,0.0001906,0.0000005,0.0000003
25961,0.0001905,0.0000005,0.0000003
25962,0.0001905,0.0000005,0.0000003
25963,0.0001905,0.0000005,0.0000003
25964,0.0001905,0.0000005,0.0000003
25965,0.0001905,0.0000005,0.0000003
25966,0.0001905,0.0000005,0.0000003
25967,0.0001904,0.0000005,0.0000003
25968,0.0001904,0.0000005,0.0000003
25969,0.0001904,0.0000005,0.0000003
25970,0.0001904,0.0000005,0.0000003
25971,0.0001904,0.0000005,0.0000003
25972,0.0001903,0.0000005,0.0000003
25973,0.0001903,0.0000005,0.0000003
25974,0.0001903,0.0000005,0.0000003
25975,0.0001903,0.0000005,0.0000003
25976,0.0001903,0.0000005,0.0000003
25977,0.0001903,0.0000005,0.0000003
25978,0.0001902,0.0000005,0.0000003
25979,0.0001902,0.0000005,0.0000003
25980,0.0001902,0.0000005,0.0000003
25981,0.0001902,0.0000005,0.0000003
25982,0.0001902,0.0000005,0.0000003
25983,0.0001901,0.0000005,0.0000003
25984,0.0001901,0.0000005,0.0000003
25985,0.0001901,0.0000005,0.0000003
25986,0.0001901,0.0000005,0.0000003
25987,0.0001901,0.0000005,0.0000003
25988,0.0001901,0.0000005,0.0000003
25989,0.0001900,0.0000005,0.0000003
25990,0.0001900,0.0000005,0.0000003
25991,0.0001900,0.0000005,0.0000003
25992,0.0001900,0.0000005,0.0000003
25993,0.0001900,0.0000005,0.0000003
25994,0.0001899,0.0000005,0.0000003
25995,0.0001899,0.0000005,0.0000003
25996,0.0001899,0.0000005,0.0000003
25997,0.0001899,0.0000005,0.0000003
25998,0.0001899,0.0000005,0.0000003
25999,0.0001898,0.0000005,0.0000003
26000,0.0001898,0.0000005,0.0000003
26001,0.0001898,0.0000005,0.0000003
26002,0.0001898,0.0000005,0.0000003
26003,0.0001898,0.0000005,0.0000003
26004,0.0001897,0.0000005,0.0000003
26005,0.0001897,0.0000005,0.0000003
26006,0.0001897,0.0000005,0.0000003
26007,0.0001897,0.0000005,0.0000003
26008,0.0001897,0.0000005,0.0000003
26009,0.0001897,0.0000005,0.0000003
26010,0.0001896,0.0000005,0.0000003
26011,0.0001896,0.0000005,0.0000003
26012,0.0001896,0.0000005,0.0000003
26013,0.0001896,0.0000005,0.0000003
26014,0.0001896,0.0000005,0.0000003
26015,0.0001895,0.0000005,0.0000003
26016,0.0001895,0.0000005,0.0000003
26017,0.0001895,0.0000005,0.0000003
26018,0.0001895,0.0000005,0.0000003
26019,0.0001895,0.0000005,0.0000003
26020,0.0001894,0.0000005,0.0000003
26021,0.0001894,0.0000005,0.0000003
26022,0.0001894,0.0000005,0.0000003
26023,0.0001894,0.0000005,0.0000003
26024,0.0001894,0.0000005,0.0000003
26025,0.0001893,0.0000005,0.0000003
26026,0.0001893,0.0000005,0.0000003
26027,0.0001893,0.0000005,0.0000003
26028,0.0001893,0.0000005,0.0000003
26029,0.0001893,0.0000005,0.0000003
26030,0.0001892,0.0000005,0.0000003
26031,0.0001892,0.0000005,0.0000003
26032,0.0001892,0.0000005,0.0000003
26033,0.0001892,0.0000005,0.0000003
26034,0.0001892,0.0000005,0.0000003
26035,0.0001891,0.0000005,0.0000003
26036,0.0001891,0.0000005,0.0000003
26037,0.0001891,0.0000005,0.0000003
26038,0.0001891,0.0000005,0.0000003
26039,0.0001891,0.0000005,0.0000003
26040,0.0001890,0.0000005,0.0000003
26041,0.0001890,0.0000005,0.0000003
26042,0.0001890,0.0000005,0.0000003
26043,0.0001890,0.0000005,0.0000003
26044,0.0001889,0.0000005,0.0000003
26045,0.0001889,0.0000005,0.0000003
26046,0.0001889,0.0000005,0.0000003
26047,0.0001889,0.0000005,0.0000003
26048,0.0001889,0.0000005,0.0000003
26049,0.0001888,0.0000005,0.0000003
26050,0.0001888,0.0000005,0.0000003
26051,0.0001888,0.0000005,0.0000003
26052,0.0001888,0.0000005,0.0000003
26053,0.0001888,0.0000005,0.0000003
26054,0.0001887,0.0000005,0.0000003
26055,0.0001887,0.0000005,0.0000003
26056,0.0001887,0.0000005,0.0000003
26057,0.0001887,0.0000005,0.0000003
26058,0.0001887,0.0000005,0.0000003
26059,0.0001886,0.0000005,0.0000003
26060,0.0001886,0.0000005,0.0000003
26061,0.0001886,0.0000005,0.0000003
26062,0.0001886,0.0000005,0.0000003
26063,0.0001886,0.0000005,0.0000003
26064,0.0001885,0.0000005,0.0000003
26065,0.0001885,0.0000005,0.0000003
26066,0.0001885,0.0000005,0.0000003
26067,0.0001885,0.0000005,0.0000003
26068,0.0001884,0.0000005,0.0000003
26069,0.0001884,0.0000005,0.0000003
26070,0.0001884,0.0000005,0.0000003
26071,0.0001884,0.0000005,0.0000003
26072,0.0001884,0.0000005,0.0000003
26073,0.0001883,0.0000005,0.0000003
26074,0.0001883,0.0000005,0.0000003
26075,0.0001883,0.0000005,0.0000003
26076,0.0001883,0.0000005,0.0000003
26077,0.0001883,0.0000005,0.0000003
26078,0.0001882,0.0000005,0.0000003
26079,0.0001882,0.0000005,0.0000003
26080,0.0001882,0.0000005,0.0000003
26081,0.0001882,0.0000005,0.0000003
26082,0.0001881,0.0000005,0.0000003
26083,0.0001881,0.0000005,0.0000003
26084,0.0001881,0.0000005,0.0000003
26085,0.0001881,0.0000005,0.0000003
26086,0.0001881,0.0000005,0.0000003
26087,0.0001880,0.0000005,0.0000003
26088,0.0001880,0.0000005,0.0000003
26089,0.0001880,0.0000005,0.0000003
26090,0.0001880,0.0000005,0.0000003
26091,0.0001879,0.0000005,0.0000003
26092,0.0001879,0.0000005,0.0000003
26093,0.0001879,0.0000005,0.0000003
26094,0.0001879,0.0000005,0.0000003
26095,0.0001879,0.0000005,0.0000003
26096,0.0001878,0.0000005,0.0000003
26097,0.0001878,0.0000005,0.0000003
26098,0.0001878,0.0000005,0.0000003
26099,0.0001878,0.0000005,0.0000003
26100,0.0001877,0.0000005,0.0000003
26101,0.0001877,0.0000005,0.0000003
26102,0.0001877,0.0000005,0.0000003
26103,0.0001877,0.0000005,0.0000003
26104,0.0001877,0.0000005,0.0000003
26105,0.0001876,0.0000005,0.0000003
26106,0.0001876,0.0000005,0.0000003
26107,0.0001876,0.0000005,0.0000003
26108,0.0001876,0.0000005,0.0000003
26109,0.0001875,0.0000005,0.0000003
26110,0.0001875,0.0000005,0.0000003
26111,0.0001875,0.0000005,0.0000003
26112,0.0001875,0.0000005,0.0000003
26113,0.0001875,0.0000005,0.0000003
26114,0.0001874,0.0000005,0.0000003
26115,0.0001874,0.0000005,0.0000003
26116,0.0001874,0.0000005,0.0000003
26117,0.0001874,0.0000005,0.0000003
26118,0.0001873,0.0000005,0.0000003
26119,0.0001873,0.0000005,0.0000003
26120,0.0001873,0.0000005,0.0000003
26121,0.0001873,0.0000005,0.0000003
26122,0.0001872,0.0000005,0.0000003
26123,0.0001872,0.0000005,0.0000003
26124,0.0001872,0.0000005,0.0000003
26125,0.0001872,0.0000005,0.0000003
26126,0.0001872,0.0000005,0.0000003
26127,0.0001871,0.0000005,0.0000003
26128,0.0001871,0.0000005,0.0000003
26129,0.0001871,0.0000005,0.0000003
26130,0.0001871,0.0000005,0.0000003
26131,0.0001870,0.0000005,0.0000003
26132,0.0001870,0.0000005,0.0000003
26133,0.0001870,0.0000005,0.0000003
26134,0.0001870,0.0000005,0.0000003
26135,0.0001869,0.0000005,0.0000003
26136,0.0001869,0.0000005,0.0000003
26137,0.0001869,0.0000005,0.0000003
26138,0.0001869,0.0000005,0.0000003
26139,0.0001869,0.0000005,0.0000003
26140,0.0001868,0.0000005,0.0000003
26141,0.0001868,0.0000005,0.0000003
26142,0.0001868,0.0000005,0.0000003
26143,0.0001868,0.0000005,0.0000003
26144,0.0001867,0.0000005,0.0000003
26145,0.0001867,0.0000005,0.0000003
26146,0.0001867,0.0000005,0.0000003
26147,0.0001867,0.0000005,0.0000003
26148,0.0001866,0.0000005,0.0000003
26149,0.0001866,0.0000005,0.0000003
26150,0.0001866,0.0000005,0.0000003
26151,0.0001866,0.0000005,0.0000003
26152,0.0001865,0.0000005,0.0000003
26153,0.0001865,0.0000005,0.0000003
26154,0.0001865,0.0000005,0.0000003
26155,0.0001865,0.0000005,0.0000003
26156,0.0001864,0.0000005,0.0000003
26157,0.0001864,0.0000005,0.0000003
26158,0.0001864,0.0000005,0.0000003
26159,0.0001864,0.0000005,0.0000003
26160,0.0001864,0.0000005,0.0000003
26161,0.0001863,0.0000005,0.0000003
26162,0.0001863,0.0000005,0.0000003
26163,0.0001863,0.0000005,0.0000003
26164,0.0001863,0.0000005,0.0000003
26165,0.0001862,0.0000005,0.0000003
26166,0.0001862,0.0000005,0.0000003
26167,0.0001862,0.0000005,0.0000003
26168,0.0001862,0.0000005,0.0000003
26169,0.0001861,0.0000005,0.0000003
26170,0.0001861,0.0000005,0.0000003
26171,0.0001861,0.0000005,0.0000003
26172,0.0001861,0.0000005,0.0000003
26173,0.0001860,0.0000005,0.0000003
26174,0.0001860,0.0000005,0.0000003
26175,0.0001860,0.0000005,0.0000003
26176,0.0001860,0.0000005,0.0000003
26177,0.0001859,0.0000005,0.0000003
26178,0.0001859,0.0000005,0.0000003
26179,0.0001859,0.0000005,0.0000003
26180,0.0001859,0.0000005,0.0000003
26181,0.0001858,0.0000005,0.0000003
26182,0.0001858,0.0000005,0.0000003
26183,0.0001858,0.0000005,0.0000003
26184,0.0001858,0.0000005,0.0000003
26185,0.0001858,0.0000005,0.0000003
26186,0.0001857,0.0000005,0.0000003
26187,0.0001857,0.0000005,0.0000003
26188,0.0001857,0.0000005,0.0000003
26189,0.0001857,0.0000005,0.0000003
26190,0.0001856,0.0000005,0.0000003
26191,0.0001856,0.0000005,0.0000003
26192,0.0001856,0.0000005,0.0000003
26193,0.0001856,0.0000005,0.0000003
26194,0.0001855,0.0000005,0.0000003
26195,0.0001855,0.0000005,0.0000003
26196,0.0001855,0.0000005,0.0000003
26197,0.0001855,0.0000005,0.0000003
26198,0.0001854,0.0000005,0.0000003
26199,0.0001854,0.0000005,0.0000003
26200,0.0001854,0.0000005,0.0000003
26201,0.0001854,0.0000005,0.0000003
26202,0.0001853,0.0000005,0.0000003
26203,0.0001853,0.0000005,0.0000003
26204,0.0001853,0.0000005,0.0000003
26205,0.0001853,0.0000005,0.0000003
26206,0.0001852,0.0000005,0.0000003
26207,0.0001852,0.0000005,0.0000003
26208,0.0001852,0.0000005,0.0000003
26209,0.0001852,0.0000005,0.0000003
26210,0.0001851,0.0000005,0.0000003
26211,0.0001851,0.0000005,0.0000003
26212,0.0001851,0.0000005,0.0000003
26213,0.0001851,0.0000005,0.0000003
26214,0.0001850,0.0000005,0.0000003
26215,0.0001850,0.0000005,0.0000003
26216,0.0001850,0.0000005,0.0000003
26217,0.0001850,0.0000005,0.0000003
26218,0.0001849,0.0000005,0.0000003
26219,0.0001849,0.0000005,0.0000003
26220,0.0001849,0.0000005,0.0000003
26221,0.0001849,0.0000005,0.0000003
26222,0.0001848,0.0000005,0.0000003
26223,0.0001848,0.0000005,0.0000003
26224,0.0001848,0.0000005,0.0000003
26225,0.0001848,0.0000005,0.0000003
26226,0.0001847,0.0000005,0.0000003
26227,0.0001847,0.0000005,0.0000003
26228,0.0001847,0.0000005,0.0000003
26229,0.0001847,0.0000005,0.0000003
26230,0.0001846,0.0000005,0.0000003
26231,0.0001846,0.0000005,0.0000003
26232,0.0001846,0.0000005,0.0000003
26233,0.0001846,0.0000005,0.0000003
26234,0.0001845,0.0000005,0.0000003
26235,0.0001845,0.0000005,0.0000003
26236,0.0001845,0.0000005,0.0000003
26237,0.0001845,0.0000005,0.0000003
26238,0.0001844,0.0000005,0.0000003
26239,0.0001844,0.0000005,0.0000003
26240,0.0001844,0.0000005,0.0000003
26241,0.0001844,0.0000005,0.0000003
26242,0.0001843,0.0000005,0.0000003
26243,0.0001843,0.0000005,0.0000003
26244,0.0001843,0.0000005,0.0000003
26245,0.0001843,0.0000005,0.0000003
26246,0.0001842,0.0000005,0.0000003
26247,0.0001842,0.0000005,0.0000003
26248,0.0001842,0.0000005,0.0000003
26249,0.0001841,0.0000005,0.0000003
26250,0.0001841,0.0000005,0.0000003
26251,0.0001841,0.0000005,0.0000003
26252,0.0001841,0.0000005,0.0000003
26253,0.0001840,0.0000005,0.0000003
26254,0.0001840,0.0000005,0.0000003
26255,0.0001840,0.0000005,0.0000003
26256,0.0001840,0.0000005,0.0000003
26257,0.0001839,0.0000005,0.0000003
26258,0.0001839,0.0000005,0.0000003
26259,0.0001839,0.0000005,0.0000003
26260,0.0001839,0.0000005,0.0000003
26261,0.0001838,0.0000005,0.0000003
26262,0.0001838,0.0000005,0.0000003
26263,0.0001838,0.0000005,0.0000003
26264,0.0001838,0.0000005,0.0000003
26265,0.0001837,0.0000005,0.0000003
26266,0.0001837,0.0000005,0.0000003
26267,0.0001837,0.0000005,0.0000003
26268,0.0001837,0.0000005,0.0000003
26269,0.0001836,0.0000005,0.0000003
26270,0.0001836,0.0000005,0.0000003
26271,0.0001836,0.0000005,0.0000003
26272,0.0001836,0.0000005,0.0000003
26273,0.0001835,0.0000005,0.0000003
26274,0.0001835,0.0000005,0.0000003
26275,0.0001835,0.0000005,0.0000003
26276,0.0001835,0.0000005,0.0000003
26277,0.0001834,0.0000005,0.0000003
26278,0.0001834,0.0000005,0.0000003
26279,0.0001834,0.0000005,0.0000003
26280,0.0001834,0.0000005,0.0000003
26281,0.0001833,0.0000005,0.0000003
26282,0.0001833,0.0000005,0.0000003
26283,0.0001833,0.0000005,0.0000003
26284,0.0001832,0.0000005,0.0000003
26285,0.0001832,0.0000005,0.0000003
26286,0.0001832,0.0000005,0.0000003
26287,0.0001832,0.0000005,0.0000003
26288,0.0001831,0.0000005,0.0000003
26289,0.0001831,0.0000005,0.0000003
26290,0.0001831,0.0000005,0.0000003
26291,0.0001831,0.0000005,0.0000003
26292,0.0001830,0.0000005,0.0000003
26293,0.0001830,0.0000005,0.0000003
26294,0.0001830,0.0000005,0.0000003
26295,0.0001830,0.0000005,0.0000003
26296,0.0001829,0.0000005,0.0000003
26297,0.0001829,0.0000005,0.0000003
26298,0.0001829,0.0000005,0.0000003
26299,0.0001829,0.0000005,0.0000003
26300,0.0001828,0.0000005,0.0000003
26301,0.0001828,0.0000005,0.0000003
26302,0.0001828,0.0000005,0.0000003
26303,0.0001828,0.0000005,0.0000003
26304,0.0001827,0.0000005,0.0000003
26305,0.0001827,0.0000005,0.0000003
26306,0.0001827,0.0000005,0.0000003
26307,0.0001826,0.0000005,0.0000003
26308,0.0001826,0.0000005,0.0000003
26309,0.0001826,0.0000005,0.0000003
26310,0.0001826,0.0000005,0.0000003
26311,0.0001825,0.0000005,0.0000003
26312,0.0001825,0.0000005,0.0000003
26313,0.0001825,0.0000005,0.0000003
26314,0.0001825,0.0000005,0.0000003
26315,0.0001824,0.0000005,0.0000003
26316,0.0001824,0.0000005,0.0000003
26317,0.0001824,0.0000005,0.0000003
26318,0.0001824,0.0000005,0.0000003
26319,0.0001823,0.0000005,0.0000003
26320,0.0001823,0.0000005,0.0000003
26321,0.0001823,0.0000005,0.0000003
26322,0.0001823,0.0000005,0.0000003
26323,0.0001822,0.0000005,0.0000003
26324,0.0001822,0.0000005,0.0000003
26325,0.0001822,0.0000005,0.0000003
26326,0.0001821,0.0000005,0.0000003
26327,0.0001821,0.0000005,0.0000003
26328,0.0001821,0.0000005,0.0000003
26329,0.0001821,0.0000005,0.0000003
26330,0.0001820,0.0000005,0.0000003
26331,0.0001820,0.0000005,0.0000003
26332,0.0001820,0.0000005,0.0000003
26333,0.0001820,0.0000005,0.0000003
26334,0.0001819,0.0000005,0.0000003
26335,0.0001819,0.0000005,0.0000003
26336,0.0001819,0.0000005,0.0000003
26337,0.0001819,0.0000005,0.0000003
26338,0.0001818,0.0000005,0.0000003
26339,0.0001818,0.0000005,0.0000003
26340,0.0001818,0.0000005,0.0000003
26341,0.0001818,0.0000005,0.0000003
26342,0.0001817,0.0000005,0.0000003
26343,0.0001817,0.0000005,0.0000003
26344,0.0001817,0.0000005,0.0000003
26345,0.0001817,0.0000005,0.0000003
26346,0.0001816,0.0000005,0.0000003
26347,0.0001816,0.0000005,0.0000003
26348,0.0001816,0.0000005,0.0000003
26349,0.0001815,0.0000005,0.0000003
26350,0.0001815,0.0000005,0.0000003
26351,0.0001815,0.0000005,0.0000003
26352,0.0001815,0.0000005,0.0000003
26353,0.0001814,0.0000005,0.0000003
26354,0.0001814,0.0000005,0.0000003
26355,0.0001814,0.0000005,0.0000003
26356,0.0001814,0.0000005,0.0000003
26357,0.0001813,0.0000005,0.0000003
26358,0.0001813,0.0000005,0.0000003
26359,0.0001813,0.0000005,0.0000003
26360,0.0001813,0.0000005,0.0000003
26361,0.0001812,0.0000005,0.0000003
26362,0.0001812,0.0000005,0.0000003
26363,0.0001812,0.0000005,0.0000003
26364,0.0001811,0.0000005,0.0000003
26365,0.0001811,0.0000005,0.0000003
26366,0.0001811,0.0000005,0.0000003
26367,0.0001811,0.0000005,0.0000003
26368,0.0001810,0.0000005,0.0000003
26369,0.0001810,0.0000005,0.0000003
26370,0.0001810,0.0000005,0.0000003
26371,0.0001810,0.0000005,0.0000003
26372,0.0001809,0.0000005,0.0000003
26373,0.0001809,0.0000005,0.0000003
26374,0.0001809,0.0000005,0.0000003
26375,0.0001809,0.0000005,0.0000003
26376,0.0001808,0.0000005,0.0000003
26377,0.0001808,0.0000004,0.0000003
26378,0.0001808,0.0000004,0.0000003
26379,0.0001808,0.0000004,0.0000003
26380,0.0001807,0.0000004,0.0000003
26381,0.0001807,0.0000004,0.0000003
26382,0.0001807,0.0000004,0.0000003
26383,0.0001806,0.0000004,0.0000003
26384,0.0001806,0.0000004,0.0000003
26385,0.0001806,0.0000004,0.0000003
26386,0.0001806,0.0000004,0.0000003
26387,0.0001805,0.0000004,0.0000003
26388,0.0001805,0.0000004,0.0000003
26389,0.0001805,0.0000004,0.0000003
26390,0.0001805,0.0000004,0.0000003
26391,0.0001804,0.0000004,0.0000003
26392,0.0001804,0.0000004,0.0000003
26393,0.0001804,0.0000004,0.0000003
26394,0.0001804,0.0000004,0.0000003
26395,0.0001803,0.0000004,0.0000003
26396,0.0001803,0.0000004,0.0000003
26397,0.0001803,0.0000004,0.0000003
26398,0.0001803,0.0000004,0.0000003
26399,0.0001802,0.0000004,0.0000003
26400,0.0001802,0.0000004,0.0000003
26401,0.0001802,0.0000004,0.0000003
26402,0.0001801,0.0000004,0.0000003
26403,0.0001801,0.0000004,0.0000003
26404,0.0001801,0.0000004,0.0000003
26405,0.0001801,0.0000004,0.0000003
26406,0.0001800,0.0000004,0.0000003
26407,0.0001800,0.0000004,0.0000003
26408,0.0001800,0.0000004,0.0000003
26409,0.0001800,0.0000004,0.0000003
26410,0.0001799,0.0000004,0.0000003
26411,0.0001799,0.0000004,0.0000003
26412,0.0001799,0.0000004,0.0000003
26413,0.0001799,0.0000004,0.0000003
26414,0.0001798,0.0000004,0.0000003
26415,0.0001798,0.0000004,0.0000003
26416,0.0001798,0.0000004,0.0000003
26417,0.0001798,0.0000004,0.0000003
26418,0.0001797,0.0000004,0.0000003
26419,0.0001797,0.0000004,0.0000003
26420,0.0001797,0.0000004,0.0000003
26421,0.0001796,0.0000004,0.0000003
26422,0.0001796,0.0000004,0.0000003
26423,0.0001796,0.0000004,0.0000003
26424,0.0001796,0.0000004,0.0000003
26425,0.0001795,0.0000004,0.0000003
26426,0.0001795,0.0000004,0.0000003
26427,0.0001795,0.0000004,0.0000003
26428,0.0001795,0.0000004,0.0000003
26429,0.0001794,0.0000004,0.0000003
26430,0.0001794,0.0000004,0.0000003
26431,0.0001794,0.0000004,0.0000003
26432,0.0001794,0.0000004,0.0000003
26433,0.0001793,0.0000004,0.0000003
26434,0.0001793,0.0000004,0.0000003
26435,0.0001793,0.0000004,0.0000003
26436,0.0001793,0.0000004,0.0000003
26437,0.0001792,0.0000004,0.0000003
26438,0.0001792,0.0000004,0.0000003
26439,0.0001792,0.0000004,0.0000003
26440,0.0001792,0.0000004,0.0000003
26441,0.0001791,0.0000004,0.0000003
26442,0.0001791,0.0000004,0.0000003
26443,0.0001791,0.0000004,0.0000003
26444,0.0001790,0.0000004,0.0000003
26445,0.0001790,0.0000004,0.0000003
26446,0.0001790,0.0000004,0.0000003
26447,0.0001790,0.0000004,0.0000003
26448,0.0001789,0.0000004,0.0000003
26449,0.0001789,0.0000004,0.0000003
26450,0.0001789,0.0000004,0.0000003
26451,0.0001789,0.0000004,0.0000003
26452,0.0001788,0.0000004,0.0000003
26453,0.0001788,0.0000004,0.0000003
26454,0.0001788,0.0000004,0.0000003
26455,0.0001788,0.0000004,0.0000003
26456,0.0001787,0.0000004,0.0000003
26457,0.0001787,0.0000004,0.0000003
26458,0.0001787,0.0000004,0.0000003
26459,0.0001787,0.0000004,0.0000003
26460,0.0001786,0.0000004,0.0000003
26461,0.0001786,0.0000004,0.0000003
26462,0.0001786,0.0000004,0.0000003
26463,0.0001786,0.0000004,0.0000003
26464,0.0001785,0.0000004,0.0000003
26465,0.0001785,0.0000004,0.0000003
26466,0.0001785,0.0000004,0.0000003
26467,0.0001785,0.0000004,0.0000003
26468,0.0001784,0.0000004,0.0000003
26469,0.0001784,0.0000004,0.0000003
26470,0.0001784,0.0000004,0.0000003
26471,0.0001784,0.0000004,0.0000003
26472,0.0001783,0.0000004,0.0000003
26473,0.0001783,0.0000004,0.0000003
26474,0.0001783,0.0000004,0.0000003
26475,0.0001782,0.0000004,0.0000003
26476,0.0001782,0.0000004,0.0000003
26477,0.0001782,0.0000004,0.0000003
26478,0.0001782,0.0000004,0.0000003
26479,0.0001781,0.0000004,0.0000003
26480,0.0001781,0.0000004,0.0000003
26481,0.0001781,0.0000004,0.0000003
26482,0.0001781,0.0000004,0.0000003
26483,0.0001780,0.0000004,0.0000003
26484,0.0001780,0.0000004,0.0000003
26485,0.0001780,0.0000004,0.0000003
26486,0.0001780,0.0000004,0.0000003
26487,0.0001779,0.0000004,0.0000003
26488,0.0001779,0.0000004,0.0000003
26489,0.0001779,0.0000004,0.0000003
26490,0.0001779,0.0000004,0.0000003
26491,0.0001778,0.0000004,0.0000003
26492,0.0001778,0.0000004,0.0000003
26493,0.0001778,0.0000004,0.0000003
26494,0.0001778,0.0000004,0.0000003
26495,0.0001777,0.0000004,0.0000003
26496,0.0001777,0.0000004,0.0000003
26497,0.0001777,0.0000004,0.0000003
26498,0.0001777,0.0000004,0.0000003
26499,0.0001776,0.0000004,0.0000003
26500,0.0001776,0.0000004,0.0000003
26501,0.0001776,0.0000004,0.0000003
26502,0.0001776,0.0000004,0.0000003
26503,0.0001775,0.0000004,0.0000003
26504,0.0001775,0.0000004,0.0000003
26505,0.0001775,0.0000004,0.0000003
26506,0.0001775,0.0000004,0.0000003
26507,0.0001774,0.0000004,0.0000003
26508,0.0001774,0.0000004,0.0000003
26509,0.0001774,0.0000004,0.0000003
26510,0.0001774,0.0000004,0.0000003
26511,0.0001773,0.0000004,0.0000003
26512,0.0001773,0.0000004,0.0000003
26513,0.0001773,0.0000004,0.0000003
26514,0.0001773,0.0000004,0.0000003
26515,0.0001772,0.0000004,0.0000003
26516,0.0001772,0.0000004,0.0000003
26517,0.0001772,0.0000004,0.0000003
26518,0.0001772,0.0000004,0.0000003
26519,0.0001771,0.0000004,0.0000003
26520,0.0001771,0.0000004,0.0000003
26521,0.0001771,0.0000004,0.0000003
26522,0.0001771,0.0000004,0.0000003
26523,0.0001770,0.0000004,0.0000003
26524,0.0001770,0.0000004,0.0000003
26525,0.0001770,0.0000004,0.0000003
26526,0.0001770,0.0000004,0.0000003
26527,0.0001769,0.0000004,0.0000003
26528,0.0001769,0.0000004,0.0000003
26529,0.0001769,0.0000004,0.0000003
26530,0.0001769,0.0000004,0.0000003
26531,0.0001768,0.0000004,0.0000003
26532,0.0001768,0.0000004,0.0000003
26533,0.0001768,0.0000004,0.0000003
26534,0.0001768,0.0000004,0.0000003
26535,0.0001767,0.0000004,0.0000003
26536,0.0001767,0.0000004,0.0000003
26537,0.0001767,0.0000004,0.0000003
26538,0.0001767,0.0000004,0.0000003
26539,0.0001766,0.0000004,0.0000003
26540,0.0001766,0.0000004,0.0000003
26541,0.0001766,0.0000004,0.0000003
26542,0.0001766,0.0000004,0.0000003
26543,0.0001765,0.0000004,0.0000003
26544,0.0001765,0.0000004,0.0000003
26545,0.0001765,0.0000004,0.0000003
26546,0.0001765,0.0000004,0.0000003
26547,0.0001764,0.0000004,0.0000003
26548,0.0001764,0.0000004,0.0000003
26549,0.0001764,0.0000004,0.0000003
26550,0.0001764,0.0000004,0.0000003
26551,0.0001763,0.0000004,0.0000003
26552,0.0001763,0.0000004,0.0000003
26553,0.0001763,0.0000004,0.0000003
26554,0.0001763,0.0000004,0.0000003
26555,0.0001762,0.0000004,0.0000003
26556,0.0001762,0.0000004,0.0000003
26557,0.0001762,0.0000004,0.0000003
26558,0.0001762,0.0000004,0.0000003
26559,0.0001761,0.0000004,0.0000003
26560,0.0001761,0.0000004,0.0000003
26561,0.0001761,0.0000004,0.0000003
26562,0.0001761,0.0000004,0.0000003
26563,0.0001760,0.0000004,0.0000003
26564,0.0001760,0.0000004,0.0000003
26565,0.0001760,0.0000004,0.0000003
26566,0.0001760,0.0000004,0.0000003
26567,0.0001760,0.0000004,0.0000003
26568,0.0001759,0.0000004,0.0000003
26569,0.0001759,0.0000004,0.0000003
26570,0.0001759,0.0000004,0.0000003
26571,0.0001759,0.0000004,0.0000003
26572,0.0001758,0.0000004,0.0000003
26573,0.0001758,0.0000004,0.0000003
26574,0.0001758,0.0000004,0.0000003
26575,0.0001758,0.0000004,0.0000003
26576,0.0001757,0.0000004,0.0000003
26577,0.0001757,0.0000004,0.0000003
26578,0.0001757,0.0000004,0.0000003
26579,0.0001757,0.0000004,0.0000003
26580,0.0001756,0.0000004,0.0000003
26581,0.0001756,0.0000004,0.0000003
26582,0.0001756,0.0000004,0.0000003
26583,0.0001756,0.0000004,0.0000003
26584,0.0001755,0.0000004,0.0000003
26585,0.0001755,0.0000004,0.0000003
26586,0.0001755,0.0000004,0.0000003
26587,0.0001755,0.0000004,0.0000003
26588,0.0001754,0.0000004,0.0000003
26589,0.0001754,0.0000004,0.0000003
26590,0.0001754,0.0000004,0.0000003
26591,0.0001754,0.0000004,0.0000003
26592,0.0001754,0.0000004,0.0000003
26593,0.0001753,0.0000004,0.0000003
26594,0.0001753,0.0000004,0.0000003
26595,0.0001753,0.0000004,0.0000003
26596,0.0001753,0.0000004,0.0000003
26597,0.0001752,0.0000004,0.0000003
26598,0.0001752,0.0000004,0.0000003
26599,0.0001752,0.0000004,0.0000003
26600,0.0001752,0.0000004,0.0000003
26601,0.0001751,0.0000004,0.0000003
26602,0.0001751,0.0000004,0.0000003
26603,0.0001751,0.0000004,0.0000003
26604,0.0001751,0.0000004,0.0000003
26605,0.0001751,0.0000004,0.0000003
26606,0.0001750,0.0000004,0.0000003
26607,0.0001750,0.0000004,0.0000003
26608,0.0001750,0.0000004,0.0000003
26609,0.0001750,0.0000004,0.0000003
26610,0.0001749,0.0000004,0.0000003
26611,0.0001749,0.0000004,0.0000003
26612,0.0001749,0.0000004,0.0000003
26613,0.0001749,0.0000004,0.0000003
26614,0.0001748,0.0000004,0.0000003
26615,0.0001748,0.0000004,0.0000003
26616,0.0001748,0.0000004,0.0000003
26617,0.0001748,0.0000004,0.0000003
26618,0.0001748,0.0000004,0.0000003
26619,0.0001747,0.0000004,0.0000003
26620,0.0001747,0.0000004,0.0000003
26621,0.0001747,0.0000004,0.0000003
26622,0.0001747,0.0000004,0.0000003
26623,0.0001746,0.0000004,0.0000003
26624,0.0001746,0.0000004,0.0000003
26625,0.0001746,0.0000004,0.0000003
26626,0.0001746,0.0000004,0.0000003
26627,0.0001745,0.0000004,0.0000003
26628,0.0001745,0.0000004,0.0000003
26629,0.0001745,0.0000004,0.0000003
26630,0.0001745,0.0000004,0.0000003
26631,0.0001745,0.0000004,0.0000003
26632,0.0001744,0.0000004,0.0000003
26633,0.0001744,0.0000004,0.0000003
26634,0.0001744,0.0000004,0.0000003
26635,0.0001744,0.0000004,0.0000003
26636,0.0001743,0.0000004,0.0000003
26637,0.0001743,0.0000004,0.0000003
26638,0.0001743,0.0000004,0.0000003
26639,0.0001743,0.0000004,0.0000003
26640,0.0001743,0.0000004,0.0000003
26641,0.0001742,0.0000004,0.0000003
26642,0.0001742,0.0000004,0.0000003
26643,0.0001742,0.0000004,0.0000003
26644,0.0001742,0.0000004,0.0000003
26645,0.0001741,0.0000004,0.0000003
26646,0.0001741,0.0000004,0.0000003
26647,0.0001741,0.0000004,0.0000003
26648,0.0001741,0.0000004,0.0000003
26649,0.0001741,0.0000004,0.0000003
26650,0.0001740,0.0000004,0.0000003
26651,0.0001740,0.0000004,0.0000003
26652,0.0001740,0.0000004,0.0000003
26653,0.0001740,0.0000004,0.0000003
26654,0.0001739,0.0000004,0.0000003
26655,0.0001739,0.0000004,0.0000003
26656,0.0001739,0.0000004,0.0000003
26657,0.0001739,0.0000004,0.0000003
26658,0.0001739,0.0000004,0.0000003
26659,0.0001738,0.0000004,0.0000003
26660,0.0001738,0.0000004,0.0000003
26661,0.0001738,0.0000004,0.0000003
26662,0.0001738,0.0000004,0.0000003
26663,0.0001738,0.0000004,0.0000003
26664,0.0001737,0.0000004,0.0000003
26665,0.0001737,0.0000004,0.0000003
26666,0.0001737,0.0000004,0.0000003
26667,0.0001737,0.0000004,0.0000003
26668,0.0001736,0.0000004,0.0000003
26669,0.0001736,0.0000004,0.0000003
26670,0.0001736,0.0000004,0.0000003
26671,0.0001736,0.0000004,0.0000003
26672,0.0001736,0.0000004,0.0000003
26673,0.0001735,0.0000004,0.0000003
26674,0.0001735,0.0000004,0.0000003
26675,0.0001735,0.0000004,0.0000003
26676,0.0001735,0.0000004,0.0000003
26677,0.0001735,0.0000004,0.0000003
26678,0.0001734,0.0000004,0.0000003
26679,0.0001734,0.0000004,0.0000003
26680,0.0001734,0.0000004,0.0000003
26681,0.0001734,0.0000004,0.0000003
26682,0.0001734,0.0000004,0.0000003
26683,0.0001733,0.0000004,0.0000003
26684,0.0001733,0.0000004,0.0000003
26685,0.0001733,0.0000004,0.0000003
26686,0.0001733,0.0000004,0.0000003
26687,0.0001732,0.0000004,0.0000003
26688,0.0001732,0.0000004,0.0000003
26689,0.0001732,0.0000004,0.0000003
26690,0.0001732,0.0000004,0.0000003
26691,0.0001732,0.0000004,0.0000003
26692,0.0001731,0.0000004,0.0000003
26693,0.0001731,0.0000004,0.0000003
26694,0.0001731,0.0000004,0.0000003
26695,0.0001731,0.0000004,0.0000003
26696,0.0001731,0.0000004,0.0000003
26697,0.0001730,0.0000004,0.0000003
26698,0.0001730,0.0000004,0.0000003
26699,0.0001730,0.0000004,0.0000003
26700,0.0001730,0.0000004,0.0000003
26701,0.0001730,0.0000004,0.0000003
26702,0.0001729,0.0000004,0.0000003
26703,0.0001729,0.0000004,0.0000003
26704,0.0001729,0.0000004,0.0000003
26705,0.0001729,0.0000004,0.0000003
26706,0.0001729,0.0000004,0.0000003
26707,0.0001728,0.0000004,0.0000003
26708,0.0001728,0.0000004,0.0000003
26709,0.0001728,0.0000004,0.0000003
26710,0.0001728,0.0000004,0.0000003
26711,0.0001728,0.0000004,0.0000003
26712,0.0001727,0.0000004,0.0000003
26713,0.0001727,0.0000004,0.0000003
26714,0.0001727,0.0000004,0.0000003
26715,0.0001727,0.0000004,0.0000003
26716,0.0001727,0.0000004,0.0000003
26717,0.0001726,0.0000004,0.0000003
26718,0.0001726,0.0000004,0.0000003
26719,0.0001726,0.0000004,0.0000003
26720,0.0001726,0.0000004,0.0000003
26721,0.0001726,0.0000004,0.0000003
26722,0.0001725,0.0000004,0.0000003
26723,0.0001725,0.0000004,0.0000003
26724,0.0001725,0.0000004,0.0000003
26725,0.0001725,0.0000004,0.0000003
26726,0.0001725,0.0000004,0.0000003
26727,0.0001724,0.0000004,0.0000003
26728,0.0001724,0.0000004,0.0000003
26729,0.0001724,0.0000004,0.0000003
26730,0.0001724,0.0000004,0.0000003
26731,0.0001724,0.0000004,0.0000003
26732,0.0001723,0.0000004,0.0000003
26733,0.0001723,0.0000004,0.0000003
26734,0.0001723,0.0000004,0.0000003
26735,0.0001723,0.0000004,0.0000003
26736,0.0001723,0.0000004,0.0000003
26737,0.0001723,0.0000004,0.0000003
26738,0.0001722,0.0000004,0.0000003
26739,0.0001722,0.0000004,0.0000003
26740,0.0001722,0.0000004,0.0000003
26741,0.0001722,0.0000004,0.0000003
26742,0.0001722,0.0000004,0.0000003
26743,0.0001721,0.0000004,0.0000003
26744,0.0001721,0.0000004,0.0000003
26745,0.0001721,0.0000004,0.0000003
26746,0.0001721,0.0000004,0.0000003
26747,0.0001721,0.0000004,0.0000003
26748,0.0001720,0.0000004,0.0000003
26749,0.0001720,0.0000004,0.0000003
26750,0.0001720,0.0000004,0.0000003
26751,0.0001720,0.0000004,0.0000003
26752,0.0001720,0.0000004,0.0000003
26753,0.0001720,0.0000004,0.0000003
26754,0.0001719,0.0000004,0.0000003
26755,0.0001719,0.0000004,0.0000003
26756,0.0001719,0.0000004,0.0000003
26757,0.0001719,0.0000004,0.0000003
26758,0.0001719,0.0000004,0.0000003
26759,0.0001718,0.0000004,0.0000003
26760,0.0001718,0.0000004,0.0000003
26761,0.0001718,0.0000004,0.0000003
26762,0.0001718,0.0000004,0.0000003
26763,0.0001718,0.0000004,0.0000003
26764,0.0001718,0.0000004,0.0000003
26765,0.0001717,0.0000004,0.0000003
26766,0.0001717,0.0000004,0.0000003
26767,0.0001717,0.0000004,0.0000003
26768,0.0001717,0.0000004,0.0000003
26769,0.0001717,0.0000004,0.0000003
26770,0.0001716,0.0000004,0.0000003
26771,0.0001716,0.0000004,0.0000003
26772,0.0001716,0.0000004,0.0000003
26773,0.0001716,0.0000004,0.0000003
26774,0.0001716,0.0000004,0.0000003
26775,0.0001716,0.0000004,0.0000003
26776,0.0001715,0.0000004,0.0000003
26777,0.0001715,0.0000004,0.0000003
26778,0.0001715,0.0000004,0.0000003
26779,0.0001715,0.0000004,0.0000003
26780,0.0001715,0.0000004,0.0000003
26781,0.0001715,0.0000004,0.0000003
26782,0.0001714,0.0000004,0.0000003
26783,0.0001714,0.0000004,0.0000003
26784,0.0001714,0.0000004,0.0000003
26785,0.0001714,0.0000004,0.0000003
26786,0.0001714,0.0000004,0.0000003
26787,0.0001713,0.0000004,0.0000003
26788,0.0001713,0.0000004,0.0000003
26789,0.0001713,0.0000004,0.0000003
26790,0.0001713,0.0000004,0.0000003
26791,0.0001713,0.0000004,0.0000003
26792,0.0001713,0.0000004,0.0000003
26793,0.0001712,0.0000004,0.0000003
26794,0.0001712,0.0000004,0.0000003
26795,0.0001712,0.0000004,0.0000003
26796,0.0001712,0.0000004,0.0000003
26797,0.0001712,0.0000004,0.0000003
26798,0.0001712,0.0000004,0.0000003
26799,0.0001711,0.0000004,0.0000003
26800,0.0001711,0.0000004,0.0000003
26801,0.0001711,0.0000004,0.0000003
26802,0.0001711,0.0000004,0.0000003
26803,0.0001711,0.0000004,0.0000003
26804,0.0001711,0.0000004,0.0000003
26805,0.0001710,0.0000004,0.0000003
26806,0.0001710,0.0000004,0.0000003
26807,0.0001710,0.0000004,0.0000003
26808,0.0001710,0.0000004,0.0000003
26809,0.0001710,0.0000004,0.0000003
26810,0.0001710,0.0000004,0.0000003
26811,0.0001709,0.0000004,0.0000003
26812,0.0001709,0.0000004,0.0000003
26813,0.0001709,0.0000004,0.0000003
26814,0.0001709,0.0000004,0.0000003
26815,0.0001709,0.0000004,0.0000003
26816,0.0001709,0.0000004,0.0000003
26817,0.0001708,0.0000004,0.0000003
26818,0.0001708,0.0000004,0.0000003
26819,0.0001708,0.0000004,0.0000003
26820,0.0001708,0.0000004,0.0000003
26821,0.0001708,0.0000004,0.0000003
26822,0.0001708,0.0000004,0.0000003
26823,0.0001708,0.0000004,0.0000003
26824,0.0001707,0.0000004,0.0000003
26825,0.0001707,0.0000004,0.0000003
26826,0.0001707,0.0000004,0.0000003
26827,0.0001707,0.0000004,0.0000003
26828,0.0001707,0.0000004,0.0000003
26829,0.0001707,0.0000004,0.0000003
26830,0.0001706,0.0000004,0.0000003
26831,0.0001706,0.0000004,0.0000003
26832,0.0001706,0.0000004,0.0000003
26833,0.0001706,0.0000004,0.0000003
26834,0.0001706,0.0000004,0.0000003
26835,0.0001706,0.0000004,0.0000003
26836,0.0001706,0.0000004,0.0000003
26837,0.0001705,0.0000004,0.0000003
26838,0.0001705,0.0000004,0.0000003
26839,0.0001705,0.0000004,0.0000003
26840,0.0001705,0.0000004,0.0000003
26841,0.0001705,0.0000004,0.0000003
26842,0.0001705,0.0000004,0.0000003
26843,0.0001704,0.0000004,0.0000003
26844,0.0001704,0.0000004,0.0000003
26845,0.0001704,0.0000004,0.0000003
26846,0.0001704,0.0000004,0.0000003
26847,0.0001704,0.0000004,0.0000003
26848,0.0001704,0.0000004,0.0000003
26849,0.0001704,0.0000004,0.0000003
26850,0.0001703,0.0000004,0.0000003
26851,0.0001703,0.0000004,0.0000003
26852,0.0001703,0.0000004,0.0000003
26853,0.0001703,0.0000004,0.0000003
26854,0.0001703,0.0000004,0.0000003
26855,0.0001703,0.0000004,0.0000003
26856,0.0001703,0.0000004,0.0000003
26857,0.0001702,0.0000004,0.0000003
26858,0.0001702,0.0000004,0.0000003
26859,0.0001702,0.0000004,0.0000003
26860,0.0001702,0.0000004,0.0000003
26861,0.0001702,0.0000004,0.0000003
26862,0.0001702,0.0000004,0.0000003
26863,0.0001702,0.0000004,0.0000003
26864,0.0001701,0.0000004,0.0000003
26865,0.0001701,0.0000004,0.0000003
26866,0.0001701,0.0000004,0.0000003
26867,0.0001701,0.0000004,0.0000003
26868,0.0001701,0.0000004,0.0000003
26869,0.0001701,0.0000004,0.0000003
26870,0.0001701,0.0000004,0.0000003
26871,0.0001700,0.0000004,0.0000003
26872,0.0001700,0.0000004,0.0000003
26873,0.0001700,0.0000004,0.0000003
26874,0.0001700,0.0000004,0.0000003
26875,0.0001700,0.0000004,0.0000003
26876,0.0001700,0.0000004,0.0000003
26877,0.0001700,0.0000004,0.0000003
26878,0.0001699,0.0000004,0.0000003
26879,0.0001699,0.0000004,0.0000003
26880,0.0001699,0.0000004,0.0000003
26881,0.0001699,0.0000004,0.0000003
26882,0.0001699,0.0000004,0.0000003
26883,0.0001699,0.0000004,0.0000003
26884,0.0001699,0.0000004,0.0000003
26885,0.0001699,0.0000004,0.0000003
26886,0.0001698,0.0000004,0.0000003
26887,0.0001698,0.0000004,0.0000003
26888,0.0001698,0.0000004,0.0000003
26889,0.0001698,0.0000004,0.0000003
26890,0.0001698,0.0000004,0.0000003
26891,0.0001698,0.0000004,0.0000003
26892,0.0001698,0.0000004,0.0000003
26893,0.0001697,0.0000004,0.0000003
26894,0.0001697,0.0000004,0.0000003
26895,0.0001697,0.0000004,0.0000003
26896,0.0001697,0.0000004,0.0000003
26897,0.0001697,0.0000004,0.0000003
26898,0.0001697,0.0000004,0.0000003
26899,0.0001697,0.0000004,0.0000003
26900,0.0001697,0.0000004,0.0000003
26901,0.0001696,0.0000004,0.0000003
26902,0.0001696,0.0000004,0.0000003
26903,0.0001696,0.0000004,0.0000003
26904,0.0001696,0.0000004,0.0000003
26905,0.0001696,0.0000004,0.0000003
26906,0.0001696,0.0000004,0.0000003
26907,0.0001696,0.0000004,0.0000003
26908,0.0001696,0.0000004,0.0000003
26909,0.0001695,0.0000004,0.0000003
26910,0.0001695,0.0000004,0.0000003
26911,0.0001695,0.0000004,0.0000003
26912,0.0001695,0.0000004,0.0000003
26913,0.0001695,0.0000004,0.0000003
26914,0.0001695,0.0000004,0.0000003
26915,0.0001695,0.0000004,0.0000003
26916,0.0001695,0.0000004,0.0000003
26917,0.0001695,0.0000004,0.0000003
26918,0.0001694,0.0000004,0.0000003
26919,0.0001694,0.0000004,0.0000003
26920,0.0001694,0.0000004,0.0000003
26921,0.0001694,0.0000004,0.0000003
26922,0.0001694,0.0000004,0.0000003
26923,0.0001694,0.0000004,0.0000003
26924,0.0001694,0.0000004,0.0000003
26925,0.0001694,0.0000004,0.0000003
26926,0.0001693,0.0000004,0.0000003
26927,0.0001693,0.0000004,0.0000003
26928,0.0001693,0.0000004,0.0000003
26929,0.0001693,0.0000004,0.0000003
26930,0.0001693,0.0000004,0.0000003
26931,0.0001693,0.0000004,0.0000003
26932,0.0001693,0.0000004,0.0000003
26933,0.0001693,0.0000004,0.0000003
26934,0.0001693,0.0000004,0.0000003
26935,0.0001692,0.0000004,0.0000003
26936,0.0001692,0.0000004,0.0000003
26937,0.0001692,0.0000004,0.0000003
26938,0.0001692,0.0000004,0.0000003
26939,0.0001692,0.0000004,0.0000003
26940,0.0001692,0.0000004,0.0000003
26941,0.0001692,0.0000004,0.0000003
26942,0.0001692,0.0000004,0.0000003
26943,0.0001692,0.0000004,0.0000003
26944,0.0001691,0.0000004,0.0000003
26945,0.0001691,0.0000004,0.0000003
26946,0.0001691,0.0000004,0.0000003
26947,0.0001691,0.0000004,0.0000003
26948,0.0001691,0.0000004,0.0000003
26949,0.0001691,0.0000004,0.0000003
26950,0.0001691,0.0000004,0.0000003
26951,0.0001691,0.0000004,0.0000003
26952,0.0001691,0.0000004,0.0000003
26953,0.0001690,0.0000004,0.0000003
26954,0.0001690,0.0000004,0.0000003
26955,0.0001690,0.0000004,0.0000003
26956,0.0001690,0.0000004,0.0000003
26957,0.0001690,0.0000004,0.0000003
26958,0.0001690,0.0000004,0.0000003
26959,0.0001690,0.0000004,0.0000003
26960,0.0001690,0.0000004,0.0000003
26961,0.0001690,0.0000004,0.0000003
26962,0.0001690,0.0000004,0.0000003
26963,0.0001689,0.0000004,0.0000003
26964,0.0001689,0.0000004,0.0000003
26965,0.0001689,0.0000004,0.0000003
26966,0.0001689,0.0000004,0.0000003
26967,0.0001689,0.0000004,0.0000003
26968,0.0001689,0.0000004,0.0000003
26969,0.0001689,0.0000004,0.0000003
26970,0.0001689,0.0000004,0.0000003
26971,0.0001689,0.0000004,0.0000003
26972,0.0001689,0.0000004,0.0000003
26973,0.0001688,0.0000004,0.0000003
26974,0.0001688,0.0000004,0.0000003
26975,0.0001688,0.0000004,0.0000003
26976,0.0001688,0.0000004,0.0000003
26977,0.0001688,0.0000004,0.0000003
26978,0.0001688,0.0000004,0.0000003
26979,0.0001688,0.0000004,0.0000003
26980,0.0001688,0.0000004,0.0000003
26981,0.0001688,0.0000004,0.0000003
26982,0.0001688,0.0000004,0.0000003
26983,0.0001688,0.0000004,0.0000003
26984,0.0001687,0.0000004,0.0000003
26985,0.0001687,0.0000004,0.0000003
26986,0.0001687,0.0000004,0.0000003
26987,0.0001687,0.0000004,0.0000003
26988,0.0001687,0.0000004,0.0000003
26989,0.0001687,0.0000004,0.0000003
26990,0.0001687,0.0000004,0.0000003
26991,0.0001687,0.0000004,0.0000003
26992,0.0001687,0.0000004,0.0000003
26993,0.0001687,0.0000004,0.0000003
26994,0.0001687,0.0000004,0.0000003
26995,0.0001686,0.0000004,0.0000003
26996,0.0001686,0.0000004,0.0000003
26997,0.0001686,0.0000004,0.0000003
26998,0.0001686,0.0000004,0.0000003
26999,0.0001686,0.0000004,0.0000003
27000,0.0001686,0.0000004,0.0000003
27001,0.0001686,0.0000004,0.0000003
27002,0.0001686,0.0000004,0.0000003
27003,0.0001686,0.0000004,0.0000003
27004,0.0001686,0.0000004,0.0000003
27005,0.0001686,0.0000004,0.0000003
27006,0.0001685,0.0000004,0.0000003
27007,0.0001685,0.0000004,0.0000003
27008,0.0001685,0.0000004,0.0000003
27009,0.0001685,0.0000004,0.0000003
27010,0.0001685,0.0000004,0.0000003
27011,0.0001685,0.0000004,0.0000003
27012,0.0001685,0.0000004,0.0000003
27013,0.0001685,0.0000004,0.0000003
27014,0.0001685,0.0000004,0.0000003
27015,0.0001685,0.0000004,0.0000003
27016,0.0001685,0.0000004,0.0000003
27017,0.0001685,0.0000004,0.0000003
27018,0.0001685,0.0000004,0.0000003
27019,0.0001684,0.0000004,0.0000003
27020,0.0001684,0.0000004,0.0000003
27021,0.0001684,0.0000004,0.0000003
27022,0.0001684,0.0000004,0.0000003
27023,0.0001684,0.0000004,0.0000003
27024,0.0001684,0.0000004,0.0000003
27025,0.0001684,0.0000004,0.0000003
27026,0.0001684,0.0000004,0.0000003
27027,0.0001684,0.0000004,0.0000003
27028,0.0001684,0.0000004,0.0000003
27029,0.0001684,0.0000004,0.0000003
27030,0.0001684,0.0000004,0.0000003
27031,0.0001684,0.0000004,0.0000003
27032,0.0001683,0.0000004,0.0000003
27033,0.0001683,0.0000004,0.0000003
27034,0.0001683,0.0000004,0.0000003
27035,0.0001683,0.0000004,0.0000003
27036,0.0001683,0.0000004,0.0000003
27037,0.0001683,0.0000004,0.0000003
27038,0.0001683,0.0000004,0.0000003
27039,0.0001683,0.0000004,0.0000003
27040,0.0001683,0.0000004,0.0000003
27041,0.0001683,0.0000004,0.0000003
27042,0.0001683,0.0000004,0.0000003
27043,0.0001683,0.0000004,0.0000003
27044,0.0001683,0.0000004,0.0000003
27045,0.0001683,0.0000004,0.0000003
27046,0.0001682,0.0000004,0.0000003
27047,0.0001682,0.0000004,0.0000003
27048,0.0001682,0.0000004,0.0000003
27049,0.0001682,0.0000004,0.0000003
27050,0.0001682,0.0000004,0.0000003
27051,0.0001682,0.0000004,0.0000003
27052,0.0001682,0.0000004,0.0000003
27053,0.0001682,0.0000004,0.0000003
27054,0.0001682,0.0000004,0.0000003
27055,0.0001682,0.0000004,0.0000003
27056,0.0001682,0.0000004,0.0000003
27057,0.0001682,0.0000004,0.0000003
27058,0.0001682,0.0000004,0.0000003
27059,0.0001682,0.0000004,0.0000003
27060,0.0001682,0.0000004,0.0000003
27061,0.0001681,0.0000004,0.0000003
27062,0.0001681,0.0000004,0.0000003
27063,0.0001681,0.0000004,0.0000003
27064,0.0001681,0.0000004,0.0000003
27065,0.0001681,0.0000004,0.0000003
27066,0.0001681,0.0000004,0.0000003
27067,0.0001681,0.0000004,0.0000003
27068,0.0001681,0.0000004,0.0000003
27069,0.0001681,0.0000004,0.0000003
27070,0.0001681,0.0000004,0.0000003
27071,0.0001681,0.0000004,0.0000003
27072,0.0001681,0.0000004,0.0000003
27073,0.0001681,0.0000004,0.0000003
27074,0.0001681,0.0000004,0.0000003
27075,0.0001681,0.0000004,0.0000003
27076,0.0001681,0.0000004,0.0000003
27077,0.0001681,0.0000004,0.0000003
27078,0.0001680,0.0000004,0.0000003
27079,0.0001680,0.0000004,0.0000003
27080,0.0001680,0.0000004,0.0000003
27081,0.0001680,0.0000004,0.0000003
27082,0.0001680,0.0000004,0.0000003
27083,0.0001680,0.0000004,0.0000003
27084,0.0001680,0.0000004,0.0000003
27085,0.0001680,0.0000004,0.0000003
27086,0.0001680,0.0000004,0.0000003
27087,0.0001680,0.0000004,0.0000003
27088,0.0001680,0.0000004,0.0000003
27089,0.0001680,0.0000004,0.0000003
27090,0.0001680,0.0000004,0.0000003
27091,0.0001680,0.0000004,0.0000003
27092,0.0001680,0.0000004,0.0000003
27093,0.0001680,0.0000004,0.0000003
27094,0.0001680,0.0000004,0.0000003
27095,0.0001680,0.0000004,0.0000003
27096,0.0001680,0.0000004,0.0000003
27097,0.0001679,0.0000004,0.0000003
27098,0.0001679,0.0000004,0.0000003
27099,0.0001679,0.0000004,0.0000003
27100,0.0001679,0.0000004,0.0000003
27101,0.0001679,0.0000004,0.0000003
27102,0.0001679,0.0000004,0.0000003
27103,0.0001679,0.0000004,0.0000003
27104,0.0001679,0.0000004,0.0000003
27105,0.0001679,0.0000004,0.0000003
27106,0.0001679,0.0000004,0.0000003
27107,0.0001679,0.0000004,0.0000003
27108,0.0001679,0.0000004,0.0000003
27109,0.0001679,0.0000004,0.0000003
27110,0.0001679,0.0000004,0.0000003
27111,0.0001679,0.0000004,0.0000003
27112,0.0001679,0.0000004,0.0000003
27113,0.0001679,0.0000004,0.0000003
27114,0.0001679,0.0000004,0.0000003
27115,0.0001679,0.0000004,0.0000003
27116,0.0001679,0.0000004,0.0000003
27117,0.0001679,0.0000004,0.0000003
27118,0.0001679,0.0000004,0.0000003
27119,0.0001678,0.0000004,0.0000003
27120,0.0001678,0.0000004,0.0000003
27121,0.0001678,0.0000004,0.0000003
27122,0.0001678,0.0000004,0.0000003
27123,0.0001678,0.0000004,0.0000003
27124,0.0001678,0.0000004,0.0000003
27125,0.0001678,0.0000004,0.0000003
27126,0.0001678,0.0000004,0.0000003
27127,0.0001678,0.0000004,0.0000003
27128,0.0001678,0.0000004,0.0000003
27129,0.0001678,0.0000004,0.0000003
27130,0.0001678,0.0000004,0.0000003
27131,0.0001678,0.0000004,0.0000003
27132,0.0001678,0.0000004,0.0000003
27133,0.0001678,0.0000004,0.0000003
27134,0.0001678,0.0000004,0.0000003
27135,0.0001678,0.0000004,0.0000003
27136,0.0001678,0.0000004,0.0000003
27137,0.0001678,0.0000004,0.0000003
27138,0.0001678,0.0000004,0.0000003
27139,0.0001678,0.0000004,0.0000003
27140,0.0001678,0.0000004,0.0000003
27141,0.0001678,0.0000004,0.0000003
27142,0.0001678,0.0000004,0.0000003
27143,0.0001678,0.0000004,0.0000003
27144,0.0001678,0.0000004,0.0000003
27145,0.0001678,0.0000004,0.0000003
27146,0.0001677,0.0000004,0.0000003
27147,0.0001677,0.0000004,0.0000003
27148,0.0001677,0.0000004,0.0000003
27149,0.0001677,0.0000004,0.0000003
27150,0.0001677,0.0000004,0.0000003
27151,0.0001677,0.0000004,0.0000003
27152,0.0001677,0.0000004,0.0000003
27153,0.0001677,0.0000004,0.0000003
27154,0.0001677,0.0000004,0.0000003
27155,0.0001677,0.0000004,0.0000003
27156,0.0001677,0.0000004,0.0000003
27157,0.0001677,0.0000004,0.0000003
27158,0.0001677,0.0000004,0.0000003
27159,0.0001677,0.0000004,0.0000003
27160,0.0001677,0.0000004,0.0000003
27161,0.0001677,0.0000004,0.0000003
27162,0.0001677,0.0000004,0.0000003
27163,0.0001677,0.0000004,0.0000003
27164,0.0001677,0.0000004,0.0000003
27165,0.0001677,0.0000004,0.0000003
27166,0.0001677,0.0000004,0.0000003
27167,0.0001677,0.0000004,0.0000003
27168,0.0001677,0.0000004,0.0000003
27169,0.0001677,0.0000004,0.0000003
27170,0.0001677,0.0000004,0.0000003
27171,0.0001677,0.0000004,0.0000003
27172,0.0001677,0.0000004,0.0000003
27173,0.0001677,0.0000004,0.0000003
27174,0.0001677,0.0000004,0.0000003
27175,0.0001677,0.0000004,0.0000003
27176,0.0001677,0.0000004,0.0000003
27177,0.0001677,0.0000004,0.0000003
27178,0.0001677,0.0000004,0.0000003
27179,0.0001677,0.0000004,0.0000003
27180,0.0001677,0.0000004,0.0000003
27181,0.0001677,0.0000004,0.0000003
27182,0.0001677,0.0000004,0.0000003
27183,0.0001677,0.0000004,0.0000003
27184,0.0001676,0.0000004,0.0000003
27185,0.0001676,0.0000004,0.0000003
27186,0.0001676,0.0000004,0.0000003
27187,0.0001676,0.0000004,0.0000003
27188,0.0001676,0.0000004,0.0000003
27189,0.0001676,0.0000004,0.0000003
27190,0.0001676,0.0000004,0.0000003
27191,0.0001676,0.0000004,0.0000003
27192,0.0001676,0.0000004,0.0000003
27193,0.0001676,0.0000004,0.0000003
27194,0.0001676,0.0000004,0.0000003
27195,0.0001676,0.0000004,0.0000003
27196,0.0001676,0.0000004,0.0000003
27197,0.0001676,0.0000004,0.0000003
27198,0.0001676,0.0000004,0.0000003
27199,0.0001676,0.0000004,0.0000003
27200,0.0001676,0.0000004,0.0000003
27201,0.0001676,0.0000004,0.0000003
27202,0.0001676,0.0000004,0.0000003
27203,0.0001676,0.0000004,0.0000003
27204,0.0001676,0.0000004,0.0000003
27205,0.0001676,0.0000004,0.0000003
27206,0.0001676,0.0000004,0.0000003
27207,0.0001676,0.0000004,0.0000003
27208,0.0001676,0.0000004,0.0000003
27209,0.0001676,0.0000004,0.0000003
27210,0.0001676,0.0000004,0.0000003
27211,0.0001676,0.0000004,0.0000003
27212,0.0001676,0.0000004,0.0000003
27213,0.0001676,0.0000004,0.0000003
27214,0.0001676,0.0000004,0.0000003
27215,0.0001676,0.0000004,0.0000003
27216,0.0001676,0.0000004,0.0000003
27217,0.0001676,0.0000004,0.0000003
27218,0.0001676,0.0000004,0.0000003
27219,0.0001676,0.0000004,0.0000003
27220,0.0001676,0.0000004,0.0000003
27221,0.0001676,0.0000004,0.0000003
27222,0.0001676,0.0000004,0.0000003
27223,0.0001676,0.0000004,0.0000003
27224,0.0001676,0.0000004,0.0000003
27225,0.0001676,0.0000004,0.0000003
27226,0.0001676,0.0000004,0.0000003
27227,0.0001676,0.0000004,0.0000003
27228,0.0001676,0.0000004,0.0000003
27229,0.0001676,0.0000004,0.0000003
27230,0.0001676,0.0000004,0.0000003
27231,0.0001676,0.0000004,0.0000003
27232,0.0001676,0.0000004,0.0000003
27233,0.0001676,0.0000004,0.0000003
27234,0.0001676,0.0000004,0.0000003
27235,0.0001676,0.0000004,0.0000003
27236,0.0001676,0.0000004,0.0000003
27237,0.0001676,0.0000004,0.0000003
27238,0.0001676,0.0000004,0.0000003
27239,0.0001676,0.0000004,0.0000003
27240,0.0001676,0.0000004,0.0000003
27241,0.0001676,0.0000004,0.0000003
27242,0.0001676,0.0000004,0.0000003
27243,0.0001676,0.0000004,0.0000003
27244,0.0001676,0.0000004,0.0000003
27245,0.0001676,0.0000004,0.0000003
27246,0.0001676,0.0000004,0.0000003
27247,0.0001676,0.0000004,0.0000003
27248,0.0001676,0.0000004,0.0000003
27249,0.0001676,0.0000004,0.0000003
27250,0.0001676,0.0000004,0.0000003
27251,0.0001676,0.0000004,0.0000003
27252,0.0001676,0.0000004,0.0000003
27253,0.0001676,0.0000004,0.0000003
27254,0.0001676,0.0000004,0.0000003
27255,0.0001676,0.0000004,0.0000003
27256,0.0001676,0.0000004,0.0000003
27257,0.0001676,0.0000004,0.0000003
27258,0.0001676,0.0000004,0.0000003
27259,0.0001676,0.0000004,0.0000003
27260,0.0001676,0.0000004,0.0000003
27261,0.0001676,0.0000004,0.0000003
27262,0.0001676,0.0000004,0.0000003
27263,0.0001676,0.0000004,0.0000003
27264,0.0001676,0.0000004,0.0000003
27265,0.0001676,0.0000004,0.0000003
27266,0.0001676,0.0000004,0.0000003
27267,0.0001676,0.0000004,0.0000003
27268,0.0001676,0.0000004,0.0000003
27269,0.0001676,0.0000004,0.0000003
27270,0.0001676,0.0000004,0.0000003
27271,0.0001676,0.0000004,0.0000003
27272,0.0001676,0.0000004,0.0000003
27273,0.0001676,0.0000004,0.0000003
27274,0.0001676,0.0000004,0.0000003
27275,0.0001676,0.0000004,0.0000003
27276,0.0001676,0.0000004,0.0000003
27277,0.0001676,0.0000004,0.0000003
27278,0.0001676,0.0000004,0.0000003
27279,0.0001676,0.0000004,0.0000003
27280,0.0001676,0.0000004,0.0000003
27281,0.0001676,0.0000004,0.0000003
27282,0.0001676,0.0000004,0.0000003
27283,0.0001676,0.0000004,0.0000003
27284,0.0001676,0.0000004,0.0000003
27285,0.0001676,0.0000004,0.0000003
27286,0.0001676,0.0000004,0.0000003
27287,0.0001676,0.0000004,0.0000003
27288,0.0001676,0.0000004,0.0000003
27289,0.0001676,0.0000004,0.0000003
27290,0.0001676,0.0000004,0.0000003
27291,0.0001676,0.0000004,0.0000003
27292,0.0001676,0.0000004,0.0000003
27293,0.0001676,0.0000004,0.0000003
27294,0.0001676,0.0000004,0.0000003
27295,0.0001676,0.0000004,0.0000003
27296,0.0001676,0.0000004,0.0000003
27297,0.0001676,0.0000004,0.0000003
27298,0.0001676,0.0000004,0.0000003
27299,0.0001676,0.0000004,0.0000003
27300,0.0001676,0.0000004,0.0000003
27301,0.0001676,0.0000004,0.0000003
27302,0.0001676,0.0000004,0.0000003
27303,0.0001676,0.0000004,0.0000003
27304,0.0001676,0.0000004,0.0000003
27305,0.0001676,0.0000004,0.0000003
27306,0.0001676,0.0000004,0.0000003
27307,0.0001676,0.0000004,0.0000003
27308,0.0001676,0.0000004,0.0000003
27309,0.0001676,0.0000004,0.0000003
27310,0.0001676,0.0000004,0.0000003
27311,0.0001676,0.0000004,0.0000003
27312,0.0001676,0.0000004,0.0000003
27313,0.0001676,0.0000004,0.0000003
27314,0.0001676,0.0000004,0.0000003
27315,0.0001676,0.0000004,0.0000003
27316,0.0001676,0.0000004,0.0000003
27317,0.0001676,0.0000004,0.0000003
27318,0.0001676,0.0000004,0.0000003
27319,0.0001676,0.0000004,0.0000003
27320,0.0001676,0.0000004,0.0000003
27321,0.0001676,0.0000004,0.0000003
27322,0.0001676,0.0000004,0.0000003
27323,0.0001676,0.0000004,0.0000003
27324,0.0001676,0.0000004,0.0000003
27325,0.0001676,0.0000004,0.0000003
27326,0.0001676,0.0000004,0.0000003
27327,0.0001676,0.0000004,0.0000003
27328,0.0001676,0.0000004,0.0000003
27329,0.0001676,0.0000004,0.0000003
27330,0.0001676,0.0000004,0.0000003
27331,0.0001676,0.0000004,0.0000003
27332,0.0001676,0.0000004,0.0000003
27333,0.0001676,0.0000004,0.0000003
27334,0.0001676,0.0000004,0.0000003
27335,0.0001676,0.0000004,0.0000003
27336,0.0001676,0.0000004,0.0000003
27337,0.0001676,0.0000004,0.0000003
27338,0.0001676,0.0000004,0.0000003
27339,0.0001676,0.0000004,0.0000003
27340,0.0001676,0.0000004,0.0000003
27341,0.0001676,0.0000004,0.0000003
27342,0.0001676,0.0000004,0.0000003
27343,0.0001676,0.0000004,0.0000003
27344,0.0001676,0.0000004,0.0000003
27345,0.0001676,0.0000004,0.0000003
27346,0.0001676,0.0000004,0.0000003
27347,0.0001676,0.0000004,0.0000003
27348,0.0001676,0.0000004,0.0000003
27349,0.0001676,0.0000004,0.0000003
27350,0.0001677,0.0000004,0.0000003
27351,0.0001677,0.0000004,0.0000003
27352,0.0001677,0.0000004,0.0000003
27353,0.0001677,0.0000004,0.0000003
27354,0.0001677,0.0000004,0.0000003
27355,0.0001677,0.0000004,0.0000003
27356,0.0001677,0.0000004,0.0000003
27357,0.0001677,0.0000004,0.0000003
27358,0.0001677,0.0000004,0.0000003
27359,0.0001677,0.0000004,0.0000003
27360,0.0001677,0.0000004,0.0000003
27361,0.0001677,0.0000004,0.0000003
27362,0.0001677,0.0000004,0.0000003
27363,0.0001677,0.0000004,0.0000003
27364,0.0001677,0.0000004,0.0000003
27365,0.0001677,0.0000004,0.0000003
27366,0.0001677,0.0000004,0.0000003
27367,0.0001677,0.0000004,0.0000003
27368,0.0001677,0.0000004,0.0000003
27369,0.0001677,0.0000004,0.0000003
27370,0.0001677,0.0000004,0.0000003
27371,0.0001677,0.0000004,0.0000003
27372,0.0001677,0.0000004,0.0000003
27373,0.0001677,0.0000004,0.0000003
27374,0.0001677,0.0000004,0.0000003
27375,0.0001677,0.0000004,0.0000003
27376,0.0001677,0.0000004,0.0000003
27377,0.0001677,0.0000004,0.0000003
27378,0.0001677,0.0000004,0.0000003
27379,0.0001677,0.0000004,0.0000003
27380,0.0001677,0.0000004,0.0000003
27381,0.0001677,0.0000004,0.0000003
27382,0.0001677,0.0000004,0.0000003
27383,0.0001677,0.0000004,0.0000003
27384,0.0001677,0.0000004,0.0000003
27385,0.0001677,0.0000004,0.0000003
27386,0.0001677,0.0000004,0.0000003
27387,0.0001677,0.0000004,0.0000003
27388,0.0001677,0.0000004,0.0000003
27389,0.0001677,0.0000004,0.0000003
27390,0.0001677,0.0000004,0.0000003
27391,0.0001677,0.0000004,0.0000003
27392,0.0001677,0.0000004,0.0000003
27393,0.0001677,0.0000004,0.0000003
27394,0.0001677,0.0000004,0.0000003
27395,0.0001677,0.0000004,0.0000003
27396,0.0001677,0.0000004,0.0000003
27397,0.0001677,0.0000004,0.0000003
27398,0.0001677,0.0000004,0.0000003
27399,0.0001678,0.0000004,0.0000003
27400,0.0001678,0.0000004,0.0000003
27401,0.0001678,0.0000004,0.0000003
27402,0.0001678,0.0000004,0.0000003
27403,0.0001678,0.0000004,0.0000003
27404,0.0001678,0.0000004,0.0000003
27405,0.0001678,0.0000004,0.0000003
27406,0.0001678,0.0000004,0.0000003
27407,0.0001678,0.0000004,0.0000003
27408,0.0001678,0.0000004,0.0000003
27409,0.0001678,0.0000004,0.0000003
27410,0.0001678,0.0000004,0.0000003
27411,0.0001678,0.0000004,0.0000003
27412,0.0001678,0.0000004,0.0000003
27413,0.0001678,0.0000004,0.0000003
27414,0.0001678,0.0000004,0.0000003
27415,0.0001678,0.0000004,0.0000003
27416,0.0001678,0.0000004,0.0000003
27417,0.0001678,0.0000004,0.0000003
27418,0.0001678,0.0000004,0.0000003
27419,0.0001678,0.0000004,0.0000003
27420,0.0001678,0.0000004,0.0000003
27421,0.0001678,0.0000004,0.0000003
27422,0.0001678,0.0000004,0.0000003
27423,0.0001678,0.0000004,0.0000003
27424,0.0001678,0.0000004,0.0000003
27425,0.0001678,0.0000004,0.0000003
27426,0.0001678,0.0000004,0.0000003
27427,0.0001678,0.0000004,0.0000003
27428,0.0001678,0.0000004,0.0000003
27429,0.0001678,0.0000004,0.0000003
27430,0.0001678,0.0000004,0.0000003
27431,0.0001678,0.0000004,0.0000003
27432,0.0001678,0.0000004,0.0000003
27433,0.0001678,0.0000004,0.0000003
27434,0.0001678,0.0000004,0.0000003
27435,0.0001678,0.0000004,0.0000003
27436,0.0001678,0.0000004,0.0000003
27437,0.0001678,0.0000004,0.0000003
27438,0.0001678,0.0000004,0.0000003
27439,0.0001679,0.0000004,0.0000003
27440,0.0001679,0.0000004,0.0000003
27441,0.0001679,0.0000004,0.0000003
27442,0.0001679,0.0000004,0.0000003
27443,0.0001679,0.0000004,0.0000003
27444,0.0001679,0.0000004,0.0000003
27445,0.0001679,0.0000004,0.0000003
27446,0.0001679,0.0000004,0.0000003
27447,0.0001679,0.0000004,0.0000003
27448,0.0001679,0.0000004,0.0000003
27449,0.0001679,0.0000004,0.0000003
27450,0.0001679,0.0000004,0.0000003
27451,0.0001679,0.0000004,0.0000003
27452,0.0001679,0.0000004,0.0000003
27453,0.0001679,0.0000004,0.0000003
27454,0.0001679,0.0000004,0.0000003
27455,0.0001679,0.0000004,0.0000003
27456,0.0001679,0.0000004,0.0000003
27457,0.0001679,0.0000004,0.0000003
27458,0.0001679,0.0000004,0.0000003
27459,0.0001679,0.0000004,0.0000003
27460,0.0001679,0.0000004,0.0000003
27461,0.0001679,0.0000004,0.0000003
27462,0.0001679,0.0000004,0.0000003
27463,0.0001679,0.0000004,0.0000003
27464,0.0001679,0.0000004,0.0000003
27465,0.0001679,0.0000004,0.0000003
27466,0.0001679,0.0000004,0.0000003
27467,0.0001679,0.0000004,0.0000003
27468,0.0001679,0.0000004,0.0000003
27469,0.0001679,0.0000004,0.0000003
27470,0.0001679,0.0000004,0.0000003
27471,0.0001679,0.0000004,0.0000003
27472,0.0001679,0.0000004,0.0000003
27473,0.0001679,0.0000004,0.0000003
27474,0.0001679,0.0000004,0.0000003
27475,0.0001680,0.0000004,0.0000003
27476,0.0001680,0.0000004,0.0000003
27477,0.0001680,0.0000004,0.0000003
27478,0.0001680,0.0000004,0.0000003
27479,0.0001680,0.0000004,0.0000003
27480,0.0001680,0.0000004,0.0000003
27481,0.0001680,0.0000004,0.0000003
27482,0.0001680,0.0000004,0.0000003
27483,0.0001680,0.0000004,0.0000003
27484,0.0001680,0.0000004,0.0000003
27485,0.0001680,0.0000004,0.0000003
27486,0.0001680,0.0000004,0.0000003
27487,0.0001680,0.0000004,0.0000003
27488,0.0001680,0.0000004,0.0000003
27489,0.0001680,0.0000004,0.0000003
27490,0.0001680,0.0000004,0.0000003
27491,0.0001680,0.0000004,0.0000003
27492,0.0001680,0.0000004,0.0000003
27493,0.0001680,0.0000004,0.0000003
27494,0.0001680,0.0000004,0.0000003
27495,0.0001680,0.0000004,0.0000003
27496,0.0001680,0.0000004,0.0000003
27497,0.0001680,0.0000004,0.0000003
27498,0.0001680,0.0000004,0.0000003
27499,0.0001680,0.0000004,0.0000003
27500,0.0001680,0.0000004,0.0000003
27501,0.0001680,0.0000004,0.0000003
27502,0.0001680,0.0000004,0.0000003
27503,0.0001680,0.0000004,0.0000003
27504,0.0001680,0.0000004,0.0000003
27505,0.0001680,0.0000004,0.0000003
27506,0.0001680,0.0000004,0.0000003
27507,0.0001680,0.0000004,0.0000003
27508,0.0001680,0.0000004,0.0000003
27509,0.0001681,0.0000004,0.0000003
27510,0.0001681,0.0000004,0.0000003
27511,0.0001681,0.0000004,0.0000003
27512,0.0001681,0.0000004,0.0000003
27513,0.0001681,0.0000004,0.0000003
27514,0.0001681,0.0000004,0.0000003
27515,0.0001681,0.0000004,0.0000003
27516,0.0001681,0.0000004,0.0000003
27517,0.0001681,0.0000004,0.0000003
27518,0.0001681,0.0000004,0.0000003
27519,0.0001681,0.0000004,0.0000003
27520,0.0001681,0.0000004,0.0000003
27521,0.0001681,0.0000004,0.0000003
27522,0.0001681,0.0000004,0.0000003
27523,0.0001681,0.0000004,0.0000003
27524,0.0001681,0.0000004,0.0000003
27525,0.0001681,0.0000004,0.0000003
27526,0.0001681,0.0000004,0.0000003
27527,0.0001681,0.0000004,0.0000003
27528,0.0001681,0.0000004,0.0000003
27529,0.0001681,0.0000004,0.0000003
27530,0.0001681,0.0000004,0.0000003
27531,0.0001681,0.0000004,0.0000003
27532,0.0001681,0.0000004,0.0000003
27533,0.0001681,0.0000004,0.0000003
27534,0.0001681,0.0000004,0.0000003
27535,0.0001681,0.0000004,0.0000003
27536,0.0001681,0.0000004,0.0000003
27537,0.0001681,0.0000004,0.0000003
27538,0.0001681,0.0000004,0.0000003
27539,0.0001681,0.0000004,0.0000003
27540,0.0001681,0.0000004,0.0000003
27541,0.0001681,0.0000004,0.0000003
27542,0.0001681,0.0000004,0.0000003
27543,0.0001682,0.0000004,0.0000003
27544,0.0001682,0.0000004,0.0000003
27545,0.0001682,0.0000004,0.0000003
27546,0.0001682,0.0000004,0.0000003
27547,0.0001682,0.0000004,0.0000003
27548,0.0001682,0.0000004,0.0000003
27549,0.0001682,0.0000004,0.0000003
27550,0.0001682,0.0000004,0.0000003
27551,0.0001682,0.0000004,0.0000003
27552,0.0001682,0.0000004,0.0000003
27553,0.0001682,0.0000004,0.0000003
27554,0.0001682,0.0000004,0.0000003
27555,0.0001682,0.0000004,0.0000003
27556,0.0001682,0.0000004,0.0000003
27557,0.0001682,0.0000004,0.0000003
27558,0.0001682,0.0000004,0.0000003
27559,0.0001682,0.0000004,0.0000003
27560,0.0001682,0.0000004,0.0000003
27561,0.0001682,0.0000004,0.0000003
27562,0.0001682,0.0000004,0.0000003
27563,0.0001682,0.0000004,0.0000003
27564,0.0001682,0.0000004,0.0000003
27565,0.0001682,0.0000004,0.0000003
27566,0.0001682,0.0000004,0.0000003
27567,0.0001682,0.0000004,0.0000003
27568,0.0001682,0.0000004,0.0000003
27569,0.0001682,0.0000004,0.0000003
27570,0.0001682,0.0000004,0.0000003
27571,0.0001682,0.0000004,0.0000003
27572,0.0001682,0.0000004,0.0000003
27573,0.0001682,0.0000004,0.0000003
27574,0.0001682,0.0000004,0.0000003
27575,0.0001682,0.0000004,0.0000003
27576,0.0001682,0.0000004,0.0000003
27577,0.0001682,0.0000004,0.0000003
27578,0.0001683,0.0000004,0.0000003
27579,0.0001683,0.0000004,0.0000003
27580,0.0001683,0.0000004,0.0000003
27581,0.0001683,0.0000004,0.0000003
27582,0.0001683,0.0000004,0.0000003
27583,0.0001683,0.0000004,0.0000003
27584,0.0001683,0.0000004,0.0000003
27585,0.0001683,0.0000004,0.0000003
27586,0.0001683,0.0000004,0.0000003
27587,0.0001683,0.0000004,0.0000003
27588,0.0001683,0.0000004,0.0000003
27589,0.0001683,0.0000004,0.0000003
27590,0.0001683,0.0000004,0.0000003
27591,0.0001683,0.0000004,0.0000003
27592,0.0001683,0.0000004,0.0000003
27593,0.0001683,0.0000004,0.0000003
27594,0.0001683,0.0000004,0.0000003
27595,0.0001683,0.0000004,0.0000003
27596,0.0001683,0.0000004,0.0000003
27597,0.0001683,0.0000004,0.0000003
27598,0.0001683,0.0000004,0.0000003
27599,0.0001683,0.0000004,0.0000003
27600,0.0001683,0.0000004,0.0000003
27601,0.0001683,0.0000004,0.0000003
27602,0.0001683,0.0000004,0.0000003
27603,0.0001683,0.0000004,0.0000003
27604,0.0001683,0.0000004,0.0000003
27605,0.0001683,0.0000004,0.0000003
27606,0.0001683,0.0000004,0.0000003
27607,0.0001683,0.0000004,0.0000003
27608,0.0001683,0.0000004,0.0000003
27609,0.0001683,0.0000004,0.0000003
27610,0.0001683,0.0000004,0.0000003
27611,0.0001683,0.0000004,0.0000003
27612,0.0001683,0.0000004,0.0000003
27613,0.0001683,0.0000004,0.0000003
27614,0.0001683,0.0000004,0.0000003
27615,0.0001683,0.0000004,0.0000003
27616,0.0001684,0.0000004,0.0000003
27617,0.0001684,0.0000004,0.0000003
27618,0.0001684,0.0000004,0.0000003
27619,0.0001684,0.0000004,0.0000003
27620,0.0001684,0.0000004,0.0000003
27621,0.0001684,0.0000004,0.0000003
27622,0.0001684,0.0000004,0.0000003
27623,0.0001684,0.0000004,0.0000003
27624,0.0001684,0.0000004,0.0000003
27625,0.0001684,0.0000004,0.0000003
27626,0.0001684,0.0000004,0.0000003
27627,0.0001684,0.0000004,0.0000003
27628,0.0001684,0.0000004,0.0000003
27629,0.0001684,0.0000004,0.0000003
27630,0.0001684,0.0000004,0.0000003
27631,0.0001684,0.0000004,0.0000003
27632,0.0001684,0.0000004,0.0000003
27633,0.0001684,0.0000004,0.0000003
27634,0.0001684,0.0000004,0.0000003
27635,0.0001684,0.0000004,0.0000003
27636,0.0001684,0.0000004,0.0000003
27637,0.0001684,0.0000004,0.0000003
27638,0.0001684,0.0000004,0.0000003
27639,0.0001684,0.0000004,0.0000003
27640,0.0001684,0.0000004,0.0000003
27641,0.0001684,0.0000004,0.0000003
27642,0.0001684,0.0000004,0.0000003
27643,0.0001684,0.0000004,0.0000003
27644,0.0001684,0.0000004,0.0000003
27645,0.0001684,0.0000004,0.0000003
27646,0.0001684,0.0000004,0.0000003
27647,0.0001684,0.0000004,0.0000003
27648,0.0001684,0.0000004,0.0000003
27649,0.0001684,0.0000004,0.0000003
27650,0.0001684,0.0000004,0.0000003
27651,0.0001684,0.0000004,0.0000003
27652,0.0001684,0.0000004,0.0000003
27653,0.0001684,0.0000004,0.0000003
27654,0.0001684,0.0000004,0.0000003
27655,0.0001684,0.0000004,0.0000003
27656,0.0001684,0.0000004,0.0000003
27657,0.0001684,0.0000004,0.0000003
27658,0.0001684,0.0000004,0.0000003
27659,0.0001685,0.0000004,0.0000003
27660,0.0001685,0.0000004,0.0000003
27661,0.0001685,0.0000004,0.0000003
27662,0.0001685,0.0000004,0.0000003
27663,0.0001685,0.0000004,0.0000003
27664,0.0001685,0.0000004,0.0000003
27665,0.0001685,0.0000004,0.0000003
27666,0.0001685,0.0000004,0.0000003
27667,0.0001685,0.0000004,0.0000003
27668,0.0001685,0.0000004,0.0000003
27669,0.0001685,0.0000004,0.0000003
27670,0.0001685,0.0000004,0.0000003
27671,0.0001685,0.0000004,0.0000003
27672,0.0001685,0.0000004,0.0000003
27673,0.0001685,0.0000004,0.0000003
27674,0.0001685,0.0000004,0.0000003
27675,0.0001685,0.0000004,0.0000003
27676,0.0001685,0.0000004,0.0000003
27677,0.0001685,0.0000004,0.0000003
27678,0.0001685,0.0000004,0.0000003
27679,0.0001685,0.0000004,0.0000003
27680,0.0001685,0.0000004,0.0000003
27681,0.0001685,0.0000004,0.0000003
27682,0.0001685,0.0000004,0.0000003
27683,0.0001685,0.0000004,0.0000003
27684,0.0001685,0.0000004,0.0000003
27685,0.0001685,0.0000004,0.0000003
27686,0.0001685,0.0000004,0.0000003
27687,0.0001685,0.0000004,0.0000003
27688,0.0001685,0.0000004,0.0000003
27689,0.0001685,0.0000004,0.0000003
27690,0.0001685,0.0000004,0.0000003
27691,0.0001685,0.0000004,0.0000003
27692,0.0001685,0.0000004,0.0000003
27693,0.0001685,0.0000004,0.0000003
27694,0.0001685,0.0000004,0.0000003
27695,0.0001685,0.0000004,0.0000003
27696,0.0001685,0.0000004,0.0000003
27697,0.0001685,0.0000004,0.0000003
27698,0.0001685,0.0000004,0.0000003
27699,0.0001685,0.0000004,0.0000003
27700,0.0001685,0.0000004,0.0000003
27701,0.0001685,0.0000004,0.0000003
27702,0.0001685,0.0000004,0.0000003
27703,0.0001685,0.0000004,0.0000003
27704,0.0001685,0.0000004,0.0000003
27705,0.0001685,0.0000004,0.0000003
27706,0.0001685,0.0000004,0.0000003
27707,0.0001685,0.0000004,0.0000003
27708,0.0001685,0.0000004,0.0000003
27709,0.0001685,0.0000004,0.0000003
27710,0.0001685,0.0000004,0.0000003
27711,0.0001685,0.0000004,0.0000003
27712,0.0001685,0.0000004,0.0000003
27713,0.0001685,0.0000004,0.0000003
27714,0.0001685,0.0000004,0.0000003
27715,0.0001685,0.0000004,0.0000003
27716,0.0001685,0.0000004,0.0000003
27717,0.0001685,0.0000004,0.0000003
27718,0.0001686,0.0000004,0.0000003
27719,0.0001686,0.0000004,0.0000003
27720,0.0001686,0.0000004,0.0000003
27721,0.0001686,0.0000004,0.0000003
27722,0.0001686,0.0000004,0.0000003
27723,0.0001686,0.0000004,0.0000003
27724,0.0001686,0.0000004,0.0000003
27725,0.0001686,0.0000004,0.0000003
27726,0.0001686,0.0000004,0.0000003
27727,0.0001686,0.0000004,0.0000003
27728,0.0001686,0.0000004,0.0000003
27729,0.0001686,0.0000004,0.0000003
27730,0.0001686,0.0000004,0.0000003
27731,0.0001686,0.0000004,0.0000003
27732,0.0001686,0.0000004,0.0000003
27733,0.0001686,0.0000004,0.0000003
27734,0.0001686,0.0000004,0.0000003
27735,0.0001686,0.0000004,0.0000003
27736,0.0001686,0.0000004,0.0000003
27737,0.0001686,0.0000004,0.0000003
27738,0.0001686,0.0000004,0.0000003
27739,0.0001686,0.0000004,0.0000003
27740,0.0001686,0.0000004,0.0000003
27741,0.0001686,0.0000004,0.0000003
27742,0.0001686,0.0000004,0.0000003
27743,0.0001686,0.0000004,0.0000003
27744,0.0001686,0.0000004,0.0000003
27745,0.0001686,0.0000004,0.0000003
27746,0.0001686,0.0000004,0.0000003
27747,0.0001686,0.0000004,0.0000003
27748,0.0001686,0.0000004,0.0000003
27749,0.0001686,0.0000004,0.0000003
27750,0.0001686,0.0000004,0.0000003
27751,0.0001686,0.0000004,0.0000003
27752,0.0001686,0.0000004,0.0000003
27753,0.0001686,0.0000004,0.0000003
27754,0.0001686,0.0000004,0.0000003
27755,0.0001686,0.0000004,0.0000003
27756,0.0001686,0.0000004,0.0000003
27757,0.0001686,0.0000004,0.0000003
27758,0.0001686,0.0000004,0.0000003
27759,0.0001686,0.0000004,0.0000003
27760,0.0001686,0.0000004,0.0000003
27761,0.0001686,0.0000004,0.0000003
27762,0.0001686,0.0000004,0.0000003
27763,0.0001686,0.0000004,0.0000003
27764,0.0001686,0.0000004,0.0000003
27765,0.0001686,0.0000004,0.0000003
27766,0.0001686,0.0000004,0.0000003
27767,0.0001686,0.0000004,0.0000003
27768,0.0001686,0.0000004,0.0000003
27769,0.0001686,0.0000004,0.0000003
27770,0.0001686,0.0000004,0.0000003
27771,0.0001686,0.0000004,0.0000003
27772,0.0001686,0.0000004,0.0000003
27773,0.0001686,0.0000004,0.0000003
27774,0.0001686,0.0000004,0.0000003
27775,0.0001686,0.0000004,0.0000003
27776,0.0001686,0.0000004,0.0000003
27777,0.0001686,0.0000004,0.0000003
27778,0.0001686,0.0000004,0.0000003
27779,0.0001686,0.0000004,0.0000003
27780,0.0001686,0.0000004,0.0000003
27781,0.0001686,0.0000004,0.0000003
27782,0.0001686,0.0000004,0.0000003
27783,0.0001686,0.0000004,0.0000003
27784,0.0001686,0.0000004,0.0000003
27785,0.0001686,0.0000004,0.0000003
27786,0.0001686,0.0000004,0.0000003
27787,0.0001686,0.0000004,0.0000003
27788,0.0001686,0.0000004,0.0000003
27789,0.0001686,0.0000004,0.0000003
27790,0.0001686,0.0000004,0.0000003
27791,0.0001686,0.0000004,0.0000003
27792,0.0001686,0.0000004,0.0000003
27793,0.0001686,0.0000004,0.0000003
27794,0.0001686,0.0000004,0.0000003
27795,0.0001686,0.0000004,0.0000003
27796,0.0001686,0.0000004,0.0000003
27797,0.0001686,0.0000004,0.0000003
27798,0.0001686,0.0000004,0.0000003
27799,0.0001686,0.0000004,0.0000003
27800,0.0001686,0.0000004,0.0000003
27801,0.0001686,0.0000004,0.0000003
27802,0.0001686,0.0000004,0.0000003
27803,0.0001686,0.0000004,0.0000003
27804,0.0001686,0.0000004,0.0000003
27805,0.0001686,0.0000004,0.0000003
27806,0.0001686,0.0000004,0.0000003
27807,0.0001686,0.0000004,0.0000003
27808,0.0001686,0.0000004,0.0000003
27809,0.0001686,0.0000004,0.0000003
27810,0.0001686,0.0000004,0.0000003
27811,0.0001686,0.0000004,0.0000003
27812,0.0001686,0.0000004,0.0000003
27813,0.0001686,0.0000004,0.0000003
27814,0.0001686,0.0000004,0.0000003
27815,0.0001686,0.0000004,0.0000003
27816,0.0001686,0.0000004,0.0000003
27817,0.0001686,0.0000004,0.0000003
27818,0.0001686,0.0000004,0.0000003
27819,0.0001686,0.0000004,0.0000003
27820,0.0001686,0.0000004,0.0000003
27821,0.0001686,0.0000004,0.0000003
27822,0.0001686,0.0000004,0.0000003
27823,0.0001686,0.0000004,0.0000003
27824,0.0001686,0.0000004,0.0000003
27825,0.0001686,0.0000004,0.0000003
27826,0.0001686,0.0000004,0.0000003
27827,0.0001686,0.0000004,0.0000003
27828,0.0001686,0.0000004,0.0000003
27829,0.0001686,0.0000004,0.0000003
27830,0.0001686,0.0000004,0.0000003
27831,0.0001686,0.0000004,0.0000003
27832,0.0001686,0.0000004,0.0000003
27833,0.0001686,0.0000004,0.0000003
27834,0.0001686,0.0000004,0.0000003
27835,0.0001686,0.0000004,0.0000003
27836,0.0001686,0.0000004,0.0000003
27837,0.0001686,0.0000004,0.0000003
27838,0.0001686,0.0000004,0.0000003
27839,0.0001686,0.0000004,0.0000003
27840,0.0001686,0.0000004,0.0000003
27841,0.0001686,0.0000004,0.0000003
27842,0.0001686,0.0000004,0.0000003
27843,0.0001686,0.0000004,0.0000003
27844,0.0001686,0.0000004,0.0000003
27845,0.0001686,0.0000004,0.0000003
27846,0.0001686,0.0000004,0.0000003
27847,0.0001686,0.0000004,0.0000003
27848,0.0001686,0.0000004,0.0000003
27849,0.0001686,0.0000004,0.0000003
27850,0.0001686,0.0000004,0.0000003
27851,0.0001686,0.0000004,0.0000003
27852,0.0001686,0.0000004,0.0000003
27853,0.0001686,0.0000004,0.0000003
27854,0.0001686,0.0000004,0.0000003
27855,0.0001686,0.0000004,0.0000003
27856,0.0001686,0.0000004,0.0000003
27857,0.0001686,0.0000004,0.0000003
27858,0.0001686,0.0000004,0.0000003
27859,0.0001686,0.0000004,0.0000003
27860,0.0001686,0.0000004,0.0000003
27861,0.0001686,0.0000004,0.0000003
27862,0.0001686,0.0000004,0.0000003
27863,0.0001686,0.0000004,0.0000003
27864,0.0001686,0.0000004,0.0000003
27865,0.0001685,0.0000004,0.0000003
27866,0.0001685,0.0000004,0.0000003
27867,0.0001685,0.0000004,0.0000003
27868,0.0001685,0.0000004,0.0000003
27869,0.0001685,0.0000004,0.0000003
27870,0.0001685,0.0000004,0.0000003
27871,0.0001685,0.0000004,0.0000003
27872,0.0001685,0.0000004,0.0000003
27873,0.0001685,0.0000004,0.0000003
27874,0.0001685,0.0000004,0.0000003
27875,0.0001685,0.0000004,0.0000003
27876,0.0001685,0.0000004,0.0000003
27877,0.0001685,0.0000004,0.0000003
27878,0.0001685,0.0000004,0.0000003
27879,0.0001685,0.0000004,0.0000003
27880,0.0001685,0.0000004,0.0000003
27881,0.0001685,0.0000004,0.0000003
27882,0.0001685,0.0000004,0.0000003
27883,0.0001685,0.0000004,0.0000003
27884,0.0001685,0.0000004,0.0000003
27885,0.0001685,0.0000004,0.0000003
27886,0.0001685,0.0000004,0.0000003
27887,0.0001685,0.0000004,0.0000003
27888,0.0001685,0.0000004,0.0000003
27889,0.0001685,0.0000004,0.0000003
27890,0.0001685,0.0000004,0.0000003
27891,0.0001685,0.0000004,0.0000003
27892,0.0001685,0.0000004,0.0000003
27893,0.0001685,0.0000004,0.0000003
27894,0.0001685,0.0000004,0.0000003
27895,0.0001685,0.0000004,0.0000003
27896,0.0001685,0.0000004,0.0000003
27897,0.0001685,0.0000004,0.0000003
27898,0.0001685,0.0000004,0.0000003
27899,0.0001685,0.0000004,0.0000003
27900,0.0001685,0.0000004,0.0000003
27901,0.0001685,0.0000004,0.0000003
27902,0.0001685,0.0000004,0.0000003
27903,0.0001685,0.0000004,0.0000003
27904,0.0001685,0.0000004,0.0000003
27905,0.0001685,0.0000004,0.0000003
27906,0.0001685,0.0000004,0.0000003
27907,0.0001685,0.0000004,0.0000003
27908,0.0001685,0.0000004,0.0000003
27909,0.0001685,0.0000004,0.0000003
27910,0.0001685,0.0000004,0.0000003
27911,0.0001685,0.0000004,0.0000003
27912,0.0001685,0.0000004,0.0000003
27913,0.0001685,0.0000004,0.0000003
27914,0.0001685,0.0000004,0.0000003
27915,0.0001684,0.0000004,0.0000003
27916,0.0001684,0.0000004,0.0000003
27917,0.0001684,0.0000004,0.0000003
27918,0.0001684,0.0000004,0.0000003
27919,0.0001684,0.0000004,0.0000003
27920,0.0001684,0.0000004,0.0000003
27921,0.0001684,0.0000004,0.0000003
27922,0.0001684,0.0000004,0.0000003
27923,0.0001684,0.0000004,0.0000003
27924,0.0001684,0.0000004,0.0000003
27925,0.0001684,0.0000004,0.0000003
27926,0.0001684,0.0000004,0.0000003
27927,0.0001684,0.0000004,0.0000003
27928,0.0001684,0.0000004,0.0000003
27929,0.0001684,0.0000004,0.0000003
27930,0.0001684,0.0000004,0.0000003
27931,0.0001684,0.0000004,0.0000003
27932,0.0001684,0.0000004,0.0000003
27933,0.0001684,0.0000004,0.0000003
27934,0.0001684,0.0000004,0.0000003
27935,0.0001684,0.0000004,0.0000003
27936,0.0001684,0.0000004,0.0000003
27937,0.0001684,0.0000004,0.0000003
27938,0.0001684,0.0000004,0.0000003
27939,0.0001684,0.0000004,0.0000003
27940,0.0001684,0.0000004,0.0000003
27941,0.0001684,0.0000004,0.0000003
27942,0.0001684,0.0000004,0.0000003
27943,0.0001684,0.0000004,0.0000003
27944,0.0001684,0.0000004,0.0000003
27945,0.0001684,0.0000004,0.0000003
27946,0.0001684,0.0000004,0.0000003
27947,0.0001684,0.0000004,0.0000003
27948,0.0001684,0.0000004,0.0000003
27949,0.0001683,0.0000004,0.0000003
27950,0.0001683,0.0000004,0.0000003
27951,0.0001683,0.0000004,0.0000003
27952,0.0001683,0.0000004,0.0000003
27953,0.0001683,0.0000004,0.0000003
27954,0.0001683,0.0000004,0.0000003
27955,0.0001683,0.0000004,0.0000003
27956,0.0001683,0.0000004,0.0000003
27957,0.0001683,0.0000004,0.0000003
27958,0.0001683,0.0000004,0.0000003
27959,0.0001683,0.0000004,0.0000003
27960,0.0001683,0.0000004,0.0000003
27961,0.0001683,0.0000004,0.0000003
27962,0.0001683,0.0000004,0.0000003
27963,0.0001683,0.0000004,0.0000003
27964,0.0001683,0.0000004,0.0000003
27965,0.0001683,0.0000004,0.0000003
27966,0.0001683,0.0000004,0.0000003
27967,0.0001683,0.0000004,0.0000003
27968,0.0001683,0.0000004,0.0000003
27969,0.0001683,0.0000004,0.0000003
27970,0.0001683,0.0000004,0.0000003
27971,0.0001683,0.0000004,0.0000003
27972,0.0001683,0.0000004,0.0000003
27973,0.0001683,0.0000004,0.0000003
27974,0.0001683,0.0000004,0.0000003
27975,0.0001683,0.0000004,0.0000003
27976,0.0001682,0.0000004,0.0000003
27977,0.0001682,0.0000004,0.0000003
27978,0.0001682,0.0000004,0.0000003
27979,0.0001682,0.0000004,0.0000003
27980,0.0001682,0.0000004,0.0000003
27981,0.0001682,0.0000004,0.0000003
27982,0.0001682,0.0000004,0.0000003
27983,0.0001682,0.0000004,0.0000003
27984,0.0001682,0.0000004,0.0000003
27985,0.0001682,0.0000004,0.0000003
27986,0.0001682,0.0000004,0.0000003
27987,0.0001682,0.0000004,0.0000003
27988,0.0001682,0.0000004,0.0000003
27989,0.0001682,0.0000004,0.0000003
27990,0.0001682,0.0000004,0.0000003
27991,0.0001682,0.0000004,0.0000003
27992,0.0001682,0.0000004,0.0000003
27993,0.0001682,0.0000004,0.0000003
27994,0.0001682,0.0000004,0.0000003
27995,0.0001682,0.0000004,0.0000003
27996,0.0001682,0.0000004,0.0000003
27997,0.0001682,0.0000004,0.0000003
27998,0.0001682,0.0000004,0.0000003
27999,0.0001681,0.0000004,0.0000003
28000,0.0001681,0.0000004,0.0000003
28001,0.0001681,0.0000004,0.0000003
28002,0.0001681,0.0000004,0.0000003
28003,0.0001681,0.0000004,0.0000003
28004,0.0001681,0.0000004,0.0000003
28005,0.0001681,0.0000004,0.0000003
28006,0.0001681,0.0000004,0.0000003
28007,0.0001681,0.0000004,0.0000003
28008,0.0001681,0.0000004,0.0000003
28009,0.0001681,0.0000004,0.0000003
28010,0.0001681,0.0000004,0.0000003
28011,0.0001681,0.0000004,0.0000003
28012,0.0001681,0.0000004,0.0000003
28013,0.0001681,0.0000004,0.0000003
28014,0.0001681,0.0000004,0.0000003
28015,0.0001681,0.0000004,0.0000003
28016,0.0001681,0.0000004,0.0000003
28017,0.0001681,0.0000004,0.0000003
28018,0.0001681,0.0000004,0.0000003
28019,0.0001681,0.0000004,0.0000003
28020,0.0001680,0.0000004,0.0000003
28021,0.0001680,0.0000004,0.0000003
28022,0.0001680,0.0000004,0.0000003
28023,0.0001680,0.0000004,0.0000003
28024,0.0001680,0.0000004,0.0000003
28025,0.0001680,0.0000004,0.0000003
28026,0.0001680,0.0000004,0.0000003
28027,0.0001680,0.0000004,0.0000003
28028,0.0001680,0.0000004,0.0000003
28029,0.0001680,0.0000004,0.0000003
28030,0.0001680,0.0000004,0.0000003
28031,0.0001680,0.0000004,0.0000003
28032,0.0001680,0.0000004,0.0000003
28033,0.0001680,0.0000004,0.0000003
28034,0.0001680,0.0000004,0.0000003
28035,0.0001680,0.0000004,0.0000003
28036,0.0001680,0.0000004,0.0000003
28037,0.0001680,0.0000004,0.0000003
28038,0.0001680,0.0000004,0.0000003
28039,0.0001679,0.0000004,0.0000003
28040,0.0001679,0.0000004,0.0000003
28041,0.0001679,0.0000004,0.0000003
28042,0.0001679,0.0000004,0.0000003
28043,0.0001679,0.0000004,0.0000003
28044,0.0001679,0.0000004,0.0000003
28045,0.0001679,0.0000004,0.0000003
28046,0.0001679,0.0000004,0.0000003
28047,0.0001679,0.0000004,0.0000003
28048,0.0001679,0.0000004,0.0000003
28049,0.0001679,0.0000004,0.0000003
28050,0.0001679,0.0000004,0.0000003
28051,0.0001679,0.0000004,0.0000003
28052,0.0001679,0.0000004,0.0000003
28053,0.0001679,0.0000004,0.0000003
28054,0.0001679,0.0000004,0.0000003
28055,0.0001679,0.0000004,0.0000003
28056,0.0001679,0.0000004,0.0000003
28057,0.0001678,0.0000004,0.0000003
28058,0.0001678,0.0000004,0.0000003
28059,0.0001678,0.0000004,0.0000003
28060,0.0001678,0.0000004,0.0000003
28061,0.0001678,0.0000004,0.0000003
28062,0.0001678,0.0000004,0.0000003
28063,0.0001678,0.0000004,0.0000003
28064,0.0001678,0.0000004,0.0000003
28065,0.0001678,0.0000004,0.0000003
28066,0.0001678,0.0000004,0.0000003
28067,0.0001678,0.0000004,0.0000003
28068,0.0001678,0.0000004,0.0000003
28069,0.0001678,0.0000004,0.0000003
28070,0.0001678,0.0000004,0.0000003
28071,0.0001678,0.0000004,0.0000003
28072,0.0001678,0.0000004,0.0000003
28073,0.0001677,0.0000004,0.0000003
28074,0.0001677,0.0000004,0.0000003
28075,0.0001677,0.0000004,0.0000003
28076,0.0001677,0.0000004,0.0000003
28077,0.0001677,0.0000004,0.0000003
28078,0.0001677,0.0000004,0.0000003
28079,0.0001677,0.0000004,0.0000003
28080,0.0001677,0.0000004,0.0000003
28081,0.0001677,0.0000004,0.0000003
28082,0.0001677,0.0000004,0.0000003
28083,0.0001677,0.0000004,0.0000003
28084,0.0001677,0.0000004,0.0000003
28085,0.0001677,0.0000004,0.0000003
28086,0.0001677,0.0000004,0.0000003
28087,0.0001677,0.0000004,0.0000003
28088,0.0001677,0.0000004,0.0000003
28089,0.0001676,0.0000004,0.0000003
28090,0.0001676,0.0000004,0.0000003
28091,0.0001676,0.0000004,0.0000003
28092,0.0001676,0.0000004,0.0000003
28093,0.0001676,0.0000004,0.0000003
28094,0.0001676,0.0000004,0.0000003
28095,0.0001676,0.0000004,0.0000003
28096,0.0001676,0.0000004,0.0000003
28097,0.0001676,0.0000004,0.0000003
28098,0.0001676,0.0000004,0.0000003
28099,0.0001676,0.0000004,0.0000003
28100,0.0001676,0.0000004,0.0000003
28101,0.0001676,0.0000004,0.0000003
28102,0.0001676,0.0000004,0.0000003
28103,0.0001675,0.0000004,0.0000003
28104,0.0001675,0.0000004,0.0000003
28105,0.0001675,0.0000004,0.0000003
28106,0.0001675,0.0000004,0.0000003
28107,0.0001675,0.0000004,0.0000003
28108,0.0001675,0.0000004,0.0000003
28109,0.0001675,0.0000004,0.0000003
28110,0.0001675,0.0000004,0.0000003
28111,0.0001675,0.0000004,0.0000003
28112,0.0001675,0.0000004,0.0000003
28113,0.0001675,0.0000004,0.0000003
28114,0.0001675,0.0000004,0.0000003
28115,0.0001675,0.0000004,0.0000003
28116,0.0001675,0.0000004,0.0000003
28117,0.0001674,0.0000004,0.0000003
28118,0.0001674,0.0000004,0.0000003
28119,0.0001674,0.0000004,0.0000003
28120,0.0001674,0.0000004,0.0000003
28121,0.0001674,0.0000004,0.0000003
28122,0.0001674,0.0000004,0.0000003
28123,0.0001674,0.0000004,0.0000003
28124,0.0001674,0.0000004,0.0000003
28125,0.0001674,0.0000004,0.0000003
28126,0.0001674,0.0000004,0.0000003
28127,0.0001674,0.0000004,0.0000003
28128,0.0001674,0.0000004,0.0000003
28129,0.0001674,0.0000004,0.0000003
28130,0.0001674,0.0000004,0.0000003
28131,0.0001673,0.0000004,0.0000003
28132,0.0001673,0.0000004,0.0000003
28133,0.0001673,0.0000004,0.0000003
28134,0.0001673,0.0000004,0.0000003
28135,0.0001673,0.0000004,0.0000003
28136,0.0001673,0.0000004,0.0000003
28137,0.0001673,0.0000004,0.0000003
28138,0.0001673,0.0000004,0.0000003
28139,0.0001673,0.0000004,0.0000003
28140,0.0001673,0.0000004,0.0000003
28141,0.0001673,0.0000004,0.0000003
28142,0.0001673,0.0000004,0.0000003
28143,0.0001673,0.0000004,0.0000003
28144,0.0001672,0.0000004,0.0000003
28145,0.0001672,0.0000004,0.0000003
28146,0.0001672,0.0000004,0.0000003
28147,0.0001672,0.0000004,0.0000003
28148,0.0001672,0.0000004,0.0000003
28149,0.0001672,0.0000004,0.0000003
28150,0.0001672,0.0000004,0.0000003
28151,0.0001672,0.0000004,0.0000003
28152,0.0001672,0.0000004,0.0000003
28153,0.0001672,0.0000004,0.0000003
28154,0.0001672,0.0000004,0.0000003
28155,0.0001672,0.0000004,0.0000003
28156,0.0001671,0.0000004,0.0000003
28157,0.0001671,0.0000004,0.0000003
28158,0.0001671,0.0000004,0.0000003
28159,0.0001671,0.0000004,0.0000003
28160,0.0001671,0.0000004,0.0000003
28161,0.0001671,0.0000004,0.0000003
28162,0.0001671,0.0000004,0.0000003
28163,0.0001671,0.0000004,0.0000003
28164,0.0001671,0.0000004,0.0000003
28165,0.0001671,0.0000004,0.0000003
28166,0.0001671,0.0000004,0.0000003
28167,0.0001671,0.0000004,0.0000003
28168,0.0001670,0.0000004,0.0000003
28169,0.0001670,0.0000004,0.0000003
28170,0.0001670,0.0000004,0.0000003
28171,0.0001670,0.0000004,0.0000003
28172,0.0001670,0.0000004,0.0000003
28173,0.0001670,0.0000004,0.0000003
28174,0.0001670,0.0000004,0.0000003
28175,0.0001670,0.0000004,0.0000003
28176,0.0001670,0.0000004,0.0000003
28177,0.0001670,0.0000004,0.0000003
28178,0.0001670,0.0000004,0.0000003
28179,0.0001670,0.0000004,0.0000003
28180,0.0001669,0.0000004,0.0000003
28181,0.0001669,0.0000004,0.0000003
28182,0.0001669,0.0000004,0.0000003
28183,0.0001669,0.0000004,0.0000003
28184,0.0001669,0.0000004,0.0000003
28185,0.0001669,0.0000004,0.0000003
28186,0.0001669,0.0000004,0.0000003
28187,0.0001669,0.0000004,0.0000003
28188,0.0001669,0.0000004,0.0000003
28189,0.0001669,0.0000004,0.0000003
28190,0.0001669,0.0000004,0.0000003
28191,0.0001668,0.0000004,0.0000003
28192,0.0001668,0.0000004,0.0000003
28193,0.0001668,0.0000004,0.0000003
28194,0.0001668,0.0000004,0.0000003
28195,0.0001668,0.0000004,0.0000003
28196,0.0001668,0.0000004,0.0000003
28197,0.0001668,0.0000004,0.0000003
28198,0.0001668,0.0000004,0.0000003
28199,0.0001668,0.0000004,0.0000003
28200,0.0001668,0.0000004,0.0000003
28201,0.0001668,0.0000004,0.0000003
28202,0.0001667,0.0000004,0.0000003
28203,0.0001667,0.0000004,0.0000003
28204,0.0001667,0.0000004,0.0000003
28205,0.0001667,0.0000004,0.0000003
28206,0.0001667,0.0000004,0.0000003
28207,0.0001667,0.0000004,0.0000003
28208,0.0001667,0.0000004,0.0000003
28209,0.0001667,0.0000004,0.0000003
28210,0.0001667,0.0000004,0.0000003
28211,0.0001667,0.0000004,0.0000003
28212,0.0001667,0.0000004,0.0000003
28213,0.0001666,0.0000004,0.0000003
28214,0.0001666,0.0000004,0.0000003
28215,0.0001666,0.0000004,0.0000003
28216,0.0001666,0.0000004,0.0000003
28217,0.0001666,0.0000004,0.0000003
28218,0.0001666,0.0000004,0.0000003
28219,0.0001666,0.0000004,0.0000003
28220,0.0001666,0.0000004,0.0000003
28221,0.0001666,0.0000004,0.0000003
28222,0.0001666,0.0000004,0.0000003
28223,0.0001666,0.0000004,0.0000003
28224,0.0001665,0.0000004,0.0000003
28225,0.0001665,0.0000004,0.0000003
28226,0.0001665,0.0000004,0.0000003
28227,0.0001665,0.0000004,0.0000003
28228,0.0001665,0.0000004,0.0000003
28229,0.0001665,0.0000004,0.0000003
28230,0.0001665,0.0000004,0.0000003
28231,0.0001665,0.0000004,0.0000003
28232,0.0001665,0.0000004,0.0000003
28233,0.0001665,0.0000004,0.0000003
28234,0.0001664,0.0000004,0.0000003
28235,0.0001664,0.0000004,0.0000003
28236,0.0001664,0.0000004,0.0000003
28237,0.0001664,0.0000004,0.0000003
28238,0.0001664,0.0000004,0.0000003
28239,0.0001664,0.0000004,0.0000003
28240,0.0001664,0.0000004,0.0000003
28241,0.0001664,0.0000004,0.0000003
28242,0.0001664,0.0000004,0.0000003
28243,0.0001664,0.0000004,0.0000003
28244,0.0001663,0.0000004,0.0000003
28245,0.0001663,0.0000004,0.0000003
28246,0.0001663,0.0000004,0.0000003
28247,0.0001663,0.0000004,0.0000003
28248,0.0001663,0.0000004,0.0000003
28249,0.0001663,0.0000004,0.0000003
28250,0.0001663,0.0000004,0.0000003
28251,0.0001663,0.0000004,0.0000003
28252,0.0001663,0.0000004,0.0000003
28253,0.0001663,0.0000004,0.0000003
28254,0.0001662,0.0000004,0.0000003
28255,0.0001662,0.0000004,0.0000003
28256,0.0001662,0.0000004,0.0000003
28257,0.0001662,0.0000004,0.0000003
28258,0.0001662,0.0000004,0.0000003
28259,0.0001662,0.0000004,0.0000003
28260,0.0001662,0.0000004,0.0000003
28261,0.0001662,0.0000004,0.0000003
28262,0.0001662,0.0000004,0.0000003
28263,0.0001662,0.0000004,0.0000003
28264,0.0001661,0.0000004,0.0000003
28265,0.0001661,0.0000004,0.0000003
28266,0.0001661,0.0000004,0.0000003
28267,0.0001661,0.0000004,0.0000003
28268,0.0001661,0.0000004,0.0000003
28269,0.0001661,0.0000004,0.0000003
28270,0.0001661,0.0000004,0.0000003
28271,0.0001661,0.0000004,0.0000003
28272,0.0001661,0.0000004,0.0000003
28273,0.0001661,0.0000004,0.0000003
28274,0.0001660,0.0000004,0.0000003
28275,0.0001660,0.0000004,0.0000003
28276,0.0001660,0.0000004,0.0000003
28277,0.0001660,0.0000004,0.0000003
28278,0.0001660,0.0000004,0.0000003
28279,0.0001660,0.0000004,0.0000003
28280,0.0001660,0.0000004,0.0000003
28281,0.0001660,0.0000004,0.0000003
28282,0.0001660,0.0000004,0.0000003
28283,0.0001659,0.0000004,0.0000003
28284,0.0001659,0.0000004,0.0000003
28285,0.0001659,0.0000004,0.0000003
28286,0.0001659,0.0000004,0.0000003
28287,0.0001659,0.0000004,0.0000003
28288,0.0001659,0.0000004,0.0000003
28289,0.0001659,0.0000004,0.0000003
28290,0.0001659,0.0000004,0.0000003
28291,0.0001659,0.0000004,0.0000003
28292,0.0001658,0.0000004,0.0000003
28293,0.0001658,0.0000004,0.0000003
28294,0.0001658,0.0000004,0.0000003
28295,0.0001658,0.0000004,0.0000003
28296,0.0001658,0.0000004,0.0000003
28297,0.0001658,0.0000004,0.0000003
28298,0.0001658,0.0000004,0.0000003
28299,0.0001658,0.0000004,0.0000003
28300,0.0001658,0.0000004,0.0000003
28301,0.0001657,0.0000004,0.0000003
28302,0.0001657,0.0000004,0.0000003
28303,0.0001657,0.0000004,0.0000003
28304,0.0001657,0.0000004,0.0000003
28305,0.0001657,0.0000004,0.0000003
28306,0.0001657,0.0000004,0.0000003
28307,0.0001657,0.0000004,0.0000003
28308,0.0001657,0.0000004,0.0000003
28309,0.0001657,0.0000004,0.0000003
28310,0.0001657,0.0000004,0.0000003
28311,0.0001656,0.0000004,0.0000003
28312,0.0001656,0.0000004,0.0000003
28313,0.0001656,0.0000004,0.0000003
28314,0.0001656,0.0000004,0.0000003
28315,0.0001656,0.0000004,0.0000003
28316,0.0001656,0.0000004,0.0000003
28317,0.0001656,0.0000004,0.0000003
28318,0.0001656,0.0000004,0.0000003
28319,0.0001655,0.0000004,0.0000003
28320,0.0001655,0.0000004,0.0000003
28321,0.0001655,0.0000004,0.0000003
28322,0.0001655,0.0000004,0.0000003
28323,0.0001655,0.0000004,0.0000003
28324,0.0001655,0.0000004,0.0000003
28325,0.0001655,0.0000004,0.0000003
28326,0.0001655,0.0000004,0.0000003
28327,0.0001655,0.0000004,0.0000003
28328,0.0001654,0.0000004,0.0000003
28329,0.0001654,0.0000004,0.0000003
28330,0.0001654,0.0000004,0.0000003
28331,0.0001654,0.0000004,0.0000003
28332,0.0001654,0.0000004,0.0000003
28333,0.0001654,0.0000004,0.0000003
28334,0.0001654,0.0000004,0.0000003
28335,0.0001654,0.0000004,0.0000003
28336,0.0001654,0.0000004,0.0000003
28337,0.0001653,0.0000004,0.0000003
28338,0.0001653,0.0000004,0.0000003
28339,0.0001653,0.0000004,0.0000003
28340,0.0001653,0.0000004,0.0000003
28341,0.0001653,0.0000004,0.0000003
28342,0.0001653,0.0000004,0.0000003
28343,0.0001653,0.0000004,0.0000003
28344,0.0001653,0.0000004,0.0000003
28345,0.0001653,0.0000004,0.0000003
28346,0.0001652,0.0000004,0.0000003
28347,0.0001652,0.0000004,0.0000003
28348,0.0001652,0.0000004,0.0000003
28349,0.0001652,0.0000004,0.0000003
28350,0.0001652,0.0000004,0.0000003
28351,0.0001652,0.0000004,0.0000003
28352,0.0001652,0.0000004,0.0000003
28353,0.0001652,0.0000004,0.0000003
28354,0.0001651,0.0000004,0.0000003
28355,0.0001651,0.0000004,0.0000003
28356,0.0001651,0.0000004,0.0000003
28357,0.0001651,0.0000004,0.0000003
28358,0.0001651,0.0000004,0.0000003
28359,0.0001651,0.0000004,0.0000003
28360,0.0001651,0.0000004,0.0000003
28361,0.0001651,0.0000004,0.0000003
28362,0.0001651,0.0000004,0.0000003
28363,0.0001650,0.0000004,0.0000003
28364,0.0001650,0.0000004,0.0000003
28365,0.0001650,0.0000004,0.0000003
28366,0.0001650,0.0000004,0.0000003
28367,0.0001650,0.0000004,0.0000003
28368,0.0001650,0.0000004,0.0000003
28369,0.0001650,0.0000004,0.0000003
28370,0.0001650,0.0000004,0.0000003
28371,0.0001649,0.0000004,0.0000003
28372,0.0001649,0.0000004,0.0000003
28373,0.0001649,0.0000004,0.0000003
28374,0.0001649,0.0000004,0.0000003
28375,0.0001649,0.0000004,0.0000003
28376,0.0001649,0.0000004,0.0000003
28377,0.0001649,0.0000004,0.0000003
28378,0.0001649,0.0000004,0.0000003
28379,0.0001648,0.0000004,0.0000003
28380,0.0001648,0.0000004,0.0000003
28381,0.0001648,0.0000004,0.0000003
28382,0.0001648,0.0000004,0.0000003
28383,0.0001648,0.0000004,0.0000003
28384,0.0001648,0.0000004,0.0000003
28385,0.0001648,0.0000004,0.0000003
28386,0.0001648,0.0000004,0.0000003
28387,0.0001648,0.0000004,0.0000003
28388,0.0001647,0.0000004,0.0000003
28389,0.0001647,0.0000004,0.0000003
28390,0.0001647,0.0000004,0.0000003
28391,0.0001647,0.0000004,0.0000003
28392,0.0001647,0.0000004,0.0000003
28393,0.0001647,0.0000004,0.0000003
28394,0.0001647,0.0000004,0.0000003
28395,0.0001647,0.0000004,0.0000003
28396,0.0001646,0.0000004,0.0000003
28397,0.0001646,0.0000004,0.0000003
28398,0.0001646,0.0000004,0.0000003
28399,0.0001646,0.0000004,0.0000003
28400,0.0001646,0.0000004,0.0000003
28401,0.0001646,0.0000004,0.0000003
28402,0.0001646,0.0000004,0.0000003
28403,0.0001646,0.0000004,0.0000003
28404,0.0001645,0.0000004,0.0000003
28405,0.0001645,0.0000004,0.0000003
28406,0.0001645,0.0000004,0.0000003
28407,0.0001645,0.0000004,0.0000003
28408,0.0001645,0.0000004,0.0000003
28409,0.0001645,0.0000004,0.0000003
28410,0.0001645,0.0000004,0.0000003
28411,0.0001645,0.0000004,0.0000003
28412,0.0001644,0.0000004,0.0000003
28413,0.0001644,0.0000004,0.0000003
28414,0.0001644,0.0000004,0.0000003
28415,0.0001644,0.0000004,0.0000003
28416,0.0001644,0.0000004,0.0000003
28417,0.0001644,0.0000004,0.0000003
28418,0.0001644,0.0000004,0.0000003
28419,0.0001644,0.0000004,0.0000003
28420,0.0001643,0.0000004,0.0000003
28421,0.0001643,0.0000004,0.0000003
28422,0.0001643,0.0000004,0.0000003
28423,0.0001643,0.0000004,0.0000003
28424,0.0001643,0.0000004,0.0000003
28425,0.0001643,0.0000004,0.0000003
28426,0.0001643,0.0000004,0.0000003
28427,0.0001643,0.0000004,0.0000003
28428,0.0001642,0.0000004,0.0000003
28429,0.0001642,0.0000004,0.0000003
28430,0.0001642,0.0000004,0.0000003
28431,0.0001642,0.0000004,0.0000003
28432,0.0001642,0.0000004,0.0000003
28433,0.0001642,0.0000004,0.0000003
28434,0.0001642,0.0000004,0.0000003
28435,0.0001642,0.0000004,0.0000003
28436,0.0001641,0.0000004,0.0000003
28437,0.0001641,0.0000004,0.0000003
28438,0.0001641,0.0000004,0.0000003
28439,0.0001641,0.0000004,0.0000003
28440,0.0001641,0.0000004,0.0000003
28441,0.0001641,0.0000004,0.0000003
28442,0.0001641,0.0000004,0.0000003
28443,0.0001640,0.0000004,0.0000003
28444,0.0001640,0.0000004,0.0000003
28445,0.0001640,0.0000004,0.0000003
28446,0.0001640,0.0000004,0.0000003
28447,0.0001640,0.0000004,0.0000003
28448,0.0001640,0.0000004,0.0000003
28449,0.0001640,0.0000004,0.0000003
28450,0.0001640,0.0000004,0.0000003
28451,0.0001639,0.0000004,0.0000003
28452,0.0001639,0.0000004,0.0000003
28453,0.0001639,0.0000004,0.0000003
28454,0.0001639,0.0000004,0.0000003
28455,0.0001639,0.0000004,0.0000003
28456,0.0001639,0.0000004,0.0000003
28457,0.0001639,0.0000004,0.0000003
28458,0.0001639,0.0000004,0.0000003
28459,0.0001638,0.0000004,0.0000003
28460,0.0001638,0.0000004,0.0000003
28461,0.0001638,0.0000004,0.0000003
28462,0.0001638,0.0000004,0.0000003
28463,0.0001638,0.0000004,0.0000003
28464,0.0001638,0.0000004,0.0000003
28465,0.0001638,0.0000004,0.0000003
28466,0.0001638,0.0000004,0.0000003
28467,0.0001637,0.0000004,0.0000003
28468,0.0001637,0.0000004,0.0000003
28469,0.0001637,0.0000004,0.0000003
28470,0.0001637,0.0000004,0.0000003
28471,0.0001637,0.0000004,0.0000003
28472,0.0001637,0.0000004,0.0000003
28473,0.0001637,0.0000004,0.0000003
28474,0.0001636,0.0000004,0.0000003
28475,0.0001636,0.0000004,0.0000003
28476,0.0001636,0.0000004,0.0000003
28477,0.0001636,0.0000004,0.0000003
28478,0.0001636,0.0000004,0.0000003
28479,0.0001636,0.0000004,0.0000003
28480,0.0001636,0.0000004,0.0000003
28481,0.0001636,0.0000004,0.0000003
28482,0.0001635,0.0000004,0.0000003
28483,0.0001635,0.0000004,0.0000003
28484,0.0001635,0.0000004,0.0000003
28485,0.0001635,0.0000004,0.0000003
28486,0.0001635,0.0000004,0.0000003
28487,0.0001635,0.0000004,0.0000003
28488,0.0001635,0.0000004,0.0000003
28489,0.0001635,0.0000004,0.0000003
28490,0.0001634,0.0000004,0.0000003
28491,0.0001634,0.0000004,0.0000003
28492,0.0001634,0.0000004,0.0000003
28493,0.0001634,0.0000004,0.0000003
28494,0.0001634,0.0000004,0.0000003
28495,0.0001634,0.0000004,0.0000003
28496,0.0001634,0.0000004,0.0000003
28497,0.0001633,0.0000004,0.0000003
28498,0.0001633,0.0000004,0.0000003
28499,0.0001633,0.0000004,0.0000003
28500,0.0001633,0.0000004,0.0000003
28501,0.0001633,0.0000004,0.0000003
28502,0.0001633,0.0000004,0.0000002
28503,0.0001633,0.0000004,0.0000002
28504,0.0001633,0.0000004,0.0000002
28505,0.0001632,0.0000004,0.0000002
28506,0.0001632,0.0000004,0.0000002
28507,0.0001632,0.0000004,0.0000002
28508,0.0001632,0.0000004,0.0000002
28509,0.0001632,0.0000004,0.0000002
28510,0.0001632,0.0000004,0.0000002
28511,0.0001632,0.0000004,0.0000002
28512,0.0001631,0.0000004,0.0000002
28513,0.0001631,0.0000004,0.0000002
28514,0.0001631,0.0000004,0.0000002
28515,0.0001631,0.0000004,0.0000002
28516,0.0001631,0.0000004,0.0000002
28517,0.0001631,0.0000004,0.0000002
28518,0.0001631,0.0000004,0.0000002
28519,0.0001631,0.0000004,0.0000002
28520,0.0001630,0.0000004,0.0000002
28521,0.0001630,0.0000004,0.0000002
28522,0.0001630,0.0000004,0.0000002
28523,0.0001630,0.0000004,0.0000002
28524,0.0001630,0.0000004,0.0000002
28525,0.0001630,0.0000004,0.0000002
28526,0.0001630,0.0000004,0.0000002
28527,0.0001629,0.0000004,0.0000002
28528,0.0001629,0.0000004,0.0000002
28529,0.0001629,0.0000004,0.0000002
28530,0.0001629,0.0000004,0.0000002
28531,0.0001629,0.0000004,0.0000002
28532,0.0001629,0.0000004,0.0000002
28533,0.0001629,0.0000004,0.0000002
28534,0.0001629,0.0000004,0.0000002
28535,0.0001628,0.0000004,0.0000002
28536,0.0001628,0.0000004,0.0000002
28537,0.0001628,0.0000004,0.0000002
28538,0.0001628,0.0000004,0.0000002
28539,0.0001628,0.0000004,0.0000002
28540,0.0001628,0.0000004,0.0000002
28541,0.0001628,0.0000004,0.0000002
28542,0.0001627,0.0000004,0.0000002
28543,0.0001627,0.0000004,0.0000002
28544,0.0001627,0.0000004,0.0000002
28545,0.0001627,0.0000004,0.0000002
28546,0.0001627,0.0000004,0.0000002
28547,0.0001627,0.0000004,0.0000002
28548,0.0001627,0.0000004,0.0000002
28549,0.0001627,0.0000004,0.0000002
28550,0.0001626,0.0000004,0.0000002
28551,0.0001626,0.0000004,0.0000002
28552,0.0001626,0.0000004,0.0000002
28553,0.0001626,0.0000004,0.0000002
28554,0.0001626,0.0000004,0.0000002
28555,0.0001626,0.0000004,0.0000002
28556,0.0001626,0.0000004,0.0000002
28557,0.0001625,0.0000004,0.0000002
28558,0.0001625,0.0000004,0.0000002
28559,0.0001625,0.0000004,0.0000002
28560,0.0001625,0.0000004,0.0000002
28561,0.0001625,0.0000004,0.0000002
28562,0.0001625,0.0000004,0.0000002
28563,0.0001625,0.0000004,0.0000002
28564,0.0001624,0.0000004,0.0000002
28565,0.0001624,0.0000004,0.0000002
28566,0.0001624,0.0000004,0.0000002
28567,0.0001624,0.0000004,0.0000002
28568,0.0001624,0.0000004,0.0000002
28569,0.0001624,0.0000004,0.0000002
28570,0.0001624,0.0000004,0.0000002
28571,0.0001624,0.0000004,0.0000002
28572,0.0001623,0.0000004,0.0000002
28573,0.0001623,0.0000004,0.0000002
28574,0.0001623,0.0000004,0.0000002
28575,0.0001623,0.0000004,0.0000002
28576,0.0001623,0.0000004,0.0000002
28577,0.0001623,0.0000004,0.0000002
28578,0.0001623,0.0000004,0.0000002
28579,0.0001622,0.0000004,0.0000002
28580,0.0001622,0.0000004,0.0000002
28581,0.0001622,0.0000004,0.0000002
28582,0.0001622,0.0000004,0.0000002
28583,0.0001622,0.0000004,0.0000002
28584,0.0001622,0.0000004,0.0000002
28585,0.0001622,0.0000004,0.0000002
28586,0.0001621,0.0000004,0.0000002
28587,0.0001621,0.0000004,0.0000002
28588,0.0001621,0.0000004,0.0000002
28589,0.0001621,0.0000004,0.0000002
28590,0.0001621,0.0000004,0.0000002
28591,0.0001621,0.0000004,0.0000002
28592,0.0001621,0.0000004,0.0000002
28593,0.0001621,0.0000004,0.0000002
28594,0.0001620,0.0000004,0.0000002
28595,0.0001620,0.0000004,0.0000002
28596,0.0001620,0.0000004,0.0000002
28597,0.0001620,0.0000004,0.0000002
28598,0.0001620,0.0000004,0.0000002
28599,0.0001620,0.0000004,0.0000002
28600,0.0001620,0.0000004,0.0000002
28601,0.0001619,0.0000004,0.0000002
28602,0.0001619,0.0000004,0.0000002
28603,0.0001619,0.0000004,0.0000002
28604,0.0001619,0.0000004,0.0000002
28605,0.0001619,0.0000004,0.0000002
28606,0.0001619,0.0000004,0.0000002
28607,0.0001619,0.0000004,0.0000002
28608,0.0001618,0.0000004,0.0000002
28609,0.0001618,0.0000004,0.0000002
28610,0.0001618,0.0000004,0.0000002
28611,0.0001618,0.0000004,0.0000002
28612,0.0001618,0.0000004,0.0000002
28613,0.0001618,0.0000004,0.0000002
28614,0.0001618,0.0000004,0.0000002
28615,0.0001618,0.0000004,0.0000002
28616,0.0001617,0.0000004,0.0000002
28617,0.0001617,0.0000004,0.0000002
28618,0.0001617,0.0000004,0.0000002
28619,0.0001617,0.0000004,0.0000002
28620,0.0001617,0.0000004,0.0000002
28621,0.0001617,0.0000004,0.0000002
28622,0.0001617,0.0000004,0.0000002
28623,0.0001616,0.0000004,0.0000002
28624,0.0001616,0.0000004,0.0000002
28625,0.0001616,0.0000004,0.0000002
28626,0.0001616,0.0000004,0.0000002
28627,0.0001616,0.0000004,0.0000002
28628,0.0001616,0.0000004,0.0000002
28629,0.0001616,0.0000004,0.0000002
28630,0.0001616,0.0000004,0.0000002
28631,0.0001615,0.0000004,0.0000002
28632,0.0001615,0.0000004,0.0000002
28633,0.0001615,0.0000004,0.0000002
28634,0.0001615,0.0000004,0.0000002
28635,0.0001615,0.0000004,0.0000002
28636,0.0001615,0.0000004,0.0000002
28637,0.0001615,0.0000004,0.0000002
28638,0.0001614,0.0000004,0.0000002
28639,0.0001614,0.0000004,0.0000002
28640,0.0001614,0.0000004,0.0000002
28641,0.0001614,0.0000004,0.0000002
28642,0.0001614,0.0000004,0.0000002
28643,0.0001614,0.0000004,0.0000002
28644,0.0001614,0.0000004,0.0000002
28645,0.0001613,0.0000004,0.0000002
28646,0.0001613,0.0000004,0.0000002
28647,0.0001613,0.0000004,0.0000002
28648,0.0001613,0.0000004,0.0000002
28649,0.0001613,0.0000004,0.0000002
28650,0.0001613,0.0000004,0.0000002
28651,0.0001613,0.0000004,0.0000002
28652,0.0001613,0.0000004,0.0000002
28653,0.0001612,0.0000004,0.0000002
28654,0.0001612,0.0000004,0.0000002
28655,0.0001612,0.0000004,0.0000002
28656,0.0001612,0.0000004,0.0000002
28657,0.0001612,0.0000004,0.0000002
28658,0.0001612,0.0000004,0.0000002
28659,0.0001612,0.0000004,0.0000002
28660,0.0001611,0.0000004,0.0000002
28661,0.0001611,0.0000004,0.0000002
28662,0.0001611,0.0000004,0.0000002
28663,0.0001611,0.0000004,0.0000002
28664,0.0001611,0.0000004,0.0000002
28665,0.0001611,0.0000004,0.0000002
28666,0.0001611,0.0000004,0.0000002
28667,0.0001610,0.0000004,0.0000002
28668,0.0001610,0.0000004,0.0000002
28669,0.0001610,0.0000004,0.0000002
28670,0.0001610,0.0000004,0.0000002
28671,0.0001610,0.0000004,0.0000002
28672,0.0001610,0.0000004,0.0000002
28673,0.0001610,0.0000004,0.0000002
28674,0.0001610,0.0000004,0.0000002
28675,0.0001609,0.0000004,0.0000002
28676,0.0001609,0.0000004,0.0000002
28677,0.0001609,0.0000004,0.0000002
28678,0.0001609,0.0000004,0.0000002
28679,0.0001609,0.0000004,0.0000002
28680,0.0001609,0.0000004,0.0000002
28681,0.0001609,0.0000004,0.0000002
28682,0.0001608,0.0000004,0.0000002
28683,0.0001608,0.0000004,0.0000002
28684,0.0001608,0.0000004,0.0000002
28685,0.0001608,0.0000004,0.0000002
28686,0.0001608,0.0000004,0.0000002
28687,0.0001608,0.0000004,0.0000002
28688,0.0001608,0.0000004,0.0000002
28689,0.0001608,0.0000004,0.0000002
28690,0.0001607,0.0000004,0.0000002
28691,0.0001607,0.0000004,0.0000002
28692,0.0001607,0.0000004,0.0000002
28693,0.0001607,0.0000004,0.0000002
28694,0.0001607,0.0000004,0.0000002
28695,0.0001607,0.0000004,0.0000002
28696,0.0001607,0.0000004,0.0000002
28697,0.0001606,0.0000004,0.0000002
28698,0.0001606,0.0000004,0.0000002
28699,0.0001606,0.0000004,0.0000002
28700,0.0001606,0.0000004,0.0000002
28701,0.0001606,0.0000004,0.0000002
28702,0.0001606,0.0000004,0.0000002
28703,0.0001606,0.0000004,0.0000002
28704,0.0001606,0.0000004,0.0000002
28705,0.0001605,0.0000004,0.0000002
28706,0.0001605,0.0000004,0.0000002
28707,0.0001605,0.0000004,0.0000002
28708,0.0001605,0.0000004,0.0000002
28709,0.0001605,0.0000004,0.0000002
28710,0.0001605,0.0000004,0.0000002
28711,0.0001605,0.0000004,0.0000002
28712,0.0001604,0.0000004,0.0000002
28713,0.0001604,0.0000004,0.0000002
28714,0.0001604,0.0000004,0.0000002
28715,0.0001604,0.0000004,0.0000002
28716,0.0001604,0.0000004,0.0000002
28717,0.0001604,0.0000004,0.0000002
28718,0.0001604,0.0000004,0.0000002
28719,0.0001603,0.0000004,0.0000002
28720,0.0001603,0.0000004,0.0000002
28721,0.0001603,0.0000004,0.0000002
28722,0.0001603,0.0000004,0.0000002
28723,0.0001603,0.0000004,0.0000002
28724,0.0001603,0.0000004,0.0000002
28725,0.0001603,0.0000004,0.0000002
28726,0.0001603,0.0000004,0.0000002
28727,0.0001602,0.0000004,0.0000002
28728,0.0001602,0.0000004,0.0000002
28729,0.0001602,0.0000004,0.0000002
28730,0.0001602,0.0000004,0.0000002
28731,0.0001602,0.0000004,0.0000002
28732,0.0001602,0.0000004,0.0000002
28733,0.0001602,0.0000004,0.0000002
28734,0.0001602,0.0000004,0.0000002
28735,0.0001601,0.0000004,0.0000002
28736,0.0001601,0.0000004,0.0000002
28737,0.0001601,0.0000004,0.0000002
28738,0.0001601,0.0000004,0.0000002
28739,0.0001601,0.0000004,0.0000002
28740,0.0001601,0.0000004,0.0000002
28741,0.0001601,0.0000004,0.0000002
28742,0.0001600,0.0000004,0.0000002
28743,0.0001600,0.0000004,0.0000002
28744,0.0001600,0.0000004,0.0000002
28745,0.0001600,0.0000004,0.0000002
28746,0.0001600,0.0000004,0.0000002
28747,0.0001600,0.0000004,0.0000002
28748,0.0001600,0.0000004,0.0000002
28749,0.0001600,0.0000004,0.0000002
28750,0.0001599,0.0000004,0.0000002
28751,0.0001599,0.0000004,0.0000002
28752,0.0001599,0.0000004,0.0000002
28753,0.0001599,0.0000004,0.0000002
28754,0.0001599,0.0000004,0.0000002
28755,0.0001599,0.0000004,0.0000002
28756,0.0001599,0.0000004,0.0000002
28757,0.0001598,0.0000004,0.0000002
28758,0.0001598,0.0000004,0.0000002
28759,0.0001598,0.0000004,0.0000002
28760,0.0001598,0.0000004,0.0000002
28761,0.0001598,0.0000004,0.0000002
28762,0.0001598,0.0000004,0.0000002
28763,0.0001598,0.0000004,0.0000002
28764,0.0001598,0.0000004,0.0000002
28765,0.0001597,0.0000004,0.0000002
28766,0.0001597,0.0000004,0.0000002
28767,0.0001597,0.0000004,0.0000002
28768,0.0001597,0.0000004,0.0000002
28769,0.0001597,0.0000004,0.0000002
28770,0.0001597,0.0000004,0.0000002
28771,0.0001597,0.0000004,0.0000002
28772,0.0001597,0.0000004,0.0000002
28773,0.0001596,0.0000004,0.0000002
28774,0.0001596,0.0000004,0.0000002
28775,0.0001596,0.0000004,0.0000002
28776,0.0001596,0.0000004,0.0000002
28777,0.0001596,0.0000004,0.0000002
28778,0.0001596,0.0000004,0.0000002
28779,0.0001596,0.0000004,0.0000002
28780,0.0001595,0.0000004,0.0000002
28781,0.0001595,0.0000004,0.0000002
28782,0.0001595,0.0000004,0.0000002
28783,0.0001595,0.0000004,0.0000002
28784,0.0001595,0.0000004,0.0000002
28785,0.0001595,0.0000004,0.0000002
28786,0.0001595,0.0000004,0.0000002
28787,0.0001595,0.0000004,0.0000002
28788,0.0001594,0.0000004,0.0000002
28789,0.0001594,0.0000004,0.0000002
28790,0.0001594,0.0000004,0.0000002
28791,0.0001594,0.0000004,0.0000002
28792,0.0001594,0.0000004,0.0000002
28793,0.0001594,0.0000004,0.0000002
28794,0.0001594,0.0000004,0.0000002
28795,0.0001594,0.0000004,0.0000002
28796,0.0001593,0.0000004,0.0000002
28797,0.0001593,0.0000004,0.0000002
28798,0.0001593,0.0000004,0.0000002
28799,0.0001593,0.0000004,0.0000002
28800,0.0001593,0.0000004,0.0000002
28801,0.0001593,0.0000004,0.0000002
28802,0.0001593,0.0000004,0.0000002
28803,0.0001593,0.0000004,0.0000002
28804,0.0001592,0.0000004,0.0000002
28805,0.0001592,0.0000004,0.0000002
28806,0.0001592,0.0000004,0.0000002
28807,0.0001592,0.0000004,0.0000002
28808,0.0001592,0.0000004,0.0000002
28809,0.0001592,0.0000004,0.0000002
28810,0.0001592,0.0000004,0.0000002
28811,0.0001592,0.0000004,0.0000002
28812,0.0001591,0.0000004,0.0000002
28813,0.0001591,0.0000004,0.0000002
28814,0.0001591,0.0000004,0.0000002
28815,0.0001591,0.0000004,0.0000002
28816,0.0001591,0.0000004,0.0000002
28817,0.0001591,0.0000004,0.0000002
28818,0.0001591,0.0000004,0.0000002
28819,0.0001591,0.0000004,0.0000002
28820,0.0001590,0.0000004,0.0000002
28821,0.0001590,0.0000004,0.0000002
28822,0.0001590,0.0000004,0.0000002
28823,0.0001590,0.0000004,0.0000002
28824,0.0001590,0.0000004,0.0000002
28825,0.0001590,0.0000004,0.0000002
28826,0.0001590,0.0000004,0.0000002
28827,0.0001589,0.0000004,0.0000002
28828,0.0001589,0.0000004,0.0000002
28829,0.0001589,0.0000004,0.0000002
28830,0.0001589,0.0000004,0.0000002
28831,0.0001589,0.0000004,0.0000002
28832,0.0001589,0.0000004,0.0000002
28833,0.0001589,0.0000004,0.0000002
28834,0.0001589,0.0000004,0.0000002
28835,0.0001589,0.0000004,0.0000002
28836,0.0001588,0.0000004,0.0000002
28837,0.0001588,0.0000004,0.0000002
28838,0.0001588,0.0000004,0.0000002
28839,0.0001588,0.0000004,0.0000002
28840,0.0001588,0.0000004,0.0000002
28841,0.0001588,0.0000004,0.0000002
28842,0.0001588,0.0000004,0.0000002
28843,0.0001588,0.0000004,0.0000002
28844,0.0001587,0.0000004,0.0000002
28845,0.0001587,0.0000004,0.0000002
28846,0.0001587,0.0000004,0.0000002
28847,0.0001587,0.0000004,0.0000002
28848,0.0001587,0.0000004,0.0000002
28849,0.0001587,0.0000004,0.0000002
28850,0.0001587,0.0000004,0.0000002
28851,0.0001587,0.0000004,0.0000002
28852,0.0001586,0.0000004,0.0000002
28853,0.0001586,0.0000004,0.0000002
28854,0.0001586,0.0000004,0.0000002
28855,0.0001586,0.0000004,0.0000002
28856,0.0001586,0.0000004,0.0000002
28857,0.0001586,0.0000004,0.0000002
28858,0.0001586,0.0000004,0.0000002
28859,0.0001586,0.0000004,0.0000002
28860,0.0001585,0.0000004,0.0000002
28861,0.0001585,0.0000004,0.0000002
28862,0.0001585,0.0000004,0.0000002
28863,0.0001585,0.0000004,0.0000002
28864,0.0001585,0.0000004,0.0000002
28865,0.0001585,0.0000004,0.0000002
28866,0.0001585,0.0000004,0.0000002
28867,0.0001585,0.0000004,0.0000002
28868,0.0001584,0.0000004,0.0000002
28869,0.0001584,0.0000004,0.0000002
28870,0.0001584,0.0000004,0.0000002
28871,0.0001584,0.0000004,0.0000002
28872,0.0001584,0.0000004,0.0000002
28873,0.0001584,0.0000004,0.0000002
28874,0.0001584,0.0000004,0.0000002
28875,0.0001584,0.0000004,0.0000002
28876,0.0001583,0.0000004,0.0000002
28877,0.0001583,0.0000004,0.0000002
28878,0.0001583,0.0000004,0.0000002
28879,0.0001583,0.0000004,0.0000002
28880,0.0001583,0.0000004,0.0000002
28881,0.0001583,0.0000004,0.0000002
28882,0.0001583,0.0000004,0.0000002
28883,0.0001583,0.0000004,0.0000002
28884,0.0001583,0.0000004,0.0000002
28885,0.0001582,0.0000004,0.0000002
28886,0.0001582,0.0000004,0.0000002
28887,0.0001582,0.0000004,0.0000002
28888,0.0001582,0.0000004,0.0000002
28889,0.0001582,0.0000004,0.0000002
28890,0.0001582,0.0000004,0.0000002
28891,0.0001582,0.0000004,0.0000002
28892,0.0001582,0.0000004,0.0000002
28893,0.0001581,0.0000004,0.0000002
28894,0.0001581,0.0000004,0.0000002
28895,0.0001581,0.0000004,0.0000002
28896,0.0001581,0.0000004,0.0000002
28897,0.0001581,0.0000004,0.0000002
28898,0.0001581,0.0000004,0.0000002
28899,0.0001581,0.0000004,0.0000002
28900,0.0001581,0.0000004,0.0000002
28901,0.0001581,0.0000004,0.0000002
28902,0.0001580,0.0000004,0.0000002
28903,0.0001580,0.0000004,0.0000002
28904,0.0001580,0.0000004,0.0000002
28905,0.0001580,0.0000004,0.0000002
28906,0.0001580,0.0000004,0.0000002
28907,0.0001580,0.0000004,0.0000002
28908,0.0001580,0.0000004,0.0000002
28909,0.0001580,0.0000004,0.0000002
28910,0.0001579,0.0000004,0.0000002
28911,0.0001579,0.0000004,0.0000002
28912,0.0001579,0.0000004,0.0000002
28913,0.0001579,0.0000004,0.0000002
28914,0.0001579,0.0000004,0.0000002
28915,0.0001579,0.0000004,0.0000002
28916,0.0001579,0.0000004,0.0000002
28917,0.0001579,0.0000004,0.0000002
28918,0.0001579,0.0000004,0.0000002
28919,0.0001578,0.0000004,0.0000002
28920,0.0001578,0.0000004,0.0000002
28921,0.0001578,0.0000004,0.0000002
28922,0.0001578,0.0000004,0.0000002
28923,0.0001578,0.0000004,0.0000002
28924,0.0001578,0.0000004,0.0000002
28925,0.0001578,0.0000004,0.0000002
28926,0.0001578,0.0000004,0.0000002
28927,0.0001578,0.0000004,0.0000002
28928,0.0001577,0.0000004,0.0000002
28929,0.0001577,0.0000004,0.0000002
28930,0.0001577,0.0000004,0.0000002
28931,0.0001577,0.0000004,0.0000002
28932,0.0001577,0.0000004,0.0000002
28933,0.0001577,0.0000004,0.0000002
28934,0.0001577,0.0000004,0.0000002
28935,0.0001577,0.0000004,0.0000002
28936,0.0001576,0.0000004,0.0000002
28937,0.0001576,0.0000004,0.0000002
28938,0.0001576,0.0000004,0.0000002
28939,0.0001576,0.0000004,0.0000002
28940,0.0001576,0.0000004,0.0000002
28941,0.0001576,0.0000004,0.0000002
28942,0.0001576,0.0000004,0.0000002
28943,0.0001576,0.0000004,0.0000002
28944,0.0001576,0.0000004,0.0000002
28945,0.0001575,0.0000004,0.0000002
28946,0.0001575,0.0000004,0.0000002
28947,0.0001575,0.0000004,0.0000002
28948,0.0001575,0.0000004,0.0000002
28949,0.0001575,0.0000004,0.0000002
28950,0.0001575,0.0000004,0.0000002
28951,0.0001575,0.0000004,0.0000002
28952,0.0001575,0.0000004,0.0000002
28953,0.0001575,0.0000004,0.0000002
28954,0.0001574,0.0000004,0.0000002
28955,0.0001574,0.0000004,0.0000002
28956,0.0001574,0.0000004,0.0000002
28957,0.0001574,0.0000004,0.0000002
28958,0.0001574,0.0000004,0.0000002
28959,0.0001574,0.0000004,0.0000002
28960,0.0001574,0.0000004,0.0000002
28961,0.0001574,0.0000004,0.0000002
28962,0.0001574,0.0000004,0.0000002
28963,0.0001573,0.0000004,0.0000002
28964,0.0001573,0.0000004,0.0000002
28965,0.0001573,0.0000004,0.0000002
28966,0.0001573,0.0000004,0.0000002
28967,0.0001573,0.0000004,0.0000002
28968,0.0001573,0.0000004,0.0000002
28969,0.0001573,0.0000004,0.0000002
28970,0.0001573,0.0000004,0.0000002
28971,0.0001573,0.0000004,0.0000002
28972,0.0001572,0.0000004,0.0000002
28973,0.0001572,0.0000004,0.0000002
28974,0.0001572,0.0000004,0.0000002
28975,0.0001572,0.0000004,0.0000002
28976,0.0001572,0.0000004,0.0000002
28977,0.0001572,0.0000004,0.0000002
28978,0.0001572,0.0000004,0.0000002
28979,0.0001572,0.0000004,0.0000002
28980,0.0001572,0.0000004,0.0000002
28981,0.0001572,0.0000004,0.0000002
28982,0.0001571,0.0000004,0.0000002
28983,0.0001571,0.0000004,0.0000002
28984,0.0001571,0.0000004,0.0000002
28985,0.0001571,0.0000004,0.0000002
28986,0.0001571,0.0000004,0.0000002
28987,0.0001571,0.0000004,0.0000002
28988,0.0001571,0.0000004,0.0000002
28989,0.0001571,0.0000004,0.0000002
28990,0.0001571,0.0000004,0.0000002
28991,0.0001570,0.0000004,0.0000002
28992,0.0001570,0.0000004,0.0000002
28993,0.0001570,0.0000004,0.0000002
28994,0.0001570,0.0000004,0.0000002
28995,0.0001570,0.0000004,0.0000002
28996,0.0001570,0.0000004,0.0000002
28997,0.0001570,0.0000004,0.0000002
28998,0.0001570,0.0000004,0.0000002
28999,0.0001570,0.0000004,0.0000002
29000,0.0001570,0.0000004,0.0000002
29001,0.0001569,0.0000004,0.0000002
29002,0.0001569,0.0000004,0.0000002
29003,0.0001569,0.0000004,0.0000002
29004,0.0001569,0.0000004,0.0000002
29005,0.0001569,0.0000004,0.0000002
29006,0.0001569,0.0000004,0.0000002
29007,0.0001569,0.0000004,0.0000002
29008,0.0001569,0.0000004,0.0000002
29009,0.0001569,0.0000004,0.0000002
29010,0.0001568,0.0000004,0.0000002
29011,0.0001568,0.0000004,0.0000002
29012,0.0001568,0.0000004,0.0000002
29013,0.0001568,0.0000004,0.0000002
29014,0.0001568,0.0000004,0.0000002
29015,0.0001568,0.0000004,0.0000002
29016,0.0001568,0.0000004,0.0000002
29017,0.0001568,0.0000004,0.0000002
29018,0.0001568,0.0000004,0.0000002
29019,0.0001568,0.0000004,0.0000002
29020,0.0001567,0.0000004,0.0000002
29021,0.0001567,0.0000004,0.0000002
29022,0.0001567,0.0000004,0.0000002
29023,0.0001567,0.0000004,0.0000002
29024,0.0001567,0.0000004,0.0000002
29025,0.0001567,0.0000004,0.0000002
29026,0.0001567,0.0000004,0.0000002
29027,0.0001567,0.0000004,0.0000002
29028,0.0001567,0.0000004,0.0000002
29029,0.0001567,0.0000004,0.0000002
29030,0.0001566,0.0000004,0.0000002
29031,0.0001566,0.0000004,0.0000002
29032,0.0001566,0.0000004,0.0000002
29033,0.0001566,0.0000004,0.0000002
29034,0.0001566,0.0000004,0.0000002
29035,0.0001566,0.0000004,0.0000002
29036,0.0001566,0.0000004,0.0000002
29037,0.0001566,0.0000004,0.0000002
29038,0.0001566,0.0000004,0.0000002
29039,0.0001566,0.0000004,0.0000002
29040,0.0001565,0.0000004,0.0000002
29041,0.0001565,0.0000004,0.0000002
29042,0.0001565,0.0000004,0.0000002
29043,0.0001565,0.0000004,0.0000002
29044,0.0001565,0.0000004,0.0000002
29045,0.0001565,0.0000004,0.0000002
29046,0.0001565,0.0000004,0.0000002
29047,0.0001565,0.0000004,0.0000002
29048,0.0001565,0.0000004,0.0000002
29049,0.0001565,0.0000004,0.0000002
29050,0.0001564,0.0000004,0.0000002
29051,0.0001564,0.0000004,0.0000002
29052,0.0001564,0.0000004,0.0000002
29053,0.0001564,0.0000004,0.0000002
29054,0.0001564,0.0000004,0.0000002
29055,0.0001564,0.0000004,0.0000002
29056,0.0001564,0.0000004,0.0000002
29057,0.0001564,0.0000004,0.0000002
29058,0.0001564,0.0000004,0.0000002
29059,0.0001564,0.0000004,0.0000002
29060,0.0001563,0.0000004,0.0000002
29061,0.0001563,0.0000004,0.0000002
29062,0.0001563,0.0000004,0.0000002
29063,0.0001563,0.0000004,0.0000002
29064,0.0001563,0.0000004,0.0000002
29065,0.0001563,0.0000004,0.0000002
29066,0.0001563,0.0000004,0.0000002
29067,0.0001563,0.0000004,0.0000002
29068,0.0001563,0.0000004,0.0000002
29069,0.0001563,0.0000004,0.0000002
29070,0.0001562,0.0000004,0.0000002
29071,0.0001562,0.0000004,0.0000002
29072,0.0001562,0.0000004,0.0000002
29073,0.0001562,0.0000004,0.0000002
29074,0.0001562,0.0000004,0.0000002
29075,0.0001562,0.0000004,0.0000002
29076,0.0001562,0.0000004,0.0000002
29077,0.0001562,0.0000004,0.0000002
29078,0.0001562,0.0000004,0.0000002
29079,0.0001562,0.0000004,0.0000002
29080,0.0001562,0.0000004,0.0000002
29081,0.0001561,0.0000004,0.0000002
29082,0.0001561,0.0000004,0.0000002
29083,0.0001561,0.0000004,0.0000002
29084,0.0001561,0.0000004,0.0000002
29085,0.0001561,0.0000004,0.0000002
29086,0.0001561,0.0000004,0.0000002
29087,0.0001561,0.0000004,0.0000002
29088,0.0001561,0.0000004,0.0000002
29089,0.0001561,0.0000004,0.0000002
29090,0.0001561,0.0000004,0.0000002
29091,0.0001561,0.0000004,0.0000002
29092,0.0001560,0.0000004,0.0000002
29093,0.0001560,0.0000004,0.0000002
29094,0.0001560,0.0000004,0.0000002
29095,0.0001560,0.0000004,0.0000002
29096,0.0001560,0.0000004,0.0000002
29097,0.0001560,0.0000004,0.0000002
29098,0.0001560,0.0000004,0.0000002
29099,0.0001560,0.0000004,0.0000002
29100,0.0001560,0.0000004,0.0000002
29101,0.0001560,0.0000004,0.0000002
29102,0.0001560,0.0000004,0.0000002
29103,0.0001559,0.0000004,0.0000002
29104,0.0001559,0.0000004,0.0000002
29105,0.0001559,0.0000004,0.0000002
29106,0.0001559,0.0000004,0.0000002
29107,0.0001559,0.0000004,0.0000002
29108,0.0001559,0.0000004,0.0000002
29109,0.0001559,0.0000004,0.0000002
29110,0.0001559,0.0000004,0.0000002
29111,0.0001559,0.0000004,0.0000002
29112,0.0001559,0.0000004,0.0000002
29113,0.0001559,0.0000004,0.0000002
29114,0.0001558,0.0000004,0.0000002
29115,0.0001558,0.0000004,0.0000002
29116,0.0001558,0.0000004,0.0000002
29117,0.0001558,0.0000004,0.0000002
29118,0.0001558,0.0000004,0.0000002
29119,0.0001558,0.0000004,0.0000002
29120,0.0001558,0.0000004,0.0000002
29121,0.0001558,0.0000004,0.0000002
29122,0.0001558,0.0000004,0.0000002
29123,0.0001558,0.0000004,0.0000002
29124,0.0001558,0.0000004,0.0000002
29125,0.0001557,0.0000004,0.0000002
29126,0.0001557,0.0000004,0.0000002
29127,0.0001557,0.0000004,0.0000002
29128,0.0001557,0.0000004,0.0000002
29129,0.0001557,0.0000004,0.0000002
29130,0.0001557,0.0000004,0.0000002
29131,0.0001557,0.0000004,0.0000002
29132,0.0001557,0.0000004,0.0000002
29133,0.0001557,0.0000004,0.0000002
29134,0.0001557,0.0000004,0.0000002
29135,0.0001557,0.0000004,0.0000002
29136,0.0001557,0.0000004,0.0000002
29137,0.0001556,0.0000004,0.0000002
29138,0.0001556,0.0000004,0.0000002
29139,0.0001556,0.0000004,0.0000002
29140,0.0001556,0.0000004,0.0000002
29141,0.0001556,0.0000004,0.0000002
29142,0.0001556,0.0000004,0.0000002
29143,0.0001556,0.0000004,0.0000002
29144,0.0001556,0.0000004,0.0000002
29145,0.0001556,0.0000004,0.0000002
29146,0.0001556,0.0000004,0.0000002
29147,0.0001556,0.0000004,0.0000002
29148,0.0001555,0.0000004,0.0000002
29149,0.0001555,0.0000004,0.0000002
29150,0.0001555,0.0000004,0.0000002
29151,0.0001555,0.0000004,0.0000002
29152,0.0001555,0.0000004,0.0000002
29153,0.0001555,0.0000004,0.0000002
29154,0.0001555,0.0000004,0.0000002
29155,0.0001555,0.0000004,0.0000002
29156,0.0001555,0.0000004,0.0000002
29157,0.0001555,0.0000004,0.0000002
29158,0.0001555,0.0000004,0.0000002
29159,0.0001555,0.0000004,0.0000002
29160,0.0001554,0.0000004,0.0000002
29161,0.0001554,0.0000004,0.0000002
29162,0.0001554,0.0000004,0.0000002
29163,0.0001554,0.0000004,0.0000002
29164,0.0001554,0.0000004,0.0000002
29165,0.0001554,0.0000004,0.0000002
29166,0.0001554,0.0000004,0.0000002
29167,0.0001554,0.0000004,0.0000002
29168,0.0001554,0.0000004,0.0000002
29169,0.0001554,0.0000004,0.0000002
29170,0.0001554,0.0000004,0.0000002
29171,0.0001554,0.0000004,0.0000002
29172,0.0001553,0.0000004,0.0000002
29173,0.0001553,0.0000004,0.0000002
29174,0.0001553,0.0000004,0.0000002
29175,0.0001553,0.0000004,0.0000002
29176,0.0001553,0.0000004,0.0000002
29177,0.0001553,0.0000004,0.0000002
29178,0.0001553,0.0000004,0.0000002
29179,0.0001553,0.0000004,0.0000002
29180,0.0001553,0.0000004,0.0000002
29181,0.0001553,0.0000004,0.0000002
29182,0.0001553,0.0000004,0.0000002
29183,0.0001553,0.0000004,0.0000002
29184,0.0001553,0.0000004,0.0000002
29185,0.0001552,0.0000004,0.0000002
29186,0.0001552,0.0000004,0.0000002
29187,0.0001552,0.0000004,0.0000002
29188,0.0001552,0.0000004,0.0000002
29189,0.0001552,0.0000004,0.0000002
29190,0.0001552,0.0000004,0.0000002
29191,0.0001552,0.0000004,0.0000002
29192,0.0001552,0.0000004,0.0000002
29193,0.0001552,0.0000004,0.0000002
29194,0.0001552,0.0000004,0.0000002
29195,0.0001552,0.0000004,0.0000002
29196,0.0001552,0.0000004,0.0000002
29197,0.0001551,0.0000004,0.0000002
29198,0.0001551,0.0000004,0.0000002
29199,0.0001551,0.0000004,0.0000002
29200,0.0001551,0.0000004,0.0000002
29201,0.0001551,0.0000004,0.0000002
29202,0.0001551,0.0000004,0.0000002
29203,0.0001551,0.0000004,0.0000002
29204,0.0001551,0.0000004,0.0000002
29205,0.0001551,0.0000004,0.0000002
29206,0.0001551,0.0000004,0.0000002
29207,0.0001551,0.0000004,0.0000002
29208,0.0001551,0.0000004,0.0000002
29209,0.0001551,0.0000004,0.0000002
29210,0.0001550,0.0000004,0.0000002
29211,0.0001550,0.0000004,0.0000002
29212,0.0001550,0.0000004,0.0000002
29213,0.0001550,0.0000004,0.0000002
29214,0.0001550,0.0000004,0.0000002
29215,0.0001550,0.0000004,0.0000002
29216,0.0001550,0.0000004,0.0000002
29217,0.0001550,0.0000004,0.0000002
29218,0.0001550,0.0000004,0.0000002
29219,0.0001550,0.0000004,0.0000002
29220,0.0001550,0.0000004,0.0000002
29221,0.0001550,0.0000004,0.0000002
29222,0.0001550,0.0000004,0.0000002
29223,0.0001549,0.0000004,0.0000002
29224,0.0001549,0.0000004,0.0000002
29225,0.0001549,0.0000004,0.0000002
29226,0.0001549,0.0000004,0.0000002
29227,0.0001549,0.0000004,0.0000002
29228,0.0001549,0.0000004,0.0000002
29229,0.0001549,0.0000004,0.0000002
29230,0.0001549,0.0000004,0.0000002
29231,0.0001549,0.0000004,0.0000002
29232,0.0001549,0.0000004,0.0000002
29233,0.0001549,0.0000004,0.0000002
29234,0.0001549,0.0000004,0.0000002
29235,0.0001549,0.0000004,0.0000002
29236,0.0001549,0.0000004,0.0000002
29237,0.0001548,0.0000004,0.0000002
29238,0.0001548,0.0000004,0.0000002
29239,0.0001548,0.0000004,0.0000002
29240,0.0001548,0.0000004,0.0000002
29241,0.0001548,0.0000004,0.0000002
29242,0.0001548,0.0000004,0.0000002
29243,0.0001548,0.0000004,0.0000002
29244,0.0001548,0.0000004,0.0000002
29245,0.0001548,0.0000004,0.0000002
29246,0.0001548,0.0000004,0.0000002
29247,0.0001548,0.0000004,0.0000002
29248,0.0001548,0.0000004,0.0000002
29249,0.0001548,0.0000004,0.0000002
29250,0.0001547,0.0000004,0.0000002
29251,0.0001547,0.0000004,0.0000002
29252,0.0001547,0.0000004,0.0000002
29253,0.0001547,0.0000004,0.0000002
29254,0.0001547,0.0000004,0.0000002
29255,0.0001547,0.0000004,0.0000002
29256,0.0001547,0.0000004,0.0000002
29257,0.0001547,0.0000004,0.0000002
29258,0.0001547,0.0000004,0.0000002
29259,0.0001547,0.0000004,0.0000002
29260,0.0001547,0.0000004,0.0000002
29261,0.0001547,0.0000004,0.0000002
29262,0.0001547,0.0000004,0.0000002
29263,0.0001547,0.0000004,0.0000002
29264,0.0001546,0.0000004,0.0000002
29265,0.0001546,0.0000004,0.0000002
29266,0.0001546,0.0000004,0.0000002
29267,0.0001546,0.0000004,0.0000002
29268,0.0001546,0.0000004,0.0000002
29269,0.0001546,0.0000004,0.0000002
29270,0.0001546,0.0000004,0.0000002
29271,0.0001546,0.0000004,0.0000002
29272,0.0001546,0.0000004,0.0000002
29273,0.0001546,0.0000004,0.0000002
29274,0.0001546,0.0000004,0.0000002
29275,0.0001546,0.0000004,0.0000002
29276,0.0001546,0.0000004,0.0000002
29277,0.0001546,0.0000004,0.0000002
29278,0.0001546,0.0000004,0.0000002
29279,0.0001545,0.0000004,0.0000002
29280,0.0001545,0.0000004,0.0000002
29281,0.0001545,0.0000004,0.0000002
29282,0.0001545,0.0000004,0.0000002
29283,0.0001545,0.0000004,0.0000002
29284,0.0001545,0.0000004,0.0000002
29285,0.0001545,0.0000004,0.0000002
29286,0.0001545,0.0000004,0.0000002
29287,0.0001545,0.0000004,0.0000002
29288,0.0001545,0.0000004,0.0000002
29289,0.0001545,0.0000004,0.0000002
29290,0.0001545,0.0000004,0.0000002
29291,0.0001545,0.0000004,0.0000002
29292,0.0001545,0.0000004,0.0000002
29293,0.0001544,0.0000004,0.0000002
29294,0.0001544,0.0000004,0.0000002
29295,0.0001544,0.0000004,0.0000002
29296,0.0001544,0.0000004,0.0000002
29297,0.0001544,0.0000004,0.0000002
29298,0.0001544,0.0000004,0.0000002
29299,0.0001544,0.0000004,0.0000002
29300,0.0001544,0.0000004,0.0000002
29301,0.0001544,0.0000004,0.0000002
29302,0.0001544,0.0000004,0.0000002
29303,0.0001544,0.0000004,0.0000002
29304,0.0001544,0.0000004,0.0000002
29305,0.0001544,0.0000004,0.0000002
29306,0.0001544,0.0000004,0.0000002
29307,0.0001544,0.0000004,0.0000002
29308,0.0001543,0.0000004,0.0000002
29309,0.0001543,0.0000004,0.0000002
29310,0.0001543,0.0000004,0.0000002
29311,0.0001543,0.0000004,0.0000002
29312,0.0001543,0.0000004,0.0000002
29313,0.0001543,0.0000004,0.0000002
29314,0.0001543,0.0000004,0.0000002
29315,0.0001543,0.0000004,0.0000002
29316,0.0001543,0.0000004,0.0000002
29317,0.0001543,0.0000004,0.0000002
29318,0.0001543,0.0000004,0.0000002
29319,0.0001543,0.0000004,0.0000002
29320,0.0001543,0.0000004,0.0000002
29321,0.0001543,0.0000004,0.0000002
29322,0.0001543,0.0000004,0.0000002
29323,0.0001543,0.0000004,0.0000002
29324,0.0001542,0.0000004,0.0000002
29325,0.0001542,0.0000004,0.0000002
29326,0.0001542,0.0000004,0.0000002
29327,0.0001542,0.0000004,0.0000002
29328,0.0001542,0.0000004,0.0000002
29329,0.0001542,0.0000004,0.0000002
29330,0.0001542,0.0000004,0.0000002
29331,0.0001542,0.0000004,0.0000002
29332,0.0001542,0.0000004,0.0000002
29333,0.0001542,0.0000004,0.0000002
29334,0.0001542,0.0000004,0.0000002
29335,0.0001542,0.0000004,0.0000002
29336,0.0001542,0.0000004,0.0000002
29337,0.0001542,0.0000004,0.0000002
29338,0.0001542,0.0000004,0.0000002
29339,0.0001542,0.0000004,0.0000002
29340,0.0001541,0.0000004,0.0000002
29341,0.0001541,0.0000004,0.0000002
29342,0.0001541,0.0000004,0.0000002
29343,0.0001541,0.0000004,0.0000002
29344,0.0001541,0.0000004,0.0000002
29345,0.0001541,0.0000004,0.0000002
29346,0.0001541,0.0000004,0.0000002
29347,0.0001541,0.0000004,0.0000002
29348,0.0001541,0.0000004,0.0000002
29349,0.0001541,0.0000004,0.0000002
29350,0.0001541,0.0000004,0.0000002
29351,0.0001541,0.0000004,0.0000002
29352,0.0001541,0.0000004,0.0000002
29353,0.0001541,0.0000004,0.0000002
29354,0.0001541,0.0000004,0.0000002
29355,0.0001541,0.0000004,0.0000002
29356,0.0001540,0.0000004,0.0000002
29357,0.0001540,0.0000004,0.0000002
29358,0.0001540,0.0000004,0.0000002
29359,0.0001540,0.0000004,0.0000002
29360,0.0001540,0.0000004,0.0000002
29361,0.0001540,0.0000004,0.0000002
29362,0.0001540,0.0000004,0.0000002
29363,0.0001540,0.0000004,0.0000002
29364,0.0001540,0.0000004,0.0000002
29365,0.0001540,0.0000004,0.0000002
29366,0.0001540,0.0000004,0.0000002
29367,0.0001540,0.0000004,0.0000002
29368,0.0001540,0.0000004,0.0000002
29369,0.0001540,0.0000004,0.0000002
29370,0.0001540,0.0000004,0.0000002
29371,0.0001540,0.0000004,0.0000002
29372,0.0001539,0.0000004,0.0000002
29373,0.0001539,0.0000004,0.0000002
29374,0.0001539,0.0000004,0.0000002
29375,0.0001539,0.0000004,0.0000002
29376,0.0001539,0.0000004,0.0000002
29377,0.0001539,0.0000004,0.0000002
29378,0.0001539,0.0000004,0.0000002
29379,0.0001539,0.0000004,0.0000002
29380,0.0001539,0.0000004,0.0000002
29381,0.0001539,0.0000004,0.0000002
29382,0.0001539,0.0000004,0.0000002
29383,0.0001539,0.0000004,0.0000002
29384,0.0001539,0.0000004,0.0000002
29385,0.0001539,0.0000004,0.0000002
29386,0.0001539,0.0000004,0.0000002
29387,0.0001539,0.0000004,0.0000002
29388,0.0001539,0.0000004,0.0000002
29389,0.0001538,0.0000004,0.0000002
29390,0.0001538,0.0000004,0.0000002
29391,0.0001538,0.0000004,0.0000002
29392,0.0001538,0.0000004,0.0000002
29393,0.0001538,0.0000004,0.0000002
29394,0.0001538,0.0000004,0.0000002
29395,0.0001538,0.0000004,0.0000002
29396,0.0001538,0.0000004,0.0000002
29397,0.0001538,0.0000004,0.0000002
29398,0.0001538,0.0000004,0.0000002
29399,0.0001538,0.0000004,0.0000002
29400,0.0001538,0.0000004,0.0000002
29401,0.0001538,0.0000004,0.0000002
29402,0.0001538,0.0000004,0.0000002
29403,0.0001538,0.0000004,0.0000002
29404,0.0001538,0.0000004,0.0000002
29405,0.0001538,0.0000004,0.0000002
29406,0.0001537,0.0000004,0.0000002
29407,0.0001537,0.0000004,0.0000002
29408,0.0001537,0.0000004,0.0000002
29409,0.0001537,0.0000004,0.0000002
29410,0.0001537,0.0000004,0.0000002
29411,0.0001537,0.0000004,0.0000002
29412,0.0001537,0.0000004,0.0000002
29413,0.0001537,0.0000004,0.0000002
29414,0.0001537,0.0000004,0.0000002
29415,0.0001537,0.0000004,0.0000002
29416,0.0001537,0.0000004,0.0000002
29417,0.0001537,0.0000004,0.0000002
29418,0.0001537,0.0000004,0.0000002
29419,0.0001537,0.0000004,0.0000002
29420,0.0001537,0.0000004,0.0000002
29421,0.0001537,0.0000004,0.0000002
29422,0.0001537,0.0000004,0.0000002
29423,0.0001537,0.0000004,0.0000002
29424,0.0001536,0.0000004,0.0000002
29425,0.0001536,0.0000004,0.0000002
29426,0.0001536,0.0000004,0.0000002
29427,0.0001536,0.0000004,0.0000002
29428,0.0001536,0.0000004,0.0000002
29429,0.0001536,0.0000004,0.0000002
29430,0.0001536,0.0000004,0.0000002
29431,0.0001536,0.0000004,0.0000002
29432,0.0001536,0.0000004,0.0000002
29433,0.0001536,0.0000004,0.0000002
29434,0.0001536,0.0000004,0.0000002
29435,0.0001536,0.0000004,0.0000002
29436,0.0001536,0.0000004,0.0000002
29437,0.0001536,0.0000004,0.0000002
29438,0.0001536,0.0000004,0.0000002
29439,0.0001536,0.0000004,0.0000002
29440,0.0001536,0.0000004,0.0000002
29441,0.0001536,0.0000004,0.0000002
29442,0.0001535,0.0000004,0.0000002
29443,0.0001535,0.0000004,0.0000002
29444,0.0001535,0.0000004,0.0000002
29445,0.0001535,0.0000004,0.0000002
29446,0.0001535,0.0000004,0.0000002
29447,0.0001535,0.0000004,0.0000002
29448,0.0001535,0.0000004,0.0000002
29449,0.0001535,0.0000004,0.0000002
29450,0.0001535,0.0000004,0.0000002
29451,0.0001535,0.0000004,0.0000002
29452,0.0001535,0.0000004,0.0000002
29453,0.0001535,0.0000004,0.0000002
29454,0.0001535,0.0000004,0.0000002
29455,0.0001535,0.0000004,0.0000002
29456,0.0001535,0.0000004,0.0000002
29457,0.0001535,0.0000004,0.0000002
29458,0.0001535,0.0000004,0.0000002
29459,0.0001535,0.0000004,0.0000002
29460,0.0001534,0.0000004,0.0000002
29461,0.0001534,0.0000004,0.0000002
29462,0.0001534,0.0000004,0.0000002
29463,0.0001534,0.0000004,0.0000002
29464,0.0001534,0.0000004,0.0000002
29465,0.0001534,0.0000004,0.0000002
29466,0.0001534,0.0000004,0.0000002
29467,0.0001534,0.0000004,0.0000002
29468,0.0001534,0.0000004,0.0000002
29469,0.0001534,0.0000004,0.0000002
29470,0.0001534,0.0000004,0.0000002
29471,0.0001534,0.0000004,0.0000002
29472,0.0001534,0.0000004,0.0000002
29473,0.0001534,0.0000004,0.0000002
29474,0.0001534,0.0000004,0.0000002
29475,0.0001534,0.0000004,0.0000002
29476,0.0001534,0.0000004,0.0000002
29477,0.0001534,0.0000004,0.0000002
29478,0.0001534,0.0000004,0.0000002
29479,0.0001533,0.0000004,0.0000002
29480,0.0001533,0.0000004,0.0000002
29481,0.0001533,0.0000004,0.0000002
29482,0.0001533,0.0000004,0.0000002
29483,0.0001533,0.0000004,0.0000002
29484,0.0001533,0.0000004,0.0000002
29485,0.0001533,0.0000004,0.0000002
29486,0.0001533,0.0000004,0.0000002
29487,0.0001533,0.0000004,0.0000002
29488,0.0001533,0.0000004,0.0000002
29489,0.0001533,0.0000004,0.0000002
29490,0.0001533,0.0000004,0.0000002
29491,0.0001533,0.0000004,0.0000002
29492,0.0001533,0.0000004,0.0000002
29493,0.0001533,0.0000004,0.0000002
29494,0.0001533,0.0000004,0.0000002
29495,0.0001533,0.0000004,0.0000002
29496,0.0001533,0.0000004,0.0000002
29497,0.0001533,0.0000004,0.0000002
29498,0.0001532,0.0000004,0.0000002
29499,0.0001532,0.0000004,0.0000002
29500,0.0001532,0.0000004,0.0000002
29501,0.0001532,0.0000004,0.0000002
29502,0.0001532,0.0000004,0.0000002
29503,0.0001532,0.0000004,0.0000002
29504,0.0001532,0.0000004,0.0000002
29505,0.0001532,0.0000004,0.0000002
29506,0.0001532,0.0000004,0.0000002
29507,0.0001532,0.0000004,0.0000002
29508,0.0001532,0.0000004,0.0000002
29509,0.0001532,0.0000004,0.0000002
29510,0.0001532,0.0000004,0.0000002
29511,0.0001532,0.0000004,0.0000002
29512,0.0001532,0.0000004,0.0000002
29513,0.0001532,0.0000004,0.0000002
29514,0.0001532,0.0000004,0.0000002
29515,0.0001532,0.0000004,0.0000002
29516,0.0001532,0.0000004,0.0000002
29517,0.0001531,0.0000004,0.0000002
29518,0.0001531,0.0000004,0.0000002
29519,0.0001531,0.0000004,0.0000002
29520,0.0001531,0.0000004,0.0000002
29521,0.0001531,0.0000004,0.0000002
29522,0.0001531,0.0000004,0.0000002
29523,0.0001531,0.0000004,0.0000002
29524,0.0001531,0.0000004,0.0000002
29525,0.0001531,0.0000004,0.0000002
29526,0.0001531,0.0000004,0.0000002
29527,0.0001531,0.0000004,0.0000002
29528,0.0001531,0.0000004,0.0000002
29529,0.0001531,0.0000004,0.0000002
29530,0.0001531,0.0000004,0.0000002
29531,0.0001531,0.0000004,0.0000002
29532,0.0001531,0.0000004,0.0000002
29533,0.0001531,0.0000004,0.0000002
29534,0.0001531,0.0000004,0.0000002
29535,0.0001531,0.0000004,0.0000002
29536,0.0001530,0.0000004,0.0000002
29537,0.0001530,0.0000004,0.0000002
29538,0.0001530,0.0000004,0.0000002
29539,0.0001530,0.0000004,0.0000002
29540,0.0001530,0.0000004,0.0000002
29541,0.0001530,0.0000004,0.0000002
29542,0.0001530,0.0000004,0.0000002
29543,0.0001530,0.0000004,0.0000002
29544,0.0001530,0.0000004,0.0000002
29545,0.0001530,0.0000004,0.0000002
29546,0.0001530,0.0000004,0.0000002
29547,0.0001530,0.0000004,0.0000002
29548,0.0001530,0.0000004,0.0000002
29549,0.0001530,0.0000004,0.0000002
29550,0.0001530,0.0000004,0.0000002
29551,0.0001530,0.0000004,0.0000002
29552,0.0001530,0.0000004,0.0000002
29553,0.0001530,0.0000004,0.0000002
29554,0.0001530,0.0000004,0.0000002
29555,0.0001530,0.0000004,0.0000002
29556,0.0001529,0.0000004,0.0000002
29557,0.0001529,0.0000004,0.0000002
29558,0.0001529,0.0000004,0.0000002
29559,0.0001529,0.0000004,0.0000002
29560,0.0001529,0.0000004,0.0000002
29561,0.0001529,0.0000004,0.0000002
29562,0.0001529,0.0000004,0.0000002
29563,0.0001529,0.0000004,0.0000002
29564,0.0001529,0.0000004,0.0000002
29565,0.0001529,0.0000004,0.0000002
29566,0.0001529,0.0000004,0.0000002
29567,0.0001529,0.0000004,0.0000002
29568,0.0001529,0.0000004,0.0000002
29569,0.0001529,0.0000004,0.0000002
29570,0.0001529,0.0000004,0.0000002
29571,0.0001529,0.0000004,0.0000002
29572,0.0001529,0.0000004,0.0000002
29573,0.0001529,0.0000004,0.0000002
29574,0.0001529,0.0000004,0.0000002
29575,0.0001529,0.0000004,0.0000002
29576,0.0001528,0.0000004,0.0000002
29577,0.0001528,0.0000004,0.0000002
29578,0.0001528,0.0000004,0.0000002
29579,0.0001528,0.0000004,0.0000002
29580,0.0001528,0.0000004,0.0000002
29581,0.0001528,0.0000004,0.0000002
29582,0.0001528,0.0000004,0.0000002
29583,0.0001528,0.0000004,0.0000002
29584,0.0001528,0.0000004,0.0000002
29585,0.0001528,0.0000004,0.0000002
29586,0.0001528,0.0000004,0.0000002
29587,0.0001528,0.0000004,0.0000002
29588,0.0001528,0.0000004,0.0000002
29589,0.0001528,0.0000004,0.0000002
29590,0.0001528,0.0000004,0.0000002
29591,0.0001528,0.0000004,0.0000002
29592,0.0001528,0.0000004,0.0000002
29593,0.0001528,0.0000004,0.0000002
29594,0.0001528,0.0000004,0.0000002
29595,0.0001527,0.0000004,0.0000002
29596,0.0001527,0.0000004,0.0000002
29597,0.0001527,0.0000004,0.0000002
29598,0.0001527,0.0000004,0.0000002
29599,0.0001527,0.0000004,0.0000002
29600,0.0001527,0.0000004,0.0000002
29601,0.0001527,0.0000004,0.0000002
29602,0.0001527,0.0000004,0.0000002
29603,0.0001527,0.0000004,0.0000002
29604,0.0001527,0.0000004,0.0000002
29605,0.0001527,0.0000004,0.0000002
29606,0.0001527,0.0000004,0.0000002
29607,0.0001527,0.0000004,0.0000002
29608,0.0001527,0.0000004,0.0000002
29609,0.0001527,0.0000004,0.0000002
29610,0.0001527,0.0000004,0.0000002
29611,0.0001527,0.0000004,0.0000002
29612,0.0001527,0.0000004,0.0000002
29613,0.0001527,0.0000004,0.0000002
29614,0.0001527,0.0000004,0.0000002
29615,0.0001526,0.0000004,0.0000002
29616,0.0001526,0.0000004,0.0000002
29617,0.0001526,0.0000004,0.0000002
29618,0.0001526,0.0000004,0.0000002
29619,0.0001526,0.0000004,0.0000002
29620,0.0001526,0.0000004,0.0000002
29621,0.0001526,0.0000004,0.0000002
29622,0.0001526,0.0000004,0.0000002
29623,0.0001526,0.0000004,0.0000002
29624,0.0001526,0.0000004,0.0000002
29625,0.0001526,0.0000004,0.0000002
29626,0.0001526,0.0000004,0.0000002
29627,0.0001526,0.0000004,0.0000002
29628,0.0001526,0.0000004,0.0000002
29629,0.0001526,0.0000004,0.0000002
29630,0.0001526,0.0000004,0.0000002
29631,0.0001526,0.0000004,0.0000002
29632,0.0001526,0.0000004,0.0000002
29633,0.0001526,0.0000004,0.0000002
29634,0.0001526,0.0000004,0.0000002
29635,0.0001525,0.0000004,0.0000002
29636,0.0001525,0.0000004,0.0000002
29637,0.0001525,0.0000004,0.0000002
29638,0.0001525,0.0000004,0.0000002
29639,0.0001525,0.0000004,0.0000002
29640,0.0001525,0.0000004,0.0000002
29641,0.0001525,0.0000004,0.0000002
29642,0.0001525,0.0000004,0.0000002
29643,0.0001525,0.0000004,0.0000002
29644,0.0001525,0.0000004,0.0000002
29645,0.0001525,0.0000004,0.0000002
29646,0.0001525,0.0000004,0.0000002
29647,0.0001525,0.0000004,0.0000002
29648,0.0001525,0.0000004,0.0000002
29649,0.0001525,0.0000004,0.0000002
29650,0.0001525,0.0000004,0.0000002
29651,0.0001525,0.0000004,0.0000002
29652,0.0001525,0.0000004,0.0000002
29653,0.0001525,0.0000004,0.0000002
29654,0.0001524,0.0000004,0.0000002
29655,0.0001524,0.0000004,0.0000002
29656,0.0001524,0.0000004,0.0000002
29657,0.0001524,0.0000004,0.0000002
29658,0.0001524,0.0000004,0.0000002
29659,0.0001524,0.0000004,0.0000002
29660,0.0001524,0.0000004,0.0000002
29661,0.0001524,0.0000004,0.0000002
29662,0.0001524,0.0000004,0.0000002
29663,0.0001524,0.0000004,0.0000002
29664,0.0001524,0.0000004,0.0000002
29665,0.0001524,0.0000004,0.0000002
29666,0.0001524,0.0000004,0.0000002
29667,0.0001524,0.0000004,0.0000002
29668,0.0001524,0.0000004,0.0000002
29669,0.0001524,0.0000004,0.0000002
29670,0.0001524,0.0000004,0.0000002
29671,0.0001524,0.0000004,0.0000002
29672,0.0001524,0.0000004,0.0000002
29673,0.0001524,0.0000004,0.0000002
29674,0.0001523,0.0000004,0.0000002
29675,0.0001523,0.0000004,0.0000002
29676,0.0001523,0.0000004,0.0000002
29677,0.0001523,0.0000004,0.0000002
29678,0.0001523,0.0000004,0.0000002
29679,0.0001523,0.0000004,0.0000002
29680,0.0001523,0.0000004,0.0000002
29681,0.0001523,0.0000004,0.0000002
29682,0.0001523,0.0000004,0.0000002
29683,0.0001523,0.0000004,0.0000002
29684,0.0001523,0.0000004,0.0000002
29685,0.0001523,0.0000004,0.0000002
29686,0.0001523,0.0000004,0.0000002
29687,0.0001523,0.0000004,0.0000002
29688,0.0001523,0.0000004,0.0000002
29689,0.0001523,0.0000004,0.0000002
29690,0.0001523,0.0000004,0.0000002
29691,0.0001523,0.0000004,0.0000002
29692,0.0001523,0.0000004,0.0000002
29693,0.0001522,0.0000004,0.0000002
29694,0.0001522,0.0000004,0.0000002
29695,0.0001522,0.0000004,0.0000002
29696,0.0001522,0.0000004,0.0000002
29697,0.0001522,0.0000004,0.0000002
29698,0.0001522,0.0000004,0.0000002
29699,0.0001522,0.0000004,0.0000002
29700,0.0001522,0.0000004,0.0000002
29701,0.0001522,0.0000004,0.0000002
29702,0.0001522,0.0000004,0.0000002
29703,0.0001522,0.0000004,0.0000002
29704,0.0001522,0.0000004,0.0000002
29705,0.0001522,0.0000004,0.0000002
29706,0.0001522,0.0000004,0.0000002
29707,0.0001522,0.0000004,0.0000002
29708,0.0001522,0.0000004,0.0000002
29709,0.0001522,0.0000004,0.0000002
29710,0.0001522,0.0000004,0.0000002
29711,0.0001522,0.0000004,0.0000002
29712,0.0001521,0.0000004,0.0000002
29713,0.0001521,0.0000004,0.0000002
29714,0.0001521,0.0000004,0.0000002
29715,0.0001521,0.0000004,0.0000002
29716,0.0001521,0.0000004,0.0000002
29717,0.0001521,0.0000004,0.0000002
29718,0.0001521,0.0000004,0.0000002
29719,0.0001521,0.0000004,0.0000002
29720,0.0001521,0.0000004,0.0000002
29721,0.0001521,0.0000004,0.0000002
29722,0.0001521,0.0000004,0.0000002
29723,0.0001521,0.0000004,0.0000002
29724,0.0001521,0.0000004,0.0000002
29725,0.0001521,0.0000004,0.0000002
29726,0.0001521,0.0000004,0.0000002
29727,0.0001521,0.0000004,0.0000002
29728,0.0001521,0.0000004,0.0000002
29729,0.0001521,0.0000004,0.0000002
29730,0.0001520,0.0000004,0.0000002
29731,0.0001520,0.0000004,0.0000002
29732,0.0001520,0.0000004,0.0000002
29733,0.0001520,0.0000004,0.0000002
29734,0.0001520,0.0000004,0.0000002
29735,0.0001520,0.0000004,0.0000002
29736,0.0001520,0.0000004,0.0000002
29737,0.0001520,0.0000004,0.0000002
29738,0.0001520,0.0000004,0.0000002
29739,0.0001520,0.0000004,0.0000002
29740,0.0001520,0.0000004,0.0000002
29741,0.0001520,0.0000004,0.0000002
29742,0.0001520,0.0000004,0.0000002
29743,0.0001520,0.0000004,0.0000002
29744,0.0001520,0.0000004,0.0000002
29745,0.0001520,0.0000004,0.0000002
29746,0.0001520,0.0000004,0.0000002
29747,0.0001520,0.0000004,0.0000002
29748,0.0001520,0.0000004,0.0000002
29749,0.0001519,0.0000004,0.0000002
29750,0.0001519,0.0000004,0.0000002
29751,0.0001519,0.0000004,0.0000002
29752,0.0001519,0.0000004,0.0000002
29753,0.0001519,0.0000004,0.0000002
29754,0.0001519,0.0000004,0.0000002
29755,0.0001519,0.0000004,0.0000002
29756,0.0001519,0.0000004,0.0000002
29757,0.0001519,0.0000004,0.0000002
29758,0.0001519,0.0000004,0.0000002
29759,0.0001519,0.0000004,0.0000002
29760,0.0001519,0.0000004,0.0000002
29761,0.0001519,0.0000004,0.0000002
29762,0.0001519,0.0000004,0.0000002
29763,0.0001519,0.0000004,0.0000002
29764,0.0001519,0.0000004,0.0000002
29765,0.0001519,0.0000004,0.0000002
29766,0.0001519,0.0000004,0.0000002
29767,0.0001518,0.0000004,0.0000002
29768,0.0001518,0.0000004,0.0000002
29769,0.0001518,0.0000004,0.0000002
29770,0.0001518,0.0000004,0.0000002
29771,0.0001518,0.0000004,0.0000002
29772,0.0001518,0.0000004,0.0000002
29773,0.0001518,0.0000004,0.0000002
29774,0.0001518,0.0000004,0.0000002
29775,0.0001518,0.0000004,0.0000002
29776,0.0001518,0.0000004,0.0000002
29777,0.0001518,0.0000004,0.0000002
29778,0.0001518,0.0000004,0.0000002
29779,0.0001518,0.0000004,0.0000002
29780,0.0001518,0.0000004,0.0000002
29781,0.0001518,0.0000004,0.0000002
29782,0.0001518,0.0000004,0.0000002
29783,0.0001518,0.0000004,0.0000002
29784,0.0001517,0.0000004,0.0000002
29785,0.0001517,0.0000004,0.0000002
29786,0.0001517,0.0000004,0.0000002
29787,0.0001517,0.0000004,0.0000002
29788,0.0001517,0.0000004,0.0000002
29789,0.0001517,0.0000004,0.0000002
29790,0.0001517,0.0000004,0.0000002
29791,0.0001517,0.0000004,0.0000002
29792,0.0001517,0.0000004,0.0000002
29793,0.0001517,0.0000004,0.0000002
29794,0.0001517,0.0000004,0.0000002
29795,0.0001517,0.0000004,0.0000002
29796,0.0001517,0.0000004,0.0000002
29797,0.0001517,0.0000004,0.0000002
29798,0.0001517,0.0000004,0.0000002
29799,0.0001517,0.0000004,0.0000002
29800,0.0001517,0.0000004,0.0000002
29801,0.0001517,0.0000004,0.0000002
29802,0.0001516,0.0000004,0.0000002
29803,0.0001516,0.0000004,0.0000002
29804,0.0001516,0.0000004,0.0000002
29805,0.0001516,0.0000004,0.0000002
29806,0.0001516,0.0000004,0.0000002
29807,0.0001516,0.0000004,0.0000002
29808,0.0001516,0.0000004,0.0000002
29809,0.0001516,0.0000004,0.0000002
29810,0.0001516,0.0000004,0.0000002
29811,0.0001516,0.0000004,0.0000002
29812,0.0001516,0.0000004,0.0000002
29813,0.0001516,0.0000004,0.0000002
29814,0.0001516,0.0000004,0.0000002
29815,0.0001516,0.0000004,0.0000002
29816,0.0001516,0.0000004,0.0000002
29817,0.0001516,0.0000004,0.0000002
29818,0.0001516,0.0000004,0.0000002
29819,0.0001515,0.0000004,0.0000002
29820,0.0001515,0.0000004,0.0000002
29821,0.0001515,0.0000004,0.0000002
29822,0.0001515,0.0000004,0.0000002
29823,0.0001515,0.0000004,0.0000002
29824,0.0001515,0.0000004,0.0000002
29825,0.0001515,0.0000004,0.0000002
29826,0.0001515,0.0000004,0.0000002
29827,0.0001515,0.0000004,0.0000002
29828,0.0001515,0.0000004,0.0000002
29829,0.0001515,0.0000004,0.0000002
29830,0.0001515,0.0000004,0.0000002
29831,0.0001515,0.0000004,0.0000002
29832,0.0001515,0.0000004,0.0000002
29833,0.0001515,0.0000004,0.0000002
29834,0.0001515,0.0000004,0.0000002
29835,0.0001514,0.0000004,0.0000002
29836,0.0001514,0.0000004,0.0000002
29837,0.0001514,0.0000004,0.0000002
29838,0.0001514,0.0000004,0.0000002
29839,0.0001514,0.0000004,0.0000002
29840,0.0001514,0.0000004,0.0000002
29841,0.0001514,0.0000004,0.0000002
29842,0.0001514,0.0000004,0.0000002
29843,0.0001514,0.0000004,0.0000002
29844,0.0001514,0.0000004,0.0000002
29845,0.0001514,0.0000004,0.0000002
29846,0.0001514,0.0000004,0.0000002
29847,0.0001514,0.0000004,0.0000002
29848,0.0001514,0.0000004,0.0000002
29849,0.0001514,0.0000004,0.0000002
29850,0.0001514,0.0000004,0.0000002
29851,0.0001514,0.0000004,0.0000002
29852,0.0001513,0.0000004,0.0000002
29853,0.0001513,0.0000004,0.0000002
29854,0.0001513,0.0000004,0.0000002
29855,0.0001513,0.0000004,0.0000002
29856,0.0001513,0.0000004,0.0000002
29857,0.0001513,0.0000004,0.0000002
29858,0.0001513,0.0000004,0.0000002
29859,0.0001513,0.0000004,0.0000002
29860,0.0001513,0.0000004,0.0000002
29861,0.0001513,0.0000004,0.0000002
29862,0.0001513,0.0000004,0.0000002
29863,0.0001513,0.0000004,0.0000002
29864,0.0001513,0.0000004,0.0000002
29865,0.0001513,0.0000004,0.0000002
29866,0.0001513,0.0000004,0.0000002
29867,0.0001513,0.0000004,0.0000002
29868,0.0001512,0.0000004,0.0000002
29869,0.0001512,0.0000004,0.0000002
29870,0.0001512,0.0000004,0.0000002
29871,0.0001512,0.0000004,0.0000002
29872,0.0001512,0.0000004,0.0000002
29873,0.0001512,0.0000004,0.0000002
29874,0.0001512,0.0000004,0.0000002
29875,0.0001512,0.0000004,0.0000002
29876,0.0001512,0.0000004,0.0000002
29877,0.0001512,0.0000004,0.0000002
29878,0.0001512,0.0000004,0.0000002
29879,0.0001512,0.0000004,0.0000002
29880,0.0001512,0.0000004,0.0000002
29881,0.0001512,0.0000004,0.0000002
29882,0.0001512,0.0000004,0.0000002
29883,0.0001511,0.0000004,0.0000002
29884,0.0001511,0.0000004,0.0000002
29885,0.0001511,0.0000004,0.0000002
29886,0.0001511,0.0000004,0.0000002
29887,0.0001511,0.0000004,0.0000002
29888,0.0001511,0.0000004,0.0000002
29889,0.0001511,0.0000004,0.0000002
29890,0.0001511,0.0000004,0.0000002
29891,0.0001511,0.0000004,0.0000002
29892,0.0001511,0.0000004,0.0000002
29893,0.0001511,0.0000004,0.0000002
29894,0.0001511,0.0000004,0.0000002
29895,0.0001511,0.0000004,0.0000002
29896,0.0001511,0.0000004,0.0000002
29897,0.0001511,0.0000004,0.0000002
29898,0.0001511,0.0000004,0.0000002
29899,0.0001510,0.0000004,0.0000002
29900,0.0001510,0.0000004,0.0000002
29901,0.0001510,0.0000004,0.0000002
29902,0.0001510,0.0000004,0.0000002
29903,0.0001510,0.0000004,0.0000002
29904,0.0001510,0.0000004,0.0000002
29905,0.0001510,0.0000004,0.0000002
29906,0.0001510,0.0000004,0.0000002
29907,0.0001510,0.0000004,0.0000002
29908,0.0001510,0.0000004,0.0000002
29909,0.0001510,0.0000004,0.0000002
29910,0.0001510,0.0000004,0.0000002
29911,0.0001510,0.0000004,0.0000002
29912,0.0001510,0.0000004,0.0000002
29913,0.0001510,0.0000004,0.0000002
29914,0.0001509,0.0000004,0.0000002
29915,0.0001509,0.0000004,0.0000002
29916,0.0001509,0.0000004,0.0000002
29917,0.0001509,0.0000004,0.0000002
29918,0.0001509,0.0000004,0.0000002
29919,0.0001509,0.0000004,0.0000002
29920,0.0001509,0.0000004,0.0000002
29921,0.0001509,0.0000004,0.0000002
29922,0.0001509,0.0000004,0.0000002
29923,0.0001509,0.0000004,0.0000002
29924,0.0001509,0.0000004,0.0000002
29925,0.0001509,0.0000004,0.0000002
29926,0.0001509,0.0000004,0.0000002
29927,0.0001509,0.0000004,0.0000002
29928,0.0001509,0.0000004,0.0000002
29929,0.0001508,0.0000004,0.0000002
29930,0.0001508,0.0000004,0.0000002
29931,0.0001508,0.0000004,0.0000002
29932,0.0001508,0.0000004,0.0000002
29933,0.0001508,0.0000004,0.0000002
29934,0.0001508,0.0000004,0.0000002
29935,0.0001508,0.0000004,0.0000002
29936,0.0001508,0.0000004,0.0000002
29937,0.0001508,0.0000004,0.0000002
29938,0.0001508,0.0000004,0.0000002
29939,0.0001508,0.0000004,0.0000002
29940,0.0001508,0.0000004,0.0000002
29941,0.0001508,0.0000004,0.0000002
29942,0.0001508,0.0000004,0.0000002
29943,0.0001507,0.0000004,0.0000002
29944,0.0001507,0.0000004,0.0000002
29945,0.0001507,0.0000004,0.0000002
29946,0.0001507,0.0000004,0.0000002
29947,0.0001507,0.0000004,0.0000002
29948,0.0001507,0.0000004,0.0000002
29949,0.0001507,0.0000004,0.0000002
29950,0.0001507,0.0000004,0.0000002
29951,0.0001507,0.0000004,0.0000002
29952,0.0001507,0.0000004,0.0000002
29953,0.0001507,0.0000004,0.0000002
29954,0.0001507,0.0000004,0.0000002
29955,0.0001507,0.0000004,0.0000002
29956,0.0001507,0.0000004,0.0000002
29957,0.0001506,0.0000004,0.0000002
29958,0.0001506,0.0000004,0.0000002
29959,0.0001506,0.0000004,0.0000002
29960,0.0001506,0.0000004,0.0000002
29961,0.0001506,0.0000004,0.0000002
29962,0.0001506,0.0000004,0.0000002
29963,0.0001506,0.0000004,0.0000002
29964,0.0001506,0.0000004,0.0000002
29965,0.0001506,0.0000004,0.0000002
29966,0.0001506,0.0000004,0.0000002
29967,0.0001506,0.0000004,0.0000002
29968,0.0001506,0.0000004,0.0000002
29969,0.0001506,0.0000004,0.0000002
29970,0.0001506,0.0000004,0.0000002
29971,0.0001505,0.0000004,0.0000002
29972,0.0001505,0.0000004,0.0000002
29973,0.0001505,0.0000004,0.0000002
29974,0.0001505,0.0000004,0.0000002
29975,0.0001505,0.0000004,0.0000002
29976,0.0001505,0.0000004,0.0000002
29977,0.0001505,0.0000004,0.0000002
29978,0.0001505,0.0000004,0.0000002
29979,0.0001505,0.0000004,0.0000002
29980,0.0001505,0.0000004,0.0000002
29981,0.0001505,0.0000004,0.0000002
29982,0.0001505,0.0000004,0.0000002
29983,0.0001505,0.0000004,0.0000002
29984,0.0001505,0.0000004,0.0000002
29985,0.0001504,0.0000004,0.0000002
29986,0.0001504,0.0000004,0.0000002
29987,0.0001504,0.0000004,0.0000002
29988,0.0001504,0.0000004,0.0000002
29989,0.0001504,0.0000004,0.0000002
29990,0.0001504,0.0000004,0.0000002
29991,0.0001504,0.0000004,0.0000002
29992,0.0001504,0.0000004,0.0000002
29993,0.0001504,0.0000004,0.0000002
29994,0.0001504,0.0000004,0.0000002
29995,0.0001504,0.0000004,0.0000002
29996,0.0001504,0.0000004,0.0000002
29997,0.0001504,0.0000004,0.0000002
29998,0.0001503,0.0000004,0.0000002
29999,0.0001503,0.0000004,0.0000002
30000,0.0001503,0.0000004,0.0000002
30001,0.0001503,0.0000004,0.0000002
30002,0.0001503,0.0000004,0.0000002
30003,0.0001503,0.0000004,0.0000002
30004,0.0001503,0.0000004,0.0000002
30005,0.0001503,0.0000004,0.0000002
30006,0.0001503,0.0000004,0.0000002
30007,0.0001503,0.0000004,0.0000002
30008,0.0001503,0.0000004,0.0000002
30009,0.0001503,0.0000004,0.0000002
30010,0.0001503,0.0000004,0.0000002
30011,0.0001502,0.0000004,0.0000002
30012,0.0001502,0.0000004,0.0000002
30013,0.0001502,0.0000004,0.0000002
30014,0.0001502,0.0000004,0.0000002
30015,0.0001502,0.0000004,0.0000002
30016,0.0001502,0.0000004,0.0000002
30017,0.0001502,0.0000004,0.0000002
30018,0.0001502,0.0000004,0.0000002
30019,0.0001502,0.0000004,0.0000002
30020,0.0001502,0.0000004,0.0000002
30021,0.0001502,0.0000004,0.0000002
30022,0.0001502,0.0000004,0.0000002
30023,0.0001502,0.0000004,0.0000002
30024,0.0001501,0.0000004,0.0000002
30025,0.0001501,0.0000004,0.0000002
30026,0.0001501,0.0000004,0.0000002
30027,0.0001501,0.0000004,0.0000002
30028,0.0001501,0.0000004,0.0000002
30029,0.0001501,0.0000004,0.0000002
30030,0.0001501,0.0000004,0.0000002
30031,0.0001501,0.0000004,0.0000002
30032,0.0001501,0.0000004,0.0000002
30033,0.0001501,0.0000004,0.0000002
30034,0.0001501,0.0000004,0.0000002
30035,0.0001501,0.0000004,0.0000002
30036,0.0001501,0.0000004,0.0000002
30037,0.0001500,0.0000004,0.0000002
30038,0.0001500,0.0000004,0.0000002
30039,0.0001500,0.0000004,0.0000002
30040,0.0001500,0.0000004,0.0000002
30041,0.0001500,0.0000004,0.0000002
30042,0.0001500,0.0000004,0.0000002
30043,0.0001500,0.0000004,0.0000002
30044,0.0001500,0.0000004,0.0000002
30045,0.0001500,0.0000004,0.0000002
30046,0.0001500,0.0000004,0.0000002
30047,0.0001500,0.0000004,0.0000002
30048,0.0001500,0.0000004,0.0000002
30049,0.0001499,0.0000004,0.0000002
30050,0.0001499,0.0000004,0.0000002
30051,0.0001499,0.0000004,0.0000002
30052,0.0001499,0.0000004,0.0000002
30053,0.0001499,0.0000004,0.0000002
30054,0.0001499,0.0000004,0.0000002
30055,0.0001499,0.0000004,0.0000002
30056,0.0001499,0.0000004,0.0000002
30057,0.0001499,0.0000004,0.0000002
30058,0.0001499,0.0000004,0.0000002
30059,0.0001499,0.0000004,0.0000002
30060,0.0001499,0.0000004,0.0000002
30061,0.0001498,0.0000004,0.0000002
30062,0.0001498,0.0000004,0.0000002
30063,0.0001498,0.0000004,0.0000002
30064,0.0001498,0.0000004,0.0000002
30065,0.0001498,0.0000004,0.0000002
30066,0.0001498,0.0000004,0.0000002
30067,0.0001498,0.0000004,0.0000002
30068,0.0001498,0.0000004,0.0000002
30069,0.0001498,0.0000004,0.0000002
30070,0.0001498,0.0000004,0.0000002
30071,0.0001498,0.0000004,0.0000002
30072,0.0001498,0.0000004,0.0000002
30073,0.0001498,0.0000004,0.0000002
30074,0.0001497,0.0000004,0.0000002
30075,0.0001497,0.0000004,0.0000002
30076,0.0001497,0.0000004,0.0000002
30077,0.0001497,0.0000004,0.0000002
30078,0.0001497,0.0000004,0.0000002
30079,0.0001497,0.0000004,0.0000002
30080,0.0001497,0.0000004,0.0000002
30081,0.0001497,0.0000004,0.0000002
30082,0.0001497,0.0000004,0.0000002
30083,0.0001497,0.0000004,0.0000002
30084,0.0001497,0.0000004,0.0000002
30085,0.0001496,0.0000004,0.0000002
30086,0.0001496,0.0000004,0.0000002
30087,0.0001496,0.0000004,0.0000002
30088,0.0001496,0.0000004,0.0000002
30089,0.0001496,0.0000004,0.0000002
30090,0.0001496,0.0000004,0.0000002
30091,0.0001496,0.0000004,0.0000002
30092,0.0001496,0.0000004,0.0000002
30093,0.0001496,0.0000004,0.0000002
30094,0.0001496,0.0000004,0.0000002
30095,0.0001496,0.0000004,0.0000002
30096,0.0001496,0.0000004,0.0000002
30097,0.0001495,0.0000004,0.0000002
30098,0.0001495,0.0000004,0.0000002
30099,0.0001495,0.0000004,0.0000002
30100,0.0001495,0.0000004,0.0000002
30101,0.0001495,0.0000004,0.0000002
30102,0.0001495,0.0000004,0.0000002
30103,0.0001495,0.0000004,0.0000002
30104,0.0001495,0.0000004,0.0000002
30105,0.0001495,0.0000004,0.0000002
30106,0.0001495,0.0000004,0.0000002
30107,0.0001495,0.0000004,0.0000002
30108,0.0001495,0.0000004,0.0000002
30109,0.0001494,0.0000004,0.0000002
30110,0.0001494,0.0000004,0.0000002
30111,0.0001494,0.0000004,0.0000002
30112,0.0001494,0.0000004,0.0000002
30113,0.0001494,0.0000004,0.0000002
30114,0.0001494,0.0000004,0.0000002
30115,0.0001494,0.0000004,0.0000002
30116,0.0001494,0.0000004,0.0000002
30117,0.0001494,0.0000004,0.0000002
30118,0.0001494,0.0000004,0.0000002
30119,0.0001494,0.0000004,0.0000002
30120,0.0001493,0.0000004,0.0000002
30121,0.0001493,0.0000004,0.0000002
30122,0.0001493,0.0000004,0.0000002
30123,0.0001493,0.0000004,0.0000002
30124,0.0001493,0.0000004,0.0000002
30125,0.0001493,0.0000004,0.0000002
30126,0.0001493,0.0000004,0.0000002
30127,0.0001493,0.0000004,0.0000002
30128,0.0001493,0.0000004,0.0000002
30129,0.0001493,0.0000004,0.0000002
30130,0.0001493,0.0000004,0.0000002
30131,0.0001492,0.0000004,0.0000002
30132,0.0001492,0.0000004,0.0000002
30133,0.0001492,0.0000004,0.0000002
30134,0.0001492,0.0000004,0.0000002
30135,0.0001492,0.0000004,0.0000002
30136,0.0001492,0.0000004,0.0000002
30137,0.0001492,0.0000004,0.0000002
30138,0.0001492,0.0000004,0.0000002
30139,0.0001492,0.0000004,0.0000002
30140,0.0001492,0.0000004,0.0000002
30141,0.0001492,0.0000004,0.0000002
30142,0.0001491,0.0000004,0.0000002
30143,0.0001491,0.0000004,0.0000002
30144,0.0001491,0.0000004,0.0000002
30145,0.0001491,0.0000004,0.0000002
30146,0.0001491,0.0000004,0.0000002
30147,0.0001491,0.0000004,0.0000002
30148,0.0001491,0.0000004,0.0000002
30149,0.0001491,0.0000004,0.0000002
30150,0.0001491,0.0000004,0.0000002
30151,0.0001491,0.0000004,0.0000002
30152,0.0001491,0.0000004,0.0000002
30153,0.0001490,0.0000004,0.0000002
30154,0.0001490,0.0000004,0.0000002
30155,0.0001490,0.0000004,0.0000002
30156,0.0001490,0.0000004,0.0000002
30157,0.0001490,0.0000004,0.0000002
30158,0.0001490,0.0000004,0.0000002
30159,0.0001490,0.0000004,0.0000002
30160,0.0001490,0.0000004,0.0000002
30161,0.0001490,0.0000004,0.0000002
30162,0.0001490,0.0000004,0.0000002
30163,0.0001490,0.0000004,0.0000002
30164,0.0001489,0.0000004,0.0000002
30165,0.0001489,0.0000004,0.0000002
30166,0.0001489,0.0000004,0.0000002
30167,0.0001489,0.0000004,0.0000002
30168,0.0001489,0.0000004,0.0000002
30169,0.0001489,0.0000004,0.0000002
30170,0.0001489,0.0000004,0.0000002
30171,0.0001489,0.0000004,0.0000002
30172,0.0001489,0.0000004,0.0000002
30173,0.0001489,0.0000004,0.0000002
30174,0.0001489,0.0000004,0.0000002
30175,0.0001488,0.0000004,0.0000002
30176,0.0001488,0.0000004,0.0000002
30177,0.0001488,0.0000004,0.0000002
30178,0.0001488,0.0000004,0.0000002
30179,0.0001488,0.0000004,0.0000002
30180,0.0001488,0.0000004,0.0000002
30181,0.0001488,0.0000004,0.0000002
30182,0.0001488,0.0000004,0.0000002
30183,0.0001488,0.0000004,0.0000002
30184,0.0001488,0.0000004,0.0000002
30185,0.0001487,0.0000004,0.0000002
30186,0.0001487,0.0000004,0.0000002
30187,0.0001487,0.0000004,0.0000002
30188,0.0001487,0.0000004,0.0000002
30189,0.0001487,0.0000004,0.0000002
30190,0.0001487,0.0000004,0.0000002
30191,0.0001487,0.0000004,0.0000002
30192,0.0001487,0.0000004,0.0000002
30193,0.0001487,0.0000004,0.0000002
30194,0.0001487,0.0000004,0.0000002
30195,0.0001487,0.0000004,0.0000002
30196,0.0001486,0.0000004,0.0000002
30197,0.0001486,0.0000004,0.0000002
30198,0.0001486,0.0000004,0.0000002
30199,0.0001486,0.0000004,0.0000002
30200,0.0001486,0.0000004,0.0000002
30201,0.0001486,0.0000004,0.0000002
30202,0.0001486,0.0000004,0.0000002
30203,0.0001486,0.0000004,0.0000002
30204,0.0001486,0.0000004,0.0000002
30205,0.0001486,0.0000004,0.0000002
30206,0.0001485,0.0000004,0.0000002
30207,0.0001485,0.0000004,0.0000002
30208,0.0001485,0.0000004,0.0000002
30209,0.0001485,0.0000004,0.0000002
30210,0.0001485,0.0000004,0.0000002
30211,0.0001485,0.0000004,0.0000002
30212,0.0001485,0.0000004,0.0000002
30213,0.0001485,0.0000004,0.0000002
30214,0.0001485,0.0000004,0.0000002
30215,0.0001485,0.0000004,0.0000002
30216,0.0001485,0.0000004,0.0000002
30217,0.0001484,0.0000004,0.0000002
30218,0.0001484,0.0000004,0.0000002
30219,0.0001484,0.0000004,0.0000002
30220,0.0001484,0.0000004,0.0000002
30221,0.0001484,0.0000004,0.0000002
30222,0.0001484,0.0000004,0.0000002
30223,0.0001484,0.0000004,0.0000002
30224,0.0001484,0.0000004,0.0000002
30225,0.0001484,0.0000004,0.0000002
30226,0.0001484,0.0000004,0.0000002
30227,0.0001483,0.0000004,0.0000002
30228,0.0001483,0.0000004,0.0000002
30229,0.0001483,0.0000004,0.0000002
30230,0.0001483,0.0000004,0.0000002
30231,0.0001483,0.0000004,0.0000002
30232,0.0001483,0.0000004,0.0000002
30233,0.0001483,0.0000004,0.0000002
30234,0.0001483,0.0000004,0.0000002
30235,0.0001483,0.0000004,0.0000002
30236,0.0001483,0.0000004,0.0000002
30237,0.0001482,0.0000004,0.0000002
30238,0.0001482,0.0000004,0.0000002
30239,0.0001482,0.0000004,0.0000002
30240,0.0001482,0.0000004,0.0000002
30241,0.0001482,0.0000004,0.0000002
30242,0.0001482,0.0000004,0.0000002
30243,0.0001482,0.0000004,0.0000002
30244,0.0001482,0.0000004,0.0000002
30245,0.0001482,0.0000004,0.0000002
30246,0.0001482,0.0000004,0.0000002
30247,0.0001481,0.0000004,0.0000002
30248,0.0001481,0.0000004,0.0000002
30249,0.0001481,0.0000004,0.0000002
30250,0.0001481,0.0000004,0.0000002
30251,0.0001481,0.0000004,0.0000002
30252,0.0001481,0.0000004,0.0000002
30253,0.0001481,0.0000004,0.0000002
30254,0.0001481,0.0000004,0.0000002
30255,0.0001481,0.0000004,0.0000002
30256,0.0001481,0.0000004,0.0000002
30257,0.0001480,0.0000004,0.0000002
30258,0.0001480,0.0000004,0.0000002
30259,0.0001480,0.0000004,0.0000002
30260,0.0001480,0.0000004,0.0000002
30261,0.0001480,0.0000004,0.0000002
30262,0.0001480,0.0000004,0.0000002
30263,0.0001480,0.0000004,0.0000002
30264,0.0001480,0.0000004,0.0000002
30265,0.0001480,0.0000004,0.0000002
30266,0.0001479,0.0000004,0.0000002
30267,0.0001479,0.0000004,0.0000002
30268,0.0001479,0.0000004,0.0000002
30269,0.0001479,0.0000004,0.0000002
30270,0.0001479,0.0000004,0.0000002
30271,0.0001479,0.0000004,0.0000002
30272,0.0001479,0.0000004,0.0000002
30273,0.0001479,0.0000004,0.0000002
30274,0.0001479,0.0000004,0.0000002
30275,0.0001479,0.0000004,0.0000002
30276,0.0001478,0.0000004,0.0000002
30277,0.0001478,0.0000004,0.0000002
30278,0.0001478,0.0000004,0.0000002
30279,0.0001478,0.0000004,0.0000002
30280,0.0001478,0.0000004,0.0000002
30281,0.0001478,0.0000004,0.0000002
30282,0.0001478,0.0000004,0.0000002
30283,0.0001478,0.0000004,0.0000002
30284,0.0001478,0.0000004,0.0000002
30285,0.0001478,0.0000004,0.0000002
30286,0.0001477,0.0000004,0.0000002
30287,0.0001477,0.0000004,0.0000002
30288,0.0001477,0.0000004,0.0000002
30289,0.0001477,0.0000004,0.0000002
30290,0.0001477,0.0000004,0.0000002
30291,0.0001477,0.0000004,0.0000002
30292,0.0001477,0.0000004,0.0000002
30293,0.0001477,0.0000004,0.0000002
30294,0.0001477,0.0000004,0.0000002
30295,0.0001476,0.0000004,0.0000002
30296,0.0001476,0.0000004,0.0000002
30297,0.0001476,0.0000004,0.0000002
30298,0.0001476,0.0000004,0.0000002
30299,0.0001476,0.0000004,0.0000002
30300,0.0001476,0.0000004,0.0000002
30301,0.0001476,0.0000004,0.0000002
30302,0.0001476,0.0000004,0.0000002
30303,0.0001476,0.0000004,0.0000002
30304,0.0001476,0.0000004,0.0000002
30305,0.0001475,0.0000004,0.0000002
30306,0.0001475,0.0000004,0.0000002
30307,0.0001475,0.0000004,0.0000002
30308,0.0001475,0.0000004,0.0000002
30309,0.0001475,0.0000004,0.0000002
30310,0.0001475,0.0000004,0.0000002
30311,0.0001475,0.0000004,0.0000002
30312,0.0001475,0.0000004,0.0000002
30313,0.0001475,0.0000004,0.0000002
30314,0.0001474,0.0000004,0.0000002
30315,0.0001474,0.0000004,0.0000002
30316,0.0001474,0.0000004,0.0000002
30317,0.0001474,0.0000004,0.0000002
30318,0.0001474,0.0000004,0.0000002
30319,0.0001474,0.0000004,0.0000002
30320,0.0001474,0.0000004,0.0000002
30321,0.0001474,0.0000004,0.0000002
30322,0.0001474,0.0000004,0.0000002
30323,0.0001473,0.0000004,0.0000002
30324,0.0001473,0.0000004,0.0000002
30325,0.0001473,0.0000004,0.0000002
30326,0.0001473,0.0000004,0.0000002
30327,0.0001473,0.0000004,0.0000002
30328,0.0001473,0.0000004,0.0000002
30329,0.0001473,0.0000004,0.0000002
30330,0.0001473,0.0000004,0.0000002
30331,0.0001473,0.0000004,0.0000002
30332,0.0001473,0.0000004,0.0000002
30333,0.0001472,0.0000004,0.0000002
30334,0.0001472,0.0000004,0.0000002
30335,0.0001472,0.0000004,0.0000002
30336,0.0001472,0.0000004,0.0000002
30337,0.0001472,0.0000004,0.0000002
30338,0.0001472,0.0000004,0.0000002
30339,0.0001472,0.0000004,0.0000002
30340,0.0001472,0.0000004,0.0000002
30341,0.0001472,0.0000004,0.0000002
30342,0.0001471,0.0000004,0.0000002
30343,0.0001471,0.0000004,0.0000002
30344,0.0001471,0.0000004,0.0000002
30345,0.0001471,0.0000004,0.0000002
30346,0.0001471,0.0000004,0.0000002
30347,0.0001471,0.0000004,0.0000002
30348,0.0001471,0.0000004,0.0000002
30349,0.0001471,0.0000004,0.0000002
30350,0.0001471,0.0000004,0.0000002
30351,0.0001470,0.0000004,0.0000002
30352,0.0001470,0.0000004,0.0000002
30353,0.0001470,0.0000004,0.0000002
30354,0.0001470,0.0000004,0.0000002
30355,0.0001470,0.0000004,0.0000002
30356,0.0001470,0.0000004,0.0000002
30357,0.0001470,0.0000004,0.0000002
30358,0.0001470,0.0000004,0.0000002
30359,0.0001470,0.0000004,0.0000002
30360,0.0001469,0.0000004,0.0000002
30361,0.0001469,0.0000004,0.0000002
30362,0.0001469,0.0000004,0.0000002
30363,0.0001469,0.0000004,0.0000002
30364,0.0001469,0.0000004,0.0000002
30365,0.0001469,0.0000004,0.0000002
30366,0.0001469,0.0000004,0.0000002
30367,0.0001469,0.0000004,0.0000002
30368,0.0001469,0.0000004,0.0000002
30369,0.0001468,0.0000004,0.0000002
30370,0.0001468,0.0000004,0.0000002
30371,0.0001468,0.0000004,0.0000002
30372,0.0001468,0.0000004,0.0000002
30373,0.0001468,0.0000004,0.0000002
30374,0.0001468,0.0000004,0.0000002
30375,0.0001468,0.0000004,0.0000002
30376,0.0001468,0.0000004,0.0000002
30377,0.0001468,0.0000004,0.0000002
30378,0.0001467,0.0000004,0.0000002
30379,0.0001467,0.0000004,0.0000002
30380,0.0001467,0.0000004,0.0000002
30381,0.0001467,0.0000004,0.0000002
30382,0.0001467,0.0000004,0.0000002
30383,0.0001467,0.0000004,0.0000002
30384,0.0001467,0.0000004,0.0000002
30385,0.0001467,0.0000004,0.0000002
30386,0.0001467,0.0000004,0.0000002
30387,0.0001466,0.0000004,0.0000002
30388,0.0001466,0.0000004,0.0000002
30389,0.0001466,0.0000004,0.0000002
30390,0.0001466,0.0000004,0.0000002
30391,0.0001466,0.0000004,0.0000002
30392,0.0001466,0.0000004,0.0000002
30393,0.0001466,0.0000004,0.0000002
30394,0.0001466,0.0000004,0.0000002
30395,0.0001466,0.0000004,0.0000002
30396,0.0001465,0.0000004,0.0000002
30397,0.0001465,0.0000004,0.0000002
30398,0.0001465,0.0000004,0.0000002
30399,0.0001465,0.0000004,0.0000002
30400,0.0001465,0.0000004,0.0000002
30401,0.0001465,0.0000004,0.0000002
30402,0.0001465,0.0000004,0.0000002
30403,0.0001465,0.0000004,0.0000002
30404,0.0001465,0.0000004,0.0000002
30405,0.0001464,0.0000004,0.0000002
30406,0.0001464,0.0000004,0.0000002
30407,0.0001464,0.0000004,0.0000002
30408,0.0001464,0.0000004,0.0000002
30409,0.0001464,0.0000004,0.0000002
30410,0.0001464,0.0000004,0.0000002
30411,0.0001464,0.0000004,0.0000002
30412,0.0001464,0.0000004,0.0000002
30413,0.0001464,0.0000004,0.0000002
30414,0.0001463,0.0000004,0.0000002
30415,0.0001463,0.0000004,0.0000002
30416,0.0001463,0.0000004,0.0000002
30417,0.0001463,0.0000004,0.0000002
30418,0.0001463,0.0000004,0.0000002
30419,0.0001463,0.0000004,0.0000002
30420,0.0001463,0.0000004,0.0000002
30421,0.0001463,0.0000004,0.0000002
30422,0.0001462,0.0000004,0.0000002
30423,0.0001462,0.0000004,0.0000002
30424,0.0001462,0.0000004,0.0000002
30425,0.0001462,0.0000004,0.0000002
30426,0.0001462,0.0000004,0.0000002
30427,0.0001462,0.0000004,0.0000002
30428,0.0001462,0.0000004,0.0000002
30429,0.0001462,0.0000004,0.0000002
30430,0.0001462,0.0000004,0.0000002
30431,0.0001461,0.0000004,0.0000002
30432,0.0001461,0.0000004,0.0000002
30433,0.0001461,0.0000004,0.0000002
30434,0.0001461,0.0000004,0.0000002
30435,0.0001461,0.0000004,0.0000002
30436,0.0001461,0.0000004,0.0000002
30437,0.0001461,0.0000004,0.0000002
30438,0.0001461,0.0000004,0.0000002
30439,0.0001461,0.0000004,0.0000002
30440,0.0001460,0.0000004,0.0000002
30441,0.0001460,0.0000004,0.0000002
30442,0.0001460,0.0000004,0.0000002
30443,0.0001460,0.0000004,0.0000002
30444,0.0001460,0.0000004,0.0000002
30445,0.0001460,0.0000004,0.0000002
30446,0.0001460,0.0000004,0.0000002
30447,0.0001460,0.0000004,0.0000002
30448,0.0001459,0.0000004,0.0000002
30449,0.0001459,0.0000004,0.0000002
30450,0.0001459,0.0000004,0.0000002
30451,0.0001459,0.0000004,0.0000002
30452,0.0001459,0.0000004,0.0000002
30453,0.0001459,0.0000004,0.0000002
30454,0.0001459,0.0000004,0.0000002
30455,0.0001459,0.0000004,0.0000002
30456,0.0001459,0.0000004,0.0000002
30457,0.0001458,0.0000004,0.0000002
30458,0.0001458,0.0000004,0.0000002
30459,0.0001458,0.0000004,0.0000002
30460,0.0001458,0.0000004,0.0000002
30461,0.0001458,0.0000004,0.0000002
30462,0.0001458,0.0000004,0.0000002
30463,0.0001458,0.0000004,0.0000002
30464,0.0001458,0.0000004,0.0000002
30465,0.0001458,0.0000004,0.0000002
30466,0.0001457,0.0000004,0.0000002
30467,0.0001457,0.0000004,0.0000002
30468,0.0001457,0.0000004,0.0000002
30469,0.0001457,0.0000004,0.0000002
30470,0.0001457,0.0000004,0.0000002
30471,0.0001457,0.0000004,0.0000002
30472,0.0001457,0.0000004,0.0000002
30473,0.0001457,0.0000004,0.0000002
30474,0.0001456,0.0000004,0.0000002
30475,0.0001456,0.0000004,0.0000002
30476,0.0001456,0.0000004,0.0000002
30477,0.0001456,0.0000004,0.0000002
30478,0.0001456,0.0000004,0.0000002
30479,0.0001456,0.0000004,0.0000002
30480,0.0001456,0.0000004,0.0000002
30481,0.0001456,0.0000004,0.0000002
30482,0.0001456,0.0000004,0.0000002
30483,0.0001455,0.0000004,0.0000002
30484,0.0001455,0.0000004,0.0000002
30485,0.0001455,0.0000004,0.0000002
30486,0.0001455,0.0000004,0.0000002
30487,0.0001455,0.0000004,0.0000002
30488,0.0001455,0.0000004,0.0000002
30489,0.0001455,0.0000004,0.0000002
30490,0.0001455,0.0000004,0.0000002
30491,0.0001454,0.0000004,0.0000002
30492,0.0001454,0.0000004,0.0000002
30493,0.0001454,0.0000004,0.0000002
30494,0.0001454,0.0000004,0.0000002
30495,0.0001454,0.0000004,0.0000002
30496,0.0001454,0.0000004,0.0000002
30497,0.0001454,0.0000004,0.0000002
30498,0.0001454,0.0000004,0.0000002
30499,0.0001454,0.0000004,0.0000002
30500,0.0001453,0.0000004,0.0000002
30501,0.0001453,0.0000004,0.0000002
30502,0.0001453,0.0000004,0.0000002
30503,0.0001453,0.0000004,0.0000002
30504,0.0001453,0.0000004,0.0000002
30505,0.0001453,0.0000004,0.0000002
30506,0.0001453,0.0000004,0.0000002
30507,0.0001453,0.0000004,0.0000002
30508,0.0001452,0.0000004,0.0000002
30509,0.0001452,0.0000004,0.0000002
30510,0.0001452,0.0000004,0.0000002
30511,0.0001452,0.0000004,0.0000002
30512,0.0001452,0.0000004,0.0000002
30513,0.0001452,0.0000004,0.0000002
30514,0.0001452,0.0000004,0.0000002
30515,0.0001452,0.0000004,0.0000002
30516,0.0001452,0.0000004,0.0000002
30517,0.0001451,0.0000004,0.0000002
30518,0.0001451,0.0000004,0.0000002
30519,0.0001451,0.0000004,0.0000002
30520,0.0001451,0.0000004,0.0000002
30521,0.0001451,0.0000004,0.0000002
30522,0.0001451,0.0000004,0.0000002
30523,0.0001451,0.0000004,0.0000002
30524,0.0001451,0.0000004,0.0000002
30525,0.0001450,0.0000004,0.0000002
30526,0.0001450,0.0000004,0.0000002
30527,0.0001450,0.0000004,0.0000002
30528,0.0001450,0.0000004,0.0000002
30529,0.0001450,0.0000004,0.0000002
30530,0.0001450,0.0000004,0.0000002
30531,0.0001450,0.0000004,0.0000002
30532,0.0001450,0.0000004,0.0000002
30533,0.0001450,0.0000004,0.0000002
30534,0.0001449,0.0000004,0.0000002
30535,0.0001449,0.0000004,0.0000002
30536,0.0001449,0.0000004,0.0000002
30537,0.0001449,0.0000004,0.0000002
30538,0.0001449,0.0000004,0.0000002
30539,0.0001449,0.0000004,0.0000002
30540,0.0001449,0.0000004,0.0000002
30541,0.0001449,0.0000004,0.0000002
30542,0.0001448,0.0000004,0.0000002
30543,0.0001448,0.0000004,0.0000002
30544,0.0001448,0.0000004,0.0000002
30545,0.0001448,0.0000004,0.0000002
30546,0.0001448,0.0000004,0.0000002
30547,0.0001448,0.0000004,0.0000002
30548,0.0001448,0.0000004,0.0000002
30549,0.0001448,0.0000004,0.0000002
30550,0.0001448,0.0000004,0.0000002
30551,0.0001447,0.0000004,0.0000002
30552,0.0001447,0.0000004,0.0000002
30553,0.0001447,0.0000004,0.0000002
30554,0.0001447,0.0000004,0.0000002
30555,0.0001447,0.0000004,0.0000002
30556,0.0001447,0.0000004,0.0000002
30557,0.0001447,0.0000004,0.0000002
30558,0.0001447,0.0000004,0.0000002
30559,0.0001446,0.0000004,0.0000002
30560,0.0001446,0.0000004,0.0000002
30561,0.0001446,0.0000004,0.0000002
30562,0.0001446,0.0000004,0.0000002
30563,0.0001446,0.0000004,0.0000002
30564,0.0001446,0.0000004,0.0000002
30565,0.0001446,0.0000004,0.0000002
30566,0.0001446,0.0000004,0.0000002
30567,0.0001446,0.0000004,0.0000002
30568,0.0001445,0.0000004,0.0000002
30569,0.0001445,0.0000004,0.0000002
30570,0.0001445,0.0000004,0.0000002
30571,0.0001445,0.0000004,0.0000002
30572,0.0001445,0.0000004,0.0000002
30573,0.0001445,0.0000004,0.0000002
30574,0.0001445,0.0000004,0.0000002
30575,0.0001445,0.0000004,0.0000002
30576,0.0001444,0.0000004,0.0000002
30577,0.0001444,0.0000004,0.0000002
30578,0.0001444,0.0000004,0.0000002
30579,0.0001444,0.0000004,0.0000002
30580,0.0001444,0.0000004,0.0000002
30581,0.0001444,0.0000004,0.0000002
30582,0.0001444,0.0000004,0.0000002
30583,0.0001444,0.0000004,0.0000002
30584,0.0001444,0.0000004,0.0000002
30585,0.0001443,0.0000004,0.0000002
30586,0.0001443,0.0000004,0.0000002
30587,0.0001443,0.0000004,0.0000002
30588,0.0001443,0.0000004,0.0000002
30589,0.0001443,0.0000004,0.0000002
30590,0.0001443,0.0000004,0.0000002
30591,0.0001443,0.0000004,0.0000002
30592,0.0001443,0.0000004,0.0000002
30593,0.0001442,0.0000004,0.0000002
30594,0.0001442,0.0000004,0.0000002
30595,0.0001442,0.0000004,0.0000002
30596,0.0001442,0.0000004,0.0000002
30597,0.0001442,0.0000004,0.0000002
30598,0.0001442,0.0000004,0.0000002
30599,0.0001442,0.0000004,0.0000002
30600,0.0001442,0.0000004,0.0000002
30601,0.0001441,0.0000004,0.0000002
30602,0.0001441,0.0000004,0.0000002
30603,0.0001441,0.0000004,0.0000002
30604,0.0001441,0.0000004,0.0000002
30605,0.0001441,0.0000004,0.0000002
30606,0.0001441,0.0000004,0.0000002
30607,0.0001441,0.0000004,0.0000002
30608,0.0001441,0.0000004,0.0000002
30609,0.0001441,0.0000004,0.0000002
30610,0.0001440,0.0000004,0.0000002
30611,0.0001440,0.0000004,0.0000002
30612,0.0001440,0.0000004,0.0000002
30613,0.0001440,0.0000004,0.0000002
30614,0.0001440,0.0000004,0.0000002
30615,0.0001440,0.0000004,0.0000002
30616,0.0001440,0.0000004,0.0000002
30617,0.0001440,0.0000004,0.0000002
30618,0.0001439,0.0000004,0.0000002
30619,0.0001439,0.0000004,0.0000002
30620,0.0001439,0.0000004,0.0000002
30621,0.0001439,0.0000004,0.0000002
30622,0.0001439,0.0000004,0.0000002
30623,0.0001439,0.0000004,0.0000002
30624,0.0001439,0.0000004,0.0000002
30625,0.0001439,0.0000004,0.0000002
30626,0.0001439,0.0000004,0.0000002
30627,0.0001438,0.0000004,0.0000002
30628,0.0001438,0.0000004,0.0000002
30629,0.0001438,0.0000004,0.0000002
30630,0.0001438,0.0000004,0.0000002
30631,0.0001438,0.0000004,0.0000002
30632,0.0001438,0.0000004,0.0000002
30633,0.0001438,0.0000004,0.0000002
30634,0.0001438,0.0000004,0.0000002
30635,0.0001437,0.0000004,0.0000002
30636,0.0001437,0.0000004,0.0000002
30637,0.0001437,0.0000004,0.0000002
30638,0.0001437,0.0000004,0.0000002
30639,0.0001437,0.0000004,0.0000002
30640,0.0001437,0.0000004,0.0000002
30641,0.0001437,0.0000004,0.0000002
30642,0.0001437,0.0000004,0.0000002
30643,0.0001436,0.0000004,0.0000002
30644,0.0001436,0.0000004,0.0000002
30645,0.0001436,0.0000004,0.0000002
30646,0.0001436,0.0000004,0.0000002
30647,0.0001436,0.0000004,0.0000002
30648,0.0001436,0.0000004,0.0000002
30649,0.0001436,0.0000004,0.0000002
30650,0.0001436,0.0000004,0.0000002
30651,0.0001436,0.0000004,0.0000002
30652,0.0001435,0.0000004,0.0000002
30653,0.0001435,0.0000004,0.0000002
30654,0.0001435,0.0000004,0.0000002
30655,0.0001435,0.0000004,0.0000002
30656,0.0001435,0.0000004,0.0000002
30657,0.0001435,0.0000004,0.0000002
30658,0.0001435,0.0000004,0.0000002
30659,0.0001435,0.0000004,0.0000002
30660,0.0001434,0.0000004,0.0000002
30661,0.0001434,0.0000004,0.0000002
30662,0.0001434,0.0000004,0.0000002
30663,0.0001434,0.0000004,0.0000002
30664,0.0001434,0.0000004,0.0000002
30665,0.0001434,0.0000004,0.0000002
30666,0.0001434,0.0000004,0.0000002
30667,0.0001434,0.0000004,0.0000002
30668,0.0001434,0.0000004,0.0000002
30669,0.0001433,0.0000004,0.0000002
30670,0.0001433,0.0000004,0.0000002
30671,0.0001433,0.0000004,0.0000002
30672,0.0001433,0.0000004,0.0000002
30673,0.0001433,0.0000004,0.0000002
30674,0.0001433,0.0000004,0.0000002
30675,0.0001433,0.0000004,0.0000002
30676,0.0001433,0.0000004,0.0000002
30677,0.0001432,0.0000004,0.0000002
30678,0.0001432,0.0000004,0.0000002
30679,0.0001432,0.0000004,0.0000002
30680,0.0001432,0.0000004,0.0000002
30681,0.0001432,0.0000004,0.0000002
30682,0.0001432,0.0000004,0.0000002
30683,0.0001432,0.0000004,0.0000002
30684,0.0001432,0.0000004,0.0000002
30685,0.0001432,0.0000004,0.0000002
30686,0.0001431,0.0000004,0.0000002
30687,0.0001431,0.0000004,0.0000002
30688,0.0001431,0.0000004,0.0000002
30689,0.0001431,0.0000004,0.0000002
30690,0.0001431,0.0000004,0.0000002
30691,0.0001431,0.0000004,0.0000002
30692,0.0001431,0.0000004,0.0000002
30693,0.0001431,0.0000004,0.0000002
30694,0.0001430,0.0000004,0.0000002
30695,0.0001430,0.0000004,0.0000002
30696,0.0001430,0.0000004,0.0000002
30697,0.0001430,0.0000004,0.0000002
30698,0.0001430,0.0000004,0.0000002
30699,0.0001430,0.0000004,0.0000002
30700,0.0001430,0.0000004,0.0000002
30701,0.0001430,0.0000004,0.0000002
30702,0.0001430,0.0000004,0.0000002
30703,0.0001429,0.0000004,0.0000002
30704,0.0001429,0.0000004,0.0000002
30705,0.0001429,0.0000004,0.0000002
30706,0.0001429,0.0000004,0.0000002
30707,0.0001429,0.0000004,0.0000002
30708,0.0001429,0.0000004,0.0000002
30709,0.0001429,0.0000004,0.0000002
30710,0.0001429,0.0000004,0.0000002
30711,0.0001428,0.0000004,0.0000002
30712,0.0001428,0.0000004,0.0000002
30713,0.0001428,0.0000004,0.0000002
30714,0.0001428,0.0000004,0.0000002
30715,0.0001428,0.0000004,0.0000002
30716,0.0001428,0.0000004,0.0000002
30717,0.0001428,0.0000004,0.0000002
30718,0.0001428,0.0000004,0.0000002
30719,0.0001428,0.0000004,0.0000002
30720,0.0001427,0.0000004,0.0000002
30721,0.0001427,0.0000004,0.0000002
30722,0.0001427,0.0000004,0.0000002
30723,0.0001427,0.0000004,0.0000002
30724,0.0001427,0.0000004,0.0000002
30725,0.0001427,0.0000004,0.0000002
30726,0.0001427,0.0000004,0.0000002
30727,0.0001427,0.0000004,0.0000002
30728,0.0001427,0.0000004,0.0000002
30729,0.0001426,0.0000004,0.0000002
30730,0.0001426,0.0000004,0.0000002
30731,0.0001426,0.0000004,0.0000002
30732,0.0001426,0.0000004,0.0000002
30733,0.0001426,0.0000004,0.0000002
30734,0.0001426,0.0000004,0.0000002
30735,0.0001426,0.0000004,0.0000002
30736,0.0001426,0.0000004,0.0000002
30737,0.0001425,0.0000004,0.0000002
30738,0.0001425,0.0000004,0.0000002
30739,0.0001425,0.0000004,0.0000002
30740,0.0001425,0.0000004,0.0000002
30741,0.0001425,0.0000004,0.0000002
30742,0.0001425,0.0000004,0.0000002
30743,0.0001425,0.0000004,0.0000002
30744,0.0001425,0.0000004,0.0000002
30745,0.0001425,0.0000004,0.0000002
30746,0.0001424,0.0000004,0.0000002
30747,0.0001424,0.0000004,0.0000002
30748,0.0001424,0.0000004,0.0000002
30749,0.0001424,0.0000004,0.0000002
30750,0.0001424,0.0000004,0.0000002
30751,0.0001424,0.0000004,0.0000002
30752,0.0001424,0.0000004,0.0000002
30753,0.0001424,0.0000004,0.0000002
30754,0.0001424,0.0000004,0.0000002
30755,0.0001423,0.0000004,0.0000002
30756,0.0001423,0.0000004,0.0000002
30757,0.0001423,0.0000004,0.0000002
30758,0.0001423,0.0000004,0.0000002
30759,0.0001423,0.0000004,0.0000002
30760,0.0001423,0.0000004,0.0000002
30761,0.0001423,0.0000004,0.0000002
30762,0.0001423,0.0000004,0.0000002
30763,0.0001422,0.0000004,0.0000002
30764,0.0001422,0.0000004,0.0000002
30765,0.0001422,0.0000004,0.0000002
30766,0.0001422,0.0000004,0.0000002
30767,0.0001422,0.0000004,0.0000002
30768,0.0001422,0.0000004,0.0000002
30769,0.0001422,0.0000004,0.0000002
30770,0.0001422,0.0000004,0.0000002
30771,0.0001422,0.0000004,0.0000002
30772,0.0001421,0.0000004,0.0000002
30773,0.0001421,0.0000004,0.0000002
30774,0.0001421,0.0000004,0.0000002
30775,0.0001421,0.0000004,0.0000002
30776,0.0001421,0.0000004,0.0000002
30777,0.0001421,0.0000004,0.0000002
30778,0.0001421,0.0000004,0.0000002
30779,0.0001421,0.0000004,0.0000002
30780,0.0001421,0.0000004,0.0000002
30781,0.0001420,0.0000004,0.0000002
30782,0.0001420,0.0000004,0.0000002
30783,0.0001420,0.0000004,0.0000002
30784,0.0001420,0.0000004,0.0000002
30785,0.0001420,0.0000004,0.0000002
30786,0.0001420,0.0000004,0.0000002
30787,0.0001420,0.0000004,0.0000002
30788,0.0001420,0.0000004,0.0000002
30789,0.0001420,0.0000004,0.0000002
30790,0.0001419,0.0000004,0.0000002
30791,0.0001419,0.0000004,0.0000002
30792,0.0001419,0.0000004,0.0000002
30793,0.0001419,0.0000004,0.0000002
30794,0.0001419,0.0000004,0.0000002
30795,0.0001419,0.0000004,0.0000002
30796,0.0001419,0.0000004,0.0000002
30797,0.0001419,0.0000004,0.0000002
30798,0.0001419,0.0000004,0.0000002
30799,0.0001418,0.0000004,0.0000002
30800,0.0001418,0.0000004,0.0000002
30801,0.0001418,0.0000004,0.0000002
30802,0.0001418,0.0000004,0.0000002
30803,0.0001418,0.0000004,0.0000002
30804,0.0001418,0.0000004,0.0000002
30805,0.0001418,0.0000004,0.0000002
30806,0.0001418,0.0000004,0.0000002
30807,0.0001418,0.0000004,0.0000002
30808,0.0001417,0.0000004,0.0000002
30809,0.0001417,0.0000004,0.0000002
30810,0.0001417,0.0000004,0.0000002
30811,0.0001417,0.0000004,0.0000002
30812,0.0001417,0.0000004,0.0000002
30813,0.0001417,0.0000004,0.0000002
30814,0.0001417,0.0000004,0.0000002
30815,0.0001417,0.0000004,0.0000002
30816,0.0001417,0.0000004,0.0000002
30817,0.0001416,0.0000004,0.0000002
30818,0.0001416,0.0000004,0.0000002
30819,0.0001416,0.0000004,0.0000002
30820,0.0001416,0.0000004,0.0000002
30821,0.0001416,0.0000004,0.0000002
30822,0.0001416,0.0000004,0.0000002
30823,0.0001416,0.0000004,0.0000002
30824,0.0001416,0.0000004,0.0000002
30825,0.0001416,0.0000004,0.0000002
30826,0.0001415,0.0000004,0.0000002
30827,0.0001415,0.0000004,0.0000002
30828,0.0001415,0.0000004,0.0000002
30829,0.0001415,0.0000004,0.0000002
30830,0.0001415,0.0000004,0.0000002
30831,0.0001415,0.0000004,0.0000002
30832,0.0001415,0.0000004,0.0000002
30833,0.0001415,0.0000004,0.0000002
30834,0.0001415,0.0000004,0.0000002
30835,0.0001414,0.0000004,0.0000002
30836,0.0001414,0.0000004,0.0000002
30837,0.0001414,0.0000004,0.0000002
30838,0.0001414,0.0000004,0.0000002
30839,0.0001414,0.0000004,0.0000002
30840,0.0001414,0.0000004,0.0000002
30841,0.0001414,0.0000004,0.0000002
30842,0.0001414,0.0000004,0.0000002
30843,0.0001414,0.0000004,0.0000002
30844,0.0001413,0.0000004,0.0000002
30845,0.0001413,0.0000004,0.0000002
30846,0.0001413,0.0000004,0.0000002
30847,0.0001413,0.0000004,0.0000002
30848,0.0001413,0.0000004,0.0000002
30849,0.0001413,0.0000004,0.0000002
30850,0.0001413,0.0000004,0.0000002
30851,0.0001413,0.0000004,0.0000002
30852,0.0001413,0.0000004,0.0000002
30853,0.0001412,0.0000004,0.0000002
30854,0.0001412,0.0000004,0.0000002
30855,0.0001412,0.0000004,0.0000002
30856,0.0001412,0.0000004,0.0000002
30857,0.0001412,0.0000004,0.0000002
30858,0.0001412,0.0000004,0.0000002
30859,0.0001412,0.0000004,0.0000002
30860,0.0001412,0.0000004,0.0000002
30861,0.0001412,0.0000004,0.0000002
30862,0.0001411,0.0000004,0.0000002
30863,0.0001411,0.0000004,0.0000002
30864,0.0001411,0.0000004,0.0000002
30865,0.0001411,0.0000004,0.0000002
30866,0.0001411,0.0000004,0.0000002
30867,0.0001411,0.0000004,0.0000002
30868,0.0001411,0.0000004,0.0000002
30869,0.0001411,0.0000004,0.0000002
30870,0.0001411,0.0000004,0.0000002
30871,0.0001411,0.0000004,0.0000002
30872,0.0001410,0.0000004,0.0000002
30873,0.0001410,0.0000004,0.0000002
30874,0.0001410,0.0000004,0.0000002
30875,0.0001410,0.0000004,0.0000002
30876,0.0001410,0.0000004,0.0000002
30877,0.0001410,0.0000004,0.0000002
30878,0.0001410,0.0000004,0.0000002
30879,0.0001410,0.0000004,0.0000002
30880,0.0001410,0.0000004,0.0000002
30881,0.0001409,0.0000004,0.0000002
30882,0.0001409,0.0000004,0.0000002
30883,0.0001409,0.0000004,0.0000002
30884,0.0001409,0.0000004,0.0000002
30885,0.0001409,0.0000004,0.0000002
30886,0.0001409,0.0000004,0.0000002
30887,0.0001409,0.0000004,0.0000002
30888,0.0001409,0.0000004,0.0000002
30889,0.0001409,0.0000004,0.0000002
30890,0.0001408,0.0000004,0.0000002
30891,0.0001408,0.0000004,0.0000002
30892,0.0001408,0.0000004,0.0000002
30893,0.0001408,0.0000004,0.0000002
30894,0.0001408,0.0000004,0.0000002
30895,0.0001408,0.0000004,0.0000002
30896,0.0001408,0.0000004,0.0000002
30897,0.0001408,0.0000004,0.0000002
30898,0.0001408,0.0000004,0.0000002
30899,0.0001408,0.0000004,0.0000002
30900,0.0001407,0.0000004,0.0000002
30901,0.0001407,0.0000004,0.0000002
30902,0.0001407,0.0000004,0.0000002
30903,0.0001407,0.0000004,0.0000002
30904,0.0001407,0.0000004,0.0000002
30905,0.0001407,0.0000004,0.0000002
30906,0.0001407,0.0000004,0.0000002
30907,0.0001407,0.0000004,0.0000002
30908,0.0001407,0.0000004,0.0000002
30909,0.0001407,0.0000004,0.0000002
30910,0.0001406,0.0000004,0.0000002
30911,0.0001406,0.0000004,0.0000002
30912,0.0001406,0.0000004,0.0000002
30913,0.0001406,0.0000004,0.0000002
30914,0.0001406,0.0000004,0.0000002
30915,0.0001406,0.0000004,0.0000002
30916,0.0001406,0.0000004,0.0000002
30917,0.0001406,0.0000004,0.0000002
30918,0.0001406,0.0000004,0.0000002
30919,0.0001405,0.0000004,0.0000002
30920,0.0001405,0.0000004,0.0000002
30921,0.0001405,0.0000004,0.0000002
30922,0.0001405,0.0000004,0.0000002
30923,0.0001405,0.0000004,0.0000002
30924,0.0001405,0.0000004,0.0000002
30925,0.0001405,0.0000004,0.0000002
30926,0.0001405,0.0000004,0.0000002
30927,0.0001405,0.0000004,0.0000002
30928,0.0001405,0.0000004,0.0000002
30929,0.0001404,0.0000004,0.0000002
30930,0.0001404,0.0000004,0.0000002
30931,0.0001404,0.0000004,0.0000002
30932,0.0001404,0.0000004,0.0000002
30933,0.0001404,0.0000004,0.0000002
30934,0.0001404,0.0000004,0.0000002
30935,0.0001404,0.0000004,0.0000002
30936,0.0001404,0.0000004,0.0000002
30937,0.0001404,0.0000004,0.0000002
30938,0.0001404,0.0000004,0.0000002
30939,0.0001403,0.0000004,0.0000002
30940,0.0001403,0.0000004,0.0000002
30941,0.0001403,0.0000004,0.0000002
30942,0.0001403,0.0000004,0.0000002
30943,0.0001403,0.0000004,0.0000002
30944,0.0001403,0.0000004,0.0000002
30945,0.0001403,0.0000004,0.0000002
30946,0.0001403,0.0000004,0.0000002
30947,0.0001403,0.0000004,0.0000002
30948,0.0001403,0.0000004,0.0000002
30949,0.0001402,0.0000004,0.0000002
30950,0.0001402,0.0000004,0.0000002
30951,0.0001402,0.0000004,0.0000002
30952,0.0001402,0.0000004,0.0000002
30953,0.0001402,0.0000004,0.0000002
30954,0.0001402,0.0000004,0.0000002
30955,0.0001402,0.0000004,0.0000002
30956,0.0001402,0.0000004,0.0000002
30957,0.0001402,0.0000004,0.0000002
30958,0.0001402,0.0000004,0.0000002
30959,0.0001401,0.0000004,0.0000002
30960,0.0001401,0.0000004,0.0000002
30961,0.0001401,0.0000004,0.0000002
30962,0.0001401,0.0000004,0.0000002
30963,0.0001401,0.0000004,0.0000002
30964,0.0001401,0.0000004,0.0000002
30965,0.0001401,0.0000004,0.0000002
30966,0.0001401,0.0000004,0.0000002
30967,0.0001401,0.0000004,0.0000002
30968,0.0001401,0.0000004,0.0000002
30969,0.0001400,0.0000004,0.0000002
30970,0.0001400,0.0000004,0.0000002
30971,0.0001400,0.0000004,0.0000002
30972,0.0001400,0.0000004,0.0000002
30973,0.0001400,0.0000004,0.0000002
30974,0.0001400,0.0000004,0.0000002
30975,0.0001400,0.0000004,0.0000002
30976,0.0001400,0.0000004,0.0000002
30977,0.0001400,0.0000004,0.0000002
30978,0.0001400,0.0000004,0.0000002
30979,0.0001399,0.0000004,0.0000002
30980,0.0001399,0.0000004,0.0000002
30981,0.0001399,0.0000004,0.0000002
30982,0.0001399,0.0000004,0.0000002
30983,0.0001399,0.0000004,0.0000002
30984,0.0001399,0.0000004,0.0000002
30985,0.0001399,0.0000004,0.0000002
30986,0.0001399,0.0000004,0.0000002
30987,0.0001399,0.0000004,0.0000002
30988,0.0001399,0.0000004,0.0000002
30989,0.0001399,0.0000004,0.0000002
30990,0.0001398,0.0000004,0.0000002
30991,0.0001398,0.0000004,0.0000002
30992,0.0001398,0.0000004,0.0000002
30993,0.0001398,0.0000004,0.0000002
30994,0.0001398,0.0000004,0.0000002
30995,0.0001398,0.0000004,0.0000002
30996,0.0001398,0.0000004,0.0000002
30997,0.0001398,0.0000004,0.0000002
30998,0.0001398,0.0000004,0.0000002
30999,0.0001398,0.0000004,0.0000002
31000,0.0001397,0.0000004,0.0000002
31001,0.0001397,0.0000004,0.0000002
31002,0.0001397,0.0000004,0.0000002
31003,0.0001397,0.0000004,0.0000002
31004,0.0001397,0.0000004,0.0000002
31005,0.0001397,0.0000004,0.0000002
31006,0.0001397,0.0000004,0.0000002
31007,0.0001397,0.0000004,0.0000002
31008,0.0001397,0.0000004,0.0000002
31009,0.0001397,0.0000004,0.0000002
31010,0.0001397,0.0000004,0.0000002
31011,0.0001396,0.0000004,0.0000002
31012,0.0001396,0.0000004,0.0000002
31013,0.0001396,0.0000004,0.0000002
31014,0.0001396,0.0000004,0.0000002
31015,0.0001396,0.0000004,0.0000002
31016,0.0001396,0.0000004,0.0000002
31017,0.0001396,0.0000004,0.0000002
31018,0.0001396,0.0000004,0.0000002
31019,0.0001396,0.0000004,0.0000002
31020,0.0001396,0.0000004,0.0000002
31021,0.0001396,0.0000004,0.0000002
31022,0.0001395,0.0000004,0.0000002
31023,0.0001395,0.0000004,0.0000002
31024,0.0001395,0.0000004,0.0000002
31025,0.0001395,0.0000004,0.0000002
31026,0.0001395,0.0000004,0.0000002
31027,0.0001395,0.0000004,0.0000002
31028,0.0001395,0.0000004,0.0000002
31029,0.0001395,0.0000004,0.0000002
31030,0.0001395,0.0000004,0.0000002
31031,0.0001395,0.0000004,0.0000002
31032,0.0001395,0.0000004,0.0000002
31033,0.0001394,0.0000004,0.0000002
31034,0.0001394,0.0000004,0.0000002
31035,0.0001394,0.0000004,0.0000002
31036,0.0001394,0.0000004,0.0000002
31037,0.0001394,0.0000004,0.0000002
31038,0.0001394,0.0000004,0.0000002
31039,0.0001394,0.0000004,0.0000002
31040,0.0001394,0.0000004,0.0000002
31041,0.0001394,0.0000004,0.0000002
31042,0.0001394,0.0000004,0.0000002
31043,0.0001394,0.0000004,0.0000002
31044,0.0001393,0.0000004,0.0000002
31045,0.0001393,0.0000004,0.0000002
31046,0.0001393,0.0000004,0.0000002
31047,0.0001393,0.0000004,0.0000002
31048,0.0001393,0.0000004,0.0000002
31049,0.0001393,0.0000004,0.0000002
31050,0.0001393,0.0000004,0.0000002
31051,0.0001393,0.0000004,0.0000002
31052,0.0001393,0.0000004,0.0000002
31053,0.0001393,0.0000004,0.0000002
31054,0.0001393,0.0000004,0.0000002
31055,0.0001392,0.0000004,0.0000002
31056,0.0001392,0.0000004,0.0000002
31057,0.0001392,0.0000004,0.0000002
31058,0.0001392,0.0000004,0.0000002
31059,0.0001392,0.0000004,0.0000002
31060,0.0001392,0.0000004,0.0000002
31061,0.0001392,0.0000004,0.0000002
31062,0.0001392,0.0000004,0.0000002
31063,0.0001392,0.0000004,0.0000002
31064,0.0001392,0.0000004,0.0000002
31065,0.0001392,0.0000004,0.0000002
31066,0.0001391,0.0000004,0.0000002
31067,0.0001391,0.0000004,0.0000002
31068,0.0001391,0.0000004,0.0000002
31069,0.0001391,0.0000004,0.0000002
31070,0.0001391,0.0000004,0.0000002
31071,0.0001391,0.0000004,0.0000002
31072,0.0001391,0.0000004,0.0000002
31073,0.0001391,0.0000004,0.0000002
31074,0.0001391,0.0000004,0.0000002
31075,0.0001391,0.0000004,0.0000002
31076,0.0001391,0.0000004,0.0000002
31077,0.0001391,0.0000004,0.0000002
31078,0.0001390,0.0000004,0.0000002
31079,0.0001390,0.0000004,0.0000002
31080,0.0001390,0.0000004,0.0000002
31081,0.0001390,0.0000004,0.0000002
31082,0.0001390,0.0000004,0.0000002
31083,0.0001390,0.0000004,0.0000002
31084,0.0001390,0.0000004,0.0000002
31085,0.0001390,0.0000004,0.0000002
31086,0.0001390,0.0000004,0.0000002
31087,0.0001390,0.0000004,0.0000002
31088,0.0001390,0.0000004,0.0000002
31089,0.0001390,0.0000004,0.0000002
31090,0.0001389,0.0000004,0.0000002
31091,0.0001389,0.0000004,0.0000002
31092,0.0001389,0.0000004,0.0000002
31093,0.0001389,0.0000004,0.0000002
31094,0.0001389,0.0000004,0.0000002
31095,0.0001389,0.0000004,0.0000002
31096,0.0001389,0.0000004,0.0000002
31097,0.0001389,0.0000004,0.0000002
31098,0.0001389,0.0000004,0.0000002
31099,0.0001389,0.0000004,0.0000002
31100,0.0001389,0.0000004,0.0000002
31101,0.0001389,0.0000004,0.0000002
31102,0.0001388,0.0000004,0.0000002
31103,0.0001388,0.0000004,0.0000002
31104,0.0001388,0.0000004,0.0000002
31105,0.0001388,0.0000004,0.0000002
31106,0.0001388,0.0000004,0.0000002
31107,0.0001388,0.0000004,0.0000002
31108,0.0001388,0.0000004,0.0000002
31109,0.0001388,0.0000004,0.0000002
31110,0.0001388,0.0000004,0.0000002
31111,0.0001388,0.0000004,0.0000002
31112,0.0001388,0.0000004,0.0000002
31113,0.0001388,0.0000004,0.0000002
31114,0.0001387,0.0000004,0.0000002
31115,0.0001387,0.0000004,0.0000002
31116,0.0001387,0.0000004,0.0000002
31117,0.0001387,0.0000004,0.0000002
31118,0.0001387,0.0000004,0.0000002
31119,0.0001387,0.0000004,0.0000002
31120,0.0001387,0.0000004,0.0000002
31121,0.0001387,0.0000004,0.0000002
31122,0.0001387,0.0000004,0.0000002
31123,0.0001387,0.0000004,0.0000002
31124,0.0001387,0.0000004,0.0000002
31125,0.0001387,0.0000004,0.0000002
31126,0.0001386,0.0000004,0.0000002
31127,0.0001386,0.0000004,0.0000002
31128,0.0001386,0.0000004,0.0000002
31129,0.0001386,0.0000004,0.0000002
31130,0.0001386,0.0000004,0.0000002
31131,0.0001386,0.0000004,0.0000002
31132,0.0001386,0.0000004,0.0000002
31133,0.0001386,0.0000004,0.0000002
31134,0.0001386,0.0000004,0.0000002
31135,0.0001386,0.0000004,0.0000002
31136,0.0001386,0.0000004,0.0000002
31137,0.0001386,0.0000004,0.0000002
31138,0.0001386,0.0000004,0.0000002
31139,0.0001385,0.0000004,0.0000002
31140,0.0001385,0.0000004,0.0000002
31141,0.0001385,0.0000004,0.0000002
31142,0.0001385,0.0000004,0.0000002
31143,0.0001385,0.0000004,0.0000002
31144,0.0001385,0.0000004,0.0000002
31145,0.0001385,0.0000004,0.0000002
31146,0.0001385,0.0000004,0.0000002
31147,0.0001385,0.0000004,0.0000002
31148,0.0001385,0.0000004,0.0000002
31149,0.0001385,0.0000004,0.0000002
31150,0.0001385,0.0000004,0.0000002
31151,0.0001385,0.0000004,0.0000002
31152,0.0001384,0.0000004,0.0000002
31153,0.0001384,0.0000004,0.0000002
31154,0.0001384,0.0000004,0.0000002
31155,0.0001384,0.0000004,0.0000002
31156,0.0001384,0.0000004,0.0000002
31157,0.0001384,0.0000004,0.0000002
31158,0.0001384,0.0000004,0.0000002
31159,0.0001384,0.0000004,0.0000002
31160,0.0001384,0.0000004,0.0000002
31161,0.0001384,0.0000004,0.0000002
31162,0.0001384,0.0000004,0.0000002
31163,0.0001384,0.0000004,0.0000002
31164,0.0001384,0.0000004,0.0000002
31165,0.0001383,0.0000004,0.0000002
31166,0.0001383,0.0000004,0.0000002
31167,0.0001383,0.0000004,0.0000002
31168,0.0001383,0.0000004,0.0000002
31169,0.0001383,0.0000004,0.0000002
31170,0.0001383,0.0000004,0.0000002
31171,0.0001383,0.0000004,0.0000002
31172,0.0001383,0.0000004,0.0000002
31173,0.0001383,0.0000004,0.0000002
31174,0.0001383,0.0000004,0.0000002
31175,0.0001383,0.0000004,0.0000002
31176,0.0001383,0.0000004,0.0000002
31177,0.0001383,0.0000004,0.0000002
31178,0.0001382,0.0000004,0.0000002
31179,0.0001382,0.0000004,0.0000002
31180,0.0001382,0.0000004,0.0000002
31181,0.0001382,0.0000004,0.0000002
31182,0.0001382,0.0000004,0.0000002
31183,0.0001382,0.0000004,0.0000002
31184,0.0001382,0.0000004,0.0000002
31185,0.0001382,0.0000004,0.0000002
31186,0.0001382,0.0000004,0.0000002
31187,0.0001382,0.0000004,0.0000002
31188,0.0001382,0.0000004,0.0000002
31189,0.0001382,0.0000004,0.0000002
31190,0.0001382,0.0000004,0.0000002
31191,0.0001382,0.0000004,0.0000002
31192,0.0001381,0.0000004,0.0000002
31193,0.0001381,0.0000004,0.0000002
31194,0.0001381,0.0000004,0.0000002
31195,0.0001381,0.0000004,0.0000002
31196,0.0001381,0.0000004,0.0000002
31197,0.0001381,0.0000004,0.0000002
31198,0.0001381,0.0000004,0.0000002
31199,0.0001381,0.0000004,0.0000002
31200,0.0001381,0.0000004,0.0000002
31201,0.0001381,0.0000004,0.0000002
31202,0.0001381,0.0000004,0.0000002
31203,0.0001381,0.0000004,0.0000002
31204,0.0001381,0.0000004,0.0000002
31205,0.0001381,0.0000004,0.0000002
31206,0.0001380,0.0000004,0.0000002
31207,0.0001380,0.0000004,0.0000002
31208,0.0001380,0.0000004,0.0000002
31209,0.0001380,0.0000004,0.0000002
31210,0.0001380,0.0000004,0.0000002
31211,0.0001380,0.0000004,0.0000002
31212,0.0001380,0.0000004,0.0000002
31213,0.0001380,0.0000004,0.0000002
31214,0.0001380,0.0000004,0.0000002
31215,0.0001380,0.0000004,0.0000002
31216,0.0001380,0.0000004,0.0000002
31217,0.0001380,0.0000004,0.0000002
31218,0.0001380,0.0000004,0.0000002
31219,0.0001380,0.0000004,0.0000002
31220,0.0001380,0.0000004,0.0000002
31221,0.0001379,0.0000004,0.0000002
31222,0.0001379,0.0000004,0.0000002
31223,0.0001379,0.0000004,0.0000002
31224,0.0001379,0.0000004,0.0000002
31225,0.0001379,0.0000004,0.0000002
31226,0.0001379,0.0000004,0.0000002
31227,0.0001379,0.0000004,0.0000002
31228,0.0001379,0.0000004,0.0000002
31229,0.0001379,0.0000004,0.0000002
31230,0.0001379,0.0000004,0.0000002
31231,0.0001379,0.0000004,0.0000002
31232,0.0001379,0.0000004,0.0000002
31233,0.0001379,0.0000004,0.0000002
31234,0.0001379,0.0000004,0.0000002
31235,0.0001378,0.0000004,0.0000002
31236,0.0001378,0.0000004,0.0000002
31237,0.0001378,0.0000004,0.0000002
31238,0.0001378,0.0000004,0.0000002
31239,0.0001378,0.0000004,0.0000002
31240,0.0001378,0.0000004,0.0000002
31241,0.0001378,0.0000004,0.0000002
31242,0.0001378,0.0000004,0.0000002
31243,0.0001378,0.0000004,0.0000002
31244,0.0001378,0.0000004,0.0000002
31245,0.0001378,0.0000004,0.0000002
31246,0.0001378,0.0000004,0.0000002
31247,0.0001378,0.0000004,0.0000002
31248,0.0001378,0.0000004,0.0000002
31249,0.0001378,0.0000004,0.0000002
31250,0.0001378,0.0000004,0.0000002
31251,0.0001377,0.0000004,0.0000002
31252,0.0001377,0.0000004,0.0000002
31253,0.0001377,0.0000004,0.0000002
31254,0.0001377,0.0000004,0.0000002
31255,0.0001377,0.0000004,0.0000002
31256,0.0001377,0.0000004,0.0000002
31257,0.0001377,0.0000004,0.0000002
31258,0.0001377,0.0000004,0.0000002
31259,0.0001377,0.0000004,0.0000002
31260,0.0001377,0.0000004,0.0000002
31261,0.0001377,0.0000004,0.0000002
31262,0.0001377,0.0000004,0.0000002
31263,0.0001377,0.0000004,0.0000002
31264,0.0001377,0.0000004,0.0000002
31265,0.0001377,0.0000004,0.0000002
31266,0.0001376,0.0000004,0.0000002
31267,0.0001376,0.0000004,0.0000002
31268,0.0001376,0.0000004,0.0000002
31269,0.0001376,0.0000004,0.0000002
31270,0.0001376,0.0000004,0.0000002
31271,0.0001376,0.0000004,0.0000002
31272,0.0001376,0.0000004,0.0000002
31273,0.0001376,0.0000004,0.0000002
31274,0.0001376,0.0000004,0.0000002
31275,0.0001376,0.0000004,0.0000002
31276,0.0001376,0.0000004,0.0000002
31277,0.0001376,0.0000004,0.0000002
31278,0.0001376,0.0000004,0.0000002
31279,0.0001376,0.0000004,0.0000002
31280,0.0001376,0.0000004,0.0000002
31281,0.0001376,0.0000004,0.0000002
31282,0.0001375,0.0000004,0.0000002
31283,0.0001375,0.0000004,0.0000002
31284,0.0001375,0.0000004,0.0000002
31285,0.0001375,0.0000004,0.0000002
31286,0.0001375,0.0000004,0.0000002
31287,0.0001375,0.0000004,0.0000002
31288,0.0001375,0.0000004,0.0000002
31289,0.0001375,0.0000004,0.0000002
31290,0.0001375,0.0000004,0.0000002
31291,0.0001375,0.0000004,0.0000002
31292,0.0001375,0.0000004,0.0000002
31293,0.0001375,0.0000004,0.0000002
31294,0.0001375,0.0000004,0.0000002
31295,0.0001375,0.0000004,0.0000002
31296,0.0001375,0.0000004,0.0000002
31297,0.0001375,0.0000004,0.0000002
31298,0.0001375,0.0000004,0.0000002
31299,0.0001374,0.0000004,0.0000002
31300,0.0001374,0.0000004,0.0000002
31301,0.0001374,0.0000004,0.0000002
31302,0.0001374,0.0000004,0.0000002
31303,0.0001374,0.0000004,0.0000002
31304,0.0001374,0.0000004,0.0000002
31305,0.0001374,0.0000004,0.0000002
31306,0.0001374,0.0000004,0.0000002
31307,0.0001374,0.0000004,0.0000002
31308,0.0001374,0.0000004,0.0000002
31309,0.0001374,0.0000004,0.0000002
31310,0.0001374,0.0000004,0.0000002
31311,0.0001374,0.0000004,0.0000002
31312,0.0001374,0.0000004,0.0000002
31313,0.0001374,0.0000004,0.0000002
31314,0.0001374,0.0000004,0.0000002
31315,0.0001374,0.0000004,0.0000002
31316,0.0001373,0.0000004,0.0000002
31317,0.0001373,0.0000004,0.0000002
31318,0.0001373,0.0000004,0.0000002
31319,0.0001373,0.0000004,0.0000002
31320,0.0001373,0.0000004,0.0000002
31321,0.0001373,0.0000004,0.0000002
31322,0.0001373,0.0000004,0.0000002
31323,0.0001373,0.0000004,0.0000002
31324,0.0001373,0.0000004,0.0000002
31325,0.0001373,0.0000004,0.0000002
31326,0.0001373,0.0000004,0.0000002
31327,0.0001373,0.0000004,0.0000002
31328,0.0001373,0.0000004,0.0000002
31329,0.0001373,0.0000004,0.0000002
31330,0.0001373,0.0000004,0.0000002
31331,0.0001373,0.0000004,0.0000002
31332,0.0001373,0.0000004,0.0000002
31333,0.0001373,0.0000004,0.0000002
31334,0.0001372,0.0000004,0.0000002
31335,0.0001372,0.0000004,0.0000002
31336,0.0001372,0.0000004,0.0000002
31337,0.0001372,0.0000004,0.0000002
31338,0.0001372,0.0000004,0.0000002
31339,0.0001372,0.0000004,0.0000002
31340,0.0001372,0.0000004,0.0000002
31341,0.0001372,0.0000004,0.0000002
31342,0.0001372,0.0000004,0.0000002
31343,0.0001372,0.0000004,0.0000002
31344,0.0001372,0.0000004,0.0000002
31345,0.0001372,0.0000004,0.0000002
31346,0.0001372,0.0000004,0.0000002
31347,0.0001372,0.0000004,0.0000002
31348,0.0001372,0.0000004,0.0000002
31349,0.0001372,0.0000004,0.0000002
31350,0.0001372,0.0000004,0.0000002
31351,0.0001372,0.0000004,0.0000002
31352,0.0001371,0.0000004,0.0000002
31353,0.0001371,0.0000004,0.0000002
31354,0.0001371,0.0000004,0.0000002
31355,0.0001371,0.0000004,0.0000002
31356,0.0001371,0.0000004,0.0000002
31357,0.0001371,0.0000004,0.0000002
31358,0.0001371,0.0000004,0.0000002
31359,0.0001371,0.0000004,0.0000002
31360,0.0001371,0.0000004,0.0000002
31361,0.0001371,0.0000004,0.0000002
31362,0.0001371,0.0000004,0.0000002
31363,0.0001371,0.0000004,0.0000002
31364,0.0001371,0.0000004,0.0000002
31365,0.0001371,0.0000004,0.0000002
31366,0.0001371,0.0000004,0.0000002
31367,0.0001371,0.0000004,0.0000002
31368,0.0001371,0.0000004,0.0000002
31369,0.0001371,0.0000004,0.0000002
31370,0.0001371,0.0000004,0.0000002
31371,0.0001370,0.0000004,0.0000002
31372,0.0001370,0.0000004,0.0000002
31373,0.0001370,0.0000004,0.0000002
31374,0.0001370,0.0000004,0.0000002
31375,0.0001370,0.0000004,0.0000002
31376,0.0001370,0.0000004,0.0000002
31377,0.0001370,0.0000004,0.0000002
31378,0.0001370,0.0000004,0.0000002
31379,0.0001370,0.0000004,0.0000002
31380,0.0001370,0.0000004,0.0000002
31381,0.0001370,0.0000004,0.0000002
31382,0.0001370,0.0000004,0.0000002
31383,0.0001370,0.0000004,0.0000002
31384,0.0001370,0.0000004,0.0000002
31385,0.0001370,0.0000004,0.0000002
31386,0.0001370,0.0000004,0.0000002
31387,0.0001370,0.0000004,0.0000002
31388,0.0001370,0.0000004,0.0000002
31389,0.0001370,0.0000004,0.0000002
31390,0.0001370,0.0000004,0.0000002
31391,0.0001369,0.0000004,0.0000002
31392,0.0001369,0.0000004,0.0000002
31393,0.0001369,0.0000004,0.0000002
31394,0.0001369,0.0000004,0.0000002
31395,0.0001369,0.0000004,0.0000002
31396,0.0001369,0.0000004,0.0000002
31397,0.0001369,0.0000004,0.0000002
31398,0.0001369,0.0000004,0.0000002
31399,0.0001369,0.0000004,0.0000002
31400,0.0001369,0.0000004,0.0000002
31401,0.0001369,0.0000004,0.0000002
31402,0.0001369,0.0000004,0.0000002
31403,0.0001369,0.0000004,0.0000002
31404,0.0001369,0.0000004,0.0000002
31405,0.0001369,0.0000004,0.0000002
31406,0.0001369,0.0000004,0.0000002
31407,0.0001369,0.0000004,0.0000002
31408,0.0001369,0.0000004,0.0000002
31409,0.0001369,0.0000004,0.0000002
31410,0.0001369,0.0000004,0.0000002
31411,0.0001369,0.0000004,0.0000002
31412,0.0001368,0.0000004,0.0000002
31413,0.0001368,0.0000004,0.0000002
31414,0.0001368,0.0000004,0.0000002
31415,0.0001368,0.0000004,0.0000002
31416,0.0001368,0.0000004,0.0000002
31417,0.0001368,0.0000004,0.0000002
31418,0.0001368,0.0000004,0.0000002
31419,0.0001368,0.0000004,0.0000002
31420,0.0001368,0.0000004,0.0000002
31421,0.0001368,0.0000004,0.0000002
31422,0.0001368,0.0000004,0.0000002
31423,0.0001368,0.0000004,0.0000002
31424,0.0001368,0.0000004,0.0000002
31425,0.0001368,0.0000004,0.0000002
31426,0.0001368,0.0000004,0.0000002
31427,0.0001368,0.0000004,0.0000002
31428,0.0001368,0.0000004,0.0000002
31429,0.0001368,0.0000004,0.0000002
31430,0.0001368,0.0000004,0.0000002
31431,0.0001368,0.0000004,0.0000002
31432,0.0001368,0.0000004,0.0000002
31433,0.0001367,0.0000004,0.0000002
31434,0.0001367,0.0000004,0.0000002
31435,0.0001367,0.0000004,0.0000002
31436,0.0001367,0.0000004,0.0000002
31437,0.0001367,0.0000004,0.0000002
31438,0.0001367,0.0000004,0.0000002
31439,0.0001367,0.0000004,0.0000002
31440,0.0001367,0.0000004,0.0000002
31441,0.0001367,0.0000004,0.0000002
31442,0.0001367,0.0000004,0.0000002
31443,0.0001367,0.0000004,0.0000002
31444,0.0001367,0.0000004,0.0000002
31445,0.0001367,0.0000004,0.0000002
31446,0.0001367,0.0000004,0.0000002
31447,0.0001367,0.0000004,0.0000002
31448,0.0001367,0.0000004,0.0000002
31449,0.0001367,0.0000004,0.0000002
31450,0.0001367,0.0000004,0.0000002
31451,0.0001367,0.0000004,0.0000002
31452,0.0001367,0.0000004,0.0000002
31453,0.0001367,0.0000004,0.0000002
31454,0.0001367,0.0000004,0.0000002
31455,0.0001367,0.0000004,0.0000002
31456,0.0001366,0.0000004,0.0000002
31457,0.0001366,0.0000004,0.0000002
31458,0.0001366,0.0000004,0.0000002
31459,0.0001366,0.0000004,0.0000002
31460,0.0001366,0.0000004,0.0000002
31461,0.0001366,0.0000004,0.0000002
31462,0.0001366,0.0000004,0.0000002
31463,0.0001366,0.0000004,0.0000002
31464,0.0001366,0.0000004,0.0000002
31465,0.0001366,0.0000004,0.0000002
31466,0.0001366,0.0000004,0.0000002
31467,0.0001366,0.0000004,0.0000002
31468,0.0001366,0.0000004,0.0000002
31469,0.0001366,0.0000004,0.0000002
31470,0.0001366,0.0000004,0.0000002
31471,0.0001366,0.0000003,0.0000002
31472,0.0001366,0.0000003,0.0000002
31473,0.0001366,0.0000003,0.0000002
31474,0.0001366,0.0000003,0.0000002
31475,0.0001366,0.0000003,0.0000002
31476,0.0001366,0.0000003,0.0000002
31477,0.0001366,0.0000003,0.0000002
31478,0.0001366,0.0000003,0.0000002
31479,0.0001366,0.0000003,0.0000002
31480,0.0001365,0.0000003,0.0000002
31481,0.0001365,0.0000003,0.0000002
31482,0.0001365,0.0000003,0.0000002
31483,0.0001365,0.0000003,0.0000002
31484,0.0001365,0.0000003,0.0000002
31485,0.0001365,0.0000003,0.0000002
31486,0.0001365,0.0000003,0.0000002
31487,0.0001365,0.0000003,0.0000002
31488,0.0001365,0.0000003,0.0000002
31489,0.0001365,0.0000003,0.0000002
31490,0.0001365,0.0000003,0.0000002
31491,0.0001365,0.0000003,0.0000002
31492,0.0001365,0.0000003,0.0000002
31493,0.0001365,0.0000003,0.0000002
31494,0.0001365,0.0000003,0.0000002
31495,0.0001365,0.0000003,0.0000002
31496,0.0001365,0.0000003,0.0000002
31497,0.0001365,0.0000003,0.0000002
31498,0.0001365,0.0000003,0.0000002
31499,0.0001365,0.0000003,0.0000002
31500,0.0001365,0.0000003,0.0000002
31501,0.0001365,0.0000003,0.0000002
31502,0.0001365,0.0000003,0.0000002
31503,0.0001365,0.0000003,0.0000002
31504,0.0001365,0.0000003,0.0000002
31505,0.0001364,0.0000003,0.0000002
31506,0.0001364,0.0000003,0.0000002
31507,0.0001364,0.0000003,0.0000002
31508,0.0001364,0.0000003,0.0000002
31509,0.0001364,0.0000003,0.0000002
31510,0.0001364,0.0000003,0.0000002
31511,0.0001364,0.0000003,0.0000002
31512,0.0001364,0.0000003,0.0000002
31513,0.0001364,0.0000003,0.0000002
31514,0.0001364,0.0000003,0.0000002
31515,0.0001364,0.0000003,0.0000002
31516,0.0001364,0.0000003,0.0000002
31517,0.0001364,0.0000003,0.0000002
31518,0.0001364,0.0000003,0.0000002
31519,0.0001364,0.0000003,0.0000002
31520,0.0001364,0.0000003,0.0000002
31521,0.0001364,0.0000003,0.0000002
31522,0.0001364,0.0000003,0.0000002
31523,0.0001364,0.0000003,0.0000002
31524,0.0001364,0.0000003,0.0000002
31525,0.0001364,0.0000003,0.0000002
31526,0.0001364,0.0000003,0.0000002
31527,0.0001364,0.0000003,0.0000002
31528,0.0001364,0.0000003,0.0000002
31529,0.0001364,0.0000003,0.0000002
31530,0.0001364,0.0000003,0.0000002
31531,0.0001364,0.0000003,0.0000002
31532,0.0001363,0.0000003,0.0000002
31533,0.0001363,0.0000003,0.0000002
31534,0.0001363,0.0000003,0.0000002
31535,0.0001363,0.0000003,0.0000002
31536,0.0001363,0.0000003,0.0000002
31537,0.0001363,0.0000003,0.0000002
31538,0.0001363,0.0000003,0.0000002
31539,0.0001363,0.0000003,0.0000002
31540,0.0001363,0.0000003,0.0000002
31541,0.0001363,0.0000003,0.0000002
31542,0.0001363,0.0000003,0.0000002
31543,0.0001363,0.0000003,0.0000002
31544,0.0001363,0.0000003,0.0000002
31545,0.0001363,0.0000003,0.0000002
31546,0.0001363,0.0000003,0.0000002
31547,0.0001363,0.0000003,0.0000002
31548,0.0001363,0.0000003,0.0000002
31549,0.0001363,0.0000003,0.0000002
31550,0.0001363,0.0000003,0.0000002
31551,0.0001363,0.0000003,0.0000002
31552,0.0001363,0.0000003,0.0000002
31553,0.0001363,0.0000003,0.0000002
31554,0.0001363,0.0000003,0.0000002
31555,0.0001363,0.0000003,0.0000002
31556,0.0001363,0.0000003,0.0000002
31557,0.0001363,0.0000003,0.0000002
31558,0.0001363,0.0000003,0.0000002
31559,0.0001363,0.0000003,0.0000002
31560,0.0001362,0.0000003,0.0000002
31561,0.0001362,0.0000003,0.0000002
31562,0.0001362,0.0000003,0.0000002
31563,0.0001362,0.0000003,0.0000002
31564,0.0001362,0.0000003,0.0000002
31565,0.0001362,0.0000003,0.0000002
31566,0.0001362,0.0000003,0.0000002
31567,0.0001362,0.0000003,0.0000002
31568,0.0001362,0.0000003,0.0000002
31569,0.0001362,0.0000003,0.0000002
31570,0.0001362,0.0000003,0.0000002
31571,0.0001362,0.0000003,0.0000002
31572,0.0001362,0.0000003,0.0000002
31573,0.0001362,0.0000003,0.0000002
31574,0.0001362,0.0000003,0.0000002
31575,0.0001362,0.0000003,0.0000002
31576,0.0001362,0.0000003,0.0000002
31577,0.0001362,0.0000003,0.0000002
31578,0.0001362,0.0000003,0.0000002
31579,0.0001362,0.0000003,0.0000002
31580,0.0001362,0.0000003,0.0000002
31581,0.0001362,0.0000003,0.0000002
31582,0.0001362,0.0000003,0.0000002
31583,0.0001362,0.0000003,0.0000002
31584,0.0001362,0.0000003,0.0000002
31585,0.0001362,0.0000003,0.0000002
31586,0.0001362,0.0000003,0.0000002
31587,0.0001362,0.0000003,0.0000002
31588,0.0001362,0.0000003,0.0000002
31589,0.0001361,0.0000003,0.0000002
31590,0.0001361,0.0000003,0.0000002
31591,0.0001361,0.0000003,0.0000002
31592,0.0001361,0.0000003,0.0000002
31593,0.0001361,0.0000003,0.0000002
31594,0.0001361,0.0000003,0.0000002
31595,0.0001361,0.0000003,0.0000002
31596,0.0001361,0.0000003,0.0000002
31597,0.0001361,0.0000003,0.0000002
31598,0.0001361,0.0000003,0.0000002
31599,0.0001361,0.0000003,0.0000002
31600,0.0001361,0.0000003,0.0000002
31601,0.0001361,0.0000003,0.0000002
31602,0.0001361,0.0000003,0.0000002
31603,0.0001361,0.0000003,0.0000002
31604,0.0001361,0.0000003,0.0000002
31605,0.0001361,0.0000003,0.0000002
31606,0.0001361,0.0000003,0.0000002
31607,0.0001361,0.0000003,0.0000002
31608,0.0001361,0.0000003,0.0000002
31609,0.0001361,0.0000003,0.0000002
31610,0.0001361,0.0000003,0.0000002
31611,0.0001361,0.0000003,0.0000002
31612,0.0001361,0.0000003,0.0000002
31613,0.0001361,0.0000003,0.0000002
31614,0.0001361,0.0000003,0.0000002
31615,0.0001361,0.0000003,0.0000002
31616,0.0001361,0.0000003,0.0000002
31617,0.0001361,0.0000003,0.0000002
31618,0.0001361,0.0000003,0.0000002
31619,0.0001361,0.0000003,0.0000002
31620,0.0001360,0.0000003,0.0000002
31621,0.0001360,0.0000003,0.0000002
31622,0.0001360,0.0000003,0.0000002
31623,0.0001360,0.0000003,0.0000002
31624,0.0001360,0.0000003,0.0000002
31625,0.0001360,0.0000003,0.0000002
31626,0.0001360,0.0000003,0.0000002
31627,0.0001360,0.0000003,0.0000002
31628,0.0001360,0.0000003,0.0000002
31629,0.0001360,0.0000003,0.0000002
31630,0.0001360,0.0000003,0.0000002
31631,0.0001360,0.0000003,0.0000002
31632,0.0001360,0.0000003,0.0000002
31633,0.0001360,0.0000003,0.0000002
31634,0.0001360,0.0000003,0.0000002
31635,0.0001360,0.0000003,0.0000002
31636,0.0001360,0.0000003,0.0000002
31637,0.0001360,0.0000003,0.0000002
31638,0.0001360,0.0000003,0.0000002
31639,0.0001360,0.0000003,0.0000002
31640,0.0001360,0.0000003,0.0000002
31641,0.0001360,0.0000003,0.0000002
31642,0.0001360,0.0000003,0.0000002
31643,0.0001360,0.0000003,0.0000002
31644,0.0001360,0.0000003,0.0000002
31645,0.0001360,0.0000003,0.0000002
31646,0.0001360,0.0000003,0.0000002
31647,0.0001360,0.0000003,0.0000002
31648,0.0001360,0.0000003,0.0000002
31649,0.0001360,0.0000003,0.0000002
31650,0.0001360,0.0000003,0.0000002
31651,0.0001360,0.0000003,0.0000002
31652,0.0001360,0.0000003,0.0000002
31653,0.0001359,0.0000003,0.0000002
31654,0.0001359,0.0000003,0.0000002
31655,0.0001359,0.0000003,0.0000002
31656,0.0001359,0.0000003,0.0000002
31657,0.0001359,0.0000003,0.0000002
31658,0.0001359,0.0000003,0.0000002
31659,0.0001359,0.0000003,0.0000002
31660,0.0001359,0.0000003,0.0000002
31661,0.0001359,0.0000003,0.0000002
31662,0.0001359,0.0000003,0.0000002
31663,0.0001359,0.0000003,0.0000002
31664,0.0001359,0.0000003,0.0000002
31665,0.0001359,0.0000003,0.0000002
31666,0.0001359,0.0000003,0.0000002
31667,0.0001359,0.0000003,0.0000002
31668,0.0001359,0.0000003,0.0000002
31669,0.0001359,0.0000003,0.0000002
31670,0.0001359,0.0000003,0.0000002
31671,0.0001359,0.0000003,0.0000002
31672,0.0001359,0.0000003,0.0000002
31673,0.0001359,0.0000003,0.0000002
31674,0.0001359,0.0000003,0.0000002
31675,0.0001359,0.0000003,0.0000002
31676,0.0001359,0.0000003,0.0000002
31677,0.0001359,0.0000003,0.0000002
31678,0.0001359,0.0000003,0.0000002
31679,0.0001359,0.0000003,0.0000002
31680,0.0001359,0.0000003,0.0000002
31681,0.0001359,0.0000003,0.0000002
31682,0.0001359,0.0000003,0.0000002
31683,0.0001359,0.0000003,0.0000002
31684,0.0001359,0.0000003,0.0000002
31685,0.0001359,0.0000003,0.0000002
31686,0.0001359,0.0000003,0.0000002
31687,0.0001359,0.0000003,0.0000002
31688,0.0001358,0.0000003,0.0000002
31689,0.0001358,0.0000003,0.0000002
31690,0.0001358,0.0000003,0.0000002
31691,0.0001358,0.0000003,0.0000002
31692,0.0001358,0.0000003,0.0000002
31693,0.0001358,0.0000003,0.0000002
31694,0.0001358,0.0000003,0.0000002
31695,0.0001358,0.0000003,0.0000002
31696,0.0001358,0.0000003,0.0000002
31697,0.0001358,0.0000003,0.0000002
31698,0.0001358,0.0000003,0.0000002
31699,0.0001358,0.0000003,0.0000002
31700,0.0001358,0.0000003,0.0000002
31701,0.0001358,0.0000003,0.0000002
31702,0.0001358,0.0000003,0.0000002
31703,0.0001358,0.0000003,0.0000002
31704,0.0001358,0.0000003,0.0000002
31705,0.0001358,0.0000003,0.0000002
31706,0.0001358,0.0000003,0.0000002
31707,0.0001358,0.0000003,0.0000002
31708,0.0001358,0.0000003,0.0000002
31709,0.0001358,0.0000003,0.0000002
31710,0.0001358,0.0000003,0.0000002
31711,0.0001358,0.0000003,0.0000002
31712,0.0001358,0.0000003,0.0000002
31713,0.0001358,0.0000003,0.0000002
31714,0.0001358,0.0000003,0.0000002
31715,0.0001358,0.0000003,0.0000002
31716,0.0001358,0.0000003,0.0000002
31717,0.0001358,0.0000003,0.0000002
31718,0.0001358,0.0000003,0.0000002
31719,0.0001358,0.0000003,0.0000002
31720,0.0001358,0.0000003,0.0000002
31721,0.0001358,0.0000003,0.0000002
31722,0.0001358,0.0000003,0.0000002
31723,0.0001358,0.0000003,0.0000002
31724,0.0001357,0.0000003,0.0000002
31725,0.0001357,0.0000003,0.0000002
31726,0.0001357,0.0000003,0.0000002
31727,0.0001357,0.0000003,0.0000002
31728,0.0001357,0.0000003,0.0000002
31729,0.0001357,0.0000003,0.0000002
31730,0.0001357,0.0000003,0.0000002
31731,0.0001357,0.0000003,0.0000002
31732,0.0001357,0.0000003,0.0000002
31733,0.0001357,0.0000003,0.0000002
31734,0.0001357,0.0000003,0.0000002
31735,0.0001357,0.0000003,0.0000002
31736,0.0001357,0.0000003,0.0000002
31737,0.0001357,0.0000003,0.0000002
31738,0.0001357,0.0000003,0.0000002
31739,0.0001357,0.0000003,0.0000002
31740,0.0001357,0.0000003,0.0000002
31741,0.0001357,0.0000003,0.0000002
31742,0.0001357,0.0000003,0.0000002
31743,0.0001357,0.0000003,0.0000002
31744,0.0001357,0.0000003,0.0000002
31745,0.0001357,0.0000003,0.0000002
31746,0.0001357,0.0000003,0.0000002
31747,0.0001357,0.0000003,0.0000002
31748,0.0001357,0.0000003,0.0000002
31749,0.0001357,0.0000003,0.0000002
31750,0.0001357,0.0000003,0.0000002
31751,0.0001357,0.0000003,0.0000002
31752,0.0001357,0.0000003,0.0000002
31753,0.0001357,0.0000003,0.0000002
31754,0.0001357,0.0000003,0.0000002
31755,0.0001357,0.0000003,0.0000002
31756,0.0001357,0.0000003,0.0000002
31757,0.0001357,0.0000003,0.0000002
31758,0.0001357,0.0000003,0.0000002
31759,0.0001357,0.0000003,0.0000002
31760,0.0001357,0.0000003,0.0000002
31761,0.0001356,0.0000003,0.0000002
31762,0.0001356,0.0000003,0.0000002
31763,0.0001356,0.0000003,0.0000002
31764,0.0001356,0.0000003,0.0000002
31765,0.0001356,0.0000003,0.0000002
31766,0.0001356,0.0000003,0.0000002
31767,0.0001356,0.0000003,0.0000002
31768,0.0001356,0.0000003,0.0000002
31769,0.0001356,0.0000003,0.0000002
31770,0.0001356,0.0000003,0.0000002
31771,0.0001356,0.0000003,0.0000002
31772,0.0001356,0.0000003,0.0000002
31773,0.0001356,0.0000003,0.0000002
31774,0.0001356,0.0000003,0.0000002
31775,0.0001356,0.0000003,0.0000002
31776,0.0001356,0.0000003,0.0000002
31777,0.0001356,0.0000003,0.0000002
31778,0.0001356,0.0000003,0.0000002
31779,0.0001356,0.0000003,0.0000002
31780,0.0001356,0.0000003,0.0000002
31781,0.0001356,0.0000003,0.0000002
31782,0.0001356,0.0000003,0.0000002
31783,0.0001356,0.0000003,0.0000002
31784,0.0001356,0.0000003,0.0000002
31785,0.0001356,0.0000003,0.0000002
31786,0.0001356,0.0000003,0.0000002
31787,0.0001356,0.0000003,0.0000002
31788,0.0001356,0.0000003,0.0000002
31789,0.0001356,0.0000003,0.0000002
31790,0.0001356,0.0000003,0.0000002
31791,0.0001356,0.0000003,0.0000002
31792,0.0001356,0.0000003,0.0000002
31793,0.0001356,0.0000003,0.0000002
31794,0.0001356,0.0000003,0.0000002
31795,0.0001356,0.0000003,0.0000002
31796,0.0001356,0.0000003,0.0000002
31797,0.0001356,0.0000003,0.0000002
31798,0.0001356,0.0000003,0.0000002
31799,0.0001356,0.0000003,0.0000002
31800,0.0001355,0.0000003,0.0000002
31801,0.0001355,0.0000003,0.0000002
31802,0.0001355,0.0000003,0.0000002
31803,0.0001355,0.0000003,0.0000002
31804,0.0001355,0.0000003,0.0000002
31805,0.0001355,0.0000003,0.0000002
31806,0.0001355,0.0000003,0.0000002
31807,0.0001355,0.0000003,0.0000002
31808,0.0001355,0.0000003,0.0000002
31809,0.0001355,0.0000003,0.0000002
31810,0.0001355,0.0000003,0.0000002
31811,0.0001355,0.0000003,0.0000002
31812,0.0001355,0.0000003,0.0000002
31813,0.0001355,0.0000003,0.0000002
31814,0.0001355,0.0000003,0.0000002
31815,0.0001355,0.0000003,0.0000002
31816,0.0001355,0.0000003,0.0000002
31817,0.0001355,0.0000003,0.0000002
31818,0.0001355,0.0000003,0.0000002
31819,0.0001355,0.0000003,0.0000002
31820,0.0001355,0.0000003,0.0000002
31821,0.0001355,0.0000003,0.0000002
31822,0.0001355,0.0000003,0.0000002
31823,0.0001355,0.0000003,0.0000002
31824,0.0001355,0.0000003,0.0000002
31825,0.0001355,0.0000003,0.0000002
31826,0.0001355,0.0000003,0.0000002
31827,0.0001355,0.0000003,0.0000002
31828,0.0001355,0.0000003,0.0000002
31829,0.0001355,0.0000003,0.0000002
31830,0.0001355,0.0000003,0.0000002
31831,0.0001355,0.0000003,0.0000002
31832,0.0001355,0.0000003,0.0000002
31833,0.0001355,0.0000003,0.0000002
31834,0.0001355,0.0000003,0.0000002
31835,0.0001355,0.0000003,0.0000002
31836,0.0001355,0.0000003,0.0000002
31837,0.0001355,0.0000003,0.0000002
31838,0.0001354,0.0000003,0.0000002
31839,0.0001354,0.0000003,0.0000002
31840,0.0001354,0.0000003,0.0000002
31841,0.0001354,0.0000003,0.0000002
31842,0.0001354,0.0000003,0.0000002
31843,0.0001354,0.0000003,0.0000002
31844,0.0001354,0.0000003,0.0000002
31845,0.0001354,0.0000003,0.0000002
31846,0.0001354,0.0000003,0.0000002
31847,0.0001354,0.0000003,0.0000002
31848,0.0001354,0.0000003,0.0000002
31849,0.0001354,0.0000003,0.0000002
31850,0.0001354,0.0000003,0.0000002
31851,0.0001354,0.0000003,0.0000002
31852,0.0001354,0.0000003,0.0000002
31853,0.0001354,0.0000003,0.0000002
31854,0.0001354,0.0000003,0.0000002
31855,0.0001354,0.0000003,0.0000002
31856,0.0001354,0.0000003,0.0000002
31857,0.0001354,0.0000003,0.0000002
31858,0.0001354,0.0000003,0.0000002
31859,0.0001354,0.0000003,0.0000002
31860,0.0001354,0.0000003,0.0000002
31861,0.0001354,0.0000003,0.0000002
31862,0.0001354,0.0000003,0.0000002
31863,0.0001354,0.0000003,0.0000002
31864,0.0001354,0.0000003,0.0000002
31865,0.0001354,0.0000003,0.0000002
31866,0.0001354,0.0000003,0.0000002
31867,0.0001354,0.0000003,0.0000002
31868,0.0001354,0.0000003,0.0000002
31869,0.0001354,0.0000003,0.0000002
31870,0.0001354,0.0000003,0.0000002
31871,0.0001354,0.0000003,0.0000002
31872,0.0001354,0.0000003,0.0000002
31873,0.0001354,0.0000003,0.0000002
31874,0.0001354,0.0000003,0.0000002
31875,0.0001354,0.0000003,0.0000002
31876,0.0001354,0.0000003,0.0000002
31877,0.0001353,0.0000003,0.0000002
31878,0.0001353,0.0000003,0.0000002
31879,0.0001353,0.0000003,0.0000002
31880,0.0001353,0.0000003,0.0000002
31881,0.0001353,0.0000003,0.0000002
31882,0.0001353,0.0000003,0.0000002
31883,0.0001353,0.0000003,0.0000002
31884,0.0001353,0.0000003,0.0000002
31885,0.0001353,0.0000003,0.0000002
31886,0.0001353,0.0000003,0.0000002
31887,0.0001353,0.0000003,0.0000002
31888,0.0001353,0.0000003,0.0000002
31889,0.0001353,0.0000003,0.0000002
31890,0.0001353,0.0000003,0.0000002
31891,0.0001353,0.0000003,0.0000002
31892,0.0001353,0.0000003,0.0000002
31893,0.0001353,0.0000003,0.0000002
31894,0.0001353,0.0000003,0.0000002
31895,0.0001353,0.0000003,0.0000002
31896,0.0001353,0.0000003,0.0000002
31897,0.0001353,0.0000003,0.0000002
31898,0.0001353,0.0000003,0.0000002
31899,0.0001353,0.0000003,0.0000002
31900,0.0001353,0.0000003,0.0000002
31901,0.0001353,0.0000003,0.0000002
31902,0.0001353,0.0000003,0.0000002
31903,0.0001353,0.0000003,0.0000002
31904,0.0001353,0.0000003,0.0000002
31905,0.0001353,0.0000003,0.0000002
31906,0.0001353,0.0000003,0.0000002
31907,0.0001353,0.0000003,0.0000002
31908,0.0001353,0.0000003,0.0000002
31909,0.0001353,0.0000003,0.0000002
31910,0.0001353,0.0000003,0.0000002
31911,0.0001353,0.0000003,0.0000002
31912,0.0001353,0.0000003,0.0000002
31913,0.0001353,0.0000003,0.0000002
31914,0.0001353,0.0000003,0.0000002
31915,0.0001352,0.0000003,0.0000002
31916,0.0001352,0.0000003,0.0000002
31917,0.0001352,0.0000003,0.0000002
31918,0.0001352,0.0000003,0.0000002
31919,0.0001352,0.0000003,0.0000002
31920,0.0001352,0.0000003,0.0000002
31921,0.0001352,0.0000003,0.0000002
31922,0.0001352,0.0000003,0.0000002
31923,0.0001352,0.0000003,0.0000002
31924,0.0001352,0.0000003,0.0000002
31925,0.0001352,0.0000003,0.0000002
31926,0.0001352,0.0000003,0.0000002
31927,0.0001352,0.0000003,0.0000002
31928,0.0001352,0.0000003,0.0000002
31929,0.0001352,0.0000003,0.0000002
31930,0.0001352,0.0000003,0.0000002
31931,0.0001352,0.0000003,0.0000002
31932,0.0001352,0.0000003,0.0000002
31933,0.0001352,0.0000003,0.0000002
31934,0.0001352,0.0000003,0.0000002
31935,0.0001352,0.0000003,0.0000002
31936,0.0001352,0.0000003,0.0000002
31937,0.0001352,0.0000003,0.0000002
31938,0.0001352,0.0000003,0.0000002
31939,0.0001352,0.0000003,0.0000002
31940,0.0001352,0.0000003,0.0000002
31941,0.0001352,0.0000003,0.0000002
31942,0.0001352,0.0000003,0.0000002
31943,0.0001352,0.0000003,0.0000002
31944,0.0001352,0.0000003,0.0000002
31945,0.0001352,0.0000003,0.0000002
31946,0.0001352,0.0000003,0.0000002
31947,0.0001352,0.0000003,0.0000002
31948,0.0001352,0.0000003,0.0000002
31949,0.0001352,0.0000003,0.0000002
31950,0.0001352,0.0000003,0.0000002
31951,0.0001352,0.0000003,0.0000002
31952,0.0001351,0.0000003,0.0000002
31953,0.0001351,0.0000003,0.0000002
31954,0.0001351,0.0000003,0.0000002
31955,0.0001351,0.0000003,0.0000002
31956,0.0001351,0.0000003,0.0000002
31957,0.0001351,0.0000003,0.0000002
31958,0.0001351,0.0000003,0.0000002
31959,0.0001351,0.0000003,0.0000002
31960,0.0001351,0.0000003,0.0000002
31961,0.0001351,0.0000003,0.0000002
31962,0.0001351,0.0000003,0.0000002
31963,0.0001351,0.0000003,0.0000002
31964,0.0001351,0.0000003,0.0000002
31965,0.0001351,0.0000003,0.0000002
31966,0.0001351,0.0000003,0.0000002
31967,0.0001351,0.0000003,0.0000002
31968,0.0001351,0.0000003,0.0000002
31969,0.0001351,0.0000003,0.0000002
31970,0.0001351,0.0000003,0.0000002
31971,0.0001351,0.0000003,0.0000002
31972,0.0001351,0.0000003,0.0000002
31973,0.0001351,0.0000003,0.0000002
31974,0.0001351,0.0000003,0.0000002
31975,0.0001351,0.0000003,0.0000002
31976,0.0001351,0.0000003,0.0000002
31977,0.0001351,0.0000003,0.0000002
31978,0.0001351,0.0000003,0.0000002
31979,0.0001351,0.0000003,0.0000002
31980,0.0001351,0.0000003,0.0000002
31981,0.0001351,0.0000003,0.0000002
31982,0.0001351,0.0000003,0.0000002
31983,0.0001351,0.0000003,0.0000002
31984,0.0001351,0.0000003,0.0000002
31985,0.0001351,0.0000003,0.0000002
31986,0.0001351,0.0000003,0.0000002
31987,0.0001350,0.0000003,0.0000002
31988,0.0001350,0.0000003,0.0000002
31989,0.0001350,0.0000003,0.0000002
31990,0.0001350,0.0000003,0.0000002
31991,0.0001350,0.0000003,0.0000002
31992,0.0001350,0.0000003,0.0000002
31993,0.0001350,0.0000003,0.0000002
31994,0.0001350,0.0000003,0.0000002
31995,0.0001350,0.0000003,0.0000002
31996,0.0001350,0.0000003,0.0000002
31997,0.0001350,0.0000003,0.0000002
31998,0.0001350,0.0000003,0.0000002
31999,0.0001350,0.0000003,0.0000002
32000,0.0001350,0.0000003,0.0000002
32001,0.0001350,0.0000003,0.0000002
32002,0.0001350,0.0000003,0.0000002
32003,0.0001350,0.0000003,0.0000002
32004,0.0001350,0.0000003,0.0000002
32005,0.0001350,0.0000003,0.0000002
32006,0.0001350,0.0000003,0.0000002
32007,0.0001350,0.0000003,0.0000002
32008,0.0001350,0.0000003,0.0000002
32009,0.0001350,0.0000003,0.0000002
32010,0.0001350,0.0000003,0.0000002
32011,0.0001350,0.0000003,0.0000002
32012,0.0001350,0.0000003,0.0000002
32013,0.0001350,0.0000003,0.0000002
32014,0.0001350,0.0000003,0.0000002
32015,0.0001350,0.0000003,0.0000002
32016,0.0001350,0.0000003,0.0000002
32017,0.0001350,0.0000003,0.0000002
32018,0.0001350,0.0000003,0.0000002
32019,0.0001350,0.0000003,0.0000002
32020,0.0001350,0.0000003,0.0000002
32021,0.0001350,0.0000003,0.0000002
32022,0.0001349,0.0000003,0.0000002
32023,0.0001349,0.0000003,0.0000002
32024,0.0001349,0.0000003,0.0000002
32025,0.0001349,0.0000003,0.0000002
32026,0.0001349,0.0000003,0.0000002
32027,0.0001349,0.0000003,0.0000002
32028,0.0001349,0.0000003,0.0000002
32029,0.0001349,0.0000003,0.0000002
32030,0.0001349,0.0000003,0.0000002
32031,0.0001349,0.0000003,0.0000002
32032,0.0001349,0.0000003,0.0000002
32033,0.0001349,0.0000003,0.0000002
32034,0.0001349,0.0000003,0.0000002
32035,0.0001349,0.0000003,0.0000002
32036,0.0001349,0.0000003,0.0000002
32037,0.0001349,0.0000003,0.0000002
32038,0.0001349,0.0000003,0.0000002
32039,0.0001349,0.0000003,0.0000002
32040,0.0001349,0.0000003,0.0000002
32041,0.0001349,0.0000003,0.0000002
32042,0.0001349,0.0000003,0.0000002
32043,0.0001349,0.0000003,0.0000002
32044,0.0001349,0.0000003,0.0000002
32045,0.0001349,0.0000003,0.0000002
32046,0.0001349,0.0000003,0.0000002
32047,0.0001349,0.0000003,0.0000002
32048,0.0001349,0.0000003,0.0000002
32049,0.0001349,0.0000003,0.0000002
32050,0.0001349,0.0000003,0.0000002
32051,0.0001349,0.0000003,0.0000002
32052,0.0001349,0.0000003,0.0000002
32053,0.0001349,0.0000003,0.0000002
32054,0.0001348,0.0000003,0.0000002
32055,0.0001348,0.0000003,0.0000002
32056,0.0001348,0.0000003,0.0000002
32057,0.0001348,0.0000003,0.0000002
32058,0.0001348,0.0000003,0.0000002
32059,0.0001348,0.0000003,0.0000002
32060,0.0001348,0.0000003,0.0000002
32061,0.0001348,0.0000003,0.0000002
32062,0.0001348,0.0000003,0.0000002
32063,0.0001348,0.0000003,0.0000002
32064,0.0001348,0.0000003,0.0000002
32065,0.0001348,0.0000003,0.0000002
32066,0.0001348,0.0000003,0.0000002
32067,0.0001348,0.0000003,0.0000002
32068,0.0001348,0.0000003,0.0000002
32069,0.0001348,0.0000003,0.0000002
32070,0.0001348,0.0000003,0.0000002
32071,0.0001348,0.0000003,0.0000002
32072,0.0001348,0.0000003,0.0000002
32073,0.0001348,0.0000003,0.0000002
32074,0.0001348,0.0000003,0.0000002
32075,0.0001348,0.0000003,0.0000002
32076,0.0001348,0.0000003,0.0000002
32077,0.0001348,0.0000003,0.0000002
32078,0.0001348,0.0000003,0.0000002
32079,0.0001348,0.0000003,0.0000002
32080,0.0001348,0.0000003,0.0000002
32081,0.0001348,0.0000003,0.0000002
32082,0.0001348,0.0000003,0.0000002
32083,0.0001348,0.0000003,0.0000002
32084,0.0001348,0.0000003,0.0000002
32085,0.0001347,0.0000003,0.0000002
32086,0.0001347,0.0000003,0.0000002
32087,0.0001347,0.0000003,0.0000002
32088,0.0001347,0.0000003,0.0000002
32089,0.0001347,0.0000003,0.0000002
32090,0.0001347,0.0000003,0.0000002
32091,0.0001347,0.0000003,0.0000002
32092,0.0001347,0.0000003,0.0000002
32093,0.0001347,0.0000003,0.0000002
32094,0.0001347,0.0000003,0.0000002
32095,0.0001347,0.0000003,0.0000002
32096,0.0001347,0.0000003,0.0000002
32097,0.0001347,0.0000003,0.0000002
32098,0.0001347,0.0000003,0.0000002
32099,0.0001347,0.0000003,0.0000002
32100,0.0001347,0.0000003,0.0000002
32101,0.0001347,0.0000003,0.0000002
32102,0.0001347,0.0000003,0.0000002
32103,0.0001347,0.0000003,0.0000002
32104,0.0001347,0.0000003,0.0000002
32105,0.0001347,0.0000003,0.0000002
32106,0.0001347,0.0000003,0.0000002
32107,0.0001347,0.0000003,0.0000002
32108,0.0001347,0.0000003,0.0000002
32109,0.0001347,0.0000003,0.0000002
32110,0.0001347,0.0000003,0.0000002
32111,0.0001347,0.0000003,0.0000002
32112,0.0001347,0.0000003,0.0000002
32113,0.0001347,0.0000003,0.0000002
32114,0.0001347,0.0000003,0.0000002
32115,0.0001346,0.0000003,0.0000002
32116,0.0001346,0.0000003,0.0000002
32117,0.0001346,0.0000003,0.0000002
32118,0.0001346,0.0000003,0.0000002
32119,0.0001346,0.0000003,0.0000002
32120,0.0001346,0.0000003,0.0000002
32121,0.0001346,0.0000003,0.0000002
32122,0.0001346,0.0000003,0.0000002
32123,0.0001346,0.0000003,0.0000002
32124,0.0001346,0.0000003,0.0000002
32125,0.0001346,0.0000003,0.0000002
32126,0.0001346,0.0000003,0.0000002
32127,0.0001346,0.0000003,0.0000002
32128,0.0001346,0.0000003,0.0000002
32129,0.0001346,0.0000003,0.0000002
32130,0.0001346,0.0000003,0.0000002
32131,0.0001346,0.0000003,0.0000002
32132,0.0001346,0.0000003,0.0000002
32133,0.0001346,0.0000003,0.0000002
32134,0.0001346,0.0000003,0.0000002
32135,0.0001346,0.0000003,0.0000002
32136,0.0001346,0.0000003,0.0000002
32137,0.0001346,0.0000003,0.0000002
32138,0.0001346,0.0000003,0.0000002
32139,0.0001346,0.0000003,0.0000002
32140,0.0001346,0.0000003,0.0000002
32141,0.0001346,0.0000003,0.0000002
32142,0.0001346,0.0000003,0.0000002
32143,0.0001346,0.0000003,0.0000002
32144,0.0001345,0.0000003,0.0000002
32145,0.0001345,0.0000003,0.0000002
32146,0.0001345,0.0000003,0.0000002
32147,0.0001345,0.0000003,0.0000002
32148,0.0001345,0.0000003,0.0000002
32149,0.0001345,0.0000003,0.0000002
32150,0.0001345,0.0000003,0.0000002
32151,0.0001345,0.0000003,0.0000002
32152,0.0001345,0.0000003,0.0000002
32153,0.0001345,0.0000003,0.0000002
32154,0.0001345,0.0000003,0.0000002
32155,0.0001345,0.0000003,0.0000002
32156,0.0001345,0.0000003,0.0000002
32157,0.0001345,0.0000003,0.0000002
32158,0.0001345,0.0000003,0.0000002
32159,0.0001345,0.0000003,0.0000002
32160,0.0001345,0.0000003,0.0000002
32161,0.0001345,0.0000003,0.0000002
32162,0.0001345,0.0000003,0.0000002
32163,0.0001345,0.0000003,0.0000002
32164,0.0001345,0.0000003,0.0000002
32165,0.0001345,0.0000003,0.0000002
32166,0.0001345,0.0000003,0.0000002
32167,0.0001345,0.0000003,0.0000002
32168,0.0001345,0.0000003,0.0000002
32169,0.0001345,0.0000003,0.0000002
32170,0.0001345,0.0000003,0.0000002
32171,0.0001344,0.0000003,0.0000002
32172,0.0001344,0.0000003,0.0000002
32173,0.0001344,0.0000003,0.0000002
32174,0.0001344,0.0000003,0.0000002
32175,0.0001344,0.0000003,0.0000002
32176,0.0001344,0.0000003,0.0000002
32177,0.0001344,0.0000003,0.0000002
32178,0.0001344,0.0000003,0.0000002
32179,0.0001344,0.0000003,0.0000002
32180,0.0001344,0.0000003,0.0000002
32181,0.0001344,0.0000003,0.0000002
32182,0.0001344,0.0000003,0.0000002
32183,0.0001344,0.0000003,0.0000002
32184,0.0001344,0.0000003,0.0000002
32185,0.0001344,0.0000003,0.0000002
32186,0.0001344,0.0000003,0.0000002
32187,0.0001344,0.0000003,0.0000002
32188,0.0001344,0.0000003,0.0000002
32189,0.0001344,0.0000003,0.0000002
32190,0.0001344,0.0000003,0.0000002
32191,0.0001344,0.0000003,0.0000002
32192,0.0001344,0.0000003,0.0000002
32193,0.0001344,0.0000003,0.0000002
32194,0.0001344,0.0000003,0.0000002
32195,0.0001344,0.0000003,0.0000002
32196,0.0001344,0.0000003,0.0000002
32197,0.0001343,0.0000003,0.0000002
32198,0.0001343,0.0000003,0.0000002
32199,0.0001343,0.0000003,0.0000002
32200,0.0001343,0.0000003,0.0000002
32201,0.0001343,0.0000003,0.0000002
32202,0.0001343,0.0000003,0.0000002
32203,0.0001343,0.0000003,0.0000002
32204,0.0001343,0.0000003,0.0000002
32205,0.0001343,0.0000003,0.0000002
32206,0.0001343,0.0000003,0.0000002
32207,0.0001343,0.0000003,0.0000002
32208,0.0001343,0.0000003,0.0000002
32209,0.0001343,0.0000003,0.0000002
32210,0.0001343,0.0000003,0.0000002
32211,0.0001343,0.0000003,0.0000002
32212,0.0001343,0.0000003,0.0000002
32213,0.0001343,0.0000003,0.0000002
32214,0.0001343,0.0000003,0.0000002
32215,0.0001343,0.0000003,0.0000002
32216,0.0001343,0.0000003,0.0000002
32217,0.0001343,0.0000003,0.0000002
32218,0.0001343,0.0000003,0.0000002
32219,0.0001343,0.0000003,0.0000002
32220,0.0001343,0.0000003,0.0000002
32221,0.0001343,0.0000003,0.0000002
32222,0.0001342,0.0000003,0.0000002
32223,0.0001342,0.0000003,0.0000002
32224,0.0001342,0.0000003,0.0000002
32225,0.0001342,0.0000003,0.0000002
32226,0.0001342,0.0000003,0.0000002
32227,0.0001342,0.0000003,0.0000002
32228,0.0001342,0.0000003,0.0000002
32229,0.0001342,0.0000003,0.0000002
32230,0.0001342,0.0000003,0.0000002
32231,0.0001342,0.0000003,0.0000002
32232,0.0001342,0.0000003,0.0000002
32233,0.0001342,0.0000003,0.0000002
32234,0.0001342,0.0000003,0.0000002
32235,0.0001342,0.0000003,0.0000002
32236,0.0001342,0.0000003,0.0000002
32237,0.0001342,0.0000003,0.0000002
32238,0.0001342,0.0000003,0.0000002
32239,0.0001342,0.0000003,0.0000002
32240,0.0001342,0.0000003,0.0000002
32241,0.0001342,0.0000003,0.0000002
32242,0.0001342,0.0000003,0.0000002
32243,0.0001342,0.0000003,0.0000002
32244,0.0001342,0.0000003,0.0000002
32245,0.0001342,0.0000003,0.0000002
32246,0.0001342,0.0000003,0.0000002
32247,0.0001341,0.0000003,0.0000002
32248,0.0001341,0.0000003,0.0000002
32249,0.0001341,0.0000003,0.0000002
32250,0.0001341,0.0000003,0.0000002
32251,0.0001341,0.0000003,0.0000002
32252,0.0001341,0.0000003,0.0000002
32253,0.0001341,0.0000003,0.0000002
32254,0.0001341,0.0000003,0.0000002
32255,0.0001341,0.0000003,0.0000002
32256,0.0001341,0.0000003,0.0000002
32257,0.0001341,0.0000003,0.0000002
32258,0.0001341,0.0000003,0.0000002
32259,0.0001341,0.0000003,0.0000002
32260,0.0001341,0.0000003,0.0000002
32261,0.0001341,0.0000003,0.0000002
32262,0.0001341,0.0000003,0.0000002
32263,0.0001341,0.0000003,0.0000002
32264,0.0001341,0.0000003,0.0000002
32265,0.0001341,0.0000003,0.0000002
32266,0.0001341,0.0000003,0.0000002
32267,0.0001341,0.0000003,0.0000002
32268,0.0001341,0.0000003,0.0000002
32269,0.0001341,0.0000003,0.0000002
32270,0.0001340,0.0000003,0.0000002
32271,0.0001340,0.0000003,0.0000002
32272,0.0001340,0.0000003,0.0000002
32273,0.0001340,0.0000003,0.0000002
32274,0.0001340,0.0000003,0.0000002
32275,0.0001340,0.0000003,0.0000002
32276,0.0001340,0.0000003,0.0000002
32277,0.0001340,0.0000003,0.0000002
32278,0.0001340,0.0000003,0.0000002
32279,0.0001340,0.0000003,0.0000002
32280,0.0001340,0.0000003,0.0000002
32281,0.0001340,0.0000003,0.0000002
32282,0.0001340,0.0000003,0.0000002
32283,0.0001340,0.0000003,0.0000002
32284,0.0001340,0.0000003,0.0000002
32285,0.0001340,0.0000003,0.0000002
32286,0.0001340,0.0000003,0.0000002
32287,0.0001340,0.0000003,0.0000002
32288,0.0001340,0.0000003,0.0000002
32289,0.0001340,0.0000003,0.0000002
32290,0.0001340,0.0000003,0.0000002
32291,0.0001340,0.0000003,0.0000002
32292,0.0001340,0.0000003,0.0000002
32293,0.0001339,0.0000003,0.0000002
32294,0.0001339,0.0000003,0.0000002
32295,0.0001339,0.0000003,0.0000002
32296,0.0001339,0.0000003,0.0000002
32297,0.0001339,0.0000003,0.0000002
32298,0.0001339,0.0000003,0.0000002
32299,0.0001339,0.0000003,0.0000002
32300,0.0001339,0.0000003,0.0000002
32301,0.0001339,0.0000003,0.0000002
32302,0.0001339,0.0000003,0.0000002
32303,0.0001339,0.0000003,0.0000002
32304,0.0001339,0.0000003,0.0000002
32305,0.0001339,0.0000003,0.0000002
32306,0.0001339,0.0000003,0.0000002
32307,0.0001339,0.0000003,0.0000002
32308,0.0001339,0.0000003,0.0000002
32309,0.0001339,0.0000003,0.0000002
32310,0.0001339,0.0000003,0.0000002
32311,0.0001339,0.0000003,0.0000002
32312,0.0001339,0.0000003,0.0000002
32313,0.0001339,0.0000003,0.0000002
32314,0.0001338,0.0000003,0.0000002
32315,0.0001338,0.0000003,0.0000002
32316,0.0001338,0.0000003,0.0000002
32317,0.0001338,0.0000003,0.0000002
32318,0.0001338,0.0000003,0.0000002
32319,0.0001338,0.0000003,0.0000002
32320,0.0001338,0.0000003,0.0000002
32321,0.0001338,0.0000003,0.0000002
32322,0.0001338,0.0000003,0.0000002
32323,0.0001338,0.0000003,0.0000002
32324,0.0001338,0.0000003,0.0000002
32325,0.0001338,0.0000003,0.0000002
32326,0.0001338,0.0000003,0.0000002
32327,0.0001338,0.0000003,0.0000002
32328,0.0001338,0.0000003,0.0000002
32329,0.0001338,0.0000003,0.0000002
32330,0.0001338,0.0000003,0.0000002
32331,0.0001338,0.0000003,0.0000002
32332,0.0001338,0.0000003,0.0000002
32333,0.0001338,0.0000003,0.0000002
32334,0.0001338,0.0000003,0.0000002
32335,0.0001338,0.0000003,0.0000002
32336,0.0001337,0.0000003,0.0000002
32337,0.0001337,0.0000003,0.0000002
32338,0.0001337,0.0000003,0.0000002
32339,0.0001337,0.0000003,0.0000002
32340,0.0001337,0.0000003,0.0000002
32341,0.0001337,0.0000003,0.0000002
32342,0.0001337,0.0000003,0.0000002
32343,0.0001337,0.0000003,0.0000002
32344,0.0001337,0.0000003,0.0000002
32345,0.0001337,0.0000003,0.0000002
32346,0.0001337,0.0000003,0.0000002
32347,0.0001337,0.0000003,0.0000002
32348,0.0001337,0.0000003,0.0000002
32349,0.0001337,0.0000003,0.0000002
32350,0.0001337,0.0000003,0.0000002
32351,0.0001337,0.0000003,0.0000002
32352,0.0001337,0.0000003,0.0000002
32353,0.0001337,0.0000003,0.0000002
32354,0.0001337,0.0000003,0.0000002
32355,0.0001337,0.0000003,0.0000002
32356,0.0001336,0.0000003,0.0000002
32357,0.0001336,0.0000003,0.0000002
32358,0.0001336,0.0000003,0.0000002
32359,0.0001336,0.0000003,0.0000002
32360,0.0001336,0.0000003,0.0000002
32361,0.0001336,0.0000003,0.0000002
32362,0.0001336,0.0000003,0.0000002
32363,0.0001336,0.0000003,0.0000002
32364,0.0001336,0.0000003,0.0000002
32365,0.0001336,0.0000003,0.0000002
32366,0.0001336,0.0000003,0.0000002
32367,0.0001336,0.0000003,0.0000002
32368,0.0001336,0.0000003,0.0000002
32369,0.0001336,0.0000003,0.0000002
32370,0.0001336,0.0000003,0.0000002
32371,0.0001336,0.0000003,0.0000002
32372,0.0001336,0.0000003,0.0000002
32373,0.0001336,0.0000003,0.0000002
32374,0.0001336,0.0000003,0.0000002
32375,0.0001336,0.0000003,0.0000002
32376,0.0001336,0.0000003,0.0000002
32377,0.0001335,0.0000003,0.0000002
32378,0.0001335,0.0000003,0.0000002
32379,0.0001335,0.0000003,0.0000002
32380,0.0001335,0.0000003,0.0000002
32381,0.0001335,0.0000003,0.0000002
32382,0.0001335,0.0000003,0.0000002
32383,0.0001335,0.0000003,0.0000002
32384,0.0001335,0.0000003,0.0000002
32385,0.0001335,0.0000003,0.0000002
32386,0.0001335,0.0000003,0.0000002
32387,0.0001335,0.0000003,0.0000002
32388,0.0001335,0.0000003,0.0000002
32389,0.0001335,0.0000003,0.0000002
32390,0.0001335,0.0000003,0.0000002
32391,0.0001335,0.0000003,0.0000002
32392,0.0001335,0.0000003,0.0000002
32393,0.0001335,0.0000003,0.0000002
32394,0.0001335,0.0000003,0.0000002
32395,0.0001335,0.0000003,0.0000002
32396,0.0001334,0.0000003,0.0000002
32397,0.0001334,0.0000003,0.0000002
32398,0.0001334,0.0000003,0.0000002
32399,0.0001334,0.0000003,0.0000002
32400,0.0001334,0.0000003,0.0000002
32401,0.0001334,0.0000003,0.0000002
32402,0.0001334,0.0000003,0.0000002
32403,0.0001334,0.0000003,0.0000002
32404,0.0001334,0.0000003,0.0000002
32405,0.0001334,0.0000003,0.0000002
32406,0.0001334,0.0000003,0.0000002
32407,0.0001334,0.0000003,0.0000002
32408,0.0001334,0.0000003,0.0000002
32409,0.0001334,0.0000003,0.0000002
32410,0.0001334,0.0000003,0.0000002
32411,0.0001334,0.0000003,0.0000002
32412,0.0001334,0.0000003,0.0000002
32413,0.0001334,0.0000003,0.0000002
32414,0.0001334,0.0000003,0.0000002
32415,0.0001333,0.0000003,0.0000002
32416,0.0001333,0.0000003,0.0000002
32417,0.0001333,0.0000003,0.0000002
32418,0.0001333,0.0000003,0.0000002
32419,0.0001333,0.0000003,0.0000002
32420,0.0001333,0.0000003,0.0000002
32421,0.0001333,0.0000003,0.0000002
32422,0.0001333,0.0000003,0.0000002
32423,0.0001333,0.0000003,0.0000002
32424,0.0001333,0.0000003,0.0000002
32425,0.0001333,0.0000003,0.0000002
32426,0.0001333,0.0000003,0.0000002
32427,0.0001333,0.0000003,0.0000002
32428,0.0001333,0.0000003,0.0000002
32429,0.0001333,0.0000003,0.0000002
32430,0.0001333,0.0000003,0.0000002
32431,0.0001333,0.0000003,0.0000002
32432,0.0001333,0.0000003,0.0000002
32433,0.0001333,0.0000003,0.0000002
32434,0.0001332,0.0000003,0.0000002
32435,0.0001332,0.0000003,0.0000002
32436,0.0001332,0.0000003,0.0000002
32437,0.0001332,0.0000003,0.0000002
32438,0.0001332,0.0000003,0.0000002
32439,0.0001332,0.0000003,0.0000002
32440,0.0001332,0.0000003,0.0000002
32441,0.0001332,0.0000003,0.0000002
32442,0.0001332,0.0000003,0.0000002
32443,0.0001332,0.0000003,0.0000002
32444,0.0001332,0.0000003,0.0000002
32445,0.0001332,0.0000003,0.0000002
32446,0.0001332,0.0000003,0.0000002
32447,0.0001332,0.0000003,0.0000002
32448,0.0001332,0.0000003,0.0000002
32449,0.0001332,0.0000003,0.0000002
32450,0.0001332,0.0000003,0.0000002
32451,0.0001332,0.0000003,0.0000002
32452,0.0001331,0.0000003,0.0000002
32453,0.0001331,0.0000003,0.0000002
32454,0.0001331,0.0000003,0.0000002
32455,0.0001331,0.0000003,0.0000002
32456,0.0001331,0.0000003,0.0000002
32457,0.0001331,0.0000003,0.0000002
32458,0.0001331,0.0000003,0.0000002
32459,0.0001331,0.0000003,0.0000002
32460,0.0001331,0.0000003,0.0000002
32461,0.0001331,0.0000003,0.0000002
32462,0.0001331,0.0000003,0.0000002
32463,0.0001331,0.0000003,0.0000002
32464,0.0001331,0.0000003,0.0000002
32465,0.0001331,0.0000003,0.0000002
32466,0.0001331,0.0000003,0.0000002
32467,0.0001331,0.0000003,0.0000002
32468,0.0001331,0.0000003,0.0000002
32469,0.0001331,0.0000003,0.0000002
32470,0.0001330,0.0000003,0.0000002
32471,0.0001330,0.0000003,0.0000002
32472,0.0001330,0.0000003,0.0000002
32473,0.0001330,0.0000003,0.0000002
32474,0.0001330,0.0000003,0.0000002
32475,0.0001330,0.0000003,0.0000002
32476,0.0001330,0.0000003,0.0000002
32477,0.0001330,0.0000003,0.0000002
32478,0.0001330,0.0000003,0.0000002
32479,0.0001330,0.0000003,0.0000002
32480,0.0001330,0.0000003,0.0000002
32481,0.0001330,0.0000003,0.0000002
32482,0.0001330,0.0000003,0.0000002
32483,0.0001330,0.0000003,0.0000002
32484,0.0001330,0.0000003,0.0000002
32485,0.0001330,0.0000003,0.0000002
32486,0.0001330,0.0000003,0.0000002
32487,0.0001330,0.0000003,0.0000002
32488,0.0001329,0.0000003,0.0000002
32489,0.0001329,0.0000003,0.0000002
32490,0.0001329,0.0000003,0.0000002
32491,0.0001329,0.0000003,0.0000002
32492,0.0001329,0.0000003,0.0000002
32493,0.0001329,0.0000003,0.0000002
32494,0.0001329,0.0000003,0.0000002
32495,0.0001329,0.0000003,0.0000002
32496,0.0001329,0.0000003,0.0000002
32497,0.0001329,0.0000003,0.0000002
32498,0.0001329,0.0000003,0.0000002
32499,0.0001329,0.0000003,0.0000002
32500,0.0001329,0.0000003,0.0000002
32501,0.0001329,0.0000003,0.0000002
32502,0.0001329,0.0000003,0.0000002
32503,0.0001329,0.0000003,0.0000002
32504,0.0001329,0.0000003,0.0000002
32505,0.0001329,0.0000003,0.0000002
32506,0.0001328,0.0000003,0.0000002
32507,0.0001328,0.0000003,0.0000002
32508,0.0001328,0.0000003,0.0000002
32509,0.0001328,0.0000003,0.0000002
32510,0.0001328,0.0000003,0.0000002
32511,0.0001328,0.0000003,0.0000002
32512,0.0001328,0.0000003,0.0000002
32513,0.0001328,0.0000003,0.0000002
32514,0.0001328,0.0000003,0.0000002
32515,0.0001328,0.0000003,0.0000002
32516,0.0001328,0.0000003,0.0000002
32517,0.0001328,0.0000003,0.0000002
32518,0.0001328,0.0000003,0.0000002
32519,0.0001328,0.0000003,0.0000002
32520,0.0001328,0.0000003,0.0000002
32521,0.0001328,0.0000003,0.0000002
32522,0.0001328,0.0000003,0.0000002
32523,0.0001327,0.0000003,0.0000002
32524,0.0001327,0.0000003,0.0000002
32525,0.0001327,0.0000003,0.0000002
32526,0.0001327,0.0000003,0.0000002
32527,0.0001327,0.0000003,0.0000002
32528,0.0001327,0.0000003,0.0000002
32529,0.0001327,0.0000003,0.0000002
32530,0.0001327,0.0000003,0.0000002
32531,0.0001327,0.0000003,0.0000002
32532,0.0001327,0.0000003,0.0000002
32533,0.0001327,0.0000003,0.0000002
32534,0.0001327,0.0000003,0.0000002
32535,0.0001327,0.0000003,0.0000002
32536,0.0001327,0.0000003,0.0000002
32537,0.0001327,0.0000003,0.0000002
32538,0.0001327,0.0000003,0.0000002
32539,0.0001326,0.0000003,0.0000002
32540,0.0001326,0.0000003,0.0000002
32541,0.0001326,0.0000003,0.0000002
32542,0.0001326,0.0000003,0.0000002
32543,0.0001326,0.0000003,0.0000002
32544,0.0001326,0.0000003,0.0000002
32545,0.0001326,0.0000003,0.0000002
32546,0.0001326,0.0000003,0.0000002
32547,0.0001326,0.0000003,0.0000002
32548,0.0001326,0.0000003,0.0000002
32549,0.0001326,0.0000003,0.0000002
32550,0.0001326,0.0000003,0.0000002
32551,0.0001326,0.0000003,0.0000002
32552,0.0001326,0.0000003,0.0000002
32553,0.0001326,0.0000003,0.0000002
32554,0.0001326,0.0000003,0.0000002
32555,0.0001326,0.0000003,0.0000002
32556,0.0001325,0.0000003,0.0000002
32557,0.0001325,0.0000003,0.0000002
32558,0.0001325,0.0000003,0.0000002
32559,0.0001325,0.0000003,0.0000002
32560,0.0001325,0.0000003,0.0000002
32561,0.0001325,0.0000003,0.0000002
32562,0.0001325,0.0000003,0.0000002
32563,0.0001325,0.0000003,0.0000002
32564,0.0001325,0.0000003,0.0000002
32565,0.0001325,0.0000003,0.0000002
32566,0.0001325,0.0000003,0.0000002
32567,0.0001325,0.0000003,0.0000002
32568,0.0001325,0.0000003,0.0000002
32569,0.0001325,0.0000003,0.0000002
32570,0.0001325,0.0000003,0.0000002
32571,0.0001325,0.0000003,0.0000002
32572,0.0001324,0.0000003,0.0000002
32573,0.0001324,0.0000003,0.0000002
32574,0.0001324,0.0000003,0.0000002
32575,0.0001324,0.0000003,0.0000002
32576,0.0001324,0.0000003,0.0000002
32577,0.0001324,0.0000003,0.0000002
32578,0.0001324,0.0000003,0.0000002
32579,0.0001324,0.0000003,0.0000002
32580,0.0001324,0.0000003,0.0000002
32581,0.0001324,0.0000003,0.0000002
32582,0.0001324,0.0000003,0.0000002
32583,0.0001324,0.0000003,0.0000002
32584,0.0001324,0.0000003,0.0000002
32585,0.0001324,0.0000003,0.0000002
32586,0.0001324,0.0000003,0.0000002
32587,0.0001324,0.0000003,0.0000002
32588,0.0001323,0.0000003,0.0000002
32589,0.0001323,0.0000003,0.0000002
32590,0.0001323,0.0000003,0.0000002
32591,0.0001323,0.0000003,0.0000002
32592,0.0001323,0.0000003,0.0000002
32593,0.0001323,0.0000003,0.0000002
32594,0.0001323,0.0000003,0.0000002
32595,0.0001323,0.0000003,0.0000002
32596,0.0001323,0.0000003,0.0000002
32597,0.0001323,0.0000003,0.0000002
32598,0.0001323,0.0000003,0.0000002
32599,0.0001323,0.0000003,0.0000002
32600,0.0001323,0.0000003,0.0000002
32601,0.0001323,0.0000003,0.0000002
32602,0.0001323,0.0000003,0.0000002
32603,0.0001323,0.0000003,0.0000002
32604,0.0001322,0.0000003,0.0000002
32605,0.0001322,0.0000003,0.0000002
32606,0.0001322,0.0000003,0.0000002
32607,0.0001322,0.0000003,0.0000002
32608,0.0001322,0.0000003,0.0000002
32609,0.0001322,0.0000003,0.0000002
32610,0.0001322,0.0000003,0.0000002
32611,0.0001322,0.0000003,0.0000002
32612,0.0001322,0.0000003,0.0000002
32613,0.0001322,0.0000003,0.0000002
32614,0.0001322,0.0000003,0.0000002
32615,0.0001322,0.0000003,0.0000002
32616,0.0001322,0.0000003,0.0000002
32617,0.0001322,0.0000003,0.0000002
32618,0.0001322,0.0000003,0.0000002
32619,0.0001322,0.0000003,0.0000002
32620,0.0001321,0.0000003,0.0000002
32621,0.0001321,0.0000003,0.0000002
32622,0.0001321,0.0000003,0.0000002
32623,0.0001321,0.0000003,0.0000002
32624,0.0001321,0.0000003,0.0000002
32625,0.0001321,0.0000003,0.0000002
32626,0.0001321,0.0000003,0.0000002
32627,0.0001321,0.0000003,0.0000002
32628,0.0001321,0.0000003,0.0000002
32629,0.0001321,0.0000003,0.0000002
32630,0.0001321,0.0000003,0.0000002
32631,0.0001321,0.0000003,0.0000002
32632,0.0001321,0.0000003,0.0000002
32633,0.0001321,0.0000003,0.0000002
32634,0.0001321,0.0000003,0.0000002
32635,0.0001321,0.0000003,0.0000002
32636,0.0001320,0.0000003,0.0000002
32637,0.0001320,0.0000003,0.0000002
32638,0.0001320,0.0000003,0.0000002
32639,0.0001320,0.0000003,0.0000002
32640,0.0001320,0.0000003,0.0000002
32641,0.0001320,0.0000003,0.0000002
32642,0.0001320,0.0000003,0.0000002
32643,0.0001320,0.0000003,0.0000002
32644,0.0001320,0.0000003,0.0000002
32645,0.0001320,0.0000003,0.0000002
32646,0.0001320,0.0000003,0.0000002
32647,0.0001320,0.0000003,0.0000002
32648,0.0001320,0.0000003,0.0000002
32649,0.0001320,0.0000003,0.0000002
32650,0.0001320,0.0000003,0.0000002
32651,0.0001319,0.0000003,0.0000002
32652,0.0001319,0.0000003,0.0000002
32653,0.0001319,0.0000003,0.0000002
32654,0.0001319,0.0000003,0.0000002
32655,0.0001319,0.0000003,0.0000002
32656,0.0001319,0.0000003,0.0000002
32657,0.0001319,0.0000003,0.0000002
32658,0.0001319,0.0000003,0.0000002
32659,0.0001319,0.0000003,0.0000002
32660,0.0001319,0.0000003,0.0000002
32661,0.0001319,0.0000003,0.0000002
32662,0.0001319,0.0000003,0.0000002
32663,0.0001319,0.0000003,0.0000002
32664,0.0001319,0.0000003,0.0000002
32665,0.0001319,0.0000003,0.0000002
32666,0.0001318,0.0000003,0.0000002
32667,0.0001318,0.0000003,0.0000002
32668,0.0001318,0.0000003,0.0000002
32669,0.0001318,0.0000003,0.0000002
32670,0.0001318,0.0000003,0.0000002
32671,0.0001318,0.0000003,0.0000002
32672,0.0001318,0.0000003,0.0000002
32673,0.0001318,0.0000003,0.0000002
32674,0.0001318,0.0000003,0.0000002
32675,0.0001318,0.0000003,0.0000002
32676,0.0001318,0.0000003,0.0000002
32677,0.0001318,0.0000003,0.0000002
32678,0.0001318,0.0000003,0.0000002
32679,0.0001318,0.0000003,0.0000002
32680,0.0001318,0.0000003,0.0000002
32681,0.0001318,0.0000003,0.0000002
32682,0.0001317,0.0000003,0.0000002
32683,0.0001317,0.0000003,0.0000002
32684,0.0001317,0.0000003,0.0000002
32685,0.0001317,0.0000003,0.0000002
32686,0.0001317,0.0000003,0.0000002
32687,0.0001317,0.0000003,0.0000002
32688,0.0001317,0.0000003,0.0000002
32689,0.0001317,0.0000003,0.0000002
32690,0.0001317,0.0000003,0.0000002
32691,0.0001317,0.0000003,0.0000002
32692,0.0001317,0.0000003,0.0000002
32693,0.0001317,0.0000003,0.0000002
32694,0.0001317,0.0000003,0.0000002
32695,0.0001317,0.0000003,0.0000002
32696,0.0001317,0.0000003,0.0000002
32697,0.0001316,0.0000003,0.0000002
32698,0.0001316,0.0000003,0.0000002
32699,0.0001316,0.0000003,0.0000002
32700,0.0001316,0.0000003,0.0000002
32701,0.0001316,0.0000003,0.0000002
32702,0.0001316,0.0000003,0.0000002
32703,0.0001316,0.0000003,0.0000002
32704,0.0001316,0.0000003,0.0000002
32705,0.0001316,0.0000003,0.0000002
32706,0.0001316,0.0000003,0.0000002
32707,0.0001316,0.0000003,0.0000002
32708,0.0001316,0.0000003,0.0000002
32709,0.0001316,0.0000003,0.0000002
32710,0.0001316,0.0000003,0.0000002
32711,0.0001315,0.0000003,0.0000002
32712,0.0001315,0.0000003,0.0000002
32713,0.0001315,0.0000003,0.0000002
32714,0.0001315,0.0000003,0.0000002
32715,0.0001315,0.0000003,0.0000002
32716,0.0001315,0.0000003,0.0000002
32717,0.0001315,0.0000003,0.0000002
32718,0.0001315,0.0000003,0.0000002
32719,0.0001315,0.0000003,0.0000002
32720,0.0001315,0.0000003,0.0000002
32721,0.0001315,0.0000003,0.0000002
32722,0.0001315,0.0000003,0.0000002
32723,0.0001315,0.0000003,0.0000002
32724,0.0001315,0.0000003,0.0000002
32725,0.0001315,0.0000003,0.0000002
32726,0.0001314,0.0000003,0.0000002
32727,0.0001314,0.0000003,0.0000002
32728,0.0001314,0.0000003,0.0000002
32729,0.0001314,0.0000003,0.0000002
32730,0.0001314,0.0000003,0.0000002
32731,0.0001314,0.0000003,0.0000002
32732,0.0001314,0.0000003,0.0000002
32733,0.0001314,0.0000003,0.0000002
32734,0.0001314,0.0000003,0.0000002
32735,0.0001314,0.0000003,0.0000002
32736,0.0001314,0.0000003,0.0000002
32737,0.0001314,0.0000003,0.0000002
32738,0.0001314,0.0000003,0.0000002
32739,0.0001314,0.0000003,0.0000002
32740,0.0001314,0.0000003,0.0000002
32741,0.0001313,0.0000003,0.0000002
32742,0.0001313,0.0000003,0.0000002
32743,0.0001313,0.0000003,0.0000002
32744,0.0001313,0.0000003,0.0000002
32745,0.0001313,0.0000003,0.0000002
32746,0.0001313,0.0000003,0.0000002
32747,0.0001313,0.0000003,0.0000002
32748,0.0001313,0.0000003,0.0000002
32749,0.0001313,0.0000003,0.0000002
32750,0.0001313,0.0000003,0.0000002
32751,0.0001313,0.0000003,0.0000002
32752,0.0001313,0.0000003,0.0000002
32753,0.0001313,0.0000003,0.0000002
32754,0.0001313,0.0000003,0.0000002
32755,0.0001313,0.0000003,0.0000002
32756,0.0001312,0.0000003,0.0000002
32757,0.0001312,0.0000003,0.0000002
32758,0.0001312,0.0000003,0.0000002
32759,0.0001312,0.0000003,0.0000002
32760,0.0001312,0.0000003,0.0000002
32761,0.0001312,0.0000003,0.0000002
32762,0.0001312,0.0000003,0.0000002
32763,0.0001312,0.0000003,0.0000002
32764,0.0001312,0.0000003,0.0000002
32765,0.0001312,0.0000003,0.0000002
32766,0.0001312,0.0000003,0.0000002
32767,0.0001312,0.0000003,0.0000002
32768,0.0001312,0.0000003,0.0000002
32769,0.0001312,0.0000003,0.0000002
32770,0.0001311,0.0000003,0.0000002
32771,0.0001311,0.0000003,0.0000002
32772,0.0001311,0.0000003,0.0000002
32773,0.0001311,0.0000003,0.0000002
32774,0.0001311,0.0000003,0.0000002
32775,0.0001311,0.0000003,0.0000002
32776,0.0001311,0.0000003,0.0000002
32777,0.0001311,0.0000003,0.0000002
32778,0.0001311,0.0000003,0.0000002
32779,0.0001311,0.0000003,0.0000002
32780,0.0001311,0.0000003,0.0000002
32781,0.0001311,0.0000003,0.0000002
32782,0.0001311,0.0000003,0.0000002
32783,0.0001311,0.0000003,0.0000002
32784,0.0001310,0.0000003,0.0000002
32785,0.0001310,0.0000003,0.0000002
32786,0.0001310,0.0000003,0.0000002
32787,0.0001310,0.0000003,0.0000002
32788,0.0001310,0.0000003,0.0000002
32789,0.0001310,0.0000003,0.0000002
32790,0.0001310,0.0000003,0.0000002
32791,0.0001310,0.0000003,0.0000002
32792,0.0001310,0.0000003,0.0000002
32793,0.0001310,0.0000003,0.0000002
32794,0.0001310,0.0000003,0.0000002
32795,0.0001310,0.0000003,0.0000002
32796,0.0001310,0.0000003,0.0000002
32797,0.0001310,0.0000003,0.0000002
32798,0.0001310,0.0000003,0.0000002
32799,0.0001309,0.0000003,0.0000002
32800,0.0001309,0.0000003,0.0000002
32801,0.0001309,0.0000003,0.0000002
32802,0.0001309,0.0000003,0.0000002
32803,0.0001309,0.0000003,0.0000002
32804,0.0001309,0.0000003,0.0000002
32805,0.0001309,0.0000003,0.0000002
32806,0.0001309,0.0000003,0.0000002
32807,0.0001309,0.0000003,0.0000002
32808,0.0001309,0.0000003,0.0000002
32809,0.0001309,0.0000003,0.0000002
32810,0.0001309,0.0000003,0.0000002
32811,0.0001309,0.0000003,0.0000002
32812,0.0001309,0.0000003,0.0000002
32813,0.0001308,0.0000003,0.0000002
32814,0.0001308,0.0000003,0.0000002
32815,0.0001308,0.0000003,0.0000002
32816,0.0001308,0.0000003,0.0000002
32817,0.0001308,0.0000003,0.0000002
32818,0.0001308,0.0000003,0.0000002
32819,0.0001308,0.0000003,0.0000002
32820,0.0001308,0.0000003,0.0000002
32821,0.0001308,0.0000003,0.0000002
32822,0.0001308,0.0000003,0.0000002
32823,0.0001308,0.0000003,0.0000002
32824,0.0001308,0.0000003,0.0000002
32825,0.0001308,0.0000003,0.0000002
32826,0.0001308,0.0000003,0.0000002
32827,0.0001307,0.0000003,0.0000002
32828,0.0001307,0.0000003,0.0000002
32829,0.0001307,0.0000003,0.0000002
32830,0.0001307,0.0000003,0.0000002
32831,0.0001307,0.0000003,0.0000002
32832,0.0001307,0.0000003,0.0000002
32833,0.0001307,0.0000003,0.0000002
32834,0.0001307,0.0000003,0.0000002
32835,0.0001307,0.0000003,0.0000002
32836,0.0001307,0.0000003,0.0000002
32837,0.0001307,0.0000003,0.0000002
32838,0.0001307,0.0000003,0.0000002
32839,0.0001307,0.0000003,0.0000002
32840,0.0001307,0.0000003,0.0000002
32841,0.0001307,0.0000003,0.0000002
32842,0.0001306,0.0000003,0.0000002
32843,0.0001306,0.0000003,0.0000002
32844,0.0001306,0.0000003,0.0000002
32845,0.0001306,0.0000003,0.0000002
32846,0.0001306,0.0000003,0.0000002
32847,0.0001306,0.0000003,0.0000002
32848,0.0001306,0.0000003,0.0000002
32849,0.0001306,0.0000003,0.0000002
32850,0.0001306,0.0000003,0.0000002
32851,0.0001306,0.0000003,0.0000002
32852,0.0001306,0.0000003,0.0000002
32853,0.0001306,0.0000003,0.0000002
32854,0.0001306,0.0000003,0.0000002
32855,0.0001306,0.0000003,0.0000002
32856,0.0001305,0.0000003,0.0000002
32857,0.0001305,0.0000003,0.0000002
32858,0.0001305,0.0000003,0.0000002
32859,0.0001305,0.0000003,0.0000002
32860,0.0001305,0.0000003,0.0000002
32861,0.0001305,0.0000003,0.0000002
32862,0.0001305,0.0000003,0.0000002
32863,0.0001305,0.0000003,0.0000002
32864,0.0001305,0.0000003,0.0000002
32865,0.0001305,0.0000003,0.0000002
32866,0.0001305,0.0000003,0.0000002
32867,0.0001305,0.0000003,0.0000002
32868,0.0001305,0.0000003,0.0000002
32869,0.0001305,0.0000003,0.0000002
32870,0.0001304,0.0000003,0.0000002
32871,0.0001304,0.0000003,0.0000002
32872,0.0001304,0.0000003,0.0000002
32873,0.0001304,0.0000003,0.0000002
32874,0.0001304,0.0000003,0.0000002
32875,0.0001304,0.0000003,0.0000002
32876,0.0001304,0.0000003,0.0000002
32877,0.0001304,0.0000003,0.0000002
32878,0.0001304,0.0000003,0.0000002
32879,0.0001304,0.0000003,0.0000002
32880,0.0001304,0.0000003,0.0000002
32881,0.0001304,0.0000003,0.0000002
32882,0.0001304,0.0000003,0.0000002
32883,0.0001304,0.0000003,0.0000002
32884,0.0001303,0.0000003,0.0000002
32885,0.0001303,0.0000003,0.0000002
32886,0.0001303,0.0000003,0.0000002
32887,0.0001303,0.0000003,0.0000002
32888,0.0001303,0.0000003,0.0000002
32889,0.0001303,0.0000003,0.0000002
32890,0.0001303,0.0000003,0.0000002
32891,0.0001303,0.0000003,0.0000002
32892,0.0001303,0.0000003,0.0000002
32893,0.0001303,0.0000003,0.0000002
32894,0.0001303,0.0000003,0.0000002
32895,0.0001303,0.0000003,0.0000002
32896,0.0001303,0.0000003,0.0000002
32897,0.0001303,0.0000003,0.0000002
32898,0.0001302,0.0000003,0.0000002
32899,0.0001302,0.0000003,0.0000002
32900,0.0001302,0.0000003,0.0000002
32901,0.0001302,0.0000003,0.0000002
32902,0.0001302,0.0000003,0.0000002
32903,0.0001302,0.0000003,0.0000002
32904,0.0001302,0.0000003,0.0000002
32905,0.0001302,0.0000003,0.0000002
32906,0.0001302,0.0000003,0.0000002
32907,0.0001302,0.0000003,0.0000002
32908,0.0001302,0.0000003,0.0000002
32909,0.0001302,0.0000003,0.0000002
32910,0.0001302,0.0000003,0.0000002
32911,0.0001302,0.0000003,0.0000002
32912,0.0001301,0.0000003,0.0000002
32913,0.0001301,0.0000003,0.0000002
32914,0.0001301,0.0000003,0.0000002
32915,0.0001301,0.0000003,0.0000002
32916,0.0001301,0.0000003,0.0000002
32917,0.0001301,0.0000003,0.0000002
32918,0.0001301,0.0000003,0.0000002
32919,0.0001301,0.0000003,0.0000002
32920,0.0001301,0.0000003,0.0000002
32921,0.0001301,0.0000003,0.0000002
32922,0.0001301,0.0000003,0.0000002
32923,0.0001301,0.0000003,0.0000002
32924,0.0001301,0.0000003,0.0000002
32925,0.0001301,0.0000003,0.0000002
32926,0.0001300,0.0000003,0.0000002
32927,0.0001300,0.0000003,0.0000002
32928,0.0001300,0.0000003,0.0000002
32929,0.0001300,0.0000003,0.0000002
32930,0.0001300,0.0000003,0.0000002
32931,0.0001300,0.0000003,0.0000002
32932,0.0001300,0.0000003,0.0000002
32933,0.0001300,0.0000003,0.0000002
32934,0.0001300,0.0000003,0.0000002
32935,0.0001300,0.0000003,0.0000002
32936,0.0001300,0.0000003,0.0000002
32937,0.0001300,0.0000003,0.0000002
32938,0.0001300,0.0000003,0.0000002
32939,0.0001300,0.0000003,0.0000002
32940,0.0001299,0.0000003,0.0000002
32941,0.0001299,0.0000003,0.0000002
32942,0.0001299,0.0000003,0.0000002
32943,0.0001299,0.0000003,0.0000002
32944,0.0001299,0.0000003,0.0000002
32945,0.0001299,0.0000003,0.0000002
32946,0.0001299,0.0000003,0.0000002
32947,0.0001299,0.0000003,0.0000002
32948,0.0001299,0.0000003,0.0000002
32949,0.0001299,0.0000003,0.0000002
32950,0.0001299,0.0000003,0.0000002
32951,0.0001299,0.0000003,0.0000002
32952,0.0001299,0.0000003,0.0000002
32953,0.0001299,0.0000003,0.0000002
32954,0.0001298,0.0000003,0.0000002
32955,0.0001298,0.0000003,0.0000002
32956,0.0001298,0.0000003,0.0000002
32957,0.0001298,0.0000003,0.0000002
32958,0.0001298,0.0000003,0.0000002
32959,0.0001298,0.0000003,0.0000002
32960,0.0001298,0.0000003,0.0000002
32961,0.0001298,0.0000003,0.0000002
32962,0.0001298,0.0000003,0.0000002
32963,0.0001298,0.0000003,0.0000002
32964,0.0001298,0.0000003,0.0000002
32965,0.0001298,0.0000003,0.0000002
32966,0.0001298,0.0000003,0.0000002
32967,0.0001298,0.0000003,0.0000002
32968,0.0001297,0.0000003,0.0000002
32969,0.0001297,0.0000003,0.0000002
32970,0.0001297,0.0000003,0.0000002
32971,0.0001297,0.0000003,0.0000002
32972,0.0001297,0.0000003,0.0000002
32973,0.0001297,0.0000003,0.0000002
32974,0.0001297,0.0000003,0.0000002
32975,0.0001297,0.0000003,0.0000002
32976,0.0001297,0.0000003,0.0000002
32977,0.0001297,0.0000003,0.0000002
32978,0.0001297,0.0000003,0.0000002
32979,0.0001297,0.0000003,0.0000002
32980,0.0001297,0.0000003,0.0000002
32981,0.0001297,0.0000003,0.0000002
32982,0.0001297,0.0000003,0.0000002
32983,0.0001296,0.0000003,0.0000002
32984,0.0001296,0.0000003,0.0000002
32985,0.0001296,0.0000003,0.0000002
32986,0.0001296,0.0000003,0.0000002
32987,0.0001296,0.0000003,0.0000002
32988,0.0001296,0.0000003,0.0000002
32989,0.0001296,0.0000003,0.0000002
32990,0.0001296,0.0000003,0.0000002
32991,0.0001296,0.0000003,0.0000002
32992,0.0001296,0.0000003,0.0000002
32993,0.0001296,0.0000003,0.0000002
32994,0.0001296,0.0000003,0.0000002
32995,0.0001296,0.0000003,0.0000002
32996,0.0001296,0.0000003,0.0000002
32997,0.0001295,0.0000003,0.0000002
32998,0.0001295,0.0000003,0.0000002
32999,0.0001295,0.0000003,0.0000002
33000,0.0001295,0.0000003,0.0000002
33001,0.0001295,0.0000003,0.0000002
33002,0.0001295,0.0000003,0.0000002
33003,0.0001295,0.0000003,0.0000002
33004,0.0001295,0.0000003,0.0000002
33005,0.0001295,0.0000003,0.0000002
33006,0.0001295,0.0000003,0.0000002
33007,0.0001295,0.0000003,0.0000002
33008,0.0001295,0.0000003,0.0000002
33009,0.0001295,0.0000003,0.0000002
33010,0.0001295,0.0000003,0.0000002
33011,0.0001294,0.0000003,0.0000002
33012,0.0001294,0.0000003,0.0000002
33013,0.0001294,0.0000003,0.0000002
33014,0.0001294,0.0000003,0.0000002
33015,0.0001294,0.0000003,0.0000002
33016,0.0001294,0.0000003,0.0000002
33017,0.0001294,0.0000003,0.0000002
33018,0.0001294,0.0000003,0.0000002
33019,0.0001294,0.0000003,0.0000002
33020,0.0001294,0.0000003,0.0000002
33021,0.0001294,0.0000003,0.0000002
33022,0.0001294,0.0000003,0.0000002
33023,0.0001294,0.0000003,0.0000002
33024,0.0001294,0.0000003,0.0000002
33025,0.0001293,0.0000003,0.0000002
33026,0.0001293,0.0000003,0.0000002
33027,0.0001293,0.0000003,0.0000002
33028,0.0001293,0.0000003,0.0000002
33029,0.0001293,0.0000003,0.0000002
33030,0.0001293,0.0000003,0.0000002
33031,0.0001293,0.0000003,0.0000002
33032,0.0001293,0.0000003,0.0000002
33033,0.0001293,0.0000003,0.0000002
33034,0.0001293,0.0000003,0.0000002
33035,0.0001293,0.0000003,0.0000002
33036,0.0001293,0.0000003,0.0000002
33037,0.0001293,0.0000003,0.0000002
33038,0.0001293,0.0000003,0.0000002
33039,0.0001292,0.0000003,0.0000002
33040,0.0001292,0.0000003,0.0000002
33041,0.0001292,0.0000003,0.0000002
33042,0.0001292,0.0000003,0.0000002
33043,0.0001292,0.0000003,0.0000002
33044,0.0001292,0.0000003,0.0000002
33045,0.0001292,0.0000003,0.0000002
33046,0.0001292,0.0000003,0.0000002
33047,0.0001292,0.0000003,0.0000002
33048,0.0001292,0.0000003,0.0000002
33049,0.0001292,0.0000003,0.0000002
33050,0.0001292,0.0000003,0.0000002
33051,0.0001292,0.0000003,0.0000002
33052,0.0001292,0.0000003,0.0000002
33053,0.0001291,0.0000003,0.0000002
33054,0.0001291,0.0000003,0.0000002
33055,0.0001291,0.0000003,0.0000002
33056,0.0001291,0.0000003,0.0000002
33057,0.0001291,0.0000003,0.0000002
33058,0.0001291,0.0000003,0.0000002
33059,0.0001291,0.0000003,0.0000002
33060,0.0001291,0.0000003,0.0000002
33061,0.0001291,0.0000003,0.0000002
33062,0.0001291,0.0000003,0.0000002
33063,0.0001291,0.0000003,0.0000002
33064,0.0001291,0.0000003,0.0000002
33065,0.0001291,0.0000003,0.0000002
33066,0.0001291,0.0000003,0.0000002
33067,0.0001290,0.0000003,0.0000002
33068,0.0001290,0.0000003,0.0000002
33069,0.0001290,0.0000003,0.0000002
33070,0.0001290,0.0000003,0.0000002
33071,0.0001290,0.0000003,0.0000002
33072,0.0001290,0.0000003,0.0000002
33073,0.0001290,0.0000003,0.0000002
33074,0.0001290,0.0000003,0.0000002
33075,0.0001290,0.0000003,0.0000002
33076,0.0001290,0.0000003,0.0000002
33077,0.0001290,0.0000003,0.0000002
33078,0.0001290,0.0000003,0.0000002
33079,0.0001290,0.0000003,0.0000002
33080,0.0001290,0.0000003,0.0000002
33081,0.0001289,0.0000003,0.0000002
33082,0.0001289,0.0000003,0.0000002
33083,0.0001289,0.0000003,0.0000002
33084,0.0001289,0.0000003,0.0000002
33085,0.0001289,0.0000003,0.0000002
33086,0.0001289,0.0000003,0.0000002
33087,0.0001289,0.0000003,0.0000002
33088,0.0001289,0.0000003,0.0000002
33089,0.0001289,0.0000003,0.0000002
33090,0.0001289,0.0000003,0.0000002
33091,0.0001289,0.0000003,0.0000002
33092,0.0001289,0.0000003,0.0000002
33093,0.0001289,0.0000003,0.0000002
33094,0.0001289,0.0000003,0.0000002
33095,0.0001289,0.0000003,0.0000002
33096,0.0001288,0.0000003,0.0000002
33097,0.0001288,0.0000003,0.0000002
33098,0.0001288,0.0000003,0.0000002
33099,0.0001288,0.0000003,0.0000002
33100,0.0001288,0.0000003,0.0000002
33101,0.0001288,0.0000003,0.0000002
33102,0.0001288,0.0000003,0.0000002
33103,0.0001288,0.0000003,0.0000002
33104,0.0001288,0.0000003,0.0000002
33105,0.0001288,0.0000003,0.0000002
33106,0.0001288,0.0000003,0.0000002
33107,0.0001288,0.0000003,0.0000002
33108,0.0001288,0.0000003,0.0000002
33109,0.0001288,0.0000003,0.0000002
33110,0.0001287,0.0000003,0.0000002
33111,0.0001287,0.0000003,0.0000002
33112,0.0001287,0.0000003,0.0000002
33113,0.0001287,0.0000003,0.0000002
33114,0.0001287,0.0000003,0.0000002
33115,0.0001287,0.0000003,0.0000002
33116,0.0001287,0.0000003,0.0000002
33117,0.0001287,0.0000003,0.0000002
33118,0.0001287,0.0000003,0.0000002
33119,0.0001287,0.0000003,0.0000002
33120,0.0001287,0.0000003,0.0000002
33121,0.0001287,0.0000003,0.0000002
33122,0.0001287,0.0000003,0.0000002
33123,0.0001287,0.0000003,0.0000002
33124,0.0001286,0.0000003,0.0000002
33125,0.0001286,0.0000003,0.0000002
33126,0.0001286,0.0000003,0.0000002
33127,0.0001286,0.0000003,0.0000002
33128,0.0001286,0.0000003,0.0000002
33129,0.0001286,0.0000003,0.0000002
33130,0.0001286,0.0000003,0.0000002
33131,0.0001286,0.0000003,0.0000002
33132,0.0001286,0.0000003,0.0000002
33133,0.0001286,0.0000003,0.0000002
33134,0.0001286,0.0000003,0.0000002
33135,0.0001286,0.0000003,0.0000002
33136,0.0001286,0.0000003,0.0000002
33137,0.0001286,0.0000003,0.0000002
33138,0.0001286,0.0000003,0.0000002
33139,0.0001285,0.0000003,0.0000002
33140,0.0001285,0.0000003,0.0000002
33141,0.0001285,0.0000003,0.0000002
33142,0.0001285,0.0000003,0.0000002
33143,0.0001285,0.0000003,0.0000002
33144,0.0001285,0.0000003,0.0000002
33145,0.0001285,0.0000003,0.0000002
33146,0.0001285,0.0000003,0.0000002
33147,0.0001285,0.0000003,0.0000002
33148,0.0001285,0.0000003,0.0000002
33149,0.0001285,0.0000003,0.0000002
33150,0.0001285,0.0000003,0.0000002
33151,0.0001285,0.0000003,0.0000002
33152,0.0001285,0.0000003,0.0000002
33153,0.0001284,0.0000003,0.0000002
33154,0.0001284,0.0000003,0.0000002
33155,0.0001284,0.0000003,0.0000002
33156,0.0001284,0.0000003,0.0000002
33157,0.0001284,0.0000003,0.0000002
33158,0.0001284,0.0000003,0.0000002
33159,0.0001284,0.0000003,0.0000002
33160,0.0001284,0.0000003,0.0000002
33161,0.0001284,0.0000003,0.0000002
33162,0.0001284,0.0000003,0.0000002
33163,0.0001284,0.0000003,0.0000002
33164,0.0001284,0.0000003,0.0000002
33165,0.0001284,0.0000003,0.0000002
33166,0.0001284,0.0000003,0.0000002
33167,0.0001284,0.0000003,0.0000002
33168,0.0001283,0.0000003,0.0000002
33169,0.0001283,0.0000003,0.0000002
33170,0.0001283,0.0000003,0.0000002
33171,0.0001283,0.0000003,0.0000002
33172,0.0001283,0.0000003,0.0000002
33173,0.0001283,0.0000003,0.0000002
33174,0.0001283,0.0000003,0.0000002
33175,0.0001283,0.0000003,0.0000002
33176,0.0001283,0.0000003,0.0000002
33177,0.0001283,0.0000003,0.0000002
33178,0.0001283,0.0000003,0.0000002
33179,0.0001283,0.0000003,0.0000002
33180,0.0001283,0.0000003,0.0000002
33181,0.0001283,0.0000003,0.0000002
33182,0.0001282,0.0000003,0.0000002
33183,0.0001282,0.0000003,0.0000002
33184,0.0001282,0.0000003,0.0000002
33185,0.0001282,0.0000003,0.0000002
33186,0.0001282,0.0000003,0.0000002
33187,0.0001282,0.0000003,0.0000002
33188,0.0001282,0.0000003,0.0000002
33189,0.0001282,0.0000003,0.0000002
33190,0.0001282,0.0000003,0.0000002
33191,0.0001282,0.0000003,0.0000002
33192,0.0001282,0.0000003,0.0000002
33193,0.0001282,0.0000003,0.0000002
33194,0.0001282,0.0000003,0.0000002
33195,0.0001282,0.0000003,0.0000002
33196,0.0001282,0.0000003,0.0000002
33197,0.0001281,0.0000003,0.0000002
33198,0.0001281,0.0000003,0.0000002
33199,0.0001281,0.0000003,0.0000002
33200,0.0001281,0.0000003,0.0000002
33201,0.0001281,0.0000003,0.0000002
33202,0.0001281,0.0000003,0.0000002
33203,0.0001281,0.0000003,0.0000002
33204,0.0001281,0.0000003,0.0000002
33205,0.0001281,0.0000003,0.0000002
33206,0.0001281,0.0000003,0.0000002
33207,0.0001281,0.0000003,0.0000002
33208,0.0001281,0.0000003,0.0000002
33209,0.0001281,0.0000003,0.0000002
33210,0.0001281,0.0000003,0.0000002
33211,0.0001281,0.0000003,0.0000002
33212,0.0001280,0.0000003,0.0000002
33213,0.0001280,0.0000003,0.0000002
33214,0.0001280,0.0000003,0.0000002
33215,0.0001280,0.0000003,0.0000002
33216,0.0001280,0.0000003,0.0000002
33217,0.0001280,0.0000003,0.0000002
33218,0.0001280,0.0000003,0.0000002
33219,0.0001280,0.0000003,0.0000002
33220,0.0001280,0.0000003,0.0000002
33221,0.0001280,0.0000003,0.0000002
33222,0.0001280,0.0000003,0.0000002
33223,0.0001280,0.0000003,0.0000002
33224,0.0001280,0.0000003,0.0000002
33225,0.0001280,0.0000003,0.0000002
33226,0.0001280,0.0000003,0.0000002
33227,0.0001279,0.0000003,0.0000002
33228,0.0001279,0.0000003,0.0000002
33229,0.0001279,0.0000003,0.0000002
33230,0.0001279,0.0000003,0.0000002
33231,0.0001279,0.0000003,0.0000002
33232,0.0001279,0.0000003,0.0000002
33233,0.0001279,0.0000003,0.0000002
33234,0.0001279,0.0000003,0.0000002
33235,0.0001279,0.0000003,0.0000002
33236,0.0001279,0.0000003,0.0000002
33237,0.0001279,0.0000003,0.0000002
33238,0.0001279,0.0000003,0.0000002
33239,0.0001279,0.0000003,0.0000002
33240,0.0001279,0.0000003,0.0000002
33241,0.0001279,0.0000003,0.0000002
33242,0.0001278,0.0000003,0.0000002
33243,0.0001278,0.0000003,0.0000002
33244,0.0001278,0.0000003,0.0000002
33245,0.0001278,0.0000003,0.0000002
33246,0.0001278,0.0000003,0.0000002
33247,0.0001278,0.0000003,0.0000002
33248,0.0001278,0.0000003,0.0000002
33249,0.0001278,0.0000003,0.0000002
33250,0.0001278,0.0000003,0.0000002
33251,0.0001278,0.0000003,0.0000002
33252,0.0001278,0.0000003,0.0000002
33253,0.0001278,0.0000003,0.0000002
33254,0.0001278,0.0000003,0.0000002
33255,0.0001278,0.0000003,0.0000002
33256,0.0001278,0.0000003,0.0000002
33257,0.0001277,0.0000003,0.0000002
33258,0.0001277,0.0000003,0.0000002
33259,0.0001277,0.0000003,0.0000002
33260,0.0001277,0.0000003,0.0000002
33261,0.0001277,0.0000003,0.0000002
33262,0.0001277,0.0000003,0.0000002
33263,0.0001277,0.0000003,0.0000002
33264,0.0001277,0.0000003,0.0000002
33265,0.0001277,0.0000003,0.0000002
33266,0.0001277,0.0000003,0.0000002
33267,0.0001277,0.0000003,0.0000002
33268,0.0001277,0.0000003,0.0000002
33269,0.0001277,0.0000003,0.0000002
33270,0.0001277,0.0000003,0.0000002
33271,0.0001277,0.0000003,0.0000002
33272,0.0001276,0.0000003,0.0000002
33273,0.0001276,0.0000003,0.0000002
33274,0.0001276,0.0000003,0.0000002
33275,0.0001276,0.0000003,0.0000002
33276,0.0001276,0.0000003,0.0000002
33277,0.0001276,0.0000003,0.0000002
33278,0.0001276,0.0000003,0.0000002
33279,0.0001276,0.0000003,0.0000002
33280,0.0001276,0.0000003,0.0000002
33281,0.0001276,0.0000003,0.0000002
33282,0.0001276,0.0000003,0.0000002
33283,0.0001276,0.0000003,0.0000002
33284,0.0001276,0.0000003,0.0000002
33285,0.0001276,0.0000003,0.0000002
33286,0.0001276,0.0000003,0.0000002
33287,0.0001275,0.0000003,0.0000002
33288,0.0001275,0.0000003,0.0000002
33289,0.0001275,0.0000003,0.0000002
33290,0.0001275,0.0000003,0.0000002
33291,0.0001275,0.0000003,0.0000002
33292,0.0001275,0.0000003,0.0000002
33293,0.0001275,0.0000003,0.0000002
33294,0.0001275,0.0000003,0.0000002
33295,0.0001275,0.0000003,0.0000002
33296,0.0001275,0.0000003,0.0000002
33297,0.0001275,0.0000003,0.0000002
33298,0.0001275,0.0000003,0.0000002
33299,0.0001275,0.0000003,0.0000002
33300,0.0001275,0.0000003,0.0000002
33301,0.0001275,0.0000003,0.0000002
33302,0.0001274,0.0000003,0.0000002
33303,0.0001274,0.0000003,0.0000002
33304,0.0001274,0.0000003,0.0000002
33305,0.0001274,0.0000003,0.0000002
33306,0.0001274,0.0000003,0.0000002
33307,0.0001274,0.0000003,0.0000002
33308,0.0001274,0.0000003,0.0000002
33309,0.0001274,0.0000003,0.0000002
33310,0.0001274,0.0000003,0.0000002
33311,0.0001274,0.0000003,0.0000002
33312,0.0001274,0.0000003,0.0000002
33313,0.0001274,0.0000003,0.0000002
33314,0.0001274,0.0000003,0.0000002
33315,0.0001274,0.0000003,0.0000002
33316,0.0001274,0.0000003,0.0000002
33317,0.0001273,0.0000003,0.0000002
33318,0.0001273,0.0000003,0.0000002
33319,0.0001273,0.0000003,0.0000002
33320,0.0001273,0.0000003,0.0000002
33321,0.0001273,0.0000003,0.0000002
33322,0.0001273,0.0000003,0.0000002
33323,0.0001273,0.0000003,0.0000002
33324,0.0001273,0.0000003,0.0000002
33325,0.0001273,0.0000003,0.0000002
33326,0.0001273,0.0000003,0.0000002
33327,0.0001273,0.0000003,0.0000002
33328,0.0001273,0.0000003,0.0000002
33329,0.0001273,0.0000003,0.0000002
33330,0.0001273,0.0000003,0.0000002
33331,0.0001273,0.0000003,0.0000002
33332,0.0001273,0.0000003,0.0000002
33333,0.0001272,0.0000003,0.0000002
33334,0.0001272,0.0000003,0.0000002
33335,0.0001272,0.0000003,0.0000002
33336,0.0001272,0.0000003,0.0000002
33337,0.0001272,0.0000003,0.0000002
33338,0.0001272,0.0000003,0.0000002
33339,0.0001272,0.0000003,0.0000002
33340,0.0001272,0.0000003,0.0000002
33341,0.0001272,0.0000003,0.0000002
33342,0.0001272,0.0000003,0.0000002
33343,0.0001272,0.0000003,0.0000002
33344,0.0001272,0.0000003,0.0000002
33345,0.0001272,0.0000003,0.0000002
33346,0.0001272,0.0000003,0.0000002
33347,0.0001272,0.0000003,0.0000002
33348,0.0001272,0.0000003,0.0000002
33349,0.0001271,0.0000003,0.0000002
33350,0.0001271,0.0000003,0.0000002
33351,0.0001271,0.0000003,0.0000002
33352,0.0001271,0.0000003,0.0000002
33353,0.0001271,0.0000003,0.0000002
33354,0.0001271,0.0000003,0.0000002
33355,0.0001271,0.0000003,0.0000002
33356,0.0001271,0.0000003,0.0000002
33357,0.0001271,0.0000003,0.0000002
33358,0.0001271,0.0000003,0.0000002
33359,0.0001271,0.0000003,0.0000002
33360,0.0001271,0.0000003,0.0000002
33361,0.0001271,0.0000003,0.0000002
33362,0.0001271,0.0000003,0.0000002
33363,0.0001271,0.0000003,0.0000002
33364,0.0001270,0.0000003,0.0000002
33365,0.0001270,0.0000003,0.0000002
33366,0.0001270,0.0000003,0.0000002
33367,0.0001270,0.0000003,0.0000002
33368,0.0001270,0.0000003,0.0000002
33369,0.0001270,0.0000003,0.0000002
33370,0.0001270,0.0000003,0.0000002
33371,0.0001270,0.0000003,0.0000002
33372,0.0001270,0.0000003,0.0000002
33373,0.0001270,0.0000003,0.0000002
33374,0.0001270,0.0000003,0.0000002
33375,0.0001270,0.0000003,0.0000002
33376,0.0001270,0.0000003,0.0000002
33377,0.0001270,0.0000003,0.0000002
33378,0.0001270,0.0000003,0.0000002
33379,0.0001270,0.0000003,0.0000002
33380,0.0001269,0.0000003,0.0000002
33381,0.0001269,0.0000003,0.0000002
33382,0.0001269,0.0000003,0.0000002
33383,0.0001269,0.0000003,0.0000002
33384,0.0001269,0.0000003,0.0000002
33385,0.0001269,0.0000003,0.0000002
33386,0.0001269,0.0000003,0.0000002
33387,0.0001269,0.0000003,0.0000002
33388,0.0001269,0.0000003,0.0000002
33389,0.0001269,0.0000003,0.0000002
33390,0.0001269,0.0000003,0.0000002
33391,0.0001269,0.0000003,0.0000002
33392,0.0001269,0.0000003,0.0000002
33393,0.0001269,0.0000003,0.0000002
33394,0.0001269,0.0000003,0.0000002
33395,0.0001269,0.0000003,0.0000002
33396,0.0001268,0.0000003,0.0000002
33397,0.0001268,0.0000003,0.0000002
33398,0.0001268,0.0000003,0.0000002
33399,0.0001268,0.0000003,0.0000002
33400,0.0001268,0.0000003,0.0000002
33401,0.0001268,0.0000003,0.0000002
33402,0.0001268,0.0000003,0.0000002
33403,0.0001268,0.0000003,0.0000002
33404,0.0001268,0.0000003,0.0000002
33405,0.0001268,0.0000003,0.0000002
33406,0.0001268,0.0000003,0.0000002
33407,0.0001268,0.0000003,0.0000002
33408,0.0001268,0.0000003,0.0000002
33409,0.0001268,0.0000003,0.0000002
33410,0.0001268,0.0000003,0.0000002
33411,0.0001268,0.0000003,0.0000002
33412,0.0001267,0.0000003,0.0000002
33413,0.0001267,0.0000003,0.0000002
33414,0.0001267,0.0000003,0.0000002
33415,0.0001267,0.0000003,0.0000002
33416,0.0001267,0.0000003,0.0000002
33417,0.0001267,0.0000003,0.0000002
33418,0.0001267,0.0000003,0.0000002
33419,0.0001267,0.0000003,0.0000002
33420,0.0001267,0.0000003,0.0000002
33421,0.0001267,0.0000003,0.0000002
33422,0.0001267,0.0000003,0.0000002
33423,0.0001267,0.0000003,0.0000002
33424,0.0001267,0.0000003,0.0000002
33425,0.0001267,0.0000003,0.0000002
33426,0.0001267,0.0000003,0.0000002
33427,0.0001267,0.0000003,0.0000002
33428,0.0001266,0.0000003,0.0000002
33429,0.0001266,0.0000003,0.0000002
33430,0.0001266,0.0000003,0.0000002
33431,0.0001266,0.0000003,0.0000002
33432,0.0001266,0.0000003,0.0000002
33433,0.0001266,0.0000003,0.0000002
33434,0.0001266,0.0000003,0.0000002
33435,0.0001266,0.0000003,0.0000002
33436,0.0001266,0.0000003,0.0000002
33437,0.0001266,0.0000003,0.0000002
33438,0.0001266,0.0000003,0.0000002
33439,0.0001266,0.0000003,0.0000002
33440,0.0001266,0.0000003,0.0000002
33441,0.0001266,0.0000003,0.0000002
33442,0.0001266,0.0000003,0.0000002
33443,0.0001266,0.0000003,0.0000002
33444,0.0001265,0.0000003,0.0000002
33445,0.0001265,0.0000003,0.0000002
33446,0.0001265,0.0000003,0.0000002
33447,0.0001265,0.0000003,0.0000002
33448,0.0001265,0.0000003,0.0000002
33449,0.0001265,0.0000003,0.0000002
33450,0.0001265,0.0000003,0.0000002
33451,0.0001265,0.0000003,0.0000002
33452,0.0001265,0.0000003,0.0000002
33453,0.0001265,0.0000003,0.0000002
33454,0.0001265,0.0000003,0.0000002
33455,0.0001265,0.0000003,0.0000002
33456,0.0001265,0.0000003,0.0000002
33457,0.0001265,0.0000003,0.0000002
33458,0.0001265,0.0000003,0.0000002
33459,0.0001265,0.0000003,0.0000002
33460,0.0001265,0.0000003,0.0000002
33461,0.0001264,0.0000003,0.0000002
33462,0.0001264,0.0000003,0.0000002
33463,0.0001264,0.0000003,0.0000002
33464,0.0001264,0.0000003,0.0000002
33465,0.0001264,0.0000003,0.0000002
33466,0.0001264,0.0000003,0.0000002
33467,0.0001264,0.0000003,0.0000002
33468,0.0001264,0.0000003,0.0000002
33469,0.0001264,0.0000003,0.0000002
33470,0.0001264,0.0000003,0.0000002
33471,0.0001264,0.0000003,0.0000002
33472,0.0001264,0.0000003,0.0000002
33473,0.0001264,0.0000003,0.0000002
33474,0.0001264,0.0000003,0.0000002
33475,0.0001264,0.0000003,0.0000002
33476,0.0001264,0.0000003,0.0000002
33477,0.0001263,0.0000003,0.0000002
33478,0.0001263,0.0000003,0.0000002
33479,0.0001263,0.0000003,0.0000002
33480,0.0001263,0.0000003,0.0000002
33481,0.0001263,0.0000003,0.0000002
33482,0.0001263,0.0000003,0.0000002
33483,0.0001263,0.0000003,0.0000002
33484,0.0001263,0.0000003,0.0000002
33485,0.0001263,0.0000003,0.0000002
33486,0.0001263,0.0000003,0.0000002
33487,0.0001263,0.0000003,0.0000002
33488,0.0001263,0.0000003,0.0000002
33489,0.0001263,0.0000003,0.0000002
33490,0.0001263,0.0000003,0.0000002
33491,0.0001263,0.0000003,0.0000002
33492,0.0001263,0.0000003,0.0000002
33493,0.0001263,0.0000003,0.0000002
33494,0.0001262,0.0000003,0.0000002
33495,0.0001262,0.0000003,0.0000002
33496,0.0001262,0.0000003,0.0000002
33497,0.0001262,0.0000003,0.0000002
33498,0.0001262,0.0000003,0.0000002
33499,0.0001262,0.0000003,0.0000002
33500,0.0001262,0.0000003,0.0000002
33501,0.0001262,0.0000003,0.0000002
33502,0.0001262,0.0000003,0.0000002
33503,0.0001262,0.0000003,0.0000002
33504,0.0001262,0.0000003,0.0000002
33505,0.0001262,0.0000003,0.0000002
33506,0.0001262,0.0000003,0.0000002
33507,0.0001262,0.0000003,0.0000002
33508,0.0001262,0.0000003,0.0000002
33509,0.0001262,0.0000003,0.0000002
33510,0.0001262,0.0000003,0.0000002
33511,0.0001261,0.0000003,0.0000002
33512,0.0001261,0.0000003,0.0000002
33513,0.0001261,0.0000003,0.0000002
33514,0.0001261,0.0000003,0.0000002
33515,0.0001261,0.0000003,0.0000002
33516,0.0001261,0.0000003,0.0000002
33517,0.0001261,0.0000003,0.0000002
33518,0.0001261,0.0000003,0.0000002
33519,0.0001261,0.0000003,0.0000002
33520,0.0001261,0.0000003,0.0000002
33521,0.0001261,0.0000003,0.0000002
33522,0.0001261,0.0000003,0.0000002
33523,0.0001261,0.0000003,0.0000002
33524,0.0001261,0.0000003,0.0000002
33525,0.0001261,0.0000003,0.0000002
33526,0.0001261,0.0000003,0.0000002
33527,0.0001260,0.0000003,0.0000002
33528,0.0001260,0.0000003,0.0000002
33529,0.0001260,0.0000003,0.0000002
33530,0.0001260,0.0000003,0.0000002
33531,0.0001260,0.0000003,0.0000002
33532,0.0001260,0.0000003,0.0000002
33533,0.0001260,0.0000003,0.0000002
33534,0.0001260,0.0000003,0.0000002
33535,0.0001260,0.0000003,0.0000002
33536,0.0001260,0.0000003,0.0000002
33537,0.0001260,0.0000003,0.0000002
33538,0.0001260,0.0000003,0.0000002
33539,0.0001260,0.0000003,0.0000002
33540,0.0001260,0.0000003,0.0000002
33541,0.0001260,0.0000003,0.0000002
33542,0.0001260,0.0000003,0.0000002
33543,0.0001260,0.0000003,0.0000002
33544,0.0001259,0.0000003,0.0000002
33545,0.0001259,0.0000003,0.0000002
33546,0.0001259,0.0000003,0.0000002
33547,0.0001259,0.0000003,0.0000002
33548,0.0001259,0.0000003,0.0000002
33549,0.0001259,0.0000003,0.0000002
33550,0.0001259,0.0000003,0.0000002
33551,0.0001259,0.0000003,0.0000002
33552,0.0001259,0.0000003,0.0000002
33553,0.0001259,0.0000003,0.0000002
33554,0.0001259,0.0000003,0.0000002
33555,0.0001259,0.0000003,0.0000002
33556,0.0001259,0.0000003,0.0000002
33557,0.0001259,0.0000003,0.0000002
33558,0.0001259,0.0000003,0.0000002
33559,0.0001259,0.0000003,0.0000002
33560,0.0001259,0.0000003,0.0000002
33561,0.0001259,0.0000003,0.0000002
33562,0.0001258,0.0000003,0.0000002
33563,0.0001258,0.0000003,0.0000002
33564,0.0001258,0.0000003,0.0000002
33565,0.0001258,0.0000003,0.0000002
33566,0.0001258,0.0000003,0.0000002
33567,0.0001258,0.0000003,0.0000002
33568,0.0001258,0.0000003,0.0000002
33569,0.0001258,0.0000003,0.0000002
33570,0.0001258,0.0000003,0.0000002
33571,0.0001258,0.0000003,0.0000002
33572,0.0001258,0.0000003,0.0000002
33573,0.0001258,0.0000003,0.0000002
33574,0.0001258,0.0000003,0.0000002
33575,0.0001258,0.0000003,0.0000002
33576,0.0001258,0.0000003,0.0000002
33577,0.0001258,0.0000003,0.0000002
33578,0.0001258,0.0000003,0.0000002
33579,0.0001257,0.0000003,0.0000002
33580,0.0001257,0.0000003,0.0000002
33581,0.0001257,0.0000003,0.0000002
33582,0.0001257,0.0000003,0.0000002
33583,0.0001257,0.0000003,0.0000002
33584,0.0001257,0.0000003,0.0000002
33585,0.0001257,0.0000003,0.0000002
33586,0.0001257,0.0000003,0.0000002
33587,0.0001257,0.0000003,0.0000002
33588,0.0001257,0.0000003,0.0000002
33589,0.0001257,0.0000003,0.0000002
33590,0.0001257,0.0000003,0.0000002
33591,0.0001257,0.0000003,0.0000002
33592,0.0001257,0.0000003,0.0000002
33593,0.0001257,0.0000003,0.0000002
33594,0.0001257,0.0000003,0.0000002
33595,0.0001257,0.0000003,0.0000002
33596,0.0001256,0.0000003,0.0000002
33597,0.0001256,0.0000003,0.0000002
33598,0.0001256,0.0000003,0.0000002
33599,0.0001256,0.0000003,0.0000002
33600,0.0001256,0.0000003,0.0000002
33601,0.0001256,0.0000003,0.0000002
33602,0.0001256,0.0000003,0.0000002
33603,0.0001256,0.0000003,0.0000002
33604,0.0001256,0.0000003,0.0000002
33605,0.0001256,0.0000003,0.0000002
33606,0.0001256,0.0000003,0.0000002
33607,0.0001256,0.0000003,0.0000002
33608,0.0001256,0.0000003,0.0000002
33609,0.0001256,0.0000003,0.0000002
33610,0.0001256,0.0000003,0.0000002
33611,0.0001256,0.0000003,0.0000002
33612,0.0001256,0.0000003,0.0000002
33613,0.0001256,0.0000003,0.0000002
33614,0.0001255,0.0000003,0.0000002
33615,0.0001255,0.0000003,0.0000002
33616,0.0001255,0.0000003,0.0000002
33617,0.0001255,0.0000003,0.0000002
33618,0.0001255,0.0000003,0.0000002
33619,0.0001255,0.0000003,0.0000002
33620,0.0001255,0.0000003,0.0000002
33621,0.0001255,0.0000003,0.0000002
33622,0.0001255,0.0000003,0.0000002
33623,0.0001255,0.0000003,0.0000002
33624,0.0001255,0.0000003,0.0000002
33625,0.0001255,0.0000003,0.0000002
33626,0.0001255,0.0000003,0.0000002
33627,0.0001255,0.0000003,0.0000002
33628,0.0001255,0.0000003,0.0000002
33629,0.0001255,0.0000003,0.0000002
33630,0.0001255,0.0000003,0.0000002
33631,0.0001254,0.0000003,0.0000002
33632,0.0001254,0.0000003,0.0000002
33633,0.0001254,0.0000003,0.0000002
33634,0.0001254,0.0000003,0.0000002
33635,0.0001254,0.0000003,0.0000002
33636,0.0001254,0.0000003,0.0000002
33637,0.0001254,0.0000003,0.0000002
33638,0.0001254,0.0000003,0.0000002
33639,0.0001254,0.0000003,0.0000002
33640,0.0001254,0.0000003,0.0000002
33641,0.0001254,0.0000003,0.0000002
33642,0.0001254,0.0000003,0.0000002
33643,0.0001254,0.0000003,0.0000002
33644,0.0001254,0.0000003,0.0000002
33645,0.0001254,0.0000003,0.0000002
33646,0.0001254,0.0000003,0.0000002
33647,0.0001254,0.0000003,0.0000002
33648,0.0001254,0.0000003,0.0000002
33649,0.0001253,0.0000003,0.0000002
33650,0.0001253,0.0000003,0.0000002
33651,0.0001253,0.0000003,0.0000002
33652,0.0001253,0.0000003,0.0000002
33653,0.0001253,0.0000003,0.0000002
33654,0.0001253,0.0000003,0.0000002
33655,0.0001253,0.0000003,0.0000002
33656,0.0001253,0.0000003,0.0000002
33657,0.0001253,0.0000003,0.0000002
33658,0.0001253,0.0000003,0.0000002
33659,0.0001253,0.0000003,0.0000002
33660,0.0001253,0.0000003,0.0000002
33661,0.0001253,0.0000003,0.0000002
33662,0.0001253,0.0000003,0.0000002
33663,0.0001253,0.0000003,0.0000002
33664,0.0001253,0.0000003,0.0000002
33665,0.0001253,0.0000003,0.0000002
33666,0.0001252,0.0000003,0.0000002
33667,0.0001252,0.0000003,0.0000002
33668,0.0001252,0.0000003,0.0000002
33669,0.0001252,0.0000003,0.0000002
33670,0.0001252,0.0000003,0.0000002
33671,0.0001252,0.0000003,0.0000002
33672,0.0001252,0.0000003,0.0000002
33673,0.0001252,0.0000003,0.0000002
33674,0.0001252,0.0000003,0.0000002
33675,0.0001252,0.0000003,0.0000002
33676,0.0001252,0.0000003,0.0000002
33677,0.0001252,0.0000003,0.0000002
33678,0.0001252,0.0000003,0.0000002
33679,0.0001252,0.0000003,0.0000002
33680,0.0001252,0.0000003,0.0000002
33681,0.0001252,0.0000003,0.0000002
33682,0.0001252,0.0000003,0.0000002
33683,0.0001252,0.0000003,0.0000002
33684,0.0001251,0.0000003,0.0000002
33685,0.0001251,0.0000003,0.0000002
33686,0.0001251,0.0000003,0.0000002
33687,0.0001251,0.0000003,0.0000002
33688,0.0001251,0.0000003,0.0000002
33689,0.0001251,0.0000003,0.0000002
33690,0.0001251,0.0000003,0.0000002
33691,0.0001251,0.0000003,0.0000002
33692,0.0001251,0.0000003,0.0000002
33693,0.0001251,0.0000003,0.0000002
33694,0.0001251,0.0000003,0.0000002
33695,0.0001251,0.0000003,0.0000002
33696,0.0001251,0.0000003,0.0000002
33697,0.0001251,0.0000003,0.0000002
33698,0.0001251,0.0000003,0.0000002
33699,0.0001251,0.0000003,0.0000002
33700,0.0001251,0.0000003,0.0000002
33701,0.0001251,0.0000003,0.0000002
33702,0.0001250,0.0000003,0.0000002
33703,0.0001250,0.0000003,0.0000002
33704,0.0001250,0.0000003,0.0000002
33705,0.0001250,0.0000003,0.0000002
33706,0.0001250,0.0000003,0.0000002
33707,0.0001250,0.0000003,0.0000002
33708,0.0001250,0.0000003,0.0000002
33709,0.0001250,0.0000003,0.0000002
33710,0.0001250,0.0000003,0.0000002
33711,0.0001250,0.0000003,0.0000002
33712,0.0001250,0.0000003,0.0000002
33713,0.0001250,0.0000003,0.0000002
33714,0.0001250,0.0000003,0.0000002
33715,0.0001250,0.0000003,0.0000002
33716,0.0001250,0.0000003,0.0000002
33717,0.0001250,0.0000003,0.0000002
33718,0.0001250,0.0000003,0.0000002
33719,0.0001250,0.0000003,0.0000002
33720,0.0001249,0.0000003,0.0000002
33721,0.0001249,0.0000003,0.0000002
33722,0.0001249,0.0000003,0.0000002
33723,0.0001249,0.0000003,0.0000002
33724,0.0001249,0.0000003,0.0000002
33725,0.0001249,0.0000003,0.0000002
33726,0.0001249,0.0000003,0.0000002
33727,0.0001249,0.0000003,0.0000002
33728,0.0001249,0.0000003,0.0000002
33729,0.0001249,0.0000003,0.0000002
33730,0.0001249,0.0000003,0.0000002
33731,0.0001249,0.0000003,0.0000002
33732,0.0001249,0.0000003,0.0000002
33733,0.0001249,0.0000003,0.0000002
33734,0.0001249,0.0000003,0.0000002
33735,0.0001249,0.0000003,0.0000002
33736,0.0001249,0.0000003,0.0000002
33737,0.0001249,0.0000003,0.0000002
33738,0.0001248,0.0000003,0.0000002
33739,0.0001248,0.0000003,0.0000002
33740,0.0001248,0.0000003,0.0000002
33741,0.0001248,0.0000003,0.0000002
33742,0.0001248,0.0000003,0.0000002
33743,0.0001248,0.0000003,0.0000002
33744,0.0001248,0.0000003,0.0000002
33745,0.0001248,0.0000003,0.0000002
33746,0.0001248,0.0000003,0.0000002
33747,0.0001248,0.0000003,0.0000002
33748,0.0001248,0.0000003,0.0000002
33749,0.0001248,0.0000003,0.0000002
33750,0.0001248,0.0000003,0.0000002
33751,0.0001248,0.0000003,0.0000002
33752,0.0001248,0.0000003,0.0000002
33753,0.0001248,0.0000003,0.0000002
33754,0.0001248,0.0000003,0.0000002
33755,0.0001248,0.0000003,0.0000002
33756,0.0001247,0.0000003,0.0000002
33757,0.0001247,0.0000003,0.0000002
33758,0.0001247,0.0000003,0.0000002
33759,0.0001247,0.0000003,0.0000002
33760,0.0001247,0.0000003,0.0000002
33761,0.0001247,0.0000003,0.0000002
33762,0.0001247,0.0000003,0.0000002
33763,0.0001247,0.0000003,0.0000002
33764,0.0001247,0.0000003,0.0000002
33765,0.0001247,0.0000003,0.0000002
33766,0.0001247,0.0000003,0.0000002
33767,0.0001247,0.0000003,0.0000002
33768,0.0001247,0.0000003,0.0000002
33769,0.0001247,0.0000003,0.0000002
33770,0.0001247,0.0000003,0.0000002
33771,0.0001247,0.0000003,0.0000002
33772,0.0001247,0.0000003,0.0000002
33773,0.0001247,0.0000003,0.0000002
33774,0.0001246,0.0000003,0.0000002
33775,0.0001246,0.0000003,0.0000002
33776,0.0001246,0.0000003,0.0000002
33777,0.0001246,0.0000003,0.0000002
33778,0.0001246,0.0000003,0.0000002
33779,0.0001246,0.0000003,0.0000002
33780,0.0001246,0.0000003,0.0000002
33781,0.0001246,0.0000003,0.0000002
33782,0.0001246,0.0000003,0.0000002
33783,0.0001246,0.0000003,0.0000002
33784,0.0001246,0.0000003,0.0000002
33785,0.0001246,0.0000003,0.0000002
33786,0.0001246,0.0000003,0.0000002
33787,0.0001246,0.0000003,0.0000002
33788,0.0001246,0.0000003,0.0000002
33789,0.0001246,0.0000003,0.0000002
33790,0.0001246,0.0000003,0.0000002
33791,0.0001246,0.0000003,0.0000002
33792,0.0001245,0.0000003,0.0000002
33793,0.0001245,0.0000003,0.0000002
33794,0.0001245,0.0000003,0.0000002
33795,0.0001245,0.0000003,0.0000002
33796,0.0001245,0.0000003,0.0000002
33797,0.0001245,0.0000003,0.0000002
33798,0.0001245,0.0000003,0.0000002
33799,0.0001245,0.0000003,0.0000002
33800,0.0001245,0.0000003,0.0000002
33801,0.0001245,0.0000003,0.0000002
33802,0.0001245,0.0000003,0.0000002
33803,0.0001245,0.0000003,0.0000002
33804,0.0001245,0.0000003,0.0000002
33805,0.0001245,0.0000003,0.0000002
33806,0.0001245,0.0000003,0.0000002
33807,0.0001245,0.0000003,0.0000002
33808,0.0001245,0.0000003,0.0000002
33809,0.0001245,0.0000003,0.0000002
33810,0.0001245,0.0000003,0.0000002
33811,0.0001244,0.0000003,0.0000002
33812,0.0001244,0.0000003,0.0000002
33813,0.0001244,0.0000003,0.0000002
33814,0.0001244,0.0000003,0.0000002
33815,0.0001244,0.0000003,0.0000002
33816,0.0001244,0.0000003,0.0000002
33817,0.0001244,0.0000003,0.0000002
33818,0.0001244,0.0000003,0.0000002
33819,0.0001244,0.0000003,0.0000002
33820,0.0001244,0.0000003,0.0000002
33821,0.0001244,0.0000003,0.0000002
33822,0.0001244,0.0000003,0.0000002
33823,0.0001244,0.0000003,0.0000002
33824,0.0001244,0.0000003,0.0000002
33825,0.0001244,0.0000003,0.0000002
33826,0.0001244,0.0000003,0.0000002
33827,0.0001244,0.0000003,0.0000002
33828,0.0001244,0.0000003,0.0000002
33829,0.0001243,0.0000003,0.0000002
33830,0.0001243,0.0000003,0.0000002
33831,0.0001243,0.0000003,0.0000002
33832,0.0001243,0.0000003,0.0000002
33833,0.0001243,0.0000003,0.0000002
33834,0.0001243,0.0000003,0.0000002
33835,0.0001243,0.0000003,0.0000002
33836,0.0001243,0.0000003,0.0000002
33837,0.0001243,0.0000003,0.0000002
33838,0.0001243,0.0000003,0.0000002
33839,0.0001243,0.0000003,0.0000002
33840,0.0001243,0.0000003,0.0000002
33841,0.0001243,0.0000003,0.0000002
33842,0.0001243,0.0000003,0.0000002
33843,0.0001243,0.0000003,0.0000002
33844,0.0001243,0.0000003,0.0000002
33845,0.0001243,0.0000003,0.0000002
33846,0.0001243,0.0000003,0.0000002
33847,0.0001242,0.0000003,0.0000002
33848,0.0001242,0.0000003,0.0000002
33849,0.0001242,0.0000003,0.0000002
33850,0.0001242,0.0000003,0.0000002
33851,0.0001242,0.0000003,0.0000002
33852,0.0001242,0.0000003,0.0000002
33853,0.0001242,0.0000003,0.0000002
33854,0.0001242,0.0000003,0.0000002
33855,0.0001242,0.0000003,0.0000002
33856,0.0001242,0.0000003,0.0000002
33857,0.0001242,0.0000003,0.0000002
33858,0.0001242,0.0000003,0.0000002
33859,0.0001242,0.0000003,0.0000002
33860,0.0001242,0.0000003,0.0000002
33861,0.0001242,0.0000003,0.0000002
33862,0.0001242,0.0000003,0.0000002
33863,0.0001242,0.0000003,0.0000002
33864,0.0001242,0.0000003,0.0000002
33865,0.0001241,0.0000003,0.0000002
33866,0.0001241,0.0000003,0.0000002
33867,0.0001241,0.0000003,0.0000002
33868,0.0001241,0.0000003,0.0000002
33869,0.0001241,0.0000003,0.0000002
33870,0.0001241,0.0000003,0.0000002
33871,0.0001241,0.0000003,0.0000002
33872,0.0001241,0.0000003,0.0000002
33873,0.0001241,0.0000003,0.0000002
33874,0.0001241,0.0000003,0.0000002
33875,0.0001241,0.0000003,0.0000002
33876,0.0001241,0.0000003,0.0000002
33877,0.0001241,0.0000003,0.0000002
33878,0.0001241,0.0000003,0.0000002
33879,0.0001241,0.0000003,0.0000002
33880,0.0001241,0.0000003,0.0000002
33881,0.0001241,0.0000003,0.0000002
33882,0.0001241,0.0000003,0.0000002
33883,0.0001240,0.0000003,0.0000002
33884,0.0001240,0.0000003,0.0000002
33885,0.0001240,0.0000003,0.0000002
33886,0.0001240,0.0000003,0.0000002
33887,0.0001240,0.0000003,0.0000002
33888,0.0001240,0.0000003,0.0000002
33889,0.0001240,0.0000003,0.0000002
33890,0.0001240,0.0000003,0.0000002
33891,0.0001240,0.0000003,0.0000002
33892,0.0001240,0.0000003,0.0000002
33893,0.0001240,0.0000003,0.0000002
33894,0.0001240,0.0000003,0.0000002
33895,0.0001240,0.0000003,0.0000002
33896,0.0001240,0.0000003,0.0000002
33897,0.0001240,0.0000003,0.0000002
33898,0.0001240,0.0000003,0.0000002
33899,0.0001240,0.0000003,0.0000002
33900,0.0001240,0.0000003,0.0000002
33901,0.0001240,0.0000003,0.0000002
33902,0.0001239,0.0000003,0.0000002
33903,0.0001239,0.0000003,0.0000002
33904,0.0001239,0.0000003,0.0000002
33905,0.0001239,0.0000003,0.0000002
33906,0.0001239,0.0000003,0.0000002
33907,0.0001239,0.0000003,0.0000002
33908,0.0001239,0.0000003,0.0000002
33909,0.0001239,0.0000003,0.0000002
33910,0.0001239,0.0000003,0.0000002
33911,0.0001239,0.0000003,0.0000002
33912,0.0001239,0.0000003,0.0000002
33913,0.0001239,0.0000003,0.0000002
33914,0.0001239,0.0000003,0.0000002
33915,0.0001239,0.0000003,0.0000002
33916,0.0001239,0.0000003,0.0000002
33917,0.0001239,0.0000003,0.0000002
33918,0.0001239,0.0000003,0.0000002
33919,0.0001239,0.0000003,0.0000002
33920,0.0001238,0.0000003,0.0000002
33921,0.0001238,0.0000003,0.0000002
33922,0.0001238,0.0000003,0.0000002
33923,0.0001238,0.0000003,0.0000002
33924,0.0001238,0.0000003,0.0000002
33925,0.0001238,0.0000003,0.0000002
33926,0.0001238,0.0000003,0.0000002
33927,0.0001238,0.0000003,0.0000002
33928,0.0001238,0.0000003,0.0000002
33929,0.0001238,0.0000003,0.0000002
33930,0.0001238,0.0000003,0.0000002
33931,0.0001238,0.0000003,0.0000002
33932,0.0001238,0.0000003,0.0000002
33933,0.0001238,0.0000003,0.0000002
33934,0.0001238,0.0000003,0.0000002
33935,0.0001238,0.0000003,0.0000002
33936,0.0001238,0.0000003,0.0000002
33937,0.0001238,0.0000003,0.0000002
33938,0.0001237,0.0000003,0.0000002
33939,0.0001237,0.0000003,0.0000002
33940,0.0001237,0.0000003,0.0000002
33941,0.0001237,0.0000003,0.0000002
33942,0.0001237,0.0000003,0.0000002
33943,0.0001237,0.0000003,0.0000002
33944,0.0001237,0.0000003,0.0000002
33945,0.0001237,0.0000003,0.0000002
33946,0.0001237,0.0000003,0.0000002
33947,0.0001237,0.0000003,0.0000002
33948,0.0001237,0.0000003,0.0000002
33949,0.0001237,0.0000003,0.0000002
33950,0.0001237,0.0000003,0.0000002
33951,0.0001237,0.0000003,0.0000002
33952,0.0001237,0.0000003,0.0000002
33953,0.0001237,0.0000003,0.0000002
33954,0.0001237,0.0000003,0.0000002
33955,0.0001237,0.0000003,0.0000002
33956,0.0001236,0.0000003,0.0000002
33957,0.0001236,0.0000003,0.0000002
33958,0.0001236,0.0000003,0.0000002
33959,0.0001236,0.0000003,0.0000002
33960,0.0001236,0.0000003,0.0000002
33961,0.0001236,0.0000003,0.0000002
33962,0.0001236,0.0000003,0.0000002
33963,0.0001236,0.0000003,0.0000002
33964,0.0001236,0.0000003,0.0000002
33965,0.0001236,0.0000003,0.0000002
33966,0.0001236,0.0000003,0.0000002
33967,0.0001236,0.0000003,0.0000002
33968,0.0001236,0.0000003,0.0000002
33969,0.0001236,0.0000003,0.0000002
33970,0.0001236,0.0000003,0.0000002
33971,0.0001236,0.0000003,0.0000002
33972,0.0001236,0.0000003,0.0000002
33973,0.0001236,0.0000003,0.0000002
33974,0.0001235,0.0000003,0.0000002
33975,0.0001235,0.0000003,0.0000002
33976,0.0001235,0.0000003,0.0000002
33977,0.0001235,0.0000003,0.0000002
33978,0.0001235,0.0000003,0.0000002
33979,0.0001235,0.0000003,0.0000002
33980,0.0001235,0.0000003,0.0000002
33981,0.0001235,0.0000003,0.0000002
33982,0.0001235,0.0000003,0.0000002
33983,0.0001235,0.0000003,0.0000002
33984,0.0001235,0.0000003,0.0000002
33985,0.0001235,0.0000003,0.0000002
33986,0.0001235,0.0000003,0.0000002
33987,0.0001235,0.0000003,0.0000002
33988,0.0001235,0.0000003,0.0000002
33989,0.0001235,0.0000003,0.0000002
33990,0.0001235,0.0000003,0.0000002
33991,0.0001235,0.0000003,0.0000002
33992,0.0001234,0.0000003,0.0000002
33993,0.0001234,0.0000003,0.0000002
33994,0.0001234,0.0000003,0.0000002
33995,0.0001234,0.0000003,0.0000002
33996,0.0001234,0.0000003,0.0000002
33997,0.0001234,0.0000003,0.0000002
33998,0.0001234,0.0000003,0.0000002
33999,0.0001234,0.0000003,0.0000002
34000,0.0001234,0.0000003,0.0000002
34001,0.0001234,0.0000003,0.0000002
34002,0.0001234,0.0000003,0.0000002
34003,0.0001234,0.0000003,0.0000002
34004,0.0001234,0.0000003,0.0000002
34005,0.0001234,0.0000003,0.0000002
34006,0.0001234,0.0000003,0.0000002
34007,0.0001234,0.0000003,0.0000002
34008,0.0001234,0.0000003,0.0000002
34009,0.0001234,0.0000003,0.0000002
34010,0.0001233,0.0000003,0.0000002
34011,0.0001233,0.0000003,0.0000002
34012,0.0001233,0.0000003,0.0000002
34013,0.0001233,0.0000003,0.0000002
34014,0.0001233,0.0000003,0.0000002
34015,0.0001233,0.0000003,0.0000002
34016,0.0001233,0.0000003,0.0000002
34017,0.0001233,0.0000003,0.0000002
34018,0.0001233,0.0000003,0.0000002
34019,0.0001233,0.0000003,0.0000002
34020,0.0001233,0.0000003,0.0000002
34021,0.0001233,0.0000003,0.0000002
34022,0.0001233,0.0000003,0.0000002
34023,0.0001233,0.0000003,0.0000002
34024,0.0001233,0.0000003,0.0000002
34025,0.0001233,0.0000003,0.0000002
34026,0.0001233,0.0000003,0.0000002
34027,0.0001233,0.0000003,0.0000002
34028,0.0001232,0.0000003,0.0000002
34029,0.0001232,0.0000003,0.0000002
34030,0.0001232,0.0000003,0.0000002
34031,0.0001232,0.0000003,0.0000002
34032,0.0001232,0.0000003,0.0000002
34033,0.0001232,0.0000003,0.0000002
34034,0.0001232,0.0000003,0.0000002
34035,0.0001232,0.0000003,0.0000002
34036,0.0001232,0.0000003,0.0000002
34037,0.0001232,0.0000003,0.0000002
34038,0.0001232,0.0000003,0.0000002
34039,0.0001232,0.0000003,0.0000002
34040,0.0001232,0.0000003,0.0000002
34041,0.0001232,0.0000003,0.0000002
34042,0.0001232,0.0000003,0.0000002
34043,0.0001232,0.0000003,0.0000002
34044,0.0001232,0.0000003,0.0000002
34045,0.0001232,0.0000003,0.0000002
34046,0.0001231,0.0000003,0.0000002
34047,0.0001231,0.0000003,0.0000002
34048,0.0001231,0.0000003,0.0000002
34049,0.0001231,0.0000003,0.0000002
34050,0.0001231,0.0000003,0.0000002
34051,0.0001231,0.0000003,0.0000002
34052,0.0001231,0.0000003,0.0000002
34053,0.0001231,0.0000003,0.0000002
34054,0.0001231,0.0000003,0.0000002
34055,0.0001231,0.0000003,0.0000002
34056,0.0001231,0.0000003,0.0000002
34057,0.0001231,0.0000003,0.0000002
34058,0.0001231,0.0000003,0.0000002
34059,0.0001231,0.0000003,0.0000002
34060,0.0001231,0.0000003,0.0000002
34061,0.0001231,0.0000003,0.0000002
34062,0.0001231,0.0000003,0.0000002
34063,0.0001230,0.0000003,0.0000002
34064,0.0001230,0.0000003,0.0000002
34065,0.0001230,0.0000003,0.0000002
34066,0.0001230,0.0000003,0.0000002
34067,0.0001230,0.0000003,0.0000002
34068,0.0001230,0.0000003,0.0000002
34069,0.0001230,0.0000003,0.0000002
34070,0.0001230,0.0000003,0.0000002
34071,0.0001230,0.0000003,0.0000002
34072,0.0001230,0.0000003,0.0000002
34073,0.0001230,0.0000003,0.0000002
34074,0.0001230,0.0000003,0.0000002
34075,0.0001230,0.0000003,0.0000002
34076,0.0001230,0.0000003,0.0000002
34077,0.0001230,0.0000003,0.0000002
34078,0.0001230,0.0000003,0.0000002
34079,0.0001230,0.0000003,0.0000002
34080,0.0001230,0.0000003,0.0000002
34081,0.0001229,0.0000003,0.0000002
34082,0.0001229,0.0000003,0.0000002
34083,0.0001229,0.0000003,0.0000002
34084,0.0001229,0.0000003,0.0000002
34085,0.0001229,0.0000003,0.0000002
34086,0.0001229,0.0000003,0.0000002
34087,0.0001229,0.0000003,0.0000002
34088,0.0001229,0.0000003,0.0000002
34089,0.0001229,0.0000003,0.0000002
34090,0.0001229,0.0000003,0.0000002
34091,0.0001229,0.0000003,0.0000002
34092,0.0001229,0.0000003,0.0000002
34093,0.0001229,0.0000003,0.0000002
34094,0.0001229,0.0000003,0.0000002
34095,0.0001229,0.0000003,0.0000002
34096,0.0001229,0.0000003,0.0000002
34097,0.0001229,0.0000003,0.0000002
34098,0.0001228,0.0000003,0.0000002
34099,0.0001228,0.0000003,0.0000002
34100,0.0001228,0.0000003,0.0000002
34101,0.0001228,0.0000003,0.0000002
34102,0.0001228,0.0000003,0.0000002
34103,0.0001228,0.0000003,0.0000002
34104,0.0001228,0.0000003,0.0000002
34105,0.0001228,0.0000003,0.0000002
34106,0.0001228,0.0000003,0.0000002
34107,0.0001228,0.0000003,0.0000002
34108,0.0001228,0.0000003,0.0000002
34109,0.0001228,0.0000003,0.0000002
34110,0.0001228,0.0000003,0.0000002
34111,0.0001228,0.0000003,0.0000002
34112,0.0001228,0.0000003,0.0000002
34113,0.0001228,0.0000003,0.0000002
34114,0.0001228,0.0000003,0.0000002
34115,0.0001228,0.0000003,0.0000002
34116,0.0001227,0.0000003,0.0000002
34117,0.0001227,0.0000003,0.0000002
34118,0.0001227,0.0000003,0.0000002
34119,0.0001227,0.0000003,0.0000002
34120,0.0001227,0.0000003,0.0000002
34121,0.0001227,0.0000003,0.0000002
34122,0.0001227,0.0000003,0.0000002
34123,0.0001227,0.0000003,0.0000002
34124,0.0001227,0.0000003,0.0000002
34125,0.0001227,0.0000003,0.0000002
34126,0.0001227,0.0000003,0.0000002
34127,0.0001227,0.0000003,0.0000002
34128,0.0001227,0.0000003,0.0000002
34129,0.0001227,0.0000003,0.0000002
34130,0.0001227,0.0000003,0.0000002
34131,0.0001227,0.0000003,0.0000002
34132,0.0001227,0.0000003,0.0000002
34133,0.0001226,0.0000003,0.0000002
34134,0.0001226,0.0000003,0.0000002
34135,0.0001226,0.0000003,0.0000002
34136,0.0001226,0.0000003,0.0000002
34137,0.0001226,0.0000003,0.0000002
34138,0.0001226,0.0000003,0.0000002
34139,0.0001226,0.0000003,0.0000002
34140,0.0001226,0.0000003,0.0000002
34141,0.0001226,0.0000003,0.0000002
34142,0.0001226,0.0000003,0.0000002
34143,0.0001226,0.0000003,0.0000002
34144,0.0001226,0.0000003,0.0000002
34145,0.0001226,0.0000003,0.0000002
34146,0.0001226,0.0000003,0.0000002
34147,0.0001226,0.0000003,0.0000002
34148,0.0001226,0.0000003,0.0000002
34149,0.0001226,0.0000003,0.0000002
34150,0.0001225,0.0000003,0.0000002
34151,0.0001225,0.0000003,0.0000002
34152,0.0001225,0.0000003,0.0000002
34153,0.0001225,0.0000003,0.0000002
34154,0.0001225,0.0000003,0.0000002
34155,0.0001225,0.0000003,0.0000002
34156,0.0001225,0.0000003,0.0000002
34157,0.0001225,0.0000003,0.0000002
34158,0.0001225,0.0000003,0.0000002
34159,0.0001225,0.0000003,0.0000002
34160,0.0001225,0.0000003,0.0000002
34161,0.0001225,0.0000003,0.0000002
34162,0.0001225,0.0000003,0.0000002
34163,0.0001225,0.0000003,0.0000002
34164,0.0001225,0.0000003,0.0000002
34165,0.0001225,0.0000003,0.0000002
34166,0.0001225,0.0000003,0.0000002
34167,0.0001224,0.0000003,0.0000002
34168,0.0001224,0.0000003,0.0000002
34169,0.0001224,0.0000003,0.0000002
34170,0.0001224,0.0000003,0.0000002
34171,0.0001224,0.0000003,0.0000002
34172,0.0001224,0.0000003,0.0000002
34173,0.0001224,0.0000003,0.0000002
34174,0.0001224,0.0000003,0.0000002
34175,0.0001224,0.0000003,0.0000002
34176,0.0001224,0.0000003,0.0000002
34177,0.0001224,0.0000003,0.0000002
34178,0.0001224,0.0000003,0.0000002
34179,0.0001224,0.0000003,0.0000002
34180,0.0001224,0.0000003,0.0000002
34181,0.0001224,0.0000003,0.0000002
34182,0.0001224,0.0000003,0.0000002
34183,0.0001224,0.0000003,0.0000002
34184,0.0001223,0.0000003,0.0000002
34185,0.0001223,0.0000003,0.0000002
34186,0.0001223,0.0000003,0.0000002
34187,0.0001223,0.0000003,0.0000002
34188,0.0001223,0.0000003,0.0000002
34189,0.0001223,0.0000003,0.0000002
34190,0.0001223,0.0000003,0.0000002
34191,0.0001223,0.0000003,0.0000002
34192,0.0001223,0.0000003,0.0000002
34193,0.0001223,0.0000003,0.0000002
34194,0.0001223,0.0000003,0.0000002
34195,0.0001223,0.0000003,0.0000002
34196,0.0001223,0.0000003,0.0000002
34197,0.0001223,0.0000003,0.0000002
34198,0.0001223,0.0000003,0.0000002
34199,0.0001223,0.0000003,0.0000002
34200,0.0001223,0.0000003,0.0000002
34201,0.0001222,0.0000003,0.0000002
34202,0.0001222,0.0000003,0.0000002
34203,0.0001222,0.0000003,0.0000002
34204,0.0001222,0.0000003,0.0000002
34205,0.0001222,0.0000003,0.0000002
34206,0.0001222,0.0000003,0.0000002
34207,0.0001222,0.0000003,0.0000002
34208,0.0001222,0.0000003,0.0000002
34209,0.0001222,0.0000003,0.0000002
34210,0.0001222,0.0000003,0.0000002
34211,0.0001222,0.0000003,0.0000002
34212,0.0001222,0.0000003,0.0000002
34213,0.0001222,0.0000003,0.0000002
34214,0.0001222,0.0000003,0.0000002
34215,0.0001222,0.0000003,0.0000002
34216,0.0001222,0.0000003,0.0000002
34217,0.0001222,0.0000003,0.0000002
34218,0.0001221,0.0000003,0.0000002
34219,0.0001221,0.0000003,0.0000002
34220,0.0001221,0.0000003,0.0000002
34221,0.0001221,0.0000003,0.0000002
34222,0.0001221,0.0000003,0.0000002
34223,0.0001221,0.0000003,0.0000002
34224,0.0001221,0.0000003,0.0000002
34225,0.0001221,0.0000003,0.0000002
34226,0.0001221,0.0000003,0.0000002
34227,0.0001221,0.0000003,0.0000002
34228,0.0001221,0.0000003,0.0000002
34229,0.0001221,0.0000003,0.0000002
34230,0.0001221,0.0000003,0.0000002
34231,0.0001221,0.0000003,0.0000002
34232,0.0001221,0.0000003,0.0000002
34233,0.0001221,0.0000003,0.0000002
34234,0.0001221,0.0000003,0.0000002
34235,0.0001220,0.0000003,0.0000002
34236,0.0001220,0.0000003,0.0000002
34237,0.0001220,0.0000003,0.0000002
34238,0.0001220,0.0000003,0.0000002
34239,0.0001220,0.0000003,0.0000002
34240,0.0001220,0.0000003,0.0000002
34241,0.0001220,0.0000003,0.0000002
34242,0.0001220,0.0000003,0.0000002
34243,0.0001220,0.0000003,0.0000002
34244,0.0001220,0.0000003,0.0000002
34245,0.0001220,0.0000003,0.0000002
34246,0.0001220,0.0000003,0.0000002
34247,0.0001220,0.0000003,0.0000002
34248,0.0001220,0.0000003,0.0000002
34249,0.0001220,0.0000003,0.0000002
34250,0.0001220,0.0000003,0.0000002
34251,0.0001219,0.0000003,0.0000002
34252,0.0001219,0.0000003,0.0000002
34253,0.0001219,0.0000003,0.0000002
34254,0.0001219,0.0000003,0.0000002
34255,0.0001219,0.0000003,0.0000002
34256,0.0001219,0.0000003,0.0000002
34257,0.0001219,0.0000003,0.0000002
34258,0.0001219,0.0000003,0.0000002
34259,0.0001219,0.0000003,0.0000002
34260,0.0001219,0.0000003,0.0000002
34261,0.0001219,0.0000003,0.0000002
34262,0.0001219,0.0000003,0.0000002
34263,0.0001219,0.0000003,0.0000002
34264,0.0001219,0.0000003,0.0000002
34265,0.0001219,0.0000003,0.0000002
34266,0.0001219,0.0000003,0.0000002
34267,0.0001219,0.0000003,0.0000002
34268,0.0001218,0.0000003,0.0000002
34269,0.0001218,0.0000003,0.0000002
34270,0.0001218,0.0000003,0.0000002
34271,0.0001218,0.0000003,0.0000002
34272,0.0001218,0.0000003,0.0000002
34273,0.0001218,0.0000003,0.0000002
34274,0.0001218,0.0000003,0.0000002
34275,0.0001218,0.0000003,0.0000002
34276,0.0001218,0.0000003,0.0000002
34277,0.0001218,0.0000003,0.0000002
34278,0.0001218,0.0000003,0.0000002
34279,0.0001218,0.0000003,0.0000002
34280,0.0001218,0.0000003,0.0000002
34281,0.0001218,0.0000003,0.0000002
34282,0.0001218,0.0000003,0.0000002
34283,0.0001218,0.0000003,0.0000002
34284,0.0001217,0.0000003,0.0000002
34285,0.0001217,0.0000003,0.0000002
34286,0.0001217,0.0000003,0.0000002
34287,0.0001217,0.0000003,0.0000002
34288,0.0001217,0.0000003,0.0000002
34289,0.0001217,0.0000003,0.0000002
34290,0.0001217,0.0000003,0.0000002
34291,0.0001217,0.0000003,0.0000002
34292,0.0001217,0.0000003,0.0000002
34293,0.0001217,0.0000003,0.0000002
34294,0.0001217,0.0000003,0.0000002
34295,0.0001217,0.0000003,0.0000002
34296,0.0001217,0.0000003,0.0000002
34297,0.0001217,0.0000003,0.0000002
34298,0.0001217,0.0000003,0.0000002
34299,0.0001217,0.0000003,0.0000002
34300,0.0001216,0.0000003,0.0000002
34301,0.0001216,0.0000003,0.0000002
34302,0.0001216,0.0000003,0.0000002
34303,0.0001216,0.0000003,0.0000002
34304,0.0001216,0.0000003,0.0000002
34305,0.0001216,0.0000003,0.0000002
34306,0.0001216,0.0000003,0.0000002
34307,0.0001216,0.0000003,0.0000002
34308,0.0001216,0.0000003,0.0000002
34309,0.0001216,0.0000003,0.0000002
34310,0.0001216,0.0000003,0.0000002
34311,0.0001216,0.0000003,0.0000002
34312,0.0001216,0.0000003,0.0000002
34313,0.0001216,0.0000003,0.0000002
34314,0.0001216,0.0000003,0.0000002
34315,0.0001216,0.0000003,0.0000002
34316,0.0001215,0.0000003,0.0000002
34317,0.0001215,0.0000003,0.0000002
34318,0.0001215,0.0000003,0.0000002
34319,0.0001215,0.0000003,0.0000002
34320,0.0001215,0.0000003,0.0000002
34321,0.0001215,0.0000003,0.0000002
34322,0.0001215,0.0000003,0.0000002
34323,0.0001215,0.0000003,0.0000002
34324,0.0001215,0.0000003,0.0000002
34325,0.0001215,0.0000003,0.0000002
34326,0.0001215,0.0000003,0.0000002
34327,0.0001215,0.0000003,0.0000002
34328,0.0001215,0.0000003,0.0000002
34329,0.0001215,0.0000003,0.0000002
34330,0.0001215,0.0000003,0.0000002
34331,0.0001215,0.0000003,0.0000002
34332,0.0001214,0.0000003,0.0000002
34333,0.0001214,0.0000003,0.0000002
34334,0.0001214,0.0000003,0.0000002
34335,0.0001214,0.0000003,0.0000002
34336,0.0001214,0.0000003,0.0000002
34337,0.0001214,0.0000003,0.0000002
34338,0.0001214,0.0000003,0.0000002
34339,0.0001214,0.0000003,0.0000002
34340,0.0001214,0.0000003,0.0000002
34341,0.0001214,0.0000003,0.0000002
34342,0.0001214,0.0000003,0.0000002
34343,0.0001214,0.0000003,0.0000002
34344,0.0001214,0.0000003,0.0000002
34345,0.0001214,0.0000003,0.0000002
34346,0.0001214,0.0000003,0.0000002
34347,0.0001214,0.0000003,0.0000002
34348,0.0001213,0.0000003,0.0000002
34349,0.0001213,0.0000003,0.0000002
34350,0.0001213,0.0000003,0.0000002
34351,0.0001213,0.0000003,0.0000002
34352,0.0001213,0.0000003,0.0000002
34353,0.0001213,0.0000003,0.0000002
34354,0.0001213,0.0000003,0.0000002
34355,0.0001213,0.0000003,0.0000002
34356,0.0001213,0.0000003,0.0000002
34357,0.0001213,0.0000003,0.0000002
34358,0.0001213,0.0000003,0.0000002
34359,0.0001213,0.0000003,0.0000002
34360,0.0001213,0.0000003,0.0000002
34361,0.0001213,0.0000003,0.0000002
34362,0.0001213,0.0000003,0.0000002
34363,0.0001213,0.0000003,0.0000002
34364,0.0001212,0.0000003,0.0000002
34365,0.0001212,0.0000003,0.0000002
34366,0.0001212,0.0000003,0.0000002
34367,0.0001212,0.0000003,0.0000002
34368,0.0001212,0.0000003,0.0000002
34369,0.0001212,0.0000003,0.0000002
34370,0.0001212,0.0000003,0.0000002
34371,0.0001212,0.0000003,0.0000002
34372,0.0001212,0.0000003,0.0000002
34373,0.0001212,0.0000003,0.0000002
34374,0.0001212,0.0000003,0.0000002
34375,0.0001212,0.0000003,0.0000002
34376,0.0001212,0.0000003,0.0000002
34377,0.0001212,0.0000003,0.0000002
34378,0.0001212,0.0000003,0.0000002
34379,0.0001212,0.0000003,0.0000002
34380,0.0001211,0.0000003,0.0000002
34381,0.0001211,0.0000003,0.0000002
34382,0.0001211,0.0000003,0.0000002
34383,0.0001211,0.0000003,0.0000002
34384,0.0001211,0.0000003,0.0000002
34385,0.0001211,0.0000003,0.0000002
34386,0.0001211,0.0000003,0.0000002
34387,0.0001211,0.0000003,0.0000002
34388,0.0001211,0.0000003,0.0000002
34389,0.0001211,0.0000003,0.0000002
34390,0.0001211,0.0000003,0.0000002
34391,0.0001211,0.0000003,0.0000002
34392,0.0001211,0.0000003,0.0000002
34393,0.0001211,0.0000003,0.0000002
34394,0.0001211,0.0000003,0.0000002
34395,0.0001210,0.0000003,0.0000002
34396,0.0001210,0.0000003,0.0000002
34397,0.0001210,0.0000003,0.0000002
34398,0.0001210,0.0000003,0.0000002
34399,0.0001210,0.0000003,0.0000002
34400,0.0001210,0.0000003,0.0000002
34401,0.0001210,0.0000003,0.0000002
34402,0.0001210,0.0000003,0.0000002
34403,0.0001210,0.0000003,0.0000002
34404,0.0001210,0.0000003,0.0000002
34405,0.0001210,0.0000003,0.0000002
34406,0.0001210,0.0000003,0.0000002
34407,0.0001210,0.0000003,0.0000002
34408,0.0001210,0.0000003,0.0000002
34409,0.0001210,0.0000003,0.0000002
34410,0.0001210,0.0000003,0.0000002
34411,0.0001209,0.0000003,0.0000002
34412,0.0001209,0.0000003,0.0000002
34413,0.0001209,0.0000003,0.0000002
34414,0.0001209,0.0000003,0.0000002
34415,0.0001209,0.0000003,0.0000002
34416,0.0001209,0.0000003,0.0000002
34417,0.0001209,0.0000003,0.0000002
34418,0.0001209,0.0000003,0.0000002
34419,0.0001209,0.0000003,0.0000002
34420,0.0001209,0.0000003,0.0000002
34421,0.0001209,0.0000003,0.0000002
34422,0.0001209,0.0000003,0.0000002
34423,0.0001209,0.0000003,0.0000002
34424,0.0001209,0.0000003,0.0000002
34425,0.0001209,0.0000003,0.0000002
34426,0.0001208,0.0000003,0.0000002
34427,0.0001208,0.0000003,0.0000002
34428,0.0001208,0.0000003,0.0000002
34429,0.0001208,0.0000003,0.0000002
34430,0.0001208,0.0000003,0.0000002
34431,0.0001208,0.0000003,0.0000002
34432,0.0001208,0.0000003,0.0000002
34433,0.0001208,0.0000003,0.0000002
34434,0.0001208,0.0000003,0.0000002
34435,0.0001208,0.0000003,0.0000002
34436,0.0001208,0.0000003,0.0000002
34437,0.0001208,0.0000003,0.0000002
34438,0.0001208,0.0000003,0.0000002
34439,0.0001208,0.0000003,0.0000002
34440,0.0001208,0.0000003,0.0000002
34441,0.0001208,0.0000003,0.0000002
34442,0.0001207,0.0000003,0.0000002
34443,0.0001207,0.0000003,0.0000002
34444,0.0001207,0.0000003,0.0000002
34445,0.0001207,0.0000003,0.0000002
34446,0.0001207,0.0000003,0.0000002
34447,0.0001207,0.0000003,0.0000002
34448,0.0001207,0.0000003,0.0000002
34449,0.0001207,0.0000003,0.0000002
34450,0.0001207,0.0000003,0.0000002
34451,0.0001207,0.0000003,0.0000002
34452,0.0001207,0.0000003,0.0000002
34453,0.0001207,0.0000003,0.0000002
34454,0.0001207,0.0000003,0.0000002
34455,0.0001207,0.0000003,0.0000002
34456,0.0001207,0.0000003,0.0000002
34457,0.0001206,0.0000003,0.0000002
34458,0.0001206,0.0000003,0.0000002
34459,0.0001206,0.0000003,0.0000002
34460,0.0001206,0.0000003,0.0000002
34461,0.0001206,0.0000003,0.0000002
34462,0.0001206,0.0000003,0.0000002
34463,0.0001206,0.0000003,0.0000002
34464,0.0001206,0.0000003,0.0000002
34465,0.0001206,0.0000003,0.0000002
34466,0.0001206,0.0000003,0.0000002
34467,0.0001206,0.0000003,0.0000002
34468,0.0001206,0.0000003,0.0000002
34469,0.0001206,0.0000003,0.0000002
34470,0.0001206,0.0000003,0.0000002
34471,0.0001206,0.0000003,0.0000002
34472,0.0001205,0.0000003,0.0000002
34473,0.0001205,0.0000003,0.0000002
34474,0.0001205,0.0000003,0.0000002
34475,0.0001205,0.0000003,0.0000002
34476,0.0001205,0.0000003,0.0000002
34477,0.0001205,0.0000003,0.0000002
34478,0.0001205,0.0000003,0.0000002
34479,0.0001205,0.0000003,0.0000002
34480,0.0001205,0.0000003,0.0000002
34481,0.0001205,0.0000003,0.0000002
34482,0.0001205,0.0000003,0.0000002
34483,0.0001205,0.0000003,0.0000002
34484,0.0001205,0.0000003,0.0000002
34485,0.0001205,0.0000003,0.0000002
34486,0.0001205,0.0000003,0.0000002
34487,0.0001204,0.0000003,0.0000002
34488,0.0001204,0.0000003,0.0000002
34489,0.0001204,0.0000003,0.0000002
34490,0.0001204,0.0000003,0.0000002
34491,0.0001204,0.0000003,0.0000002
34492,0.0001204,0.0000003,0.0000002
34493,0.0001204,0.0000003,0.0000002
34494,0.0001204,0.0000003,0.0000002
34495,0.0001204,0.0000003,0.0000002
34496,0.0001204,0.0000003,0.0000002
34497,0.0001204,0.0000003,0.0000002
34498,0.0001204,0.0000003,0.0000002
34499,0.0001204,0.0000003,0.0000002
34500,0.0001204,0.0000003,0.0000002
34501,0.0001204,0.0000003,0.0000002
34502,0.0001203,0.0000003,0.0000002
34503,0.0001203,0.0000003,0.0000002
34504,0.0001203,0.0000003,0.0000002
34505,0.0001203,0.0000003,0.0000002
34506,0.0001203,0.0000003,0.0000002
34507,0.0001203,0.0000003,0.0000002
34508,0.0001203,0.0000003,0.0000002
34509,0.0001203,0.0000003,0.0000002
34510,0.0001203,0.0000003,0.0000002
34511,0.0001203,0.0000003,0.0000002
34512,0.0001203,0.0000003,0.0000002
34513,0.0001203,0.0000003,0.0000002
34514,0.0001203,0.0000003,0.0000002
34515,0.0001203,0.0000003,0.0000002
34516,0.0001203,0.0000003,0.0000002
34517,0.0001202,0.0000003,0.0000002
34518,0.0001202,0.0000003,0.0000002
34519,0.0001202,0.0000003,0.0000002
34520,0.0001202,0.0000003,0.0000002
34521,0.0001202,0.0000003,0.0000002
34522,0.0001202,0.0000003,0.0000002
34523,0.0001202,0.0000003,0.0000002
34524,0.0001202,0.0000003,0.0000002
34525,0.0001202,0.0000003,0.0000002
34526,0.0001202,0.0000003,0.0000002
34527,0.0001202,0.0000003,0.0000002
34528,0.0001202,0.0000003,0.0000002
34529,0.0001202,0.0000003,0.0000002
34530,0.0001202,0.0000003,0.0000002
34531,0.0001202,0.0000003,0.0000002
34532,0.0001201,0.0000003,0.0000002
34533,0.0001201,0.0000003,0.0000002
34534,0.0001201,0.0000003,0.0000002
34535,0.0001201,0.0000003,0.0000002
34536,0.0001201,0.0000003,0.0000002
34537,0.0001201,0.0000003,0.0000002
34538,0.0001201,0.0000003,0.0000002
34539,0.0001201,0.0000003,0.0000002
34540,0.0001201,0.0000003,0.0000002
34541,0.0001201,0.0000003,0.0000002
34542,0.0001201,0.0000003,0.0000002
34543,0.0001201,0.0000003,0.0000002
34544,0.0001201,0.0000003,0.0000002
34545,0.0001201,0.0000003,0.0000002
34546,0.0001201,0.0000003,0.0000002
34547,0.0001200,0.0000003,0.0000002
34548,0.0001200,0.0000003,0.0000002
34549,0.0001200,0.0000003,0.0000002
34550,0.0001200,0.0000003,0.0000002
34551,0.0001200,0.0000003,0.0000002
34552,0.0001200,0.0000003,0.0000002
34553,0.0001200,0.0000003,0.0000002
34554,0.0001200,0.0000003,0.0000002
34555,0.0001200,0.0000003,0.0000002
34556,0.0001200,0.0000003,0.0000002
34557,0.0001200,0.0000003,0.0000002
34558,0.0001200,0.0000003,0.0000002
34559,0.0001200,0.0000003,0.0000002
34560,0.0001200,0.0000003,0.0000002
34561,0.0001200,0.0000003,0.0000002
34562,0.0001199,0.0000003,0.0000002
34563,0.0001199,0.0000003,0.0000002
34564,0.0001199,0.0000003,0.0000002
34565,0.0001199,0.0000003,0.0000002
34566,0.0001199,0.0000003,0.0000002
34567,0.0001199,0.0000003,0.0000002
34568,0.0001199,0.0000003,0.0000002
34569,0.0001199,0.0000003,0.0000002
34570,0.0001199,0.0000003,0.0000002
34571,0.0001199,0.0000003,0.0000002
34572,0.0001199,0.0000003,0.0000002
34573,0.0001199,0.0000003,0.0000002
34574,0.0001199,0.0000003,0.0000002
34575,0.0001199,0.0000003,0.0000002
34576,0.0001198,0.0000003,0.0000002
34577,0.0001198,0.0000003,0.0000002
34578,0.0001198,0.0000003,0.0000002
34579,0.0001198,0.0000003,0.0000002
34580,0.0001198,0.0000003,0.0000002
34581,0.0001198,0.0000003,0.0000002
34582,0.0001198,0.0000003,0.0000002
34583,0.0001198,0.0000003,0.0000002
34584,0.0001198,0.0000003,0.0000002
34585,0.0001198,0.0000003,0.0000002
34586,0.0001198,0.0000003,0.0000002
34587,0.0001198,0.0000003,0.0000002
34588,0.0001198,0.0000003,0.0000002
34589,0.0001198,0.0000003,0.0000002
34590,0.0001198,0.0000003,0.0000002
34591,0.0001197,0.0000003,0.0000002
34592,0.0001197,0.0000003,0.0000002
34593,0.0001197,0.0000003,0.0000002
34594,0.0001197,0.0000003,0.0000002
34595,0.0001197,0.0000003,0.0000002
34596,0.0001197,0.0000003,0.0000002
34597,0.0001197,0.0000003,0.0000002
34598,0.0001197,0.0000003,0.0000002
34599,0.0001197,0.0000003,0.0000002
34600,0.0001197,0.0000003,0.0000002
34601,0.0001197,0.0000003,0.0000002
34602,0.0001197,0.0000003,0.0000002
34603,0.0001197,0.0000003,0.0000002
34604,0.0001197,0.0000003,0.0000002
34605,0.0001197,0.0000003,0.0000002
34606,0.0001196,0.0000003,0.0000002
34607,0.0001196,0.0000003,0.0000002
34608,0.0001196,0.0000003,0.0000002
34609,0.0001196,0.0000003,0.0000002
34610,0.0001196,0.0000003,0.0000002
34611,0.0001196,0.0000003,0.0000002
34612,0.0001196,0.0000003,0.0000002
34613,0.0001196,0.0000003,0.0000002
34614,0.0001196,0.0000003,0.0000002
34615,0.0001196,0.0000003,0.0000002
34616,0.0001196,0.0000003,0.0000002
34617,0.0001196,0.0000003,0.0000002
34618,0.0001196,0.0000003,0.0000002
34619,0.0001196,0.0000003,0.0000002
34620,0.0001195,0.0000003,0.0000002
34621,0.0001195,0.0000003,0.0000002
34622,0.0001195,0.0000003,0.0000002
34623,0.0001195,0.0000003,0.0000002
34624,0.0001195,0.0000003,0.0000002
34625,0.0001195,0.0000003,0.0000002
34626,0.0001195,0.0000003,0.0000002
34627,0.0001195,0.0000003,0.0000002
34628,0.0001195,0.0000003,0.0000002
34629,0.0001195,0.0000003,0.0000002
34630,0.0001195,0.0000003,0.0000002
34631,0.0001195,0.0000003,0.0000002
34632,0.0001195,0.0000003,0.0000002
34633,0.0001195,0.0000003,0.0000002
34634,0.0001195,0.0000003,0.0000002
34635,0.0001194,0.0000003,0.0000002
34636,0.0001194,0.0000003,0.0000002
34637,0.0001194,0.0000003,0.0000002
34638,0.0001194,0.0000003,0.0000002
34639,0.0001194,0.0000003,0.0000002
34640,0.0001194,0.0000003,0.0000002
34641,0.0001194,0.0000003,0.0000002
34642,0.0001194,0.0000003,0.0000002
34643,0.0001194,0.0000003,0.0000002
34644,0.0001194,0.0000003,0.0000002
34645,0.0001194,0.0000003,0.0000002
34646,0.0001194,0.0000003,0.0000002
34647,0.0001194,0.0000003,0.0000002
34648,0.0001194,0.0000003,0.0000002
34649,0.0001193,0.0000003,0.0000002
34650,0.0001193,0.0000003,0.0000002
34651,0.0001193,0.0000003,0.0000002
34652,0.0001193,0.0000003,0.0000002
34653,0.0001193,0.0000003,0.0000002
34654,0.0001193,0.0000003,0.0000002
34655,0.0001193,0.0000003,0.0000002
34656,0.0001193,0.0000003,0.0000002
34657,0.0001193,0.0000003,0.0000002
34658,0.0001193,0.0000003,0.0000002
34659,0.0001193,0.0000003,0.0000002
34660,0.0001193,0.0000003,0.0000002
34661,0.0001193,0.0000003,0.0000002
34662,0.0001193,0.0000003,0.0000002
34663,0.0001193,0.0000003,0.0000002
34664,0.0001192,0.0000003,0.0000002
34665,0.0001192,0.0000003,0.0000002
34666,0.0001192,0.0000003,0.0000002
34667,0.0001192,0.0000003,0.0000002
34668,0.0001192,0.0000003,0.0000002
34669,0.0001192,0.0000003,0.0000002
34670,0.0001192,0.0000003,0.0000002
34671,0.0001192,0.0000003,0.0000002
34672,0.0001192,0.0000003,0.0000002
34673,0.0001192,0.0000003,0.0000002
34674,0.0001192,0.0000003,0.0000002
34675,0.0001192,0.0000003,0.0000002
34676,0.0001192,0.0000003,0.0000002
34677,0.0001192,0.0000003,0.0000002
34678,0.0001191,0.0000003,0.0000002
34679,0.0001191,0.0000003,0.0000002
34680,0.0001191,0.0000003,0.0000002
34681,0.0001191,0.0000003,0.0000002
34682,0.0001191,0.0000003,0.0000002
34683,0.0001191,0.0000003,0.0000002
34684,0.0001191,0.0000003,0.0000002
34685,0.0001191,0.0000003,0.0000002
34686,0.0001191,0.0000003,0.0000002
34687,0.0001191,0.0000003,0.0000002
34688,0.0001191,0.0000003,0.0000002
34689,0.0001191,0.0000003,0.0000002
34690,0.0001191,0.0000003,0.0000002
34691,0.0001191,0.0000003,0.0000002
34692,0.0001191,0.0000003,0.0000002
34693,0.0001190,0.0000003,0.0000002
34694,0.0001190,0.0000003,0.0000002
34695,0.0001190,0.0000003,0.0000002
34696,0.0001190,0.0000003,0.0000002
34697,0.0001190,0.0000003,0.0000002
34698,0.0001190,0.0000003,0.0000002
34699,0.0001190,0.0000003,0.0000002
34700,0.0001190,0.0000003,0.0000002
34701,0.0001190,0.0000003,0.0000002
34702,0.0001190,0.0000003,0.0000002
34703,0.0001190,0.0000003,0.0000002
34704,0.0001190,0.0000003,0.0000002
34705,0.0001190,0.0000003,0.0000002
34706,0.0001190,0.0000003,0.0000002
34707,0.0001189,0.0000003,0.0000002
34708,0.0001189,0.0000003,0.0000002
34709,0.0001189,0.0000003,0.0000002
34710,0.0001189,0.0000003,0.0000002
34711,0.0001189,0.0000003,0.0000002
34712,0.0001189,0.0000003,0.0000002
34713,0.0001189,0.0000003,0.0000002
34714,0.0001189,0.0000003,0.0000002
34715,0.0001189,0.0000003,0.0000002
34716,0.0001189,0.0000003,0.0000002
34717,0.0001189,0.0000003,0.0000002
34718,0.0001189,0.0000003,0.0000002
34719,0.0001189,0.0000003,0.0000002
34720,0.0001189,0.0000003,0.0000002
34721,0.0001188,0.0000003,0.0000002
34722,0.0001188,0.0000003,0.0000002
34723,0.0001188,0.0000003,0.0000002
34724,0.0001188,0.0000003,0.0000002
34725,0.0001188,0.0000003,0.0000002
34726,0.0001188,0.0000003,0.0000002
34727,0.0001188,0.0000003,0.0000002
34728,0.0001188,0.0000003,0.0000002
34729,0.0001188,0.0000003,0.0000002
34730,0.0001188,0.0000003,0.0000002
34731,0.0001188,0.0000003,0.0000002
34732,0.0001188,0.0000003,0.0000002
34733,0.0001188,0.0000003,0.0000002
34734,0.0001188,0.0000003,0.0000002
34735,0.0001188,0.0000003,0.0000002
34736,0.0001187,0.0000003,0.0000002
34737,0.0001187,0.0000003,0.0000002
34738,0.0001187,0.0000003,0.0000002
34739,0.0001187,0.0000003,0.0000002
34740,0.0001187,0.0000003,0.0000002
34741,0.0001187,0.0000003,0.0000002
34742,0.0001187,0.0000003,0.0000002
34743,0.0001187,0.0000003,0.0000002
34744,0.0001187,0.0000003,0.0000002
34745,0.0001187,0.0000003,0.0000002
34746,0.0001187,0.0000003,0.0000002
34747,0.0001187,0.0000003,0.0000002
34748,0.0001187,0.0000003,0.0000002
34749,0.0001187,0.0000003,0.0000002
34750,0.0001186,0.0000003,0.0000002
34751,0.0001186,0.0000003,0.0000002
34752,0.0001186,0.0000003,0.0000002
34753,0.0001186,0.0000003,0.0000002
34754,0.0001186,0.0000003,0.0000002
34755,0.0001186,0.0000003,0.0000002
34756,0.0001186,0.0000003,0.0000002
34757,0.0001186,0.0000003,0.0000002
34758,0.0001186,0.0000003,0.0000002
34759,0.0001186,0.0000003,0.0000002
34760,0.0001186,0.0000003,0.0000002
34761,0.0001186,0.0000003,0.0000002
34762,0.0001186,0.0000003,0.0000002
34763,0.0001186,0.0000003,0.0000002
34764,0.0001185,0.0000003,0.0000002
34765,0.0001185,0.0000003,0.0000002
34766,0.0001185,0.0000003,0.0000002
34767,0.0001185,0.0000003,0.0000002
34768,0.0001185,0.0000003,0.0000002
34769,0.0001185,0.0000003,0.0000002
34770,0.0001185,0.0000003,0.0000002
34771,0.0001185,0.0000003,0.0000002
34772,0.0001185,0.0000003,0.0000002
34773,0.0001185,0.0000003,0.0000002
34774,0.0001185,0.0000003,0.0000002
34775,0.0001185,0.0000003,0.0000002
34776,0.0001185,0.0000003,0.0000002
34777,0.0001185,0.0000003,0.0000002
34778,0.0001184,0.0000003,0.0000002
34779,0.0001184,0.0000003,0.0000002
34780,0.0001184,0.0000003,0.0000002
34781,0.0001184,0.0000003,0.0000002
34782,0.0001184,0.0000003,0.0000002
34783,0.0001184,0.0000003,0.0000002
34784,0.0001184,0.0000003,0.0000002
34785,0.0001184,0.0000003,0.0000002
34786,0.0001184,0.0000003,0.0000002
34787,0.0001184,0.0000003,0.0000002
34788,0.0001184,0.0000003,0.0000002
34789,0.0001184,0.0000003,0.0000002
34790,0.0001184,0.0000003,0.0000002
34791,0.0001184,0.0000003,0.0000002
34792,0.0001184,0.0000003,0.0000002
34793,0.0001183,0.0000003,0.0000002
34794,0.0001183,0.0000003,0.0000002
34795,0.0001183,0.0000003,0.0000002
34796,0.0001183,0.0000003,0.0000002
34797,0.0001183,0.0000003,0.0000002
34798,0.0001183,0.0000003,0.0000002
34799,0.0001183,0.0000003,0.0000002
34800,0.0001183,0.0000003,0.0000002
34801,0.0001183,0.0000003,0.0000002
34802,0.0001183,0.0000003,0.0000002
34803,0.0001183,0.0000003,0.0000002
34804,0.0001183,0.0000003,0.0000002
34805,0.0001183,0.0000003,0.0000002
34806,0.0001183,0.0000003,0.0000002
34807,0.0001182,0.0000003,0.0000002
34808,0.0001182,0.0000003,0.0000002
34809,0.0001182,0.0000003,0.0000002
34810,0.0001182,0.0000003,0.0000002
34811,0.0001182,0.0000003,0.0000002
34812,0.0001182,0.0000003,0.0000002
34813,0.0001182,0.0000003,0.0000002
34814,0.0001182,0.0000003,0.0000002
34815,0.0001182,0.0000003,0.0000002
34816,0.0001182,0.0000003,0.0000002
34817,0.0001182,0.0000003,0.0000002
34818,0.0001182,0.0000003,0.0000002
34819,0.0001182,0.0000003,0.0000002
34820,0.0001182,0.0000003,0.0000002
34821,0.0001181,0.0000003,0.0000002
34822,0.0001181,0.0000003,0.0000002
34823,0.0001181,0.0000003,0.0000002
34824,0.0001181,0.0000003,0.0000002
34825,0.0001181,0.0000003,0.0000002
34826,0.0001181,0.0000003,0.0000002
34827,0.0001181,0.0000003,0.0000002
34828,0.0001181,0.0000003,0.0000002
34829,0.0001181,0.0000003,0.0000002
34830,0.0001181,0.0000003,0.0000002
34831,0.0001181,0.0000003,0.0000002
34832,0.0001181,0.0000003,0.0000002
34833,0.0001181,0.0000003,0.0000002
34834,0.0001181,0.0000003,0.0000002
34835,0.0001181,0.0000003,0.0000002
34836,0.0001180,0.0000003,0.0000002
34837,0.0001180,0.0000003,0.0000002
34838,0.0001180,0.0000003,0.0000002
34839,0.0001180,0.0000003,0.0000002
34840,0.0001180,0.0000003,0.0000002
34841,0.0001180,0.0000003,0.0000002
34842,0.0001180,0.0000003,0.0000002
34843,0.0001180,0.0000003,0.0000002
34844,0.0001180,0.0000003,0.0000002
34845,0.0001180,0.0000003,0.0000002
34846,0.0001180,0.0000003,0.0000002
34847,0.0001180,0.0000003,0.0000002
34848,0.0001180,0.0000003,0.0000002
34849,0.0001180,0.0000003,0.0000002
34850,0.0001179,0.0000003,0.0000002
34851,0.0001179,0.0000003,0.0000002
34852,0.0001179,0.0000003,0.0000002
34853,0.0001179,0.0000003,0.0000002
34854,0.0001179,0.0000003,0.0000002
34855,0.0001179,0.0000003,0.0000002
34856,0.0001179,0.0000003,0.0000002
34857,0.0001179,0.0000003,0.0000002
34858,0.0001179,0.0000003,0.0000002
34859,0.0001179,0.0000003,0.0000002
34860,0.0001179,0.0000003,0.0000002
34861,0.0001179,0.0000003,0.0000002
34862,0.0001179,0.0000003,0.0000002
34863,0.0001179,0.0000003,0.0000002
34864,0.0001178,0.0000003,0.0000002
34865,0.0001178,0.0000003,0.0000002
34866,0.0001178,0.0000003,0.0000002
34867,0.0001178,0.0000003,0.0000002
34868,0.0001178,0.0000003,0.0000002
34869,0.0001178,0.0000003,0.0000002
34870,0.0001178,0.0000003,0.0000002
34871,0.0001178,0.0000003,0.0000002
34872,0.0001178,0.0000003,0.0000002
34873,0.0001178,0.0000003,0.0000002
34874,0.0001178,0.0000003,0.0000002
34875,0.0001178,0.0000003,0.0000002
34876,0.0001178,0.0000003,0.0000002
34877,0.0001178,0.0000003,0.0000002
34878,0.0001177,0.0000003,0.0000002
34879,0.0001177,0.0000003,0.0000002
34880,0.0001177,0.0000003,0.0000002
34881,0.0001177,0.0000003,0.0000002
34882,0.0001177,0.0000003,0.0000002
34883,0.0001177,0.0000003,0.0000002
34884,0.0001177,0.0000003,0.0000002
34885,0.0001177,0.0000003,0.0000002
34886,0.0001177,0.0000003,0.0000002
34887,0.0001177,0.0000003,0.0000002
34888,0.0001177,0.0000003,0.0000002
34889,0.0001177,0.0000003,0.0000002
34890,0.0001177,0.0000003,0.0000002
34891,0.0001177,0.0000003,0.0000002
34892,0.0001177,0.0000003,0.0000002
34893,0.0001176,0.0000003,0.0000002
34894,0.0001176,0.0000003,0.0000002
34895,0.0001176,0.0000003,0.0000002
34896,0.0001176,0.0000003,0.0000002
34897,0.0001176,0.0000003,0.0000002
34898,0.0001176,0.0000003,0.0000002
34899,0.0001176,0.0000003,0.0000002
34900,0.0001176,0.0000003,0.0000002
34901,0.0001176,0.0000003,0.0000002
34902,0.0001176,0.0000003,0.0000002
34903,0.0001176,0.0000003,0.0000002
34904,0.0001176,0.0000003,0.0000002
34905,0.0001176,0.0000003,0.0000002
34906,0.0001176,0.0000003,0.0000002
34907,0.0001175,0.0000003,0.0000002
34908,0.0001175,0.0000003,0.0000002
34909,0.0001175,0.0000003,0.0000002
34910,0.0001175,0.0000003,0.0000002
34911,0.0001175,0.0000003,0.0000002
34912,0.0001175,0.0000003,0.0000002
34913,0.0001175,0.0000003,0.0000002
34914,0.0001175,0.0000003,0.0000002
34915,0.0001175,0.0000003,0.0000002
34916,0.0001175,0.0000003,0.0000002
34917,0.0001175,0.0000003,0.0000002
34918,0.0001175,0.0000003,0.0000002
34919,0.0001175,0.0000003,0.0000002
34920,0.0001175,0.0000003,0.0000002
34921,0.0001175,0.0000003,0.0000002
34922,0.0001174,0.0000003,0.0000002
34923,0.0001174,0.0000003,0.0000002
34924,0.0001174,0.0000003,0.0000002
34925,0.0001174,0.0000003,0.0000002
34926,0.0001174,0.0000003,0.0000002
34927,0.0001174,0.0000003,0.0000002
34928,0.0001174,0.0000003,0.0000002
34929,0.0001174,0.0000003,0.0000002
34930,0.0001174,0.0000003,0.0000002
34931,0.0001174,0.0000003,0.0000002
34932,0.0001174,0.0000003,0.0000002
34933,0.0001174,0.0000003,0.0000002
34934,0.0001174,0.0000003,0.0000002
34935,0.0001174,0.0000003,0.0000002
34936,0.0001173,0.0000003,0.0000002
34937,0.0001173,0.0000003,0.0000002
34938,0.0001173,0.0000003,0.0000002
34939,0.0001173,0.0000003,0.0000002
34940,0.0001173,0.0000003,0.0000002
34941,0.0001173,0.0000003,0.0000002
34942,0.0001173,0.0000003,0.0000002
34943,0.0001173,0.0000003,0.0000002
34944,0.0001173,0.0000003,0.0000002
34945,0.0001173,0.0000003,0.0000002
34946,0.0001173,0.0000003,0.0000002
34947,0.0001173,0.0000003,0.0000002
34948,0.0001173,0.0000003,0.0000002
34949,0.0001173,0.0000003,0.0000002
34950,0.0001172,0.0000003,0.0000002
34951,0.0001172,0.0000003,0.0000002
34952,0.0001172,0.0000003,0.0000002
34953,0.0001172,0.0000003,0.0000002
34954,0.0001172,0.0000003,0.0000002
34955,0.0001172,0.0000003,0.0000002
34956,0.0001172,0.0000003,0.0000002
34957,0.0001172,0.0000003,0.0000002
34958,0.0001172,0.0000003,0.0000002
34959,0.0001172,0.0000003,0.0000002
34960,0.0001172,0.0000003,0.0000002
34961,0.0001172,0.0000003,0.0000002
34962,0.0001172,0.0000003,0.0000002
34963,0.0001172,0.0000003,0.0000002
34964,0.0001172,0.0000003,0.0000002
34965,0.0001171,0.0000003,0.0000002
34966,0.0001171,0.0000003,0.0000002
34967,0.0001171,0.0000003,0.0000002
34968,0.0001171,0.0000003,0.0000002
34969,0.0001171,0.0000003,0.0000002
34970,0.0001171,0.0000003,0.0000002
34971,0.0001171,0.0000003,0.0000002
34972,0.0001171,0.0000003,0.0000002
34973,0.0001171,0.0000003,0.0000002
34974,0.0001171,0.0000003,0.0000002
34975,0.0001171,0.0000003,0.0000002
34976,0.0001171,0.0000003,0.0000002
34977,0.0001171,0.0000003,0.0000002
34978,0.0001171,0.0000003,0.0000002
34979,0.0001171,0.0000003,0.0000002
34980,0.0001170,0.0000003,0.0000002
34981,0.0001170,0.0000003,0.0000002
34982,0.0001170,0.0000003,0.0000002
34983,0.0001170,0.0000003,0.0000002
34984,0.0001170,0.0000003,0.0000002
34985,0.0001170,0.0000003,0.0000002
34986,0.0001170,0.0000003,0.0000002
34987,0.0001170,0.0000003,0.0000002
34988,0.0001170,0.0000003,0.0000002
34989,0.0001170,0.0000003,0.0000002
34990,0.0001170,0.0000003,0.0000002
34991,0.0001170,0.0000003,0.0000002
34992,0.0001170,0.0000003,0.0000002
34993,0.0001170,0.0000003,0.0000002
34994,0.0001169,0.0000003,0.0000002
34995,0.0001169,0.0000003,0.0000002
34996,0.0001169,0.0000003,0.0000002
34997,0.0001169,0.0000003,0.0000002
34998,0.0001169,0.0000003,0.0000002
34999,0.0001169,0.0000003,0.0000002
35000,0.0001169,0.0000003,0.0000002
35001,0.0001169,0.0000003,0.0000002
35002,0.0001169,0.0000003,0.0000002
35003,0.0001169,0.0000003,0.0000002
35004,0.0001169,0.0000003,0.0000002
35005,0.0001169,0.0000003,0.0000002
35006,0.0001169,0.0000003,0.0000002
35007,0.0001169,0.0000003,0.0000002
35008,0.0001169,0.0000003,0.0000002
35009,0.0001168,0.0000003,0.0000002
35010,0.0001168,0.0000003,0.0000002
35011,0.0001168,0.0000003,0.0000002
35012,0.0001168,0.0000003,0.0000002
35013,0.0001168,0.0000003,0.0000002
35014,0.0001168,0.0000003,0.0000002
35015,0.0001168,0.0000003,0.0000002
35016,0.0001168,0.0000003,0.0000002
35017,0.0001168,0.0000003,0.0000002
35018,0.0001168,0.0000003,0.0000002
35019,0.0001168,0.0000003,0.0000002
35020,0.0001168,0.0000003,0.0000002
35021,0.0001168,0.0000003,0.0000002
35022,0.0001168,0.0000003,0.0000002
35023,0.0001168,0.0000003,0.0000002
35024,0.0001167,0.0000003,0.0000002
35025,0.0001167,0.0000003,0.0000002
35026,0.0001167,0.0000003,0.0000002
35027,0.0001167,0.0000003,0.0000002
35028,0.0001167,0.0000003,0.0000002
35029,0.0001167,0.0000003,0.0000002
35030,0.0001167,0.0000003,0.0000002
35031,0.0001167,0.0000003,0.0000002
35032,0.0001167,0.0000003,0.0000002
35033,0.0001167,0.0000003,0.0000002
35034,0.0001167,0.0000003,0.0000002
35035,0.0001167,0.0000003,0.0000002
35036,0.0001167,0.0000003,0.0000002
35037,0.0001167,0.0000003,0.0000002
35038,0.0001166,0.0000003,0.0000002
35039,0.0001166,0.0000003,0.0000002
35040,0.0001166,0.0000003,0.0000002
35041,0.0001166,0.0000003,0.0000002
35042,0.0001166,0.0000003,0.0000002
35043,0.0001166,0.0000003,0.0000002
35044,0.0001166,0.0000003,0.0000002
35045,0.0001166,0.0000003,0.0000002
35046,0.0001166,0.0000003,0.0000002
35047,0.0001166,0.0000003,0.0000002
35048,0.0001166,0.0000003,0.0000002
35049,0.0001166,0.0000003,0.0000002
35050,0.0001166,0.0000003,0.0000002
35051,0.0001166,0.0000003,0.0000002
35052,0.0001166,0.0000003,0.0000002
35053,0.0001165,0.0000003,0.0000002
35054,0.0001165,0.0000003,0.0000002
35055,0.0001165,0.0000003,0.0000002
35056,0.0001165,0.0000003,0.0000002
35057,0.0001165,0.0000003,0.0000002
35058,0.0001165,0.0000003,0.0000002
35059,0.0001165,0.0000003,0.0000002
35060,0.0001165,0.0000003,0.0000002
35061,0.0001165,0.0000003,0.0000002
35062,0.0001165,0.0000003,0.0000002
35063,0.0001165,0.0000003,0.0000002
35064,0.0001165,0.0000003,0.0000002
35065,0.0001165,0.0000003,0.0000002
35066,0.0001165,0.0000003,0.0000002
35067,0.0001165,0.0000003,0.0000002
35068,0.0001164,0.0000003,0.0000002
35069,0.0001164,0.0000003,0.0000002
35070,0.0001164,0.0000003,0.0000002
35071,0.0001164,0.0000003,0.0000002
35072,0.0001164,0.0000003,0.0000002
35073,0.0001164,0.0000003,0.0000002
35074,0.0001164,0.0000003,0.0000002
35075,0.0001164,0.0000003,0.0000002
35076,0.0001164,0.0000003,0.0000002
35077,0.0001164,0.0000003,0.0000002
35078,0.0001164,0.0000003,0.0000002
35079,0.0001164,0.0000003,0.0000002
35080,0.0001164,0.0000003,0.0000002
35081,0.0001164,0.0000003,0.0000002
35082,0.0001164,0.0000003,0.0000002
35083,0.0001163,0.0000003,0.0000002
35084,0.0001163,0.0000003,0.0000002
35085,0.0001163,0.0000003,0.0000002
35086,0.0001163,0.0000003,0.0000002
35087,0.0001163,0.0000003,0.0000002
35088,0.0001163,0.0000003,0.0000002
35089,0.0001163,0.0000003,0.0000002
35090,0.0001163,0.0000003,0.0000002
35091,0.0001163,0.0000003,0.0000002
35092,0.0001163,0.0000003,0.0000002
35093,0.0001163,0.0000003,0.0000002
35094,0.0001163,0.0000003,0.0000002
35095,0.0001163,0.0000003,0.0000002
35096,0.0001163,0.0000003,0.0000002
35097,0.0001163,0.0000003,0.0000002
35098,0.0001162,0.0000003,0.0000002
35099,0.0001162,0.0000003,0.0000002
35100,0.0001162,0.0000003,0.0000002
35101,0.0001162,0.0000003,0.0000002
35102,0.0001162,0.0000003,0.0000002
35103,0.0001162,0.0000003,0.0000002
35104,0.0001162,0.0000003,0.0000002
35105,0.0001162,0.0000003,0.0000002
35106,0.0001162,0.0000003,0.0000002
35107,0.0001162,0.0000003,0.0000002
35108,0.0001162,0.0000003,0.0000002
35109,0.0001162,0.0000003,0.0000002
35110,0.0001162,0.0000003,0.0000002
35111,0.0001162,0.0000003,0.0000002
35112,0.0001162,0.0000003,0.0000002
35113,0.0001161,0.0000003,0.0000002
35114,0.0001161,0.0000003,0.0000002
35115,0.0001161,0.0000003,0.0000002
35116,0.0001161,0.0000003,0.0000002
35117,0.0001161,0.0000003,0.0000002
35118,0.0001161,0.0000003,0.0000002
35119,0.0001161,0.0000003,0.0000002
35120,0.0001161,0.0000003,0.0000002
35121,0.0001161,0.0000003,0.0000002
35122,0.0001161,0.0000003,0.0000002
35123,0.0001161,0.0000003,0.0000002
35124,0.0001161,0.0000003,0.0000002
35125,0.0001161,0.0000003,0.0000002
35126,0.0001161,0.0000003,0.0000002
35127,0.0001161,0.0000003,0.0000002
35128,0.0001161,0.0000003,0.0000002
35129,0.0001160,0.0000003,0.0000002
35130,0.0001160,0.0000003,0.0000002
35131,0.0001160,0.0000003,0.0000002
35132,0.0001160,0.0000003,0.0000002
35133,0.0001160,0.0000003,0.0000002
35134,0.0001160,0.0000003,0.0000002
35135,0.0001160,0.0000003,0.0000002
35136,0.0001160,0.0000003,0.0000002
35137,0.0001160,0.0000003,0.0000002
35138,0.0001160,0.0000003,0.0000002
35139,0.0001160,0.0000003,0.0000002
35140,0.0001160,0.0000003,0.0000002
35141,0.0001160,0.0000003,0.0000002
35142,0.0001160,0.0000003,0.0000002
35143,0.0001160,0.0000003,0.0000002
35144,0.0001159,0.0000003,0.0000002
35145,0.0001159,0.0000003,0.0000002
35146,0.0001159,0.0000003,0.0000002
35147,0.0001159,0.0000003,0.0000002
35148,0.0001159,0.0000003,0.0000002
35149,0.0001159,0.0000003,0.0000002
35150,0.0001159,0.0000003,0.0000002
35151,0.0001159,0.0000003,0.0000002
35152,0.0001159,0.0000003,0.0000002
35153,0.0001159,0.0000003,0.0000002
35154,0.0001159,0.0000003,0.0000002
35155,0.0001159,0.0000003,0.0000002
35156,0.0001159,0.0000003,0.0000002
35157,0.0001159,0.0000003,0.0000002
35158,0.0001159,0.0000003,0.0000002
35159,0.0001158,0.0000003,0.0000002
35160,0.0001158,0.0000003,0.0000002
35161,0.0001158,0.0000003,0.0000002
35162,0.0001158,0.0000003,0.0000002
35163,0.0001158,0.0000003,0.0000002
35164,0.0001158,0.0000003,0.0000002
35165,0.0001158,0.0000003,0.0000002
35166,0.0001158,0.0000003,0.0000002
35167,0.0001158,0.0000003,0.0000002
35168,0.0001158,0.0000003,0.0000002
35169,0.0001158,0.0000003,0.0000002
35170,0.0001158,0.0000003,0.0000002
35171,0.0001158,0.0000003,0.0000002
35172,0.0001158,0.0000003,0.0000002
35173,0.0001158,0.0000003,0.0000002
35174,0.0001158,0.0000003,0.0000002
35175,0.0001157,0.0000003,0.0000002
35176,0.0001157,0.0000003,0.0000002
35177,0.0001157,0.0000003,0.0000002
35178,0.0001157,0.0000003,0.0000002
35179,0.0001157,0.0000003,0.0000002
35180,0.0001157,0.0000003,0.0000002
35181,0.0001157,0.0000003,0.0000002
35182,0.0001157,0.0000003,0.0000002
35183,0.0001157,0.0000003,0.0000002
35184,0.0001157,0.0000003,0.0000002
35185,0.0001157,0.0000003,0.0000002
35186,0.0001157,0.0000003,0.0000002
35187,0.0001157,0.0000003,0.0000002
35188,0.0001157,0.0000003,0.0000002
35189,0.0001157,0.0000003,0.0000002
35190,0.0001157,0.0000003,0.0000002
35191,0.0001156,0.0000003,0.0000002
35192,0.0001156,0.0000003,0.0000002
35193,0.0001156,0.0000003,0.0000002
35194,0.0001156,0.0000003,0.0000002
35195,0.0001156,0.0000003,0.0000002
35196,0.0001156,0.0000003,0.0000002
35197,0.0001156,0.0000003,0.0000002
35198,0.0001156,0.0000003,0.0000002
35199,0.0001156,0.0000003,0.0000002
35200,0.0001156,0.0000003,0.0000002
35201,0.0001156,0.0000003,0.0000002
35202,0.0001156,0.0000003,0.0000002
35203,0.0001156,0.0000003,0.0000002
35204,0.0001156,0.0000003,0.0000002
35205,0.0001156,0.0000003,0.0000002
35206,0.0001155,0.0000003,0.0000002
35207,0.0001155,0.0000003,0.0000002
35208,0.0001155,0.0000003,0.0000002
35209,0.0001155,0.0000003,0.0000002
35210,0.0001155,0.0000003,0.0000002
35211,0.0001155,0.0000003,0.0000002
35212,0.0001155,0.0000003,0.0000002
35213,0.0001155,0.0000003,0.0000002
35214,0.0001155,0.0000003,0.0000002
35215,0.0001155,0.0000003,0.0000002
35216,0.0001155,0.0000003,0.0000002
35217,0.0001155,0.0000003,0.0000002
35218,0.0001155,0.0000003,0.0000002
35219,0.0001155,0.0000003,0.0000002
35220,0.0001155,0.0000003,0.0000002
35221,0.0001155,0.0000003,0.0000002
35222,0.0001154,0.0000003,0.0000002
35223,0.0001154,0.0000003,0.0000002
35224,0.0001154,0.0000003,0.0000002
35225,0.0001154,0.0000003,0.0000002
35226,0.0001154,0.0000003,0.0000002
35227,0.0001154,0.0000003,0.0000002
35228,0.0001154,0.0000003,0.0000002
35229,0.0001154,0.0000003,0.0000002
35230,0.0001154,0.0000003,0.0000002
35231,0.0001154,0.0000003,0.0000002
35232,0.0001154,0.0000003,0.0000002
35233,0.0001154,0.0000003,0.0000002
35234,0.0001154,0.0000003,0.0000002
35235,0.0001154,0.0000003,0.0000002
35236,0.0001154,0.0000003,0.0000002
35237,0.0001154,0.0000003,0.0000002
35238,0.0001153,0.0000003,0.0000002
35239,0.0001153,0.0000003,0.0000002
35240,0.0001153,0.0000003,0.0000002
35241,0.0001153,0.0000003,0.0000002
35242,0.0001153,0.0000003,0.0000002
35243,0.0001153,0.0000003,0.0000002
35244,0.0001153,0.0000003,0.0000002
35245,0.0001153,0.0000003,0.0000002
35246,0.0001153,0.0000003,0.0000002
35247,0.0001153,0.0000003,0.0000002
35248,0.0001153,0.0000003,0.0000002
35249,0.0001153,0.0000003,0.0000002
35250,0.0001153,0.0000003,0.0000002
35251,0.0001153,0.0000003,0.0000002
35252,0.0001153,0.0000003,0.0000002
35253,0.0001153,0.0000003,0.0000002
35254,0.0001153,0.0000003,0.0000002
35255,0.0001152,0.0000003,0.0000002
35256,0.0001152,0.0000003,0.0000002
35257,0.0001152,0.0000003,0.0000002
35258,0.0001152,0.0000003,0.0000002
35259,0.0001152,0.0000003,0.0000002
35260,0.0001152,0.0000003,0.0000002
35261,0.0001152,0.0000003,0.0000002
35262,0.0001152,0.0000003,0.0000002
35263,0.0001152,0.0000003,0.0000002
35264,0.0001152,0.0000003,0.0000002
35265,0.0001152,0.0000003,0.0000002
35266,0.0001152,0.0000003,0.0000002
35267,0.0001152,0.0000003,0.0000002
35268,0.0001152,0.0000003,0.0000002
35269,0.0001152,0.0000003,0.0000002
35270,0.0001152,0.0000003,0.0000002
35271,0.0001151,0.0000003,0.0000002
35272,0.0001151,0.0000003,0.0000002
35273,0.0001151,0.0000003,0.0000002
35274,0.0001151,0.0000003,0.0000002
35275,0.0001151,0.0000003,0.0000002
35276,0.0001151,0.0000003,0.0000002
35277,0.0001151,0.0000003,0.0000002
35278,0.0001151,0.0000003,0.0000002
35279,0.0001151,0.0000003,0.0000002
35280,0.0001151,0.0000003,0.0000002
35281,0.0001151,0.0000003,0.0000002
35282,0.0001151,0.0000003,0.0000002
35283,0.0001151,0.0000003,0.0000002
35284,0.0001151,0.0000003,0.0000002
35285,0.0001151,0.0000003,0.0000002
35286,0.0001151,0.0000003,0.0000002
35287,0.0001150,0.0000003,0.0000002
35288,0.0001150,0.0000003,0.0000002
35289,0.0001150,0.0000003,0.0000002
35290,0.0001150,0.0000003,0.0000002
35291,0.0001150,0.0000003,0.0000002
35292,0.0001150,0.0000003,0.0000002
35293,0.0001150,0.0000003,0.0000002
35294,0.0001150,0.0000003,0.0000002
35295,0.0001150,0.0000003,0.0000002
35296,0.0001150,0.0000003,0.0000002
35297,0.0001150,0.0000003,0.0000002
35298,0.0001150,0.0000003,0.0000002
35299,0.0001150,0.0000003,0.0000002
35300,0.0001150,0.0000003,0.0000002
35301,0.0001150,0.0000003,0.0000002
35302,0.0001150,0.0000003,0.0000002
35303,0.0001150,0.0000003,0.0000002
35304,0.0001149,0.0000003,0.0000002
35305,0.0001149,0.0000003,0.0000002
35306,0.0001149,0.0000003,0.0000002
35307,0.0001149,0.0000003,0.0000002
35308,0.0001149,0.0000003,0.0000002
35309,0.0001149,0.0000003,0.0000002
35310,0.0001149,0.0000003,0.0000002
35311,0.0001149,0.0000003,0.0000002
35312,0.0001149,0.0000003,0.0000002
35313,0.0001149,0.0000003,0.0000002
35314,0.0001149,0.0000003,0.0000002
35315,0.0001149,0.0000003,0.0000002
35316,0.0001149,0.0000003,0.0000002
35317,0.0001149,0.0000003,0.0000002
35318,0.0001149,0.0000003,0.0000002
35319,0.0001149,0.0000003,0.0000002
35320,0.0001149,0.0000003,0.0000002
35321,0.0001148,0.0000003,0.0000002
35322,0.0001148,0.0000003,0.0000002
35323,0.0001148,0.0000003,0.0000002
35324,0.0001148,0.0000003,0.0000002
35325,0.0001148,0.0000003,0.0000002
35326,0.0001148,0.0000003,0.0000002
35327,0.0001148,0.0000003,0.0000002
35328,0.0001148,0.0000003,0.0000002
35329,0.0001148,0.0000003,0.0000002
35330,0.0001148,0.0000003,0.0000002
35331,0.0001148,0.0000003,0.0000002
35332,0.0001148,0.0000003,0.0000002
35333,0.0001148,0.0000003,0.0000002
35334,0.0001148,0.0000003,0.0000002
35335,0.0001148,0.0000003,0.0000002
35336,0.0001148,0.0000003,0.0000002
35337,0.0001148,0.0000003,0.0000002
35338,0.0001147,0.0000003,0.0000002
35339,0.0001147,0.0000003,0.0000002
35340,0.0001147,0.0000003,0.0000002
35341,0.0001147,0.0000003,0.0000002
35342,0.0001147,0.0000003,0.0000002
35343,0.0001147,0.0000003,0.0000002
35344,0.0001147,0.0000003,0.0000002
35345,0.0001147,0.0000003,0.0000002
35346,0.0001147,0.0000003,0.0000002
35347,0.0001147,0.0000003,0.0000002
35348,0.0001147,0.0000003,0.0000002
35349,0.0001147,0.0000003,0.0000002
35350,0.0001147,0.0000003,0.0000002
35351,0.0001147,0.0000003,0.0000002
35352,0.0001147,0.0000003,0.0000002
35353,0.0001147,0.0000003,0.0000002
35354,0.0001147,0.0000003,0.0000002
35355,0.0001146,0.0000003,0.0000002
35356,0.0001146,0.0000003,0.0000002
35357,0.0001146,0.0000003,0.0000002
35358,0.0001146,0.0000003,0.0000002
35359,0.0001146,0.0000003,0.0000002
35360,0.0001146,0.0000003,0.0000002
35361,0.0001146,0.0000003,0.0000002
35362,0.0001146,0.0000003,0.0000002
35363,0.0001146,0.0000003,0.0000002
35364,0.0001146,0.0000003,0.0000002
35365,0.0001146,0.0000003,0.0000002
35366,0.0001146,0.0000003,0.0000002
35367,0.0001146,0.0000003,0.0000002
35368,0.0001146,0.0000003,0.0000002
35369,0.0001146,0.0000003,0.0000002
35370,0.0001146,0.0000003,0.0000002
35371,0.0001146,0.0000003,0.0000002
35372,0.0001146,0.0000003,0.0000002
35373,0.0001145,0.0000003,0.0000002
35374,0.0001145,0.0000003,0.0000002
35375,0.0001145,0.0000003,0.0000002
35376,0.0001145,0.0000003,0.0000002
35377,0.0001145,0.0000003,0.0000002
35378,0.0001145,0.0000003,0.0000002
35379,0.0001145,0.0000003,0.0000002
35380,0.0001145,0.0000003,0.0000002
35381,0.0001145,0.0000003,0.0000002
35382,0.0001145,0.0000003,0.0000002
35383,0.0001145,0.0000003,0.0000002
35384,0.0001145,0.0000003,0.0000002
35385,0.0001145,0.0000003,0.0000002
35386,0.0001145,0.0000003,0.0000002
35387,0.0001145,0.0000003,0.0000002
35388,0.0001145,0.0000003,0.0000002
35389,0.0001145,0.0000003,0.0000002
35390,0.0001144,0.0000003,0.0000002
35391,0.0001144,0.0000003,0.0000002
35392,0.0001144,0.0000003,0.0000002
35393,0.0001144,0.0000003,0.0000002
35394,0.0001144,0.0000003,0.0000002
35395,0.0001144,0.0000003,0.0000002
35396,0.0001144,0.0000003,0.0000002
35397,0.0001144,0.0000003,0.0000002
35398,0.0001144,0.0000003,0.0000002
35399,0.0001144,0.0000003,0.0000002
35400,0.0001144,0.0000003,0.0000002
35401,0.0001144,0.0000003,0.0000002
35402,0.0001144,0.0000003,0.0000002
35403,0.0001144,0.0000003,0.0000002
35404,0.0001144,0.0000003,0.0000002
35405,0.0001144,0.0000003,0.0000002
35406,0.0001144,0.0000003,0.0000002
35407,0.0001144,0.0000003,0.0000002
35408,0.0001143,0.0000003,0.0000002
35409,0.0001143,0.0000003,0.0000002
35410,0.0001143,0.0000003,0.0000002
35411,0.0001143,0.0000003,0.0000002
35412,0.0001143,0.0000003,0.0000002
35413,0.0001143,0.0000003,0.0000002
35414,0.0001143,0.0000003,0.0000002
35415,0.0001143,0.0000003,0.0000002
35416,0.0001143,0.0000003,0.0000002
35417,0.0001143,0.0000003,0.0000002
35418,0.0001143,0.0000003,0.0000002
35419,0.0001143,0.0000003,0.0000002
35420,0.0001143,0.0000003,0.0000002
35421,0.0001143,0.0000003,0.0000002
35422,0.0001143,0.0000003,0.0000002
35423,0.0001143,0.0000003,0.0000002
35424,0.0001143,0.0000003,0.0000002
35425,0.0001143,0.0000003,0.0000002
35426,0.0001142,0.0000003,0.0000002
35427,0.0001142,0.0000003,0.0000002
35428,0.0001142,0.0000003,0.0000002
35429,0.0001142,0.0000003,0.0000002
35430,0.0001142,0.0000003,0.0000002
35431,0.0001142,0.0000003,0.0000002
35432,0.0001142,0.0000003,0.0000002
35433,0.0001142,0.0000003,0.0000002
35434,0.0001142,0.0000003,0.0000002
35435,0.0001142,0.0000003,0.0000002
35436,0.0001142,0.0000003,0.0000002
35437,0.0001142,0.0000003,0.0000002
35438,0.0001142,0.0000003,0.0000002
35439,0.0001142,0.0000003,0.0000002
35440,0.0001142,0.0000003,0.0000002
35441,0.0001142,0.0000003,0.0000002
35442,0.0001142,0.0000003,0.0000002
35443,0.0001142,0.0000003,0.0000002
35444,0.0001141,0.0000003,0.0000002
35445,0.0001141,0.0000003,0.0000002
35446,0.0001141,0.0000003,0.0000002
35447,0.0001141,0.0000003,0.0000002
35448,0.0001141,0.0000003,0.0000002
35449,0.0001141,0.0000003,0.0000002
35450,0.0001141,0.0000003,0.0000002
35451,0.0001141,0.0000003,0.0000002
35452,0.0001141,0.0000003,0.0000002
35453,0.0001141,0.0000003,0.0000002
35454,0.0001141,0.0000003,0.0000002
35455,0.0001141,0.0000003,0.0000002
35456,0.0001141,0.0000003,0.0000002
35457,0.0001141,0.0000003,0.0000002
35458,0.0001141,0.0000003,0.0000002
35459,0.0001141,0.0000003,0.0000002
35460,0.0001141,0.0000003,0.0000002
35461,0.0001141,0.0000003,0.0000002
35462,0.0001141,0.0000003,0.0000002
35463,0.0001140,0.0000003,0.0000002
35464,0.0001140,0.0000003,0.0000002
35465,0.0001140,0.0000003,0.0000002
35466,0.0001140,0.0000003,0.0000002
35467,0.0001140,0.0000003,0.0000002
35468,0.0001140,0.0000003,0.0000002
35469,0.0001140,0.0000003,0.0000002
35470,0.0001140,0.0000003,0.0000002
35471,0.0001140,0.0000003,0.0000002
35472,0.0001140,0.0000003,0.0000002
35473,0.0001140,0.0000003,0.0000002
35474,0.0001140,0.0000003,0.0000002
35475,0.0001140,0.0000003,0.0000002
35476,0.0001140,0.0000003,0.0000002
35477,0.0001140,0.0000003,0.0000002
35478,0.0001140,0.0000003,0.0000002
35479,0.0001140,0.0000003,0.0000002
35480,0.0001140,0.0000003,0.0000002
35481,0.0001140,0.0000003,0.0000002
35482,0.0001139,0.0000003,0.0000002
35483,0.0001139,0.0000003,0.0000002
35484,0.0001139,0.0000003,0.0000002
35485,0.0001139,0.0000003,0.0000002
35486,0.0001139,0.0000003,0.0000002
35487,0.0001139,0.0000003,0.0000002
35488,0.0001139,0.0000003,0.0000002
35489,0.0001139,0.0000003,0.0000002
35490,0.0001139,0.0000003,0.0000002
35491,0.0001139,0.0000003,0.0000002
35492,0.0001139,0.0000003,0.0000002
35493,0.0001139,0.0000003,0.0000002
35494,0.0001139,0.0000003,0.0000002
35495,0.0001139,0.0000003,0.0000002
35496,0.0001139,0.0000003,0.0000002
35497,0.0001139,0.0000003,0.0000002
35498,0.0001139,0.0000003,0.0000002
35499,0.0001139,0.0000003,0.0000002
35500,0.0001139,0.0000003,0.0000002
35501,0.0001138,0.0000003,0.0000002
35502,0.0001138,0.0000003,0.0000002
35503,0.0001138,0.0000003,0.0000002
35504,0.0001138,0.0000003,0.0000002
35505,0.0001138,0.0000003,0.0000002
35506,0.0001138,0.0000003,0.0000002
35507,0.0001138,0.0000003,0.0000002
35508,0.0001138,0.0000003,0.0000002
35509,0.0001138,0.0000003,0.0000002
35510,0.0001138,0.0000003,0.0000002
35511,0.0001138,0.0000003,0.0000002
35512,0.0001138,0.0000003,0.0000002
35513,0.0001138,0.0000003,0.0000002
35514,0.0001138,0.0000003,0.0000002
35515,0.0001138,0.0000003,0.0000002
35516,0.0001138,0.0000003,0.0000002
35517,0.0001138,0.0000003,0.0000002
35518,0.0001138,0.0000003,0.0000002
35519,0.0001138,0.0000003,0.0000002
35520,0.0001137,0.0000003,0.0000002
35521,0.0001137,0.0000003,0.0000002
35522,0.0001137,0.0000003,0.0000002
35523,0.0001137,0.0000003,0.0000002
35524,0.0001137,0.0000003,0.0000002
35525,0.0001137,0.0000003,0.0000002
35526,0.0001137,0.0000003,0.0000002
35527,0.0001137,0.0000003,0.0000002
35528,0.0001137,0.0000003,0.0000002
35529,0.0001137,0.0000003,0.0000002
35530,0.0001137,0.0000003,0.0000002
35531,0.0001137,0.0000003,0.0000002
35532,0.0001137,0.0000003,0.0000002
35533,0.0001137,0.0000003,0.0000002
35534,0.0001137,0.0000003,0.0000002
35535,0.0001137,0.0000003,0.0000002
35536,0.0001137,0.0000003,0.0000002
35537,0.0001137,0.0000003,0.0000002
35538,0.0001137,0.0000003,0.0000002
35539,0.0001136,0.0000003,0.0000002
35540,0.0001136,0.0000003,0.0000002
35541,0.0001136,0.0000003,0.0000002
35542,0.0001136,0.0000003,0.0000002
35543,0.0001136,0.0000003,0.0000002
35544,0.0001136,0.0000003,0.0000002
35545,0.0001136,0.0000003,0.0000002
35546,0.0001136,0.0000003,0.0000002
35547,0.0001136,0.0000003,0.0000002
35548,0.0001136,0.0000003,0.0000002
35549,0.0001136,0.0000003,0.0000002
35550,0.0001136,0.0000003,0.0000002
35551,0.0001136,0.0000003,0.0000002
35552,0.0001136,0.0000003,0.0000002
35553,0.0001136,0.0000003,0.0000002
35554,0.0001136,0.0000003,0.0000002
35555,0.0001136,0.0000003,0.0000002
35556,0.0001136,0.0000003,0.0000002
35557,0.0001136,0.0000003,0.0000002
35558,0.0001136,0.0000003,0.0000002
35559,0.0001135,0.0000003,0.0000002
35560,0.0001135,0.0000003,0.0000002
35561,0.0001135,0.0000003,0.0000002
35562,0.0001135,0.0000003,0.0000002
35563,0.0001135,0.0000003,0.0000002
35564,0.0001135,0.0000003,0.0000002
35565,0.0001135,0.0000003,0.0000002
35566,0.0001135,0.0000003,0.0000002
35567,0.0001135,0.0000003,0.0000002
35568,0.0001135,0.0000003,0.0000002
35569,0.0001135,0.0000003,0.0000002
35570,0.0001135,0.0000003,0.0000002
35571,0.0001135,0.0000003,0.0000002
35572,0.0001135,0.0000003,0.0000002
35573,0.0001135,0.0000003,0.0000002
35574,0.0001135,0.0000003,0.0000002
35575,0.0001135,0.0000003,0.0000002
35576,0.0001135,0.0000003,0.0000002
35577,0.0001135,0.0000003,0.0000002
35578,0.0001135,0.0000003,0.0000002
35579,0.0001134,0.0000003,0.0000002
35580,0.0001134,0.0000003,0.0000002
35581,0.0001134,0.0000003,0.0000002
35582,0.0001134,0.0000003,0.0000002
35583,0.0001134,0.0000003,0.0000002
35584,0.0001134,0.0000003,0.0000002
35585,0.0001134,0.0000003,0.0000002
35586,0.0001134,0.0000003,0.0000002
35587,0.0001134,0.0000003,0.0000002
35588,0.0001134,0.0000003,0.0000002
35589,0.0001134,0.0000003,0.0000002
35590,0.0001134,0.0000003,0.0000002
35591,0.0001134,0.0000003,0.0000002
35592,0.0001134,0.0000003,0.0000002
35593,0.0001134,0.0000003,0.0000002
35594,0.0001134,0.0000003,0.0000002
35595,0.0001134,0.0000003,0.0000002
35596,0.0001134,0.0000003,0.0000002
35597,0.0001134,0.0000003,0.0000002
35598,0.0001134,0.0000003,0.0000002
35599,0.0001134,0.0000003,0.0000002
35600,0.0001133,0.0000003,0.0000002
35601,0.0001133,0.0000003,0.0000002
35602,0.0001133,0.0000003,0.0000002
35603,0.0001133,0.0000003,0.0000002
35604,0.0001133,0.0000003,0.0000002
35605,0.0001133,0.0000003,0.0000002
35606,0.0001133,0.0000003,0.0000002
35607,0.0001133,0.0000003,0.0000002
35608,0.0001133,0.0000003,0.0000002
35609,0.0001133,0.0000003,0.0000002
35610,0.0001133,0.0000003,0.0000002
35611,0.0001133,0.0000003,0.0000002
35612,0.0001133,0.0000003,0.0000002
35613,0.0001133,0.0000003,0.0000002
35614,0.0001133,0.0000003,0.0000002
35615,0.0001133,0.0000003,0.0000002
35616,0.0001133,0.0000003,0.0000002
35617,0.0001133,0.0000003,0.0000002
35618,0.0001133,0.0000003,0.0000002
35619,0.0001133,0.0000003,0.0000002
35620,0.0001133,0.0000003,0.0000002
35621,0.0001132,0.0000003,0.0000002
35622,0.0001132,0.0000003,0.0000002
35623,0.0001132,0.0000003,0.0000002
35624,0.0001132,0.0000003,0.0000002
35625,0.0001132,0.0000003,0.0000002
35626,0.0001132,0.0000003,0.0000002
35627,0.0001132,0.0000003,0.0000002
35628,0.0001132,0.0000003,0.0000002
35629,0.0001132,0.0000003,0.0000002
35630,0.0001132,0.0000003,0.0000002
35631,0.0001132,0.0000003,0.0000002
35632,0.0001132,0.0000003,0.0000002
35633,0.0001132,0.0000003,0.0000002
35634,0.0001132,0.0000003,0.0000002
35635,0.0001132,0.0000003,0.0000002
35636,0.0001132,0.0000003,0.0000002
35637,0.0001132,0.0000003,0.0000002
35638,0.0001132,0.0000003,0.0000002
35639,0.0001132,0.0000003,0.0000002
35640,0.0001132,0.0000003,0.0000002
35641,0.0001132,0.0000003,0.0000002
35642,0.0001131,0.0000003,0.0000002
35643,0.0001131,0.0000003,0.0000002
35644,0.0001131,0.0000003,0.0000002
35645,0.0001131,0.0000003,0.0000002
35646,0.0001131,0.0000003,0.0000002
35647,0.0001131,0.0000003,0.0000002
35648,0.0001131,0.0000003,0.0000002
35649,0.0001131,0.0000003,0.0000002
35650,0.0001131,0.0000003,0.0000002
35651,0.0001131,0.0000003,0.0000002
35652,0.0001131,0.0000003,0.0000002
35653,0.0001131,0.0000003,0.0000002
35654,0.0001131,0.0000003,0.0000002
35655,0.0001131,0.0000003,0.0000002
35656,0.0001131,0.0000003,0.0000002
35657,0.0001131,0.0000003,0.0000002
35658,0.0001131,0.0000003,0.0000002
35659,0.0001131,0.0000003,0.0000002
35660,0.0001131,0.0000003,0.0000002
35661,0.0001131,0.0000003,0.0000002
35662,0.0001131,0.0000003,0.0000002
35663,0.0001130,0.0000003,0.0000002
35664,0.0001130,0.0000003,0.0000002
35665,0.0001130,0.0000003,0.0000002
35666,0.0001130,0.0000003,0.0000002
35667,0.0001130,0.0000003,0.0000002
35668,0.0001130,0.0000003,0.0000002
35669,0.0001130,0.0000003,0.0000002
35670,0.0001130,0.0000003,0.0000002
35671,0.0001130,0.0000003,0.0000002
35672,0.0001130,0.0000003,0.0000002
35673,0.0001130,0.0000003,0.0000002
35674,0.0001130,0.0000003,0.0000002
35675,0.0001130,0.0000003,0.0000002
35676,0.0001130,0.0000003,0.0000002
35677,0.0001130,0.0000003,0.0000002
35678,0.0001130,0.0000003,0.0000002
35679,0.0001130,0.0000003,0.0000002
35680,0.0001130,0.0000003,0.0000002
35681,0.0001130,0.0000003,0.0000002
35682,0.0001130,0.0000003,0.0000002
35683,0.0001130,0.0000003,0.0000002
35684,0.0001130,0.0000003,0.0000002
35685,0.0001129,0.0000003,0.0000002
35686,0.0001129,0.0000003,0.0000002
35687,0.0001129,0.0000003,0.0000002
35688,0.0001129,0.0000003,0.0000002
35689,0.0001129,0.0000003,0.0000002
35690,0.0001129,0.0000003,0.0000002
35691,0.0001129,0.0000003,0.0000002
35692,0.0001129,0.0000003,0.0000002
35693,0.0001129,0.0000003,0.0000002
35694,0.0001129,0.0000003,0.0000002
35695,0.0001129,0.0000003,0.0000002
35696,0.0001129,0.0000003,0.0000002
35697,0.0001129,0.0000003,0.0000002
35698,0.0001129,0.0000003,0.0000002
35699,0.0001129,0.0000003,0.0000002
35700,0.0001129,0.0000003,0.0000002
35701,0.0001129,0.0000003,0.0000002
35702,0.0001129,0.0000003,0.0000002
35703,0.0001129,0.0000003,0.0000002
35704,0.0001129,0.0000003,0.0000002
35705,0.0001129,0.0000003,0.0000002
35706,0.0001129,0.0000003,0.0000002
35707,0.0001128,0.0000003,0.0000002
35708,0.0001128,0.0000003,0.0000002
35709,0.0001128,0.0000003,0.0000002
35710,0.0001128,0.0000003,0.0000002
35711,0.0001128,0.0000003,0.0000002
35712,0.0001128,0.0000003,0.0000002
35713,0.0001128,0.0000003,0.0000002
35714,0.0001128,0.0000003,0.0000002
35715,0.0001128,0.0000003,0.0000002
35716,0.0001128,0.0000003,0.0000002
35717,0.0001128,0.0000003,0.0000002
35718,0.0001128,0.0000003,0.0000002
35719,0.0001128,0.0000003,0.0000002
35720,0.0001128,0.0000003,0.0000002
35721,0.0001128,0.0000003,0.0000002
35722,0.0001128,0.0000003,0.0000002
35723,0.0001128,0.0000003,0.0000002
35724,0.0001128,0.0000003,0.0000002
35725,0.0001128,0.0000003,0.0000002
35726,0.0001128,0.0000003,0.0000002
35727,0.0001128,0.0000003,0.0000002
35728,0.0001128,0.0000003,0.0000002
35729,0.0001127,0.0000003,0.0000002
35730,0.0001127,0.0000003,0.0000002
35731,0.0001127,0.0000003,0.0000002
35732,0.0001127,0.0000003,0.0000002
35733,0.0001127,0.0000003,0.0000002
35734,0.0001127,0.0000003,0.0000002
35735,0.0001127,0.0000003,0.0000002
35736,0.0001127,0.0000003,0.0000002
35737,0.0001127,0.0000003,0.0000002
35738,0.0001127,0.0000003,0.0000002
35739,0.0001127,0.0000003,0.0000002
35740,0.0001127,0.0000003,0.0000002
35741,0.0001127,0.0000003,0.0000002
35742,0.0001127,0.0000003,0.0000002
35743,0.0001127,0.0000003,0.0000002
35744,0.0001127,0.0000003,0.0000002
35745,0.0001127,0.0000003,0.0000002
35746,0.0001127,0.0000003,0.0000002
35747,0.0001127,0.0000003,0.0000002
35748,0.0001127,0.0000003,0.0000002
35749,0.0001127,0.0000003,0.0000002
35750,0.0001127,0.0000003,0.0000002
35751,0.0001127,0.0000003,0.0000002
35752,0.0001126,0.0000003,0.0000002
35753,0.0001126,0.0000003,0.0000002
35754,0.0001126,0.0000003,0.0000002
35755,0.0001126,0.0000003,0.0000002
35756,0.0001126,0.0000003,0.0000002
35757,0.0001126,0.0000003,0.0000002
35758,0.0001126,0.0000003,0.0000002
35759,0.0001126,0.0000003,0.0000002
35760,0.0001126,0.0000003,0.0000002
35761,0.0001126,0.0000003,0.0000002
35762,0.0001126,0.0000003,0.0000002
35763,0.0001126,0.0000003,0.0000002
35764,0.0001126,0.0000003,0.0000002
35765,0.0001126,0.0000003,0.0000002
35766,0.0001126,0.0000003,0.0000002
35767,0.0001126,0.0000003,0.0000002
35768,0.0001126,0.0000003,0.0000002
35769,0.0001126,0.0000003,0.0000002
35770,0.0001126,0.0000003,0.0000002
35771,0.0001126,0.0000003,0.0000002
35772,0.0001126,0.0000003,0.0000002
35773,0.0001126,0.0000003,0.0000002
35774,0.0001126,0.0000003,0.0000002
35775,0.0001125,0.0000003,0.0000002
35776,0.0001125,0.0000003,0.0000002
35777,0.0001125,0.0000003,0.0000002
35778,0.0001125,0.0000003,0.0000002
35779,0.0001125,0.0000003,0.0000002
35780,0.0001125,0.0000003,0.0000002
35781,0.0001125,0.0000003,0.0000002
35782,0.0001125,0.0000003,0.0000002
35783,0.0001125,0.0000003,0.0000002
35784,0.0001125,0.0000003,0.0000002
35785,0.0001125,0.0000003,0.0000002
35786,0.0001125,0.0000003,0.0000002
35787,0.0001125,0.0000003,0.0000002
35788,0.0001125,0.0000003,0.0000002
35789,0.0001125,0.0000003,0.0000002
35790,0.0001125,0.0000003,0.0000002
35791,0.0001125,0.0000003,0.0000002
35792,0.0001125,0.0000003,0.0000002
35793,0.0001125,0.0000003,0.0000002
35794,0.0001125,0.0000003,0.0000002
35795,0.0001125,0.0000003,0.0000002
35796,0.0001125,0.0000003,0.0000002
35797,0.0001125,0.0000003,0.0000002
35798,0.0001125,0.0000003,0.0000002
35799,0.0001124,0.0000003,0.0000002
35800,0.0001124,0.0000003,0.0000002
35801,0.0001124,0.0000003,0.0000002
35802,0.0001124,0.0000003,0.0000002
35803,0.0001124,0.0000003,0.0000002
35804,0.0001124,0.0000003,0.0000002
35805,0.0001124,0.0000003,0.0000002
35806,0.0001124,0.0000003,0.0000002
35807,0.0001124,0.0000003,0.0000002
35808,0.0001124,0.0000003,0.0000002
35809,0.0001124,0.0000003,0.0000002
35810,0.0001124,0.0000003,0.0000002
35811,0.0001124,0.0000003,0.0000002
35812,0.0001124,0.0000003,0.0000002
35813,0.0001124,0.0000003,0.0000002
35814,0.0001124,0.0000003,0.0000002
35815,0.0001124,0.0000003,0.0000002
35816,0.0001124,0.0000003,0.0000002
35817,0.0001124,0.0000003,0.0000002
35818,0.0001124,0.0000003,0.0000002
35819,0.0001124,0.0000003,0.0000002
35820,0.0001124,0.0000003,0.0000002
35821,0.0001124,0.0000003,0.0000002
35822,0.0001124,0.0000003,0.0000002
35823,0.0001123,0.0000003,0.0000002
35824,0.0001123,0.0000003,0.0000002
35825,0.0001123,0.0000003,0.0000002
35826,0.0001123,0.0000003,0.0000002
35827,0.0001123,0.0000003,0.0000002
35828,0.0001123,0.0000003,0.0000002
35829,0.0001123,0.0000003,0.0000002
35830,0.0001123,0.0000003,0.0000002
35831,0.0001123,0.0000003,0.0000002
35832,0.0001123,0.0000003,0.0000002
35833,0.0001123,0.0000003,0.0000002
35834,0.0001123,0.0000003,0.0000002
35835,0.0001123,0.0000003,0.0000002
35836,0.0001123,0.0000003,0.0000002
35837,0.0001123,0.0000003,0.0000002
35838,0.0001123,0.0000003,0.0000002
35839,0.0001123,0.0000003,0.0000002
35840,0.0001123,0.0000003,0.0000002
35841,0.0001123,0.0000003,0.0000002
35842,0.0001123,0.0000003,0.0000002
35843,0.0001123,0.0000003,0.0000002
35844,0.0001123,0.0000003,0.0000002
35845,0.0001123,0.0000003,0.0000002
35846,0.0001123,0.0000003,0.0000002
35847,0.0001122,0.0000003,0.0000002
35848,0.0001122,0.0000003,0.0000002
35849,0.0001122,0.0000003,0.0000002
35850,0.0001122,0.0000003,0.0000002
35851,0.0001122,0.0000003,0.0000002
35852,0.0001122,0.0000003,0.0000002
35853,0.0001122,0.0000003,0.0000002
35854,0.0001122,0.0000003,0.0000002
35855,0.0001122,0.0000003,0.0000002
35856,0.0001122,0.0000003,0.0000002
35857,0.0001122,0.0000003,0.0000002
35858,0.0001122,0.0000003,0.0000002
35859,0.0001122,0.0000003,0.0000002
35860,0.0001122,0.0000003,0.0000002
35861,0.0001122,0.0000003,0.0000002
35862,0.0001122,0.0000003,0.0000002
35863,0.0001122,0.0000003,0.0000002
35864,0.0001122,0.0000003,0.0000002
35865,0.0001122,0.0000003,0.0000002
35866,0.0001122,0.0000003,0.0000002
35867,0.0001122,0.0000003,0.0000002
35868,0.0001122,0.0000003,0.0000002
35869,0.0001122,0.0000003,0.0000002
35870,0.0001122,0.0000003,0.0000002
35871,0.0001121,0.0000003,0.0000002
35872,0.0001121,0.0000003,0.0000002
35873,0.0001121,0.0000003,0.0000002
35874,0.0001121,0.0000003,0.0000002
35875,0.0001121,0.0000003,0.0000002
35876,0.0001121,0.0000003,0.0000002
35877,0.0001121,0.0000003,0.0000002
35878,0.0001121,0.0000003,0.0000002
35879,0.0001121,0.0000003,0.0000002
35880,0.0001121,0.0000003,0.0000002
35881,0.0001121,0.0000003,0.0000002
35882,0.0001121,0.0000003,0.0000002
35883,0.0001121,0.0000003,0.0000002
35884,0.0001121,0.0000003,0.0000002
35885,0.0001121,0.0000003,0.0000002
35886,0.0001121,0.0000003,0.0000002
35887,0.0001121,0.0000003,0.0000002
35888,0.0001121,0.0000003,0.0000002
35889,0.0001121,0.0000003,0.0000002
35890,0.0001121,0.0000003,0.0000002
35891,0.0001121,0.0000003,0.0000002
35892,0.0001121,0.0000003,0.0000002
35893,0.0001121,0.0000003,0.0000002
35894,0.0001121,0.0000003,0.0000002
35895,0.0001121,0.0000003,0.0000002
35896,0.0001120,0.0000003,0.0000002
35897,0.0001120,0.0000003,0.0000002
35898,0.0001120,0.0000003,0.0000002
35899,0.0001120,0.0000003,0.0000002
35900,0.0001120,0.0000003,0.0000002
35901,0.0001120,0.0000003,0.0000002
35902,0.0001120,0.0000003,0.0000002
35903,0.0001120,0.0000003,0.0000002
35904,0.0001120,0.0000003,0.0000002
35905,0.0001120,0.0000003,0.0000002
35906,0.0001120,0.0000003,0.0000002
35907,0.0001120,0.0000003,0.0000002
35908,0.0001120,0.0000003,0.0000002
35909,0.0001120,0.0000003,0.0000002
35910,0.0001120,0.0000003,0.0000002
35911,0.0001120,0.0000003,0.0000002
35912,0.0001120,0.0000003,0.0000002
35913,0.0001120,0.0000003,0.0000002
35914,0.0001120,0.0000003,0.0000002
35915,0.0001120,0.0000003,0.0000002
35916,0.0001120,0.0000003,0.0000002
35917,0.0001120,0.0000003,0.0000002
35918,0.0001120,0.0000003,0.0000002
35919,0.0001120,0.0000003,0.0000002
35920,0.0001120,0.0000003,0.0000002
35921,0.0001119,0.0000003,0.0000002
35922,0.0001119,0.0000003,0.0000002
35923,0.0001119,0.0000003,0.0000002
35924,0.0001119,0.0000003,0.0000002
35925,0.0001119,0.0000003,0.0000002
35926,0.0001119,0.0000003,0.0000002
35927,0.0001119,0.0000003,0.0000002
35928,0.0001119,0.0000003,0.0000002
35929,0.0001119,0.0000003,0.0000002
35930,0.0001119,0.0000003,0.0000002
35931,0.0001119,0.0000003,0.0000002
35932,0.0001119,0.0000003,0.0000002
35933,0.0001119,0.0000003,0.0000002
35934,0.0001119,0.0000003,0.0000002
35935,0.0001119,0.0000003,0.0000002
35936,0.0001119,0.0000003,0.0000002
35937,0.0001119,0.0000003,0.0000002
35938,0.0001119,0.0000003,0.0000002
35939,0.0001119,0.0000003,0.0000002
35940,0.0001119,0.0000003,0.0000002
35941,0.0001119,0.0000003,0.0000002
35942,0.0001119,0.0000003,0.0000002
35943,0.0001119,0.0000003,0.0000002
35944,0.0001119,0.0000003,0.0000002
35945,0.0001119,0.0000003,0.0000002
35946,0.0001119,0.0000003,0.0000002
35947,0.0001118,0.0000003,0.0000002
35948,0.0001118,0.0000003,0.0000002
35949,0.0001118,0.0000003,0.0000002
35950,0.0001118,0.0000003,0.0000002
35951,0.0001118,0.0000003,0.0000002
35952,0.0001118,0.0000003,0.0000002
35953,0.0001118,0.0000003,0.0000002
35954,0.0001118,0.0000003,0.0000002
35955,0.0001118,0.0000003,0.0000002
35956,0.0001118,0.0000003,0.0000002
35957,0.0001118,0.0000003,0.0000002
35958,0.0001118,0.0000003,0.0000002
35959,0.0001118,0.0000003,0.0000002
35960,0.0001118,0.0000003,0.0000002
35961,0.0001118,0.0000003,0.0000002
35962,0.0001118,0.0000003,0.0000002
35963,0.0001118,0.0000003,0.0000002
35964,0.0001118,0.0000003,0.0000002
35965,0.0001118,0.0000003,0.0000002
35966,0.0001118,0.0000003,0.0000002
35967,0.0001118,0.0000003,0.0000002
35968,0.0001118,0.0000003,0.0000002
35969,0.0001118,0.0000003,0.0000002
35970,0.0001118,0.0000003,0.0000002
35971,0.0001118,0.0000003,0.0000002
35972,0.0001117,0.0000003,0.0000002
35973,0.0001117,0.0000003,0.0000002
35974,0.0001117,0.0000003,0.0000002
35975,0.0001117,0.0000003,0.0000002
35976,0.0001117,0.0000003,0.0000002
35977,0.0001117,0.0000003,0.0000002
35978,0.0001117,0.0000003,0.0000002
35979,0.0001117,0.0000003,0.0000002
35980,0.0001117,0.0000003,0.0000002
35981,0.0001117,0.0000003,0.0000002
35982,0.0001117,0.0000003,0.0000002
35983,0.0001117,0.0000003,0.0000002
35984,0.0001117,0.0000003,0.0000002
35985,0.0001117,0.0000003,0.0000002
35986,0.0001117,0.0000003,0.0000002
35987,0.0001117,0.0000003,0.0000002
35988,0.0001117,0.0000003,0.0000002
35989,0.0001117,0.0000003,0.0000002
35990,0.0001117,0.0000003,0.0000002
35991,0.0001117,0.0000003,0.0000002
35992,0.0001117,0.0000003,0.0000002
35993,0.0001117,0.0000003,0.0000002
35994,0.0001117,0.0000003,0.0000002
35995,0.0001117,0.0000003,0.0000002
35996,0.0001117,0.0000003,0.0000002
35997,0.0001117,0.0000003,0.0000002
35998,0.0001116,0.0000003,0.0000002
35999,0.0001116,0.0000003,0.0000002
36000,0.0001116,0.0000003,0.0000002
36001,0.0001116,0.0000003,0.0000002
36002,0.0001116,0.0000003,0.0000002
36003,0.0001116,0.0000003,0.0000002
36004,0.0001116,0.0000003,0.0000002
36005,0.0001116,0.0000003,0.0000002
36006,0.0001116,0.0000003,0.0000002
36007,0.0001116,0.0000003,0.0000002
36008,0.0001116,0.0000003,0.0000002
36009,0.0001116,0.0000003,0.0000002
36010,0.0001116,0.0000003,0.0000002
36011,0.0001116,0.0000003,0.0000002
36012,0.0001116,0.0000003,0.0000002
36013,0.0001116,0.0000003,0.0000002
36014,0.0001116,0.0000003,0.0000002
36015,0.0001116,0.0000003,0.0000002
36016,0.0001116,0.0000003,0.0000002
36017,0.0001116,0.0000003,0.0000002
36018,0.0001116,0.0000003,0.0000002
36019,0.0001116,0.0000003,0.0000002
36020,0.0001116,0.0000003,0.0000002
36021,0.0001116,0.0000003,0.0000002
36022,0.0001116,0.0000003,0.0000002
36023,0.0001116,0.0000003,0.0000002
36024,0.0001115,0.0000003,0.0000002
36025,0.0001115,0.0000003,0.0000002
36026,0.0001115,0.0000003,0.0000002
36027,0.0001115,0.0000003,0.0000002
36028,0.0001115,0.0000003,0.0000002
36029,0.0001115,0.0000003,0.0000002
36030,0.0001115,0.0000003,0.0000002
36031,0.0001115,0.0000003,0.0000002
36032,0.0001115,0.0000003,0.0000002
36033,0.0001115,0.0000003,0.0000002
36034,0.0001115,0.0000003,0.0000002
36035,0.0001115,0.0000003,0.0000002
36036,0.0001115,0.0000003,0.0000002
36037,0.0001115,0.0000003,0.0000002
36038,0.0001115,0.0000003,0.0000002
36039,0.0001115,0.0000003,0.0000002
36040,0.0001115,0.0000003,0.0000002
36041,0.0001115,0.0000003,0.0000002
36042,0.0001115,0.0000003,0.0000002
36043,0.0001115,0.0000003,0.0000002
36044,0.0001115,0.0000003,0.0000002
36045,0.0001115,0.0000003,0.0000002
36046,0.0001115,0.0000003,0.0000002
36047,0.0001115,0.0000003,0.0000002
36048,0.0001115,0.0000003,0.0000002
36049,0.0001115,0.0000003,0.0000002
36050,0.0001114,0.0000003,0.0000002
36051,0.0001114,0.0000003,0.0000002
36052,0.0001114,0.0000003,0.0000002
36053,0.0001114,0.0000003,0.0000002
36054,0.0001114,0.0000003,0.0000002
36055,0.0001114,0.0000003,0.0000002
36056,0.0001114,0.0000003,0.0000002
36057,0.0001114,0.0000003,0.0000002
36058,0.0001114,0.0000003,0.0000002
36059,0.0001114,0.0000003,0.0000002
36060,0.0001114,0.0000003,0.0000002
36061,0.0001114,0.0000003,0.0000002
36062,0.0001114,0.0000003,0.0000002
36063,0.0001114,0.0000003,0.0000002
36064,0.0001114,0.0000003,0.0000002
36065,0.0001114,0.0000003,0.0000002
36066,0.0001114,0.0000003,0.0000002
36067,0.0001114,0.0000003,0.0000002
36068,0.0001114,0.0000003,0.0000002
36069,0.0001114,0.0000003,0.0000002
36070,0.0001114,0.0000003,0.0000002
36071,0.0001114,0.0000003,0.0000002
36072,0.0001114,0.0000003,0.0000002
36073,0.0001114,0.0000003,0.0000002
36074,0.0001114,0.0000003,0.0000002
36075,0.0001114,0.0000003,0.0000002
36076,0.0001114,0.0000003,0.0000002
36077,0.0001113,0.0000003,0.0000002
36078,0.0001113,0.0000003,0.0000002
36079,0.0001113,0.0000003,0.0000002
36080,0.0001113,0.0000003,0.0000002
36081,0.0001113,0.0000003,0.0000002
36082,0.0001113,0.0000003,0.0000002
36083,0.0001113,0.0000003,0.0000002
36084,0.0001113,0.0000003,0.0000002
36085,0.0001113,0.0000003,0.0000002
36086,0.0001113,0.0000003,0.0000002
36087,0.0001113,0.0000003,0.0000002
36088,0.0001113,0.0000003,0.0000002
36089,0.0001113,0.0000003,0.0000002
36090,0.0001113,0.0000003,0.0000002
36091,0.0001113,0.0000003,0.0000002
36092,0.0001113,0.0000003,0.0000002
36093,0.0001113,0.0000003,0.0000002
36094,0.0001113,0.0000003,0.0000002
36095,0.0001113,0.0000003,0.0000002
36096,0.0001113,0.0000003,0.0000002
36097,0.0001113,0.0000003,0.0000002
36098,0.0001113,0.0000003,0.0000002
36099,0.0001113,0.0000003,0.0000002
36100,0.0001113,0.0000003,0.0000002
36101,0.0001113,0.0000003,0.0000002
36102,0.0001113,0.0000003,0.0000002
36103,0.0001112,0.0000003,0.0000002
36104,0.0001112,0.0000003,0.0000002
36105,0.0001112,0.0000003,0.0000002
36106,0.0001112,0.0000003,0.0000002
36107,0.0001112,0.0000003,0.0000002
36108,0.0001112,0.0000003,0.0000002
36109,0.0001112,0.0000003,0.0000002
36110,0.0001112,0.0000003,0.0000002
36111,0.0001112,0.0000003,0.0000002
36112,0.0001112,0.0000003,0.0000002
36113,0.0001112,0.0000003,0.0000002
36114,0.0001112,0.0000003,0.0000002
36115,0.0001112,0.0000003,0.0000002
36116,0.0001112,0.0000003,0.0000002
36117,0.0001112,0.0000003,0.0000002
36118,0.0001112,0.0000003,0.0000002
36119,0.0001112,0.0000003,0.0000002
36120,0.0001112,0.0000003,0.0000002
36121,0.0001112,0.0000003,0.0000002
36122,0.0001112,0.0000003,0.0000002
36123,0.0001112,0.0000003,0.0000002
36124,0.0001112,0.0000003,0.0000002
36125,0.0001112,0.0000003,0.0000002
36126,0.0001112,0.0000003,0.0000002
36127,0.0001112,0.0000003,0.0000002
36128,0.0001112,0.0000003,0.0000002
36129,0.0001112,0.0000003,0.0000002
36130,0.0001111,0.0000003,0.0000002
36131,0.0001111,0.0000003,0.0000002
36132,0.0001111,0.0000003,0.0000002
36133,0.0001111,0.0000003,0.0000002
36134,0.0001111,0.0000003,0.0000002
36135,0.0001111,0.0000003,0.0000002
36136,0.0001111,0.0000003,0.0000002
36137,0.0001111,0.0000003,0.0000002
36138,0.0001111,0.0000003,0.0000002
36139,0.0001111,0.0000003,0.0000002
36140,0.0001111,0.0000003,0.0000002
36141,0.0001111,0.0000003,0.0000002
36142,0.0001111,0.0000003,0.0000002
36143,0.0001111,0.0000003,0.0000002
36144,0.0001111,0.0000003,0.0000002
36145,0.0001111,0.0000003,0.0000002
36146,0.0001111,0.0000003,0.0000002
36147,0.0001111,0.0000003,0.0000002
36148,0.0001111,0.0000003,0.0000002
36149,0.0001111,0.0000003,0.0000002
36150,0.0001111,0.0000003,0.0000002
36151,0.0001111,0.0000003,0.0000002
36152,0.0001111,0.0000003,0.0000002
36153,0.0001111,0.0000003,0.0000002
36154,0.0001111,0.0000003,0.0000002
36155,0.0001111,0.0000003,0.0000002
36156,0.0001111,0.0000003,0.0000002
36157,0.0001110,0.0000003,0.0000002
36158,0.0001110,0.0000003,0.0000002
36159,0.0001110,0.0000003,0.0000002
36160,0.0001110,0.0000003,0.0000002
36161,0.0001110,0.0000003,0.0000002
36162,0.0001110,0.0000003,0.0000002
36163,0.0001110,0.0000003,0.0000002
36164,0.0001110,0.0000003,0.0000002
36165,0.0001110,0.0000003,0.0000002
36166,0.0001110,0.0000003,0.0000002
36167,0.0001110,0.0000003,0.0000002
36168,0.0001110,0.0000003,0.0000002
36169,0.0001110,0.0000003,0.0000002
36170,0.0001110,0.0000003,0.0000002
36171,0.0001110,0.0000003,0.0000002
36172,0.0001110,0.0000003,0.0000002
36173,0.0001110,0.0000003,0.0000002
36174,0.0001110,0.0000003,0.0000002
36175,0.0001110,0.0000003,0.0000002
36176,0.0001110,0.0000003,0.0000002
36177,0.0001110,0.0000003,0.0000002
36178,0.0001110,0.0000003,0.0000002
36179,0.0001110,0.0000003,0.0000002
36180,0.0001110,0.0000003,0.0000002
36181,0.0001110,0.0000003,0.0000002
36182,0.0001110,0.0000003,0.0000002
36183,0.0001109,0.0000003,0.0000002
36184,0.0001109,0.0000003,0.0000002
36185,0.0001109,0.0000003,0.0000002
36186,0.0001109,0.0000003,0.0000002
36187,0.0001109,0.0000003,0.0000002
36188,0.0001109,0.0000003,0.0000002
36189,0.0001109,0.0000003,0.0000002
36190,0.0001109,0.0000003,0.0000002
36191,0.0001109,0.0000003,0.0000002
36192,0.0001109,0.0000003,0.0000002
36193,0.0001109,0.0000003,0.0000002
36194,0.0001109,0.0000003,0.0000002
36195,0.0001109,0.0000003,0.0000002
36196,0.0001109,0.0000003,0.0000002
36197,0.0001109,0.0000003,0.0000002
36198,0.0001109,0.0000003,0.0000002
36199,0.0001109,0.0000003,0.0000002
36200,0.0001109,0.0000003,0.0000002
36201,0.0001109,0.0000003,0.0000002
36202,0.0001109,0.0000003,0.0000002
36203,0.0001109,0.0000003,0.0000002
36204,0.0001109,0.0000003,0.0000002
36205,0.0001109,0.0000003,0.0000002
36206,0.0001109,0.0000003,0.0000002
36207,0.0001109,0.0000003,0.0000002
36208,0.0001109,0.0000003,0.0000002
36209,0.0001109,0.0000003,0.0000002
36210,0.0001108,0.0000003,0.0000002
36211,0.0001108,0.0000003,0.0000002
36212,0.0001108,0.0000003,0.0000002
36213,0.0001108,0.0000003,0.0000002
36214,0.0001108,0.0000003,0.0000002
36215,0.0001108,0.0000003,0.0000002
36216,0.0001108,0.0000003,0.0000002
36217,0.0001108,0.0000003,0.0000002
36218,0.0001108,0.0000003,0.0000002
36219,0.0001108,0.0000003,0.0000002
36220,0.0001108,0.0000003,0.0000002
36221,0.0001108,0.0000003,0.0000002
36222,0.0001108,0.0000003,0.0000002
36223,0.0001108,0.0000003,0.0000002
36224,0.0001108,0.0000003,0.0000002
36225,0.0001108,0.0000003,0.0000002
36226,0.0001108,0.0000003,0.0000002
36227,0.0001108,0.0000003,0.0000002
36228,0.0001108,0.0000003,0.0000002
36229,0.0001108,0.0000003,0.0000002
36230,0.0001108,0.0000003,0.0000002
36231,0.0001108,0.0000003,0.0000002
36232,0.0001108,0.0000003,0.0000002
36233,0.0001108,0.0000003,0.0000002
36234,0.0001108,0.0000003,0.0000002
36235,0.0001108,0.0000003,0.0000002
36236,0.0001108,0.0000003,0.0000002
36237,0.0001107,0.0000003,0.0000002
36238,0.0001107,0.0000003,0.0000002
36239,0.0001107,0.0000003,0.0000002
36240,0.0001107,0.0000003,0.0000002
36241,0.0001107,0.0000003,0.0000002
36242,0.0001107,0.0000003,0.0000002
36243,0.0001107,0.0000003,0.0000002
36244,0.0001107,0.0000003,0.0000002
36245,0.0001107,0.0000003,0.0000002
36246,0.0001107,0.0000003,0.0000002
36247,0.0001107,0.0000003,0.0000002
36248,0.0001107,0.0000003,0.0000002
36249,0.0001107,0.0000003,0.0000002
36250,0.0001107,0.0000003,0.0000002
36251,0.0001107,0.0000003,0.0000002
36252,0.0001107,0.0000003,0.0000002
36253,0.0001107,0.0000003,0.0000002
36254,0.0001107,0.0000003,0.0000002
36255,0.0001107,0.0000003,0.0000002
36256,0.0001107,0.0000003,0.0000002
36257,0.0001107,0.0000003,0.0000002
36258,0.0001107,0.0000003,0.0000002
36259,0.0001107,0.0000003,0.0000002
36260,0.0001107,0.0000003,0.0000002
36261,0.0001107,0.0000003,0.0000002
36262,0.0001107,0.0000003,0.0000002
36263,0.0001106,0.0000003,0.0000002
36264,0.0001106,0.0000003,0.0000002
36265,0.0001106,0.0000003,0.0000002
36266,0.0001106,0.0000003,0.0000002
36267,0.0001106,0.0000003,0.0000002
36268,0.0001106,0.0000003,0.0000002
36269,0.0001106,0.0000003,0.0000002
36270,0.0001106,0.0000003,0.0000002
36271,0.0001106,0.0000003,0.0000002
36272,0.0001106,0.0000003,0.0000002
36273,0.0001106,0.0000003,0.0000002
36274,0.0001106,0.0000003,0.0000002
36275,0.0001106,0.0000003,0.0000002
36276,0.0001106,0.0000003,0.0000002
36277,0.0001106,0.0000003,0.0000002
36278,0.0001106,0.0000003,0.0000002
36279,0.0001106,0.0000003,0.0000002
36280,0.0001106,0.0000003,0.0000002
36281,0.0001106,0.0000003,0.0000002
36282,0.0001106,0.0000003,0.0000002
36283,0.0001106,0.0000003,0.0000002
36284,0.0001106,0.0000003,0.0000002
36285,0.0001106,0.0000003,0.0000002
36286,0.0001106,0.0000003,0.0000002
36287,0.0001106,0.0000003,0.0000002
36288,0.0001106,0.0000003,0.0000002
36289,0.0001106,0.0000003,0.0000002
36290,0.0001105,0.0000003,0.0000002
36291,0.0001105,0.0000003,0.0000002
36292,0.0001105,0.0000003,0.0000002
36293,0.0001105,0.0000003,0.0000002
36294,0.0001105,0.0000003,0.0000002
36295,0.0001105,0.0000003,0.0000002
36296,0.0001105,0.0000003,0.0000002
36297,0.0001105,0.0000003,0.0000002
36298,0.0001105,0.0000003,0.0000002
36299,0.0001105,0.0000003,0.0000002
36300,0.0001105,0.0000003,0.0000002
36301,0.0001105,0.0000003,0.0000002
36302,0.0001105,0.0000003,0.0000002
36303,0.0001105,0.0000003,0.0000002
36304,0.0001105,0.0000003,0.0000002
36305,0.0001105,0.0000003,0.0000002
36306,0.0001105,0.0000003,0.0000002
36307,0.0001105,0.0000003,0.0000002
36308,0.0001105,0.0000003,0.0000002
36309,0.0001105,0.0000003,0.0000002
36310,0.0001105,0.0000003,0.0000002
36311,0.0001105,0.0000003,0.0000002
36312,0.0001105,0.0000003,0.0000002
36313,0.0001105,0.0000003,0.0000002
36314,0.0001105,0.0000003,0.0000002
36315,0.0001105,0.0000003,0.0000002
36316,0.0001104,0.0000003,0.0000002
36317,0.0001104,0.0000003,0.0000002
36318,0.0001104,0.0000003,0.0000002
36319,0.0001104,0.0000003,0.0000002
36320,0.0001104,0.0000003,0.0000002
36321,0.0001104,0.0000003,0.0000002
36322,0.0001104,0.0000003,0.0000002
36323,0.0001104,0.0000003,0.0000002
36324,0.0001104,0.0000003,0.0000002
36325,0.0001104,0.0000003,0.0000002
36326,0.0001104,0.0000003,0.0000002
36327,0.0001104,0.0000003,0.0000002
36328,0.0001104,0.0000003,0.0000002
36329,0.0001104,0.0000003,0.0000002
36330,0.0001104,0.0000003,0.0000002
36331,0.0001104,0.0000003,0.0000002
36332,0.0001104,0.0000003,0.0000002
36333,0.0001104,0.0000003,0.0000002
36334,0.0001104,0.0000003,0.0000002
36335,0.0001104,0.0000003,0.0000002
36336,0.0001104,0.0000003,0.0000002
36337,0.0001104,0.0000003,0.0000002
36338,0.0001104,0.0000003,0.0000002
36339,0.0001104,0.0000003,0.0000002
36340,0.0001104,0.0000003,0.0000002
36341,0.0001104,0.0000003,0.0000002
36342,0.0001103,0.0000003,0.0000002
36343,0.0001103,0.0000003,0.0000002
36344,0.0001103,0.0000003,0.0000002
36345,0.0001103,0.0000003,0.0000002
36346,0.0001103,0.0000003,0.0000002
36347,0.0001103,0.0000003,0.0000002
36348,0.0001103,0.0000003,0.0000002
36349,0.0001103,0.0000003,0.0000002
36350,0.0001103,0.0000003,0.0000002
36351,0.0001103,0.0000003,0.0000002
36352,0.0001103,0.0000003,0.0000002
36353,0.0001103,0.0000003,0.0000002
36354,0.0001103,0.0000003,0.0000002
36355,0.0001103,0.0000003,0.0000002
36356,0.0001103,0.0000003,0.0000002
36357,0.0001103,0.0000003,0.0000002
36358,0.0001103,0.0000003,0.0000002
36359,0.0001103,0.0000003,0.0000002
36360,0.0001103,0.0000003,0.0000002
36361,0.0001103,0.0000003,0.0000002
36362,0.0001103,0.0000003,0.0000002
36363,0.0001103,0.0000003,0.0000002
36364,0.0001103,0.0000003,0.0000002
36365,0.0001103,0.0000003,0.0000002
36366,0.0001103,0.0000003,0.0000002
36367,0.0001103,0.0000003,0.0000002
36368,0.0001102,0.0000003,0.0000002
36369,0.0001102,0.0000003,0.0000002
36370,0.0001102,0.0000003,0.0000002
36371,0.0001102,0.0000003,0.0000002
36372,0.0001102,0.0000003,0.0000002
36373,0.0001102,0.0000003,0.0000002
36374,0.0001102,0.0000003,0.0000002
36375,0.0001102,0.0000003,0.0000002
36376,0.0001102,0.0000003,0.0000002
36377,0.0001102,0.0000003,0.0000002
36378,0.0001102,0.0000003,0.0000002
36379,0.0001102,0.0000003,0.0000002
36380,0.0001102,0.0000003,0.0000002
36381,0.0001102,0.0000003,0.0000002
36382,0.0001102,0.0000003,0.0000002
36383,0.0001102,0.0000003,0.0000002
36384,0.0001102,0.0000003,0.0000002
36385,0.0001102,0.0000003,0.0000002
36386,0.0001102,0.0000003,0.0000002
36387,0.0001102,0.0000003,0.0000002
36388,0.0001102,0.0000003,0.0000002
36389,0.0001102,0.0000003,0.0000002
36390,0.0001102,0.0000003,0.0000002
36391,0.0001102,0.0000003,0.0000002
36392,0.0001102,0.0000003,0.0000002
36393,0.0001102,0.0000003,0.0000002
36394,0.0001101,0.0000003,0.0000002
36395,0.0001101,0.0000003,0.0000002
36396,0.0001101,0.0000003,0.0000002
36397,0.0001101,0.0000003,0.0000002
36398,0.0001101,0.0000003,0.0000002
36399,0.0001101,0.0000003,0.0000002
36400,0.0001101,0.0000003,0.0000002
36401,0.0001101,0.0000003,0.0000002
36402,0.0001101,0.0000003,0.0000002
36403,0.0001101,0.0000003,0.0000002
36404,0.0001101,0.0000003,0.0000002
36405,0.0001101,0.0000003,0.0000002
36406,0.0001101,0.0000003,0.0000002
36407,0.0001101,0.0000003,0.0000002
36408,0.0001101,0.0000003,0.0000002
36409,0.0001101,0.0000003,0.0000002
36410,0.0001101,0.0000003,0.0000002
36411,0.0001101,0.0000003,0.0000002
36412,0.0001101,0.0000003,0.0000002
36413,0.0001101,0.0000003,0.0000002
36414,0.0001101,0.0000003,0.0000002
36415,0.0001101,0.0000003,0.0000002
36416,0.0001101,0.0000003,0.0000002
36417,0.0001101,0.0000003,0.0000002
36418,0.0001101,0.0000003,0.0000002
36419,0.0001101,0.0000003,0.0000002
36420,0.0001100,0.0000003,0.0000002
36421,0.0001100,0.0000003,0.0000002
36422,0.0001100,0.0000003,0.0000002
36423,0.0001100,0.0000003,0.0000002
36424,0.0001100,0.0000003,0.0000002
36425,0.0001100,0.0000003,0.0000002
36426,0.0001100,0.0000003,0.0000002
36427,0.0001100,0.0000003,0.0000002
36428,0.0001100,0.0000003,0.0000002
36429,0.0001100,0.0000003,0.0000002
36430,0.0001100,0.0000003,0.0000002
36431,0.0001100,0.0000003,0.0000002
36432,0.0001100,0.0000003,0.0000002
36433,0.0001100,0.0000003,0.0000002
36434,0.0001100,0.0000003,0.0000002
36435,0.0001100,0.0000003,0.0000002
36436,0.0001100,0.0000003,0.0000002
36437,0.0001100,0.0000003,0.0000002
36438,0.0001100,0.0000003,0.0000002
36439,0.0001100,0.0000003,0.0000002
36440,0.0001100,0.0000003,0.0000002
36441,0.0001100,0.0000003,0.0000002
36442,0.0001100,0.0000003,0.0000002
36443,0.0001100,0.0000003,0.0000002
36444,0.0001100,0.0000003,0.0000002
36445,0.0001099,0.0000003,0.0000002
36446,0.0001099,0.0000003,0.0000002
36447,0.0001099,0.0000003,0.0000002
36448,0.0001099,0.0000003,0.0000002
36449,0.0001099,0.0000003,0.0000002
36450,0.0001099,0.0000003,0.0000002
36451,0.0001099,0.0000003,0.0000002
36452,0.0001099,0.0000003,0.0000002
36453,0.0001099,0.0000003,0.0000002
36454,0.0001099,0.0000003,0.0000002
36455,0.0001099,0.0000003,0.0000002
36456,0.0001099,0.0000003,0.0000002
36457,0.0001099,0.0000003,0.0000002
36458,0.0001099,0.0000003,0.0000002
36459,0.0001099,0.0000003,0.0000002
36460,0.0001099,0.0000003,0.0000002
36461,0.0001099,0.0000003,0.0000002
36462,0.0001099,0.0000003,0.0000002
36463,0.0001099,0.0000003,0.0000002
36464,0.0001099,0.0000003,0.0000002
36465,0.0001099,0.0000003,0.0000002
36466,0.0001099,0.0000003,0.0000002
36467,0.0001099,0.0000003,0.0000002
36468,0.0001099,0.0000003,0.0000002
36469,0.0001099,0.0000003,0.0000002
36470,0.0001098,0.0000003,0.0000002
36471,0.0001098,0.0000003,0.0000002
36472,0.0001098,0.0000003,0.0000002
36473,0.0001098,0.0000003,0.0000002
36474,0.0001098,0.0000003,0.0000002
36475,0.0001098,0.0000003,0.0000002
36476,0.0001098,0.0000003,0.0000002
36477,0.0001098,0.0000003,0.0000002
36478,0.0001098,0.0000003,0.0000002
36479,0.0001098,0.0000003,0.0000002
36480,0.0001098,0.0000003,0.0000002
36481,0.0001098,0.0000003,0.0000002
36482,0.0001098,0.0000003,0.0000002
36483,0.0001098,0.0000003,0.0000002
36484,0.0001098,0.0000003,0.0000002
36485,0.0001098,0.0000003,0.0000002
36486,0.0001098,0.0000003,0.0000002
36487,0.0001098,0.0000003,0.0000002
36488,0.0001098,0.0000003,0.0000002
36489,0.0001098,0.0000003,0.0000002
36490,0.0001098,0.0000003,0.0000002
36491,0.0001098,0.0000003,0.0000002
36492,0.0001098,0.0000003,0.0000002
36493,0.0001098,0.0000003,0.0000002
36494,0.0001098,0.0000003,0.0000002
36495,0.0001097,0.0000003,0.0000002
36496,0.0001097,0.0000003,0.0000002
36497,0.0001097,0.0000003,0.0000002
36498,0.0001097,0.0000003,0.0000002
36499,0.0001097,0.0000003,0.0000002
36500,0.0001097,0.0000003,0.0000002
36501,0.0001097,0.0000003,0.0000002
36502,0.0001097,0.0000003,0.0000002
36503,0.0001097,0.0000003,0.0000002
36504,0.0001097,0.0000003,0.0000002
36505,0.0001097,0.0000003,0.0000002
36506,0.0001097,0.0000003,0.0000002
36507,0.0001097,0.0000003,0.0000002
36508,0.0001097,0.0000003,0.0000002
36509,0.0001097,0.0000003,0.0000002
36510,0.0001097,0.0000003,0.0000002
36511,0.0001097,0.0000003,0.0000002
36512,0.0001097,0.0000003,0.0000002
36513,0.0001097,0.0000003,0.0000002
36514,0.0001097,0.0000003,0.0000002
36515,0.0001097,0.0000003,0.0000002
36516,0.0001097,0.0000003,0.0000002
36517,0.0001097,0.0000003,0.0000002
36518,0.0001097,0.0000003,0.0000002
36519,0.0001097,0.0000003,0.0000002
36520,0.0001096,0.0000003,0.0000002
36521,0.0001096,0.0000003,0.0000002
36522,0.0001096,0.0000003,0.0000002
36523,0.0001096,0.0000003,0.0000002
36524,0.0001096,0.0000003,0.0000002
36525,0.0001096,0.0000003,0.0000002
36526,0.0001096,0.0000003,0.0000002
36527,0.0001096,0.0000003,0.0000002
36528,0.0001096,0.0000003,0.0000002
36529,0.0001096,0.0000003,0.0000002
36530,0.0001096,0.0000003,0.0000002
36531,0.0001096,0.0000003,0.0000002
36532,0.0001096,0.0000003,0.0000002
36533,0.0001096,0.0000003,0.0000002
36534,0.0001096,0.0000003,0.0000002
36535,0.0001096,0.0000003,0.0000002
36536,0.0001096,0.0000003,0.0000002
36537,0.0001096,0.0000003,0.0000002
36538,0.0001096,0.0000003,0.0000002
36539,0.0001096,0.0000003,0.0000002
36540,0.0001096,0.0000003,0.0000002
36541,0.0001096,0.0000003,0.0000002
36542,0.0001096,0.0000003,0.0000002
36543,0.0001096,0.0000003,0.0000002
36544,0.0001095,0.0000003,0.0000002
36545,0.0001095,0.0000003,0.0000002
36546,0.0001095,0.0000003,0.0000002
36547,0.0001095,0.0000003,0.0000002
36548,0.0001095,0.0000003,0.0000002
36549,0.0001095,0.0000003,0.0000002
36550,0.0001095,0.0000003,0.0000002
36551,0.0001095,0.0000003,0.0000002
36552,0.0001095,0.0000003,0.0000002
36553,0.0001095,0.0000003,0.0000002
36554,0.0001095,0.0000003,0.0000002
36555,0.0001095,0.0000003,0.0000002
36556,0.0001095,0.0000003,0.0000002
36557,0.0001095,0.0000003,0.0000002
36558,0.0001095,0.0000003,0.0000002
36559,0.0001095,0.0000003,0.0000002
36560,0.0001095,0.0000003,0.0000002
36561,0.0001095,0.0000003,0.0000002
36562,0.0001095,0.0000003,0.0000002
36563,0.0001095,0.0000003,0.0000002
36564,0.0001095,0.0000003,0.0000002
36565,0.0001095,0.0000003,0.0000002
36566,0.0001095,0.0000003,0.0000002
36567,0.0001095,0.0000003,0.0000002
36568,0.0001094,0.0000003,0.0000002
36569,0.0001094,0.0000003,0.0000002
36570,0.0001094,0.0000003,0.0000002
36571,0.0001094,0.0000003,0.0000002
36572,0.0001094,0.0000003,0.0000002
36573,0.0001094,0.0000003,0.0000002
36574,0.0001094,0.0000003,0.0000002
36575,0.0001094,0.0000003,0.0000002
36576,0.0001094,0.0000003,0.0000002
36577,0.0001094,0.0000003,0.0000002
36578,0.0001094,0.0000003,0.0000002
36579,0.0001094,0.0000003,0.0000002
36580,0.0001094,0.0000003,0.0000002
36581,0.0001094,0.0000003,0.0000002
36582,0.0001094,0.0000003,0.0000002
36583,0.0001094,0.0000003,0.0000002
36584,0.0001094,0.0000003,0.0000002
36585,0.0001094,0.0000003,0.0000002
36586,0.0001094,0.0000003,0.0000002
36587,0.0001094,0.0000003,0.0000002
36588,0.0001094,0.0000003,0.0000002
36589,0.0001094,0.0000003,0.0000002
36590,0.0001094,0.0000003,0.0000002
36591,0.0001094,0.0000003,0.0000002
36592,0.0001093,0.0000003,0.0000002
36593,0.0001093,0.0000003,0.0000002
36594,0.0001093,0.0000003,0.0000002
36595,0.0001093,0.0000003,0.0000002
36596,0.0001093,0.0000003,0.0000002
36597,0.0001093,0.0000003,0.0000002
36598,0.0001093,0.0000003,0.0000002
36599,0.0001093,0.0000003,0.0000002
36600,0.0001093,0.0000003,0.0000002
36601,0.0001093,0.0000003,0.0000002
36602,0.0001093,0.0000003,0.0000002
36603,0.0001093,0.0000003,0.0000002
36604,0.0001093,0.0000003,0.0000002
36605,0.0001093,0.0000003,0.0000002
36606,0.0001093,0.0000003,0.0000002
36607,0.0001093,0.0000003,0.0000002
36608,0.0001093,0.0000003,0.0000002
36609,0.0001093,0.0000003,0.0000002
36610,0.0001093,0.0000003,0.0000002
36611,0.0001093,0.0000003,0.0000002
36612,0.0001093,0.0000003,0.0000002
36613,0.0001093,0.0000003,0.0000002
36614,0.0001093,0.0000003,0.0000002
36615,0.0001093,0.0000003,0.0000002
36616,0.0001092,0.0000003,0.0000002
36617,0.0001092,0.0000003,0.0000002
36618,0.0001092,0.0000003,0.0000002
36619,0.0001092,0.0000003,0.0000002
36620,0.0001092,0.0000003,0.0000002
36621,0.0001092,0.0000003,0.0000002
36622,0.0001092,0.0000003,0.0000002
36623,0.0001092,0.0000003,0.0000002
36624,0.0001092,0.0000003,0.0000002
36625,0.0001092,0.0000003,0.0000002
36626,0.0001092,0.0000003,0.0000002
36627,0.0001092,0.0000003,0.0000002
36628,0.0001092,0.0000003,0.0000002
36629,0.0001092,0.0000003,0.0000002
36630,0.0001092,0.0000003,0.0000002
36631,0.0001092,0.0000003,0.0000002
36632,0.0001092,0.0000003,0.0000002
36633,0.0001092,0.0000003,0.0000002
36634,0.0001092,0.0000003,0.0000002
36635,0.0001092,0.0000003,0.0000002
36636,0.0001092,0.0000003,0.0000002
36637,0.0001092,0.0000003,0.0000002
36638,0.0001092,0.0000003,0.0000002
36639,0.0001092,0.0000003,0.0000002
36640,0.0001091,0.0000003,0.0000002
36641,0.0001091,0.0000003,0.0000002
36642,0.0001091,0.0000003,0.0000002
36643,0.0001091,0.0000003,0.0000002
36644,0.0001091,0.0000003,0.0000002
36645,0.0001091,0.0000003,0.0000002
36646,0.0001091,0.0000003,0.0000002
36647,0.0001091,0.0000003,0.0000002
36648,0.0001091,0.0000003,0.0000002
36649,0.0001091,0.0000003,0.0000002
36650,0.0001091,0.0000003,0.0000002
36651,0.0001091,0.0000003,0.0000002
36652,0.0001091,0.0000003,0.0000002
36653,0.0001091,0.0000003,0.0000002
36654,0.0001091,0.0000003,0.0000002
36655,0.0001091,0.0000003,0.0000002
36656,0.0001091,0.0000003,0.0000002
36657,0.0001091,0.0000003,0.0000002
36658,0.0001091,0.0000003,0.0000002
36659,0.0001091,0.0000003,0.0000002
36660,0.0001091,0.0000003,0.0000002
36661,0.0001091,0.0000003,0.0000002
36662,0.0001091,0.0000003,0.0000002
36663,0.0001090,0.0000003,0.0000002
36664,0.0001090,0.0000003,0.0000002
36665,0.0001090,0.0000003,0.0000002
36666,0.0001090,0.0000003,0.0000002
36667,0.0001090,0.0000003,0.0000002
36668,0.0001090,0.0000003,0.0000002
36669,0.0001090,0.0000003,0.0000002
36670,0.0001090,0.0000003,0.0000002
36671,0.0001090,0.0000003,0.0000002
36672,0.0001090,0.0000003,0.0000002
36673,0.0001090,0.0000003,0.0000002
36674,0.0001090,0.0000003,0.0000002
36675,0.0001090,0.0000003,0.0000002
36676,0.0001090,0.0000003,0.0000002
36677,0.0001090,0.0000003,0.0000002
36678,0.0001090,0.0000003,0.0000002
36679,0.0001090,0.0000003,0.0000002
36680,0.0001090,0.0000003,0.0000002
36681,0.0001090,0.0000003,0.0000002
36682,0.0001090,0.0000003,0.0000002
36683,0.0001090,0.0000003,0.0000002
36684,0.0001090,0.0000003,0.0000002
36685,0.0001090,0.0000003,0.0000002
36686,0.0001089,0.0000003,0.0000002
36687,0.0001089,0.0000003,0.0000002
36688,0.0001089,0.0000003,0.0000002
36689,0.0001089,0.0000003,0.0000002
36690,0.0001089,0.0000003,0.0000002
36691,0.0001089,0.0000003,0.0000002
36692,0.0001089,0.0000003,0.0000002
36693,0.0001089,0.0000003,0.0000002
36694,0.0001089,0.0000003,0.0000002
36695,0.0001089,0.0000003,0.0000002
36696,0.0001089,0.0000003,0.0000002
36697,0.0001089,0.0000003,0.0000002
36698,0.0001089,0.0000003,0.0000002
36699,0.0001089,0.0000003,0.0000002
36700,0.0001089,0.0000003,0.0000002
36701,0.0001089,0.0000003,0.0000002
36702,0.0001089,0.0000003,0.0000002
36703,0.0001089,0.0000003,0.0000002
36704,0.0001089,0.0000003,0.0000002
36705,0.0001089,0.0000003,0.0000002
36706,0.0001089,0.0000003,0.0000002
36707,0.0001089,0.0000003,0.0000002
36708,0.0001089,0.0000003,0.0000002
36709,0.0001088,0.0000003,0.0000002
36710,0.0001088,0.0000003,0.0000002
36711,0.0001088,0.0000003,0.0000002
36712,0.0001088,0.0000003,0.0000002
36713,0.0001088,0.0000003,0.0000002
36714,0.0001088,0.0000003,0.0000002
36715,0.0001088,0.0000003,0.0000002
36716,0.0001088,0.0000003,0.0000002
36717,0.0001088,0.0000003,0.0000002
36718,0.0001088,0.0000003,0.0000002
36719,0.0001088,0.0000003,0.0000002
36720,0.0001088,0.0000003,0.0000002
36721,0.0001088,0.0000003,0.0000002
36722,0.0001088,0.0000003,0.0000002
36723,0.0001088,0.0000003,0.0000002
36724,0.0001088,0.0000003,0.0000002
36725,0.0001088,0.0000003,0.0000002
36726,0.0001088,0.0000003,0.0000002
36727,0.0001088,0.0000003,0.0000002
36728,0.0001088,0.0000003,0.0000002
36729,0.0001088,0.0000003,0.0000002
36730,0.0001088,0.0000003,0.0000002
36731,0.0001088,0.0000003,0.0000002
36732,0.0001087,0.0000003,0.0000002
36733,0.0001087,0.0000003,0.0000002
36734,0.0001087,0.0000003,0.0000002
36735,0.0001087,0.0000003,0.0000002
36736,0.0001087,0.0000003,0.0000002
36737,0.0001087,0.0000003,0.0000002
36738,0.0001087,0.0000003,0.0000002
36739,0.0001087,0.0000003,0.0000002
36740,0.0001087,0.0000003,0.0000002
36741,0.0001087,0.0000003,0.0000002
36742,0.0001087,0.0000003,0.0000002
36743,0.0001087,0.0000003,0.0000002
36744,0.0001087,0.0000003,0.0000002
36745,0.0001087,0.0000003,0.0000002
36746,0.0001087,0.0000003,0.0000002
36747,0.0001087,0.0000003,0.0000002
36748,0.0001087,0.0000003,0.0000002
36749,0.0001087,0.0000003,0.0000002
36750,0.0001087,0.0000003,0.0000002
36751,0.0001087,0.0000003,0.0000002
36752,0.0001087,0.0000003,0.0000002
36753,0.0001087,0.0000003,0.0000002
36754,0.0001086,0.0000003,0.0000002
36755,0.0001086,0.0000003,0.0000002
36756,0.0001086,0.0000003,0.0000002
36757,0.0001086,0.0000003,0.0000002
36758,0.0001086,0.0000003,0.0000002
36759,0.0001086,0.0000003,0.0000002
36760,0.0001086,0.0000003,0.0000002
36761,0.0001086,0.0000003,0.0000002
36762,0.0001086,0.0000003,0.0000002
36763,0.0001086,0.0000003,0.0000002
36764,0.0001086,0.0000003,0.0000002
36765,0.0001086,0.0000003,0.0000002
36766,0.0001086,0.0000003,0.0000002
36767,0.0001086,0.0000003,0.0000002
36768,0.0001086,0.0000003,0.0000002
36769,0.0001086,0.0000003,0.0000002
36770,0.0001086,0.0000003,0.0000002
36771,0.0001086,0.0000003,0.0000002
36772,0.0001086,0.0000003,0.0000002
36773,0.0001086,0.0000003,0.0000002
36774,0.0001086,0.0000003,0.0000002
36775,0.0001086,0.0000003,0.0000002
36776,0.0001086,0.0000003,0.0000002
36777,0.0001085,0.0000003,0.0000002
36778,0.0001085,0.0000003,0.0000002
36779,0.0001085,0.0000003,0.0000002
36780,0.0001085,0.0000003,0.0000002
36781,0.0001085,0.0000003,0.0000002
36782,0.0001085,0.0000003,0.0000002
36783,0.0001085,0.0000003,0.0000002
36784,0.0001085,0.0000003,0.0000002
36785,0.0001085,0.0000003,0.0000002
36786,0.0001085,0.0000003,0.0000002
36787,0.0001085,0.0000003,0.0000002
36788,0.0001085,0.0000003,0.0000002
36789,0.0001085,0.0000003,0.0000002
36790,0.0001085,0.0000003,0.0000002
36791,0.0001085,0.0000003,0.0000002
36792,0.0001085,0.0000003,0.0000002
36793,0.0001085,0.0000003,0.0000002
36794,0.0001085,0.0000003,0.0000002
36795,0.0001085,0.0000003,0.0000002
36796,0.0001085,0.0000003,0.0000002
36797,0.0001085,0.0000003,0.0000002
36798,0.0001085,0.0000003,0.0000002
36799,0.0001084,0.0000003,0.0000002
36800,0.0001084,0.0000003,0.0000002
36801,0.0001084,0.0000003,0.0000002
36802,0.0001084,0.0000003,0.0000002
36803,0.0001084,0.0000003,0.0000002
36804,0.0001084,0.0000003,0.0000002
36805,0.0001084,0.0000003,0.0000002
36806,0.0001084,0.0000003,0.0000002
36807,0.0001084,0.0000003,0.0000002
36808,0.0001084,0.0000003,0.0000002
36809,0.0001084,0.0000003,0.0000002
36810,0.0001084,0.0000003,0.0000002
36811,0.0001084,0.0000003,0.0000002
36812,0.0001084,0.0000003,0.0000002
36813,0.0001084,0.0000003,0.0000002
36814,0.0001084,0.0000003,0.0000002
36815,0.0001084,0.0000003,0.0000002
36816,0.0001084,0.0000003,0.0000002
36817,0.0001084,0.0000003,0.0000002
36818,0.0001084,0.0000003,0.0000002
36819,0.0001084,0.0000003,0.0000002
36820,0.0001084,0.0000003,0.0000002
36821,0.0001083,0.0000003,0.0000002
36822,0.0001083,0.0000003,0.0000002
36823,0.0001083,0.0000003,0.0000002
36824,0.0001083,0.0000003,0.0000002
36825,0.0001083,0.0000003,0.0000002
36826,0.0001083,0.0000003,0.0000002
36827,0.0001083,0.0000003,0.0000002
36828,0.0001083,0.0000003,0.0000002
36829,0.0001083,0.0000003,0.0000002
36830,0.0001083,0.0000003,0.0000002
36831,0.0001083,0.0000003,0.0000002
36832,0.0001083,0.0000003,0.0000002
36833,0.0001083,0.0000003,0.0000002
36834,0.0001083,0.0000003,0.0000002
36835,0.0001083,0.0000003,0.0000002
36836,0.0001083,0.0000003,0.0000002
36837,0.0001083,0.0000003,0.0000002
36838,0.0001083,0.0000003,0.0000002
36839,0.0001083,0.0000003,0.0000002
36840,0.0001083,0.0000003,0.0000002
36841,0.0001083,0.0000003,0.0000002
36842,0.0001083,0.0000003,0.0000002
36843,0.0001082,0.0000003,0.0000002
36844,0.0001082,0.0000003,0.0000002
36845,0.0001082,0.0000003,0.0000002
36846,0.0001082,0.0000003,0.0000002
36847,0.0001082,0.0000003,0.0000002
36848,0.0001082,0.0000003,0.0000002
36849,0.0001082,0.0000003,0.0000002
36850,0.0001082,0.0000003,0.0000002
36851,0.0001082,0.0000003,0.0000002
36852,0.0001082,0.0000003,0.0000002
36853,0.0001082,0.0000003,0.0000002
36854,0.0001082,0.0000003,0.0000002
36855,0.0001082,0.0000003,0.0000002
36856,0.0001082,0.0000003,0.0000002
36857,0.0001082,0.0000003,0.0000002
36858,0.0001082,0.0000003,0.0000002
36859,0.0001082,0.0000003,0.0000002
36860,0.0001082,0.0000003,0.0000002
36861,0.0001082,0.0000003,0.0000002
36862,0.0001082,0.0000003,0.0000002
36863,0.0001082,0.0000003,0.0000002
36864,0.0001082,0.0000003,0.0000002
36865,0.0001081,0.0000003,0.0000002
36866,0.0001081,0.0000003,0.0000002
36867,0.0001081,0.0000003,0.0000002
36868,0.0001081,0.0000003,0.0000002
36869,0.0001081,0.0000003,0.0000002
36870,0.0001081,0.0000003,0.0000002
36871,0.0001081,0.0000003,0.0000002
36872,0.0001081,0.0000003,0.0000002
36873,0.0001081,0.0000003,0.0000002
36874,0.0001081,0.0000003,0.0000002
36875,0.0001081,0.0000003,0.0000002
36876,0.0001081,0.0000003,0.0000002
36877,0.0001081,0.0000003,0.0000002
36878,0.0001081,0.0000003,0.0000002
36879,0.0001081,0.0000003,0.0000002
36880,0.0001081,0.0000003,0.0000002
36881,0.0001081,0.0000003,0.0000002
36882,0.0001081,0.0000003,0.0000002
36883,0.0001081,0.0000003,0.0000002
36884,0.0001081,0.0000003,0.0000002
36885,0.0001081,0.0000003,0.0000002
36886,0.0001080,0.0000003,0.0000002
36887,0.0001080,0.0000003,0.0000002
36888,0.0001080,0.0000003,0.0000002
36889,0.0001080,0.0000003,0.0000002
36890,0.0001080,0.0000003,0.0000002
36891,0.0001080,0.0000003,0.0000002
36892,0.0001080,0.0000003,0.0000002
36893,0.0001080,0.0000003,0.0000002
36894,0.0001080,0.0000003,0.0000002
36895,0.0001080,0.0000003,0.0000002
36896,0.0001080,0.0000003,0.0000002
36897,0.0001080,0.0000003,0.0000002
36898,0.0001080,0.0000003,0.0000002
36899,0.0001080,0.0000003,0.0000002
36900,0.0001080,0.0000003,0.0000002
36901,0.0001080,0.0000003,0.0000002
36902,0.0001080,0.0000003,0.0000002
36903,0.0001080,0.0000003,0.0000002
36904,0.0001080,0.0000003,0.0000002
36905,0.0001080,0.0000003,0.0000002
36906,0.0001080,0.0000003,0.0000002
36907,0.0001079,0.0000003,0.0000002
36908,0.0001079,0.0000003,0.0000002
36909,0.0001079,0.0000003,0.0000002
36910,0.0001079,0.0000003,0.0000002
36911,0.0001079,0.0000003,0.0000002
36912,0.0001079,0.0000003,0.0000002
36913,0.0001079,0.0000003,0.0000002
36914,0.0001079,0.0000003,0.0000002
36915,0.0001079,0.0000003,0.0000002
36916,0.0001079,0.0000003,0.0000002
36917,0.0001079,0.0000003,0.0000002
36918,0.0001079,0.0000003,0.0000002
36919,0.0001079,0.0000003,0.0000002
36920,0.0001079,0.0000003,0.0000002
36921,0.0001079,0.0000003,0.0000002
36922,0.0001079,0.0000003,0.0000002
36923,0.0001079,0.0000003,0.0000002
36924,0.0001079,0.0000003,0.0000002
36925,0.0001079,0.0000003,0.0000002
36926,0.0001079,0.0000003,0.0000002
36927,0.0001079,0.0000003,0.0000002
36928,0.0001079,0.0000003,0.0000002
36929,0.0001078,0.0000003,0.0000002
36930,0.0001078,0.0000003,0.0000002
36931,0.0001078,0.0000003,0.0000002
36932,0.0001078,0.0000003,0.0000002
36933,0.0001078,0.0000003,0.0000002
36934,0.0001078,0.0000003,0.0000002
36935,0.0001078,0.0000003,0.0000002
36936,0.0001078,0.0000003,0.0000002
36937,0.0001078,0.0000003,0.0000002
36938,0.0001078,0.0000003,0.0000002
36939,0.0001078,0.0000003,0.0000002
36940,0.0001078,0.0000003,0.0000002
36941,0.0001078,0.0000003,0.0000002
36942,0.0001078,0.0000003,0.0000002
36943,0.0001078,0.0000003,0.0000002
36944,0.0001078,0.0000003,0.0000002
36945,0.0001078,0.0000003,0.0000002
36946,0.0001078,0.0000003,0.0000002
36947,0.0001078,0.0000003,0.0000002
36948,0.0001078,0.0000003,0.0000002
36949,0.0001078,0.0000003,0.0000002
36950,0.0001077,0.0000003,0.0000002
36951,0.0001077,0.0000003,0.0000002
36952,0.0001077,0.0000003,0.0000002
36953,0.0001077,0.0000003,0.0000002
36954,0.0001077,0.0000003,0.0000002
36955,0.0001077,0.0000003,0.0000002
36956,0.0001077,0.0000003,0.0000002
36957,0.0001077,0.0000003,0.0000002
36958,0.0001077,0.0000003,0.0000002
36959,0.0001077,0.0000003,0.0000002
36960,0.0001077,0.0000003,0.0000002
36961,0.0001077,0.0000003,0.0000002
36962,0.0001077,0.0000003,0.0000002
36963,0.0001077,0.0000003,0.0000002
36964,0.0001077,0.0000003,0.0000002
36965,0.0001077,0.0000003,0.0000002
36966,0.0001077,0.0000003,0.0000002
36967,0.0001077,0.0000003,0.0000002
36968,0.0001077,0.0000003,0.0000002
36969,0.0001077,0.0000003,0.0000002
36970,0.0001077,0.0000003,0.0000002
36971,0.0001076,0.0000003,0.0000002
36972,0.0001076,0.0000003,0.0000002
36973,0.0001076,0.0000003,0.0000002
36974,0.0001076,0.0000003,0.0000002
36975,0.0001076,0.0000003,0.0000002
36976,0.0001076,0.0000003,0.0000002
36977,0.0001076,0.0000003,0.0000002
36978,0.0001076,0.0000003,0.0000002
36979,0.0001076,0.0000003,0.0000002
36980,0.0001076,0.0000003,0.0000002
36981,0.0001076,0.0000003,0.0000002
36982,0.0001076,0.0000003,0.0000002
36983,0.0001076,0.0000003,0.0000002
36984,0.0001076,0.0000003,0.0000002
36985,0.0001076,0.0000003,0.0000002
36986,0.0001076,0.0000003,0.0000002
36987,0.0001076,0.0000003,0.0000002
36988,0.0001076,0.0000003,0.0000002
36989,0.0001076,0.0000003,0.0000002
36990,0.0001076,0.0000003,0.0000002
36991,0.0001076,0.0000003,0.0000002
36992,0.0001075,0.0000003,0.0000002
36993,0.0001075,0.0000003,0.0000002
36994,0.0001075,0.0000003,0.0000002
36995,0.0001075,0.0000003,0.0000002
36996,0.0001075,0.0000003,0.0000002
36997,0.0001075,0.0000003,0.0000002
36998,0.0001075,0.0000003,0.0000002
36999,0.0001075,0.0000003,0.0000002
37000,0.0001075,0.0000003,0.0000002
37001,0.0001075,0.0000003,0.0000002
37002,0.0001075,0.0000003,0.0000002
37003,0.0001075,0.0000003,0.0000002
37004,0.0001075,0.0000003,0.0000002
37005,0.0001075,0.0000003,0.0000002
37006,0.0001075,0.0000003,0.0000002
37007,0.0001075,0.0000003,0.0000002
37008,0.0001075,0.0000003,0.0000002
37009,0.0001075,0.0000003,0.0000002
37010,0.0001075,0.0000003,0.0000002
37011,0.0001075,0.0000003,0.0000002
37012,0.0001075,0.0000003,0.0000002
37013,0.0001074,0.0000003,0.0000002
37014,0.0001074,0.0000003,0.0000002
37015,0.0001074,0.0000003,0.0000002
37016,0.0001074,0.0000003,0.0000002
37017,0.0001074,0.0000003,0.0000002
37018,0.0001074,0.0000003,0.0000002
37019,0.0001074,0.0000003,0.0000002
37020,0.0001074,0.0000003,0.0000002
37021,0.0001074,0.0000003,0.0000002
37022,0.0001074,0.0000003,0.0000002
37023,0.0001074,0.0000003,0.0000002
37024,0.0001074,0.0000003,0.0000002
37025,0.0001074,0.0000003,0.0000002
37026,0.0001074,0.0000003,0.0000002
37027,0.0001074,0.0000003,0.0000002
37028,0.0001074,0.0000003,0.0000002
37029,0.0001074,0.0000003,0.0000002
37030,0.0001074,0.0000003,0.0000002
37031,0.0001074,0.0000003,0.0000002
37032,0.0001074,0.0000003,0.0000002
37033,0.0001074,0.0000003,0.0000002
37034,0.0001073,0.0000003,0.0000002
37035,0.0001073,0.0000003,0.0000002
37036,0.0001073,0.0000003,0.0000002
37037,0.0001073,0.0000003,0.0000002
37038,0.0001073,0.0000003,0.0000002
37039,0.0001073,0.0000003,0.0000002
37040,0.0001073,0.0000003,0.0000002
37041,0.0001073,0.0000003,0.0000002
37042,0.0001073,0.0000003,0.0000002
37043,0.0001073,0.0000003,0.0000002
37044,0.0001073,0.0000003,0.0000002
37045,0.0001073,0.0000003,0.0000002
37046,0.0001073,0.0000003,0.0000002
37047,0.0001073,0.0000003,0.0000002
37048,0.0001073,0.0000003,0.0000002
37049,0.0001073,0.0000003,0.0000002
37050,0.0001073,0.0000003,0.0000002
37051,0.0001073,0.0000003,0.0000002
37052,0.0001073,0.0000003,0.0000002
37053,0.0001073,0.0000003,0.0000002
37054,0.0001072,0.0000003,0.0000002
37055,0.0001072,0.0000003,0.0000002
37056,0.0001072,0.0000003,0.0000002
37057,0.0001072,0.0000003,0.0000002
37058,0.0001072,0.0000003,0.0000002
37059,0.0001072,0.0000003,0.0000002
37060,0.0001072,0.0000003,0.0000002
37061,0.0001072,0.0000003,0.0000002
37062,0.0001072,0.0000003,0.0000002
37063,0.0001072,0.0000003,0.0000002
37064,0.0001072,0.0000003,0.0000002
37065,0.0001072,0.0000003,0.0000002
37066,0.0001072,0.0000003,0.0000002
37067,0.0001072,0.0000003,0.0000002
37068,0.0001072,0.0000003,0.0000002
37069,0.0001072,0.0000003,0.0000002
37070,0.0001072,0.0000003,0.0000002
37071,0.0001072,0.0000003,0.0000002
37072,0.0001072,0.0000003,0.0000002
37073,0.0001072,0.0000003,0.0000002
37074,0.0001072,0.0000003,0.0000002
37075,0.0001071,0.0000003,0.0000002
37076,0.0001071,0.0000003,0.0000002
37077,0.0001071,0.0000003,0.0000002
37078,0.0001071,0.0000003,0.0000002
37079,0.0001071,0.0000003,0.0000002
37080,0.0001071,0.0000003,0.0000002
37081,0.0001071,0.0000003,0.0000002
37082,0.0001071,0.0000003,0.0000002
37083,0.0001071,0.0000003,0.0000002
37084,0.0001071,0.0000003,0.0000002
37085,0.0001071,0.0000003,0.0000002
37086,0.0001071,0.0000003,0.0000002
37087,0.0001071,0.0000003,0.0000002
37088,0.0001071,0.0000003,0.0000002
37089,0.0001071,0.0000003,0.0000002
37090,0.0001071,0.0000003,0.0000002
37091,0.0001071,0.0000003,0.0000002
37092,0.0001071,0.0000003,0.0000002
37093,0.0001071,0.0000003,0.0000002
37094,0.0001071,0.0000003,0.0000002
37095,0.0001070,0.0000003,0.0000002
37096,0.0001070,0.0000003,0.0000002
37097,0.0001070,0.0000003,0.0000002
37098,0.0001070,0.0000003,0.0000002
37099,0.0001070,0.0000003,0.0000002
37100,0.0001070,0.0000003,0.0000002
37101,0.0001070,0.0000003,0.0000002
37102,0.0001070,0.0000003,0.0000002
37103,0.0001070,0.0000003,0.0000002
37104,0.0001070,0.0000003,0.0000002
37105,0.0001070,0.0000003,0.0000002
37106,0.0001070,0.0000003,0.0000002
37107,0.0001070,0.0000003,0.0000002
37108,0.0001070,0.0000003,0.0000002
37109,0.0001070,0.0000003,0.0000002
37110,0.0001070,0.0000003,0.0000002
37111,0.0001070,0.0000003,0.0000002
37112,0.0001070,0.0000003,0.0000002
37113,0.0001070,0.0000003,0.0000002
37114,0.0001070,0.0000003,0.0000002
37115,0.0001070,0.0000003,0.0000002
37116,0.0001069,0.0000003,0.0000002
37117,0.0001069,0.0000003,0.0000002
37118,0.0001069,0.0000003,0.0000002
37119,0.0001069,0.0000003,0.0000002
37120,0.0001069,0.0000003,0.0000002
37121,0.0001069,0.0000003,0.0000002
37122,0.0001069,0.0000003,0.0000002
37123,0.0001069,0.0000003,0.0000002
37124,0.0001069,0.0000003,0.0000002
37125,0.0001069,0.0000003,0.0000002
37126,0.0001069,0.0000003,0.0000002
37127,0.0001069,0.0000003,0.0000002
37128,0.0001069,0.0000003,0.0000002
37129,0.0001069,0.0000003,0.0000002
37130,0.0001069,0.0000003,0.0000002
37131,0.0001069,0.0000003,0.0000002
37132,0.0001069,0.0000003,0.0000002
37133,0.0001069,0.0000003,0.0000002
37134,0.0001069,0.0000003,0.0000002
37135,0.0001069,0.0000003,0.0000002
37136,0.0001068,0.0000003,0.0000002
37137,0.0001068,0.0000003,0.0000002
37138,0.0001068,0.0000003,0.0000002
37139,0.0001068,0.0000003,0.0000002
37140,0.0001068,0.0000003,0.0000002
37141,0.0001068,0.0000003,0.0000002
37142,0.0001068,0.0000003,0.0000002
37143,0.0001068,0.0000003,0.0000002
37144,0.0001068,0.0000003,0.0000002
37145,0.0001068,0.0000003,0.0000002
37146,0.0001068,0.0000003,0.0000002
37147,0.0001068,0.0000003,0.0000002
37148,0.0001068,0.0000003,0.0000001
37149,0.0001068,0.0000003,0.0000001
37150,0.0001068,0.0000003,0.0000001
37151,0.0001068,0.0000003,0.0000001
37152,0.0001068,0.0000003,0.0000001
37153,0.0001068,0.0000003,0.0000001
37154,0.0001068,0.0000003,0.0000001
37155,0.0001068,0.0000003,0.0000001
37156,0.0001067,0.0000003,0.0000001
37157,0.0001067,0.0000003,0.0000001
37158,0.0001067,0.0000003,0.0000001
37159,0.0001067,0.0000003,0.0000001
37160,0.0001067,0.0000003,0.0000001
37161,0.0001067,0.0000003,0.0000001
37162,0.0001067,0.0000003,0.0000001
37163,0.0001067,0.0000003,0.0000001
37164,0.0001067,0.0000003,0.0000001
37165,0.0001067,0.0000003,0.0000001
37166,0.0001067,0.0000003,0.0000001
37167,0.0001067,0.0000003,0.0000001
37168,0.0001067,0.0000003,0.0000001
37169,0.0001067,0.0000003,0.0000001
37170,0.0001067,0.0000003,0.0000001
37171,0.0001067,0.0000003,0.0000001
37172,0.0001067,0.0000003,0.0000001
37173,0.0001067,0.0000003,0.0000001
37174,0.0001067,0.0000003,0.0000001
37175,0.0001067,0.0000003,0.0000001
37176,0.0001067,0.0000003,0.0000001
37177,0.0001066,0.0000003,0.0000001
37178,0.0001066,0.0000003,0.0000001
37179,0.0001066,0.0000003,0.0000001
37180,0.0001066,0.0000003,0.0000001
37181,0.0001066,0.0000003,0.0000001
37182,0.0001066,0.0000003,0.0000001
37183,0.0001066,0.0000003,0.0000001
37184,0.0001066,0.0000003,0.0000001
37185,0.0001066,0.0000003,0.0000001
37186,0.0001066,0.0000003,0.0000001
37187,0.0001066,0.0000003,0.0000001
37188,0.0001066,0.0000003,0.0000001
37189,0.0001066,0.0000003,0.0000001
37190,0.0001066,0.0000003,0.0000001
37191,0.0001066,0.0000003,0.0000001
37192,0.0001066,0.0000003,0.0000001
37193,0.0001066,0.0000003,0.0000001
37194,0.0001066,0.0000003,0.0000001
37195,0.0001066,0.0000003,0.0000001
37196,0.0001066,0.0000003,0.0000001
37197,0.0001065,0.0000003,0.0000001
37198,0.0001065,0.0000003,0.0000001
37199,0.0001065,0.0000003,0.0000001
37200,0.0001065,0.0000003,0.0000001
37201,0.0001065,0.0000003,0.0000001
37202,0.0001065,0.0000003,0.0000001
37203,0.0001065,0.0000003,0.0000001
37204,0.0001065,0.0000003,0.0000001
37205,0.0001065,0.0000003,0.0000001
37206,0.0001065,0.0000003,0.0000001
37207,0.0001065,0.0000003,0.0000001
37208,0.0001065,0.0000003,0.0000001
37209,0.0001065,0.0000003,0.0000001
37210,0.0001065,0.0000003,0.0000001
37211,0.0001065,0.0000003,0.0000001
37212,0.0001065,0.0000003,0.0000001
37213,0.0001065,0.0000003,0.0000001
37214,0.0001065,0.0000003,0.0000001
37215,0.0001065,0.0000003,0.0000001
37216,0.0001065,0.0000003,0.0000001
37217,0.0001064,0.0000003,0.0000001
37218,0.0001064,0.0000003,0.0000001
37219,0.0001064,0.0000003,0.0000001
37220,0.0001064,0.0000003,0.0000001
37221,0.0001064,0.0000003,0.0000001
37222,0.0001064,0.0000003,0.0000001
37223,0.0001064,0.0000003,0.0000001
37224,0.0001064,0.0000003,0.0000001
37225,0.0001064,0.0000003,0.0000001
37226,0.0001064,0.0000003,0.0000001
37227,0.0001064,0.0000003,0.0000001
37228,0.0001064,0.0000003,0.0000001
37229,0.0001064,0.0000003,0.0000001
37230,0.0001064,0.0000003,0.0000001
37231,0.0001064,0.0000003,0.0000001
37232,0.0001064,0.0000003,0.0000001
37233,0.0001064,0.0000003,0.0000001
37234,0.0001064,0.0000003,0.0000001
37235,0.0001064,0.0000003,0.0000001
37236,0.0001064,0.0000003,0.0000001
37237,0.0001063,0.0000003,0.0000001
37238,0.0001063,0.0000003,0.0000001
37239,0.0001063,0.0000003,0.0000001
37240,0.0001063,0.0000003,0.0000001
37241,0.0001063,0.0000003,0.0000001
37242,0.0001063,0.0000003,0.0000001
37243,0.0001063,0.0000003,0.0000001
37244,0.0001063,0.0000003,0.0000001
37245,0.0001063,0.0000003,0.0000001
37246,0.0001063,0.0000003,0.0000001
37247,0.0001063,0.0000003,0.0000001
37248,0.0001063,0.0000003,0.0000001
37249,0.0001063,0.0000003,0.0000001
37250,0.0001063,0.0000003,0.0000001
37251,0.0001063,0.0000003,0.0000001
37252,0.0001063,0.0000003,0.0000001
37253,0.0001063,0.0000003,0.0000001
37254,0.0001063,0.0000003,0.0000001
37255,0.0001063,0.0000003,0.0000001
37256,0.0001063,0.0000003,0.0000001
37257,0.0001063,0.0000003,0.0000001
37258,0.0001062,0.0000003,0.0000001
37259,0.0001062,0.0000003,0.0000001
37260,0.0001062,0.0000003,0.0000001
37261,0.0001062,0.0000003,0.0000001
37262,0.0001062,0.0000003,0.0000001
37263,0.0001062,0.0000003,0.0000001
37264,0.0001062,0.0000003,0.0000001
37265,0.0001062,0.0000003,0.0000001
37266,0.0001062,0.0000003,0.0000001
37267,0.0001062,0.0000003,0.0000001
37268,0.0001062,0.0000003,0.0000001
37269,0.0001062,0.0000003,0.0000001
37270,0.0001062,0.0000003,0.0000001
37271,0.0001062,0.0000003,0.0000001
37272,0.0001062,0.0000003,0.0000001
37273,0.0001062,0.0000003,0.0000001
37274,0.0001062,0.0000003,0.0000001
37275,0.0001062,0.0000003,0.0000001
37276,0.0001062,0.0000003,0.0000001
37277,0.0001062,0.0000003,0.0000001
37278,0.0001061,0.0000003,0.0000001
37279,0.0001061,0.0000003,0.0000001
37280,0.0001061,0.0000003,0.0000001
37281,0.0001061,0.0000003,0.0000001
37282,0.0001061,0.0000003,0.0000001
37283,0.0001061,0.0000003,0.0000001
37284,0.0001061,0.0000003,0.0000001
37285,0.0001061,0.0000003,0.0000001
37286,0.0001061,0.0000003,0.0000001
37287,0.0001061,0.0000003,0.0000001
37288,0.0001061,0.0000003,0.0000001
37289,0.0001061,0.0000003,0.0000001
37290,0.0001061,0.0000003,0.0000001
37291,0.0001061,0.0000003,0.0000001
37292,0.0001061,0.0000003,0.0000001
37293,0.0001061,0.0000003,0.0000001
37294,0.0001061,0.0000003,0.0000001
37295,0.0001061,0.0000003,0.0000001
37296,0.0001061,0.0000003,0.0000001
37297,0.0001061,0.0000003,0.0000001
37298,0.0001060,0.0000003,0.0000001
37299,0.0001060,0.0000003,0.0000001
37300,0.0001060,0.0000003,0.0000001
37301,0.0001060,0.0000003,0.0000001
37302,0.0001060,0.0000003,0.0000001
37303,0.0001060,0.0000003,0.0000001
37304,0.0001060,0.0000003,0.0000001
37305,0.0001060,0.0000003,0.0000001
37306,0.0001060,0.0000003,0.0000001
37307,0.0001060,0.0000003,0.0000001
37308,0.0001060,0.0000003,0.0000001
37309,0.0001060,0.0000003,0.0000001
37310,0.0001060,0.0000003,0.0000001
37311,0.0001060,0.0000003,0.0000001
37312,0.0001060,0.0000003,0.0000001
37313,0.0001060,0.0000003,0.0000001
37314,0.0001060,0.0000003,0.0000001
37315,0.0001060,0.0000003,0.0000001
37316,0.0001060,0.0000003,0.0000001
37317,0.0001060,0.0000003,0.0000001
37318,0.0001059,0.0000003,0.0000001
37319,0.0001059,0.0000003,0.0000001
37320,0.0001059,0.0000003,0.0000001
37321,0.0001059,0.0000003,0.0000001
37322,0.0001059,0.0000003,0.0000001
37323,0.0001059,0.0000003,0.0000001
37324,0.0001059,0.0000003,0.0000001
37325,0.0001059,0.0000003,0.0000001
37326,0.0001059,0.0000003,0.0000001
37327,0.0001059,0.0000003,0.0000001
37328,0.0001059,0.0000003,0.0000001
37329,0.0001059,0.0000003,0.0000001
37330,0.0001059,0.0000003,0.0000001
37331,0.0001059,0.0000003,0.0000001
37332,0.0001059,0.0000003,0.0000001
37333,0.0001059,0.0000003,0.0000001
37334,0.0001059,0.0000003,0.0000001
37335,0.0001059,0.0000003,0.0000001
37336,0.0001059,0.0000003,0.0000001
37337,0.0001059,0.0000003,0.0000001
37338,0.0001058,0.0000003,0.0000001
37339,0.0001058,0.0000003,0.0000001
37340,0.0001058,0.0000003,0.0000001
37341,0.0001058,0.0000003,0.0000001
37342,0.0001058,0.0000003,0.0000001
37343,0.0001058,0.0000003,0.0000001
37344,0.0001058,0.0000003,0.0000001
37345,0.0001058,0.0000003,0.0000001
37346,0.0001058,0.0000003,0.0000001
37347,0.0001058,0.0000003,0.0000001
37348,0.0001058,0.0000003,0.0000001
37349,0.0001058,0.0000003,0.0000001
37350,0.0001058,0.0000003,0.0000001
37351,0.0001058,0.0000003,0.0000001
37352,0.0001058,0.0000003,0.0000001
37353,0.0001058,0.0000003,0.0000001
37354,0.0001058,0.0000003,0.0000001
37355,0.0001058,0.0000003,0.0000001
37356,0.0001058,0.0000003,0.0000001
37357,0.0001058,0.0000003,0.0000001
37358,0.0001057,0.0000003,0.0000001
37359,0.0001057,0.0000003,0.0000001
37360,0.0001057,0.0000003,0.0000001
37361,0.0001057,0.0000003,0.0000001
37362,0.0001057,0.0000003,0.0000001
37363,0.0001057,0.0000003,0.0000001
37364,0.0001057,0.0000003,0.0000001
37365,0.0001057,0.0000003,0.0000001
37366,0.0001057,0.0000003,0.0000001
37367,0.0001057,0.0000003,0.0000001
37368,0.0001057,0.0000003,0.0000001
37369,0.0001057,0.0000003,0.0000001
37370,0.0001057,0.0000003,0.0000001
37371,0.0001057,0.0000003,0.0000001
37372,0.0001057,0.0000003,0.0000001
37373,0.0001057,0.0000003,0.0000001
37374,0.0001057,0.0000003,0.0000001
37375,0.0001057,0.0000003,0.0000001
37376,0.0001057,0.0000003,0.0000001
37377,0.0001057,0.0000003,0.0000001
37378,0.0001057,0.0000003,0.0000001
37379,0.0001056,0.0000003,0.0000001
37380,0.0001056,0.0000003,0.0000001
37381,0.0001056,0.0000003,0.0000001
37382,0.0001056,0.0000003,0.0000001
37383,0.0001056,0.0000003,0.0000001
37384,0.0001056,0.0000003,0.0000001
37385,0.0001056,0.0000003,0.0000001
37386,0.0001056,0.0000003,0.0000001
37387,0.0001056,0.0000003,0.0000001
37388,0.0001056,0.0000003,0.0000001
37389,0.0001056,0.0000003,0.0000001
37390,0.0001056,0.0000003,0.0000001
37391,0.0001056,0.0000003,0.0000001
37392,0.0001056,0.0000003,0.0000001
37393,0.0001056,0.0000003,0.0000001
37394,0.0001056,0.0000003,0.0000001
37395,0.0001056,0.0000003,0.0000001
37396,0.0001056,0.0000003,0.0000001
37397,0.0001056,0.0000003,0.0000001
37398,0.0001056,0.0000003,0.0000001
37399,0.0001055,0.0000003,0.0000001
37400,0.0001055,0.0000003,0.0000001
37401,0.0001055,0.0000003,0.0000001
37402,0.0001055,0.0000003,0.0000001
37403,0.0001055,0.0000003,0.0000001
37404,0.0001055,0.0000003,0.0000001
37405,0.0001055,0.0000003,0.0000001
37406,0.0001055,0.0000003,0.0000001
37407,0.0001055,0.0000003,0.0000001
37408,0.0001055,0.0000003,0.0000001
37409,0.0001055,0.0000003,0.0000001
37410,0.0001055,0.0000003,0.0000001
37411,0.0001055,0.0000003,0.0000001
37412,0.0001055,0.0000003,0.0000001
37413,0.0001055,0.0000003,0.0000001
37414,0.0001055,0.0000003,0.0000001
37415,0.0001055,0.0000003,0.0000001
37416,0.0001055,0.0000003,0.0000001
37417,0.0001055,0.0000003,0.0000001
37418,0.0001055,0.0000003,0.0000001
37419,0.0001054,0.0000003,0.0000001
37420,0.0001054,0.0000003,0.0000001
37421,0.0001054,0.0000003,0.0000001
37422,0.0001054,0.0000003,0.0000001
37423,0.0001054,0.0000003,0.0000001
37424,0.0001054,0.0000003,0.0000001
37425,0.0001054,0.0000003,0.0000001
37426,0.0001054,0.0000003,0.0000001
37427,0.0001054,0.0000003,0.0000001
37428,0.0001054,0.0000003,0.0000001
37429,0.0001054,0.0000003,0.0000001
37430,0.0001054,0.0000003,0.0000001
37431,0.0001054,0.0000003,0.0000001
37432,0.0001054,0.0000003,0.0000001
37433,0.0001054,0.0000003,0.0000001
37434,0.0001054,0.0000003,0.0000001
37435,0.0001054,0.0000003,0.0000001
37436,0.0001054,0.0000003,0.0000001
37437,0.0001054,0.0000003,0.0000001
37438,0.0001054,0.0000003,0.0000001
37439,0.0001053,0.0000003,0.0000001
37440,0.0001053,0.0000003,0.0000001
37441,0.0001053,0.0000003,0.0000001
37442,0.0001053,0.0000003,0.0000001
37443,0.0001053,0.0000003,0.0000001
37444,0.0001053,0.0000003,0.0000001
37445,0.0001053,0.0000003,0.0000001
37446,0.0001053,0.0000003,0.0000001
37447,0.0001053,0.0000003,0.0000001
37448,0.0001053,0.0000003,0.0000001
37449,0.0001053,0.0000003,0.0000001
37450,0.0001053,0.0000003,0.0000001
37451,0.0001053,0.0000003,0.0000001
37452,0.0001053,0.0000003,0.0000001
37453,0.0001053,0.0000003,0.0000001
37454,0.0001053,0.0000003,0.0000001
37455,0.0001053,0.0000003,0.0000001
37456,0.0001053,0.0000003,0.0000001
37457,0.0001053,0.0000003,0.0000001
37458,0.0001053,0.0000003,0.0000001
37459,0.0001052,0.0000003,0.0000001
37460,0.0001052,0.0000003,0.0000001
37461,0.0001052,0.0000003,0.0000001
37462,0.0001052,0.0000003,0.0000001
37463,0.0001052,0.0000003,0.0000001
37464,0.0001052,0.0000003,0.0000001
37465,0.0001052,0.0000003,0.0000001
37466,0.0001052,0.0000003,0.0000001
37467,0.0001052,0.0000003,0.0000001
37468,0.0001052,0.0000003,0.0000001
37469,0.0001052,0.0000003,0.0000001
37470,0.0001052,0.0000003,0.0000001
37471,0.0001052,0.0000003,0.0000001
37472,0.0001052,0.0000003,0.0000001
37473,0.0001052,0.0000003,0.0000001
37474,0.0001052,0.0000003,0.0000001
37475,0.0001052,0.0000003,0.0000001
37476,0.0001052,0.0000003,0.0000001
37477,0.0001052,0.0000003,0.0000001
37478,0.0001052,0.0000003,0.0000001
37479,0.0001051,0.0000003,0.0000001
37480,0.0001051,0.0000003,0.0000001
37481,0.0001051,0.0000003,0.0000001
37482,0.0001051,0.0000003,0.0000001
37483,0.0001051,0.0000003,0.0000001
37484,0.0001051,0.0000003,0.0000001
37485,0.0001051,0.0000003,0.0000001
37486,0.0001051,0.0000003,0.0000001
37487,0.0001051,0.0000003,0.0000001
37488,0.0001051,0.0000003,0.0000001
37489,0.0001051,0.0000003,0.0000001
37490,0.0001051,0.0000003,0.0000001
37491,0.0001051,0.0000003,0.0000001
37492,0.0001051,0.0000003,0.0000001
37493,0.0001051,0.0000003,0.0000001
37494,0.0001051,0.0000003,0.0000001
37495,0.0001051,0.0000003,0.0000001
37496,0.0001051,0.0000003,0.0000001
37497,0.0001051,0.0000003,0.0000001
37498,0.0001051,0.0000003,0.0000001
37499,0.0001051,0.0000003,0.0000001
37500,0.0001050,0.0000003,0.0000001
37501,0.0001050,0.0000003,0.0000001
37502,0.0001050,0.0000003,0.0000001
37503,0.0001050,0.0000003,0.0000001
37504,0.0001050,0.0000003,0.0000001
37505,0.0001050,0.0000003,0.0000001
37506,0.0001050,0.0000003,0.0000001
37507,0.0001050,0.0000003,0.0000001
37508,0.0001050,0.0000003,0.0000001
37509,0.0001050,0.0000003,0.0000001
37510,0.0001050,0.0000003,0.0000001
37511,0.0001050,0.0000003,0.0000001
37512,0.0001050,0.0000003,0.0000001
37513,0.0001050,0.0000003,0.0000001
37514,0.0001050,0.0000003,0.0000001
37515,0.0001050,0.0000003,0.0000001
37516,0.0001050,0.0000003,0.0000001
37517,0.0001050,0.0000003,0.0000001
37518,0.0001050,0.0000003,0.0000001
37519,0.0001050,0.0000003,0.0000001
37520,0.0001049,0.0000003,0.0000001
37521,0.0001049,0.0000003,0.0000001
37522,0.0001049,0.0000003,0.0000001
37523,0.0001049,0.0000003,0.0000001
37524,0.0001049,0.0000003,0.0000001
37525,0.0001049,0.0000003,0.0000001
37526,0.0001049,0.0000003,0.0000001
37527,0.0001049,0.0000003,0.0000001
37528,0.0001049,0.0000003,0.0000001
37529,0.0001049,0.0000003,0.0000001
37530,0.0001049,0.0000003,0.0000001
37531,0.0001049,0.0000003,0.0000001
37532,0.0001049,0.0000003,0.0000001
37533,0.0001049,0.0000003,0.0000001
37534,0.0001049,0.0000003,0.0000001
37535,0.0001049,0.0000003,0.0000001
37536,0.0001049,0.0000003,0.0000001
37537,0.0001049,0.0000003,0.0000001
37538,0.0001049,0.0000003,0.0000001
37539,0.0001049,0.0000003,0.0000001
37540,0.0001048,0.0000003,0.0000001
37541,0.0001048,0.0000003,0.0000001
37542,0.0001048,0.0000003,0.0000001
37543,0.0001048,0.0000003,0.0000001
37544,0.0001048,0.0000003,0.0000001
37545,0.0001048,0.0000003,0.0000001
37546,0.0001048,0.0000003,0.0000001
37547,0.0001048,0.0000003,0.0000001
37548,0.0001048,0.0000003,0.0000001
37549,0.0001048,0.0000003,0.0000001
37550,0.0001048,0.0000003,0.0000001
37551,0.0001048,0.0000003,0.0000001
37552,0.0001048,0.0000003,0.0000001
37553,0.0001048,0.0000003,0.0000001
37554,0.0001048,0.0000003,0.0000001
37555,0.0001048,0.0000003,0.0000001
37556,0.0001048,0.0000003,0.0000001
37557,0.0001048,0.0000003,0.0000001
37558,0.0001048,0.0000003,0.0000001
37559,0.0001048,0.0000003,0.0000001
37560,0.0001048,0.0000003,0.0000001
37561,0.0001047,0.0000003,0.0000001
37562,0.0001047,0.0000003,0.0000001
37563,0.0001047,0.0000003,0.0000001
37564,0.0001047,0.0000003,0.0000001
37565,0.0001047,0.0000003,0.0000001
37566,0.0001047,0.0000003,0.0000001
37567,0.0001047,0.0000003,0.0000001
37568,0.0001047,0.0000003,0.0000001
37569,0.0001047,0.0000003,0.0000001
37570,0.0001047,0.0000003,0.0000001
37571,0.0001047,0.0000003,0.0000001
37572,0.0001047,0.0000003,0.0000001
37573,0.0001047,0.0000003,0.0000001
37574,0.0001047,0.0000003,0.0000001
37575,0.0001047,0.0000003,0.0000001
37576,0.0001047,0.0000003,0.0000001
37577,0.0001047,0.0000003,0.0000001
37578,0.0001047,0.0000003,0.0000001
37579,0.0001047,0.0000003,0.0000001
37580,0.0001047,0.0000003,0.0000001
37581,0.0001046,0.0000003,0.0000001
37582,0.0001046,0.0000003,0.0000001
37583,0.0001046,0.0000003,0.0000001
37584,0.0001046,0.0000003,0.0000001
37585,0.0001046,0.0000003,0.0000001
37586,0.0001046,0.0000003,0.0000001
37587,0.0001046,0.0000003,0.0000001
37588,0.0001046,0.0000003,0.0000001
37589,0.0001046,0.0000003,0.0000001
37590,0.0001046,0.0000003,0.0000001
37591,0.0001046,0.0000003,0.0000001
37592,0.0001046,0.0000003,0.0000001
37593,0.0001046,0.0000003,0.0000001
37594,0.0001046,0.0000003,0.0000001
37595,0.0001046,0.0000003,0.0000001
37596,0.0001046,0.0000003,0.0000001
37597,0.0001046,0.0000003,0.0000001
37598,0.0001046,0.0000003,0.0000001
37599,0.0001046,0.0000003,0.0000001
37600,0.0001046,0.0000003,0.0000001
37601,0.0001045,0.0000003,0.0000001
37602,0.0001045,0.0000003,0.0000001
37603,0.0001045,0.0000003,0.0000001
37604,0.0001045,0.0000003,0.0000001
37605,0.0001045,0.0000003,0.0000001
37606,0.0001045,0.0000003,0.0000001
37607,0.0001045,0.0000003,0.0000001
37608,0.0001045,0.0000003,0.0000001
37609,0.0001045,0.0000003,0.0000001
37610,0.0001045,0.0000003,0.0000001
37611,0.0001045,0.0000003,0.0000001
37612,0.0001045,0.0000003,0.0000001
37613,0.0001045,0.0000003,0.0000001
37614,0.0001045,0.0000003,0.0000001
37615,0.0001045,0.0000003,0.0000001
37616,0.0001045,0.0000003,0.0000001
37617,0.0001045,0.0000003,0.0000001
37618,0.0001045,0.0000003,0.0000001
37619,0.0001045,0.0000003,0.0000001
37620,0.0001045,0.0000003,0.0000001
37621,0.0001045,0.0000003,0.0000001
37622,0.0001044,0.0000003,0.0000001
37623,0.0001044,0.0000003,0.0000001
37624,0.0001044,0.0000003,0.0000001
37625,0.0001044,0.0000003,0.0000001
37626,0.0001044,0.0000003,0.0000001
37627,0.0001044,0.0000003,0.0000001
37628,0.0001044,0.0000003,0.0000001
37629,0.0001044,0.0000003,0.0000001
37630,0.0001044,0.0000003,0.0000001
37631,0.0001044,0.0000003,0.0000001
37632,0.0001044,0.0000003,0.0000001
37633,0.0001044,0.0000003,0.0000001
37634,0.0001044,0.0000003,0.0000001
37635,0.0001044,0.0000003,0.0000001
37636,0.0001044,0.0000003,0.0000001
37637,0.0001044,0.0000003,0.0000001
37638,0.0001044,0.0000003,0.0000001
37639,0.0001044,0.0000003,0.0000001
37640,0.0001044,0.0000003,0.0000001
37641,0.0001044,0.0000003,0.0000001
37642,0.0001043,0.0000003,0.0000001
37643,0.0001043,0.0000003,0.0000001
37644,0.0001043,0.0000003,0.0000001
37645,0.0001043,0.0000003,0.0000001
37646,0.0001043,0.0000003,0.0000001
37647,0.0001043,0.0000003,0.0000001
37648,0.0001043,0.0000003,0.0000001
37649,0.0001043,0.0000003,0.0000001
37650,0.0001043,0.0000003,0.0000001
37651,0.0001043,0.0000003,0.0000001
37652,0.0001043,0.0000003,0.0000001
37653,0.0001043,0.0000003,0.0000001
37654,0.0001043,0.0000003,0.0000001
37655,0.0001043,0.0000003,0.0000001
37656,0.0001043,0.0000003,0.0000001
37657,0.0001043,0.0000003,0.0000001
37658,0.0001043,0.0000003,0.0000001
37659,0.0001043,0.0000003,0.0000001
37660,0.0001043,0.0000003,0.0000001
37661,0.0001043,0.0000003,0.0000001
37662,0.0001043,0.0000003,0.0000001
37663,0.0001042,0.0000003,0.0000001
37664,0.0001042,0.0000003,0.0000001
37665,0.0001042,0.0000003,0.0000001
37666,0.0001042,0.0000003,0.0000001
37667,0.0001042,0.0000003,0.0000001
37668,0.0001042,0.0000003,0.0000001
37669,0.0001042,0.0000003,0.0000001
37670,0.0001042,0.0000003,0.0000001
37671,0.0001042,0.0000003,0.0000001
37672,0.0001042,0.0000003,0.0000001
37673,0.0001042,0.0000003,0.0000001
37674,0.0001042,0.0000003,0.0000001
37675,0.0001042,0.0000003,0.0000001
37676,0.0001042,0.0000003,0.0000001
37677,0.0001042,0.0000003,0.0000001
37678,0.0001042,0.0000003,0.0000001
37679,0.0001042,0.0000003,0.0000001
37680,0.0001042,0.0000003,0.0000001
37681,0.0001042,0.0000003,0.0000001
37682,0.0001042,0.0000003,0.0000001
37683,0.0001041,0.0000003,0.0000001
37684,0.0001041,0.0000003,0.0000001
37685,0.0001041,0.0000003,0.0000001
37686,0.0001041,0.0000003,0.0000001
37687,0.0001041,0.0000003,0.0000001
37688,0.0001041,0.0000003,0.0000001
37689,0.0001041,0.0000003,0.0000001
37690,0.0001041,0.0000003,0.0000001
37691,0.0001041,0.0000003,0.0000001
37692,0.0001041,0.0000003,0.0000001
37693,0.0001041,0.0000003,0.0000001
37694,0.0001041,0.0000003,0.0000001
37695,0.0001041,0.0000003,0.0000001
37696,0.0001041,0.0000003,0.0000001
37697,0.0001041,0.0000003,0.0000001
37698,0.0001041,0.0000003,0.0000001
37699,0.0001041,0.0000003,0.0000001
37700,0.0001041,0.0000003,0.0000001
37701,0.0001041,0.0000003,0.0000001
37702,0.0001041,0.0000003,0.0000001
37703,0.0001041,0.0000003,0.0000001
37704,0.0001040,0.0000003,0.0000001
37705,0.0001040,0.0000003,0.0000001
37706,0.0001040,0.0000003,0.0000001
37707,0.0001040,0.0000003,0.0000001
37708,0.0001040,0.0000003,0.0000001
37709,0.0001040,0.0000003,0.0000001
37710,0.0001040,0.0000003,0.0000001
37711,0.0001040,0.0000003,0.0000001
37712,0.0001040,0.0000003,0.0000001
37713,0.0001040,0.0000003,0.0000001
37714,0.0001040,0.0000003,0.0000001
37715,0.0001040,0.0000003,0.0000001
37716,0.0001040,0.0000003,0.0000001
37717,0.0001040,0.0000003,0.0000001
37718,0.0001040,0.0000003,0.0000001
37719,0.0001040,0.0000003,0.0000001
37720,0.0001040,0.0000003,0.0000001
37721,0.0001040,0.0000003,0.0000001
37722,0.0001040,0.0000003,0.0000001
37723,0.0001040,0.0000003,0.0000001
37724,0.0001040,0.0000003,0.0000001
37725,0.0001039,0.0000003,0.0000001
37726,0.0001039,0.0000003,0.0000001
37727,0.0001039,0.0000003,0.0000001
37728,0.0001039,0.0000003,0.0000001
37729,0.0001039,0.0000003,0.0000001
37730,0.0001039,0.0000003,0.0000001
37731,0.0001039,0.0000003,0.0000001
37732,0.0001039,0.0000003,0.0000001
37733,0.0001039,0.0000003,0.0000001
37734,0.0001039,0.0000003,0.0000001
37735,0.0001039,0.0000003,0.0000001
37736,0.0001039,0.0000003,0.0000001
37737,0.0001039,0.0000003,0.0000001
37738,0.0001039,0.0000003,0.0000001
37739,0.0001039,0.0000003,0.0000001
37740,0.0001039,0.0000003,0.0000001
37741,0.0001039,0.0000003,0.0000001
37742,0.0001039,0.0000003,0.0000001
37743,0.0001039,0.0000003,0.0000001
37744,0.0001039,0.0000003,0.0000001
37745,0.0001038,0.0000003,0.0000001
37746,0.0001038,0.0000003,0.0000001
37747,0.0001038,0.0000003,0.0000001
37748,0.0001038,0.0000003,0.0000001
37749,0.0001038,0.0000003,0.0000001
37750,0.0001038,0.0000003,0.0000001
37751,0.0001038,0.0000003,0.0000001
37752,0.0001038,0.0000003,0.0000001
37753,0.0001038,0.0000003,0.0000001
37754,0.0001038,0.0000003,0.0000001
37755,0.0001038,0.0000003,0.0000001
37756,0.0001038,0.0000003,0.0000001
37757,0.0001038,0.0000003,0.0000001
37758,0.0001038,0.0000003,0.0000001
37759,0.0001038,0.0000003,0.0000001
37760,0.0001038,0.0000003,0.0000001
37761,0.0001038,0.0000003,0.0000001
37762,0.0001038,0.0000003,0.0000001
37763,0.0001038,0.0000003,0.0000001
37764,0.0001038,0.0000003,0.0000001
37765,0.0001038,0.0000003,0.0000001
37766,0.0001037,0.0000003,0.0000001
37767,0.0001037,0.0000003,0.0000001
37768,0.0001037,0.0000003,0.0000001
37769,0.0001037,0.0000003,0.0000001
37770,0.0001037,0.0000003,0.0000001
37771,0.0001037,0.0000003,0.0000001
37772,0.0001037,0.0000003,0.0000001
37773,0.0001037,0.0000003,0.0000001
37774,0.0001037,0.0000003,0.0000001
37775,0.0001037,0.0000003,0.0000001
37776,0.0001037,0.0000003,0.0000001
37777,0.0001037,0.0000003,0.0000001
37778,0.0001037,0.0000003,0.0000001
37779,0.0001037,0.0000003,0.0000001
37780,0.0001037,0.0000003,0.0000001
37781,0.0001037,0.0000003,0.0000001
37782,0.0001037,0.0000003,0.0000001
37783,0.0001037,0.0000003,0.0000001
37784,0.0001037,0.0000003,0.0000001
37785,0.0001037,0.0000003,0.0000001
37786,0.0001037,0.0000003,0.0000001
37787,0.0001036,0.0000003,0.0000001
37788,0.0001036,0.0000003,0.0000001
37789,0.0001036,0.0000003,0.0000001
37790,0.0001036,0.0000003,0.0000001
37791,0.0001036,0.0000003,0.0000001
37792,0.0001036,0.0000003,0.0000001
37793,0.0001036,0.0000003,0.0000001
37794,0.0001036,0.0000003,0.0000001
37795,0.0001036,0.0000003,0.0000001
37796,0.0001036,0.0000003,0.0000001
37797,0.0001036,0.0000003,0.0000001
37798,0.0001036,0.0000003,0.0000001
37799,0.0001036,0.0000003,0.0000001
37800,0.0001036,0.0000003,0.0000001
37801,0.0001036,0.0000003,0.0000001
37802,0.0001036,0.0000003,0.0000001
37803,0.0001036,0.0000003,0.0000001
37804,0.0001036,0.0000003,0.0000001
37805,0.0001036,0.0000003,0.0000001
37806,0.0001036,0.0000003,0.0000001
37807,0.0001036,0.0000003,0.0000001
37808,0.0001035,0.0000003,0.0000001
37809,0.0001035,0.0000003,0.0000001
37810,0.0001035,0.0000003,0.0000001
37811,0.0001035,0.0000003,0.0000001
37812,0.0001035,0.0000003,0.0000001
37813,0.0001035,0.0000003,0.0000001
37814,0.0001035,0.0000003,0.0000001
37815,0.0001035,0.0000003,0.0000001
37816,0.0001035,0.0000003,0.0000001
37817,0.0001035,0.0000003,0.0000001
37818,0.0001035,0.0000003,0.0000001
37819,0.0001035,0.0000003,0.0000001
37820,0.0001035,0.0000003,0.0000001
37821,0.0001035,0.0000003,0.0000001
37822,0.0001035,0.0000003,0.0000001
37823,0.0001035,0.0000003,0.0000001
37824,0.0001035,0.0000003,0.0000001
37825,0.0001035,0.0000003,0.0000001
37826,0.0001035,0.0000003,0.0000001
37827,0.0001035,0.0000003,0.0000001
37828,0.0001034,0.0000003,0.0000001
37829,0.0001034,0.0000003,0.0000001
37830,0.0001034,0.0000003,0.0000001
37831,0.0001034,0.0000003,0.0000001
37832,0.0001034,0.0000003,0.0000001
37833,0.0001034,0.0000003,0.0000001
37834,0.0001034,0.0000003,0.0000001
37835,0.0001034,0.0000003,0.0000001
37836,0.0001034,0.0000003,0.0000001
37837,0.0001034,0.0000003,0.0000001
37838,0.0001034,0.0000003,0.0000001
37839,0.0001034,0.0000003,0.0000001
37840,0.0001034,0.0000003,0.0000001
37841,0.0001034,0.0000003,0.0000001
37842,0.0001034,0.0000003,0.0000001
37843,0.0001034,0.0000003,0.0000001
37844,0.0001034,0.0000003,0.0000001
37845,0.0001034,0.0000003,0.0000001
37846,0.0001034,0.0000003,0.0000001
37847,0.0001034,0.0000003,0.0000001
37848,0.0001034,0.0000003,0.0000001
37849,0.0001033,0.0000003,0.0000001
37850,0.0001033,0.0000003,0.0000001
37851,0.0001033,0.0000003,0.0000001
37852,0.0001033,0.0000003,0.0000001
37853,0.0001033,0.0000003,0.0000001
37854,0.0001033,0.0000003,0.0000001
37855,0.0001033,0.0000003,0.0000001
37856,0.0001033,0.0000003,0.0000001
37857,0.0001033,0.0000003,0.0000001
37858,0.0001033,0.0000003,0.0000001
37859,0.0001033,0.0000003,0.0000001
37860,0.0001033,0.0000003,0.0000001
37861,0.0001033,0.0000003,0.0000001
37862,0.0001033,0.0000003,0.0000001
37863,0.0001033,0.0000003,0.0000001
37864,0.0001033,0.0000003,0.0000001
37865,0.0001033,0.0000003,0.0000001
37866,0.0001033,0.0000003,0.0000001
37867,0.0001033,0.0000003,0.0000001
37868,0.0001033,0.0000003,0.0000001
37869,0.0001033,0.0000003,0.0000001
37870,0.0001032,0.0000003,0.0000001
37871,0.0001032,0.0000003,0.0000001
37872,0.0001032,0.0000003,0.0000001
37873,0.0001032,0.0000003,0.0000001
37874,0.0001032,0.0000003,0.0000001
37875,0.0001032,0.0000003,0.0000001
37876,0.0001032,0.0000003,0.0000001
37877,0.0001032,0.0000003,0.0000001
37878,0.0001032,0.0000003,0.0000001
37879,0.0001032,0.0000003,0.0000001
37880,0.0001032,0.0000003,0.0000001
37881,0.0001032,0.0000003,0.0000001
37882,0.0001032,0.0000003,0.0000001
37883,0.0001032,0.0000003,0.0000001
37884,0.0001032,0.0000003,0.0000001
37885,0.0001032,0.0000003,0.0000001
37886,0.0001032,0.0000003,0.0000001
37887,0.0001032,0.0000003,0.0000001
37888,0.0001032,0.0000003,0.0000001
37889,0.0001032,0.0000003,0.0000001
37890,0.0001032,0.0000003,0.0000001
37891,0.0001031,0.0000003,0.0000001
37892,0.0001031,0.0000003,0.0000001
37893,0.0001031,0.0000003,0.0000001
37894,0.0001031,0.0000003,0.0000001
37895,0.0001031,0.0000003,0.0000001
37896,0.0001031,0.0000003,0.0000001
37897,0.0001031,0.0000003,0.0000001
37898,0.0001031,0.0000003,0.0000001
37899,0.0001031,0.0000003,0.0000001
37900,0.0001031,0.0000003,0.0000001
37901,0.0001031,0.0000003,0.0000001
37902,0.0001031,0.0000003,0.0000001
37903,0.0001031,0.0000003,0.0000001
37904,0.0001031,0.0000003,0.0000001
37905,0.0001031,0.0000003,0.0000001
37906,0.0001031,0.0000003,0.0000001
37907,0.0001031,0.0000003,0.0000001
37908,0.0001031,0.0000003,0.0000001
37909,0.0001031,0.0000003,0.0000001
37910,0.0001031,0.0000003,0.0000001
37911,0.0001031,0.0000003,0.0000001
37912,0.0001030,0.0000003,0.0000001
37913,0.0001030,0.0000003,0.0000001
37914,0.0001030,0.0000003,0.0000001
37915,0.0001030,0.0000003,0.0000001
37916,0.0001030,0.0000003,0.0000001
37917,0.0001030,0.0000003,0.0000001
37918,0.0001030,0.0000003,0.0000001
37919,0.0001030,0.0000003,0.0000001
37920,0.0001030,0.0000003,0.0000001
37921,0.0001030,0.0000003,0.0000001
37922,0.0001030,0.0000003,0.0000001
37923,0.0001030,0.0000003,0.0000001
37924,0.0001030,0.0000003,0.0000001
37925,0.0001030,0.0000003,0.0000001
37926,0.0001030,0.0000003,0.0000001
37927,0.0001030,0.0000003,0.0000001
37928,0.0001030,0.0000003,0.0000001
37929,0.0001030,0.0000003,0.0000001
37930,0.0001030,0.0000003,0.0000001
37931,0.0001030,0.0000003,0.0000001
37932,0.0001030,0.0000003,0.0000001
37933,0.0001029,0.0000003,0.0000001
37934,0.0001029,0.0000003,0.0000001
37935,0.0001029,0.0000003,0.0000001
37936,0.0001029,0.0000003,0.0000001
37937,0.0001029,0.0000003,0.0000001
37938,0.0001029,0.0000003,0.0000001
37939,0.0001029,0.0000003,0.0000001
37940,0.0001029,0.0000003,0.0000001
37941,0.0001029,0.0000003,0.0000001
37942,0.0001029,0.0000003,0.0000001
37943,0.0001029,0.0000003,0.0000001
37944,0.0001029,0.0000003,0.0000001
37945,0.0001029,0.0000003,0.0000001
37946,0.0001029,0.0000003,0.0000001
37947,0.0001029,0.0000003,0.0000001
37948,0.0001029,0.0000003,0.0000001
37949,0.0001029,0.0000003,0.0000001
37950,0.0001029,0.0000003,0.0000001
37951,0.0001029,0.0000003,0.0000001
37952,0.0001029,0.0000003,0.0000001
37953,0.0001029,0.0000003,0.0000001
37954,0.0001028,0.0000003,0.0000001
37955,0.0001028,0.0000003,0.0000001
37956,0.0001028,0.0000003,0.0000001
37957,0.0001028,0.0000003,0.0000001
37958,0.0001028,0.0000003,0.0000001
37959,0.0001028,0.0000003,0.0000001
37960,0.0001028,0.0000003,0.0000001
37961,0.0001028,0.0000003,0.0000001
37962,0.0001028,0.0000003,0.0000001
37963,0.0001028,0.0000003,0.0000001
37964,0.0001028,0.0000003,0.0000001
37965,0.0001028,0.0000003,0.0000001
37966,0.0001028,0.0000003,0.0000001
37967,0.0001028,0.0000003,0.0000001
37968,0.0001028,0.0000003,0.0000001
37969,0.0001028,0.0000003,0.0000001
37970,0.0001028,0.0000003,0.0000001
37971,0.0001028,0.0000003,0.0000001
37972,0.0001028,0.0000003,0.0000001
37973,0.0001028,0.0000003,0.0000001
37974,0.0001028,0.0000003,0.0000001
37975,0.0001027,0.0000003,0.0000001
37976,0.0001027,0.0000003,0.0000001
37977,0.0001027,0.0000003,0.0000001
37978,0.0001027,0.0000003,0.0000001
37979,0.0001027,0.0000003,0.0000001
37980,0.0001027,0.0000003,0.0000001
37981,0.0001027,0.0000003,0.0000001
37982,0.0001027,0.0000003,0.0000001
37983,0.0001027,0.0000003,0.0000001
37984,0.0001027,0.0000003,0.0000001
37985,0.0001027,0.0000003,0.0000001
37986,0.0001027,0.0000003,0.0000001
37987,0.0001027,0.0000003,0.0000001
37988,0.0001027,0.0000003,0.0000001
37989,0.0001027,0.0000003,0.0000001
37990,0.0001027,0.0000003,0.0000001
37991,0.0001027,0.0000003,0.0000001
37992,0.0001027,0.0000003,0.0000001
37993,0.0001027,0.0000003,0.0000001
37994,0.0001027,0.0000003,0.0000001
37995,0.0001027,0.0000003,0.0000001
37996,0.0001026,0.0000003,0.0000001
37997,0.0001026,0.0000003,0.0000001
37998,0.0001026,0.0000003,0.0000001
37999,0.0001026,0.0000003,0.0000001
38000,0.0001026,0.0000003,0.0000001
38001,0.0001026,0.0000003,0.0000001
38002,0.0001026,0.0000003,0.0000001
38003,0.0001026,0.0000003,0.0000001
38004,0.0001026,0.0000003,0.0000001
38005,0.0001026,0.0000003,0.0000001
38006,0.0001026,0.0000003,0.0000001
38007,0.0001026,0.0000003,0.0000001
38008,0.0001026,0.0000003,0.0000001
38009,0.0001026,0.0000003,0.0000001
38010,0.0001026,0.0000003,0.0000001
38011,0.0001026,0.0000003,0.0000001
38012,0.0001026,0.0000003,0.0000001
38013,0.0001026,0.0000003,0.0000001
38014,0.0001026,0.0000003,0.0000001
38015,0.0001026,0.0000003,0.0000001
38016,0.0001026,0.0000003,0.0000001
38017,0.0001025,0.0000003,0.0000001
38018,0.0001025,0.0000003,0.0000001
38019,0.0001025,0.0000003,0.0000001
38020,0.0001025,0.0000003,0.0000001
38021,0.0001025,0.0000003,0.0000001
38022,0.0001025,0.0000003,0.0000001
38023,0.0001025,0.0000003,0.0000001
38024,0.0001025,0.0000003,0.0000001
38025,0.0001025,0.0000003,0.0000001
38026,0.0001025,0.0000003,0.0000001
38027,0.0001025,0.0000003,0.0000001
38028,0.0001025,0.0000003,0.0000001
38029,0.0001025,0.0000003,0.0000001
38030,0.0001025,0.0000003,0.0000001
38031,0.0001025,0.0000003,0.0000001
38032,0.0001025,0.0000003,0.0000001
38033,0.0001025,0.0000003,0.0000001
38034,0.0001025,0.0000003,0.0000001
38035,0.0001025,0.0000003,0.0000001
38036,0.0001025,0.0000003,0.0000001
38037,0.0001025,0.0000003,0.0000001
38038,0.0001024,0.0000003,0.0000001
38039,0.0001024,0.0000003,0.0000001
38040,0.0001024,0.0000003,0.0000001
38041,0.0001024,0.0000003,0.0000001
38042,0.0001024,0.0000003,0.0000001
38043,0.0001024,0.0000003,0.0000001
38044,0.0001024,0.0000003,0.0000001
38045,0.0001024,0.0000003,0.0000001
38046,0.0001024,0.0000003,0.0000001
38047,0.0001024,0.0000003,0.0000001
38048,0.0001024,0.0000003,0.0000001
38049,0.0001024,0.0000003,0.0000001
38050,0.0001024,0.0000003,0.0000001
38051,0.0001024,0.0000003,0.0000001
38052,0.0001024,0.0000003,0.0000001
38053,0.0001024,0.0000003,0.0000001
38054,0.0001024,0.0000003,0.0000001
38055,0.0001024,0.0000003,0.0000001
38056,0.0001024,0.0000003,0.0000001
38057,0.0001024,0.0000003,0.0000001
38058,0.0001024,0.0000003,0.0000001
38059,0.0001023,0.0000003,0.0000001
38060,0.0001023,0.0000003,0.0000001
38061,0.0001023,0.0000003,0.0000001
38062,0.0001023,0.0000003,0.0000001
38063,0.0001023,0.0000003,0.0000001
38064,0.0001023,0.0000003,0.0000001
38065,0.0001023,0.0000003,0.0000001
38066,0.0001023,0.0000003,0.0000001
38067,0.0001023,0.0000003,0.0000001
38068,0.0001023,0.0000003,0.0000001
38069,0.0001023,0.0000003,0.0000001
38070,0.0001023,0.0000003,0.0000001
38071,0.0001023,0.0000003,0.0000001
38072,0.0001023,0.0000003,0.0000001
38073,0.0001023,0.0000003,0.0000001
38074,0.0001023,0.0000003,0.0000001
38075,0.0001023,0.0000003,0.0000001
38076,0.0001023,0.0000003,0.0000001
38077,0.0001023,0.0000003,0.0000001
38078,0.0001023,0.0000003,0.0000001
38079,0.0001023,0.0000003,0.0000001
38080,0.0001023,0.0000003,0.0000001
38081,0.0001022,0.0000003,0.0000001
38082,0.0001022,0.0000003,0.0000001
38083,0.0001022,0.0000003,0.0000001
38084,0.0001022,0.0000003,0.0000001
38085,0.0001022,0.0000003,0.0000001
38086,0.0001022,0.0000003,0.0000001
38087,0.0001022,0.0000003,0.0000001
38088,0.0001022,0.0000003,0.0000001
38089,0.0001022,0.0000003,0.0000001
38090,0.0001022,0.0000003,0.0000001
38091,0.0001022,0.0000003,0.0000001
38092,0.0001022,0.0000003,0.0000001
38093,0.0001022,0.0000003,0.0000001
38094,0.0001022,0.0000003,0.0000001
38095,0.0001022,0.0000003,0.0000001
38096,0.0001022,0.0000003,0.0000001
38097,0.0001022,0.0000003,0.0000001
38098,0.0001022,0.0000003,0.0000001
38099,0.0001022,0.0000003,0.0000001
38100,0.0001022,0.0000003,0.0000001
38101,0.0001022,0.0000003,0.0000001
38102,0.0001021,0.0000003,0.0000001
38103,0.0001021,0.0000003,0.0000001
38104,0.0001021,0.0000003,0.0000001
38105,0.0001021,0.0000003,0.0000001
38106,0.0001021,0.0000003,0.0000001
38107,0.0001021,0.0000003,0.0000001
38108,0.0001021,0.0000003,0.0000001
38109,0.0001021,0.0000003,0.0000001
38110,0.0001021,0.0000003,0.0000001
38111,0.0001021,0.0000003,0.0000001
38112,0.0001021,0.0000003,0.0000001
38113,0.0001021,0.0000003,0.0000001
38114,0.0001021,0.0000003,0.0000001
38115,0.0001021,0.0000003,0.0000001
38116,0.0001021,0.0000003,0.0000001
38117,0.0001021,0.0000003,0.0000001
38118,0.0001021,0.0000003,0.0000001
38119,0.0001021,0.0000003,0.0000001
38120,0.0001021,0.0000003,0.0000001
38121,0.0001021,0.0000003,0.0000001
38122,0.0001021,0.0000003,0.0000001
38123,0.0001020,0.0000003,0.0000001
38124,0.0001020,0.0000003,0.0000001
38125,0.0001020,0.0000003,0.0000001
38126,0.0001020,0.0000003,0.0000001
38127,0.0001020,0.0000003,0.0000001
38128,0.0001020,0.0000003,0.0000001
38129,0.0001020,0.0000003,0.0000001
38130,0.0001020,0.0000003,0.0000001
38131,0.0001020,0.0000003,0.0000001
38132,0.0001020,0.0000003,0.0000001
38133,0.0001020,0.0000003,0.0000001
38134,0.0001020,0.0000003,0.0000001
38135,0.0001020,0.0000003,0.0000001
38136,0.0001020,0.0000003,0.0000001
38137,0.0001020,0.0000003,0.0000001
38138,0.0001020,0.0000003,0.0000001
38139,0.0001020,0.0000003,0.0000001
38140,0.0001020,0.0000003,0.0000001
38141,0.0001020,0.0000003,0.0000001
38142,0.0001020,0.0000003,0.0000001
38143,0.0001020,0.0000003,0.0000001
38144,0.0001019,0.0000003,0.0000001
38145,0.0001019,0.0000003,0.0000001
38146,0.0001019,0.0000003,0.0000001
38147,0.0001019,0.0000003,0.0000001
38148,0.0001019,0.0000003,0.0000001
38149,0.0001019,0.0000003,0.0000001
38150,0.0001019,0.0000003,0.0000001
38151,0.0001019,0.0000003,0.0000001
38152,0.0001019,0.0000003,0.0000001
38153,0.0001019,0.0000003,0.0000001
38154,0.0001019,0.0000003,0.0000001
38155,0.0001019,0.0000003,0.0000001
38156,0.0001019,0.0000003,0.0000001
38157,0.0001019,0.0000003,0.0000001
38158,0.0001019,0.0000003,0.0000001
38159,0.0001019,0.0000003,0.0000001
38160,0.0001019,0.0000003,0.0000001
38161,0.0001019,0.0000003,0.0000001
38162,0.0001019,0.0000003,0.0000001
38163,0.0001019,0.0000003,0.0000001
38164,0.0001019,0.0000003,0.0000001
38165,0.0001018,0.0000003,0.0000001
38166,0.0001018,0.0000003,0.0000001
38167,0.0001018,0.0000003,0.0000001
38168,0.0001018,0.0000003,0.0000001
38169,0.0001018,0.0000003,0.0000001
38170,0.0001018,0.0000003,0.0000001
38171,0.0001018,0.0000003,0.0000001
38172,0.0001018,0.0000003,0.0000001
38173,0.0001018,0.0000003,0.0000001
38174,0.0001018,0.0000003,0.0000001
38175,0.0001018,0.0000003,0.0000001
38176,0.0001018,0.0000003,0.0000001
38177,0.0001018,0.0000003,0.0000001
38178,0.0001018,0.0000003,0.0000001
38179,0.0001018,0.0000003,0.0000001
38180,0.0001018,0.0000003,0.0000001
38181,0.0001018,0.0000003,0.0000001
38182,0.0001018,0.0000003,0.0000001
38183,0.0001018,0.0000003,0.0000001
38184,0.0001018,0.0000003,0.0000001
38185,0.0001018,0.0000003,0.0000001
38186,0.0001017,0.0000003,0.0000001
38187,0.0001017,0.0000003,0.0000001
38188,0.0001017,0.0000003,0.0000001
38189,0.0001017,0.0000003,0.0000001
38190,0.0001017,0.0000003,0.0000001
38191,0.0001017,0.0000003,0.0000001
38192,0.0001017,0.0000003,0.0000001
38193,0.0001017,0.0000003,0.0000001
38194,0.0001017,0.0000003,0.0000001
38195,0.0001017,0.0000003,0.0000001
38196,0.0001017,0.0000003,0.0000001
38197,0.0001017,0.0000003,0.0000001
38198,0.0001017,0.0000003,0.0000001
38199,0.0001017,0.0000003,0.0000001
38200,0.0001017,0.0000003,0.0000001
38201,0.0001017,0.0000003,0.0000001
38202,0.0001017,0.0000003,0.0000001
38203,0.0001017,0.0000003,0.0000001
38204,0.0001017,0.0000003,0.0000001
38205,0.0001017,0.0000003,0.0000001
38206,0.0001017,0.0000003,0.0000001
38207,0.0001016,0.0000003,0.0000001
38208,0.0001016,0.0000003,0.0000001
38209,0.0001016,0.0000003,0.0000001
38210,0.0001016,0.0000003,0.0000001
38211,0.0001016,0.0000003,0.0000001
38212,0.0001016,0.0000003,0.0000001
38213,0.0001016,0.0000003,0.0000001
38214,0.0001016,0.0000003,0.0000001
38215,0.0001016,0.0000003,0.0000001
38216,0.0001016,0.0000003,0.0000001
38217,0.0001016,0.0000003,0.0000001
38218,0.0001016,0.0000003,0.0000001
38219,0.0001016,0.0000003,0.0000001
38220,0.0001016,0.0000003,0.0000001
38221,0.0001016,0.0000003,0.0000001
38222,0.0001016,0.0000003,0.0000001
38223,0.0001016,0.0000003,0.0000001
38224,0.0001016,0.0000003,0.0000001
38225,0.0001016,0.0000003,0.0000001
38226,0.0001016,0.0000003,0.0000001
38227,0.0001016,0.0000003,0.0000001
38228,0.0001015,0.0000003,0.0000001
38229,0.0001015,0.0000003,0.0000001
38230,0.0001015,0.0000003,0.0000001
38231,0.0001015,0.0000003,0.0000001
38232,0.0001015,0.0000003,0.0000001
38233,0.0001015,0.0000003,0.0000001
38234,0.0001015,0.0000003,0.0000001
38235,0.0001015,0.0000003,0.0000001
38236,0.0001015,0.0000003,0.0000001
38237,0.0001015,0.0000003,0.0000001
38238,0.0001015,0.0000003,0.0000001
38239,0.0001015,0.0000003,0.0000001
38240,0.0001015,0.0000003,0.0000001
38241,0.0001015,0.0000003,0.0000001
38242,0.0001015,0.0000003,0.0000001
38243,0.0001015,0.0000003,0.0000001
38244,0.0001015,0.0000003,0.0000001
38245,0.0001015,0.0000003,0.0000001
38246,0.0001015,0.0000003,0.0000001
38247,0.0001015,0.0000003,0.0000001
38248,0.0001015,0.0000003,0.0000001
38249,0.0001014,0.0000003,0.0000001
38250,0.0001014,0.0000003,0.0000001
38251,0.0001014,0.0000003,0.0000001
38252,0.0001014,0.0000003,0.0000001
38253,0.0001014,0.0000003,0.0000001
38254,0.0001014,0.0000003,0.0000001
38255,0.0001014,0.0000003,0.0000001
38256,0.0001014,0.0000003,0.0000001
38257,0.0001014,0.0000003,0.0000001
38258,0.0001014,0.0000003,0.0000001
38259,0.0001014,0.0000003,0.0000001
38260,0.0001014,0.0000003,0.0000001
38261,0.0001014,0.0000003,0.0000001
38262,0.0001014,0.0000003,0.0000001
38263,0.0001014,0.0000003,0.0000001
38264,0.0001014,0.0000003,0.0000001
38265,0.0001014,0.0000003,0.0000001
38266,0.0001014,0.0000003,0.0000001
38267,0.0001014,0.0000003,0.0000001
38268,0.0001014,0.0000003,0.0000001
38269,0.0001014,0.0000003,0.0000001
38270,0.0001013,0.0000003,0.0000001
38271,0.0001013,0.0000003,0.0000001
38272,0.0001013,0.0000003,0.0000001
38273,0.0001013,0.0000003,0.0000001
38274,0.0001013,0.0000003,0.0000001
38275,0.0001013,0.0000003,0.0000001
38276,0.0001013,0.0000003,0.0000001
38277,0.0001013,0.0000003,0.0000001
38278,0.0001013,0.0000003,0.0000001
38279,0.0001013,0.0000003,0.0000001
38280,0.0001013,0.0000003,0.0000001
38281,0.0001013,0.0000003,0.0000001
38282,0.0001013,0.0000003,0.0000001
38283,0.0001013,0.0000003,0.0000001
38284,0.0001013,0.0000003,0.0000001
38285,0.0001013,0.0000003,0.0000001
38286,0.0001013,0.0000003,0.0000001
38287,0.0001013,0.0000003,0.0000001
38288,0.0001013,0.0000003,0.0000001
38289,0.0001013,0.0000003,0.0000001
38290,0.0001013,0.0000003,0.0000001
38291,0.0001012,0.0000003,0.0000001
38292,0.0001012,0.0000003,0.0000001
38293,0.0001012,0.0000003,0.0000001
38294,0.0001012,0.0000003,0.0000001
38295,0.0001012,0.0000003,0.0000001
38296,0.0001012,0.0000003,0.0000001
38297,0.0001012,0.0000003,0.0000001
38298,0.0001012,0.0000003,0.0000001
38299,0.0001012,0.0000003,0.0000001
38300,0.0001012,0.0000003,0.0000001
38301,0.0001012,0.0000003,0.0000001
38302,0.0001012,0.0000003,0.0000001
38303,0.0001012,0.0000003,0.0000001
38304,0.0001012,0.0000003,0.0000001
38305,0.0001012,0.0000003,0.0000001
38306,0.0001012,0.0000003,0.0000001
38307,0.0001012,0.0000003,0.0000001
38308,0.0001012,0.0000003,0.0000001
38309,0.0001012,0.0000003,0.0000001
38310,0.0001012,0.0000003,0.0000001
38311,0.0001012,0.0000003,0.0000001
38312,0.0001011,0.0000003,0.0000001
38313,0.0001011,0.0000003,0.0000001
38314,0.0001011,0.0000003,0.0000001
38315,0.0001011,0.0000003,0.0000001
38316,0.0001011,0.0000003,0.0000001
38317,0.0001011,0.0000003,0.0000001
38318,0.0001011,0.0000003,0.0000001
38319,0.0001011,0.0000003,0.0000001
38320,0.0001011,0.0000003,0.0000001
38321,0.0001011,0.0000003,0.0000001
38322,0.0001011,0.0000003,0.0000001
38323,0.0001011,0.0000003,0.0000001
38324,0.0001011,0.0000003,0.0000001
38325,0.0001011,0.0000003,0.0000001
38326,0.0001011,0.0000003,0.0000001
38327,0.0001011,0.0000003,0.0000001
38328,0.0001011,0.0000003,0.0000001
38329,0.0001011,0.0000003,0.0000001
38330,0.0001011,0.0000003,0.0000001
38331,0.0001011,0.0000003,0.0000001
38332,0.0001011,0.0000003,0.0000001
38333,0.0001010,0.0000003,0.0000001
38334,0.0001010,0.0000003,0.0000001
38335,0.0001010,0.0000003,0.0000001
38336,0.0001010,0.0000003,0.0000001
38337,0.0001010,0.0000003,0.0000001
38338,0.0001010,0.0000003,0.0000001
38339,0.0001010,0.0000003,0.0000001
38340,0.0001010,0.0000003,0.0000001
38341,0.0001010,0.0000003,0.0000001
38342,0.0001010,0.0000003,0.0000001
38343,0.0001010,0.0000003,0.0000001
38344,0.0001010,0.0000003,0.0000001
38345,0.0001010,0.0000003,0.0000001
38346,0.0001010,0.0000003,0.0000001
38347,0.0001010,0.0000003,0.0000001
38348,0.0001010,0.0000003,0.0000001
38349,0.0001010,0.0000003,0.0000001
38350,0.0001010,0.0000003,0.0000001
38351,0.0001010,0.0000003,0.0000001
38352,0.0001010,0.0000003,0.0000001
38353,0.0001010,0.0000003,0.0000001
38354,0.0001009,0.0000003,0.0000001
38355,0.0001009,0.0000003,0.0000001
38356,0.0001009,0.0000003,0.0000001
38357,0.0001009,0.0000003,0.0000001
38358,0.0001009,0.0000003,0.0000001
38359,0.0001009,0.0000003,0.0000001
38360,0.0001009,0.0000003,0.0000001
38361,0.0001009,0.0000003,0.0000001
38362,0.0001009,0.0000003,0.0000001
38363,0.0001009,0.0000003,0.0000001
38364,0.0001009,0.0000003,0.0000001
38365,0.0001009,0.0000003,0.0000001
38366,0.0001009,0.0000003,0.0000001
38367,0.0001009,0.0000003,0.0000001
38368,0.0001009,0.0000003,0.0000001
38369,0.0001009,0.0000003,0.0000001
38370,0.0001009,0.0000003,0.0000001
38371,0.0001009,0.0000003,0.0000001
38372,0.0001009,0.0000003,0.0000001
38373,0.0001009,0.0000003,0.0000001
38374,0.0001009,0.0000003,0.0000001
38375,0.0001008,0.0000003,0.0000001
38376,0.0001008,0.0000003,0.0000001
38377,0.0001008,0.0000003,0.0000001
38378,0.0001008,0.0000003,0.0000001
38379,0.0001008,0.0000003,0.0000001
38380,0.0001008,0.0000003,0.0000001
38381,0.0001008,0.0000003,0.0000001
38382,0.0001008,0.0000003,0.0000001
38383,0.0001008,0.0000003,0.0000001
38384,0.0001008,0.0000003,0.0000001
38385,0.0001008,0.0000003,0.0000001
38386,0.0001008,0.0000003,0.0000001
38387,0.0001008,0.0000003,0.0000001
38388,0.0001008,0.0000003,0.0000001
38389,0.0001008,0.0000003,0.0000001
38390,0.0001008,0.0000003,0.0000001
38391,0.0001008,0.0000003,0.0000001
38392,0.0001008,0.0000003,0.0000001
38393,0.0001008,0.0000003,0.0000001
38394,0.0001008,0.0000003,0.0000001
38395,0.0001008,0.0000003,0.0000001
38396,0.0001007,0.0000003,0.0000001
38397,0.0001007,0.0000003,0.0000001
38398,0.0001007,0.0000003,0.0000001
38399,0.0001007,0.0000003,0.0000001
38400,0.0001007,0.0000003,0.0000001
38401,0.0001007,0.0000003,0.0000001
38402,0.0001007,0.0000003,0.0000001
38403,0.0001007,0.0000003,0.0000001
38404,0.0001007,0.0000003,0.0000001
38405,0.0001007,0.0000003,0.0000001
38406,0.0001007,0.0000003,0.0000001
38407,0.0001007,0.0000003,0.0000001
38408,0.0001007,0.0000003,0.0000001
38409,0.0001007,0.0000003,0.0000001
38410,0.0001007,0.0000003,0.0000001
38411,0.0001007,0.0000003,0.0000001
38412,0.0001007,0.0000003,0.0000001
38413,0.0001007,0.0000003,0.0000001
38414,0.0001007,0.0000003,0.0000001
38415,0.0001007,0.0000003,0.0000001
38416,0.0001007,0.0000003,0.0000001
38417,0.0001006,0.0000003,0.0000001
38418,0.0001006,0.0000003,0.0000001
38419,0.0001006,0.0000003,0.0000001
38420,0.0001006,0.0000003,0.0000001
38421,0.0001006,0.0000003,0.0000001
38422,0.0001006,0.0000003,0.0000001
38423,0.0001006,0.0000003,0.0000001
38424,0.0001006,0.0000003,0.0000001
38425,0.0001006,0.0000003,0.0000001
38426,0.0001006,0.0000003,0.0000001
38427,0.0001006,0.0000003,0.0000001
38428,0.0001006,0.0000003,0.0000001
38429,0.0001006,0.0000003,0.0000001
38430,0.0001006,0.0000003,0.0000001
38431,0.0001006,0.0000003,0.0000001
38432,0.0001006,0.0000003,0.0000001
38433,0.0001006,0.0000003,0.0000001
38434,0.0001006,0.0000003,0.0000001
38435,0.0001006,0.0000003,0.0000001
38436,0.0001006,0.0000003,0.0000001
38437,0.0001005,0.0000003,0.0000001
38438,0.0001005,0.0000003,0.0000001
38439,0.0001005,0.0000003,0.0000001
38440,0.0001005,0.0000003,0.0000001
38441,0.0001005,0.0000003,0.0000001
38442,0.0001005,0.0000003,0.0000001
38443,0.0001005,0.0000003,0.0000001
38444,0.0001005,0.0000003,0.0000001
38445,0.0001005,0.0000003,0.0000001
38446,0.0001005,0.0000003,0.0000001
38447,0.0001005,0.0000003,0.0000001
38448,0.0001005,0.0000003,0.0000001
38449,0.0001005,0.0000003,0.0000001
38450,0.0001005,0.0000003,0.0000001
38451,0.0001005,0.0000003,0.0000001
38452,0.0001005,0.0000003,0.0000001
38453,0.0001005,0.0000003,0.0000001
38454,0.0001005,0.0000003,0.0000001
38455,0.0001005,0.0000003,0.0000001
38456,0.0001005,0.0000003,0.0000001
38457,0.0001005,0.0000003,0.0000001
38458,0.0001004,0.0000003,0.0000001
38459,0.0001004,0.0000003,0.0000001
38460,0.0001004,0.0000003,0.0000001
38461,0.0001004,0.0000003,0.0000001
38462,0.0001004,0.0000003,0.0000001
38463,0.0001004,0.0000003,0.0000001
38464,0.0001004,0.0000003,0.0000001
38465,0.0001004,0.0000003,0.0000001
38466,0.0001004,0.0000003,0.0000001
38467,0.0001004,0.0000003,0.0000001
38468,0.0001004,0.0000003,0.0000001
38469,0.0001004,0.0000003,0.0000001
38470,0.0001004,0.0000003,0.0000001
38471,0.0001004,0.0000003,0.0000001
38472,0.0001004,0.0000003,0.0000001
38473,0.0001004,0.0000003,0.0000001
38474,0.0001004,0.0000003,0.0000001
38475,0.0001004,0.0000003,0.0000001
38476,0.0001004,0.0000003,0.0000001
38477,0.0001004,0.0000003,0.0000001
38478,0.0001004,0.0000003,0.0000001
38479,0.0001003,0.0000003,0.0000001
38480,0.0001003,0.0000003,0.0000001
38481,0.0001003,0.0000003,0.0000001
38482,0.0001003,0.0000003,0.0000001
38483,0.0001003,0.0000003,0.0000001
38484,0.0001003,0.0000003,0.0000001
38485,0.0001003,0.0000003,0.0000001
38486,0.0001003,0.0000003,0.0000001
38487,0.0001003,0.0000003,0.0000001
38488,0.0001003,0.0000003,0.0000001
38489,0.0001003,0.0000003,0.0000001
38490,0.0001003,0.0000003,0.0000001
38491,0.0001003,0.0000003,0.0000001
38492,0.0001003,0.0000003,0.0000001
38493,0.0001003,0.0000003,0.0000001
38494,0.0001003,0.0000003,0.0000001
38495,0.0001003,0.0000003,0.0000001
38496,0.0001003,0.0000003,0.0000001
38497,0.0001003,0.0000003,0.0000001
38498,0.0001003,0.0000003,0.0000001
38499,0.0001002,0.0000003,0.0000001
38500,0.0001002,0.0000003,0.0000001
38501,0.0001002,0.0000003,0.0000001
38502,0.0001002,0.0000003,0.0000001
38503,0.0001002,0.0000003,0.0000001
38504,0.0001002,0.0000003,0.0000001
38505,0.0001002,0.0000003,0.0000001
38506,0.0001002,0.0000003,0.0000001
38507,0.0001002,0.0000003,0.0000001
38508,0.0001002,0.0000003,0.0000001
38509,0.0001002,0.0000003,0.0000001
38510,0.0001002,0.0000003,0.0000001
38511,0.0001002,0.0000003,0.0000001
38512,0.0001002,0.0000003,0.0000001
38513,0.0001002,0.0000003,0.0000001
38514,0.0001002,0.0000003,0.0000001
38515,0.0001002,0.0000003,0.0000001
38516,0.0001002,0.0000003,0.0000001
38517,0.0001002,0.0000003,0.0000001
38518,0.0001002,0.0000003,0.0000001
38519,0.0001002,0.0000003,0.0000001
38520,0.0001001,0.0000003,0.0000001
38521,0.0001001,0.0000003,0.0000001
38522,0.0001001,0.0000003,0.0000001
38523,0.0001001,0.0000003,0.0000001
38524,0.0001001,0.0000003,0.0000001
38525,0.0001001,0.0000003,0.0000001
38526,0.0001001,0.0000003,0.0000001
38527,0.0001001,0.0000003,0.0000001
38528,0.0001001,0.0000003,0.0000001
38529,0.0001001,0.0000003,0.0000001
38530,0.0001001,0.0000003,0.0000001
38531,0.0001001,0.0000003,0.0000001
38532,0.0001001,0.0000003,0.0000001
38533,0.0001001,0.0000003,0.0000001
38534,0.0001001,0.0000003,0.0000001
38535,0.0001001,0.0000003,0.0000001
38536,0.0001001,0.0000003,0.0000001
38537,0.0001001,0.0000003,0.0000001
38538,0.0001001,0.0000003,0.0000001
38539,0.0001001,0.0000003,0.0000001
38540,0.0001000,0.0000003,0.0000001
38541,0.0001000,0.0000003,0.0000001
38542,0.0001000,0.0000003,0.0000001
38543,0.0001000,0.0000003,0.0000001
38544,0.0001000,0.0000003,0.0000001
38545,0.0001000,0.0000003,0.0000001
38546,0.0001000,0.0000003,0.0000001
38547,0.0001000,0.0000003,0.0000001
38548,0.0001000,0.0000003,0.0000001
38549,0.0001000,0.0000003,0.0000001
38550,0.0001000,0.0000003,0.0000001
38551,0.0001000,0.0000003,0.0000001
38552,0.0001000,0.0000003,0.0000001
38553,0.0001000,0.0000003,0.0000001
38554,0.0001000,0.0000003,0.0000001
38555,0.0001000,0.0000003,0.0000001
38556,0.0001000,0.0000003,0.0000001
38557,0.0001000,0.0000003,0.0000001
38558,0.0001000,0.0000003,0.0000001
38559,0.0001000,0.0000003,0.0000001
38560,0.0001000,0.0000003,0.0000001
38561,0.0000999,0.0000003,0.0000001
38562,0.0000999,0.0000003,0.0000001
38563,0.0000999,0.0000003,0.0000001
38564,0.0000999,0.0000003,0.0000001
38565,0.0000999,0.0000003,0.0000001
38566,0.0000999,0.0000003,0.0000001
38567,0.0000999,0.0000003,0.0000001
38568,0.0000999,0.0000003,0.0000001
38569,0.0000999,0.0000003,0.0000001
38570,0.0000999,0.0000003,0.0000001
38571,0.0000999,0.0000003,0.0000001
38572,0.0000999,0.0000003,0.0000001
38573,0.0000999,0.0000003,0.0000001
38574,0.0000999,0.0000003,0.0000001
38575,0.0000999,0.0000003,0.0000001
38576,0.0000999,0.0000003,0.0000001
38577,0.0000999,0.0000003,0.0000001
38578,0.0000999,0.0000003,0.0000001
38579,0.0000999,0.0000003,0.0000001
38580,0.0000999,0.0000003,0.0000001
38581,0.0000998,0.0000003,0.0000001
38582,0.0000998,0.0000003,0.0000001
38583,0.0000998,0.0000003,0.0000001
38584,0.0000998,0.0000003,0.0000001
38585,0.0000998,0.0000003,0.0000001
38586,0.0000998,0.0000003,0.0000001
38587,0.0000998,0.0000003,0.0000001
38588,0.0000998,0.0000003,0.0000001
38589,0.0000998,0.0000003,0.0000001
38590,0.0000998,0.0000003,0.0000001
38591,0.0000998,0.0000003,0.0000001
38592,0.0000998,0.0000003,0.0000001
38593,0.0000998,0.0000003,0.0000001
38594,0.0000998,0.0000003,0.0000001
38595,0.0000998,0.0000003,0.0000001
38596,0.0000998,0.0000003,0.0000001
38597,0.0000998,0.0000003,0.0000001
38598,0.0000998,0.0000003,0.0000001
38599,0.0000998,0.0000003,0.0000001
38600,0.0000998,0.0000003,0.0000001
38601,0.0000998,0.0000003,0.0000001
38602,0.0000997,0.0000003,0.0000001
38603,0.0000997,0.0000003,0.0000001
38604,0.0000997,0.0000003,0.0000001
38605,0.0000997,0.0000003,0.0000001
38606,0.0000997,0.0000003,0.0000001
38607,0.0000997,0.0000003,0.0000001
38608,0.0000997,0.0000003,0.0000001
38609,0.0000997,0.0000003,0.0000001
38610,0.0000997,0.0000003,0.0000001
38611,0.0000997,0.0000003,0.0000001
38612,0.0000997,0.0000003,0.0000001
38613,0.0000997,0.0000003,0.0000001
38614,0.0000997,0.0000003,0.0000001
38615,0.0000997,0.0000003,0.0000001
38616,0.0000997,0.0000003,0.0000001
38617,0.0000997,0.0000003,0.0000001
38618,0.0000997,0.0000003,0.0000001
38619,0.0000997,0.0000003,0.0000001
38620,0.0000997,0.0000003,0.0000001
38621,0.0000997,0.0000003,0.0000001
38622,0.0000996,0.0000003,0.0000001
38623,0.0000996,0.0000003,0.0000001
38624,0.0000996,0.0000003,0.0000001
38625,0.0000996,0.0000003,0.0000001
38626,0.0000996,0.0000003,0.0000001
38627,0.0000996,0.0000003,0.0000001
38628,0.0000996,0.0000003,0.0000001
38629,0.0000996,0.0000003,0.0000001
38630,0.0000996,0.0000003,0.0000001
38631,0.0000996,0.0000003,0.0000001
38632,0.0000996,0.0000003,0.0000001
38633,0.0000996,0.0000003,0.0000001
38634,0.0000996,0.0000003,0.0000001
38635,0.0000996,0.0000003,0.0000001
38636,0.0000996,0.0000003,0.0000001
38637,0.0000996,0.0000003,0.0000001
38638,0.0000996,0.0000003,0.0000001
38639,0.0000996,0.0000003,0.0000001
38640,0.0000996,0.0000003,0.0000001
38641,0.0000996,0.0000003,0.0000001
38642,0.0000996,0.0000003,0.0000001
38643,0.0000995,0.0000003,0.0000001
38644,0.0000995,0.0000003,0.0000001
38645,0.0000995,0.0000003,0.0000001
38646,0.0000995,0.0000003,0.0000001
38647,0.0000995,0.0000003,0.0000001
38648,0.0000995,0.0000003,0.0000001
38649,0.0000995,0.0000003,0.0000001
38650,0.0000995,0.0000003,0.0000001
38651,0.0000995,0.0000003,0.0000001
38652,0.0000995,0.0000003,0.0000001
38653,0.0000995,0.0000003,0.0000001
38654,0.0000995,0.0000003,0.0000001
38655,0.0000995,0.0000003,0.0000001
38656,0.0000995,0.0000003,0.0000001
38657,0.0000995,0.0000003,0.0000001
38658,0.0000995,0.0000003,0.0000001
38659,0.0000995,0.0000003,0.0000001
38660,0.0000995,0.0000003,0.0000001
38661,0.0000995,0.0000003,0.0000001
38662,0.0000995,0.0000003,0.0000001
38663,0.0000994,0.0000003,0.0000001
38664,0.0000994,0.0000003,0.0000001
38665,0.0000994,0.0000003,0.0000001
38666,0.0000994,0.0000003,0.0000001
38667,0.0000994,0.0000003,0.0000001
38668,0.0000994,0.0000003,0.0000001
38669,0.0000994,0.0000003,0.0000001
38670,0.0000994,0.0000003,0.0000001
38671,0.0000994,0.0000003,0.0000001
38672,0.0000994,0.0000003,0.0000001
38673,0.0000994,0.0000003,0.0000001
38674,0.0000994,0.0000003,0.0000001
38675,0.0000994,0.0000003,0.0000001
38676,0.0000994,0.0000003,0.0000001
38677,0.0000994,0.0000003,0.0000001
38678,0.0000994,0.0000003,0.0000001
38679,0.0000994,0.0000003,0.0000001
38680,0.0000994,0.0000003,0.0000001
38681,0.0000994,0.0000003,0.0000001
38682,0.0000994,0.0000003,0.0000001
38683,0.0000993,0.0000003,0.0000001
38684,0.0000993,0.0000003,0.0000001
38685,0.0000993,0.0000003,0.0000001
38686,0.0000993,0.0000003,0.0000001
38687,0.0000993,0.0000003,0.0000001
38688,0.0000993,0.0000003,0.0000001
38689,0.0000993,0.0000003,0.0000001
38690,0.0000993,0.0000003,0.0000001
38691,0.0000993,0.0000003,0.0000001
38692,0.0000993,0.0000003,0.0000001
38693,0.0000993,0.0000003,0.0000001
38694,0.0000993,0.0000003,0.0000001
38695,0.0000993,0.0000003,0.0000001
38696,0.0000993,0.0000003,0.0000001
38697,0.0000993,0.0000003,0.0000001
38698,0.0000993,0.0000003,0.0000001
38699,0.0000993,0.0000003,0.0000001
38700,0.0000993,0.0000003,0.0000001
38701,0.0000993,0.0000003,0.0000001
38702,0.0000993,0.0000003,0.0000001
38703,0.0000992,0.0000003,0.0000001
38704,0.0000992,0.0000003,0.0000001
38705,0.0000992,0.0000003,0.0000001
38706,0.0000992,0.0000003,0.0000001
38707,0.0000992,0.0000003,0.0000001
38708,0.0000992,0.0000003,0.0000001
38709,0.0000992,0.0000003,0.0000001
38710,0.0000992,0.0000003,0.0000001
38711,0.0000992,0.0000003,0.0000001
38712,0.0000992,0.0000003,0.0000001
38713,0.0000992,0.0000003,0.0000001
38714,0.0000992,0.0000003,0.0000001
38715,0.0000992,0.0000003,0.0000001
38716,0.0000992,0.0000003,0.0000001
38717,0.0000992,0.0000003,0.0000001
38718,0.0000992,0.0000003,0.0000001
38719,0.0000992,0.0000003,0.0000001
38720,0.0000992,0.0000003,0.0000001
38721,0.0000992,0.0000003,0.0000001
38722,0.0000992,0.0000003,0.0000001
38723,0.0000992,0.0000003,0.0000001
38724,0.0000991,0.0000003,0.0000001
38725,0.0000991,0.0000003,0.0000001
38726,0.0000991,0.0000003,0.0000001
38727,0.0000991,0.0000003,0.0000001
38728,0.0000991,0.0000003,0.0000001
38729,0.0000991,0.0000003,0.0000001
38730,0.0000991,0.0000003,0.0000001
38731,0.0000991,0.0000003,0.0000001
38732,0.0000991,0.0000003,0.0000001
38733,0.0000991,0.0000003,0.0000001
38734,0.0000991,0.0000003,0.0000001
38735,0.0000991,0.0000003,0.0000001
38736,0.0000991,0.0000003,0.0000001
38737,0.0000991,0.0000003,0.0000001
38738,0.0000991,0.0000003,0.0000001
38739,0.0000991,0.0000003,0.0000001
38740,0.0000991,0.0000003,0.0000001
38741,0.0000991,0.0000003,0.0000001
38742,0.0000991,0.0000003,0.0000001
38743,0.0000991,0.0000003,0.0000001
38744,0.0000990,0.0000003,0.0000001
38745,0.0000990,0.0000003,0.0000001
38746,0.0000990,0.0000003,0.0000001
38747,0.0000990,0.0000003,0.0000001
38748,0.0000990,0.0000003,0.0000001
38749,0.0000990,0.0000003,0.0000001
38750,0.0000990,0.0000003,0.0000001
38751,0.0000990,0.0000003,0.0000001
38752,0.0000990,0.0000003,0.0000001
38753,0.0000990,0.0000003,0.0000001
38754,0.0000990,0.0000003,0.0000001
38755,0.0000990,0.0000003,0.0000001
38756,0.0000990,0.0000003,0.0000001
38757,0.0000990,0.0000003,0.0000001
38758,0.0000990,0.0000003,0.0000001
38759,0.0000990,0.0000003,0.0000001
38760,0.0000990,0.0000003,0.0000001
38761,0.0000990,0.0000003,0.0000001
38762,0.0000990,0.0000003,0.0000001
38763,0.0000990,0.0000003,0.0000001
38764,0.0000989,0.0000003,0.0000001
38765,0.0000989,0.0000003,0.0000001
38766,0.0000989,0.0000003,0.0000001
38767,0.0000989,0.0000003,0.0000001
38768,0.0000989,0.0000003,0.0000001
38769,0.0000989,0.0000003,0.0000001
38770,0.0000989,0.0000003,0.0000001
38771,0.0000989,0.0000003,0.0000001
38772,0.0000989,0.0000003,0.0000001
38773,0.0000989,0.0000003,0.0000001
38774,0.0000989,0.0000003,0.0000001
38775,0.0000989,0.0000003,0.0000001
38776,0.0000989,0.0000003,0.0000001
38777,0.0000989,0.0000003,0.0000001
38778,0.0000989,0.0000003,0.0000001
38779,0.0000989,0.0000003,0.0000001
38780,0.0000989,0.0000003,0.0000001
38781,0.0000989,0.0000003,0.0000001
38782,0.0000989,0.0000003,0.0000001
38783,0.0000989,0.0000003,0.0000001
38784,0.0000988,0.0000003,0.0000001
38785,0.0000988,0.0000003,0.0000001
38786,0.0000988,0.0000003,0.0000001
38787,0.0000988,0.0000003,0.0000001
38788,0.0000988,0.0000003,0.0000001
38789,0.0000988,0.0000003,0.0000001
38790,0.0000988,0.0000003,0.0000001
38791,0.0000988,0.0000003,0.0000001
38792,0.0000988,0.0000003,0.0000001
38793,0.0000988,0.0000003,0.0000001
38794,0.0000988,0.0000003,0.0000001
38795,0.0000988,0.0000003,0.0000001
38796,0.0000988,0.0000003,0.0000001
38797,0.0000988,0.0000003,0.0000001
38798,0.0000988,0.0000003,0.0000001
38799,0.0000988,0.0000003,0.0000001
38800,0.0000988,0.0000003,0.0000001
38801,0.0000988,0.0000003,0.0000001
38802,0.0000988,0.0000003,0.0000001
38803,0.0000988,0.0000003,0.0000001
38804,0.0000987,0.0000003,0.0000001
38805,0.0000987,0.0000003,0.0000001
38806,0.0000987,0.0000003,0.0000001
38807,0.0000987,0.0000003,0.0000001
38808,0.0000987,0.0000003,0.0000001
38809,0.0000987,0.0000003,0.0000001
38810,0.0000987,0.0000003,0.0000001
38811,0.0000987,0.0000003,0.0000001
38812,0.0000987,0.0000003,0.0000001
38813,0.0000987,0.0000003,0.0000001
38814,0.0000987,0.0000003,0.0000001
38815,0.0000987,0.0000003,0.0000001
38816,0.0000987,0.0000003,0.0000001
38817,0.0000987,0.0000003,0.0000001
38818,0.0000987,0.0000003,0.0000001
38819,0.0000987,0.0000003,0.0000001
38820,0.0000987,0.0000003,0.0000001
38821,0.0000987,0.0000003,0.0000001
38822,0.0000987,0.0000003,0.0000001
38823,0.0000987,0.0000003,0.0000001
38824,0.0000986,0.0000003,0.0000001
38825,0.0000986,0.0000003,0.0000001
38826,0.0000986,0.0000003,0.0000001
38827,0.0000986,0.0000003,0.0000001
38828,0.0000986,0.0000003,0.0000001
38829,0.0000986,0.0000003,0.0000001
38830,0.0000986,0.0000003,0.0000001
38831,0.0000986,0.0000003,0.0000001
38832,0.0000986,0.0000003,0.0000001
38833,0.0000986,0.0000003,0.0000001
38834,0.0000986,0.0000003,0.0000001
38835,0.0000986,0.0000003,0.0000001
38836,0.0000986,0.0000003,0.0000001
38837,0.0000986,0.0000003,0.0000001
38838,0.0000986,0.0000003,0.0000001
38839,0.0000986,0.0000003,0.0000001
38840,0.0000986,0.0000003,0.0000001
38841,0.0000986,0.0000003,0.0000001
38842,0.0000986,0.0000003,0.0000001
38843,0.0000986,0.0000003,0.0000001
38844,0.0000985,0.0000003,0.0000001
38845,0.0000985,0.0000003,0.0000001
38846,0.0000985,0.0000003,0.0000001
38847,0.0000985,0.0000003,0.0000001
38848,0.0000985,0.0000003,0.0000001
38849,0.0000985,0.0000003,0.0000001
38850,0.0000985,0.0000003,0.0000001
38851,0.0000985,0.0000003,0.0000001
38852,0.0000985,0.0000003,0.0000001
38853,0.0000985,0.0000003,0.0000001
38854,0.0000985,0.0000003,0.0000001
38855,0.0000985,0.0000003,0.0000001
38856,0.0000985,0.0000003,0.0000001
38857,0.0000985,0.0000003,0.0000001
38858,0.0000985,0.0000003,0.0000001
38859,0.0000985,0.0000002,0.0000001
38860,0.0000985,0.0000002,0.0000001
38861,0.0000985,0.0000002,0.0000001
38862,0.0000985,0.0000002,0.0000001
38863,0.0000985,0.0000002,0.0000001
38864,0.0000984,0.0000002,0.0000001
38865,0.0000984,0.0000002,0.0000001
38866,0.0000984,0.0000002,0.0000001
38867,0.0000984,0.0000002,0.0000001
38868,0.0000984,0.0000002,0.0000001
38869,0.0000984,0.0000002,0.0000001
38870,0.0000984,0.0000002,0.0000001
38871,0.0000984,0.0000002,0.0000001
38872,0.0000984,0.0000002,0.0000001
38873,0.0000984,0.0000002,0.0000001
38874,0.0000984,0.0000002,0.0000001
38875,0.0000984,0.0000002,0.0000001
38876,0.0000984,0.0000002,0.0000001
38877,0.0000984,0.0000002,0.0000001
38878,0.0000984,0.0000002,0.0000001
38879,0.0000984,0.0000002,0.0000001
38880,0.0000984,0.0000002,0.0000001
38881,0.0000984,0.0000002,0.0000001
38882,0.0000984,0.0000002,0.0000001
38883,0.0000984,0.0000002,0.0000001
38884,0.0000983,0.0000002,0.0000001
38885,0.0000983,0.0000002,0.0000001
38886,0.0000983,0.0000002,0.0000001
38887,0.0000983,0.0000002,0.0000001
38888,0.0000983,0.0000002,0.0000001
38889,0.0000983,0.0000002,0.0000001
38890,0.0000983,0.0000002,0.0000001
38891,0.0000983,0.0000002,0.0000001
38892,0.0000983,0.0000002,0.0000001
38893,0.0000983,0.0000002,0.0000001
38894,0.0000983,0.0000002,0.0000001
38895,0.0000983,0.0000002,0.0000001
38896,0.0000983,0.0000002,0.0000001
38897,0.0000983,0.0000002,0.0000001
38898,0.0000983,0.0000002,0.0000001
38899,0.0000983,0.0000002,0.0000001
38900,0.0000983,0.0000002,0.0000001
38901,0.0000983,0.0000002,0.0000001
38902,0.0000983,0.0000002,0.0000001
38903,0.0000983,0.0000002,0.0000001
38904,0.0000982,0.0000002,0.0000001
38905,0.0000982,0.0000002,0.0000001
38906,0.0000982,0.0000002,0.0000001
38907,0.0000982,0.0000002,0.0000001
38908,0.0000982,0.0000002,0.0000001
38909,0.0000982,0.0000002,0.0000001
38910,0.0000982,0.0000002,0.0000001
38911,0.0000982,0.0000002,0.0000001
38912,0.0000982,0.0000002,0.0000001
38913,0.0000982,0.0000002,0.0000001
38914,0.0000982,0.0000002,0.0000001
38915,0.0000982,0.0000002,0.0000001
38916,0.0000982,0.0000002,0.0000001
38917,0.0000982,0.0000002,0.0000001
38918,0.0000982,0.0000002,0.0000001
38919,0.0000982,0.0000002,0.0000001
38920,0.0000982,0.0000002,0.0000001
38921,0.0000982,0.0000002,0.0000001
38922,0.0000982,0.0000002,0.0000001
38923,0.0000982,0.0000002,0.0000001
38924,0.0000981,0.0000002,0.0000001
38925,0.0000981,0.0000002,0.0000001
38926,0.0000981,0.0000002,0.0000001
38927,0.0000981,0.0000002,0.0000001
38928,0.0000981,0.0000002,0.0000001
38929,0.0000981,0.0000002,0.0000001
38930,0.0000981,0.0000002,0.0000001
38931,0.0000981,0.0000002,0.0000001
38932,0.0000981,0.0000002,0.0000001
38933,0.0000981,0.0000002,0.0000001
38934,0.0000981,0.0000002,0.0000001
38935,0.0000981,0.0000002,0.0000001
38936,0.0000981,0.0000002,0.0000001
38937,0.0000981,0.0000002,0.0000001
38938,0.0000981,0.0000002,0.0000001
38939,0.0000981,0.0000002,0.0000001
38940,0.0000981,0.0000002,0.0000001
38941,0.0000981,0.0000002,0.0000001
38942,0.0000981,0.0000002,0.0000001
38943,0.0000981,0.0000002,0.0000001
38944,0.0000980,0.0000002,0.0000001
38945,0.0000980,0.0000002,0.0000001
38946,0.0000980,0.0000002,0.0000001
38947,0.0000980,0.0000002,0.0000001
38948,0.0000980,0.0000002,0.0000001
38949,0.0000980,0.0000002,0.0000001
38950,0.0000980,0.0000002,0.0000001
38951,0.0000980,0.0000002,0.0000001
38952,0.0000980,0.0000002,0.0000001
38953,0.0000980,0.0000002,0.0000001
38954,0.0000980,0.0000002,0.0000001
38955,0.0000980,0.0000002,0.0000001
38956,0.0000980,0.0000002,0.0000001
38957,0.0000980,0.0000002,0.0000001
38958,0.0000980,0.0000002,0.0000001
38959,0.0000980,0.0000002,0.0000001
38960,0.0000980,0.0000002,0.0000001
38961,0.0000980,0.0000002,0.0000001
38962,0.0000980,0.0000002,0.0000001
38963,0.0000980,0.0000002,0.0000001
38964,0.0000979,0.0000002,0.0000001
38965,0.0000979,0.0000002,0.0000001
38966,0.0000979,0.0000002,0.0000001
38967,0.0000979,0.0000002,0.0000001
38968,0.0000979,0.0000002,0.0000001
38969,0.0000979,0.0000002,0.0000001
38970,0.0000979,0.0000002,0.0000001
38971,0.0000979,0.0000002,0.0000001
38972,0.0000979,0.0000002,0.0000001
38973,0.0000979,0.0000002,0.0000001
38974,0.0000979,0.0000002,0.0000001
38975,0.0000979,0.0000002,0.0000001
38976,0.0000979,0.0000002,0.0000001
38977,0.0000979,0.0000002,0.0000001
38978,0.0000979,0.0000002,0.0000001
38979,0.0000979,0.0000002,0.0000001
38980,0.0000979,0.0000002,0.0000001
38981,0.0000979,0.0000002,0.0000001
38982,0.0000979,0.0000002,0.0000001
38983,0.0000979,0.0000002,0.0000001
38984,0.0000978,0.0000002,0.0000001
38985,0.0000978,0.0000002,0.0000001
38986,0.0000978,0.0000002,0.0000001
38987,0.0000978,0.0000002,0.0000001
38988,0.0000978,0.0000002,0.0000001
38989,0.0000978,0.0000002,0.0000001
38990,0.0000978,0.0000002,0.0000001
38991,0.0000978,0.0000002,0.0000001
38992,0.0000978,0.0000002,0.0000001
38993,0.0000978,0.0000002,0.0000001
38994,0.0000978,0.0000002,0.0000001
38995,0.0000978,0.0000002,0.0000001
38996,0.0000978,0.0000002,0.0000001
38997,0.0000978,0.0000002,0.0000001
38998,0.0000978,0.0000002,0.0000001
38999,0.0000978,0.0000002,0.0000001
39000,0.0000978,0.0000002,0.0000001
39001,0.0000978,0.0000002,0.0000001
39002,0.0000978,0.0000002,0.0000001
39003,0.0000978,0.0000002,0.0000001
39004,0.0000977,0.0000002,0.0000001
39005,0.0000977,0.0000002,0.0000001
39006,0.0000977,0.0000002,0.0000001
39007,0.0000977,0.0000002,0.0000001
39008,0.0000977,0.0000002,0.0000001
39009,0.0000977,0.0000002,0.0000001
39010,0.0000977,0.0000002,0.0000001
39011,0.0000977,0.0000002,0.0000001
39012,0.0000977,0.0000002,0.0000001
39013,0.0000977,0.0000002,0.0000001
39014,0.0000977,0.0000002,0.0000001
39015,0.0000977,0.0000002,0.0000001
39016,0.0000977,0.0000002,0.0000001
39017,0.0000977,0.0000002,0.0000001
39018,0.0000977,0.0000002,0.0000001
39019,0.0000977,0.0000002,0.0000001
39020,0.0000977,0.0000002,0.0000001
39021,0.0000977,0.0000002,0.0000001
39022,0.0000977,0.0000002,0.0000001
39023,0.0000977,0.0000002,0.0000001
39024,0.0000977,0.0000002,0.0000001
39025,0.0000976,0.0000002,0.0000001
39026,0.0000976,0.0000002,0.0000001
39027,0.0000976,0.0000002,0.0000001
39028,0.0000976,0.0000002,0.0000001
39029,0.0000976,0.0000002,0.0000001
39030,0.0000976,0.0000002,0.0000001
39031,0.0000976,0.0000002,0.0000001
39032,0.0000976,0.0000002,0.0000001
39033,0.0000976,0.0000002,0.0000001
39034,0.0000976,0.0000002,0.0000001
39035,0.0000976,0.0000002,0.0000001
39036,0.0000976,0.0000002,0.0000001
39037,0.0000976,0.0000002,0.0000001
39038,0.0000976,0.0000002,0.0000001
39039,0.0000976,0.0000002,0.0000001
39040,0.0000976,0.0000002,0.0000001
39041,0.0000976,0.0000002,0.0000001
39042,0.0000976,0.0000002,0.0000001
39043,0.0000976,0.0000002,0.0000001
39044,0.0000976,0.0000002,0.0000001
39045,0.0000975,0.0000002,0.0000001
39046,0.0000975,0.0000002,0.0000001
39047,0.0000975,0.0000002,0.0000001
39048,0.0000975,0.0000002,0.0000001
39049,0.0000975,0.0000002,0.0000001
39050,0.0000975,0.0000002,0.0000001
39051,0.0000975,0.0000002,0.0000001
39052,0.0000975,0.0000002,0.0000001
39053,0.0000975,0.0000002,0.0000001
39054,0.0000975,0.0000002,0.0000001
39055,0.0000975,0.0000002,0.0000001
39056,0.0000975,0.0000002,0.0000001
39057,0.0000975,0.0000002,0.0000001
39058,0.0000975,0.0000002,0.0000001
39059,0.0000975,0.0000002,0.0000001
39060,0.0000975,0.0000002,0.0000001
39061,0.0000975,0.0000002,0.0000001
39062,0.0000975,0.0000002,0.0000001
39063,0.0000975,0.0000002,0.0000001
39064,0.0000975,0.0000002,0.0000001
39065,0.0000974,0.0000002,0.0000001
39066,0.0000974,0.0000002,0.0000001
39067,0.0000974,0.0000002,0.0000001
39068,0.0000974,0.0000002,0.0000001
39069,0.0000974,0.0000002,0.0000001
39070,0.0000974,0.0000002,0.0000001
39071,0.0000974,0.0000002,0.0000001
39072,0.0000974,0.0000002,0.0000001
39073,0.0000974,0.0000002,0.0000001
39074,0.0000974,0.0000002,0.0000001
39075,0.0000974,0.0000002,0.0000001
39076,0.0000974,0.0000002,0.0000001
39077,0.0000974,0.0000002,0.0000001
39078,0.0000974,0.0000002,0.0000001
39079,0.0000974,0.0000002,0.0000001
39080,0.0000974,0.0000002,0.0000001
39081,0.0000974,0.0000002,0.0000001
39082,0.0000974,0.0000002,0.0000001
39083,0.0000974,0.0000002,0.0000001
39084,0.0000974,0.0000002,0.0000001
39085,0.0000973,0.0000002,0.0000001
39086,0.0000973,0.0000002,0.0000001
39087,0.0000973,0.0000002,0.0000001
39088,0.0000973,0.0000002,0.0000001
39089,0.0000973,0.0000002,0.0000001
39090,0.0000973,0.0000002,0.0000001
39091,0.0000973,0.0000002,0.0000001
39092,0.0000973,0.0000002,0.0000001
39093,0.0000973,0.0000002,0.0000001
39094,0.0000973,0.0000002,0.0000001
39095,0.0000973,0.0000002,0.0000001
39096,0.0000973,0.0000002,0.0000001
39097,0.0000973,0.0000002,0.0000001
39098,0.0000973,0.0000002,0.0000001
39099,0.0000973,0.0000002,0.0000001
39100,0.0000973,0.0000002,0.0000001
39101,0.0000973,0.0000002,0.0000001
39102,0.0000973,0.0000002,0.0000001
39103,0.0000973,0.0000002,0.0000001
39104,0.0000973,0.0000002,0.0000001
39105,0.0000972,0.0000002,0.0000001
39106,0.0000972,0.0000002,0.0000001
39107,0.0000972,0.0000002,0.0000001
39108,0.0000972,0.0000002,0.0000001
39109,0.0000972,0.0000002,0.0000001
39110,0.0000972,0.0000002,0.0000001
39111,0.0000972,0.0000002,0.0000001
39112,0.0000972,0.0000002,0.0000001
39113,0.0000972,0.0000002,0.0000001
39114,0.0000972,0.0000002,0.0000001
39115,0.0000972,0.0000002,0.0000001
39116,0.0000972,0.0000002,0.0000001
39117,0.0000972,0.0000002,0.0000001
39118,0.0000972,0.0000002,0.0000001
39119,0.0000972,0.0000002,0.0000001
39120,0.0000972,0.0000002,0.0000001
39121,0.0000972,0.0000002,0.0000001
39122,0.0000972,0.0000002,0.0000001
39123,0.0000972,0.0000002,0.0000001
39124,0.0000972,0.0000002,0.0000001
39125,0.0000971,0.0000002,0.0000001
39126,0.0000971,0.0000002,0.0000001
39127,0.0000971,0.0000002,0.0000001
39128,0.0000971,0.0000002,0.0000001
39129,0.0000971,0.0000002,0.0000001
39130,0.0000971,0.0000002,0.0000001
39131,0.0000971,0.0000002,0.0000001
39132,0.0000971,0.0000002,0.0000001
39133,0.0000971,0.0000002,0.0000001
39134,0.0000971,0.0000002,0.0000001
39135,0.0000971,0.0000002,0.0000001
39136,0.0000971,0.0000002,0.0000001
39137,0.0000971,0.0000002,0.0000001
39138,0.0000971,0.0000002,0.0000001
39139,0.0000971,0.0000002,0.0000001
39140,0.0000971,0.0000002,0.0000001
39141,0.0000971,0.0000002,0.0000001
39142,0.0000971,0.0000002,0.0000001
39143,0.0000971,0.0000002,0.0000001
39144,0.0000971,0.0000002,0.0000001
39145,0.0000970,0.0000002,0.0000001
39146,0.0000970,0.0000002,0.0000001
39147,0.0000970,0.0000002,0.0000001
39148,0.0000970,0.0000002,0.0000001
39149,0.0000970,0.0000002,0.0000001
39150,0.0000970,0.0000002,0.0000001
39151,0.0000970,0.0000002,0.0000001
39152,0.0000970,0.0000002,0.0000001
39153,0.0000970,0.0000002,0.0000001
39154,0.0000970,0.0000002,0.0000001
39155,0.0000970,0.0000002,0.0000001
39156,0.0000970,0.0000002,0.0000001
39157,0.0000970,0.0000002,0.0000001
39158,0.0000970,0.0000002,0.0000001
39159,0.0000970,0.0000002,0.0000001
39160,0.0000970,0.0000002,0.0000001
39161,0.0000970,0.0000002,0.0000001
39162,0.0000970,0.0000002,0.0000001
39163,0.0000970,0.0000002,0.0000001
39164,0.0000970,0.0000002,0.0000001
39165,0.0000970,0.0000002,0.0000001
39166,0.0000969,0.0000002,0.0000001
39167,0.0000969,0.0000002,0.0000001
39168,0.0000969,0.0000002,0.0000001
39169,0.0000969,0.0000002,0.0000001
39170,0.0000969,0.0000002,0.0000001
39171,0.0000969,0.0000002,0.0000001
39172,0.0000969,0.0000002,0.0000001
39173,0.0000969,0.0000002,0.0000001
39174,0.0000969,0.0000002,0.0000001
39175,0.0000969,0.0000002,0.0000001
39176,0.0000969,0.0000002,0.0000001
39177,0.0000969,0.0000002,0.0000001
39178,0.0000969,0.0000002,0.0000001
39179,0.0000969,0.0000002,0.0000001
39180,0.0000969,0.0000002,0.0000001
39181,0.0000969,0.0000002,0.0000001
39182,0.0000969,0.0000002,0.0000001
39183,0.0000969,0.0000002,0.0000001
39184,0.0000969,0.0000002,0.0000001
39185,0.0000969,0.0000002,0.0000001
39186,0.0000968,0.0000002,0.0000001
39187,0.0000968,0.0000002,0.0000001
39188,0.0000968,0.0000002,0.0000001
39189,0.0000968,0.0000002,0.0000001
39190,0.0000968,0.0000002,0.0000001
39191,0.0000968,0.0000002,0.0000001
39192,0.0000968,0.0000002,0.0000001
39193,0.0000968,0.0000002,0.0000001
39194,0.0000968,0.0000002,0.0000001
39195,0.0000968,0.0000002,0.0000001
39196,0.0000968,0.0000002,0.0000001
39197,0.0000968,0.0000002,0.0000001
39198,0.0000968,0.0000002,0.0000001
39199,0.0000968,0.0000002,0.0000001
39200,0.0000968,0.0000002,0.0000001
39201,0.0000968,0.0000002,0.0000001
39202,0.0000968,0.0000002,0.0000001
39203,0.0000968,0.0000002,0.0000001
39204,0.0000968,0.0000002,0.0000001
39205,0.0000968,0.0000002,0.0000001
39206,0.0000967,0.0000002,0.0000001
39207,0.0000967,0.0000002,0.0000001
39208,0.0000967,0.0000002,0.0000001
39209,0.0000967,0.0000002,0.0000001
39210,0.0000967,0.0000002,0.0000001
39211,0.0000967,0.0000002,0.0000001
39212,0.0000967,0.0000002,0.0000001
39213,0.0000967,0.0000002,0.0000001
39214,0.0000967,0.0000002,0.0000001
39215,0.0000967,0.0000002,0.0000001
39216,0.0000967,0.0000002,0.0000001
39217,0.0000967,0.0000002,0.0000001
39218,0.0000967,0.0000002,0.0000001
39219,0.0000967,0.0000002,0.0000001
39220,0.0000967,0.0000002,0.0000001
39221,0.0000967,0.0000002,0.0000001
39222,0.0000967,0.0000002,0.0000001
39223,0.0000967,0.0000002,0.0000001
39224,0.0000967,0.0000002,0.0000001
39225,0.0000967,0.0000002,0.0000001
39226,0.0000967,0.0000002,0.0000001
39227,0.0000966,0.0000002,0.0000001
39228,0.0000966,0.0000002,0.0000001
39229,0.0000966,0.0000002,0.0000001
39230,0.0000966,0.0000002,0.0000001
39231,0.0000966,0.0000002,0.0000001
39232,0.0000966,0.0000002,0.0000001
39233,0.0000966,0.0000002,0.0000001
39234,0.0000966,0.0000002,0.0000001
39235,0.0000966,0.0000002,0.0000001
39236,0.0000966,0.0000002,0.0000001
39237,0.0000966,0.0000002,0.0000001
39238,0.0000966,0.0000002,0.0000001
39239,0.0000966,0.0000002,0.0000001
39240,0.0000966,0.0000002,0.0000001
39241,0.0000966,0.0000002,0.0000001
39242,0.0000966,0.0000002,0.0000001
39243,0.0000966,0.0000002,0.0000001
39244,0.0000966,0.0000002,0.0000001
39245,0.0000966,0.0000002,0.0000001
39246,0.0000966,0.0000002,0.0000001
39247,0.0000965,0.0000002,0.0000001
39248,0.0000965,0.0000002,0.0000001
39249,0.0000965,0.0000002,0.0000001
39250,0.0000965,0.0000002,0.0000001
39251,0.0000965,0.0000002,0.0000001
39252,0.0000965,0.0000002,0.0000001
39253,0.0000965,0.0000002,0.0000001
39254,0.0000965,0.0000002,0.0000001
39255,0.0000965,0.0000002,0.0000001
39256,0.0000965,0.0000002,0.0000001
39257,0.0000965,0.0000002,0.0000001
39258,0.0000965,0.0000002,0.0000001
39259,0.0000965,0.0000002,0.0000001
39260,0.0000965,0.0000002,0.0000001
39261,0.0000965,0.0000002,0.0000001
39262,0.0000965,0.0000002,0.0000001
39263,0.0000965,0.0000002,0.0000001
39264,0.0000965,0.0000002,0.0000001
39265,0.0000965,0.0000002,0.0000001
39266,0.0000965,0.0000002,0.0000001
39267,0.0000965,0.0000002,0.0000001
39268,0.0000964,0.0000002,0.0000001
39269,0.0000964,0.0000002,0.0000001
39270,0.0000964,0.0000002,0.0000001
39271,0.0000964,0.0000002,0.0000001
39272,0.0000964,0.0000002,0.0000001
39273,0.0000964,0.0000002,0.0000001
39274,0.0000964,0.0000002,0.0000001
39275,0.0000964,0.0000002,0.0000001
39276,0.0000964,0.0000002,0.0000001
39277,0.0000964,0.0000002,0.0000001
39278,0.0000964,0.0000002,0.0000001
39279,0.0000964,0.0000002,0.0000001
39280,0.0000964,0.0000002,0.0000001
39281,0.0000964,0.0000002,0.0000001
39282,0.0000964,0.0000002,0.0000001
39283,0.0000964,0.0000002,0.0000001
39284,0.0000964,0.0000002,0.0000001
39285,0.0000964,0.0000002,0.0000001
39286,0.0000964,0.0000002,0.0000001
39287,0.0000964,0.0000002,0.0000001
39288,0.0000963,0.0000002,0.0000001
39289,0.0000963,0.0000002,0.0000001
39290,0.0000963,0.0000002,0.0000001
39291,0.0000963,0.0000002,0.0000001
39292,0.0000963,0.0000002,0.0000001
39293,0.0000963,0.0000002,0.0000001
39294,0.0000963,0.0000002,0.0000001
39295,0.0000963,0.0000002,0.0000001
39296,0.0000963,0.0000002,0.0000001
39297,0.0000963,0.0000002,0.0000001
39298,0.0000963,0.0000002,0.0000001
39299,0.0000963,0.0000002,0.0000001
39300,0.0000963,0.0000002,0.0000001
39301,0.0000963,0.0000002,0.0000001
39302,0.0000963,0.0000002,0.0000001
39303,0.0000963,0.0000002,0.0000001
39304,0.0000963,0.0000002,0.0000001
39305,0.0000963,0.0000002,0.0000001
39306,0.0000963,0.0000002,0.0000001
39307,0.0000963,0.0000002,0.0000001
39308,0.0000963,0.0000002,0.0000001
39309,0.0000962,0.0000002,0.0000001
39310,0.0000962,0.0000002,0.0000001
39311,0.0000962,0.0000002,0.0000001
39312,0.0000962,0.0000002,0.0000001
39313,0.0000962,0.0000002,0.0000001
39314,0.0000962,0.0000002,0.0000001
39315,0.0000962,0.0000002,0.0000001
39316,0.0000962,0.0000002,0.0000001
39317,0.0000962,0.0000002,0.0000001
39318,0.0000962,0.0000002,0.0000001
39319,0.0000962,0.0000002,0.0000001
39320,0.0000962,0.0000002,0.0000001
39321,0.0000962,0.0000002,0.0000001
39322,0.0000962,0.0000002,0.0000001
39323,0.0000962,0.0000002,0.0000001
39324,0.0000962,0.0000002,0.0000001
39325,0.0000962,0.0000002,0.0000001
39326,0.0000962,0.0000002,0.0000001
39327,0.0000962,0.0000002,0.0000001
39328,0.0000962,0.0000002,0.0000001
39329,0.0000962,0.0000002,0.0000001
39330,0.0000961,0.0000002,0.0000001
39331,0.0000961,0.0000002,0.0000001
39332,0.0000961,0.0000002,0.0000001
39333,0.0000961,0.0000002,0.0000001
39334,0.0000961,0.0000002,0.0000001
39335,0.0000961,0.0000002,0.0000001
39336,0.0000961,0.0000002,0.0000001
39337,0.0000961,0.0000002,0.0000001
39338,0.0000961,0.0000002,0.0000001
39339,0.0000961,0.0000002,0.0000001
39340,0.0000961,0.0000002,0.0000001
39341,0.0000961,0.0000002,0.0000001
39342,0.0000961,0.0000002,0.0000001
39343,0.0000961,0.0000002,0.0000001
39344,0.0000961,0.0000002,0.0000001
39345,0.0000961,0.0000002,0.0000001
39346,0.0000961,0.0000002,0.0000001
39347,0.0000961,0.0000002,0.0000001
39348,0.0000961,0.0000002,0.0000001
39349,0.0000961,0.0000002,0.0000001
39350,0.0000961,0.0000002,0.0000001
39351,0.0000960,0.0000002,0.0000001
39352,0.0000960,0.0000002,0.0000001
39353,0.0000960,0.0000002,0.0000001
39354,0.0000960,0.0000002,0.0000001
39355,0.0000960,0.0000002,0.0000001
39356,0.0000960,0.0000002,0.0000001
39357,0.0000960,0.0000002,0.0000001
39358,0.0000960,0.0000002,0.0000001
39359,0.0000960,0.0000002,0.0000001
39360,0.0000960,0.0000002,0.0000001
39361,0.0000960,0.0000002,0.0000001
39362,0.0000960,0.0000002,0.0000001
39363,0.0000960,0.0000002,0.0000001
39364,0.0000960,0.0000002,0.0000001
39365,0.0000960,0.0000002,0.0000001
39366,0.0000960,0.0000002,0.0000001
39367,0.0000960,0.0000002,0.0000001
39368,0.0000960,0.0000002,0.0000001
39369,0.0000960,0.0000002,0.0000001
39370,0.0000960,0.0000002,0.0000001
39371,0.0000960,0.0000002,0.0000001
39372,0.0000959,0.0000002,0.0000001
39373,0.0000959,0.0000002,0.0000001
39374,0.0000959,0.0000002,0.0000001
39375,0.0000959,0.0000002,0.0000001
39376,0.0000959,0.0000002,0.0000001
39377,0.0000959,0.0000002,0.0000001
39378,0.0000959,0.0000002,0.0000001
39379,0.0000959,0.0000002,0.0000001
39380,0.0000959,0.0000002,0.0000001
39381,0.0000959,0.0000002,0.0000001
39382,0.0000959,0.0000002,0.0000001
39383,0.0000959,0.0000002,0.0000001
39384,0.0000959,0.0000002,0.0000001
39385,0.0000959,0.0000002,0.0000001
39386,0.0000959,0.0000002,0.0000001
39387,0.0000959,0.0000002,0.0000001
39388,0.0000959,0.0000002,0.0000001
39389,0.0000959,0.0000002,0.0000001
39390,0.0000959,0.0000002,0.0000001
39391,0.0000959,0.0000002,0.0000001
39392,0.0000959,0.0000002,0.0000001
39393,0.0000958,0.0000002,0.0000001
39394,0.0000958,0.0000002,0.0000001
39395,0.0000958,0.0000002,0.0000001
39396,0.0000958,0.0000002,0.0000001
39397,0.0000958,0.0000002,0.0000001
39398,0.0000958,0.0000002,0.0000001
39399,0.0000958,0.0000002,0.0000001
39400,0.0000958,0.0000002,0.0000001
39401,0.0000958,0.0000002,0.0000001
39402,0.0000958,0.0000002,0.0000001
39403,0.0000958,0.0000002,0.0000001
39404,0.0000958,0.0000002,0.0000001
39405,0.0000958,0.0000002,0.0000001
39406,0.0000958,0.0000002,0.0000001
39407,0.0000958,0.0000002,0.0000001
39408,0.0000958,0.0000002,0.0000001
39409,0.0000958,0.0000002,0.0000001
39410,0.0000958,0.0000002,0.0000001
39411,0.0000958,0.0000002,0.0000001
39412,0.0000958,0.0000002,0.0000001
39413,0.0000958,0.0000002,0.0000001
39414,0.0000957,0.0000002,0.0000001
39415,0.0000957,0.0000002,0.0000001
39416,0.0000957,0.0000002,0.0000001
39417,0.0000957,0.0000002,0.0000001
39418,0.0000957,0.0000002,0.0000001
39419,0.0000957,0.0000002,0.0000001
39420,0.0000957,0.0000002,0.0000001
39421,0.0000957,0.0000002,0.0000001
39422,0.0000957,0.0000002,0.0000001
39423,0.0000957,0.0000002,0.0000001
39424,0.0000957,0.0000002,0.0000001
39425,0.0000957,0.0000002,0.0000001
39426,0.0000957,0.0000002,0.0000001
39427,0.0000957,0.0000002,0.0000001
39428,0.0000957,0.0000002,0.0000001
39429,0.0000957,0.0000002,0.0000001
39430,0.0000957,0.0000002,0.0000001
39431,0.0000957,0.0000002,0.0000001
39432,0.0000957,0.0000002,0.0000001
39433,0.0000957,0.0000002,0.0000001
39434,0.0000957,0.0000002,0.0000001
39435,0.0000956,0.0000002,0.0000001
39436,0.0000956,0.0000002,0.0000001
39437,0.0000956,0.0000002,0.0000001
39438,0.0000956,0.0000002,0.0000001
39439,0.0000956,0.0000002,0.0000001
39440,0.0000956,0.0000002,0.0000001
39441,0.0000956,0.0000002,0.0000001
39442,0.0000956,0.0000002,0.0000001
39443,0.0000956,0.0000002,0.0000001
39444,0.0000956,0.0000002,0.0000001
39445,0.0000956,0.0000002,0.0000001
39446,0.0000956,0.0000002,0.0000001
39447,0.0000956,0.0000002,0.0000001
39448,0.0000956,0.0000002,0.0000001
39449,0.0000956,0.0000002,0.0000001
39450,0.0000956,0.0000002,0.0000001
39451,0.0000956,0.0000002,0.0000001
39452,0.0000956,0.0000002,0.0000001
39453,0.0000956,0.0000002,0.0000001
39454,0.0000956,0.0000002,0.0000001
39455,0.0000956,0.0000002,0.0000001
39456,0.0000955,0.0000002,0.0000001
39457,0.0000955,0.0000002,0.0000001
39458,0.0000955,0.0000002,0.0000001
39459,0.0000955,0.0000002,0.0000001
39460,0.0000955,0.0000002,0.0000001
39461,0.0000955,0.0000002,0.0000001
39462,0.0000955,0.0000002,0.0000001
39463,0.0000955,0.0000002,0.0000001
39464,0.0000955,0.0000002,0.0000001
39465,0.0000955,0.0000002,0.0000001
39466,0.0000955,0.0000002,0.0000001
39467,0.0000955,0.0000002,0.0000001
39468,0.0000955,0.0000002,0.0000001
39469,0.0000955,0.0000002,0.0000001
39470,0.0000955,0.0000002,0.0000001
39471,0.0000955,0.0000002,0.0000001
39472,0.0000955,0.0000002,0.0000001
39473,0.0000955,0.0000002,0.0000001
39474,0.0000955,0.0000002,0.0000001
39475,0.0000955,0.0000002,0.0000001
39476,0.0000955,0.0000002,0.0000001
39477,0.0000955,0.0000002,0.0000001
39478,0.0000954,0.0000002,0.0000001
39479,0.0000954,0.0000002,0.0000001
39480,0.0000954,0.0000002,0.0000001
39481,0.0000954,0.0000002,0.0000001
39482,0.0000954,0.0000002,0.0000001
39483,0.0000954,0.0000002,0.0000001
39484,0.0000954,0.0000002,0.0000001
39485,0.0000954,0.0000002,0.0000001
39486,0.0000954,0.0000002,0.0000001
39487,0.0000954,0.0000002,0.0000001
39488,0.0000954,0.0000002,0.0000001
39489,0.0000954,0.0000002,0.0000001
39490,0.0000954,0.0000002,0.0000001
39491,0.0000954,0.0000002,0.0000001
39492,0.0000954,0.0000002,0.0000001
39493,0.0000954,0.0000002,0.0000001
39494,0.0000954,0.0000002,0.0000001
39495,0.0000954,0.0000002,0.0000001
39496,0.0000954,0.0000002,0.0000001
39497,0.0000954,0.0000002,0.0000001
39498,0.0000954,0.0000002,0.0000001
39499,0.0000953,0.0000002,0.0000001
39500,0.0000953,0.0000002,0.0000001
39501,0.0000953,0.0000002,0.0000001
39502,0.0000953,0.0000002,0.0000001
39503,0.0000953,0.0000002,0.0000001
39504,0.0000953,0.0000002,0.0000001
39505,0.0000953,0.0000002,0.0000001
39506,0.0000953,0.0000002,0.0000001
39507,0.0000953,0.0000002,0.0000001
39508,0.0000953,0.0000002,0.0000001
39509,0.0000953,0.0000002,0.0000001
39510,0.0000953,0.0000002,0.0000001
39511,0.0000953,0.0000002,0.0000001
39512,0.0000953,0.0000002,0.0000001
39513,0.0000953,0.0000002,0.0000001
39514,0.0000953,0.0000002,0.0000001
39515,0.0000953,0.0000002,0.0000001
39516,0.0000953,0.0000002,0.0000001
39517,0.0000953,0.0000002,0.0000001
39518,0.0000953,0.0000002,0.0000001
39519,0.0000953,0.0000002,0.0000001
39520,0.0000953,0.0000002,0.0000001
39521,0.0000952,0.0000002,0.0000001
39522,0.0000952,0.0000002,0.0000001
39523,0.0000952,0.0000002,0.0000001
39524,0.0000952,0.0000002,0.0000001
39525,0.0000952,0.0000002,0.0000001
39526,0.0000952,0.0000002,0.0000001
39527,0.0000952,0.0000002,0.0000001
39528,0.0000952,0.0000002,0.0000001
39529,0.0000952,0.0000002,0.0000001
39530,0.0000952,0.0000002,0.0000001
39531,0.0000952,0.0000002,0.0000001
39532,0.0000952,0.0000002,0.0000001
39533,0.0000952,0.0000002,0.0000001
39534,0.0000952,0.0000002,0.0000001
39535,0.0000952,0.0000002,0.0000001
39536,0.0000952,0.0000002,0.0000001
39537,0.0000952,0.0000002,0.0000001
39538,0.0000952,0.0000002,0.0000001
39539,0.0000952,0.0000002,0.0000001
39540,0.0000952,0.0000002,0.0000001
39541,0.0000952,0.0000002,0.0000001
39542,0.0000952,0.0000002,0.0000001
39543,0.0000951,0.0000002,0.0000001
39544,0.0000951,0.0000002,0.0000001
39545,0.0000951,0.0000002,0.0000001
39546,0.0000951,0.0000002,0.0000001
39547,0.0000951,0.0000002,0.0000001
39548,0.0000951,0.0000002,0.0000001
39549,0.0000951,0.0000002,0.0000001
39550,0.0000951,0.0000002,0.0000001
39551,0.0000951,0.0000002,0.0000001
39552,0.0000951,0.0000002,0.0000001
39553,0.0000951,0.0000002,0.0000001
39554,0.0000951,0.0000002,0.0000001
39555,0.0000951,0.0000002,0.0000001
39556,0.0000951,0.0000002,0.0000001
39557,0.0000951,0.0000002,0.0000001
39558,0.0000951,0.0000002,0.0000001
39559,0.0000951,0.0000002,0.0000001
39560,0.0000951,0.0000002,0.0000001
39561,0.0000951,0.0000002,0.0000001
39562,0.0000951,0.0000002,0.0000001
39563,0.0000951,0.0000002,0.0000001
39564,0.0000951,0.0000002,0.0000001
39565,0.0000950,0.0000002,0.0000001
39566,0.0000950,0.0000002,0.0000001
39567,0.0000950,0.0000002,0.0000001
39568,0.0000950,0.0000002,0.0000001
39569,0.0000950,0.0000002,0.0000001
39570,0.0000950,0.0000002,0.0000001
39571,0.0000950,0.0000002,0.0000001
39572,0.0000950,0.0000002,0.0000001
39573,0.0000950,0.0000002,0.0000001
39574,0.0000950,0.0000002,0.0000001
39575,0.0000950,0.0000002,0.0000001
39576,0.0000950,0.0000002,0.0000001
39577,0.0000950,0.0000002,0.0000001
39578,0.0000950,0.0000002,0.0000001
39579,0.0000950,0.0000002,0.0000001
39580,0.0000950,0.0000002,0.0000001
39581,0.0000950,0.0000002,0.0000001
39582,0.0000950,0.0000002,0.0000001
39583,0.0000950,0.0000002,0.0000001
39584,0.0000950,0.0000002,0.0000001
39585,0.0000950,0.0000002,0.0000001
39586,0.0000950,0.0000002,0.0000001
39587,0.0000949,0.0000002,0.0000001
39588,0.0000949,0.0000002,0.0000001
39589,0.0000949,0.0000002,0.0000001
39590,0.0000949,0.0000002,0.0000001
39591,0.0000949,0.0000002,0.0000001
39592,0.0000949,0.0000002,0.0000001
39593,0.0000949,0.0000002,0.0000001
39594,0.0000949,0.0000002,0.0000001
39595,0.0000949,0.0000002,0.0000001
39596,0.0000949,0.0000002,0.0000001
39597,0.0000949,0.0000002,0.0000001
39598,0.0000949,0.0000002,0.0000001
39599,0.0000949,0.0000002,0.0000001
39600,0.0000949,0.0000002,0.0000001
39601,0.0000949,0.0000002,0.0000001
39602,0.0000949,0.0000002,0.0000001
39603,0.0000949,0.0000002,0.0000001
39604,0.0000949,0.0000002,0.0000001
39605,0.0000949,0.0000002,0.0000001
39606,0.0000949,0.0000002,0.0000001
39607,0.0000949,0.0000002,0.0000001
39608,0.0000949,0.0000002,0.0000001
39609,0.0000949,0.0000002,0.0000001
39610,0.0000948,0.0000002,0.0000001
39611,0.0000948,0.0000002,0.0000001
39612,0.0000948,0.0000002,0.0000001
39613,0.0000948,0.0000002,0.0000001
39614,0.0000948,0.0000002,0.0000001
39615,0.0000948,0.0000002,0.0000001
39616,0.0000948,0.0000002,0.0000001
39617,0.0000948,0.0000002,0.0000001
39618,0.0000948,0.0000002,0.0000001
39619,0.0000948,0.0000002,0.0000001
39620,0.0000948,0.0000002,0.0000001
39621,0.0000948,0.0000002,0.0000001
39622,0.0000948,0.0000002,0.0000001
39623,0.0000948,0.0000002,0.0000001
39624,0.0000948,0.0000002,0.0000001
39625,0.0000948,0.0000002,0.0000001
39626,0.0000948,0.0000002,0.0000001
39627,0.0000948,0.0000002,0.0000001
39628,0.0000948,0.0000002,0.0000001
39629,0.0000948,0.0000002,0.0000001
39630,0.0000948,0.0000002,0.0000001
39631,0.0000948,0.0000002,0.0000001
39632,0.0000947,0.0000002,0.0000001
39633,0.0000947,0.0000002,0.0000001
39634,0.0000947,0.0000002,0.0000001
39635,0.0000947,0.0000002,0.0000001
39636,0.0000947,0.0000002,0.0000001
39637,0.0000947,0.0000002,0.0000001
39638,0.0000947,0.0000002,0.0000001
39639,0.0000947,0.0000002,0.0000001
39640,0.0000947,0.0000002,0.0000001
39641,0.0000947,0.0000002,0.0000001
39642,0.0000947,0.0000002,0.0000001
39643,0.0000947,0.0000002,0.0000001
39644,0.0000947,0.0000002,0.0000001
39645,0.0000947,0.0000002,0.0000001
39646,0.0000947,0.0000002,0.0000001
39647,0.0000947,0.0000002,0.0000001
39648,0.0000947,0.0000002,0.0000001
39649,0.0000947,0.0000002,0.0000001
39650,0.0000947,0.0000002,0.0000001
39651,0.0000947,0.0000002,0.0000001
39652,0.0000947,0.0000002,0.0000001
39653,0.0000947,0.0000002,0.0000001
39654,0.0000947,0.0000002,0.0000001
39655,0.0000946,0.0000002,0.0000001
39656,0.0000946,0.0000002,0.0000001
39657,0.0000946,0.0000002,0.0000001
39658,0.0000946,0.0000002,0.0000001
39659,0.0000946,0.0000002,0.0000001
39660,0.0000946,0.0000002,0.0000001
39661,0.0000946,0.0000002,0.0000001
39662,0.0000946,0.0000002,0.0000001
39663,0.0000946,0.0000002,0.0000001
39664,0.0000946,0.0000002,0.0000001
39665,0.0000946,0.0000002,0.0000001
39666,0.0000946,0.0000002,0.0000001
39667,0.0000946,0.0000002,0.0000001
39668,0.0000946,0.0000002,0.0000001
39669,0.0000946,0.0000002,0.0000001
39670,0.0000946,0.0000002,0.0000001
39671,0.0000946,0.0000002,0.0000001
39672,0.0000946,0.0000002,0.0000001
39673,0.0000946,0.0000002,0.0000001
39674,0.0000946,0.0000002,0.0000001
39675,0.0000946,0.0000002,0.0000001
39676,0.0000946,0.0000002,0.0000001
39677,0.0000945,0.0000002,0.0000001
39678,0.0000945,0.0000002,0.0000001
39679,0.0000945,0.0000002,0.0000001
39680,0.0000945,0.0000002,0.0000001
39681,0.0000945,0.0000002,0.0000001
39682,0.0000945,0.0000002,0.0000001
39683,0.0000945,0.0000002,0.0000001
39684,0.0000945,0.0000002,0.0000001
39685,0.0000945,0.0000002,0.0000001
39686,0.0000945,0.0000002,0.0000001
39687,0.0000945,0.0000002,0.0000001
39688,0.0000945,0.0000002,0.0000001
39689,0.0000945,0.0000002,0.0000001
39690,0.0000945,0.0000002,0.0000001
39691,0.0000945,0.0000002,0.0000001
39692,0.0000945,0.0000002,0.0000001
39693,0.0000945,0.0000002,0.0000001
39694,0.0000945,0.0000002,0.0000001
39695,0.0000945,0.0000002,0.0000001
39696,0.0000945,0.0000002,0.0000001
39697,0.0000945,0.0000002,0.0000001
39698,0.0000945,0.0000002,0.0000001
39699,0.0000945,0.0000002,0.0000001
39700,0.0000944,0.0000002,0.0000001
39701,0.0000944,0.0000002,0.0000001
39702,0.0000944,0.0000002,0.0000001
39703,0.0000944,0.0000002,0.0000001
39704,0.0000944,0.0000002,0.0000001
39705,0.0000944,0.0000002,0.0000001
39706,0.0000944,0.0000002,0.0000001
39707,0.0000944,0.0000002,0.0000001
39708,0.0000944,0.0000002,0.0000001
39709,0.0000944,0.0000002,0.0000001
39710,0.0000944,0.0000002,0.0000001
39711,0.0000944,0.0000002,0.0000001
39712,0.0000944,0.0000002,0.0000001
39713,0.0000944,0.0000002,0.0000001
39714,0.0000944,0.0000002,0.0000001
39715,0.0000944,0.0000002,0.0000001
39716,0.0000944,0.0000002,0.0000001
39717,0.0000944,0.0000002,0.0000001
39718,0.0000944,0.0000002,0.0000001
39719,0.0000944,0.0000002,0.0000001
39720,0.0000944,0.0000002,0.0000001
39721,0.0000944,0.0000002,0.0000001
39722,0.0000944,0.0000002,0.0000001
39723,0.0000943,0.0000002,0.0000001
39724,0.0000943,0.0000002,0.0000001
39725,0.0000943,0.0000002,0.0000001
39726,0.0000943,0.0000002,0.0000001
39727,0.0000943,0.0000002,0.0000001
39728,0.0000943,0.0000002,0.0000001
39729,0.0000943,0.0000002,0.0000001
39730,0.0000943,0.0000002,0.0000001
39731,0.0000943,0.0000002,0.0000001
39732,0.0000943,0.0000002,0.0000001
39733,0.0000943,0.0000002,0.0000001
39734,0.0000943,0.0000002,0.0000001
39735,0.0000943,0.0000002,0.0000001
39736,0.0000943,0.0000002,0.0000001
39737,0.0000943,0.0000002,0.0000001
39738,0.0000943,0.0000002,0.0000001
39739,0.0000943,0.0000002,0.0000001
39740,0.0000943,0.0000002,0.0000001
39741,0.0000943,0.0000002,0.0000001
39742,0.0000943,0.0000002,0.0000001
39743,0.0000943,0.0000002,0.0000001
39744,0.0000943,0.0000002,0.0000001
39745,0.0000943,0.0000002,0.0000001
39746,0.0000943,0.0000002,0.0000001
39747,0.0000942,0.0000002,0.0000001
39748,0.0000942,0.0000002,0.0000001
39749,0.0000942,0.0000002,0.0000001
39750,0.0000942,0.0000002,0.0000001
39751,0.0000942,0.0000002,0.0000001
39752,0.0000942,0.0000002,0.0000001
39753,0.0000942,0.0000002,0.0000001
39754,0.0000942,0.0000002,0.0000001
39755,0.0000942,0.0000002,0.0000001
39756,0.0000942,0.0000002,0.0000001
39757,0.0000942,0.0000002,0.0000001
39758,0.0000942,0.0000002,0.0000001
39759,0.0000942,0.0000002,0.0000001
39760,0.0000942,0.0000002,0.0000001
39761,0.0000942,0.0000002,0.0000001
39762,0.0000942,0.0000002,0.0000001
39763,0.0000942,0.0000002,0.0000001
39764,0.0000942,0.0000002,0.0000001
39765,0.0000942,0.0000002,0.0000001
39766,0.0000942,0.0000002,0.0000001
39767,0.0000942,0.0000002,0.0000001
39768,0.0000942,0.0000002,0.0000001
39769,0.0000942,0.0000002,0.0000001
39770,0.0000941,0.0000002,0.0000001
39771,0.0000941,0.0000002,0.0000001
39772,0.0000941,0.0000002,0.0000001
39773,0.0000941,0.0000002,0.0000001
39774,0.0000941,0.0000002,0.0000001
39775,0.0000941,0.0000002,0.0000001
39776,0.0000941,0.0000002,0.0000001
39777,0.0000941,0.0000002,0.0000001
39778,0.0000941,0.0000002,0.0000001
39779,0.0000941,0.0000002,0.0000001
39780,0.0000941,0.0000002,0.0000001
39781,0.0000941,0.0000002,0.0000001
39782,0.0000941,0.0000002,0.0000001
39783,0.0000941,0.0000002,0.0000001
39784,0.0000941,0.0000002,0.0000001
39785,0.0000941,0.0000002,0.0000001
39786,0.0000941,0.0000002,0.0000001
39787,0.0000941,0.0000002,0.0000001
39788,0.0000941,0.0000002,0.0000001
39789,0.0000941,0.0000002,0.0000001
39790,0.0000941,0.0000002,0.0000001
39791,0.0000941,0.0000002,0.0000001
39792,0.0000941,0.0000002,0.0000001
39793,0.0000941,0.0000002,0.0000001
39794,0.0000940,0.0000002,0.0000001
39795,0.0000940,0.0000002,0.0000001
39796,0.0000940,0.0000002,0.0000001
39797,0.0000940,0.0000002,0.0000001
39798,0.0000940,0.0000002,0.0000001
39799,0.0000940,0.0000002,0.0000001
39800,0.0000940,0.0000002,0.0000001
39801,0.0000940,0.0000002,0.0000001
39802,0.0000940,0.0000002,0.0000001
39803,0.0000940,0.0000002,0.0000001
39804,0.0000940,0.0000002,0.0000001
39805,0.0000940,0.0000002,0.0000001
39806,0.0000940,0.0000002,0.0000001
39807,0.0000940,0.0000002,0.0000001
39808,0.0000940,0.0000002,0.0000001
39809,0.0000940,0.0000002,0.0000001
39810,0.0000940,0.0000002,0.0000001
39811,0.0000940,0.0000002,0.0000001
39812,0.0000940,0.0000002,0.0000001
39813,0.0000940,0.0000002,0.0000001
39814,0.0000940,0.0000002,0.0000001
39815,0.0000940,0.0000002,0.0000001
39816,0.0000940,0.0000002,0.0000001
39817,0.0000940,0.0000002,0.0000001
39818,0.0000939,0.0000002,0.0000001
39819,0.0000939,0.0000002,0.0000001
39820,0.0000939,0.0000002,0.0000001
39821,0.0000939,0.0000002,0.0000001
39822,0.0000939,0.0000002,0.0000001
39823,0.0000939,0.0000002,0.0000001
39824,0.0000939,0.0000002,0.0000001
39825,0.0000939,0.0000002,0.0000001
39826,0.0000939,0.0000002,0.0000001
39827,0.0000939,0.0000002,0.0000001
39828,0.0000939,0.0000002,0.0000001
39829,0.0000939,0.0000002,0.0000001
39830,0.0000939,0.0000002,0.0000001
39831,0.0000939,0.0000002,0.0000001
39832,0.0000939,0.0000002,0.0000001
39833,0.0000939,0.0000002,0.0000001
39834,0.0000939,0.0000002,0.0000001
39835,0.0000939,0.0000002,0.0000001
39836,0.0000939,0.0000002,0.0000001
39837,0.0000939,0.0000002,0.0000001
39838,0.0000939,0.0000002,0.0000001
39839,0.0000939,0.0000002,0.0000001
39840,0.0000939,0.0000002,0.0000001
39841,0.0000939,0.0000002,0.0000001
39842,0.0000938,0.0000002,0.0000001
39843,0.0000938,0.0000002,0.0000001
39844,0.0000938,0.0000002,0.0000001
39845,0.0000938,0.0000002,0.0000001
39846,0.0000938,0.0000002,0.0000001
39847,0.0000938,0.0000002,0.0000001
39848,0.0000938,0.0000002,0.0000001
39849,0.0000938,0.0000002,0.0000001
39850,0.0000938,0.0000002,0.0000001
39851,0.0000938,0.0000002,0.0000001
39852,0.0000938,0.0000002,0.0000001
39853,0.0000938,0.0000002,0.0000001
39854,0.0000938,0.0000002,0.0000001
39855,0.0000938,0.0000002,0.0000001
39856,0.0000938,0.0000002,0.0000001
39857,0.0000938,0.0000002,0.0000001
39858,0.0000938,0.0000002,0.0000001
39859,0.0000938,0.0000002,0.0000001
39860,0.0000938,0.0000002,0.0000001
39861,0.0000938,0.0000002,0.0000001
39862,0.0000938,0.0000002,0.0000001
39863,0.0000938,0.0000002,0.0000001
39864,0.0000938,0.0000002,0.0000001
39865,0.0000938,0.0000002,0.0000001
39866,0.0000937,0.0000002,0.0000001
39867,0.0000937,0.0000002,0.0000001
39868,0.0000937,0.0000002,0.0000001
39869,0.0000937,0.0000002,0.0000001
39870,0.0000937,0.0000002,0.0000001
39871,0.0000937,0.0000002,0.0000001
39872,0.0000937,0.0000002,0.0000001
39873,0.0000937,0.0000002,0.0000001
39874,0.0000937,0.0000002,0.0000001
39875,0.0000937,0.0000002,0.0000001
39876,0.0000937,0.0000002,0.0000001
39877,0.0000937,0.0000002,0.0000001
39878,0.0000937,0.0000002,0.0000001
39879,0.0000937,0.0000002,0.0000001
39880,0.0000937,0.0000002,0.0000001
39881,0.0000937,0.0000002,0.0000001
39882,0.0000937,0.0000002,0.0000001
39883,0.0000937,0.0000002,0.0000001
39884,0.0000937,0.0000002,0.0000001
39885,0.0000937,0.0000002,0.0000001
39886,0.0000937,0.0000002,0.0000001
39887,0.0000937,0.0000002,0.0000001
39888,0.0000937,0.0000002,0.0000001
39889,0.0000937,0.0000002,0.0000001
39890,0.0000936,0.0000002,0.0000001
39891,0.0000936,0.0000002,0.0000001
39892,0.0000936,0.0000002,0.0000001
39893,0.0000936,0.0000002,0.0000001
39894,0.0000936,0.0000002,0.0000001
39895,0.0000936,0.0000002,0.0000001
39896,0.0000936,0.0000002,0.0000001
39897,0.0000936,0.0000002,0.0000001
39898,0.0000936,0.0000002,0.0000001
39899,0.0000936,0.0000002,0.0000001
39900,0.0000936,0.0000002,0.0000001
39901,0.0000936,0.0000002,0.0000001
39902,0.0000936,0.0000002,0.0000001
39903,0.0000936,0.0000002,0.0000001
39904,0.0000936,0.0000002,0.0000001
39905,0.0000936,0.0000002,0.0000001
39906,0.0000936,0.0000002,0.0000001
39907,0.0000936,0.0000002,0.0000001
39908,0.0000936,0.0000002,0.0000001
39909,0.0000936,0.0000002,0.0000001
39910,0.0000936,0.0000002,0.0000001
39911,0.0000936,0.0000002,0.0000001
39912,0.0000936,0.0000002,0.0000001
39913,0.0000936,0.0000002,0.0000001
39914,0.0000936,0.0000002,0.0000001
39915,0.0000935,0.0000002,0.0000001
39916,0.0000935,0.0000002,0.0000001
39917,0.0000935,0.0000002,0.0000001
39918,0.0000935,0.0000002,0.0000001
39919,0.0000935,0.0000002,0.0000001
39920,0.0000935,0.0000002,0.0000001
39921,0.0000935,0.0000002,0.0000001
39922,0.0000935,0.0000002,0.0000001
39923,0.0000935,0.0000002,0.0000001
39924,0.0000935,0.0000002,0.0000001
39925,0.0000935,0.0000002,0.0000001
39926,0.0000935,0.0000002,0.0000001
39927,0.0000935,0.0000002,0.0000001
39928,0.0000935,0.0000002,0.0000001
39929,0.0000935,0.0000002,0.0000001
39930,0.0000935,0.0000002,0.0000001
39931,0.0000935,0.0000002,0.0000001
39932,0.0000935,0.0000002,0.0000001
39933,0.0000935,0.0000002,0.0000001
39934,0.0000935,0.0000002,0.0000001
39935,0.0000935,0.0000002,0.0000001
39936,0.0000935,0.0000002,0.0000001
39937,0.0000935,0.0000002,0.0000001
39938,0.0000935,0.0000002,0.0000001
39939,0.0000934,0.0000002,0.0000001
39940,0.0000934,0.0000002,0.0000001
39941,0.0000934,0.0000002,0.0000001
39942,0.0000934,0.0000002,0.0000001
39943,0.0000934,0.0000002,0.0000001
39944,0.0000934,0.0000002,0.0000001
39945,0.0000934,0.0000002,0.0000001
39946,0.0000934,0.0000002,0.0000001
39947,0.0000934,0.0000002,0.0000001
39948,0.0000934,0.0000002,0.0000001
39949,0.0000934,0.0000002,0.0000001
39950,0.0000934,0.0000002,0.0000001
39951,0.0000934,0.0000002,0.0000001
39952,0.0000934,0.0000002,0.0000001
39953,0.0000934,0.0000002,0.0000001
39954,0.0000934,0.0000002,0.0000001
39955,0.0000934,0.0000002,0.0000001
39956,0.0000934,0.0000002,0.0000001
39957,0.0000934,0.0000002,0.0000001
39958,0.0000934,0.0000002,0.0000001
39959,0.0000934,0.0000002,0.0000001
39960,0.0000934,0.0000002,0.0000001
39961,0.0000934,0.0000002,0.0000001
39962,0.0000934,0.0000002,0.0000001
39963,0.0000934,0.0000002,0.0000001
39964,0.0000933,0.0000002,0.0000001
39965,0.0000933,0.0000002,0.0000001
39966,0.0000933,0.0000002,0.0000001
39967,0.0000933,0.0000002,0.0000001
39968,0.0000933,0.0000002,0.0000001
39969,0.0000933,0.0000002,0.0000001
39970,0.0000933,0.0000002,0.0000001
39971,0.0000933,0.0000002,0.0000001
39972,0.0000933,0.0000002,0.0000001
39973,0.0000933,0.0000002,0.0000001
39974,0.0000933,0.0000002,0.0000001
39975,0.0000933,0.0000002,0.0000001
39976,0.0000933,0.0000002,0.0000001
39977,0.0000933,0.0000002,0.0000001
39978,0.0000933,0.0000002,0.0000001
39979,0.0000933,0.0000002,0.0000001
39980,0.0000933,0.0000002,0.0000001
39981,0.0000933,0.0000002,0.0000001
39982,0.0000933,0.0000002,0.0000001
39983,0.0000933,0.0000002,0.0000001
39984,0.0000933,0.0000002,0.0000001
39985,0.0000933,0.0000002,0.0000001
39986,0.0000933,0.0000002,0.0000001
39987,0.0000933,0.0000002,0.0000001
39988,0.0000933,0.0000002,0.0000001
39989,0.0000932,0.0000002,0.0000001
39990,0.0000932,0.0000002,0.0000001
39991,0.0000932,0.0000002,0.0000001
39992,0.0000932,0.0000002,0.0000001
39993,0.0000932,0.0000002,0.0000001
39994,0.0000932,0.0000002,0.0000001
39995,0.0000932,0.0000002,0.0000001
39996,0.0000932,0.0000002,0.0000001
39997,0.0000932,0.0000002,0.0000001
39998,0.0000932,0.0000002,0.0000001
39999,0.0000932,0.0000002,0.0000001
40000,0.0000932,0.0000002,0.0000001
40001,0.0000932,0.0000002,0.0000001
40002,0.0000932,0.0000002,0.0000001
40003,0.0000932,0.0000002,0.0000001
40004,0.0000932,0.0000002,0.0000001
40005,0.0000932,0.0000002,0.0000001
40006,0.0000932,0.0000002,0.0000001
40007,0.0000932,0.0000002,0.0000001
40008,0.0000932,0.0000002,0.0000001
40009,0.0000932,0.0000002,0.0000001
40010,0.0000932,0.0000002,0.0000001
40011,0.0000932,0.0000002,0.0000001
40012,0.0000932,0.0000002,0.0000001
40013,0.0000932,0.0000002,0.0000001
40014,0.0000932,0.0000002,0.0000001
40015,0.0000931,0.0000002,0.0000001
40016,0.0000931,0.0000002,0.0000001
40017,0.0000931,0.0000002,0.0000001
40018,0.0000931,0.0000002,0.0000001
40019,0.0000931,0.0000002,0.0000001
40020,0.0000931,0.0000002,0.0000001
40021,0.0000931,0.0000002,0.0000001
40022,0.0000931,0.0000002,0.0000001
40023,0.0000931,0.0000002,0.0000001
40024,0.0000931,0.0000002,0.0000001
40025,0.0000931,0.0000002,0.0000001
40026,0.0000931,0.0000002,0.0000001
40027,0.0000931,0.0000002,0.0000001
40028,0.0000931,0.0000002,0.0000001
40029,0.0000931,0.0000002,0.0000001
40030,0.0000931,0.0000002,0.0000001
40031,0.0000931,0.0000002,0.0000001
40032,0.0000931,0.0000002,0.0000001
40033,0.0000931,0.0000002,0.0000001
40034,0.0000931,0.0000002,0.0000001
40035,0.0000931,0.0000002,0.0000001
40036,0.0000931,0.0000002,0.0000001
40037,0.0000931,0.0000002,0.0000001
40038,0.0000931,0.0000002,0.0000001
40039,0.0000931,0.0000002,0.0000001
40040,0.0000930,0.0000002,0.0000001
40041,0.0000930,0.0000002,0.0000001
40042,0.0000930,0.0000002,0.0000001
40043,0.0000930,0.0000002,0.0000001
40044,0.0000930,0.0000002,0.0000001
40045,0.0000930,0.0000002,0.0000001
40046,0.0000930,0.0000002,0.0000001
40047,0.0000930,0.0000002,0.0000001
40048,0.0000930,0.0000002,0.0000001
40049,0.0000930,0.0000002,0.0000001
40050,0.0000930,0.0000002,0.0000001
40051,0.0000930,0.0000002,0.0000001
40052,0.0000930,0.0000002,0.0000001
40053,0.0000930,0.0000002,0.0000001
40054,0.0000930,0.0000002,0.0000001
40055,0.0000930,0.0000002,0.0000001
40056,0.0000930,0.0000002,0.0000001
40057,0.0000930,0.0000002,0.0000001
40058,0.0000930,0.0000002,0.0000001
40059,0.0000930,0.0000002,0.0000001
40060,0.0000930,0.0000002,0.0000001
40061,0.0000930,0.0000002,0.0000001
40062,0.0000930,0.0000002,0.0000001
40063,0.0000930,0.0000002,0.0000001
40064,0.0000930,0.0000002,0.0000001
40065,0.0000930,0.0000002,0.0000001
40066,0.0000929,0.0000002,0.0000001
40067,0.0000929,0.0000002,0.0000001
40068,0.0000929,0.0000002,0.0000001
40069,0.0000929,0.0000002,0.0000001
40070,0.0000929,0.0000002,0.0000001
40071,0.0000929,0.0000002,0.0000001
40072,0.0000929,0.0000002,0.0000001
40073,0.0000929,0.0000002,0.0000001
40074,0.0000929,0.0000002,0.0000001
40075,0.0000929,0.0000002,0.0000001
40076,0.0000929,0.0000002,0.0000001
40077,0.0000929,0.0000002,0.0000001
40078,0.0000929,0.0000002,0.0000001
40079,0.0000929,0.0000002,0.0000001
40080,0.0000929,0.0000002,0.0000001
40081,0.0000929,0.0000002,0.0000001
40082,0.0000929,0.0000002,0.0000001
40083,0.0000929,0.0000002,0.0000001
40084,0.0000929,0.0000002,0.0000001
40085,0.0000929,0.0000002,0.0000001
40086,0.0000929,0.0000002,0.0000001
40087,0.0000929,0.0000002,0.0000001
40088,0.0000929,0.0000002,0.0000001
40089,0.0000929,0.0000002,0.0000001
40090,0.0000929,0.0000002,0.0000001
40091,0.0000929,0.0000002,0.0000001
40092,0.0000928,0.0000002,0.0000001
40093,0.0000928,0.0000002,0.0000001
40094,0.0000928,0.0000002,0.0000001
40095,0.0000928,0.0000002,0.0000001
40096,0.0000928,0.0000002,0.0000001
40097,0.0000928,0.0000002,0.0000001
40098,0.0000928,0.0000002,0.0000001
40099,0.0000928,0.0000002,0.0000001
40100,0.0000928,0.0000002,0.0000001
40101,0.0000928,0.0000002,0.0000001
40102,0.0000928,0.0000002,0.0000001
40103,0.0000928,0.0000002,0.0000001
40104,0.0000928,0.0000002,0.0000001
40105,0.0000928,0.0000002,0.0000001
40106,0.0000928,0.0000002,0.0000001
40107,0.0000928,0.0000002,0.0000001
40108,0.0000928,0.0000002,0.0000001
40109,0.0000928,0.0000002,0.0000001
40110,0.0000928,0.0000002,0.0000001
40111,0.0000928,0.0000002,0.0000001
40112,0.0000928,0.0000002,0.0000001
40113,0.0000928,0.0000002,0.0000001
40114,0.0000928,0.0000002,0.0000001
40115,0.0000928,0.0000002,0.0000001
40116,0.0000928,0.0000002,0.0000001
40117,0.0000928,0.0000002,0.0000001
40118,0.0000927,0.0000002,0.0000001
40119,0.0000927,0.0000002,0.0000001
40120,0.0000927,0.0000002,0.0000001
40121,0.0000927,0.0000002,0.0000001
40122,0.0000927,0.0000002,0.0000001
40123,0.0000927,0.0000002,0.0000001
40124,0.0000927,0.0000002,0.0000001
40125,0.0000927,0.0000002,0.0000001
40126,0.0000927,0.0000002,0.0000001
40127,0.0000927,0.0000002,0.0000001
40128,0.0000927,0.0000002,0.0000001
40129,0.0000927,0.0000002,0.0000001
40130,0.0000927,0.0000002,0.0000001
40131,0.0000927,0.0000002,0.0000001
40132,0.0000927,0.0000002,0.0000001
40133,0.0000927,0.0000002,0.0000001
40134,0.0000927,0.0000002,0.0000001
40135,0.0000927,0.0000002,0.0000001
40136,0.0000927,0.0000002,0.0000001
40137,0.0000927,0.0000002,0.0000001
40138,0.0000927,0.0000002,0.0000001
40139,0.0000927,0.0000002,0.0000001
40140,0.0000927,0.0000002,0.0000001
40141,0.0000927,0.0000002,0.0000001
40142,0.0000927,0.0000002,0.0000001
40143,0.0000927,0.0000002,0.0000001
40144,0.0000926,0.0000002,0.0000001
40145,0.0000926,0.0000002,0.0000001
40146,0.0000926,0.0000002,0.0000001
40147,0.0000926,0.0000002,0.0000001
40148,0.0000926,0.0000002,0.0000001
40149,0.0000926,0.0000002,0.0000001
40150,0.0000926,0.0000002,0.0000001
40151,0.0000926,0.0000002,0.0000001
40152,0.0000926,0.0000002,0.0000001
40153,0.0000926,0.0000002,0.0000001
40154,0.0000926,0.0000002,0.0000001
40155,0.0000926,0.0000002,0.0000001
40156,0.0000926,0.0000002,0.0000001
40157,0.0000926,0.0000002,0.0000001
40158,0.0000926,0.0000002,0.0000001
40159,0.0000926,0.0000002,0.0000001
40160,0.0000926,0.0000002,0.0000001
40161,0.0000926,0.0000002,0.0000001
40162,0.0000926,0.0000002,0.0000001
40163,0.0000926,0.0000002,0.0000001
40164,0.0000926,0.0000002,0.0000001
40165,0.0000926,0.0000002,0.0000001
40166,0.0000926,0.0000002,0.0000001
40167,0.0000926,0.0000002,0.0000001
40168,0.0000926,0.0000002,0.0000001
40169,0.0000926,0.0000002,0.0000001
40170,0.0000925,0.0000002,0.0000001
40171,0.0000925,0.0000002,0.0000001
40172,0.0000925,0.0000002,0.0000001
40173,0.0000925,0.0000002,0.0000001
40174,0.0000925,0.0000002,0.0000001
40175,0.0000925,0.0000002,0.0000001
40176,0.0000925,0.0000002,0.0000001
40177,0.0000925,0.0000002,0.0000001
40178,0.0000925,0.0000002,0.0000001
40179,0.0000925,0.0000002,0.0000001
40180,0.0000925,0.0000002,0.0000001
40181,0.0000925,0.0000002,0.0000001
40182,0.0000925,0.0000002,0.0000001
40183,0.0000925,0.0000002,0.0000001
40184,0.0000925,0.0000002,0.0000001
40185,0.0000925,0.0000002,0.0000001
40186,0.0000925,0.0000002,0.0000001
40187,0.0000925,0.0000002,0.0000001
40188,0.0000925,0.0000002,0.0000001
40189,0.0000925,0.0000002,0.0000001
40190,0.0000925,0.0000002,0.0000001
40191,0.0000925,0.0000002,0.0000001
40192,0.0000925,0.0000002,0.0000001
40193,0.0000925,0.0000002,0.0000001
40194,0.0000925,0.0000002,0.0000001
40195,0.0000925,0.0000002,0.0000001
40196,0.0000925,0.0000002,0.0000001
40197,0.0000924,0.0000002,0.0000001
40198,0.0000924,0.0000002,0.0000001
40199,0.0000924,0.0000002,0.0000001
40200,0.0000924,0.0000002,0.0000001
40201,0.0000924,0.0000002,0.0000001
40202,0.0000924,0.0000002,0.0000001
40203,0.0000924,0.0000002,0.0000001
40204,0.0000924,0.0000002,0.0000001
40205,0.0000924,0.0000002,0.0000001
40206,0.0000924,0.0000002,0.0000001
40207,0.0000924,0.0000002,0.0000001
40208,0.0000924,0.0000002,0.0000001
40209,0.0000924,0.0000002,0.0000001
40210,0.0000924,0.0000002,0.0000001
40211,0.0000924,0.0000002,0.0000001
40212,0.0000924,0.0000002,0.0000001
40213,0.0000924,0.0000002,0.0000001
40214,0.0000924,0.0000002,0.0000001
40215,0.0000924,0.0000002,0.0000001
40216,0.0000924,0.0000002,0.0000001
40217,0.0000924,0.0000002,0.0000001
40218,0.0000924,0.0000002,0.0000001
40219,0.0000924,0.0000002,0.0000001
40220,0.0000924,0.0000002,0.0000001
40221,0.0000924,0.0000002,0.0000001
40222,0.0000924,0.0000002,0.0000001
40223,0.0000924,0.0000002,0.0000001
40224,0.0000923,0.0000002,0.0000001
40225,0.0000923,0.0000002,0.0000001
40226,0.0000923,0.0000002,0.0000001
40227,0.0000923,0.0000002,0.0000001
40228,0.0000923,0.0000002,0.0000001
40229,0.0000923,0.0000002,0.0000001
40230,0.0000923,0.0000002,0.0000001
40231,0.0000923,0.0000002,0.0000001
40232,0.0000923,0.0000002,0.0000001
40233,0.0000923,0.0000002,0.0000001
40234,0.0000923,0.0000002,0.0000001
40235,0.0000923,0.0000002,0.0000001
40236,0.0000923,0.0000002,0.0000001
40237,0.0000923,0.0000002,0.0000001
40238,0.0000923,0.0000002,0.0000001
40239,0.0000923,0.0000002,0.0000001
40240,0.0000923,0.0000002,0.0000001
40241,0.0000923,0.0000002,0.0000001
40242,0.0000923,0.0000002,0.0000001
40243,0.0000923,0.0000002,0.0000001
40244,0.0000923,0.0000002,0.0000001
40245,0.0000923,0.0000002,0.0000001
40246,0.0000923,0.0000002,0.0000001
40247,0.0000923,0.0000002,0.0000001
40248,0.0000923,0.0000002,0.0000001
40249,0.0000923,0.0000002,0.0000001
40250,0.0000922,0.0000002,0.0000001
40251,0.0000922,0.0000002,0.0000001
40252,0.0000922,0.0000002,0.0000001
40253,0.0000922,0.0000002,0.0000001
40254,0.0000922,0.0000002,0.0000001
40255,0.0000922,0.0000002,0.0000001
40256,0.0000922,0.0000002,0.0000001
40257,0.0000922,0.0000002,0.0000001
40258,0.0000922,0.0000002,0.0000001
40259,0.0000922,0.0000002,0.0000001
40260,0.0000922,0.0000002,0.0000001
40261,0.0000922,0.0000002,0.0000001
40262,0.0000922,0.0000002,0.0000001
40263,0.0000922,0.0000002,0.0000001
40264,0.0000922,0.0000002,0.0000001
40265,0.0000922,0.0000002,0.0000001
40266,0.0000922,0.0000002,0.0000001
40267,0.0000922,0.0000002,0.0000001
40268,0.0000922,0.0000002,0.0000001
40269,0.0000922,0.0000002,0.0000001
40270,0.0000922,0.0000002,0.0000001
40271,0.0000922,0.0000002,0.0000001
40272,0.0000922,0.0000002,0.0000001
40273,0.0000922,0.0000002,0.0000001
40274,0.0000922,0.0000002,0.0000001
40275,0.0000922,0.0000002,0.0000001
40276,0.0000922,0.0000002,0.0000001
40277,0.0000921,0.0000002,0.0000001
40278,0.0000921,0.0000002,0.0000001
40279,0.0000921,0.0000002,0.0000001
40280,0.0000921,0.0000002,0.0000001
40281,0.0000921,0.0000002,0.0000001
40282,0.0000921,0.0000002,0.0000001
40283,0.0000921,0.0000002,0.0000001
40284,0.0000921,0.0000002,0.0000001
40285,0.0000921,0.0000002,0.0000001
40286,0.0000921,0.0000002,0.0000001
40287,0.0000921,0.0000002,0.0000001
40288,0.0000921,0.0000002,0.0000001
40289,0.0000921,0.0000002,0.0000001
40290,0.0000921,0.0000002,0.0000001
40291,0.0000921,0.0000002,0.0000001
40292,0.0000921,0.0000002,0.0000001
40293,0.0000921,0.0000002,0.0000001
40294,0.0000921,0.0000002,0.0000001
40295,0.0000921,0.0000002,0.0000001
40296,0.0000921,0.0000002,0.0000001
40297,0.0000921,0.0000002,0.0000001
40298,0.0000921,0.0000002,0.0000001
40299,0.0000921,0.0000002,0.0000001
40300,0.0000921,0.0000002,0.0000001
40301,0.0000921,0.0000002,0.0000001
40302,0.0000921,0.0000002,0.0000001
40303,0.0000921,0.0000002,0.0000001
40304,0.0000920,0.0000002,0.0000001
40305,0.0000920,0.0000002,0.0000001
40306,0.0000920,0.0000002,0.0000001
40307,0.0000920,0.0000002,0.0000001
40308,0.0000920,0.0000002,0.0000001
40309,0.0000920,0.0000002,0.0000001
40310,0.0000920,0.0000002,0.0000001
40311,0.0000920,0.0000002,0.0000001
40312,0.0000920,0.0000002,0.0000001
40313,0.0000920,0.0000002,0.0000001
40314,0.0000920,0.0000002,0.0000001
40315,0.0000920,0.0000002,0.0000001
40316,0.0000920,0.0000002,0.0000001
40317,0.0000920,0.0000002,0.0000001
40318,0.0000920,0.0000002,0.0000001
40319,0.0000920,0.0000002,0.0000001
40320,0.0000920,0.0000002,0.0000001
40321,0.0000920,0.0000002,0.0000001
40322,0.0000920,0.0000002,0.0000001
40323,0.0000920,0.0000002,0.0000001
40324,0.0000920,0.0000002,0.0000001
40325,0.0000920,0.0000002,0.0000001
40326,0.0000920,0.0000002,0.0000001
40327,0.0000920,0.0000002,0.0000001
40328,0.0000920,0.0000002,0.0000001
40329,0.0000920,0.0000002,0.0000001
40330,0.0000920,0.0000002,0.0000001
40331,0.0000919,0.0000002,0.0000001
40332,0.0000919,0.0000002,0.0000001
40333,0.0000919,0.0000002,0.0000001
40334,0.0000919,0.0000002,0.0000001
40335,0.0000919,0.0000002,0.0000001
40336,0.0000919,0.0000002,0.0000001
40337,0.0000919,0.0000002,0.0000001
40338,0.0000919,0.0000002,0.0000001
40339,0.0000919,0.0000002,0.0000001
40340,0.0000919,0.0000002,0.0000001
40341,0.0000919,0.0000002,0.0000001
40342,0.0000919,0.0000002,0.0000001
40343,0.0000919,0.0000002,0.0000001
40344,0.0000919,0.0000002,0.0000001
40345,0.0000919,0.0000002,0.0000001
40346,0.0000919,0.0000002,0.0000001
40347,0.0000919,0.0000002,0.0000001
40348,0.0000919,0.0000002,0.0000001
40349,0.0000919,0.0000002,0.0000001
40350,0.0000919,0.0000002,0.0000001
40351,0.0000919,0.0000002,0.0000001
40352,0.0000919,0.0000002,0.0000001
40353,0.0000919,0.0000002,0.0000001
40354,0.0000919,0.0000002,0.0000001
40355,0.0000919,0.0000002,0.0000001
40356,0.0000919,0.0000002,0.0000001
40357,0.0000919,0.0000002,0.0000001
40358,0.0000919,0.0000002,0.0000001
40359,0.0000918,0.0000002,0.0000001
40360,0.0000918,0.0000002,0.0000001
40361,0.0000918,0.0000002,0.0000001
40362,0.0000918,0.0000002,0.0000001
40363,0.0000918,0.0000002,0.0000001
40364,0.0000918,0.0000002,0.0000001
40365,0.0000918,0.0000002,0.0000001
40366,0.0000918,0.0000002,0.0000001
40367,0.0000918,0.0000002,0.0000001
40368,0.0000918,0.0000002,0.0000001
40369,0.0000918,0.0000002,0.0000001
40370,0.0000918,0.0000002,0.0000001
40371,0.0000918,0.0000002,0.0000001
40372,0.0000918,0.0000002,0.0000001
40373,0.0000918,0.0000002,0.0000001
40374,0.0000918,0.0000002,0.0000001
40375,0.0000918,0.0000002,0.0000001
40376,0.0000918,0.0000002,0.0000001
40377,0.0000918,0.0000002,0.0000001
40378,0.0000918,0.0000002,0.0000001
40379,0.0000918,0.0000002,0.0000001
40380,0.0000918,0.0000002,0.0000001
40381,0.0000918,0.0000002,0.0000001
40382,0.0000918,0.0000002,0.0000001
40383,0.0000918,0.0000002,0.0000001
40384,0.0000918,0.0000002,0.0000001
40385,0.0000918,0.0000002,0.0000001
40386,0.0000917,0.0000002,0.0000001
40387,0.0000917,0.0000002,0.0000001
40388,0.0000917,0.0000002,0.0000001
40389,0.0000917,0.0000002,0.0000001
40390,0.0000917,0.0000002,0.0000001
40391,0.0000917,0.0000002,0.0000001
40392,0.0000917,0.0000002,0.0000001
40393,0.0000917,0.0000002,0.0000001
40394,0.0000917,0.0000002,0.0000001
40395,0.0000917,0.0000002,0.0000001
40396,0.0000917,0.0000002,0.0000001
40397,0.0000917,0.0000002,0.0000001
40398,0.0000917,0.0000002,0.0000001
40399,0.0000917,0.0000002,0.0000001
40400,0.0000917,0.0000002,0.0000001
40401,0.0000917,0.0000002,0.0000001
40402,0.0000917,0.0000002,0.0000001
40403,0.0000917,0.0000002,0.0000001
40404,0.0000917,0.0000002,0.0000001
40405,0.0000917,0.0000002,0.0000001
40406,0.0000917,0.0000002,0.0000001
40407,0.0000917,0.0000002,0.0000001
40408,0.0000917,0.0000002,0.0000001
40409,0.0000917,0.0000002,0.0000001
40410,0.0000917,0.0000002,0.0000001
40411,0.0000917,0.0000002,0.0000001
40412,0.0000917,0.0000002,0.0000001
40413,0.0000916,0.0000002,0.0000001
40414,0.0000916,0.0000002,0.0000001
40415,0.0000916,0.0000002,0.0000001
40416,0.0000916,0.0000002,0.0000001
40417,0.0000916,0.0000002,0.0000001
40418,0.0000916,0.0000002,0.0000001
40419,0.0000916,0.0000002,0.0000001
40420,0.0000916,0.0000002,0.0000001
40421,0.0000916,0.0000002,0.0000001
40422,0.0000916,0.0000002,0.0000001
40423,0.0000916,0.0000002,0.0000001
40424,0.0000916,0.0000002,0.0000001
40425,0.0000916,0.0000002,0.0000001
40426,0.0000916,0.0000002,0.0000001
40427,0.0000916,0.0000002,0.0000001
40428,0.0000916,0.0000002,0.0000001
40429,0.0000916,0.0000002,0.0000001
40430,0.0000916,0.0000002,0.0000001
40431,0.0000916,0.0000002,0.0000001
40432,0.0000916,0.0000002,0.0000001
40433,0.0000916,0.0000002,0.0000001
40434,0.0000916,0.0000002,0.0000001
40435,0.0000916,0.0000002,0.0000001
40436,0.0000916,0.0000002,0.0000001
40437,0.0000916,0.0000002,0.0000001
40438,0.0000916,0.0000002,0.0000001
40439,0.0000916,0.0000002,0.0000001
40440,0.0000916,0.0000002,0.0000001
40441,0.0000915,0.0000002,0.0000001
40442,0.0000915,0.0000002,0.0000001
40443,0.0000915,0.0000002,0.0000001
40444,0.0000915,0.0000002,0.0000001
40445,0.0000915,0.0000002,0.0000001
40446,0.0000915,0.0000002,0.0000001
40447,0.0000915,0.0000002,0.0000001
40448,0.0000915,0.0000002,0.0000001
40449,0.0000915,0.0000002,0.0000001
40450,0.0000915,0.0000002,0.0000001
40451,0.0000915,0.0000002,0.0000001
40452,0.0000915,0.0000002,0.0000001
40453,0.0000915,0.0000002,0.0000001
40454,0.0000915,0.0000002,0.0000001
40455,0.0000915,0.0000002,0.0000001
40456,0.0000915,0.0000002,0.0000001
40457,0.0000915,0.0000002,0.0000001
40458,0.0000915,0.0000002,0.0000001
40459,0.0000915,0.0000002,0.0000001
40460,0.0000915,0.0000002,0.0000001
40461,0.0000915,0.0000002,0.0000001
40462,0.0000915,0.0000002,0.0000001
40463,0.0000915,0.0000002,0.0000001
40464,0.0000915,0.0000002,0.0000001
40465,0.0000915,0.0000002,0.0000001
40466,0.0000915,0.0000002,0.0000001
40467,0.0000915,0.0000002,0.0000001
40468,0.0000914,0.0000002,0.0000001
40469,0.0000914,0.0000002,0.0000001
40470,0.0000914,0.0000002,0.0000001
40471,0.0000914,0.0000002,0.0000001
40472,0.0000914,0.0000002,0.0000001
40473,0.0000914,0.0000002,0.0000001
40474,0.0000914,0.0000002,0.0000001
40475,0.0000914,0.0000002,0.0000001
40476,0.0000914,0.0000002,0.0000001
40477,0.0000914,0.0000002,0.0000001
40478,0.0000914,0.0000002,0.0000001
40479,0.0000914,0.0000002,0.0000001
40480,0.0000914,0.0000002,0.0000001
40481,0.0000914,0.0000002,0.0000001
40482,0.0000914,0.0000002,0.0000001
40483,0.0000914,0.0000002,0.0000001
40484,0.0000914,0.0000002,0.0000001
40485,0.0000914,0.0000002,0.0000001
40486,0.0000914,0.0000002,0.0000001
40487,0.0000914,0.0000002,0.0000001
40488,0.0000914,0.0000002,0.0000001
40489,0.0000914,0.0000002,0.0000001
40490,0.0000914,0.0000002,0.0000001
40491,0.0000914,0.0000002,0.0000001
40492,0.0000914,0.0000002,0.0000001
40493,0.0000914,0.0000002,0.0000001
40494,0.0000914,0.0000002,0.0000001
40495,0.0000914,0.0000002,0.0000001
40496,0.0000913,0.0000002,0.0000001
40497,0.0000913,0.0000002,0.0000001
40498,0.0000913,0.0000002,0.0000001
40499,0.0000913,0.0000002,0.0000001
40500,0.0000913,0.0000002,0.0000001
40501,0.0000913,0.0000002,0.0000001
40502,0.0000913,0.0000002,0.0000001
40503,0.0000913,0.0000002,0.0000001
40504,0.0000913,0.0000002,0.0000001
40505,0.0000913,0.0000002,0.0000001
40506,0.0000913,0.0000002,0.0000001
40507,0.0000913,0.0000002,0.0000001
40508,0.0000913,0.0000002,0.0000001
40509,0.0000913,0.0000002,0.0000001
40510,0.0000913,0.0000002,0.0000001
40511,0.0000913,0.0000002,0.0000001
40512,0.0000913,0.0000002,0.0000001
40513,0.0000913,0.0000002,0.0000001
40514,0.0000913,0.0000002,0.0000001
40515,0.0000913,0.0000002,0.0000001
40516,0.0000913,0.0000002,0.0000001
40517,0.0000913,0.0000002,0.0000001
40518,0.0000913,0.0000002,0.0000001
40519,0.0000913,0.0000002,0.0000001
40520,0.0000913,0.0000002,0.0000001
40521,0.0000913,0.0000002,0.0000001
40522,0.0000913,0.0000002,0.0000001
40523,0.0000912,0.0000002,0.0000001
40524,0.0000912,0.0000002,0.0000001
40525,0.0000912,0.0000002,0.0000001
40526,0.0000912,0.0000002,0.0000001
40527,0.0000912,0.0000002,0.0000001
40528,0.0000912,0.0000002,0.0000001
40529,0.0000912,0.0000002,0.0000001
40530,0.0000912,0.0000002,0.0000001
40531,0.0000912,0.0000002,0.0000001
40532,0.0000912,0.0000002,0.0000001
40533,0.0000912,0.0000002,0.0000001
40534,0.0000912,0.0000002,0.0000001
40535,0.0000912,0.0000002,0.0000001
40536,0.0000912,0.0000002,0.0000001
40537,0.0000912,0.0000002,0.0000001
40538,0.0000912,0.0000002,0.0000001
40539,0.0000912,0.0000002,0.0000001
40540,0.0000912,0.0000002,0.0000001
40541,0.0000912,0.0000002,0.0000001
40542,0.0000912,0.0000002,0.0000001
40543,0.0000912,0.0000002,0.0000001
40544,0.0000912,0.0000002,0.0000001
40545,0.0000912,0.0000002,0.0000001
40546,0.0000912,0.0000002,0.0000001
40547,0.0000912,0.0000002,0.0000001
40548,0.0000912,0.0000002,0.0000001
40549,0.0000912,0.0000002,0.0000001
40550,0.0000912,0.0000002,0.0000001
40551,0.0000911,0.0000002,0.0000001
40552,0.0000911,0.0000002,0.0000001
40553,0.0000911,0.0000002,0.0000001
40554,0.0000911,0.0000002,0.0000001
40555,0.0000911,0.0000002,0.0000001
40556,0.0000911,0.0000002,0.0000001
40557,0.0000911,0.0000002,0.0000001
40558,0.0000911,0.0000002,0.0000001
40559,0.0000911,0.0000002,0.0000001
40560,0.0000911,0.0000002,0.0000001
40561,0.0000911,0.0000002,0.0000001
40562,0.0000911,0.0000002,0.0000001
40563,0.0000911,0.0000002,0.0000001
40564,0.0000911,0.0000002,0.0000001
40565,0.0000911,0.0000002,0.0000001
40566,0.0000911,0.0000002,0.0000001
40567,0.0000911,0.0000002,0.0000001
40568,0.0000911,0.0000002,0.0000001
40569,0.0000911,0.0000002,0.0000001
40570,0.0000911,0.0000002,0.0000001
40571,0.0000911,0.0000002,0.0000001
40572,0.0000911,0.0000002,0.0000001
40573,0.0000911,0.0000002,0.0000001
40574,0.0000911,0.0000002,0.0000001
40575,0.0000911,0.0000002,0.0000001
40576,0.0000911,0.0000002,0.0000001
40577,0.0000911,0.0000002,0.0000001
40578,0.0000911,0.0000002,0.0000001
40579,0.0000910,0.0000002,0.0000001
40580,0.0000910,0.0000002,0.0000001
40581,0.0000910,0.0000002,0.0000001
40582,0.0000910,0.0000002,0.0000001
40583,0.0000910,0.0000002,0.0000001
40584,0.0000910,0.0000002,0.0000001
40585,0.0000910,0.0000002,0.0000001
40586,0.0000910,0.0000002,0.0000001
40587,0.0000910,0.0000002,0.0000001
40588,0.0000910,0.0000002,0.0000001
40589,0.0000910,0.0000002,0.0000001
40590,0.0000910,0.0000002,0.0000001
40591,0.0000910,0.0000002,0.0000001
40592,0.0000910,0.0000002,0.0000001
40593,0.0000910,0.0000002,0.0000001
40594,0.0000910,0.0000002,0.0000001
40595,0.0000910,0.0000002,0.0000001
40596,0.0000910,0.0000002,0.0000001
40597,0.0000910,0.0000002,0.0000001
40598,0.0000910,0.0000002,0.0000001
40599,0.0000910,0.0000002,0.0000001
40600,0.0000910,0.0000002,0.0000001
40601,0.0000910,0.0000002,0.0000001
40602,0.0000910,0.0000002,0.0000001
40603,0.0000910,0.0000002,0.0000001
40604,0.0000910,0.0000002,0.0000001
40605,0.0000910,0.0000002,0.0000001
40606,0.0000909,0.0000002,0.0000001
40607,0.0000909,0.0000002,0.0000001
40608,0.0000909,0.0000002,0.0000001
40609,0.0000909,0.0000002,0.0000001
40610,0.0000909,0.0000002,0.0000001
40611,0.0000909,0.0000002,0.0000001
40612,0.0000909,0.0000002,0.0000001
40613,0.0000909,0.0000002,0.0000001
40614,0.0000909,0.0000002,0.0000001
40615,0.0000909,0.0000002,0.0000001
40616,0.0000909,0.0000002,0.0000001
40617,0.0000909,0.0000002,0.0000001
40618,0.0000909,0.0000002,0.0000001
40619,0.0000909,0.0000002,0.0000001
40620,0.0000909,0.0000002,0.0000001
40621,0.0000909,0.0000002,0.0000001
40622,0.0000909,0.0000002,0.0000001
40623,0.0000909,0.0000002,0.0000001
40624,0.0000909,0.0000002,0.0000001
40625,0.0000909,0.0000002,0.0000001
40626,0.0000909,0.0000002,0.0000001
40627,0.0000909,0.0000002,0.0000001
40628,0.0000909,0.0000002,0.0000001
40629,0.0000909,0.0000002,0.0000001
40630,0.0000909,0.0000002,0.0000001
40631,0.0000909,0.0000002,0.0000001
40632,0.0000909,0.0000002,0.0000001
40633,0.0000909,0.0000002,0.0000001
40634,0.0000908,0.0000002,0.0000001
40635,0.0000908,0.0000002,0.0000001
40636,0.0000908,0.0000002,0.0000001
40637,0.0000908,0.0000002,0.0000001
40638,0.0000908,0.0000002,0.0000001
40639,0.0000908,0.0000002,0.0000001
40640,0.0000908,0.0000002,0.0000001
40641,0.0000908,0.0000002,0.0000001
40642,0.0000908,0.0000002,0.0000001
40643,0.0000908,0.0000002,0.0000001
40644,0.0000908,0.0000002,0.0000001
40645,0.0000908,0.0000002,0.0000001
40646,0.0000908,0.0000002,0.0000001
40647,0.0000908,0.0000002,0.0000001
40648,0.0000908,0.0000002,0.0000001
40649,0.0000908,0.0000002,0.0000001
40650,0.0000908,0.0000002,0.0000001
40651,0.0000908,0.0000002,0.0000001
40652,0.0000908,0.0000002,0.0000001
40653,0.0000908,0.0000002,0.0000001
40654,0.0000908,0.0000002,0.0000001
40655,0.0000908,0.0000002,0.0000001
40656,0.0000908,0.0000002,0.0000001
40657,0.0000908,0.0000002,0.0000001
40658,0.0000908,0.0000002,0.0000001
40659,0.0000908,0.0000002,0.0000001
40660,0.0000908,0.0000002,0.0000001
40661,0.0000907,0.0000002,0.0000001
40662,0.0000907,0.0000002,0.0000001
40663,0.0000907,0.0000002,0.0000001
40664,0.0000907,0.0000002,0.0000001
40665,0.0000907,0.0000002,0.0000001
40666,0.0000907,0.0000002,0.0000001
40667,0.0000907,0.0000002,0.0000001
40668,0.0000907,0.0000002,0.0000001
40669,0.0000907,0.0000002,0.0000001
40670,0.0000907,0.0000002,0.0000001
40671,0.0000907,0.0000002,0.0000001
40672,0.0000907,0.0000002,0.0000001
40673,0.0000907,0.0000002,0.0000001
40674,0.0000907,0.0000002,0.0000001
40675,0.0000907,0.0000002,0.0000001
40676,0.0000907,0.0000002,0.0000001
40677,0.0000907,0.0000002,0.0000001
40678,0.0000907,0.0000002,0.0000001
40679,0.0000907,0.0000002,0.0000001
40680,0.0000907,0.0000002,0.0000001
40681,0.0000907,0.0000002,0.0000001
40682,0.0000907,0.0000002,0.0000001
40683,0.0000907,0.0000002,0.0000001
40684,0.0000907,0.0000002,0.0000001
40685,0.0000907,0.0000002,0.0000001
40686,0.0000907,0.0000002,0.0000001
40687,0.0000907,0.0000002,0.0000001
40688,0.0000907,0.0000002,0.0000001
40689,0.0000906,0.0000002,0.0000001
40690,0.0000906,0.0000002,0.0000001
40691,0.0000906,0.0000002,0.0000001
40692,0.0000906,0.0000002,0.0000001
40693,0.0000906,0.0000002,0.0000001
40694,0.0000906,0.0000002,0.0000001
40695,0.0000906,0.0000002,0.0000001
40696,0.0000906,0.0000002,0.0000001
40697,0.0000906,0.0000002,0.0000001
40698,0.0000906,0.0000002,0.0000001
40699,0.0000906,0.0000002,0.0000001
40700,0.0000906,0.0000002,0.0000001
40701,0.0000906,0.0000002,0.0000001
40702,0.0000906,0.0000002,0.0000001
40703,0.0000906,0.0000002,0.0000001
40704,0.0000906,0.0000002,0.0000001
40705,0.0000906,0.0000002,0.0000001
40706,0.0000906,0.0000002,0.0000001
40707,0.0000906,0.0000002,0.0000001
40708,0.0000906,0.0000002,0.0000001
40709,0.0000906,0.0000002,0.0000001
40710,0.0000906,0.0000002,0.0000001
40711,0.0000906,0.0000002,0.0000001
40712,0.0000906,0.0000002,0.0000001
40713,0.0000906,0.0000002,0.0000001
40714,0.0000906,0.0000002,0.0000001
40715,0.0000906,0.0000002,0.0000001
40716,0.0000905,0.0000002,0.0000001
40717,0.0000905,0.0000002,0.0000001
40718,0.0000905,0.0000002,0.0000001
40719,0.0000905,0.0000002,0.0000001
40720,0.0000905,0.0000002,0.0000001
40721,0.0000905,0.0000002,0.0000001
40722,0.0000905,0.0000002,0.0000001
40723,0.0000905,0.0000002,0.0000001
40724,0.0000905,0.0000002,0.0000001
40725,0.0000905,0.0000002,0.0000001
40726,0.0000905,0.0000002,0.0000001
40727,0.0000905,0.0000002,0.0000001
40728,0.0000905,0.0000002,0.0000001
40729,0.0000905,0.0000002,0.0000001
40730,0.0000905,0.0000002,0.0000001
40731,0.0000905,0.0000002,0.0000001
40732,0.0000905,0.0000002,0.0000001
40733,0.0000905,0.0000002,0.0000001
40734,0.0000905,0.0000002,0.0000001
40735,0.0000905,0.0000002,0.0000001
40736,0.0000905,0.0000002,0.0000001
40737,0.0000905,0.0000002,0.0000001
40738,0.0000905,0.0000002,0.0000001
40739,0.0000905,0.0000002,0.0000001
40740,0.0000905,0.0000002,0.0000001
40741,0.0000905,0.0000002,0.0000001
40742,0.0000905,0.0000002,0.0000001
40743,0.0000905,0.0000002,0.0000001
40744,0.0000904,0.0000002,0.0000001
40745,0.0000904,0.0000002,0.0000001
40746,0.0000904,0.0000002,0.0000001
40747,0.0000904,0.0000002,0.0000001
40748,0.0000904,0.0000002,0.0000001
40749,0.0000904,0.0000002,0.0000001
40750,0.0000904,0.0000002,0.0000001
40751,0.0000904,0.0000002,0.0000001
40752,0.0000904,0.0000002,0.0000001
40753,0.0000904,0.0000002,0.0000001
40754,0.0000904,0.0000002,0.0000001
40755,0.0000904,0.0000002,0.0000001
40756,0.0000904,0.0000002,0.0000001
40757,0.0000904,0.0000002,0.0000001
40758,0.0000904,0.0000002,0.0000001
40759,0.0000904,0.0000002,0.0000001
40760,0.0000904,0.0000002,0.0000001
40761,0.0000904,0.0000002,0.0000001
40762,0.0000904,0.0000002,0.0000001
40763,0.0000904,0.0000002,0.0000001
40764,0.0000904,0.0000002,0.0000001
40765,0.0000904,0.0000002,0.0000001
40766,0.0000904,0.0000002,0.0000001
40767,0.0000904,0.0000002,0.0000001
40768,0.0000904,0.0000002,0.0000001
40769,0.0000904,0.0000002,0.0000001
40770,0.0000904,0.0000002,0.0000001
40771,0.0000903,0.0000002,0.0000001
40772,0.0000903,0.0000002,0.0000001
40773,0.0000903,0.0000002,0.0000001
40774,0.0000903,0.0000002,0.0000001
40775,0.0000903,0.0000002,0.0000001
40776,0.0000903,0.0000002,0.0000001
40777,0.0000903,0.0000002,0.0000001
40778,0.0000903,0.0000002,0.0000001
40779,0.0000903,0.0000002,0.0000001
40780,0.0000903,0.0000002,0.0000001
40781,0.0000903,0.0000002,0.0000001
40782,0.0000903,0.0000002,0.0000001
40783,0.0000903,0.0000002,0.0000001
40784,0.0000903,0.0000002,0.0000001
40785,0.0000903,0.0000002,0.0000001
40786,0.0000903,0.0000002,0.0000001
40787,0.0000903,0.0000002,0.0000001
40788,0.0000903,0.0000002,0.0000001
40789,0.0000903,0.0000002,0.0000001
40790,0.0000903,0.0000002,0.0000001
40791,0.0000903,0.0000002,0.0000001
40792,0.0000903,0.0000002,0.0000001
40793,0.0000903,0.0000002,0.0000001
40794,0.0000903,0.0000002,0.0000001
40795,0.0000903,0.0000002,0.0000001
40796,0.0000903,0.0000002,0.0000001
40797,0.0000903,0.0000002,0.0000001
40798,0.0000902,0.0000002,0.0000001
40799,0.0000902,0.0000002,0.0000001
40800,0.0000902,0.0000002,0.0000001
40801,0.0000902,0.0000002,0.0000001
40802,0.0000902,0.0000002,0.0000001
40803,0.0000902,0.0000002,0.0000001
40804,0.0000902,0.0000002,0.0000001
40805,0.0000902,0.0000002,0.0000001
40806,0.0000902,0.0000002,0.0000001
40807,0.0000902,0.0000002,0.0000001
40808,0.0000902,0.0000002,0.0000001
40809,0.0000902,0.0000002,0.0000001
40810,0.0000902,0.0000002,0.0000001
40811,0.0000902,0.0000002,0.0000001
40812,0.0000902,0.0000002,0.0000001
40813,0.0000902,0.0000002,0.0000001
40814,0.0000902,0.0000002,0.0000001
40815,0.0000902,0.0000002,0.0000001
40816,0.0000902,0.0000002,0.0000001
40817,0.0000902,0.0000002,0.0000001
40818,0.0000902,0.0000002,0.0000001
40819,0.0000902,0.0000002,0.0000001
40820,0.0000902,0.0000002,0.0000001
40821,0.0000902,0.0000002,0.0000001
40822,0.0000902,0.0000002,0.0000001
40823,0.0000902,0.0000002,0.0000001
40824,0.0000902,0.0000002,0.0000001
40825,0.0000902,0.0000002,0.0000001
40826,0.0000901,0.0000002,0.0000001
40827,0.0000901,0.0000002,0.0000001
40828,0.0000901,0.0000002,0.0000001
40829,0.0000901,0.0000002,0.0000001
40830,0.0000901,0.0000002,0.0000001
40831,0.0000901,0.0000002,0.0000001
40832,0.0000901,0.0000002,0.0000001
40833,0.0000901,0.0000002,0.0000001
40834,0.0000901,0.0000002,0.0000001
40835,0.0000901,0.0000002,0.0000001
40836,0.0000901,0.0000002,0.0000001
40837,0.0000901,0.0000002,0.0000001
40838,0.0000901,0.0000002,0.0000001
40839,0.0000901,0.0000002,0.0000001
40840,0.0000901,0.0000002,0.0000001
40841,0.0000901,0.0000002,0.0000001
40842,0.0000901,0.0000002,0.0000001
40843,0.0000901,0.0000002,0.0000001
40844,0.0000901,0.0000002,0.0000001
40845,0.0000901,0.0000002,0.0000001
40846,0.0000901,0.0000002,0.0000001
40847,0.0000901,0.0000002,0.0000001
40848,0.0000901,0.0000002,0.0000001
40849,0.0000901,0.0000002,0.0000001
40850,0.0000901,0.0000002,0.0000001
40851,0.0000901,0.0000002,0.0000001
40852,0.0000901,0.0000002,0.0000001
40853,0.0000900,0.0000002,0.0000001
40854,0.0000900,0.0000002,0.0000001
40855,0.0000900,0.0000002,0.0000001
40856,0.0000900,0.0000002,0.0000001
40857,0.0000900,0.0000002,0.0000001
40858,0.0000900,0.0000002,0.0000001
40859,0.0000900,0.0000002,0.0000001
40860,0.0000900,0.0000002,0.0000001
40861,0.0000900,0.0000002,0.0000001
40862,0.0000900,0.0000002,0.0000001
40863,0.0000900,0.0000002,0.0000001
40864,0.0000900,0.0000002,0.0000001
40865,0.0000900,0.0000002,0.0000001
40866,0.0000900,0.0000002,0.0000001
40867,0.0000900,0.0000002,0.0000001
40868,0.0000900,0.0000002,0.0000001
40869,0.0000900,0.0000002,0.0000001
40870,0.0000900,0.0000002,0.0000001
40871,0.0000900,0.0000002,0.0000001
40872,0.0000900,0.0000002,0.0000001
40873,0.0000900,0.0000002,0.0000001
40874,0.0000900,0.0000002,0.0000001
40875,0.0000900,0.0000002,0.0000001
40876,0.0000900,0.0000002,0.0000001
40877,0.0000900,0.0000002,0.0000001
40878,0.0000900,0.0000002,0.0000001
40879,0.0000900,0.0000002,0.0000001
40880,0.0000899,0.0000002,0.0000001
40881,0.0000899,0.0000002,0.0000001
40882,0.0000899,0.0000002,0.0000001
40883,0.0000899,0.0000002,0.0000001
40884,0.0000899,0.0000002,0.0000001
40885,0.0000899,0.0000002,0.0000001
40886,0.0000899,0.0000002,0.0000001
40887,0.0000899,0.0000002,0.0000001
40888,0.0000899,0.0000002,0.0000001
40889,0.0000899,0.0000002,0.0000001
40890,0.0000899,0.0000002,0.0000001
40891,0.0000899,0.0000002,0.0000001
40892,0.0000899,0.0000002,0.0000001
40893,0.0000899,0.0000002,0.0000001
40894,0.0000899,0.0000002,0.0000001
40895,0.0000899,0.0000002,0.0000001
40896,0.0000899,0.0000002,0.0000001
40897,0.0000899,0.0000002,0.0000001
40898,0.0000899,0.0000002,0.0000001
40899,0.0000899,0.0000002,0.0000001
40900,0.0000899,0.0000002,0.0000001
40901,0.0000899,0.0000002,0.0000001
40902,0.0000899,0.0000002,0.0000001
40903,0.0000899,0.0000002,0.0000001
40904,0.0000899,0.0000002,0.0000001
40905,0.0000899,0.0000002,0.0000001
40906,0.0000899,0.0000002,0.0000001
40907,0.0000898,0.0000002,0.0000001
40908,0.0000898,0.0000002,0.0000001
40909,0.0000898,0.0000002,0.0000001
40910,0.0000898,0.0000002,0.0000001
40911,0.0000898,0.0000002,0.0000001
40912,0.0000898,0.0000002,0.0000001
40913,0.0000898,0.0000002,0.0000001
40914,0.0000898,0.0000002,0.0000001
40915,0.0000898,0.0000002,0.0000001
40916,0.0000898,0.0000002,0.0000001
40917,0.0000898,0.0000002,0.0000001
40918,0.0000898,0.0000002,0.0000001
40919,0.0000898,0.0000002,0.0000001
40920,0.0000898,0.0000002,0.0000001
40921,0.0000898,0.0000002,0.0000001
40922,0.0000898,0.0000002,0.0000001
40923,0.0000898,0.0000002,0.0000001
40924,0.0000898,0.0000002,0.0000001
40925,0.0000898,0.0000002,0.0000001
40926,0.0000898,0.0000002,0.0000001
40927,0.0000898,0.0000002,0.0000001
40928,0.0000898,0.0000002,0.0000001
40929,0.0000898,0.0000002,0.0000001
40930,0.0000898,0.0000002,0.0000001
40931,0.0000898,0.0000002,0.0000001
40932,0.0000898,0.0000002,0.0000001
40933,0.0000898,0.0000002,0.0000001
40934,0.0000897,0.0000002,0.0000001
40935,0.0000897,0.0000002,0.0000001
40936,0.0000897,0.0000002,0.0000001
40937,0.0000897,0.0000002,0.0000001
40938,0.0000897,0.0000002,0.0000001
40939,0.0000897,0.0000002,0.0000001
40940,0.0000897,0.0000002,0.0000001
40941,0.0000897,0.0000002,0.0000001
40942,0.0000897,0.0000002,0.0000001
40943,0.0000897,0.0000002,0.0000001
40944,0.0000897,0.0000002,0.0000001
40945,0.0000897,0.0000002,0.0000001
40946,0.0000897,0.0000002,0.0000001
40947,0.0000897,0.0000002,0.0000001
40948,0.0000897,0.0000002,0.0000001
40949,0.0000897,0.0000002,0.0000001
40950,0.0000897,0.0000002,0.0000001
40951,0.0000897,0.0000002,0.0000001
40952,0.0000897,0.0000002,0.0000001
40953,0.0000897,0.0000002,0.0000001
40954,0.0000897,0.0000002,0.0000001
40955,0.0000897,0.0000002,0.0000001
40956,0.0000897,0.0000002,0.0000001
40957,0.0000897,0.0000002,0.0000001
40958,0.0000897,0.0000002,0.0000001
40959,0.0000897,0.0000002,0.0000001
40960,0.0000897,0.0000002,0.0000001
40961,0.0000896,0.0000002,0.0000001
40962,0.0000896,0.0000002,0.0000001
40963,0.0000896,0.0000002,0.0000001
40964,0.0000896,0.0000002,0.0000001
40965,0.0000896,0.0000002,0.0000001
40966,0.0000896,0.0000002,0.0000001
40967,0.0000896,0.0000002,0.0000001
40968,0.0000896,0.0000002,0.0000001
40969,0.0000896,0.0000002,0.0000001
40970,0.0000896,0.0000002,0.0000001
40971,0.0000896,0.0000002,0.0000001
40972,0.0000896,0.0000002,0.0000001
40973,0.0000896,0.0000002,0.0000001
40974,0.0000896,0.0000002,0.0000001
40975,0.0000896,0.0000002,0.0000001
40976,0.0000896,0.0000002,0.0000001
40977,0.0000896,0.0000002,0.0000001
40978,0.0000896,0.0000002,0.0000001
40979,0.0000896,0.0000002,0.0000001
40980,0.0000896,0.0000002,0.0000001
40981,0.0000896,0.0000002,0.0000001
40982,0.0000896,0.0000002,0.0000001
40983,0.0000896,0.0000002,0.0000001
40984,0.0000896,0.0000002,0.0000001
40985,0.0000896,0.0000002,0.0000001
40986,0.0000896,0.0000002,0.0000001
40987,0.0000896,0.0000002,0.0000001
40988,0.0000895,0.0000002,0.0000001
40989,0.0000895,0.0000002,0.0000001
40990,0.0000895,0.0000002,0.0000001
40991,0.0000895,0.0000002,0.0000001
40992,0.0000895,0.0000002,0.0000001
40993,0.0000895,0.0000002,0.0000001
40994,0.0000895,0.0000002,0.0000001
40995,0.0000895,0.0000002,0.0000001
40996,0.0000895,0.0000002,0.0000001
40997,0.0000895,0.0000002,0.0000001
40998,0.0000895,0.0000002,0.0000001
40999,0.0000895,0.0000002,0.0000001
41000,0.0000895,0.0000002,0.0000001
41001,0.0000895,0.0000002,0.0000001
41002,0.0000895,0.0000002,0.0000001
41003,0.0000895,0.0000002,0.0000001
41004,0.0000895,0.0000002,0.0000001
41005,0.0000895,0.0000002,0.0000001
41006,0.0000895,0.0000002,0.0000001
41007,0.0000895,0.0000002,0.0000001
41008,0.0000895,0.0000002,0.0000001
41009,0.0000895,0.0000002,0.0000001
41010,0.0000895,0.0000002,0.0000001
41011,0.0000895,0.0000002,0.0000001
41012,0.0000895,0.0000002,0.0000001
41013,0.0000895,0.0000002,0.0000001
41014,0.0000894,0.0000002,0.0000001
41015,0.0000894,0.0000002,0.0000001
41016,0.0000894,0.0000002,0.0000001
41017,0.0000894,0.0000002,0.0000001
41018,0.0000894,0.0000002,0.0000001
41019,0.0000894,0.0000002,0.0000001
41020,0.0000894,0.0000002,0.0000001
41021,0.0000894,0.0000002,0.0000001
41022,0.0000894,0.0000002,0.0000001
41023,0.0000894,0.0000002,0.0000001
41024,0.0000894,0.0000002,0.0000001
41025,0.0000894,0.0000002,0.0000001
41026,0.0000894,0.0000002,0.0000001
41027,0.0000894,0.0000002,0.0000001
41028,0.0000894,0.0000002,0.0000001
41029,0.0000894,0.0000002,0.0000001
41030,0.0000894,0.0000002,0.0000001
41031,0.0000894,0.0000002,0.0000001
41032,0.0000894,0.0000002,0.0000001
41033,0.0000894,0.0000002,0.0000001
41034,0.0000894,0.0000002,0.0000001
41035,0.0000894,0.0000002,0.0000001
41036,0.0000894,0.0000002,0.0000001
41037,0.0000894,0.0000002,0.0000001
41038,0.0000894,0.0000002,0.0000001
41039,0.0000894,0.0000002,0.0000001
41040,0.0000894,0.0000002,0.0000001
41041,0.0000893,0.0000002,0.0000001
41042,0.0000893,0.0000002,0.0000001
41043,0.0000893,0.0000002,0.0000001
41044,0.0000893,0.0000002,0.0000001
41045,0.0000893,0.0000002,0.0000001
41046,0.0000893,0.0000002,0.0000001
41047,0.0000893,0.0000002,0.0000001
41048,0.0000893,0.0000002,0.0000001
41049,0.0000893,0.0000002,0.0000001
41050,0.0000893,0.0000002,0.0000001
41051,0.0000893,0.0000002,0.0000001
41052,0.0000893,0.0000002,0.0000001
41053,0.0000893,0.0000002,0.0000001
41054,0.0000893,0.0000002,0.0000001
41055,0.0000893,0.0000002,0.0000001
41056,0.0000893,0.0000002,0.0000001
41057,0.0000893,0.0000002,0.0000001
41058,0.0000893,0.0000002,0.0000001
41059,0.0000893,0.0000002,0.0000001
41060,0.0000893,0.0000002,0.0000001
41061,0.0000893,0.0000002,0.0000001
41062,0.0000893,0.0000002,0.0000001
41063,0.0000893,0.0000002,0.0000001
41064,0.0000893,0.0000002,0.0000001
41065,0.0000893,0.0000002,0.0000001
41066,0.0000893,0.0000002,0.0000001
41067,0.0000892,0.0000002,0.0000001
41068,0.0000892,0.0000002,0.0000001
41069,0.0000892,0.0000002,0.0000001
41070,0.0000892,0.0000002,0.0000001
41071,0.0000892,0.0000002,0.0000001
41072,0.0000892,0.0000002,0.0000001
41073,0.0000892,0.0000002,0.0000001
41074,0.0000892,0.0000002,0.0000001
41075,0.0000892,0.0000002,0.0000001
41076,0.0000892,0.0000002,0.0000001
41077,0.0000892,0.0000002,0.0000001
41078,0.0000892,0.0000002,0.0000001
41079,0.0000892,0.0000002,0.0000001
41080,0.0000892,0.0000002,0.0000001
41081,0.0000892,0.0000002,0.0000001
41082,0.0000892,0.0000002,0.0000001
41083,0.0000892,0.0000002,0.0000001
41084,0.0000892,0.0000002,0.0000001
41085,0.0000892,0.0000002,0.0000001
41086,0.0000892,0.0000002,0.0000001
41087,0.0000892,0.0000002,0.0000001
41088,0.0000892,0.0000002,0.0000001
41089,0.0000892,0.0000002,0.0000001
41090,0.0000892,0.0000002,0.0000001
41091,0.0000892,0.0000002,0.0000001
41092,0.0000892,0.0000002,0.0000001
41093,0.0000892,0.0000002,0.0000001
41094,0.0000891,0.0000002,0.0000001
41095,0.0000891,0.0000002,0.0000001
41096,0.0000891,0.0000002,0.0000001
41097,0.0000891,0.0000002,0.0000001
41098,0.0000891,0.0000002,0.0000001
41099,0.0000891,0.0000002,0.0000001
41100,0.0000891,0.0000002,0.0000001
41101,0.0000891,0.0000002,0.0000001
41102,0.0000891,0.0000002,0.0000001
41103,0.0000891,0.0000002,0.0000001
41104,0.0000891,0.0000002,0.0000001
41105,0.0000891,0.0000002,0.0000001
41106,0.0000891,0.0000002,0.0000001
41107,0.0000891,0.0000002,0.0000001
41108,0.0000891,0.0000002,0.0000001
41109,0.0000891,0.0000002,0.0000001
41110,0.0000891,0.0000002,0.0000001
41111,0.0000891,0.0000002,0.0000001
41112,0.0000891,0.0000002,0.0000001
41113,0.0000891,0.0000002,0.0000001
41114,0.0000891,0.0000002,0.0000001
41115,0.0000891,0.0000002,0.0000001
41116,0.0000891,0.0000002,0.0000001
41117,0.0000891,0.0000002,0.0000001
41118,0.0000891,0.0000002,0.0000001
41119,0.0000891,0.0000002,0.0000001
41120,0.0000890,0.0000002,0.0000001
41121,0.0000890,0.0000002,0.0000001
41122,0.0000890,0.0000002,0.0000001
41123,0.0000890,0.0000002,0.0000001
41124,0.0000890,0.0000002,0.0000001
41125,0.0000890,0.0000002,0.0000001
41126,0.0000890,0.0000002,0.0000001
41127,0.0000890,0.0000002,0.0000001
41128,0.0000890,0.0000002,0.0000001
41129,0.0000890,0.0000002,0.0000001
41130,0.0000890,0.0000002,0.0000001
41131,0.0000890,0.0000002,0.0000001
41132,0.0000890,0.0000002,0.0000001
41133,0.0000890,0.0000002,0.0000001
41134,0.0000890,0.0000002,0.0000001
41135,0.0000890,0.0000002,0.0000001
41136,0.0000890,0.0000002,0.0000001
41137,0.0000890,0.0000002,0.0000001
41138,0.0000890,0.0000002,0.0000001
41139,0.0000890,0.0000002,0.0000001
41140,0.0000890,0.0000002,0.0000001
41141,0.0000890,0.0000002,0.0000001
41142,0.0000890,0.0000002,0.0000001
41143,0.0000890,0.0000002,0.0000001
41144,0.0000890,0.0000002,0.0000001
41145,0.0000890,0.0000002,0.0000001
41146,0.0000890,0.0000002,0.0000001
41147,0.0000889,0.0000002,0.0000001
41148,0.0000889,0.0000002,0.0000001
41149,0.0000889,0.0000002,0.0000001
41150,0.0000889,0.0000002,0.0000001
41151,0.0000889,0.0000002,0.0000001
41152,0.0000889,0.0000002,0.0000001
41153,0.0000889,0.0000002,0.0000001
41154,0.0000889,0.0000002,0.0000001
41155,0.0000889,0.0000002,0.0000001
41156,0.0000889,0.0000002,0.0000001
41157,0.0000889,0.0000002,0.0000001
41158,0.0000889,0.0000002,0.0000001
41159,0.0000889,0.0000002,0.0000001
41160,0.0000889,0.0000002,0.0000001
41161,0.0000889,0.0000002,0.0000001
41162,0.0000889,0.0000002,0.0000001
41163,0.0000889,0.0000002,0.0000001
41164,0.0000889,0.0000002,0.0000001
41165,0.0000889,0.0000002,0.0000001
41166,0.0000889,0.0000002,0.0000001
41167,0.0000889,0.0000002,0.0000001
41168,0.0000889,0.0000002,0.0000001
41169,0.0000889,0.0000002,0.0000001
41170,0.0000889,0.0000002,0.0000001
41171,0.0000889,0.0000002,0.0000001
41172,0.0000889,0.0000002,0.0000001
41173,0.0000888,0.0000002,0.0000001
41174,0.0000888,0.0000002,0.0000001
41175,0.0000888,0.0000002,0.0000001
41176,0.0000888,0.0000002,0.0000001
41177,0.0000888,0.0000002,0.0000001
41178,0.0000888,0.0000002,0.0000001
41179,0.0000888,0.0000002,0.0000001
41180,0.0000888,0.0000002,0.0000001
41181,0.0000888,0.0000002,0.0000001
41182,0.0000888,0.0000002,0.0000001
41183,0.0000888,0.0000002,0.0000001
41184,0.0000888,0.0000002,0.0000001
41185,0.0000888,0.0000002,0.0000001
41186,0.0000888,0.0000002,0.0000001
41187,0.0000888,0.0000002,0.0000001
41188,0.0000888,0.0000002,0.0000001
41189,0.0000888,0.0000002,0.0000001
41190,0.0000888,0.0000002,0.0000001
41191,0.0000888,0.0000002,0.0000001
41192,0.0000888,0.0000002,0.0000001
41193,0.0000888,0.0000002,0.0000001
41194,0.0000888,0.0000002,0.0000001
41195,0.0000888,0.0000002,0.0000001
41196,0.0000888,0.0000002,0.0000001
41197,0.0000888,0.0000002,0.0000001
41198,0.0000888,0.0000002,0.0000001
41199,0.0000887,0.0000002,0.0000001
41200,0.0000887,0.0000002,0.0000001
41201,0.0000887,0.0000002,0.0000001
41202,0.0000887,0.0000002,0.0000001
41203,0.0000887,0.0000002,0.0000001
41204,0.0000887,0.0000002,0.0000001
41205,0.0000887,0.0000002,0.0000001
41206,0.0000887,0.0000002,0.0000001
41207,0.0000887,0.0000002,0.0000001
41208,0.0000887,0.0000002,0.0000001
41209,0.0000887,0.0000002,0.0000001
41210,0.0000887,0.0000002,0.0000001
41211,0.0000887,0.0000002,0.0000001
41212,0.0000887,0.0000002,0.0000001
41213,0.0000887,0.0000002,0.0000001
41214,0.0000887,0.0000002,0.0000001
41215,0.0000887,0.0000002,0.0000001
41216,0.0000887,0.0000002,0.0000001
41217,0.0000887,0.0000002,0.0000001
41218,0.0000887,0.0000002,0.0000001
41219,0.0000887,0.0000002,0.0000001
41220,0.0000887,0.0000002,0.0000001
41221,0.0000887,0.0000002,0.0000001
41222,0.0000887,0.0000002,0.0000001
41223,0.0000887,0.0000002,0.0000001
41224,0.0000887,0.0000002,0.0000001
41225,0.0000886,0.0000002,0.0000001
41226,0.0000886,0.0000002,0.0000001
41227,0.0000886,0.0000002,0.0000001
41228,0.0000886,0.0000002,0.0000001
41229,0.0000886,0.0000002,0.0000001
41230,0.0000886,0.0000002,0.0000001
41231,0.0000886,0.0000002,0.0000001
41232,0.0000886,0.0000002,0.0000001
41233,0.0000886,0.0000002,0.0000001
41234,0.0000886,0.0000002,0.0000001
41235,0.0000886,0.0000002,0.0000001
41236,0.0000886,0.0000002,0.0000001
41237,0.0000886,0.0000002,0.0000001
41238,0.0000886,0.0000002,0.0000001
41239,0.0000886,0.0000002,0.0000001
41240,0.0000886,0.0000002,0.0000001
41241,0.0000886,0.0000002,0.0000001
41242,0.0000886,0.0000002,0.0000001
41243,0.0000886,0.0000002,0.0000001
41244,0.0000886,0.0000002,0.0000001
41245,0.0000886,0.0000002,0.0000001
41246,0.0000886,0.0000002,0.0000001
41247,0.0000886,0.0000002,0.0000001
41248,0.0000886,0.0000002,0.0000001
41249,0.0000886,0.0000002,0.0000001
41250,0.0000886,0.0000002,0.0000001
41251,0.0000885,0.0000002,0.0000001
41252,0.0000885,0.0000002,0.0000001
41253,0.0000885,0.0000002,0.0000001
41254,0.0000885,0.0000002,0.0000001
41255,0.0000885,0.0000002,0.0000001
41256,0.0000885,0.0000002,0.0000001
41257,0.0000885,0.0000002,0.0000001
41258,0.0000885,0.0000002,0.0000001
41259,0.0000885,0.0000002,0.0000001
41260,0.0000885,0.0000002,0.0000001
41261,0.0000885,0.0000002,0.0000001
41262,0.0000885,0.0000002,0.0000001
41263,0.0000885,0.0000002,0.0000001
41264,0.0000885,0.0000002,0.0000001
41265,0.0000885,0.0000002,0.0000001
41266,0.0000885,0.0000002,0.0000001
41267,0.0000885,0.0000002,0.0000001
41268,0.0000885,0.0000002,0.0000001
41269,0.0000885,0.0000002,0.0000001
41270,0.0000885,0.0000002,0.0000001
41271,0.0000885,0.0000002,0.0000001
41272,0.0000885,0.0000002,0.0000001
41273,0.0000885,0.0000002,0.0000001
41274,0.0000885,0.0000002,0.0000001
41275,0.0000885,0.0000002,0.0000001
41276,0.0000885,0.0000002,0.0000001
41277,0.0000884,0.0000002,0.0000001
41278,0.0000884,0.0000002,0.0000001
41279,0.0000884,0.0000002,0.0000001
41280,0.0000884,0.0000002,0.0000001
41281,0.0000884,0.0000002,0.0000001
41282,0.0000884,0.0000002,0.0000001
41283,0.0000884,0.0000002,0.0000001
41284,0.0000884,0.0000002,0.0000001
41285,0.0000884,0.0000002,0.0000001
41286,0.0000884,0.0000002,0.0000001
41287,0.0000884,0.0000002,0.0000001
41288,0.0000884,0.0000002,0.0000001
41289,0.0000884,0.0000002,0.0000001
41290,0.0000884,0.0000002,0.0000001
41291,0.0000884,0.0000002,0.0000001
41292,0.0000884,0.0000002,0.0000001
41293,0.0000884,0.0000002,0.0000001
41294,0.0000884,0.0000002,0.0000001
41295,0.0000884,0.0000002,0.0000001
41296,0.0000884,0.0000002,0.0000001
41297,0.0000884,0.0000002,0.0000001
41298,0.0000884,0.0000002,0.0000001
41299,0.0000884,0.0000002,0.0000001
41300,0.0000884,0.0000002,0.0000001
41301,0.0000884,0.0000002,0.0000001
41302,0.0000884,0.0000002,0.0000001
41303,0.0000883,0.0000002,0.0000001
41304,0.0000883,0.0000002,0.0000001
41305,0.0000883,0.0000002,0.0000001
41306,0.0000883,0.0000002,0.0000001
41307,0.0000883,0.0000002,0.0000001
41308,0.0000883,0.0000002,0.0000001
41309,0.0000883,0.0000002,0.0000001
41310,0.0000883,0.0000002,0.0000001
41311,0.0000883,0.0000002,0.0000001
41312,0.0000883,0.0000002,0.0000001
41313,0.0000883,0.0000002,0.0000001
41314,0.0000883,0.0000002,0.0000001
41315,0.0000883,0.0000002,0.0000001
41316,0.0000883,0.0000002,0.0000001
41317,0.0000883,0.0000002,0.0000001
41318,0.0000883,0.0000002,0.0000001
41319,0.0000883,0.0000002,0.0000001
41320,0.0000883,0.0000002,0.0000001
41321,0.0000883,0.0000002,0.0000001
41322,0.0000883,0.0000002,0.0000001
41323,0.0000883,0.0000002,0.0000001
41324,0.0000883,0.0000002,0.0000001
41325,0.0000883,0.0000002,0.0000001
41326,0.0000883,0.0000002,0.0000001
41327,0.0000883,0.0000002,0.0000001
41328,0.0000883,0.0000002,0.0000001
41329,0.0000882,0.0000002,0.0000001
41330,0.0000882,0.0000002,0.0000001
41331,0.0000882,0.0000002,0.0000001
41332,0.0000882,0.0000002,0.0000001
41333,0.0000882,0.0000002,0.0000001
41334,0.0000882,0.0000002,0.0000001
41335,0.0000882,0.0000002,0.0000001
41336,0.0000882,0.0000002,0.0000001
41337,0.0000882,0.0000002,0.0000001
41338,0.0000882,0.0000002,0.0000001
41339,0.0000882,0.0000002,0.0000001
41340,0.0000882,0.0000002,0.0000001
41341,0.0000882,0.0000002,0.0000001
41342,0.0000882,0.0000002,0.0000001
41343,0.0000882,0.0000002,0.0000001
41344,0.0000882,0.0000002,0.0000001
41345,0.0000882,0.0000002,0.0000001
41346,0.0000882,0.0000002,0.0000001
41347,0.0000882,0.0000002,0.0000001
41348,0.0000882,0.0000002,0.0000001
41349,0.0000882,0.0000002,0.0000001
41350,0.0000882,0.0000002,0.0000001
41351,0.0000882,0.0000002,0.0000001
41352,0.0000882,0.0000002,0.0000001
41353,0.0000882,0.0000002,0.0000001
41354,0.0000882,0.0000002,0.0000001
41355,0.0000881,0.0000002,0.0000001
41356,0.0000881,0.0000002,0.0000001
41357,0.0000881,0.0000002,0.0000001
41358,0.0000881,0.0000002,0.0000001
41359,0.0000881,0.0000002,0.0000001
41360,0.0000881,0.0000002,0.0000001
41361,0.0000881,0.0000002,0.0000001
41362,0.0000881,0.0000002,0.0000001
41363,0.0000881,0.0000002,0.0000001
41364,0.0000881,0.0000002,0.0000001
41365,0.0000881,0.0000002,0.0000001
41366,0.0000881,0.0000002,0.0000001
41367,0.0000881,0.0000002,0.0000001
41368,0.0000881,0.0000002,0.0000001
41369,0.0000881,0.0000002,0.0000001
41370,0.0000881,0.0000002,0.0000001
41371,0.0000881,0.0000002,0.0000001
41372,0.0000881,0.0000002,0.0000001
41373,0.0000881,0.0000002,0.0000001
41374,0.0000881,0.0000002,0.0000001
41375,0.0000881,0.0000002,0.0000001
41376,0.0000881,0.0000002,0.0000001
41377,0.0000881,0.0000002,0.0000001
41378,0.0000881,0.0000002,0.0000001
41379,0.0000881,0.0000002,0.0000001
41380,0.0000881,0.0000002,0.0000001
41381,0.0000880,0.0000002,0.0000001
41382,0.0000880,0.0000002,0.0000001
41383,0.0000880,0.0000002,0.0000001
41384,0.0000880,0.0000002,0.0000001
41385,0.0000880,0.0000002,0.0000001
41386,0.0000880,0.0000002,0.0000001
41387,0.0000880,0.0000002,0.0000001
41388,0.0000880,0.0000002,0.0000001
41389,0.0000880,0.0000002,0.0000001
41390,0.0000880,0.0000002,0.0000001
41391,0.0000880,0.0000002,0.0000001
41392,0.0000880,0.0000002,0.0000001
41393,0.0000880,0.0000002,0.0000001
41394,0.0000880,0.0000002,0.0000001
41395,0.0000880,0.0000002,0.0000001
41396,0.0000880,0.0000002,0.0000001
41397,0.0000880,0.0000002,0.0000001
41398,0.0000880,0.0000002,0.0000001
41399,0.0000880,0.0000002,0.0000001
41400,0.0000880,0.0000002,0.0000001
41401,0.0000880,0.0000002,0.0000001
41402,0.0000880,0.0000002,0.0000001
41403,0.0000880,0.0000002,0.0000001
41404,0.0000880,0.0000002,0.0000001
41405,0.0000880,0.0000002,0.0000001
41406,0.0000880,0.0000002,0.0000001
41407,0.0000879,0.0000002,0.0000001
41408,0.0000879,0.0000002,0.0000001
41409,0.0000879,0.0000002,0.0000001
41410,0.0000879,0.0000002,0.0000001
41411,0.0000879,0.0000002,0.0000001
41412,0.0000879,0.0000002,0.0000001
41413,0.0000879,0.0000002,0.0000001
41414,0.0000879,0.0000002,0.0000001
41415,0.0000879,0.0000002,0.0000001
41416,0.0000879,0.0000002,0.0000001
41417,0.0000879,0.0000002,0.0000001
41418,0.0000879,0.0000002,0.0000001
41419,0.0000879,0.0000002,0.0000001
41420,0.0000879,0.0000002,0.0000001
41421,0.0000879,0.0000002,0.0000001
41422,0.0000879,0.0000002,0.0000001
41423,0.0000879,0.0000002,0.0000001
41424,0.0000879,0.0000002,0.0000001
41425,0.0000879,0.0000002,0.0000001
41426,0.0000879,0.0000002,0.0000001
41427,0.0000879,0.0000002,0.0000001
41428,0.0000879,0.0000002,0.0000001
41429,0.0000879,0.0000002,0.0000001
41430,0.0000879,0.0000002,0.0000001
41431,0.0000879,0.0000002,0.0000001
41432,0.0000878,0.0000002,0.0000001
41433,0.0000878,0.0000002,0.0000001
41434,0.0000878,0.0000002,0.0000001
41435,0.0000878,0.0000002,0.0000001
41436,0.0000878,0.0000002,0.0000001
41437,0.0000878,0.0000002,0.0000001
41438,0.0000878,0.0000002,0.0000001
41439,0.0000878,0.0000002,0.0000001
41440,0.0000878,0.0000002,0.0000001
41441,0.0000878,0.0000002,0.0000001
41442,0.0000878,0.0000002,0.0000001
41443,0.0000878,0.0000002,0.0000001
41444,0.0000878,0.0000002,0.0000001
41445,0.0000878,0.0000002,0.0000001
41446,0.0000878,0.0000002,0.0000001
41447,0.0000878,0.0000002,0.0000001
41448,0.0000878,0.0000002,0.0000001
41449,0.0000878,0.0000002,0.0000001
41450,0.0000878,0.0000002,0.0000001
41451,0.0000878,0.0000002,0.0000001
41452,0.0000878,0.0000002,0.0000001
41453,0.0000878,0.0000002,0.0000001
41454,0.0000878,0.0000002,0.0000001
41455,0.0000878,0.0000002,0.0000001
41456,0.0000878,0.0000002,0.0000001
41457,0.0000878,0.0000002,0.0000001
41458,0.0000877,0.0000002,0.0000001
41459,0.0000877,0.0000002,0.0000001
41460,0.0000877,0.0000002,0.0000001
41461,0.0000877,0.0000002,0.0000001
41462,0.0000877,0.0000002,0.0000001
41463,0.0000877,0.0000002,0.0000001
41464,0.0000877,0.0000002,0.0000001
41465,0.0000877,0.0000002,0.0000001
41466,0.0000877,0.0000002,0.0000001
41467,0.0000877,0.0000002,0.0000001
41468,0.0000877,0.0000002,0.0000001
41469,0.0000877,0.0000002,0.0000001
41470,0.0000877,0.0000002,0.0000001
41471,0.0000877,0.0000002,0.0000001
41472,0.0000877,0.0000002,0.0000001
41473,0.0000877,0.0000002,0.0000001
41474,0.0000877,0.0000002,0.0000001
41475,0.0000877,0.0000002,0.0000001
41476,0.0000877,0.0000002,0.0000001
41477,0.0000877,0.0000002,0.0000001
41478,0.0000877,0.0000002,0.0000001
41479,0.0000877,0.0000002,0.0000001
41480,0.0000877,0.0000002,0.0000001
41481,0.0000877,0.0000002,0.0000001
41482,0.0000877,0.0000002,0.0000001
41483,0.0000877,0.0000002,0.0000001
41484,0.0000876,0.0000002,0.0000001
41485,0.0000876,0.0000002,0.0000001
41486,0.0000876,0.0000002,0.0000001
41487,0.0000876,0.0000002,0.0000001
41488,0.0000876,0.0000002,0.0000001
41489,0.0000876,0.0000002,0.0000001
41490,0.0000876,0.0000002,0.0000001
41491,0.0000876,0.0000002,0.0000001
41492,0.0000876,0.0000002,0.0000001
41493,0.0000876,0.0000002,0.0000001
41494,0.0000876,0.0000002,0.0000001
41495,0.0000876,0.0000002,0.0000001
41496,0.0000876,0.0000002,0.0000001
41497,0.0000876,0.0000002,0.0000001
41498,0.0000876,0.0000002,0.0000001
41499,0.0000876,0.0000002,0.0000001
41500,0.0000876,0.0000002,0.0000001
41501,0.0000876,0.0000002,0.0000001
41502,0.0000876,0.0000002,0.0000001
41503,0.0000876,0.0000002,0.0000001
41504,0.0000876,0.0000002,0.0000001
41505,0.0000876,0.0000002,0.0000001
41506,0.0000876,0.0000002,0.0000001
41507,0.0000876,0.0000002,0.0000001
41508,0.0000876,0.0000002,0.0000001
41509,0.0000875,0.0000002,0.0000001
41510,0.0000875,0.0000002,0.0000001
41511,0.0000875,0.0000002,0.0000001
41512,0.0000875,0.0000002,0.0000001
41513,0.0000875,0.0000002,0.0000001
41514,0.0000875,0.0000002,0.0000001
41515,0.0000875,0.0000002,0.0000001
41516,0.0000875,0.0000002,0.0000001
41517,0.0000875,0.0000002,0.0000001
41518,0.0000875,0.0000002,0.0000001
41519,0.0000875,0.0000002,0.0000001
41520,0.0000875,0.0000002,0.0000001
41521,0.0000875,0.0000002,0.0000001
41522,0.0000875,0.0000002,0.0000001
41523,0.0000875,0.0000002,0.0000001
41524,0.0000875,0.0000002,0.0000001
41525,0.0000875,0.0000002,0.0000001
41526,0.0000875,0.0000002,0.0000001
41527,0.0000875,0.0000002,0.0000001
41528,0.0000875,0.0000002,0.0000001
41529,0.0000875,0.0000002,0.0000001
41530,0.0000875,0.0000002,0.0000001
41531,0.0000875,0.0000002,0.0000001
41532,0.0000875,0.0000002,0.0000001
41533,0.0000875,0.0000002,0.0000001
41534,0.0000875,0.0000002,0.0000001
41535,0.0000874,0.0000002,0.0000001
41536,0.0000874,0.0000002,0.0000001
41537,0.0000874,0.0000002,0.0000001
41538,0.0000874,0.0000002,0.0000001
41539,0.0000874,0.0000002,0.0000001
41540,0.0000874,0.0000002,0.0000001
41541,0.0000874,0.0000002,0.0000001
41542,0.0000874,0.0000002,0.0000001
41543,0.0000874,0.0000002,0.0000001
41544,0.0000874,0.0000002,0.0000001
41545,0.0000874,0.0000002,0.0000001
41546,0.0000874,0.0000002,0.0000001
41547,0.0000874,0.0000002,0.0000001
41548,0.0000874,0.0000002,0.0000001
41549,0.0000874,0.0000002,0.0000001
41550,0.0000874,0.0000002,0.0000001
41551,0.0000874,0.0000002,0.0000001
41552,0.0000874,0.0000002,0.0000001
41553,0.0000874,0.0000002,0.0000001
41554,0.0000874,0.0000002,0.0000001
41555,0.0000874,0.0000002,0.0000001
41556,0.0000874,0.0000002,0.0000001
41557,0.0000874,0.0000002,0.0000001
41558,0.0000874,0.0000002,0.0000001
41559,0.0000874,0.0000002,0.0000001
41560,0.0000873,0.0000002,0.0000001
41561,0.0000873,0.0000002,0.0000001
41562,0.0000873,0.0000002,0.0000001
41563,0.0000873,0.0000002,0.0000001
41564,0.0000873,0.0000002,0.0000001
41565,0.0000873,0.0000002,0.0000001
41566,0.0000873,0.0000002,0.0000001
41567,0.0000873,0.0000002,0.0000001
41568,0.0000873,0.0000002,0.0000001
41569,0.0000873,0.0000002,0.0000001
41570,0.0000873,0.0000002,0.0000001
41571,0.0000873,0.0000002,0.0000001
41572,0.0000873,0.0000002,0.0000001
41573,0.0000873,0.0000002,0.0000001
41574,0.0000873,0.0000002,0.0000001
41575,0.0000873,0.0000002,0.0000001
41576,0.0000873,0.0000002,0.0000001
41577,0.0000873,0.0000002,0.0000001
41578,0.0000873,0.0000002,0.0000001
41579,0.0000873,0.0000002,0.0000001
41580,0.0000873,0.0000002,0.0000001
41581,0.0000873,0.0000002,0.0000001
41582,0.0000873,0.0000002,0.0000001
41583,0.0000873,0.0000002,0.0000001
41584,0.0000873,0.0000002,0.0000001
41585,0.0000873,0.0000002,0.0000001
41586,0.0000872,0.0000002,0.0000001
41587,0.0000872,0.0000002,0.0000001
41588,0.0000872,0.0000002,0.0000001
41589,0.0000872,0.0000002,0.0000001
41590,0.0000872,0.0000002,0.0000001
41591,0.0000872,0.0000002,0.0000001
41592,0.0000872,0.0000002,0.0000001
41593,0.0000872,0.0000002,0.0000001
41594,0.0000872,0.0000002,0.0000001
41595,0.0000872,0.0000002,0.0000001
41596,0.0000872,0.0000002,0.0000001
41597,0.0000872,0.0000002,0.0000001
41598,0.0000872,0.0000002,0.0000001
41599,0.0000872,0.0000002,0.0000001
41600,0.0000872,0.0000002,0.0000001
41601,0.0000872,0.0000002,0.0000001
41602,0.0000872,0.0000002,0.0000001
41603,0.0000872,0.0000002,0.0000001
41604,0.0000872,0.0000002,0.0000001
41605,0.0000872,0.0000002,0.0000001
41606,0.0000872,0.0000002,0.0000001
41607,0.0000872,0.0000002,0.0000001
41608,0.0000872,0.0000002,0.0000001
41609,0.0000872,0.0000002,0.0000001
41610,0.0000872,0.0000002,0.0000001
41611,0.0000872,0.0000002,0.0000001
41612,0.0000871,0.0000002,0.0000001
41613,0.0000871,0.0000002,0.0000001
41614,0.0000871,0.0000002,0.0000001
41615,0.0000871,0.0000002,0.0000001
41616,0.0000871,0.0000002,0.0000001
41617,0.0000871,0.0000002,0.0000001
41618,0.0000871,0.0000002,0.0000001
41619,0.0000871,0.0000002,0.0000001
41620,0.0000871,0.0000002,0.0000001
41621,0.0000871,0.0000002,0.0000001
41622,0.0000871,0.0000002,0.0000001
41623,0.0000871,0.0000002,0.0000001
41624,0.0000871,0.0000002,0.0000001
41625,0.0000871,0.0000002,0.0000001
41626,0.0000871,0.0000002,0.0000001
41627,0.0000871,0.0000002,0.0000001
41628,0.0000871,0.0000002,0.0000001
41629,0.0000871,0.0000002,0.0000001
41630,0.0000871,0.0000002,0.0000001
41631,0.0000871,0.0000002,0.0000001
41632,0.0000871,0.0000002,0.0000001
41633,0.0000871,0.0000002,0.0000001
41634,0.0000871,0.0000002,0.0000001
41635,0.0000871,0.0000002,0.0000001
41636,0.0000871,0.0000002,0.0000001
41637,0.0000870,0.0000002,0.0000001
41638,0.0000870,0.0000002,0.0000001
41639,0.0000870,0.0000002,0.0000001
41640,0.0000870,0.0000002,0.0000001
41641,0.0000870,0.0000002,0.0000001
41642,0.0000870,0.0000002,0.0000001
41643,0.0000870,0.0000002,0.0000001
41644,0.0000870,0.0000002,0.0000001
41645,0.0000870,0.0000002,0.0000001
41646,0.0000870,0.0000002,0.0000001
41647,0.0000870,0.0000002,0.0000001
41648,0.0000870,0.0000002,0.0000001
41649,0.0000870,0.0000002,0.0000001
41650,0.0000870,0.0000002,0.0000001
41651,0.0000870,0.0000002,0.0000001
41652,0.0000870,0.0000002,0.0000001
41653,0.0000870,0.0000002,0.0000001
41654,0.0000870,0.0000002,0.0000001
41655,0.0000870,0.0000002,0.0000001
41656,0.0000870,0.0000002,0.0000001
41657,0.0000870,0.0000002,0.0000001
41658,0.0000870,0.0000002,0.0000001
41659,0.0000870,0.0000002,0.0000001
41660,0.0000870,0.0000002,0.0000001
41661,0.0000870,0.0000002,0.0000001
41662,0.0000870,0.0000002,0.0000001
41663,0.0000869,0.0000002,0.0000001
41664,0.0000869,0.0000002,0.0000001
41665,0.0000869,0.0000002,0.0000001
41666,0.0000869,0.0000002,0.0000001
41667,0.0000869,0.0000002,0.0000001
41668,0.0000869,0.0000002,0.0000001
41669,0.0000869,0.0000002,0.0000001
41670,0.0000869,0.0000002,0.0000001
41671,0.0000869,0.0000002,0.0000001
41672,0.0000869,0.0000002,0.0000001
41673,0.0000869,0.0000002,0.0000001
41674,0.0000869,0.0000002,0.0000001
41675,0.0000869,0.0000002,0.0000001
41676,0.0000869,0.0000002,0.0000001
41677,0.0000869,0.0000002,0.0000001
41678,0.0000869,0.0000002,0.0000001
41679,0.0000869,0.0000002,0.0000001
41680,0.0000869,0.0000002,0.0000001
41681,0.0000869,0.0000002,0.0000001
41682,0.0000869,0.0000002,0.0000001
41683,0.0000869,0.0000002,0.0000001
41684,0.0000869,0.0000002,0.0000001
41685,0.0000869,0.0000002,0.0000001
41686,0.0000869,0.0000002,0.0000001
41687,0.0000869,0.0000002,0.0000001
41688,0.0000868,0.0000002,0.0000001
41689,0.0000868,0.0000002,0.0000001
41690,0.0000868,0.0000002,0.0000001
41691,0.0000868,0.0000002,0.0000001
41692,0.0000868,0.0000002,0.0000001
41693,0.0000868,0.0000002,0.0000001
41694,0.0000868,0.0000002,0.0000001
41695,0.0000868,0.0000002,0.0000001
41696,0.0000868,0.0000002,0.0000001
41697,0.0000868,0.0000002,0.0000001
41698,0.0000868,0.0000002,0.0000001
41699,0.0000868,0.0000002,0.0000001
41700,0.0000868,0.0000002,0.0000001
41701,0.0000868,0.0000002,0.0000001
41702,0.0000868,0.0000002,0.0000001
41703,0.0000868,0.0000002,0.0000001
41704,0.0000868,0.0000002,0.0000001
41705,0.0000868,0.0000002,0.0000001
41706,0.0000868,0.0000002,0.0000001
41707,0.0000868,0.0000002,0.0000001
41708,0.0000868,0.0000002,0.0000001
41709,0.0000868,0.0000002,0.0000001
41710,0.0000868,0.0000002,0.0000001
41711,0.0000868,0.0000002,0.0000001
41712,0.0000868,0.0000002,0.0000001
41713,0.0000868,0.0000002,0.0000001
41714,0.0000867,0.0000002,0.0000001
41715,0.0000867,0.0000002,0.0000001
41716,0.0000867,0.0000002,0.0000001
41717,0.0000867,0.0000002,0.0000001
41718,0.0000867,0.0000002,0.0000001
41719,0.0000867,0.0000002,0.0000001
41720,0.0000867,0.0000002,0.0000001
41721,0.0000867,0.0000002,0.0000001
41722,0.0000867,0.0000002,0.0000001
41723,0.0000867,0.0000002,0.0000001
41724,0.0000867,0.0000002,0.0000001
41725,0.0000867,0.0000002,0.0000001
41726,0.0000867,0.0000002,0.0000001
41727,0.0000867,0.0000002,0.0000001
41728,0.0000867,0.0000002,0.0000001
41729,0.0000867,0.0000002,0.0000001
41730,0.0000867,0.0000002,0.0000001
41731,0.0000867,0.0000002,0.0000001
41732,0.0000867,0.0000002,0.0000001
41733,0.0000867,0.0000002,0.0000001
41734,0.0000867,0.0000002,0.0000001
41735,0.0000867,0.0000002,0.0000001
41736,0.0000867,0.0000002,0.0000001
41737,0.0000867,0.0000002,0.0000001
41738,0.0000867,0.0000002,0.0000001
41739,0.0000866,0.0000002,0.0000001
41740,0.0000866,0.0000002,0.0000001
41741,0.0000866,0.0000002,0.0000001
41742,0.0000866,0.0000002,0.0000001
41743,0.0000866,0.0000002,0.0000001
41744,0.0000866,0.0000002,0.0000001
41745,0.0000866,0.0000002,0.0000001
41746,0.0000866,0.0000002,0.0000001
41747,0.0000866,0.0000002,0.0000001
41748,0.0000866,0.0000002,0.0000001
41749,0.0000866,0.0000002,0.0000001
41750,0.0000866,0.0000002,0.0000001
41751,0.0000866,0.0000002,0.0000001
41752,0.0000866,0.0000002,0.0000001
41753,0.0000866,0.0000002,0.0000001
41754,0.0000866,0.0000002,0.0000001
41755,0.0000866,0.0000002,0.0000001
41756,0.0000866,0.0000002,0.0000001
41757,0.0000866,0.0000002,0.0000001
41758,0.0000866,0.0000002,0.0000001
41759,0.0000866,0.0000002,0.0000001
41760,0.0000866,0.0000002,0.0000001
41761,0.0000866,0.0000002,0.0000001
41762,0.0000866,0.0000002,0.0000001
41763,0.0000866,0.0000002,0.0000001
41764,0.0000865,0.0000002,0.0000001
41765,0.0000865,0.0000002,0.0000001
41766,0.0000865,0.0000002,0.0000001
41767,0.0000865,0.0000002,0.0000001
41768,0.0000865,0.0000002,0.0000001
41769,0.0000865,0.0000002,0.0000001
41770,0.0000865,0.0000002,0.0000001
41771,0.0000865,0.0000002,0.0000001
41772,0.0000865,0.0000002,0.0000001
41773,0.0000865,0.0000002,0.0000001
41774,0.0000865,0.0000002,0.0000001
41775,0.0000865,0.0000002,0.0000001
41776,0.0000865,0.0000002,0.0000001
41777,0.0000865,0.0000002,0.0000001
41778,0.0000865,0.0000002,0.0000001
41779,0.0000865,0.0000002,0.0000001
41780,0.0000865,0.0000002,0.0000001
41781,0.0000865,0.0000002,0.0000001
41782,0.0000865,0.0000002,0.0000001
41783,0.0000865,0.0000002,0.0000001
41784,0.0000865,0.0000002,0.0000001
41785,0.0000865,0.0000002,0.0000001
41786,0.0000865,0.0000002,0.0000001
41787,0.0000865,0.0000002,0.0000001
41788,0.0000865,0.0000002,0.0000001
41789,0.0000865,0.0000002,0.0000001
41790,0.0000864,0.0000002,0.0000001
41791,0.0000864,0.0000002,0.0000001
41792,0.0000864,0.0000002,0.0000001
41793,0.0000864,0.0000002,0.0000001
41794,0.0000864,0.0000002,0.0000001
41795,0.0000864,0.0000002,0.0000001
41796,0.0000864,0.0000002,0.0000001
41797,0.0000864,0.0000002,0.0000001
41798,0.0000864,0.0000002,0.0000001
41799,0.0000864,0.0000002,0.0000001
41800,0.0000864,0.0000002,0.0000001
41801,0.0000864,0.0000002,0.0000001
41802,0.0000864,0.0000002,0.0000001
41803,0.0000864,0.0000002,0.0000001
41804,0.0000864,0.0000002,0.0000001
41805,0.0000864,0.0000002,0.0000001
41806,0.0000864,0.0000002,0.0000001
41807,0.0000864,0.0000002,0.0000001
41808,0.0000864,0.0000002,0.0000001
41809,0.0000864,0.0000002,0.0000001
41810,0.0000864,0.0000002,0.0000001
41811,0.0000864,0.0000002,0.0000001
41812,0.0000864,0.0000002,0.0000001
41813,0.0000864,0.0000002,0.0000001
41814,0.0000864,0.0000002,0.0000001
41815,0.0000863,0.0000002,0.0000001
41816,0.0000863,0.0000002,0.0000001
41817,0.0000863,0.0000002,0.0000001
41818,0.0000863,0.0000002,0.0000001
41819,0.0000863,0.0000002,0.0000001
41820,0.0000863,0.0000002,0.0000001
41821,0.0000863,0.0000002,0.0000001
41822,0.0000863,0.0000002,0.0000001
41823,0.0000863,0.0000002,0.0000001
41824,0.0000863,0.0000002,0.0000001
41825,0.0000863,0.0000002,0.0000001
41826,0.0000863,0.0000002,0.0000001
41827,0.0000863,0.0000002,0.0000001
41828,0.0000863,0.0000002,0.0000001
41829,0.0000863,0.0000002,0.0000001
41830,0.0000863,0.0000002,0.0000001
41831,0.0000863,0.0000002,0.0000001
41832,0.0000863,0.0000002,0.0000001
41833,0.0000863,0.0000002,0.0000001
41834,0.0000863,0.0000002,0.0000001
41835,0.0000863,0.0000002,0.0000001
41836,0.0000863,0.0000002,0.0000001
41837,0.0000863,0.0000002,0.0000001
41838,0.0000863,0.0000002,0.0000001
41839,0.0000863,0.0000002,0.0000001
41840,0.0000863,0.0000002,0.0000001
41841,0.0000862,0.0000002,0.0000001
41842,0.0000862,0.0000002,0.0000001
41843,0.0000862,0.0000002,0.0000001
41844,0.0000862,0.0000002,0.0000001
41845,0.0000862,0.0000002,0.0000001
41846,0.0000862,0.0000002,0.0000001
41847,0.0000862,0.0000002,0.0000001
41848,0.0000862,0.0000002,0.0000001
41849,0.0000862,0.0000002,0.0000001
41850,0.0000862,0.0000002,0.0000001
41851,0.0000862,0.0000002,0.0000001
41852,0.0000862,0.0000002,0.0000001
41853,0.0000862,0.0000002,0.0000001
41854,0.0000862,0.0000002,0.0000001
41855,0.0000862,0.0000002,0.0000001
41856,0.0000862,0.0000002,0.0000001
41857,0.0000862,0.0000002,0.0000001
41858,0.0000862,0.0000002,0.0000001
41859,0.0000862,0.0000002,0.0000001
41860,0.0000862,0.0000002,0.0000001
41861,0.0000862,0.0000002,0.0000001
41862,0.0000862,0.0000002,0.0000001
41863,0.0000862,0.0000002,0.0000001
41864,0.0000862,0.0000002,0.0000001
41865,0.0000862,0.0000002,0.0000001
41866,0.0000861,0.0000002,0.0000001
41867,0.0000861,0.0000002,0.0000001
41868,0.0000861,0.0000002,0.0000001
41869,0.0000861,0.0000002,0.0000001
41870,0.0000861,0.0000002,0.0000001
41871,0.0000861,0.0000002,0.0000001
41872,0.0000861,0.0000002,0.0000001
41873,0.0000861,0.0000002,0.0000001
41874,0.0000861,0.0000002,0.0000001
41875,0.0000861,0.0000002,0.0000001
41876,0.0000861,0.0000002,0.0000001
41877,0.0000861,0.0000002,0.0000001
41878,0.0000861,0.0000002,0.0000001
41879,0.0000861,0.0000002,0.0000001
41880,0.0000861,0.0000002,0.0000001
41881,0.0000861,0.0000002,0.0000001
41882,0.0000861,0.0000002,0.0000001
41883,0.0000861,0.0000002,0.0000001
41884,0.0000861,0.0000002,0.0000001
41885,0.0000861,0.0000002,0.0000001
41886,0.0000861,0.0000002,0.0000001
41887,0.0000861,0.0000002,0.0000001
41888,0.0000861,0.0000002,0.0000001
41889,0.0000861,0.0000002,0.0000001
41890,0.0000861,0.0000002,0.0000001
41891,0.0000861,0.0000002,0.0000001
41892,0.0000860,0.0000002,0.0000001
41893,0.0000860,0.0000002,0.0000001
41894,0.0000860,0.0000002,0.0000001
41895,0.0000860,0.0000002,0.0000001
41896,0.0000860,0.0000002,0.0000001
41897,0.0000860,0.0000002,0.0000001
41898,0.0000860,0.0000002,0.0000001
41899,0.0000860,0.0000002,0.0000001
41900,0.0000860,0.0000002,0.0000001
41901,0.0000860,0.0000002,0.0000001
41902,0.0000860,0.0000002,0.0000001
41903,0.0000860,0.0000002,0.0000001
41904,0.0000860,0.0000002,0.0000001
41905,0.0000860,0.0000002,0.0000001
41906,0.0000860,0.0000002,0.0000001
41907,0.0000860,0.0000002,0.0000001
41908,0.0000860,0.0000002,0.0000001
41909,0.0000860,0.0000002,0.0000001
41910,0.0000860,0.0000002,0.0000001
41911,0.0000860,0.0000002,0.0000001
41912,0.0000860,0.0000002,0.0000001
41913,0.0000860,0.0000002,0.0000001
41914,0.0000860,0.0000002,0.0000001
41915,0.0000860,0.0000002,0.0000001
41916,0.0000860,0.0000002,0.0000001
41917,0.0000859,0.0000002,0.0000001
41918,0.0000859,0.0000002,0.0000001
41919,0.0000859,0.0000002,0.0000001
41920,0.0000859,0.0000002,0.0000001
41921,0.0000859,0.0000002,0.0000001
41922,0.0000859,0.0000002,0.0000001
41923,0.0000859,0.0000002,0.0000001
41924,0.0000859,0.0000002,0.0000001
41925,0.0000859,0.0000002,0.0000001
41926,0.0000859,0.0000002,0.0000001
41927,0.0000859,0.0000002,0.0000001
41928,0.0000859,0.0000002,0.0000001
41929,0.0000859,0.0000002,0.0000001
41930,0.0000859,0.0000002,0.0000001
41931,0.0000859,0.0000002,0.0000001
41932,0.0000859,0.0000002,0.0000001
41933,0.0000859,0.0000002,0.0000001
41934,0.0000859,0.0000002,0.0000001
41935,0.0000859,0.0000002,0.0000001
41936,0.0000859,0.0000002,0.0000001
41937,0.0000859,0.0000002,0.0000001
41938,0.0000859,0.0000002,0.0000001
41939,0.0000859,0.0000002,0.0000001
41940,0.0000859,0.0000002,0.0000001
41941,0.0000859,0.0000002,0.0000001
41942,0.0000859,0.0000002,0.0000001
41943,0.0000858,0.0000002,0.0000001
41944,0.0000858,0.0000002,0.0000001
41945,0.0000858,0.0000002,0.0000001
41946,0.0000858,0.0000002,0.0000001
41947,0.0000858,0.0000002,0.0000001
41948,0.0000858,0.0000002,0.0000001
41949,0.0000858,0.0000002,0.0000001
41950,0.0000858,0.0000002,0.0000001
41951,0.0000858,0.0000002,0.0000001
41952,0.0000858,0.0000002,0.0000001
41953,0.0000858,0.0000002,0.0000001
41954,0.0000858,0.0000002,0.0000001
41955,0.0000858,0.0000002,0.0000001
41956,0.0000858,0.0000002,0.0000001
41957,0.0000858,0.0000002,0.0000001
41958,0.0000858,0.0000002,0.0000001
41959,0.0000858,0.0000002,0.0000001
41960,0.0000858,0.0000002,0.0000001
41961,0.0000858,0.0000002,0.0000001
41962,0.0000858,0.0000002,0.0000001
41963,0.0000858,0.0000002,0.0000001
41964,0.0000858,0.0000002,0.0000001
41965,0.0000858,0.0000002,0.0000001
41966,0.0000858,0.0000002,0.0000001
41967,0.0000858,0.0000002,0.0000001
41968,0.0000857,0.0000002,0.0000001
41969,0.0000857,0.0000002,0.0000001
41970,0.0000857,0.0000002,0.0000001
41971,0.0000857,0.0000002,0.0000001
41972,0.0000857,0.0000002,0.0000001
41973,0.0000857,0.0000002,0.0000001
41974,0.0000857,0.0000002,0.0000001
41975,0.0000857,0.0000002,0.0000001
41976,0.0000857,0.0000002,0.0000001
41977,0.0000857,0.0000002,0.0000001
41978,0.0000857,0.0000002,0.0000001
41979,0.0000857,0.0000002,0.0000001
41980,0.0000857,0.0000002,0.0000001
41981,0.0000857,0.0000002,0.0000001
41982,0.0000857,0.0000002,0.0000001
41983,0.0000857,0.0000002,0.0000001
41984,0.0000857,0.0000002,0.0000001
41985,0.0000857,0.0000002,0.0000001
41986,0.0000857,0.0000002,0.0000001
41987,0.0000857,0.0000002,0.0000001
41988,0.0000857,0.0000002,0.0000001
41989,0.0000857,0.0000002,0.0000001
41990,0.0000857,0.0000002,0.0000001
41991,0.0000857,0.0000002,0.0000001
41992,0.0000857,0.0000002,0.0000001
41993,0.0000857,0.0000002,0.0000001
41994,0.0000856,0.0000002,0.0000001
41995,0.0000856,0.0000002,0.0000001
41996,0.0000856,0.0000002,0.0000001
41997,0.0000856,0.0000002,0.0000001
41998,0.0000856,0.0000002,0.0000001
41999,0.0000856,0.0000002,0.0000001
42000,0.0000856,0.0000002,0.0000001
42001,0.0000856,0.0000002,0.0000001
42002,0.0000856,0.0000002,0.0000001
42003,0.0000856,0.0000002,0.0000001
42004,0.0000856,0.0000002,0.0000001
42005,0.0000856,0.0000002,0.0000001
42006,0.0000856,0.0000002,0.0000001
42007,0.0000856,0.0000002,0.0000001
42008,0.0000856,0.0000002,0.0000001
42009,0.0000856,0.0000002,0.0000001
42010,0.0000856,0.0000002,0.0000001
42011,0.0000856,0.0000002,0.0000001
42012,0.0000856,0.0000002,0.0000001
42013,0.0000856,0.0000002,0.0000001
42014,0.0000856,0.0000002,0.0000001
42015,0.0000856,0.0000002,0.0000001
42016,0.0000856,0.0000002,0.0000001
42017,0.0000856,0.0000002,0.0000001
42018,0.0000856,0.0000002,0.0000001
42019,0.0000855,0.0000002,0.0000001
42020,0.0000855,0.0000002,0.0000001
42021,0.0000855,0.0000002,0.0000001
42022,0.0000855,0.0000002,0.0000001
42023,0.0000855,0.0000002,0.0000001
42024,0.0000855,0.0000002,0.0000001
42025,0.0000855,0.0000002,0.0000001
42026,0.0000855,0.0000002,0.0000001
42027,0.0000855,0.0000002,0.0000001
42028,0.0000855,0.0000002,0.0000001
42029,0.0000855,0.0000002,0.0000001
42030,0.0000855,0.0000002,0.0000001
42031,0.0000855,0.0000002,0.0000001
42032,0.0000855,0.0000002,0.0000001
42033,0.0000855,0.0000002,0.0000001
42034,0.0000855,0.0000002,0.0000001
42035,0.0000855,0.0000002,0.0000001
42036,0.0000855,0.0000002,0.0000001
42037,0.0000855,0.0000002,0.0000001
42038,0.0000855,0.0000002,0.0000001
42039,0.0000855,0.0000002,0.0000001
42040,0.0000855,0.0000002,0.0000001
42041,0.0000855,0.0000002,0.0000001
42042,0.0000855,0.0000002,0.0000001
42043,0.0000855,0.0000002,0.0000001
42044,0.0000855,0.0000002,0.0000001
42045,0.0000854,0.0000002,0.0000001
42046,0.0000854,0.0000002,0.0000001
42047,0.0000854,0.0000002,0.0000001
42048,0.0000854,0.0000002,0.0000001
42049,0.0000854,0.0000002,0.0000001
42050,0.0000854,0.0000002,0.0000001
42051,0.0000854,0.0000002,0.0000001
42052,0.0000854,0.0000002,0.0000001
42053,0.0000854,0.0000002,0.0000001
42054,0.0000854,0.0000002,0.0000001
42055,0.0000854,0.0000002,0.0000001
42056,0.0000854,0.0000002,0.0000001
42057,0.0000854,0.0000002,0.0000001
42058,0.0000854,0.0000002,0.0000001
42059,0.0000854,0.0000002,0.0000001
42060,0.0000854,0.0000002,0.0000001
42061,0.0000854,0.0000002,0.0000001
42062,0.0000854,0.0000002,0.0000001
42063,0.0000854,0.0000002,0.0000001
42064,0.0000854,0.0000002,0.0000001
42065,0.0000854,0.0000002,0.0000001
42066,0.0000854,0.0000002,0.0000001
42067,0.0000854,0.0000002,0.0000001
42068,0.0000854,0.0000002,0.0000001
42069,0.0000854,0.0000002,0.0000001
42070,0.0000854,0.0000002,0.0000001
42071,0.0000853,0.0000002,0.0000001
42072,0.0000853,0.0000002,0.0000001
42073,0.0000853,0.0000002,0.0000001
42074,0.0000853,0.0000002,0.0000001
42075,0.0000853,0.0000002,0.0000001
42076,0.0000853,0.0000002,0.0000001
42077,0.0000853,0.0000002,0.0000001
42078,0.0000853,0.0000002,0.0000001
42079,0.0000853,0.0000002,0.0000001
42080,0.0000853,0.0000002,0.0000001
42081,0.0000853,0.0000002,0.0000001
42082,0.0000853,0.0000002,0.0000001
42083,0.0000853,0.0000002,0.0000001
42084,0.0000853,0.0000002,0.0000001
42085,0.0000853,0.0000002,0.0000001
42086,0.0000853,0.0000002,0.0000001
42087,0.0000853,0.0000002,0.0000001
42088,0.0000853,0.0000002,0.0000001
42089,0.0000853,0.0000002,0.0000001
42090,0.0000853,0.0000002,0.0000001
42091,0.0000853,0.0000002,0.0000001
42092,0.0000853,0.0000002,0.0000001
42093,0.0000853,0.0000002,0.0000001
42094,0.0000853,0.0000002,0.0000001
42095,0.0000853,0.0000002,0.0000001
42096,0.0000852,0.0000002,0.0000001
42097,0.0000852,0.0000002,0.0000001
42098,0.0000852,0.0000002,0.0000001
42099,0.0000852,0.0000002,0.0000001
42100,0.0000852,0.0000002,0.0000001
42101,0.0000852,0.0000002,0.0000001
42102,0.0000852,0.0000002,0.0000001
42103,0.0000852,0.0000002,0.0000001
42104,0.0000852,0.0000002,0.0000001
42105,0.0000852,0.0000002,0.0000001
42106,0.0000852,0.0000002,0.0000001
42107,0.0000852,0.0000002,0.0000001
42108,0.0000852,0.0000002,0.0000001
42109,0.0000852,0.0000002,0.0000001
42110,0.0000852,0.0000002,0.0000001
42111,0.0000852,0.0000002,0.0000001
42112,0.0000852,0.0000002,0.0000001
42113,0.0000852,0.0000002,0.0000001
42114,0.0000852,0.0000002,0.0000001
42115,0.0000852,0.0000002,0.0000001
42116,0.0000852,0.0000002,0.0000001
42117,0.0000852,0.0000002,0.0000001
42118,0.0000852,0.0000002,0.0000001
42119,0.0000852,0.0000002,0.0000001
42120,0.0000852,0.0000002,0.0000001
42121,0.0000852,0.0000002,0.0000001
42122,0.0000851,0.0000002,0.0000001
42123,0.0000851,0.0000002,0.0000001
42124,0.0000851,0.0000002,0.0000001
42125,0.0000851,0.0000002,0.0000001
42126,0.0000851,0.0000002,0.0000001
42127,0.0000851,0.0000002,0.0000001
42128,0.0000851,0.0000002,0.0000001
42129,0.0000851,0.0000002,0.0000001
42130,0.0000851,0.0000002,0.0000001
42131,0.0000851,0.0000002,0.0000001
42132,0.0000851,0.0000002,0.0000001
42133,0.0000851,0.0000002,0.0000001
42134,0.0000851,0.0000002,0.0000001
42135,0.0000851,0.0000002,0.0000001
42136,0.0000851,0.0000002,0.0000001
42137,0.0000851,0.0000002,0.0000001
42138,0.0000851,0.0000002,0.0000001
42139,0.0000851,0.0000002,0.0000001
42140,0.0000851,0.0000002,0.0000001
42141,0.0000851,0.0000002,0.0000001
42142,0.0000851,0.0000002,0.0000001
42143,0.0000851,0.0000002,0.0000001
42144,0.0000851,0.0000002,0.0000001
42145,0.0000851,0.0000002,0.0000001
42146,0.0000851,0.0000002,0.0000001
42147,0.0000850,0.0000002,0.0000001
42148,0.0000850,0.0000002,0.0000001
42149,0.0000850,0.0000002,0.0000001
42150,0.0000850,0.0000002,0.0000001
42151,0.0000850,0.0000002,0.0000001
42152,0.0000850,0.0000002,0.0000001
42153,0.0000850,0.0000002,0.0000001
42154,0.0000850,0.0000002,0.0000001
42155,0.0000850,0.0000002,0.0000001
42156,0.0000850,0.0000002,0.0000001
42157,0.0000850,0.0000002,0.0000001
42158,0.0000850,0.0000002,0.0000001
42159,0.0000850,0.0000002,0.0000001
42160,0.0000850,0.0000002,0.0000001
42161,0.0000850,0.0000002,0.0000001
42162,0.0000850,0.0000002,0.0000001
42163,0.0000850,0.0000002,0.0000001
42164,0.0000850,0.0000002,0.0000001
42165,0.0000850,0.0000002,0.0000001
42166,0.0000850,0.0000002,0.0000001
42167,0.0000850,0.0000002,0.0000001
42168,0.0000850,0.0000002,0.0000001
42169,0.0000850,0.0000002,0.0000001
42170,0.0000850,0.0000002,0.0000001
42171,0.0000850,0.0000002,0.0000001
42172,0.0000850,0.0000002,0.0000001
42173,0.0000849,0.0000002,0.0000001
42174,0.0000849,0.0000002,0.0000001
42175,0.0000849,0.0000002,0.0000001
42176,0.0000849,0.0000002,0.0000001
42177,0.0000849,0.0000002,0.0000001
42178,0.0000849,0.0000002,0.0000001
42179,0.0000849,0.0000002,0.0000001
42180,0.0000849,0.0000002,0.0000001
42181,0.0000849,0.0000002,0.0000001
42182,0.0000849,0.0000002,0.0000001
42183,0.0000849,0.0000002,0.0000001
42184,0.0000849,0.0000002,0.0000001
42185,0.0000849,0.0000002,0.0000001
42186,0.0000849,0.0000002,0.0000001
42187,0.0000849,0.0000002,0.0000001
42188,0.0000849,0.0000002,0.0000001
42189,0.0000849,0.0000002,0.0000001
42190,0.0000849,0.0000002,0.0000001
42191,0.0000849,0.0000002,0.0000001
42192,0.0000849,0.0000002,0.0000001
42193,0.0000849,0.0000002,0.0000001
42194,0.0000849,0.0000002,0.0000001
42195,0.0000849,0.0000002,0.0000001
42196,0.0000849,0.0000002,0.0000001
42197,0.0000849,0.0000002,0.0000001
42198,0.0000848,0.0000002,0.0000001
42199,0.0000848,0.0000002,0.0000001
42200,0.0000848,0.0000002,0.0000001
42201,0.0000848,0.0000002,0.0000001
42202,0.0000848,0.0000002,0.0000001
42203,0.0000848,0.0000002,0.0000001
42204,0.0000848,0.0000002,0.0000001
42205,0.0000848,0.0000002,0.0000001
42206,0.0000848,0.0000002,0.0000001
42207,0.0000848,0.0000002,0.0000001
42208,0.0000848,0.0000002,0.0000001
42209,0.0000848,0.0000002,0.0000001
42210,0.0000848,0.0000002,0.0000001
42211,0.0000848,0.0000002,0.0000001
42212,0.0000848,0.0000002,0.0000001
42213,0.0000848,0.0000002,0.0000001
42214,0.0000848,0.0000002,0.0000001
42215,0.0000848,0.0000002,0.0000001
42216,0.0000848,0.0000002,0.0000001
42217,0.0000848,0.0000002,0.0000001
42218,0.0000848,0.0000002,0.0000001
42219,0.0000848,0.0000002,0.0000001
42220,0.0000848,0.0000002,0.0000001
42221,0.0000848,0.0000002,0.0000001
42222,0.0000848,0.0000002,0.0000001
42223,0.0000848,0.0000002,0.0000001
42224,0.0000847,0.0000002,0.0000001
42225,0.0000847,0.0000002,0.0000001
42226,0.0000847,0.0000002,0.0000001
42227,0.0000847,0.0000002,0.0000001
42228,0.0000847,0.0000002,0.0000001
42229,0.0000847,0.0000002,0.0000001
42230,0.0000847,0.0000002,0.0000001
42231,0.0000847,0.0000002,0.0000001
42232,0.0000847,0.0000002,0.0000001
42233,0.0000847,0.0000002,0.0000001
42234,0.0000847,0.0000002,0.0000001
42235,0.0000847,0.0000002,0.0000001
42236,0.0000847,0.0000002,0.0000001
42237,0.0000847,0.0000002,0.0000001
42238,0.0000847,0.0000002,0.0000001
42239,0.0000847,0.0000002,0.0000001
42240,0.0000847,0.0000002,0.0000001
42241,0.0000847,0.0000002,0.0000001
42242,0.0000847,0.0000002,0.0000001
42243,0.0000847,0.0000002,0.0000001
42244,0.0000847,0.0000002,0.0000001
42245,0.0000847,0.0000002,0.0000001
42246,0.0000847,0.0000002,0.0000001
42247,0.0000847,0.0000002,0.0000001
42248,0.0000847,0.0000002,0.0000001
42249,0.0000847,0.0000002,0.0000001
42250,0.0000846,0.0000002,0.0000001
42251,0.0000846,0.0000002,0.0000001
42252,0.0000846,0.0000002,0.0000001
42253,0.0000846,0.0000002,0.0000001
42254,0.0000846,0.0000002,0.0000001
42255,0.0000846,0.0000002,0.0000001
42256,0.0000846,0.0000002,0.0000001
42257,0.0000846,0.0000002,0.0000001
42258,0.0000846,0.0000002,0.0000001
42259,0.0000846,0.0000002,0.0000001
42260,0.0000846,0.0000002,0.0000001
42261,0.0000846,0.0000002,0.0000001
42262,0.0000846,0.0000002,0.0000001
42263,0.0000846,0.0000002,0.0000001
42264,0.0000846,0.0000002,0.0000001
42265,0.0000846,0.0000002,0.0000001
42266,0.0000846,0.0000002,0.0000001
42267,0.0000846,0.0000002,0.0000001
42268,0.0000846,0.0000002,0.0000001
42269,0.0000846,0.0000002,0.0000001
42270,0.0000846,0.0000002,0.0000001
42271,0.0000846,0.0000002,0.0000001
42272,0.0000846,0.0000002,0.0000001
42273,0.0000846,0.0000002,0.0000001
42274,0.0000846,0.0000002,0.0000001
42275,0.0000845,0.0000002,0.0000001
42276,0.0000845,0.0000002,0.0000001
42277,0.0000845,0.0000002,0.0000001
42278,0.0000845,0.0000002,0.0000001
42279,0.0000845,0.0000002,0.0000001
42280,0.0000845,0.0000002,0.0000001
42281,0.0000845,0.0000002,0.0000001
42282,0.0000845,0.0000002,0.0000001
42283,0.0000845,0.0000002,0.0000001
42284,0.0000845,0.0000002,0.0000001
42285,0.0000845,0.0000002,0.0000001
42286,0.0000845,0.0000002,0.0000001
42287,0.0000845,0.0000002,0.0000001
42288,0.0000845,0.0000002,0.0000001
42289,0.0000845,0.0000002,0.0000001
42290,0.0000845,0.0000002,0.0000001
42291,0.0000845,0.0000002,0.0000001
42292,0.0000845,0.0000002,0.0000001
42293,0.0000845,0.0000002,0.0000001
42294,0.0000845,0.0000002,0.0000001
42295,0.0000845,0.0000002,0.0000001
42296,0.0000845,0.0000002,0.0000001
42297,0.0000845,0.0000002,0.0000001
42298,0.0000845,0.0000002,0.0000001
42299,0.0000845,0.0000002,0.0000001
42300,0.0000845,0.0000002,0.0000001
42301,0.0000844,0.0000002,0.0000001
42302,0.0000844,0.0000002,0.0000001
42303,0.0000844,0.0000002,0.0000001
42304,0.0000844,0.0000002,0.0000001
42305,0.0000844,0.0000002,0.0000001
42306,0.0000844,0.0000002,0.0000001
42307,0.0000844,0.0000002,0.0000001
42308,0.0000844,0.0000002,0.0000001
42309,0.0000844,0.0000002,0.0000001
42310,0.0000844,0.0000002,0.0000001
42311,0.0000844,0.0000002,0.0000001
42312,0.0000844,0.0000002,0.0000001
42313,0.0000844,0.0000002,0.0000001
42314,0.0000844,0.0000002,0.0000001
42315,0.0000844,0.0000002,0.0000001
42316,0.0000844,0.0000002,0.0000001
42317,0.0000844,0.0000002,0.0000001
42318,0.0000844,0.0000002,0.0000001
42319,0.0000844,0.0000002,0.0000001
42320,0.0000844,0.0000002,0.0000001
42321,0.0000844,0.0000002,0.0000001
42322,0.0000844,0.0000002,0.0000001
42323,0.0000844,0.0000002,0.0000001
42324,0.0000844,0.0000002,0.0000001
42325,0.0000844,0.0000002,0.0000001
42326,0.0000844,0.0000002,0.0000001
42327,0.0000843,0.0000002,0.0000001
42328,0.0000843,0.0000002,0.0000001
42329,0.0000843,0.0000002,0.0000001
42330,0.0000843,0.0000002,0.0000001
42331,0.0000843,0.0000002,0.0000001
42332,0.0000843,0.0000002,0.0000001
42333,0.0000843,0.0000002,0.0000001
42334,0.0000843,0.0000002,0.0000001
42335,0.0000843,0.0000002,0.0000001
42336,0.0000843,0.0000002,0.0000001
42337,0.0000843,0.0000002,0.0000001
42338,0.0000843,0.0000002,0.0000001
42339,0.0000843,0.0000002,0.0000001
42340,0.0000843,0.0000002,0.0000001
42341,0.0000843,0.0000002,0.0000001
42342,0.0000843,0.0000002,0.0000001
42343,0.0000843,0.0000002,0.0000001
42344,0.0000843,0.0000002,0.0000001
42345,0.0000843,0.0000002,0.0000001
42346,0.0000843,0.0000002,0.0000001
42347,0.0000843,0.0000002,0.0000001
42348,0.0000843,0.0000002,0.0000001
42349,0.0000843,0.0000002,0.0000001
42350,0.0000843,0.0000002,0.0000001
42351,0.0000843,0.0000002,0.0000001
42352,0.0000842,0.0000002,0.0000001
42353,0.0000842,0.0000002,0.0000001
42354,0.0000842,0.0000002,0.0000001
42355,0.0000842,0.0000002,0.0000001
42356,0.0000842,0.0000002,0.0000001
42357,0.0000842,0.0000002,0.0000001
42358,0.0000842,0.0000002,0.0000001
42359,0.0000842,0.0000002,0.0000001
42360,0.0000842,0.0000002,0.0000001
42361,0.0000842,0.0000002,0.0000001
42362,0.0000842,0.0000002,0.0000001
42363,0.0000842,0.0000002,0.0000001
42364,0.0000842,0.0000002,0.0000001
42365,0.0000842,0.0000002,0.0000001
42366,0.0000842,0.0000002,0.0000001
42367,0.0000842,0.0000002,0.0000001
42368,0.0000842,0.0000002,0.0000001
42369,0.0000842,0.0000002,0.0000001
42370,0.0000842,0.0000002,0.0000001
42371,0.0000842,0.0000002,0.0000001
42372,0.0000842,0.0000002,0.0000001
42373,0.0000842,0.0000002,0.0000001
42374,0.0000842,0.0000002,0.0000001
42375,0.0000842,0.0000002,0.0000001
42376,0.0000842,0.0000002,0.0000001
42377,0.0000842,0.0000002,0.0000001
42378,0.0000841,0.0000002,0.0000001
42379,0.0000841,0.0000002,0.0000001
42380,0.0000841,0.0000002,0.0000001
42381,0.0000841,0.0000002,0.0000001
42382,0.0000841,0.0000002,0.0000001
42383,0.0000841,0.0000002,0.0000001
42384,0.0000841,0.0000002,0.0000001
42385,0.0000841,0.0000002,0.0000001
42386,0.0000841,0.0000002,0.0000001
42387,0.0000841,0.0000002,0.0000001
42388,0.0000841,0.0000002,0.0000001
42389,0.0000841,0.0000002,0.0000001
42390,0.0000841,0.0000002,0.0000001
42391,0.0000841,0.0000002,0.0000001
42392,0.0000841,0.0000002,0.0000001
42393,0.0000841,0.0000002,0.0000001
42394,0.0000841,0.0000002,0.0000001
42395,0.0000841,0.0000002,0.0000001
42396,0.0000841,0.0000002,0.0000001
42397,0.0000841,0.0000002,0.0000001
42398,0.0000841,0.0000002,0.0000001
42399,0.0000841,0.0000002,0.0000001
42400,0.0000841,0.0000002,0.0000001
42401,0.0000841,0.0000002,0.0000001
42402,0.0000841,0.0000002,0.0000001
42403,0.0000840,0.0000002,0.0000001
42404,0.0000840,0.0000002,0.0000001
42405,0.0000840,0.0000002,0.0000001
42406,0.0000840,0.0000002,0.0000001
42407,0.0000840,0.0000002,0.0000001
42408,0.0000840,0.0000002,0.0000001
42409,0.0000840,0.0000002,0.0000001
42410,0.0000840,0.0000002,0.0000001
42411,0.0000840,0.0000002,0.0000001
42412,0.0000840,0.0000002,0.0000001
42413,0.0000840,0.0000002,0.0000001
42414,0.0000840,0.0000002,0.0000001
42415,0.0000840,0.0000002,0.0000001
42416,0.0000840,0.0000002,0.0000001
42417,0.0000840,0.0000002,0.0000001
42418,0.0000840,0.0000002,0.0000001
42419,0.0000840,0.0000002,0.0000001
42420,0.0000840,0.0000002,0.0000001
42421,0.0000840,0.0000002,0.0000001
42422,0.0000840,0.0000002,0.0000001
42423,0.0000840,0.0000002,0.0000001
42424,0.0000840,0.0000002,0.0000001
42425,0.0000840,0.0000002,0.0000001
42426,0.0000840,0.0000002,0.0000001
42427,0.0000840,0.0000002,0.0000001
42428,0.0000840,0.0000002,0.0000001
42429,0.0000839,0.0000002,0.0000001
42430,0.0000839,0.0000002,0.0000001
42431,0.0000839,0.0000002,0.0000001
42432,0.0000839,0.0000002,0.0000001
42433,0.0000839,0.0000002,0.0000001
42434,0.0000839,0.0000002,0.0000001
42435,0.0000839,0.0000002,0.0000001
42436,0.0000839,0.0000002,0.0000001
42437,0.0000839,0.0000002,0.0000001
42438,0.0000839,0.0000002,0.0000001
42439,0.0000839,0.0000002,0.0000001
42440,0.0000839,0.0000002,0.0000001
42441,0.0000839,0.0000002,0.0000001
42442,0.0000839,0.0000002,0.0000001
42443,0.0000839,0.0000002,0.0000001
42444,0.0000839,0.0000002,0.0000001
42445,0.0000839,0.0000002,0.0000001
42446,0.0000839,0.0000002,0.0000001
42447,0.0000839,0.0000002,0.0000001
42448,0.0000839,0.0000002,0.0000001
42449,0.0000839,0.0000002,0.0000001
42450,0.0000839,0.0000002,0.0000001
42451,0.0000839,0.0000002,0.0000001
42452,0.0000839,0.0000002,0.0000001
42453,0.0000839,0.0000002,0.0000001
42454,0.0000839,0.0000002,0.0000001
42455,0.0000838,0.0000002,0.0000001
42456,0.0000838,0.0000002,0.0000001
42457,0.0000838,0.0000002,0.0000001
42458,0.0000838,0.0000002,0.0000001
42459,0.0000838,0.0000002,0.0000001
42460,0.0000838,0.0000002,0.0000001
42461,0.0000838,0.0000002,0.0000001
42462,0.0000838,0.0000002,0.0000001
42463,0.0000838,0.0000002,0.0000001
42464,0.0000838,0.0000002,0.0000001
42465,0.0000838,0.0000002,0.0000001
42466,0.0000838,0.0000002,0.0000001
42467,0.0000838,0.0000002,0.0000001
42468,0.0000838,0.0000002,0.0000001
42469,0.0000838,0.0000002,0.0000001
42470,0.0000838,0.0000002,0.0000001
42471,0.0000838,0.0000002,0.0000001
42472,0.0000838,0.0000002,0.0000001
42473,0.0000838,0.0000002,0.0000001
42474,0.0000838,0.0000002,0.0000001
42475,0.0000838,0.0000002,0.0000001
42476,0.0000838,0.0000002,0.0000001
42477,0.0000838,0.0000002,0.0000001
42478,0.0000838,0.0000002,0.0000001
42479,0.0000838,0.0000002,0.0000001
42480,0.0000837,0.0000002,0.0000001
42481,0.0000837,0.0000002,0.0000001
42482,0.0000837,0.0000002,0.0000001
42483,0.0000837,0.0000002,0.0000001
42484,0.0000837,0.0000002,0.0000001
42485,0.0000837,0.0000002,0.0000001
42486,0.0000837,0.0000002,0.0000001
42487,0.0000837,0.0000002,0.0000001
42488,0.0000837,0.0000002,0.0000001
42489,0.0000837,0.0000002,0.0000001
42490,0.0000837,0.0000002,0.0000001
42491,0.0000837,0.0000002,0.0000001
42492,0.0000837,0.0000002,0.0000001
42493,0.0000837,0.0000002,0.0000001
42494,0.0000837,0.0000002,0.0000001
42495,0.0000837,0.0000002,0.0000001
42496,0.0000837,0.0000002,0.0000001
42497,0.0000837,0.0000002,0.0000001
42498,0.0000837,0.0000002,0.0000001
42499,0.0000837,0.0000002,0.0000001
42500,0.0000837,0.0000002,0.0000001
42501,0.0000837,0.0000002,0.0000001
42502,0.0000837,0.0000002,0.0000001
42503,0.0000837,0.0000002,0.0000001
42504,0.0000837,0.0000002,0.0000001
42505,0.0000837,0.0000002,0.0000001
42506,0.0000836,0.0000002,0.0000001
42507,0.0000836,0.0000002,0.0000001
42508,0.0000836,0.0000002,0.0000001
42509,0.0000836,0.0000002,0.0000001
42510,0.0000836,0.0000002,0.0000001
42511,0.0000836,0.0000002,0.0000001
42512,0.0000836,0.0000002,0.0000001
42513,0.0000836,0.0000002,0.0000001
42514,0.0000836,0.0000002,0.0000001
42515,0.0000836,0.0000002,0.0000001
42516,0.0000836,0.0000002,0.0000001
42517,0.0000836,0.0000002,0.0000001
42518,0.0000836,0.0000002,0.0000001
42519,0.0000836,0.0000002,0.0000001
42520,0.0000836,0.0000002,0.0000001
42521,0.0000836,0.0000002,0.0000001
42522,0.0000836,0.0000002,0.0000001
42523,0.0000836,0.0000002,0.0000001
42524,0.0000836,0.0000002,0.0000001
42525,0.0000836,0.0000002,0.0000001
42526,0.0000836,0.0000002,0.0000001
42527,0.0000836,0.0000002,0.0000001
42528,0.0000836,0.0000002,0.0000001
42529,0.0000836,0.0000002,0.0000001
42530,0.0000836,0.0000002,0.0000001
42531,0.0000836,0.0000002,0.0000001
42532,0.0000835,0.0000002,0.0000001
42533,0.0000835,0.0000002,0.0000001
42534,0.0000835,0.0000002,0.0000001
42535,0.0000835,0.0000002,0.0000001
42536,0.0000835,0.0000002,0.0000001
42537,0.0000835,0.0000002,0.0000001
42538,0.0000835,0.0000002,0.0000001
42539,0.0000835,0.0000002,0.0000001
42540,0.0000835,0.0000002,0.0000001
42541,0.0000835,0.0000002,0.0000001
42542,0.0000835,0.0000002,0.0000001
42543,0.0000835,0.0000002,0.0000001
42544,0.0000835,0.0000002,0.0000001
42545,0.0000835,0.0000002,0.0000001
42546,0.0000835,0.0000002,0.0000001
42547,0.0000835,0.0000002,0.0000001
42548,0.0000835,0.0000002,0.0000001
42549,0.0000835,0.0000002,0.0000001
42550,0.0000835,0.0000002,0.0000001
42551,0.0000835,0.0000002,0.0000001
42552,0.0000835,0.0000002,0.0000001
42553,0.0000835,0.0000002,0.0000001
42554,0.0000835,0.0000002,0.0000001
42555,0.0000835,0.0000002,0.0000001
42556,0.0000835,0.0000002,0.0000001
42557,0.0000834,0.0000002,0.0000001
42558,0.0000834,0.0000002,0.0000001
42559,0.0000834,0.0000002,0.0000001
42560,0.0000834,0.0000002,0.0000001
42561,0.0000834,0.0000002,0.0000001
42562,0.0000834,0.0000002,0.0000001
42563,0.0000834,0.0000002,0.0000001
42564,0.0000834,0.0000002,0.0000001
42565,0.0000834,0.0000002,0.0000001
42566,0.0000834,0.0000002,0.0000001
42567,0.0000834,0.0000002,0.0000001
42568,0.0000834,0.0000002,0.0000001
42569,0.0000834,0.0000002,0.0000001
42570,0.0000834,0.0000002,0.0000001
42571,0.0000834,0.0000002,0.0000001
42572,0.0000834,0.0000002,0.0000001
42573,0.0000834,0.0000002,0.0000001
42574,0.0000834,0.0000002,0.0000001
42575,0.0000834,0.0000002,0.0000001
42576,0.0000834,0.0000002,0.0000001
42577,0.0000834,0.0000002,0.0000001
42578,0.0000834,0.0000002,0.0000001
42579,0.0000834,0.0000002,0.0000001
42580,0.0000834,0.0000002,0.0000001
42581,0.0000834,0.0000002,0.0000001
42582,0.0000834,0.0000002,0.0000001
42583,0.0000833,0.0000002,0.0000001
42584,0.0000833,0.0000002,0.0000001
42585,0.0000833,0.0000002,0.0000001
42586,0.0000833,0.0000002,0.0000001
42587,0.0000833,0.0000002,0.0000001
42588,0.0000833,0.0000002,0.0000001
42589,0.0000833,0.0000002,0.0000001
42590,0.0000833,0.0000002,0.0000001
42591,0.0000833,0.0000002,0.0000001
42592,0.0000833,0.0000002,0.0000001
42593,0.0000833,0.0000002,0.0000001
42594,0.0000833,0.0000002,0.0000001
42595,0.0000833,0.0000002,0.0000001
42596,0.0000833,0.0000002,0.0000001
42597,0.0000833,0.0000002,0.0000001
42598,0.0000833,0.0000002,0.0000001
42599,0.0000833,0.0000002,0.0000001
42600,0.0000833,0.0000002,0.0000001
42601,0.0000833,0.0000002,0.0000001
42602,0.0000833,0.0000002,0.0000001
42603,0.0000833,0.0000002,0.0000001
42604,0.0000833,0.0000002,0.0000001
42605,0.0000833,0.0000002,0.0000001
42606,0.0000833,0.0000002,0.0000001
42607,0.0000833,0.0000002,0.0000001
42608,0.0000833,0.0000002,0.0000001
42609,0.0000832,0.0000002,0.0000001
42610,0.0000832,0.0000002,0.0000001
42611,0.0000832,0.0000002,0.0000001
42612,0.0000832,0.0000002,0.0000001
42613,0.0000832,0.0000002,0.0000001
42614,0.0000832,0.0000002,0.0000001
42615,0.0000832,0.0000002,0.0000001
42616,0.0000832,0.0000002,0.0000001
42617,0.0000832,0.0000002,0.0000001
42618,0.0000832,0.0000002,0.0000001
42619,0.0000832,0.0000002,0.0000001
42620,0.0000832,0.0000002,0.0000001
42621,0.0000832,0.0000002,0.0000001
42622,0.0000832,0.0000002,0.0000001
42623,0.0000832,0.0000002,0.0000001
42624,0.0000832,0.0000002,0.0000001
42625,0.0000832,0.0000002,0.0000001
42626,0.0000832,0.0000002,0.0000001
42627,0.0000832,0.0000002,0.0000001
42628,0.0000832,0.0000002,0.0000001
42629,0.0000832,0.0000002,0.0000001
42630,0.0000832,0.0000002,0.0000001
42631,0.0000832,0.0000002,0.0000001
42632,0.0000832,0.0000002,0.0000001
42633,0.0000832,0.0000002,0.0000001
42634,0.0000831,0.0000002,0.0000001
42635,0.0000831,0.0000002,0.0000001
42636,0.0000831,0.0000002,0.0000001
42637,0.0000831,0.0000002,0.0000001
42638,0.0000831,0.0000002,0.0000001
42639,0.0000831,0.0000002,0.0000001
42640,0.0000831,0.0000002,0.0000001
42641,0.0000831,0.0000002,0.0000001
42642,0.0000831,0.0000002,0.0000001
42643,0.0000831,0.0000002,0.0000001
42644,0.0000831,0.0000002,0.0000001
42645,0.0000831,0.0000002,0.0000001
42646,0.0000831,0.0000002,0.0000001
42647,0.0000831,0.0000002,0.0000001
42648,0.0000831,0.0000002,0.0000001
42649,0.0000831,0.0000002,0.0000001
42650,0.0000831,0.0000002,0.0000001
42651,0.0000831,0.0000002,0.0000001
42652,0.0000831,0.0000002,0.0000001
42653,0.0000831,0.0000002,0.0000001
42654,0.0000831,0.0000002,0.0000001
42655,0.0000831,0.0000002,0.0000001
42656,0.0000831,0.0000002,0.0000001
42657,0.0000831,0.0000002,0.0000001
42658,0.0000831,0.0000002,0.0000001
42659,0.0000831,0.0000002,0.0000001
42660,0.0000830,0.0000002,0.0000001
42661,0.0000830,0.0000002,0.0000001
42662,0.0000830,0.0000002,0.0000001
42663,0.0000830,0.0000002,0.0000001
42664,0.0000830,0.0000002,0.0000001
42665,0.0000830,0.0000002,0.0000001
42666,0.0000830,0.0000002,0.0000001
42667,0.0000830,0.0000002,0.0000001
42668,0.0000830,0.0000002,0.0000001
42669,0.0000830,0.0000002,0.0000001
42670,0.0000830,0.0000002,0.0000001
42671,0.0000830,0.0000002,0.0000001
42672,0.0000830,0.0000002,0.0000001
42673,0.0000830,0.0000002,0.0000001
42674,0.0000830,0.0000002,0.0000001
42675,0.0000830,0.0000002,0.0000001
42676,0.0000830,0.0000002,0.0000001
42677,0.0000830,0.0000002,0.0000001
42678,0.0000830,0.0000002,0.0000001
42679,0.0000830,0.0000002,0.0000001
42680,0.0000830,0.0000002,0.0000001
42681,0.0000830,0.0000002,0.0000001
42682,0.0000830,0.0000002,0.0000001
42683,0.0000830,0.0000002,0.0000001
42684,0.0000830,0.0000002,0.0000001
42685,0.0000829,0.0000002,0.0000001
42686,0.0000829,0.0000002,0.0000001
42687,0.0000829,0.0000002,0.0000001
42688,0.0000829,0.0000002,0.0000001
42689,0.0000829,0.0000002,0.0000001
42690,0.0000829,0.0000002,0.0000001
42691,0.0000829,0.0000002,0.0000001
42692,0.0000829,0.0000002,0.0000001
42693,0.0000829,0.0000002,0.0000001
42694,0.0000829,0.0000002,0.0000001
42695,0.0000829,0.0000002,0.0000001
42696,0.0000829,0.0000002,0.0000001
42697,0.0000829,0.0000002,0.0000001
42698,0.0000829,0.0000002,0.0000001
42699,0.0000829,0.0000002,0.0000001
42700,0.0000829,0.0000002,0.0000001
42701,0.0000829,0.0000002,0.0000001
42702,0.0000829,0.0000002,0.0000001
42703,0.0000829,0.0000002,0.0000001
42704,0.0000829,0.0000002,0.0000001
42705,0.0000829,0.0000002,0.0000001
42706,0.0000829,0.0000002,0.0000001
42707,0.0000829,0.0000002,0.0000001
42708,0.0000829,0.0000002,0.0000001
42709,0.0000829,0.0000002,0.0000001
42710,0.0000829,0.0000002,0.0000001
42711,0.0000828,0.0000002,0.0000001
42712,0.0000828,0.0000002,0.0000001
42713,0.0000828,0.0000002,0.0000001
42714,0.0000828,0.0000002,0.0000001
42715,0.0000828,0.0000002,0.0000001
42716,0.0000828,0.0000002,0.0000001
42717,0.0000828,0.0000002,0.0000001
42718,0.0000828,0.0000002,0.0000001
42719,0.0000828,0.0000002,0.0000001
42720,0.0000828,0.0000002,0.0000001
42721,0.0000828,0.0000002,0.0000001
42722,0.0000828,0.0000002,0.0000001
42723,0.0000828,0.0000002,0.0000001
42724,0.0000828,0.0000002,0.0000001
42725,0.0000828,0.0000002,0.0000001
42726,0.0000828,0.0000002,0.0000001
42727,0.0000828,0.0000002,0.0000001
42728,0.0000828,0.0000002,0.0000001
42729,0.0000828,0.0000002,0.0000001
42730,0.0000828,0.0000002,0.0000001
42731,0.0000828,0.0000002,0.0000001
42732,0.0000828,0.0000002,0.0000001
42733,0.0000828,0.0000002,0.0000001
42734,0.0000828,0.0000002,0.0000001
42735,0.0000828,0.0000002,0.0000001
42736,0.0000828,0.0000002,0.0000001
42737,0.0000827,0.0000002,0.0000001
42738,0.0000827,0.0000002,0.0000001
42739,0.0000827,0.0000002,0.0000001
42740,0.0000827,0.0000002,0.0000001
42741,0.0000827,0.0000002,0.0000001
42742,0.0000827,0.0000002,0.0000001
42743,0.0000827,0.0000002,0.0000001
42744,0.0000827,0.0000002,0.0000001
42745,0.0000827,0.0000002,0.0000001
42746,0.0000827,0.0000002,0.0000001
42747,0.0000827,0.0000002,0.0000001
42748,0.0000827,0.0000002,0.0000001
42749,0.0000827,0.0000002,0.0000001
42750,0.0000827,0.0000002,0.0000001
42751,0.0000827,0.0000002,0.0000001
42752,0.0000827,0.0000002,0.0000001
42753,0.0000827,0.0000002,0.0000001
42754,0.0000827,0.0000002,0.0000001
42755,0.0000827,0.0000002,0.0000001
42756,0.0000827,0.0000002,0.0000001
42757,0.0000827,0.0000002,0.0000001
42758,0.0000827,0.0000002,0.0000001
42759,0.0000827,0.0000002,0.0000001
42760,0.0000827,0.0000002,0.0000001
42761,0.0000827,0.0000002,0.0000001
42762,0.0000826,0.0000002,0.0000001
42763,0.0000826,0.0000002,0.0000001
42764,0.0000826,0.0000002,0.0000001
42765,0.0000826,0.0000002,0.0000001
42766,0.0000826,0.0000002,0.0000001
42767,0.0000826,0.0000002,0.0000001
42768,0.0000826,0.0000002,0.0000001
42769,0.0000826,0.0000002,0.0000001
42770,0.0000826,0.0000002,0.0000001
42771,0.0000826,0.0000002,0.0000001
42772,0.0000826,0.0000002,0.0000001
42773,0.0000826,0.0000002,0.0000001
42774,0.0000826,0.0000002,0.0000001
42775,0.0000826,0.0000002,0.0000001
42776,0.0000826,0.0000002,0.0000001
42777,0.0000826,0.0000002,0.0000001
42778,0.0000826,0.0000002,0.0000001
42779,0.0000826,0.0000002,0.0000001
42780,0.0000826,0.0000002,0.0000001
42781,0.0000826,0.0000002,0.0000001
42782,0.0000826,0.0000002,0.0000001
42783,0.0000826,0.0000002,0.0000001
42784,0.0000826,0.0000002,0.0000001
42785,0.0000826,0.0000002,0.0000001
42786,0.0000826,0.0000002,0.0000001
42787,0.0000826,0.0000002,0.0000001
42788,0.0000825,0.0000002,0.0000001
42789,0.0000825,0.0000002,0.0000001
42790,0.0000825,0.0000002,0.0000001
42791,0.0000825,0.0000002,0.0000001
42792,0.0000825,0.0000002,0.0000001
42793,0.0000825,0.0000002,0.0000001
42794,0.0000825,0.0000002,0.0000001
42795,0.0000825,0.0000002,0.0000001
42796,0.0000825,0.0000002,0.0000001
42797,0.0000825,0.0000002,0.0000001
42798,0.0000825,0.0000002,0.0000001
42799,0.0000825,0.0000002,0.0000001
42800,0.0000825,0.0000002,0.0000001
42801,0.0000825,0.0000002,0.0000001
42802,0.0000825,0.0000002,0.0000001
42803,0.0000825,0.0000002,0.0000001
42804,0.0000825,0.0000002,0.0000001
42805,0.0000825,0.0000002,0.0000001
42806,0.0000825,0.0000002,0.0000001
42807,0.0000825,0.0000002,0.0000001
42808,0.0000825,0.0000002,0.0000001
42809,0.0000825,0.0000002,0.0000001
42810,0.0000825,0.0000002,0.0000001
42811,0.0000825,0.0000002,0.0000001
42812,0.0000825,0.0000002,0.0000001
42813,0.0000824,0.0000002,0.0000001
42814,0.0000824,0.0000002,0.0000001
42815,0.0000824,0.0000002,0.0000001
42816,0.0000824,0.0000002,0.0000001
42817,0.0000824,0.0000002,0.0000001
42818,0.0000824,0.0000002,0.0000001
42819,0.0000824,0.0000002,0.0000001
42820,0.0000824,0.0000002,0.0000001
42821,0.0000824,0.0000002,0.0000001
42822,0.0000824,0.0000002,0.0000001
42823,0.0000824,0.0000002,0.0000001
42824,0.0000824,0.0000002,0.0000001
42825,0.0000824,0.0000002,0.0000001
42826,0.0000824,0.0000002,0.0000001
42827,0.0000824,0.0000002,0.0000001
42828,0.0000824,0.0000002,0.0000001
42829,0.0000824,0.0000002,0.0000001
42830,0.0000824,0.0000002,0.0000001
42831,0.0000824,0.0000002,0.0000001
42832,0.0000824,0.0000002,0.0000001
42833,0.0000824,0.0000002,0.0000001
42834,0.0000824,0.0000002,0.0000001
42835,0.0000824,0.0000002,0.0000001
42836,0.0000824,0.0000002,0.0000001
42837,0.0000824,0.0000002,0.0000001
42838,0.0000824,0.0000002,0.0000001
42839,0.0000823,0.0000002,0.0000001
42840,0.0000823,0.0000002,0.0000001
42841,0.0000823,0.0000002,0.0000001
42842,0.0000823,0.0000002,0.0000001
42843,0.0000823,0.0000002,0.0000001
42844,0.0000823,0.0000002,0.0000001
42845,0.0000823,0.0000002,0.0000001
42846,0.0000823,0.0000002,0.0000001
42847,0.0000823,0.0000002,0.0000001
42848,0.0000823,0.0000002,0.0000001
42849,0.0000823,0.0000002,0.0000001
42850,0.0000823,0.0000002,0.0000001
42851,0.0000823,0.0000002,0.0000001
42852,0.0000823,0.0000002,0.0000001
42853,0.0000823,0.0000002,0.0000001
42854,0.0000823,0.0000002,0.0000001
42855,0.0000823,0.0000002,0.0000001
42856,0.0000823,0.0000002,0.0000001
42857,0.0000823,0.0000002,0.0000001
42858,0.0000823,0.0000002,0.0000001
42859,0.0000823,0.0000002,0.0000001
42860,0.0000823,0.0000002,0.0000001
42861,0.0000823,0.0000002,0.0000001
42862,0.0000823,0.0000002,0.0000001
42863,0.0000823,0.0000002,0.0000001
42864,0.0000823,0.0000002,0.0000001
42865,0.0000822,0.0000002,0.0000001
42866,0.0000822,0.0000002,0.0000001
42867,0.0000822,0.0000002,0.0000001
42868,0.0000822,0.0000002,0.0000001
42869,0.0000822,0.0000002,0.0000001
42870,0.0000822,0.0000002,0.0000001
42871,0.0000822,0.0000002,0.0000001
42872,0.0000822,0.0000002,0.0000001
42873,0.0000822,0.0000002,0.0000001
42874,0.0000822,0.0000002,0.0000001
42875,0.0000822,0.0000002,0.0000001
42876,0.0000822,0.0000002,0.0000001
42877,0.0000822,0.0000002,0.0000001
42878,0.0000822,0.0000002,0.0000001
42879,0.0000822,0.0000002,0.0000001
42880,0.0000822,0.0000002,0.0000001
42881,0.0000822,0.0000002,0.0000001
42882,0.0000822,0.0000002,0.0000001
42883,0.0000822,0.0000002,0.0000001
42884,0.0000822,0.0000002,0.0000001
42885,0.0000822,0.0000002,0.0000001
42886,0.0000822,0.0000002,0.0000001
42887,0.0000822,0.0000002,0.0000001
42888,0.0000822,0.0000002,0.0000001
42889,0.0000822,0.0000002,0.0000001
42890,0.0000821,0.0000002,0.0000001
42891,0.0000821,0.0000002,0.0000001
42892,0.0000821,0.0000002,0.0000001
42893,0.0000821,0.0000002,0.0000001
42894,0.0000821,0.0000002,0.0000001
42895,0.0000821,0.0000002,0.0000001
42896,0.0000821,0.0000002,0.0000001
42897,0.0000821,0.0000002,0.0000001
42898,0.0000821,0.0000002,0.0000001
42899,0.0000821,0.0000002,0.0000001
42900,0.0000821,0.0000002,0.0000001
42901,0.0000821,0.0000002,0.0000001
42902,0.0000821,0.0000002,0.0000001
42903,0.0000821,0.0000002,0.0000001
42904,0.0000821,0.0000002,0.0000001
42905,0.0000821,0.0000002,0.0000001
42906,0.0000821,0.0000002,0.0000001
42907,0.0000821,0.0000002,0.0000001
42908,0.0000821,0.0000002,0.0000001
42909,0.0000821,0.0000002,0.0000001
42910,0.0000821,0.0000002,0.0000001
42911,0.0000821,0.0000002,0.0000001
42912,0.0000821,0.0000002,0.0000001
42913,0.0000821,0.0000002,0.0000001
42914,0.0000821,0.0000002,0.0000001
42915,0.0000821,0.0000002,0.0000001
42916,0.0000820,0.0000002,0.0000001
42917,0.0000820,0.0000002,0.0000001
42918,0.0000820,0.0000002,0.0000001
42919,0.0000820,0.0000002,0.0000001
42920,0.0000820,0.0000002,0.0000001
42921,0.0000820,0.0000002,0.0000001
42922,0.0000820,0.0000002,0.0000001
42923,0.0000820,0.0000002,0.0000001
42924,0.0000820,0.0000002,0.0000001
42925,0.0000820,0.0000002,0.0000001
42926,0.0000820,0.0000002,0.0000001
42927,0.0000820,0.0000002,0.0000001
42928,0.0000820,0.0000002,0.0000001
42929,0.0000820,0.0000002,0.0000001
42930,0.0000820,0.0000002,0.0000001
42931,0.0000820,0.0000002,0.0000001
42932,0.0000820,0.0000002,0.0000001
42933,0.0000820,0.0000002,0.0000001
42934,0.0000820,0.0000002,0.0000001
42935,0.0000820,0.0000002,0.0000001
42936,0.0000820,0.0000002,0.0000001
42937,0.0000820,0.0000002,0.0000001
42938,0.0000820,0.0000002,0.0000001
42939,0.0000820,0.0000002,0.0000001
42940,0.0000820,0.0000002,0.0000001
42941,0.0000819,0.0000002,0.0000001
42942,0.0000819,0.0000002,0.0000001
42943,0.0000819,0.0000002,0.0000001
42944,0.0000819,0.0000002,0.0000001
42945,0.0000819,0.0000002,0.0000001
42946,0.0000819,0.0000002,0.0000001
42947,0.0000819,0.0000002,0.0000001
42948,0.0000819,0.0000002,0.0000001
42949,0.0000819,0.0000002,0.0000001
42950,0.0000819,0.0000002,0.0000001
42951,0.0000819,0.0000002,0.0000001
42952,0.0000819,0.0000002,0.0000001
42953,0.0000819,0.0000002,0.0000001
42954,0.0000819,0.0000002,0.0000001
42955,0.0000819,0.0000002,0.0000001
42956,0.0000819,0.0000002,0.0000001
42957,0.0000819,0.0000002,0.0000001
42958,0.0000819,0.0000002,0.0000001
42959,0.0000819,0.0000002,0.0000001
42960,0.0000819,0.0000002,0.0000001
42961,0.0000819,0.0000002,0.0000001
42962,0.0000819,0.0000002,0.0000001
42963,0.0000819,0.0000002,0.0000001
42964,0.0000819,0.0000002,0.0000001
42965,0.0000819,0.0000002,0.0000001
42966,0.0000819,0.0000002,0.0000001
42967,0.0000818,0.0000002,0.0000001
42968,0.0000818,0.0000002,0.0000001
42969,0.0000818,0.0000002,0.0000001
42970,0.0000818,0.0000002,0.0000001
42971,0.0000818,0.0000002,0.0000001
42972,0.0000818,0.0000002,0.0000001
42973,0.0000818,0.0000002,0.0000001
42974,0.0000818,0.0000002,0.0000001
42975,0.0000818,0.0000002,0.0000001
42976,0.0000818,0.0000002,0.0000001
42977,0.0000818,0.0000002,0.0000001
42978,0.0000818,0.0000002,0.0000001
42979,0.0000818,0.0000002,0.0000001
42980,0.0000818,0.0000002,0.0000001
42981,0.0000818,0.0000002,0.0000001
42982,0.0000818,0.0000002,0.0000001
42983,0.0000818,0.0000002,0.0000001
42984,0.0000818,0.0000002,0.0000001
42985,0.0000818,0.0000002,0.0000001
42986,0.0000818,0.0000002,0.0000001
42987,0.0000818,0.0000002,0.0000001
42988,0.0000818,0.0000002,0.0000001
42989,0.0000818,0.0000002,0.0000001
42990,0.0000818,0.0000002,0.0000001
42991,0.0000818,0.0000002,0.0000001
42992,0.0000818,0.0000002,0.0000001
42993,0.0000817,0.0000002,0.0000001
42994,0.0000817,0.0000002,0.0000001
42995,0.0000817,0.0000002,0.0000001
42996,0.0000817,0.0000002,0.0000001
42997,0.0000817,0.0000002,0.0000001
42998,0.0000817,0.0000002,0.0000001
42999,0.0000817,0.0000002,0.0000001
43000,0.0000817,0.0000002,0.0000001
43001,0.0000817,0.0000002,0.0000001
43002,0.0000817,0.0000002,0.0000001
43003,0.0000817,0.0000002,0.0000001
43004,0.0000817,0.0000002,0.0000001
43005,0.0000817,0.0000002,0.0000001
43006,0.0000817,0.0000002,0.0000001
43007,0.0000817,0.0000002,0.0000001
43008,0.0000817,0.0000002,0.0000001
43009,0.0000817,0.0000002,0.0000001
43010,0.0000817,0.0000002,0.0000001
43011,0.0000817,0.0000002,0.0000001
43012,0.0000817,0.0000002,0.0000001
43013,0.0000817,0.0000002,0.0000001
43014,0.0000817,0.0000002,0.0000001
43015,0.0000817,0.0000002,0.0000001
43016,0.0000817,0.0000002,0.0000001
43017,0.0000817,0.0000002,0.0000001
43018,0.0000816,0.0000002,0.0000001
43019,0.0000816,0.0000002,0.0000001
43020,0.0000816,0.0000002,0.0000001
43021,0.0000816,0.0000002,0.0000001
43022,0.0000816,0.0000002,0.0000001
43023,0.0000816,0.0000002,0.0000001
43024,0.0000816,0.0000002,0.0000001
43025,0.0000816,0.0000002,0.0000001
43026,0.0000816,0.0000002,0.0000001
43027,0.0000816,0.0000002,0.0000001
43028,0.0000816,0.0000002,0.0000001
43029,0.0000816,0.0000002,0.0000001
43030,0.0000816,0.0000002,0.0000001
43031,0.0000816,0.0000002,0.0000001
43032,0.0000816,0.0000002,0.0000001
43033,0.0000816,0.0000002,0.0000001
43034,0.0000816,0.0000002,0.0000001
43035,0.0000816,0.0000002,0.0000001
43036,0.0000816,0.0000002,0.0000001
43037,0.0000816,0.0000002,0.0000001
43038,0.0000816,0.0000002,0.0000001
43039,0.0000816,0.0000002,0.0000001
43040,0.0000816,0.0000002,0.0000001
43041,0.0000816,0.0000002,0.0000001
43042,0.0000816,0.0000002,0.0000001
43043,0.0000816,0.0000002,0.0000001
43044,0.0000815,0.0000002,0.0000001
43045,0.0000815,0.0000002,0.0000001
43046,0.0000815,0.0000002,0.0000001
43047,0.0000815,0.0000002,0.0000001
43048,0.0000815,0.0000002,0.0000001
43049,0.0000815,0.0000002,0.0000001
43050,0.0000815,0.0000002,0.0000001
43051,0.0000815,0.0000002,0.0000001
43052,0.0000815,0.0000002,0.0000001
43053,0.0000815,0.0000002,0.0000001
43054,0.0000815,0.0000002,0.0000001
43055,0.0000815,0.0000002,0.0000001
43056,0.0000815,0.0000002,0.0000001
43057,0.0000815,0.0000002,0.0000001
43058,0.0000815,0.0000002,0.0000001
43059,0.0000815,0.0000002,0.0000001
43060,0.0000815,0.0000002,0.0000001
43061,0.0000815,0.0000002,0.0000001
43062,0.0000815,0.0000002,0.0000001
43063,0.0000815,0.0000002,0.0000001
43064,0.0000815,0.0000002,0.0000001
43065,0.0000815,0.0000002,0.0000001
43066,0.0000815,0.0000002,0.0000001
43067,0.0000815,0.0000002,0.0000001
43068,0.0000815,0.0000002,0.0000001
43069,0.0000815,0.0000002,0.0000001
43070,0.0000814,0.0000002,0.0000001
43071,0.0000814,0.0000002,0.0000001
43072,0.0000814,0.0000002,0.0000001
43073,0.0000814,0.0000002,0.0000001
43074,0.0000814,0.0000002,0.0000001
43075,0.0000814,0.0000002,0.0000001
43076,0.0000814,0.0000002,0.0000001
43077,0.0000814,0.0000002,0.0000001
43078,0.0000814,0.0000002,0.0000001
43079,0.0000814,0.0000002,0.0000001
43080,0.0000814,0.0000002,0.0000001
43081,0.0000814,0.0000002,0.0000001
43082,0.0000814,0.0000002,0.0000001
43083,0.0000814,0.0000002,0.0000001
43084,0.0000814,0.0000002,0.0000001
43085,0.0000814,0.0000002,0.0000001
43086,0.0000814,0.0000002,0.0000001
43087,0.0000814,0.0000002,0.0000001
43088,0.0000814,0.0000002,0.0000001
43089,0.0000814,0.0000002,0.0000001
43090,0.0000814,0.0000002,0.0000001
43091,0.0000814,0.0000002,0.0000001
43092,0.0000814,0.0000002,0.0000001
43093,0.0000814,0.0000002,0.0000001
43094,0.0000814,0.0000002,0.0000001
43095,0.0000813,0.0000002,0.0000001
43096,0.0000813,0.0000002,0.0000001
43097,0.0000813,0.0000002,0.0000001
43098,0.0000813,0.0000002,0.0000001
43099,0.0000813,0.0000002,0.0000001
43100,0.0000813,0.0000002,0.0000001
43101,0.0000813,0.0000002,0.0000001
43102,0.0000813,0.0000002,0.0000001
43103,0.0000813,0.0000002,0.0000001
43104,0.0000813,0.0000002,0.0000001
43105,0.0000813,0.0000002,0.0000001
43106,0.0000813,0.0000002,0.0000001
43107,0.0000813,0.0000002,0.0000001
43108,0.0000813,0.0000002,0.0000001
43109,0.0000813,0.0000002,0.0000001
43110,0.0000813,0.0000002,0.0000001
43111,0.0000813,0.0000002,0.0000001
43112,0.0000813,0.0000002,0.0000001
43113,0.0000813,0.0000002,0.0000001
43114,0.0000813,0.0000002,0.0000001
43115,0.0000813,0.0000002,0.0000001
43116,0.0000813,0.0000002,0.0000001
43117,0.0000813,0.0000002,0.0000001
43118,0.0000813,0.0000002,0.0000001
43119,0.0000813,0.0000002,0.0000001
43120,0.0000813,0.0000002,0.0000001
43121,0.0000812,0.0000002,0.0000001
43122,0.0000812,0.0000002,0.0000001
43123,0.0000812,0.0000002,0.0000001
43124,0.0000812,0.0000002,0.0000001
43125,0.0000812,0.0000002,0.0000001
43126,0.0000812,0.0000002,0.0000001
43127,0.0000812,0.0000002,0.0000001
43128,0.0000812,0.0000002,0.0000001
43129,0.0000812,0.0000002,0.0000001
43130,0.0000812,0.0000002,0.0000001
43131,0.0000812,0.0000002,0.0000001
43132,0.0000812,0.0000002,0.0000001
43133,0.0000812,0.0000002,0.0000001
43134,0.0000812,0.0000002,0.0000001
43135,0.0000812,0.0000002,0.0000001
43136,0.0000812,0.0000002,0.0000001
43137,0.0000812,0.0000002,0.0000001
43138,0.0000812,0.0000002,0.0000001
43139,0.0000812,0.0000002,0.0000001
43140,0.0000812,0.0000002,0.0000001
43141,0.0000812,0.0000002,0.0000001
43142,0.0000812,0.0000002,0.0000001
43143,0.0000812,0.0000002,0.0000001
43144,0.0000812,0.0000002,0.0000001
43145,0.0000812,0.0000002,0.0000001
43146,0.0000812,0.0000002,0.0000001
43147,0.0000811,0.0000002,0.0000001
43148,0.0000811,0.0000002,0.0000001
43149,0.0000811,0.0000002,0.0000001
43150,0.0000811,0.0000002,0.0000001
43151,0.0000811,0.0000002,0.0000001
43152,0.0000811,0.0000002,0.0000001
43153,0.0000811,0.0000002,0.0000001
43154,0.0000811,0.0000002,0.0000001
43155,0.0000811,0.0000002,0.0000001
43156,0.0000811,0.0000002,0.0000001
43157,0.0000811,0.0000002,0.0000001
43158,0.0000811,0.0000002,0.0000001
43159,0.0000811,0.0000002,0.0000001
43160,0.0000811,0.0000002,0.0000001
43161,0.0000811,0.0000002,0.0000001
43162,0.0000811,0.0000002,0.0000001
43163,0.0000811,0.0000002,0.0000001
43164,0.0000811,0.0000002,0.0000001
43165,0.0000811,0.0000002,0.0000001
43166,0.0000811,0.0000002,0.0000001
43167,0.0000811,0.0000002,0.0000001
43168,0.0000811,0.0000002,0.0000001
43169,0.0000811,0.0000002,0.0000001
43170,0.0000811,0.0000002,0.0000001
43171,0.0000811,0.0000002,0.0000001
43172,0.0000810,0.0000002,0.0000001
43173,0.0000810,0.0000002,0.0000001
43174,0.0000810,0.0000002,0.0000001
43175,0.0000810,0.0000002,0.0000001
43176,0.0000810,0.0000002,0.0000001
43177,0.0000810,0.0000002,0.0000001
43178,0.0000810,0.0000002,0.0000001
43179,0.0000810,0.0000002,0.0000001
43180,0.0000810,0.0000002,0.0000001
43181,0.0000810,0.0000002,0.0000001
43182,0.0000810,0.0000002,0.0000001
43183,0.0000810,0.0000002,0.0000001
43184,0.0000810,0.0000002,0.0000001
43185,0.0000810,0.0000002,0.0000001
43186,0.0000810,0.0000002,0.0000001
43187,0.0000810,0.0000002,0.0000001
43188,0.0000810,0.0000002,0.0000001
43189,0.0000810,0.0000002,0.0000001
43190,0.0000810,0.0000002,0.0000001
43191,0.0000810,0.0000002,0.0000001
43192,0.0000810,0.0000002,0.0000001
43193,0.0000810,0.0000002,0.0000001
43194,0.0000810,0.0000002,0.0000001
43195,0.0000810,0.0000002,0.0000001
43196,0.0000810,0.0000002,0.0000001
43197,0.0000810,0.0000002,0.0000001
43198,0.0000809,0.0000002,0.0000001
43199,0.0000809,0.0000002,0.0000001
43200,0.0000809,0.0000002,0.0000001
43201,0.0000809,0.0000002,0.0000001
43202,0.0000809,0.0000002,0.0000001
43203,0.0000809,0.0000002,0.0000001
43204,0.0000809,0.0000002,0.0000001
43205,0.0000809,0.0000002,0.0000001
43206,0.0000809,0.0000002,0.0000001
43207,0.0000809,0.0000002,0.0000001
43208,0.0000809,0.0000002,0.0000001
43209,0.0000809,0.0000002,0.0000001
43210,0.0000809,0.0000002,0.0000001
43211,0.0000809,0.0000002,0.0000001
43212,0.0000809,0.0000002,0.0000001
43213,0.0000809,0.0000002,0.0000001
43214,0.0000809,0.0000002,0.0000001
43215,0.0000809,0.0000002,0.0000001
43216,0.0000809,0.0000002,0.0000001
43217,0.0000809,0.0000002,0.0000001
43218,0.0000809,0.0000002,0.0000001
43219,0.0000809,0.0000002,0.0000001
43220,0.0000809,0.0000002,0.0000001
43221,0.0000809,0.0000002,0.0000001
43222,0.0000809,0.0000002,0.0000001
43223,0.0000809,0.0000002,0.0000001
43224,0.0000808,0.0000002,0.0000001
43225,0.0000808,0.0000002,0.0000001
43226,0.0000808,0.0000002,0.0000001
43227,0.0000808,0.0000002,0.0000001
43228,0.0000808,0.0000002,0.0000001
43229,0.0000808,0.0000002,0.0000001
43230,0.0000808,0.0000002,0.0000001
43231,0.0000808,0.0000002,0.0000001
43232,0.0000808,0.0000002,0.0000001
43233,0.0000808,0.0000002,0.0000001
43234,0.0000808,0.0000002,0.0000001
43235,0.0000808,0.0000002,0.0000001
43236,0.0000808,0.0000002,0.0000001
43237,0.0000808,0.0000002,0.0000001
43238,0.0000808,0.0000002,0.0000001
43239,0.0000808,0.0000002,0.0000001
43240,0.0000808,0.0000002,0.0000001
43241,0.0000808,0.0000002,0.0000001
43242,0.0000808,0.0000002,0.0000001
43243,0.0000808,0.0000002,0.0000001
43244,0.0000808,0.0000002,0.0000001
43245,0.0000808,0.0000002,0.0000001
43246,0.0000808,0.0000002,0.0000001
43247,0.0000808,0.0000002,0.0000001
43248,0.0000808,0.0000002,0.0000001
43249,0.0000808,0.0000002,0.0000001
43250,0.0000807,0.0000002,0.0000001
43251,0.0000807,0.0000002,0.0000001
43252,0.0000807,0.0000002,0.0000001
43253,0.0000807,0.0000002,0.0000001
43254,0.0000807,0.0000002,0.0000001
43255,0.0000807,0.0000002,0.0000001
43256,0.0000807,0.0000002,0.0000001
43257,0.0000807,0.0000002,0.0000001
43258,0.0000807,0.0000002,0.0000001
43259,0.0000807,0.0000002,0.0000001
43260,0.0000807,0.0000002,0.0000001
43261,0.0000807,0.0000002,0.0000001
43262,0.0000807,0.0000002,0.0000001
43263,0.0000807,0.0000002,0.0000001
43264,0.0000807,0.0000002,0.0000001
43265,0.0000807,0.0000002,0.0000001
43266,0.0000807,0.0000002,0.0000001
43267,0.0000807,0.0000002,0.0000001
43268,0.0000807,0.0000002,0.0000001
43269,0.0000807,0.0000002,0.0000001
43270,0.0000807,0.0000002,0.0000001
43271,0.0000807,0.0000002,0.0000001
43272,0.0000807,0.0000002,0.0000001
43273,0.0000807,0.0000002,0.0000001
43274,0.0000807,0.0000002,0.0000001
43275,0.0000807,0.0000002,0.0000001
43276,0.0000806,0.0000002,0.0000001
43277,0.0000806,0.0000002,0.0000001
43278,0.0000806,0.0000002,0.0000001
43279,0.0000806,0.0000002,0.0000001
43280,0.0000806,0.0000002,0.0000001
43281,0.0000806,0.0000002,0.0000001
43282,0.0000806,0.0000002,0.0000001
43283,0.0000806,0.0000002,0.0000001
43284,0.0000806,0.0000002,0.0000001
43285,0.0000806,0.0000002,0.0000001
43286,0.0000806,0.0000002,0.0000001
43287,0.0000806,0.0000002,0.0000001
43288,0.0000806,0.0000002,0.0000001
43289,0.0000806,0.0000002,0.0000001
43290,0.0000806,0.0000002,0.0000001
43291,0.0000806,0.0000002,0.0000001
43292,0.0000806,0.0000002,0.0000001
43293,0.0000806,0.0000002,0.0000001
43294,0.0000806,0.0000002,0.0000001
43295,0.0000806,0.0000002,0.0000001
43296,0.0000806,0.0000002,0.0000001
43297,0.0000806,0.0000002,0.0000001
43298,0.0000806,0.0000002,0.0000001
43299,0.0000806,0.0000002,0.0000001
43300,0.0000806,0.0000002,0.0000001
43301,0.0000806,0.0000002,0.0000001
43302,0.0000805,0.0000002,0.0000001
43303,0.0000805,0.0000002,0.0000001
43304,0.0000805,0.0000002,0.0000001
43305,0.0000805,0.0000002,0.0000001
43306,0.0000805,0.0000002,0.0000001
43307,0.0000805,0.0000002,0.0000001
43308,0.0000805,0.0000002,0.0000001
43309,0.0000805,0.0000002,0.0000001
43310,0.0000805,0.0000002,0.0000001
43311,0.0000805,0.0000002,0.0000001
43312,0.0000805,0.0000002,0.0000001
43313,0.0000805,0.0000002,0.0000001
43314,0.0000805,0.0000002,0.0000001
43315,0.0000805,0.0000002,0.0000001
43316,0.0000805,0.0000002,0.0000001
43317,0.0000805,0.0000002,0.0000001
43318,0.0000805,0.0000002,0.0000001
43319,0.0000805,0.0000002,0.0000001
43320,0.0000805,0.0000002,0.0000001
43321,0.0000805,0.0000002,0.0000001
43322,0.0000805,0.0000002,0.0000001
43323,0.0000805,0.0000002,0.0000001
43324,0.0000805,0.0000002,0.0000001
43325,0.0000805,0.0000002,0.0000001
43326,0.0000805,0.0000002,0.0000001
43327,0.0000805,0.0000002,0.0000001
43328,0.0000804,0.0000002,0.0000001
43329,0.0000804,0.0000002,0.0000001
43330,0.0000804,0.0000002,0.0000001
43331,0.0000804,0.0000002,0.0000001
43332,0.0000804,0.0000002,0.0000001
43333,0.0000804,0.0000002,0.0000001
43334,0.0000804,0.0000002,0.0000001
43335,0.0000804,0.0000002,0.0000001
43336,0.0000804,0.0000002,0.0000001
43337,0.0000804,0.0000002,0.0000001
43338,0.0000804,0.0000002,0.0000001
43339,0.0000804,0.0000002,0.0000001
43340,0.0000804,0.0000002,0.0000001
43341,0.0000804,0.0000002,0.0000001
43342,0.0000804,0.0000002,0.0000001
43343,0.0000804,0.0000002,0.0000001
43344,0.0000804,0.0000002,0.0000001
43345,0.0000804,0.0000002,0.0000001
43346,0.0000804,0.0000002,0.0000001
43347,0.0000804,0.0000002,0.0000001
43348,0.0000804,0.0000002,0.0000001
43349,0.0000804,0.0000002,0.0000001
43350,0.0000804,0.0000002,0.0000001
43351,0.0000804,0.0000002,0.0000001
43352,0.0000804,0.0000002,0.0000001
43353,0.0000804,0.0000002,0.0000001
43354,0.0000803,0.0000002,0.0000001
43355,0.0000803,0.0000002,0.0000001
43356,0.0000803,0.0000002,0.0000001
43357,0.0000803,0.0000002,0.0000001
43358,0.0000803,0.0000002,0.0000001
43359,0.0000803,0.0000002,0.0000001
43360,0.0000803,0.0000002,0.0000001
43361,0.0000803,0.0000002,0.0000001
43362,0.0000803,0.0000002,0.0000001
43363,0.0000803,0.0000002,0.0000001
43364,0.0000803,0.0000002,0.0000001
43365,0.0000803,0.0000002,0.0000001
43366,0.0000803,0.0000002,0.0000001
43367,0.0000803,0.0000002,0.0000001
43368,0.0000803,0.0000002,0.0000001
43369,0.0000803,0.0000002,0.0000001
43370,0.0000803,0.0000002,0.0000001
43371,0.0000803,0.0000002,0.0000001
43372,0.0000803,0.0000002,0.0000001
43373,0.0000803,0.0000002,0.0000001
43374,0.0000803,0.0000002,0.0000001
43375,0.0000803,0.0000002,0.0000001
43376,0.0000803,0.0000002,0.0000001
43377,0.0000803,0.0000002,0.0000001
43378,0.0000803,0.0000002,0.0000001
43379,0.0000803,0.0000002,0.0000001
43380,0.0000802,0.0000002,0.0000001
43381,0.0000802,0.0000002,0.0000001
43382,0.0000802,0.0000002,0.0000001
43383,0.0000802,0.0000002,0.0000001
43384,0.0000802,0.0000002,0.0000001
43385,0.0000802,0.0000002,0.0000001
43386,0.0000802,0.0000002,0.0000001
43387,0.0000802,0.0000002,0.0000001
43388,0.0000802,0.0000002,0.0000001
43389,0.0000802,0.0000002,0.0000001
43390,0.0000802,0.0000002,0.0000001
43391,0.0000802,0.0000002,0.0000001
43392,0.0000802,0.0000002,0.0000001
43393,0.0000802,0.0000002,0.0000001
43394,0.0000802,0.0000002,0.0000001
43395,0.0000802,0.0000002,0.0000001
43396,0.0000802,0.0000002,0.0000001
43397,0.0000802,0.0000002,0.0000001
43398,0.0000802,0.0000002,0.0000001
43399,0.0000802,0.0000002,0.0000001
43400,0.0000802,0.0000002,0.0000001
43401,0.0000802,0.0000002,0.0000001
43402,0.0000802,0.0000002,0.0000001
43403,0.0000802,0.0000002,0.0000001
43404,0.0000802,0.0000002,0.0000001
43405,0.0000802,0.0000002,0.0000001
43406,0.0000801,0.0000002,0.0000001
43407,0.0000801,0.0000002,0.0000001
43408,0.0000801,0.0000002,0.0000001
43409,0.0000801,0.0000002,0.0000001
43410,0.0000801,0.0000002,0.0000001
43411,0.0000801,0.0000002,0.0000001
43412,0.0000801,0.0000002,0.0000001
43413,0.0000801,0.0000002,0.0000001
43414,0.0000801,0.0000002,0.0000001
43415,0.0000801,0.0000002,0.0000001
43416,0.0000801,0.0000002,0.0000001
43417,0.0000801,0.0000002,0.0000001
43418,0.0000801,0.0000002,0.0000001
43419,0.0000801,0.0000002,0.0000001
43420,0.0000801,0.0000002,0.0000001
43421,0.0000801,0.0000002,0.0000001
43422,0.0000801,0.0000002,0.0000001
43423,0.0000801,0.0000002,0.0000001
43424,0.0000801,0.0000002,0.0000001
43425,0.0000801,0.0000002,0.0000001
43426,0.0000801,0.0000002,0.0000001
43427,0.0000801,0.0000002,0.0000001
43428,0.0000801,0.0000002,0.0000001
43429,0.0000801,0.0000002,0.0000001
43430,0.0000801,0.0000002,0.0000001
43431,0.0000801,0.0000002,0.0000001
43432,0.0000800,0.0000002,0.0000001
43433,0.0000800,0.0000002,0.0000001
43434,0.0000800,0.0000002,0.0000001
43435,0.0000800,0.0000002,0.0000001
43436,0.0000800,0.0000002,0.0000001
43437,0.0000800,0.0000002,0.0000001
43438,0.0000800,0.0000002,0.0000001
43439,0.0000800,0.0000002,0.0000001
43440,0.0000800,0.0000002,0.0000001
43441,0.0000800,0.0000002,0.0000001
43442,0.0000800,0.0000002,0.0000001
43443,0.0000800,0.0000002,0.0000001
43444,0.0000800,0.0000002,0.0000001
43445,0.0000800,0.0000002,0.0000001
43446,0.0000800,0.0000002,0.0000001
43447,0.0000800,0.0000002,0.0000001
43448,0.0000800,0.0000002,0.0000001
43449,0.0000800,0.0000002,0.0000001
43450,0.0000800,0.0000002,0.0000001
43451,0.0000800,0.0000002,0.0000001
43452,0.0000800,0.0000002,0.0000001
43453,0.0000800,0.0000002,0.0000001
43454,0.0000800,0.0000002,0.0000001
43455,0.0000800,0.0000002,0.0000001
43456,0.0000800,0.0000002,0.0000001
43457,0.0000800,0.0000002,0.0000001
43458,0.0000799,0.0000002,0.0000001
43459,0.0000799,0.0000002,0.0000001
43460,0.0000799,0.0000002,0.0000001
43461,0.0000799,0.0000002,0.0000001
43462,0.0000799,0.0000002,0.0000001
43463,0.0000799,0.0000002,0.0000001
43464,0.0000799,0.0000002,0.0000001
43465,0.0000799,0.0000002,0.0000001
43466,0.0000799,0.0000002,0.0000001
43467,0.0000799,0.0000002,0.0000001
43468,0.0000799,0.0000002,0.0000001
43469,0.0000799,0.0000002,0.0000001
43470,0.0000799,0.0000002,0.0000001
43471,0.0000799,0.0000002,0.0000001
43472,0.0000799,0.0000002,0.0000001
43473,0.0000799,0.0000002,0.0000001
43474,0.0000799,0.0000002,0.0000001
43475,0.0000799,0.0000002,0.0000001
43476,0.0000799,0.0000002,0.0000001
43477,0.0000799,0.0000002,0.0000001
43478,0.0000799,0.0000002,0.0000001
43479,0.0000799,0.0000002,0.0000001
43480,0.0000799,0.0000002,0.0000001
43481,0.0000799,0.0000002,0.0000001
43482,0.0000799,0.0000002,0.0000001
43483,0.0000799,0.0000002,0.0000001
43484,0.0000798,0.0000002,0.0000001
43485,0.0000798,0.0000002,0.0000001
43486,0.0000798,0.0000002,0.0000001
43487,0.0000798,0.0000002,0.0000001
43488,0.0000798,0.0000002,0.0000001
43489,0.0000798,0.0000002,0.0000001
43490,0.0000798,0.0000002,0.0000001
43491,0.0000798,0.0000002,0.0000001
43492,0.0000798,0.0000002,0.0000001
43493,0.0000798,0.0000002,0.0000001
43494,0.0000798,0.0000002,0.0000001
43495,0.0000798,0.0000002,0.0000001
43496,0.0000798,0.0000002,0.0000001
43497,0.0000798,0.0000002,0.0000001
43498,0.0000798,0.0000002,0.0000001
43499,0.0000798,0.0000002,0.0000001
43500,0.0000798,0.0000002,0.0000001
43501,0.0000798,0.0000002,0.0000001
43502,0.0000798,0.0000002,0.0000001
43503,0.0000798,0.0000002,0.0000001
43504,0.0000798,0.0000002,0.0000001
43505,0.0000798,0.0000002,0.0000001
43506,0.0000798,0.0000002,0.0000001
43507,0.0000798,0.0000002,0.0000001
43508,0.0000798,0.0000002,0.0000001
43509,0.0000798,0.0000002,0.0000001
43510,0.0000798,0.0000002,0.0000001
43511,0.0000797,0.0000002,0.0000001
43512,0.0000797,0.0000002,0.0000001
43513,0.0000797,0.0000002,0.0000001
43514,0.0000797,0.0000002,0.0000001
43515,0.0000797,0.0000002,0.0000001
43516,0.0000797,0.0000002,0.0000001
43517,0.0000797,0.0000002,0.0000001
43518,0.0000797,0.0000002,0.0000001
43519,0.0000797,0.0000002,0.0000001
43520,0.0000797,0.0000002,0.0000001
43521,0.0000797,0.0000002,0.0000001
43522,0.0000797,0.0000002,0.0000001
43523,0.0000797,0.0000002,0.0000001
43524,0.0000797,0.0000002,0.0000001
43525,0.0000797,0.0000002,0.0000001
43526,0.0000797,0.0000002,0.0000001
43527,0.0000797,0.0000002,0.0000001
43528,0.0000797,0.0000002,0.0000001
43529,0.0000797,0.0000002,0.0000001
43530,0.0000797,0.0000002,0.0000001
43531,0.0000797,0.0000002,0.0000001
43532,0.0000797,0.0000002,0.0000001
43533,0.0000797,0.0000002,0.0000001
43534,0.0000797,0.0000002,0.0000001
43535,0.0000797,0.0000002,0.0000001
43536,0.0000797,0.0000002,0.0000001
43537,0.0000796,0.0000002,0.0000001
43538,0.0000796,0.0000002,0.0000001
43539,0.0000796,0.0000002,0.0000001
43540,0.0000796,0.0000002,0.0000001
43541,0.0000796,0.0000002,0.0000001
43542,0.0000796,0.0000002,0.0000001
43543,0.0000796,0.0000002,0.0000001
43544,0.0000796,0.0000002,0.0000001
43545,0.0000796,0.0000002,0.0000001
43546,0.0000796,0.0000002,0.0000001
43547,0.0000796,0.0000002,0.0000001
43548,0.0000796,0.0000002,0.0000001
43549,0.0000796,0.0000002,0.0000001
43550,0.0000796,0.0000002,0.0000001
43551,0.0000796,0.0000002,0.0000001
43552,0.0000796,0.0000002,0.0000001
43553,0.0000796,0.0000002,0.0000001
43554,0.0000796,0.0000002,0.0000001
43555,0.0000796,0.0000002,0.0000001
43556,0.0000796,0.0000002,0.0000001
43557,0.0000796,0.0000002,0.0000001
43558,0.0000796,0.0000002,0.0000001
43559,0.0000796,0.0000002,0.0000001
43560,0.0000796,0.0000002,0.0000001
43561,0.0000796,0.0000002,0.0000001
43562,0.0000796,0.0000002,0.0000001
43563,0.0000796,0.0000002,0.0000001
43564,0.0000795,0.0000002,0.0000001
43565,0.0000795,0.0000002,0.0000001
43566,0.0000795,0.0000002,0.0000001
43567,0.0000795,0.0000002,0.0000001
43568,0.0000795,0.0000002,0.0000001
43569,0.0000795,0.0000002,0.0000001
43570,0.0000795,0.0000002,0.0000001
43571,0.0000795,0.0000002,0.0000001
43572,0.0000795,0.0000002,0.0000001
43573,0.0000795,0.0000002,0.0000001
43574,0.0000795,0.0000002,0.0000001
43575,0.0000795,0.0000002,0.0000001
43576,0.0000795,0.0000002,0.0000001
43577,0.0000795,0.0000002,0.0000001
43578,0.0000795,0.0000002,0.0000001
43579,0.0000795,0.0000002,0.0000001
43580,0.0000795,0.0000002,0.0000001
43581,0.0000795,0.0000002,0.0000001
43582,0.0000795,0.0000002,0.0000001
43583,0.0000795,0.0000002,0.0000001
43584,0.0000795,0.0000002,0.0000001
43585,0.0000795,0.0000002,0.0000001
43586,0.0000795,0.0000002,0.0000001
43587,0.0000795,0.0000002,0.0000001
43588,0.0000795,0.0000002,0.0000001
43589,0.0000795,0.0000002,0.0000001
43590,0.0000794,0.0000002,0.0000001
43591,0.0000794,0.0000002,0.0000001
43592,0.0000794,0.0000002,0.0000001
43593,0.0000794,0.0000002,0.0000001
43594,0.0000794,0.0000002,0.0000001
43595,0.0000794,0.0000002,0.0000001
43596,0.0000794,0.0000002,0.0000001
43597,0.0000794,0.0000002,0.0000001
43598,0.0000794,0.0000002,0.0000001
43599,0.0000794,0.0000002,0.0000001
43600,0.0000794,0.0000002,0.0000001
43601,0.0000794,0.0000002,0.0000001
43602,0.0000794,0.0000002,0.0000001
43603,0.0000794,0.0000002,0.0000001
43604,0.0000794,0.0000002,0.0000001
43605,0.0000794,0.0000002,0.0000001
43606,0.0000794,0.0000002,0.0000001
43607,0.0000794,0.0000002,0.0000001
43608,0.0000794,0.0000002,0.0000001
43609,0.0000794,0.0000002,0.0000001
43610,0.0000794,0.0000002,0.0000001
43611,0.0000794,0.0000002,0.0000001
43612,0.0000794,0.0000002,0.0000001
43613,0.0000794,0.0000002,0.0000001
43614,0.0000794,0.0000002,0.0000001
43615,0.0000794,0.0000002,0.0000001
43616,0.0000794,0.0000002,0.0000001
43617,0.0000793,0.0000002,0.0000001
43618,0.0000793,0.0000002,0.0000001
43619,0.0000793,0.0000002,0.0000001
43620,0.0000793,0.0000002,0.0000001
43621,0.0000793,0.0000002,0.0000001
43622,0.0000793,0.0000002,0.0000001
43623,0.0000793,0.0000002,0.0000001
43624,0.0000793,0.0000002,0.0000001
43625,0.0000793,0.0000002,0.0000001
43626,0.0000793,0.0000002,0.0000001
43627,0.0000793,0.0000002,0.0000001
43628,0.0000793,0.0000002,0.0000001
43629,0.0000793,0.0000002,0.0000001
43630,0.0000793,0.0000002,0.0000001
43631,0.0000793,0.0000002,0.0000001
43632,0.0000793,0.0000002,0.0000001
43633,0.0000793,0.0000002,0.0000001
43634,0.0000793,0.0000002,0.0000001
43635,0.0000793,0.0000002,0.0000001
43636,0.0000793,0.0000002,0.0000001
43637,0.0000793,0.0000002,0.0000001
43638,0.0000793,0.0000002,0.0000001
43639,0.0000793,0.0000002,0.0000001
43640,0.0000793,0.0000002,0.0000001
43641,0.0000793,0.0000002,0.0000001
43642,0.0000793,0.0000002,0.0000001
43643,0.0000793,0.0000002,0.0000001
43644,0.0000792,0.0000002,0.0000001
43645,0.0000792,0.0000002,0.0000001
43646,0.0000792,0.0000002,0.0000001
43647,0.0000792,0.0000002,0.0000001
43648,0.0000792,0.0000002,0.0000001
43649,0.0000792,0.0000002,0.0000001
43650,0.0000792,0.0000002,0.0000001
43651,0.0000792,0.0000002,0.0000001
43652,0.0000792,0.0000002,0.0000001
43653,0.0000792,0.0000002,0.0000001
43654,0.0000792,0.0000002,0.0000001
43655,0.0000792,0.0000002,0.0000001
43656,0.0000792,0.0000002,0.0000001
43657,0.0000792,0.0000002,0.0000001
43658,0.0000792,0.0000002,0.0000001
43659,0.0000792,0.0000002,0.0000001
43660,0.0000792,0.0000002,0.0000001
43661,0.0000792,0.0000002,0.0000001
43662,0.0000792,0.0000002,0.0000001
43663,0.0000792,0.0000002,0.0000001
43664,0.0000792,0.0000002,0.0000001
43665,0.0000792,0.0000002,0.0000001
43666,0.0000792,0.0000002,0.0000001
43667,0.0000792,0.0000002,0.0000001
43668,0.0000792,0.0000002,0.0000001
43669,0.0000792,0.0000002,0.0000001
43670,0.0000792,0.0000002,0.0000001
43671,0.0000791,0.0000002,0.0000001
43672,0.0000791,0.0000002,0.0000001
43673,0.0000791,0.0000002,0.0000001
43674,0.0000791,0.0000002,0.0000001
43675,0.0000791,0.0000002,0.0000001
43676,0.0000791,0.0000002,0.0000001
43677,0.0000791,0.0000002,0.0000001
43678,0.0000791,0.0000002,0.0000001
43679,0.0000791,0.0000002,0.0000001
43680,0.0000791,0.0000002,0.0000001
43681,0.0000791,0.0000002,0.0000001
43682,0.0000791,0.0000002,0.0000001
43683,0.0000791,0.0000002,0.0000001
43684,0.0000791,0.0000002,0.0000001
43685,0.0000791,0.0000002,0.0000001
43686,0.0000791,0.0000002,0.0000001
43687,0.0000791,0.0000002,0.0000001
43688,0.0000791,0.0000002,0.0000001
43689,0.0000791,0.0000002,0.0000001
43690,0.0000791,0.0000002,0.0000001
43691,0.0000791,0.0000002,0.0000001
43692,0.0000791,0.0000002,0.0000001
43693,0.0000791,0.0000002,0.0000001
43694,0.0000791,0.0000002,0.0000001
43695,0.0000791,0.0000002,0.0000001
43696,0.0000791,0.0000002,0.0000001
43697,0.0000791,0.0000002,0.0000001
43698,0.0000790,0.0000002,0.0000001
43699,0.0000790,0.0000002,0.0000001
43700,0.0000790,0.0000002,0.0000001
43701,0.0000790,0.0000002,0.0000001
43702,0.0000790,0.0000002,0.0000001
43703,0.0000790,0.0000002,0.0000001
43704,0.0000790,0.0000002,0.0000001
43705,0.0000790,0.0000002,0.0000001
43706,0.0000790,0.0000002,0.0000001
43707,0.0000790,0.0000002,0.0000001
43708,0.0000790,0.0000002,0.0000001
43709,0.0000790,0.0000002,0.0000001
43710,0.0000790,0.0000002,0.0000001
43711,0.0000790,0.0000002,0.0000001
43712,0.0000790,0.0000002,0.0000001
43713,0.0000790,0.0000002,0.0000001
43714,0.0000790,0.0000002,0.0000001
43715,0.0000790,0.0000002,0.0000001
43716,0.0000790,0.0000002,0.0000001
43717,0.0000790,0.0000002,0.0000001
43718,0.0000790,0.0000002,0.0000001
43719,0.0000790,0.0000002,0.0000001
43720,0.0000790,0.0000002,0.0000001
43721,0.0000790,0.0000002,0.0000001
43722,0.0000790,0.0000002,0.0000001
43723,0.0000790,0.0000002,0.0000001
43724,0.0000790,0.0000002,0.0000001
43725,0.0000789,0.0000002,0.0000001
43726,0.0000789,0.0000002,0.0000001
43727,0.0000789,0.0000002,0.0000001
43728,0.0000789,0.0000002,0.0000001
43729,0.0000789,0.0000002,0.0000001
43730,0.0000789,0.0000002,0.0000001
43731,0.0000789,0.0000002,0.0000001
43732,0.0000789,0.0000002,0.0000001
43733,0.0000789,0.0000002,0.0000001
43734,0.0000789,0.0000002,0.0000001
43735,0.0000789,0.0000002,0.0000001
43736,0.0000789,0.0000002,0.0000001
43737,0.0000789,0.0000002,0.0000001
43738,0.0000789,0.0000002,0.0000001
43739,0.0000789,0.0000002,0.0000001
43740,0.0000789,0.0000002,0.0000001
43741,0.0000789,0.0000002,0.0000001
43742,0.0000789,0.0000002,0.0000001
43743,0.0000789,0.0000002,0.0000001
43744,0.0000789,0.0000002,0.0000001
43745,0.0000789,0.0000002,0.0000001
43746,0.0000789,0.0000002,0.0000001
43747,0.0000789,0.0000002,0.0000001
43748,0.0000789,0.0000002,0.0000001
43749,0.0000789,0.0000002,0.0000001
43750,0.0000789,0.0000002,0.0000001
43751,0.0000789,0.0000002,0.0000001
43752,0.0000788,0.0000002,0.0000001
43753,0.0000788,0.0000002,0.0000001
43754,0.0000788,0.0000002,0.0000001
43755,0.0000788,0.0000002,0.0000001
43756,0.0000788,0.0000002,0.0000001
43757,0.0000788,0.0000002,0.0000001
43758,0.0000788,0.0000002,0.0000001
43759,0.0000788,0.0000002,0.0000001
43760,0.0000788,0.0000002,0.0000001
43761,0.0000788,0.0000002,0.0000001
43762,0.0000788,0.0000002,0.0000001
43763,0.0000788,0.0000002,0.0000001
43764,0.0000788,0.0000002,0.0000001
43765,0.0000788,0.0000002,0.0000001
43766,0.0000788,0.0000002,0.0000001
43767,0.0000788,0.0000002,0.0000001
43768,0.0000788,0.0000002,0.0000001
43769,0.0000788,0.0000002,0.0000001
43770,0.0000788,0.0000002,0.0000001
43771,0.0000788,0.0000002,0.0000001
43772,0.0000788,0.0000002,0.0000001
43773,0.0000788,0.0000002,0.0000001
43774,0.0000788,0.0000002,0.0000001
43775,0.0000788,0.0000002,0.0000001
43776,0.0000788,0.0000002,0.0000001
43777,0.0000788,0.0000002,0.0000001
43778,0.0000788,0.0000002,0.0000001
43779,0.0000787,0.0000002,0.0000001
43780,0.0000787,0.0000002,0.0000001
43781,0.0000787,0.0000002,0.0000001
43782,0.0000787,0.0000002,0.0000001
43783,0.0000787,0.0000002,0.0000001
43784,0.0000787,0.0000002,0.0000001
43785,0.0000787,0.0000002,0.0000001
43786,0.0000787,0.0000002,0.0000001
43787,0.0000787,0.0000002,0.0000001
43788,0.0000787,0.0000002,0.0000001
43789,0.0000787,0.0000002,0.0000001
43790,0.0000787,0.0000002,0.0000001
43791,0.0000787,0.0000002,0.0000001
43792,0.0000787,0.0000002,0.0000001
43793,0.0000787,0.0000002,0.0000001
43794,0.0000787,0.0000002,0.0000001
43795,0.0000787,0.0000002,0.0000001
43796,0.0000787,0.0000002,0.0000001
43797,0.0000787,0.0000002,0.0000001
43798,0.0000787,0.0000002,0.0000001
43799,0.0000787,0.0000002,0.0000001
43800,0.0000787,0.0000002,0.0000001
43801,0.0000787,0.0000002,0.0000001
43802,0.0000787,0.0000002,0.0000001
43803,0.0000787,0.0000002,0.0000001
43804,0.0000787,0.0000002,0.0000001
43805,0.0000787,0.0000002,0.0000001
43806,0.0000787,0.0000002,0.0000001
43807,0.0000786,0.0000002,0.0000001
43808,0.0000786,0.0000002,0.0000001
43809,0.0000786,0.0000002,0.0000001
43810,0.0000786,0.0000002,0.0000001
43811,0.0000786,0.0000002,0.0000001
43812,0.0000786,0.0000002,0.0000001
43813,0.0000786,0.0000002,0.0000001
43814,0.0000786,0.0000002,0.0000001
43815,0.0000786,0.0000002,0.0000001
43816,0.0000786,0.0000002,0.0000001
43817,0.0000786,0.0000002,0.0000001
43818,0.0000786,0.0000002,0.0000001
43819,0.0000786,0.0000002,0.0000001
43820,0.0000786,0.0000002,0.0000001
43821,0.0000786,0.0000002,0.0000001
43822,0.0000786,0.0000002,0.0000001
43823,0.0000786,0.0000002,0.0000001
43824,0.0000786,0.0000002,0.0000001
43825,0.0000786,0.0000002,0.0000001
43826,0.0000786,0.0000002,0.0000001
43827,0.0000786,0.0000002,0.0000001
43828,0.0000786,0.0000002,0.0000001
43829,0.0000786,0.0000002,0.0000001
43830,0.0000786,0.0000002,0.0000001
43831,0.0000786,0.0000002,0.0000001
43832,0.0000786,0.0000002,0.0000001
43833,0.0000786,0.0000002,0.0000001
43834,0.0000785,0.0000002,0.0000001
43835,0.0000785,0.0000002,0.0000001
43836,0.0000785,0.0000002,0.0000001
43837,0.0000785,0.0000002,0.0000001
43838,0.0000785,0.0000002,0.0000001
43839,0.0000785,0.0000002,0.0000001
43840,0.0000785,0.0000002,0.0000001
43841,0.0000785,0.0000002,0.0000001
43842,0.0000785,0.0000002,0.0000001
43843,0.0000785,0.0000002,0.0000001
43844,0.0000785,0.0000002,0.0000001
43845,0.0000785,0.0000002,0.0000001
43846,0.0000785,0.0000002,0.0000001
43847,0.0000785,0.0000002,0.0000001
43848,0.0000785,0.0000002,0.0000001
43849,0.0000785,0.0000002,0.0000001
43850,0.0000785,0.0000002,0.0000001
43851,0.0000785,0.0000002,0.0000001
43852,0.0000785,0.0000002,0.0000001
43853,0.0000785,0.0000002,0.0000001
43854,0.0000785,0.0000002,0.0000001
43855,0.0000785,0.0000002,0.0000001
43856,0.0000785,0.0000002,0.0000001
43857,0.0000785,0.0000002,0.0000001
43858,0.0000785,0.0000002,0.0000001
43859,0.0000785,0.0000002,0.0000001
43860,0.0000785,0.0000002,0.0000001
43861,0.0000785,0.0000002,0.0000001
43862,0.0000784,0.0000002,0.0000001
43863,0.0000784,0.0000002,0.0000001
43864,0.0000784,0.0000002,0.0000001
43865,0.0000784,0.0000002,0.0000001
43866,0.0000784,0.0000002,0.0000001
43867,0.0000784,0.0000002,0.0000001
43868,0.0000784,0.0000002,0.0000001
43869,0.0000784,0.0000002,0.0000001
43870,0.0000784,0.0000002,0.0000001
43871,0.0000784,0.0000002,0.0000001
43872,0.0000784,0.0000002,0.0000001
43873,0.0000784,0.0000002,0.0000001
43874,0.0000784,0.0000002,0.0000001
43875,0.0000784,0.0000002,0.0000001
43876,0.0000784,0.0000002,0.0000001
43877,0.0000784,0.0000002,0.0000001
43878,0.0000784,0.0000002,0.0000001
43879,0.0000784,0.0000002,0.0000001
43880,0.0000784,0.0000002,0.0000001
43881,0.0000784,0.0000002,0.0000001
43882,0.0000784,0.0000002,0.0000001
43883,0.0000784,0.0000002,0.0000001
43884,0.0000784,0.0000002,0.0000001
43885,0.0000784,0.0000002,0.0000001
43886,0.0000784,0.0000002,0.0000001
43887,0.0000784,0.0000002,0.0000001
43888,0.0000784,0.0000002,0.0000001
43889,0.0000784,0.0000002,0.0000001
43890,0.0000783,0.0000002,0.0000001
43891,0.0000783,0.0000002,0.0000001
43892,0.0000783,0.0000002,0.0000001
43893,0.0000783,0.0000002,0.0000001
43894,0.0000783,0.0000002,0.0000001
43895,0.0000783,0.0000002,0.0000001
43896,0.0000783,0.0000002,0.0000001
43897,0.0000783,0.0000002,0.0000001
43898,0.0000783,0.0000002,0.0000001
43899,0.0000783,0.0000002,0.0000001
43900,0.0000783,0.0000002,0.0000001
43901,0.0000783,0.0000002,0.0000001
43902,0.0000783,0.0000002,0.0000001
43903,0.0000783,0.0000002,0.0000001
43904,0.0000783,0.0000002,0.0000001
43905,0.0000783,0.0000002,0.0000001
43906,0.0000783,0.0000002,0.0000001
43907,0.0000783,0.0000002,0.0000001
43908,0.0000783,0.0000002,0.0000001
43909,0.0000783,0.0000002,0.0000001
43910,0.0000783,0.0000002,0.0000001
43911,0.0000783,0.0000002,0.0000001
43912,0.0000783,0.0000002,0.0000001
43913,0.0000783,0.0000002,0.0000001
43914,0.0000783,0.0000002,0.0000001
43915,0.0000783,0.0000002,0.0000001
43916,0.0000783,0.0000002,0.0000001
43917,0.0000783,0.0000002,0.0000001
43918,0.0000782,0.0000002,0.0000001
43919,0.0000782,0.0000002,0.0000001
43920,0.0000782,0.0000002,0.0000001
43921,0.0000782,0.0000002,0.0000001
43922,0.0000782,0.0000002,0.0000001
43923,0.0000782,0.0000002,0.0000001
43924,0.0000782,0.0000002,0.0000001
43925,0.0000782,0.0000002,0.0000001
43926,0.0000782,0.0000002,0.0000001
43927,0.0000782,0.0000002,0.0000001
43928,0.0000782,0.0000002,0.0000001
43929,0.0000782,0.0000002,0.0000001
43930,0.0000782,0.0000002,0.0000001
43931,0.0000782,0.0000002,0.0000001
43932,0.0000782,0.0000002,0.0000001
43933,0.0000782,0.0000002,0.0000001
43934,0.0000782,0.0000002,0.0000001
43935,0.0000782,0.0000002,0.0000001
43936,0.0000782,0.0000002,0.0000001
43937,0.0000782,0.0000002,0.0000001
43938,0.0000782,0.0000002,0.0000001
43939,0.0000782,0.0000002,0.0000001
43940,0.0000782,0.0000002,0.0000001
43941,0.0000782,0.0000002,0.0000001
43942,0.0000782,0.0000002,0.0000001
43943,0.0000782,0.0000002,0.0000001
43944,0.0000782,0.0000002,0.0000001
43945,0.0000782,0.0000002,0.0000001
43946,0.0000781,0.0000002,0.0000001
43947,0.0000781,0.0000002,0.0000001
43948,0.0000781,0.0000002,0.0000001
43949,0.0000781,0.0000002,0.0000001
43950,0.0000781,0.0000002,0.0000001
43951,0.0000781,0.0000002,0.0000001
43952,0.0000781,0.0000002,0.0000001
43953,0.0000781,0.0000002,0.0000001
43954,0.0000781,0.0000002,0.0000001
43955,0.0000781,0.0000002,0.0000001
43956,0.0000781,0.0000002,0.0000001
43957,0.0000781,0.0000002,0.0000001
43958,0.0000781,0.0000002,0.0000001
43959,0.0000781,0.0000002,0.0000001
43960,0.0000781,0.0000002,0.0000001
43961,0.0000781,0.0000002,0.0000001
43962,0.0000781,0.0000002,0.0000001
43963,0.0000781,0.0000002,0.0000001
43964,0.0000781,0.0000002,0.0000001
43965,0.0000781,0.0000002,0.0000001
43966,0.0000781,0.0000002,0.0000001
43967,0.0000781,0.0000002,0.0000001
43968,0.0000781,0.0000002,0.0000001
43969,0.0000781,0.0000002,0.0000001
43970,0.0000781,0.0000002,0.0000001
43971,0.0000781,0.0000002,0.0000001
43972,0.0000781,0.0000002,0.0000001
43973,0.0000781,0.0000002,0.0000001
43974,0.0000780,0.0000002,0.0000001
43975,0.0000780,0.0000002,0.0000001
43976,0.0000780,0.0000002,0.0000001
43977,0.0000780,0.0000002,0.0000001
43978,0.0000780,0.0000002,0.0000001
43979,0.0000780,0.0000002,0.0000001
43980,0.0000780,0.0000002,0.0000001
43981,0.0000780,0.0000002,0.0000001
43982,0.0000780,0.0000002,0.0000001
43983,0.0000780,0.0000002,0.0000001
43984,0.0000780,0.0000002,0.0000001
43985,0.0000780,0.0000002,0.0000001
43986,0.0000780,0.0000002,0.0000001
43987,0.0000780,0.0000002,0.0000001
43988,0.0000780,0.0000002,0.0000001
43989,0.0000780,0.0000002,0.0000001
43990,0.0000780,0.0000002,0.0000001
43991,0.0000780,0.0000002,0.0000001
43992,0.0000780,0.0000002,0.0000001
43993,0.0000780,0.0000002,0.0000001
43994,0.0000780,0.0000002,0.0000001
43995,0.0000780,0.0000002,0.0000001
43996,0.0000780,0.0000002,0.0000001
43997,0.0000780,0.0000002,0.0000001
43998,0.0000780,0.0000002,0.0000001
43999,0.0000780,0.0000002,0.0000001
44000,0.0000780,0.0000002,0.0000001
44001,0.0000780,0.0000002,0.0000001
44002,0.0000779,0.0000002,0.0000001
44003,0.0000779,0.0000002,0.0000001
44004,0.0000779,0.0000002,0.0000001
44005,0.0000779,0.0000002,0.0000001
44006,0.0000779,0.0000002,0.0000001
44007,0.0000779,0.0000002,0.0000001
44008,0.0000779,0.0000002,0.0000001
44009,0.0000779,0.0000002,0.0000001
44010,0.0000779,0.0000002,0.0000001
44011,0.0000779,0.0000002,0.0000001
44012,0.0000779,0.0000002,0.0000001
44013,0.0000779,0.0000002,0.0000001
44014,0.0000779,0.0000002,0.0000001
44015,0.0000779,0.0000002,0.0000001
44016,0.0000779,0.0000002,0.0000001
44017,0.0000779,0.0000002,0.0000001
44018,0.0000779,0.0000002,0.0000001
44019,0.0000779,0.0000002,0.0000001
44020,0.0000779,0.0000002,0.0000001
44021,0.0000779,0.0000002,0.0000001
44022,0.0000779,0.0000002,0.0000001
44023,0.0000779,0.0000002,0.0000001
44024,0.0000779,0.0000002,0.0000001
44025,0.0000779,0.0000002,0.0000001
44026,0.0000779,0.0000002,0.0000001
44027,0.0000779,0.0000002,0.0000001
44028,0.0000779,0.0000002,0.0000001
44029,0.0000779,0.0000002,0.0000001
44030,0.0000779,0.0000002,0.0000001
44031,0.0000778,0.0000002,0.0000001
44032,0.0000778,0.0000002,0.0000001
44033,0.0000778,0.0000002,0.0000001
44034,0.0000778,0.0000002,0.0000001
44035,0.0000778,0.0000002,0.0000001
44036,0.0000778,0.0000002,0.0000001
44037,0.0000778,0.0000002,0.0000001
44038,0.0000778,0.0000002,0.0000001
44039,0.0000778,0.0000002,0.0000001
44040,0.0000778,0.0000002,0.0000001
44041,0.0000778,0.0000002,0.0000001
44042,0.0000778,0.0000002,0.0000001
44043,0.0000778,0.0000002,0.0000001
44044,0.0000778,0.0000002,0.0000001
44045,0.0000778,0.0000002,0.0000001
44046,0.0000778,0.0000002,0.0000001
44047,0.0000778,0.0000002,0.0000001
44048,0.0000778,0.0000002,0.0000001
44049,0.0000778,0.0000002,0.0000001
44050,0.0000778,0.0000002,0.0000001
44051,0.0000778,0.0000002,0.0000001
44052,0.0000778,0.0000002,0.0000001
44053,0.0000778,0.0000002,0.0000001
44054,0.0000778,0.0000002,0.0000001
44055,0.0000778,0.0000002,0.0000001
44056,0.0000778,0.0000002,0.0000001
44057,0.0000778,0.0000002,0.0000001
44058,0.0000778,0.0000002,0.0000001
44059,0.0000777,0.0000002,0.0000001
44060,0.0000777,0.0000002,0.0000001
44061,0.0000777,0.0000002,0.0000001
44062,0.0000777,0.0000002,0.0000001
44063,0.0000777,0.0000002,0.0000001
44064,0.0000777,0.0000002,0.0000001
44065,0.0000777,0.0000002,0.0000001
44066,0.0000777,0.0000002,0.0000001
44067,0.0000777,0.0000002,0.0000001
44068,0.0000777,0.0000002,0.0000001
44069,0.0000777,0.0000002,0.0000001
44070,0.0000777,0.0000002,0.0000001
44071,0.0000777,0.0000002,0.0000001
44072,0.0000777,0.0000002,0.0000001
44073,0.0000777,0.0000002,0.0000001
44074,0.0000777,0.0000002,0.0000001
44075,0.0000777,0.0000002,0.0000001
44076,0.0000777,0.0000002,0.0000001
44077,0.0000777,0.0000002,0.0000001
44078,0.0000777,0.0000002,0.0000001
44079,0.0000777,0.0000002,0.0000001
44080,0.0000777,0.0000002,0.0000001
44081,0.0000777,0.0000002,0.0000001
44082,0.0000777,0.0000002,0.0000001
44083,0.0000777,0.0000002,0.0000001
44084,0.0000777,0.0000002,0.0000001
44085,0.0000777,0.0000002,0.0000001
44086,0.0000777,0.0000002,0.0000001
44087,0.0000777,0.0000002,0.0000001
44088,0.0000776,0.0000002,0.0000001
44089,0.0000776,0.0000002,0.0000001
44090,0.0000776,0.0000002,0.0000001
44091,0.0000776,0.0000002,0.0000001
44092,0.0000776,0.0000002,0.0000001
44093,0.0000776,0.0000002,0.0000001
44094,0.0000776,0.0000002,0.0000001
44095,0.0000776,0.0000002,0.0000001
44096,0.0000776,0.0000002,0.0000001
44097,0.0000776,0.0000002,0.0000001
44098,0.0000776,0.0000002,0.0000001
44099,0.0000776,0.0000002,0.0000001
44100,0.0000776,0.0000002,0.0000001
44101,0.0000776,0.0000002,0.0000001
44102,0.0000776,0.0000002,0.0000001
44103,0.0000776,0.0000002,0.0000001
44104,0.0000776,0.0000002,0.0000001
44105,0.0000776,0.0000002,0.0000001
44106,0.0000776,0.0000002,0.0000001
44107,0.0000776,0.0000002,0.0000001
44108,0.0000776,0.0000002,0.0000001
44109,0.0000776,0.0000002,0.0000001
44110,0.0000776,0.0000002,0.0000001
44111,0.0000776,0.0000002,0.0000001
44112,0.0000776,0.0000002,0.0000001
44113,0.0000776,0.0000002,0.0000001
44114,0.0000776,0.0000002,0.0000001
44115,0.0000776,0.0000002,0.0000001
44116,0.0000776,0.0000002,0.0000001
44117,0.0000775,0.0000002,0.0000001
44118,0.0000775,0.0000002,0.0000001
44119,0.0000775,0.0000002,0.0000001
44120,0.0000775,0.0000002,0.0000001
44121,0.0000775,0.0000002,0.0000001
44122,0.0000775,0.0000002,0.0000001
44123,0.0000775,0.0000002,0.0000001
44124,0.0000775,0.0000002,0.0000001
44125,0.0000775,0.0000002,0.0000001
44126,0.0000775,0.0000002,0.0000001
44127,0.0000775,0.0000002,0.0000001
44128,0.0000775,0.0000002,0.0000001
44129,0.0000775,0.0000002,0.0000001
44130,0.0000775,0.0000002,0.0000001
44131,0.0000775,0.0000002,0.0000001
44132,0.0000775,0.0000002,0.0000001
44133,0.0000775,0.0000002,0.0000001
44134,0.0000775,0.0000002,0.0000001
44135,0.0000775,0.0000002,0.0000001
44136,0.0000775,0.0000002,0.0000001
44137,0.0000775,0.0000002,0.0000001
44138,0.0000775,0.0000002,0.0000001
44139,0.0000775,0.0000002,0.0000001
44140,0.0000775,0.0000002,0.0000001
44141,0.0000775,0.0000002,0.0000001
44142,0.0000775,0.0000002,0.0000001
44143,0.0000775,0.0000002,0.0000001
44144,0.0000775,0.0000002,0.0000001
44145,0.0000775,0.0000002,0.0000001
44146,0.0000774,0.0000002,0.0000001
44147,0.0000774,0.0000002,0.0000001
44148,0.0000774,0.0000002,0.0000001
44149,0.0000774,0.0000002,0.0000001
44150,0.0000774,0.0000002,0.0000001
44151,0.0000774,0.0000002,0.0000001
44152,0.0000774,0.0000002,0.0000001
44153,0.0000774,0.0000002,0.0000001
44154,0.0000774,0.0000002,0.0000001
44155,0.0000774,0.0000002,0.0000001
44156,0.0000774,0.0000002,0.0000001
44157,0.0000774,0.0000002,0.0000001
44158,0.0000774,0.0000002,0.0000001
44159,0.0000774,0.0000002,0.0000001
44160,0.0000774,0.0000002,0.0000001
44161,0.0000774,0.0000002,0.0000001
44162,0.0000774,0.0000002,0.0000001
44163,0.0000774,0.0000002,0.0000001
44164,0.0000774,0.0000002,0.0000001
44165,0.0000774,0.0000002,0.0000001
44166,0.0000774,0.0000002,0.0000001
44167,0.0000774,0.0000002,0.0000001
44168,0.0000774,0.0000002,0.0000001
44169,0.0000774,0.0000002,0.0000001
44170,0.0000774,0.0000002,0.0000001
44171,0.0000774,0.0000002,0.0000001
44172,0.0000774,0.0000002,0.0000001
44173,0.0000774,0.0000002,0.0000001
44174,0.0000774,0.0000002,0.0000001
44175,0.0000773,0.0000002,0.0000001
44176,0.0000773,0.0000002,0.0000001
44177,0.0000773,0.0000002,0.0000001
44178,0.0000773,0.0000002,0.0000001
44179,0.0000773,0.0000002,0.0000001
44180,0.0000773,0.0000002,0.0000001
44181,0.0000773,0.0000002,0.0000001
44182,0.0000773,0.0000002,0.0000001
44183,0.0000773,0.0000002,0.0000001
44184,0.0000773,0.0000002,0.0000001
44185,0.0000773,0.0000002,0.0000001
44186,0.0000773,0.0000002,0.0000001
44187,0.0000773,0.0000002,0.0000001
44188,0.0000773,0.0000002,0.0000001
44189,0.0000773,0.0000002,0.0000001
44190,0.0000773,0.0000002,0.0000001
44191,0.0000773,0.0000002,0.0000001
44192,0.0000773,0.0000002,0.0000001
44193,0.0000773,0.0000002,0.0000001
44194,0.0000773,0.0000002,0.0000001
44195,0.0000773,0.0000002,0.0000001
44196,0.0000773,0.0000002,0.0000001
44197,0.0000773,0.0000002,0.0000001
44198,0.0000773,0.0000002,0.0000001
44199,0.0000773,0.0000002,0.0000001
44200,0.0000773,0.0000002,0.0000001
44201,0.0000773,0.0000002,0.0000001
44202,0.0000773,0.0000002,0.0000001
44203,0.0000773,0.0000002,0.0000001
44204,0.0000773,0.0000002,0.0000001
44205,0.0000772,0.0000002,0.0000001
44206,0.0000772,0.0000002,0.0000001
44207,0.0000772,0.0000002,0.0000001
44208,0.0000772,0.0000002,0.0000001
44209,0.0000772,0.0000002,0.0000001
44210,0.0000772,0.0000002,0.0000001
44211,0.0000772,0.0000002,0.0000001
44212,0.0000772,0.0000002,0.0000001
44213,0.0000772,0.0000002,0.0000001
44214,0.0000772,0.0000002,0.0000001
44215,0.0000772,0.0000002,0.0000001
44216,0.0000772,0.0000002,0.0000001
44217,0.0000772,0.0000002,0.0000001
44218,0.0000772,0.0000002,0.0000001
44219,0.0000772,0.0000002,0.0000001
44220,0.0000772,0.0000002,0.0000001
44221,0.0000772,0.0000002,0.0000001
44222,0.0000772,0.0000002,0.0000001
44223,0.0000772,0.0000002,0.0000001
44224,0.0000772,0.0000002,0.0000001
44225,0.0000772,0.0000002,0.0000001
44226,0.0000772,0.0000002,0.0000001
44227,0.0000772,0.0000002,0.0000001
44228,0.0000772,0.0000002,0.0000001
44229,0.0000772,0.0000002,0.0000001
44230,0.0000772,0.0000002,0.0000001
44231,0.0000772,0.0000002,0.0000001
44232,0.0000772,0.0000002,0.0000001
44233,0.0000772,0.0000002,0.0000001
44234,0.0000771,0.0000002,0.0000001
44235,0.0000771,0.0000002,0.0000001
44236,0.0000771,0.0000002,0.0000001
44237,0.0000771,0.0000002,0.0000001
44238,0.0000771,0.0000002,0.0000001
44239,0.0000771,0.0000002,0.0000001
44240,0.0000771,0.0000002,0.0000001
44241,0.0000771,0.0000002,0.0000001
44242,0.0000771,0.0000002,0.0000001
44243,0.0000771,0.0000002,0.0000001
44244,0.0000771,0.0000002,0.0000001
44245,0.0000771,0.0000002,0.0000001
44246,0.0000771,0.0000002,0.0000001
44247,0.0000771,0.0000002,0.0000001
44248,0.0000771,0.0000002,0.0000001
44249,0.0000771,0.0000002,0.0000001
44250,0.0000771,0.0000002,0.0000001
44251,0.0000771,0.0000002,0.0000001
44252,0.0000771,0.0000002,0.0000001
44253,0.0000771,0.0000002,0.0000001
44254,0.0000771,0.0000002,0.0000001
44255,0.0000771,0.0000002,0.0000001
44256,0.0000771,0.0000002,0.0000001
44257,0.0000771,0.0000002,0.0000001
44258,0.0000771,0.0000002,0.0000001
44259,0.0000771,0.0000002,0.0000001
44260,0.0000771,0.0000002,0.0000001
44261,0.0000771,0.0000002,0.0000001
44262,0.0000771,0.0000002,0.0000001
44263,0.0000771,0.0000002,0.0000001
44264,0.0000770,0.0000002,0.0000001
44265,0.0000770,0.0000002,0.0000001
44266,0.0000770,0.0000002,0.0000001
44267,0.0000770,0.0000002,0.0000001
44268,0.0000770,0.0000002,0.0000001
44269,0.0000770,0.0000002,0.0000001
44270,0.0000770,0.0000002,0.0000001
44271,0.0000770,0.0000002,0.0000001
44272,0.0000770,0.0000002,0.0000001
44273,0.0000770,0.0000002,0.0000001
44274,0.0000770,0.0000002,0.0000001
44275,0.0000770,0.0000002,0.0000001
44276,0.0000770,0.0000002,0.0000001
44277,0.0000770,0.0000002,0.0000001
44278,0.0000770,0.0000002,0.0000001
44279,0.0000770,0.0000002,0.0000001
44280,0.0000770,0.0000002,0.0000001
44281,0.0000770,0.0000002,0.0000001
44282,0.0000770,0.0000002,0.0000001
44283,0.0000770,0.0000002,0.0000001
44284,0.0000770,0.0000002,0.0000001
44285,0.0000770,0.0000002,0.0000001
44286,0.0000770,0.0000002,0.0000001
44287,0.0000770,0.0000002,0.0000001
44288,0.0000770,0.0000002,0.0000001
44289,0.0000770,0.0000002,0.0000001
44290,0.0000770,0.0000002,0.0000001
44291,0.0000770,0.0000002,0.0000001
44292,0.0000770,0.0000002,0.0000001
44293,0.0000769,0.0000002,0.0000001
44294,0.0000769,0.0000002,0.0000001
44295,0.0000769,0.0000002,0.0000001
44296,0.0000769,0.0000002,0.0000001
44297,0.0000769,0.0000002,0.0000001
44298,0.0000769,0.0000002,0.0000001
44299,0.0000769,0.0000002,0.0000001
44300,0.0000769,0.0000002,0.0000001
44301,0.0000769,0.0000002,0.0000001
44302,0.0000769,0.0000002,0.0000001
44303,0.0000769,0.0000002,0.0000001
44304,0.0000769,0.0000002,0.0000001
44305,0.0000769,0.0000002,0.0000001
44306,0.0000769,0.0000002,0.0000001
44307,0.0000769,0.0000002,0.0000001
44308,0.0000769,0.0000002,0.0000001
44309,0.0000769,0.0000002,0.0000001
44310,0.0000769,0.0000002,0.0000001
44311,0.0000769,0.0000002,0.0000001
44312,0.0000769,0.0000002,0.0000001
44313,0.0000769,0.0000002,0.0000001
44314,0.0000769,0.0000002,0.0000001
44315,0.0000769,0.0000002,0.0000001
44316,0.0000769,0.0000002,0.0000001
44317,0.0000769,0.0000002,0.0000001
44318,0.0000769,0.0000002,0.0000001
44319,0.0000769,0.0000002,0.0000001
44320,0.0000769,0.0000002,0.0000001
44321,0.0000769,0.0000002,0.0000001
44322,0.0000769,0.0000002,0.0000001
44323,0.0000768,0.0000002,0.0000001
44324,0.0000768,0.0000002,0.0000001
44325,0.0000768,0.0000002,0.0000001
44326,0.0000768,0.0000002,0.0000001
44327,0.0000768,0.0000002,0.0000001
44328,0.0000768,0.0000002,0.0000001
44329,0.0000768,0.0000002,0.0000001
44330,0.0000768,0.0000002,0.0000001
44331,0.0000768,0.0000002,0.0000001
44332,0.0000768,0.0000002,0.0000001
44333,0.0000768,0.0000002,0.0000001
44334,0.0000768,0.0000002,0.0000001
44335,0.0000768,0.0000002,0.0000001
44336,0.0000768,0.0000002,0.0000001
44337,0.0000768,0.0000002,0.0000001
44338,0.0000768,0.0000002,0.0000001
44339,0.0000768,0.0000002,0.0000001
44340,0.0000768,0.0000002,0.0000001
44341,0.0000768,0.0000002,0.0000001
44342,0.0000768,0.0000002,0.0000001
44343,0.0000768,0.0000002,0.0000001
44344,0.0000768,0.0000002,0.0000001
44345,0.0000768,0.0000002,0.0000001
44346,0.0000768,0.0000002,0.0000001
44347,0.0000768,0.0000002,0.0000001
44348,0.0000768,0.0000002,0.0000001
44349,0.0000768,0.0000002,0.0000001
44350,0.0000768,0.0000002,0.0000001
44351,0.0000768,0.0000002,0.0000001
44352,0.0000768,0.0000002,0.0000001
44353,0.0000767,0.0000002,0.0000001
44354,0.0000767,0.0000002,0.0000001
44355,0.0000767,0.0000002,0.0000001
44356,0.0000767,0.0000002,0.0000001
44357,0.0000767,0.0000002,0.0000001
44358,0.0000767,0.0000002,0.0000001
44359,0.0000767,0.0000002,0.0000001
44360,0.0000767,0.0000002,0.0000001
44361,0.0000767,0.0000002,0.0000001
44362,0.0000767,0.0000002,0.0000001
44363,0.0000767,0.0000002,0.0000001
44364,0.0000767,0.0000002,0.0000001
44365,0.0000767,0.0000002,0.0000001
44366,0.0000767,0.0000002,0.0000001
44367,0.0000767,0.0000002,0.0000001
44368,0.0000767,0.0000002,0.0000001
44369,0.0000767,0.0000002,0.0000001
44370,0.0000767,0.0000002,0.0000001
44371,0.0000767,0.0000002,0.0000001
44372,0.0000767,0.0000002,0.0000001
44373,0.0000767,0.0000002,0.0000001
44374,0.0000767,0.0000002,0.0000001
44375,0.0000767,0.0000002,0.0000001
44376,0.0000767,0.0000002,0.0000001
44377,0.0000767,0.0000002,0.0000001
44378,0.0000767,0.0000002,0.0000001
44379,0.0000767,0.0000002,0.0000001
44380,0.0000767,0.0000002,0.0000001
44381,0.0000767,0.0000002,0.0000001
44382,0.0000767,0.0000002,0.0000001
44383,0.0000766,0.0000002,0.0000001
44384,0.0000766,0.0000002,0.0000001
44385,0.0000766,0.0000002,0.0000001
44386,0.0000766,0.0000002,0.0000001
44387,0.0000766,0.0000002,0.0000001
44388,0.0000766,0.0000002,0.0000001
44389,0.0000766,0.0000002,0.0000001
44390,0.0000766,0.0000002,0.0000001
44391,0.0000766,0.0000002,0.0000001
44392,0.0000766,0.0000002,0.0000001
44393,0.0000766,0.0000002,0.0000001
44394,0.0000766,0.0000002,0.0000001
44395,0.0000766,0.0000002,0.0000001
44396,0.0000766,0.0000002,0.0000001
44397,0.0000766,0.0000002,0.0000001
44398,0.0000766,0.0000002,0.0000001
44399,0.0000766,0.0000002,0.0000001
44400,0.0000766,0.0000002,0.0000001
44401,0.0000766,0.0000002,0.0000001
44402,0.0000766,0.0000002,0.0000001
44403,0.0000766,0.0000002,0.0000001
44404,0.0000766,0.0000002,0.0000001
44405,0.0000766,0.0000002,0.0000001
44406,0.0000766,0.0000002,0.0000001
44407,0.0000766,0.0000002,0.0000001
44408,0.0000766,0.0000002,0.0000001
44409,0.0000766,0.0000002,0.0000001
44410,0.0000766,0.0000002,0.0000001
44411,0.0000766,0.0000002,0.0000001
44412,0.0000766,0.0000002,0.0000001
44413,0.0000765,0.0000002,0.0000001
44414,0.0000765,0.0000002,0.0000001
44415,0.0000765,0.0000002,0.0000001
44416,0.0000765,0.0000002,0.0000001
44417,0.0000765,0.0000002,0.0000001
44418,0.0000765,0.0000002,0.0000001
44419,0.0000765,0.0000002,0.0000001
44420,0.0000765,0.0000002,0.0000001
44421,0.0000765,0.0000002,0.0000001
44422,0.0000765,0.0000002,0.0000001
44423,0.0000765,0.0000002,0.0000001
44424,0.0000765,0.0000002,0.0000001
44425,0.0000765,0.0000002,0.0000001
44426,0.0000765,0.0000002,0.0000001
44427,0.0000765,0.0000002,0.0000001
44428,0.0000765,0.0000002,0.0000001
44429,0.0000765,0.0000002,0.0000001
44430,0.0000765,0.0000002,0.0000001
44431,0.0000765,0.0000002,0.0000001
44432,0.0000765,0.0000002,0.0000001
44433,0.0000765,0.0000002,0.0000001
44434,0.0000765,0.0000002,0.0000001
44435,0.0000765,0.0000002,0.0000001
44436,0.0000765,0.0000002,0.0000001
44437,0.0000765,0.0000002,0.0000001
44438,0.0000765,0.0000002,0.0000001
44439,0.0000765,0.0000002,0.0000001
44440,0.0000765,0.0000002,0.0000001
44441,0.0000765,0.0000002,0.0000001
44442,0.0000765,0.0000002,0.0000001
44443,0.0000765,0.0000002,0.0000001
44444,0.0000764,0.0000002,0.0000001
44445,0.0000764,0.0000002,0.0000001
44446,0.0000764,0.0000002,0.0000001
44447,0.0000764,0.0000002,0.0000001
44448,0.0000764,0.0000002,0.0000001
44449,0.0000764,0.0000002,0.0000001
44450,0.0000764,0.0000002,0.0000001
44451,0.0000764,0.0000002,0.0000001
44452,0.0000764,0.0000002,0.0000001
44453,0.0000764,0.0000002,0.0000001
44454,0.0000764,0.0000002,0.0000001
44455,0.0000764,0.0000002,0.0000001
44456,0.0000764,0.0000002,0.0000001
44457,0.0000764,0.0000002,0.0000001
44458,0.0000764,0.0000002,0.0000001
44459,0.0000764,0.0000002,0.0000001
44460,0.0000764,0.0000002,0.0000001
44461,0.0000764,0.0000002,0.0000001
44462,0.0000764,0.0000002,0.0000001
44463,0.0000764,0.0000002,0.0000001
44464,0.0000764,0.0000002,0.0000001
44465,0.0000764,0.0000002,0.0000001
44466,0.0000764,0.0000002,0.0000001
44467,0.0000764,0.0000002,0.0000001
44468,0.0000764,0.0000002,0.0000001
44469,0.0000764,0.0000002,0.0000001
44470,0.0000764,0.0000002,0.0000001
44471,0.0000764,0.0000002,0.0000001
44472,0.0000764,0.0000002,0.0000001
44473,0.0000764,0.0000002,0.0000001
44474,0.0000763,0.0000002,0.0000001
44475,0.0000763,0.0000002,0.0000001
44476,0.0000763,0.0000002,0.0000001
44477,0.0000763,0.0000002,0.0000001
44478,0.0000763,0.0000002,0.0000001
44479,0.0000763,0.0000002,0.0000001
44480,0.0000763,0.0000002,0.0000001
44481,0.0000763,0.0000002,0.0000001
44482,0.0000763,0.0000002,0.0000001
44483,0.0000763,0.0000002,0.0000001
44484,0.0000763,0.0000002,0.0000001
44485,0.0000763,0.0000002,0.0000001
44486,0.0000763,0.0000002,0.0000001
44487,0.0000763,0.0000002,0.0000001
44488,0.0000763,0.0000002,0.0000001
44489,0.0000763,0.0000002,0.0000001
44490,0.0000763,0.0000002,0.0000001
44491,0.0000763,0.0000002,0.0000001
44492,0.0000763,0.0000002,0.0000001
44493,0.0000763,0.0000002,0.0000001
44494,0.0000763,0.0000002,0.0000001
44495,0.0000763,0.0000002,0.0000001
44496,0.0000763,0.0000002,0.0000001
44497,0.0000763,0.0000002,0.0000001
44498,0.0000763,0.0000002,0.0000001
44499,0.0000763,0.0000002,0.0000001
44500,0.0000763,0.0000002,0.0000001
44501,0.0000763,0.0000002,0.0000001
44502,0.0000763,0.0000002,0.0000001
44503,0.0000763,0.0000002,0.0000001
44504,0.0000763,0.0000002,0.0000001
44505,0.0000762,0.0000002,0.0000001
44506,0.0000762,0.0000002,0.0000001
44507,0.0000762,0.0000002,0.0000001
44508,0.0000762,0.0000002,0.0000001
44509,0.0000762,0.0000002,0.0000001
44510,0.0000762,0.0000002,0.0000001
44511,0.0000762,0.0000002,0.0000001
44512,0.0000762,0.0000002,0.0000001
44513,0.0000762,0.0000002,0.0000001
44514,0.0000762,0.0000002,0.0000001
44515,0.0000762,0.0000002,0.0000001
44516,0.0000762,0.0000002,0.0000001
44517,0.0000762,0.0000002,0.0000001
44518,0.0000762,0.0000002,0.0000001
44519,0.0000762,0.0000002,0.0000001
44520,0.0000762,0.0000002,0.0000001
44521,0.0000762,0.0000002,0.0000001
44522,0.0000762,0.0000002,0.0000001
44523,0.0000762,0.0000002,0.0000001
44524,0.0000762,0.0000002,0.0000001
44525,0.0000762,0.0000002,0.0000001
44526,0.0000762,0.0000002,0.0000001
44527,0.0000762,0.0000002,0.0000001
44528,0.0000762,0.0000002,0.0000001
44529,0.0000762,0.0000002,0.0000001
44530,0.0000762,0.0000002,0.0000001
44531,0.0000762,0.0000002,0.0000001
44532,0.0000762,0.0000002,0.0000001
44533,0.0000762,0.0000002,0.0000001
44534,0.0000762,0.0000002,0.0000001
44535,0.0000761,0.0000002,0.0000001
44536,0.0000761,0.0000002,0.0000001
44537,0.0000761,0.0000002,0.0000001
44538,0.0000761,0.0000002,0.0000001
44539,0.0000761,0.0000002,0.0000001
44540,0.0000761,0.0000002,0.0000001
44541,0.0000761,0.0000002,0.0000001
44542,0.0000761,0.0000002,0.0000001
44543,0.0000761,0.0000002,0.0000001
44544,0.0000761,0.0000002,0.0000001
44545,0.0000761,0.0000002,0.0000001
44546,0.0000761,0.0000002,0.0000001
44547,0.0000761,0.0000002,0.0000001
44548,0.0000761,0.0000002,0.0000001
44549,0.0000761,0.0000002,0.0000001
44550,0.0000761,0.0000002,0.0000001
44551,0.0000761,0.0000002,0.0000001
44552,0.0000761,0.0000002,0.0000001
44553,0.0000761,0.0000002,0.0000001
44554,0.0000761,0.0000002,0.0000001
44555,0.0000761,0.0000002,0.0000001
44556,0.0000761,0.0000002,0.0000001
44557,0.0000761,0.0000002,0.0000001
44558,0.0000761,0.0000002,0.0000001
44559,0.0000761,0.0000002,0.0000001
44560,0.0000761,0.0000002,0.0000001
44561,0.0000761,0.0000002,0.0000001
44562,0.0000761,0.0000002,0.0000001
44563,0.0000761,0.0000002,0.0000001
44564,0.0000761,0.0000002,0.0000001
44565,0.0000761,0.0000002,0.0000001
44566,0.0000760,0.0000002,0.0000001
44567,0.0000760,0.0000002,0.0000001
44568,0.0000760,0.0000002,0.0000001
44569,0.0000760,0.0000002,0.0000001
44570,0.0000760,0.0000002,0.0000001
44571,0.0000760,0.0000002,0.0000001
44572,0.0000760,0.0000002,0.0000001
44573,0.0000760,0.0000002,0.0000001
44574,0.0000760,0.0000002,0.0000001
44575,0.0000760,0.0000002,0.0000001
44576,0.0000760,0.0000002,0.0000001
44577,0.0000760,0.0000002,0.0000001
44578,0.0000760,0.0000002,0.0000001
44579,0.0000760,0.0000002,0.0000001
44580,0.0000760,0.0000002,0.0000001
44581,0.0000760,0.0000002,0.0000001
44582,0.0000760,0.0000002,0.0000001
44583,0.0000760,0.0000002,0.0000001
44584,0.0000760,0.0000002,0.0000001
44585,0.0000760,0.0000002,0.0000001
44586,0.0000760,0.0000002,0.0000001
44587,0.0000760,0.0000002,0.0000001
44588,0.0000760,0.0000002,0.0000001
44589,0.0000760,0.0000002,0.0000001
44590,0.0000760,0.0000002,0.0000001
44591,0.0000760,0.0000002,0.0000001
44592,0.0000760,0.0000002,0.0000001
44593,0.0000760,0.0000002,0.0000001
44594,0.0000760,0.0000002,0.0000001
44595,0.0000760,0.0000002,0.0000001
44596,0.0000760,0.0000002,0.0000001
44597,0.0000759,0.0000002,0.0000001
44598,0.0000759,0.0000002,0.0000001
44599,0.0000759,0.0000002,0.0000001
44600,0.0000759,0.0000002,0.0000001
44601,0.0000759,0.0000002,0.0000001
44602,0.0000759,0.0000002,0.0000001
44603,0.0000759,0.0000002,0.0000001
44604,0.0000759,0.0000002,0.0000001
44605,0.0000759,0.0000002,0.0000001
44606,0.0000759,0.0000002,0.0000001
44607,0.0000759,0.0000002,0.0000001
44608,0.0000759,0.0000002,0.0000001
44609,0.0000759,0.0000002,0.0000001
44610,0.0000759,0.0000002,0.0000001
44611,0.0000759,0.0000002,0.0000001
44612,0.0000759,0.0000002,0.0000001
44613,0.0000759,0.0000002,0.0000001
44614,0.0000759,0.0000002,0.0000001
44615,0.0000759,0.0000002,0.0000001
44616,0.0000759,0.0000002,0.0000001
44617,0.0000759,0.0000002,0.0000001
44618,0.0000759,0.0000002,0.0000001
44619,0.0000759,0.0000002,0.0000001
44620,0.0000759,0.0000002,0.0000001
44621,0.0000759,0.0000002,0.0000001
44622,0.0000759,0.0000002,0.0000001
44623,0.0000759,0.0000002,0.0000001
44624,0.0000759,0.0000002,0.0000001
44625,0.0000759,0.0000002,0.0000001
44626,0.0000759,0.0000002,0.0000001
44627,0.0000759,0.0000002,0.0000001
44628,0.0000758,0.0000002,0.0000001
44629,0.0000758,0.0000002,0.0000001
44630,0.0000758,0.0000002,0.0000001
44631,0.0000758,0.0000002,0.0000001
44632,0.0000758,0.0000002,0.0000001
44633,0.0000758,0.0000002,0.0000001
44634,0.0000758,0.0000002,0.0000001
44635,0.0000758,0.0000002,0.0000001
44636,0.0000758,0.0000002,0.0000001
44637,0.0000758,0.0000002,0.0000001
44638,0.0000758,0.0000002,0.0000001
44639,0.0000758,0.0000002,0.0000001
44640,0.0000758,0.0000002,0.0000001
44641,0.0000758,0.0000002,0.0000001
44642,0.0000758,0.0000002,0.0000001
44643,0.0000758,0.0000002,0.0000001
44644,0.0000758,0.0000002,0.0000001
44645,0.0000758,0.0000002,0.0000001
44646,0.0000758,0.0000002,0.0000001
44647,0.0000758,0.0000002,0.0000001
44648,0.0000758,0.0000002,0.0000001
44649,0.0000758,0.0000002,0.0000001
44650,0.0000758,0.0000002,0.0000001
44651,0.0000758,0.0000002,0.0000001
44652,0.0000758,0.0000002,0.0000001
44653,0.0000758,0.0000002,0.0000001
44654,0.0000758,0.0000002,0.0000001
44655,0.0000758,0.0000002,0.0000001
44656,0.0000758,0.0000002,0.0000001
44657,0.0000758,0.0000002,0.0000001
44658,0.0000758,0.0000002,0.0000001
44659,0.0000757,0.0000002,0.0000001
44660,0.0000757,0.0000002,0.0000001
44661,0.0000757,0.0000002,0.0000001
44662,0.0000757,0.0000002,0.0000001
44663,0.0000757,0.0000002,0.0000001
44664,0.0000757,0.0000002,0.0000001
44665,0.0000757,0.0000002,0.0000001
44666,0.0000757,0.0000002,0.0000001
44667,0.0000757,0.0000002,0.0000001
44668,0.0000757,0.0000002,0.0000001
44669,0.0000757,0.0000002,0.0000001
44670,0.0000757,0.0000002,0.0000001
44671,0.0000757,0.0000002,0.0000001
44672,0.0000757,0.0000002,0.0000001
44673,0.0000757,0.0000002,0.0000001
44674,0.0000757,0.0000002,0.0000001
44675,0.0000757,0.0000002,0.0000001
44676,0.0000757,0.0000002,0.0000001
44677,0.0000757,0.0000002,0.0000001
44678,0.0000757,0.0000002,0.0000001
44679,0.0000757,0.0000002,0.0000001
44680,0.0000757,0.0000002,0.0000001
44681,0.0000757,0.0000002,0.0000001
44682,0.0000757,0.0000002,0.0000001
44683,0.0000757,0.0000002,0.0000001
44684,0.0000757,0.0000002,0.0000001
44685,0.0000757,0.0000002,0.0000001
44686,0.0000757,0.0000002,0.0000001
44687,0.0000757,0.0000002,0.0000001
44688,0.0000757,0.0000002,0.0000001
44689,0.0000757,0.0000002,0.0000001
44690,0.0000756,0.0000002,0.0000001
44691,0.0000756,0.0000002,0.0000001
44692,0.0000756,0.0000002,0.0000001
44693,0.0000756,0.0000002,0.0000001
44694,0.0000756,0.0000002,0.0000001
44695,0.0000756,0.0000002,0.0000001
44696,0.0000756,0.0000002,0.0000001
44697,0.0000756,0.0000002,0.0000001
44698,0.0000756,0.0000002,0.0000001
44699,0.0000756,0.0000002,0.0000001
44700,0.0000756,0.0000002,0.0000001
44701,0.0000756,0.0000002,0.0000001
44702,0.0000756,0.0000002,0.0000001
44703,0.0000756,0.0000002,0.0000001
44704,0.0000756,0.0000002,0.0000001
44705,0.0000756,0.0000002,0.0000001
44706,0.0000756,0.0000002,0.0000001
44707,0.0000756,0.0000002,0.0000001
44708,0.0000756,0.0000002,0.0000001
44709,0.0000756,0.0000002,0.0000001
44710,0.0000756,0.0000002,0.0000001
44711,0.0000756,0.0000002,0.0000001
44712,0.0000756,0.0000002,0.0000001
44713,0.0000756,0.0000002,0.0000001
44714,0.0000756,0.0000002,0.0000001
44715,0.0000756,0.0000002,0.0000001
44716,0.0000756,0.0000002,0.0000001
44717,0.0000756,0.0000002,0.0000001
44718,0.0000756,0.0000002,0.0000001
44719,0.0000756,0.0000002,0.0000001
44720,0.0000756,0.0000002,0.0000001
44721,0.0000755,0.0000002,0.0000001
44722,0.0000755,0.0000002,0.0000001
44723,0.0000755,0.0000002,0.0000001
44724,0.0000755,0.0000002,0.0000001
44725,0.0000755,0.0000002,0.0000001
44726,0.0000755,0.0000002,0.0000001
44727,0.0000755,0.0000002,0.0000001
44728,0.0000755,0.0000002,0.0000001
44729,0.0000755,0.0000002,0.0000001
44730,0.0000755,0.0000002,0.0000001
44731,0.0000755,0.0000002,0.0000001
44732,0.0000755,0.0000002,0.0000001
44733,0.0000755,0.0000002,0.0000001
44734,0.0000755,0.0000002,0.0000001
44735,0.0000755,0.0000002,0.0000001
44736,0.0000755,0.0000002,0.0000001
44737,0.0000755,0.0000002,0.0000001
44738,0.0000755,0.0000002,0.0000001
44739,0.0000755,0.0000002,0.0000001
44740,0.0000755,0.0000002,0.0000001
44741,0.0000755,0.0000002,0.0000001
44742,0.0000755,0.0000002,0.0000001
44743,0.0000755,0.0000002,0.0000001
44744,0.0000755,0.0000002,0.0000001
44745,0.0000755,0.0000002,0.0000001
44746,0.0000755,0.0000002,0.0000001
44747,0.0000755,0.0000002,0.0000001
44748,0.0000755,0.0000002,0.0000001
44749,0.0000755,0.0000002,0.0000001
44750,0.0000755,0.0000002,0.0000001
44751,0.0000755,0.0000002,0.0000001
44752,0.0000755,0.0000002,0.0000001
44753,0.0000754,0.0000002,0.0000001
44754,0.0000754,0.0000002,0.0000001
44755,0.0000754,0.0000002,0.0000001
44756,0.0000754,0.0000002,0.0000001
44757,0.0000754,0.0000002,0.0000001
44758,0.0000754,0.0000002,0.0000001
44759,0.0000754,0.0000002,0.0000001
44760,0.0000754,0.0000002,0.0000001
44761,0.0000754,0.0000002,0.0000001
44762,0.0000754,0.0000002,0.0000001
44763,0.0000754,0.0000002,0.0000001
44764,0.0000754,0.0000002,0.0000001
44765,0.0000754,0.0000002,0.0000001
44766,0.0000754,0.0000002,0.0000001
44767,0.0000754,0.0000002,0.0000001
44768,0.0000754,0.0000002,0.0000001
44769,0.0000754,0.0000002,0.0000001
44770,0.0000754,0.0000002,0.0000001
44771,0.0000754,0.0000002,0.0000001
44772,0.0000754,0.0000002,0.0000001
44773,0.0000754,0.0000002,0.0000001
44774,0.0000754,0.0000002,0.0000001
44775,0.0000754,0.0000002,0.0000001
44776,0.0000754,0.0000002,0.0000001
44777,0.0000754,0.0000002,0.0000001
44778,0.0000754,0.0000002,0.0000001
44779,0.0000754,0.0000002,0.0000001
44780,0.0000754,0.0000002,0.0000001
44781,0.0000754,0.0000002,0.0000001
44782,0.0000754,0.0000002,0.0000001
44783,0.0000754,0.0000002,0.0000001
44784,0.0000753,0.0000002,0.0000001
44785,0.0000753,0.0000002,0.0000001
44786,0.0000753,0.0000002,0.0000001
44787,0.0000753,0.0000002,0.0000001
44788,0.0000753,0.0000002,0.0000001
44789,0.0000753,0.0000002,0.0000001
44790,0.0000753,0.0000002,0.0000001
44791,0.0000753,0.0000002,0.0000001
44792,0.0000753,0.0000002,0.0000001
44793,0.0000753,0.0000002,0.0000001
44794,0.0000753,0.0000002,0.0000001
44795,0.0000753,0.0000002,0.0000001
44796,0.0000753,0.0000002,0.0000001
44797,0.0000753,0.0000002,0.0000001
44798,0.0000753,0.0000002,0.0000001
44799,0.0000753,0.0000002,0.0000001
44800,0.0000753,0.0000002,0.0000001
44801,0.0000753,0.0000002,0.0000001
44802,0.0000753,0.0000002,0.0000001
44803,0.0000753,0.0000002,0.0000001
44804,0.0000753,0.0000002,0.0000001
44805,0.0000753,0.0000002,0.0000001
44806,0.0000753,0.0000002,0.0000001
44807,0.0000753,0.0000002,0.0000001
44808,0.0000753,0.0000002,0.0000001
44809,0.0000753,0.0000002,0.0000001
44810,0.0000753,0.0000002,0.0000001
44811,0.0000753,0.0000002,0.0000001
44812,0.0000753,0.0000002,0.0000001
44813,0.0000753,0.0000002,0.0000001
44814,0.0000753,0.0000002,0.0000001
44815,0.0000752,0.0000002,0.0000001
44816,0.0000752,0.0000002,0.0000001
44817,0.0000752,0.0000002,0.0000001
44818,0.0000752,0.0000002,0.0000001
44819,0.0000752,0.0000002,0.0000001
44820,0.0000752,0.0000002,0.0000001
44821,0.0000752,0.0000002,0.0000001
44822,0.0000752,0.0000002,0.0000001
44823,0.0000752,0.0000002,0.0000001
44824,0.0000752,0.0000002,0.0000001
44825,0.0000752,0.0000002,0.0000001
44826,0.0000752,0.0000002,0.0000001
44827,0.0000752,0.0000002,0.0000001
44828,0.0000752,0.0000002,0.0000001
44829,0.0000752,0.0000002,0.0000001
44830,0.0000752,0.0000002,0.0000001
44831,0.0000752,0.0000002,0.0000001
44832,0.0000752,0.0000002,0.0000001
44833,0.0000752,0.0000002,0.0000001
44834,0.0000752,0.0000002,0.0000001
44835,0.0000752,0.0000002,0.0000001
44836,0.0000752,0.0000002,0.0000001
44837,0.0000752,0.0000002,0.0000001
44838,0.0000752,0.0000002,0.0000001
44839,0.0000752,0.0000002,0.0000001
44840,0.0000752,0.0000002,0.0000001
44841,0.0000752,0.0000002,0.0000001
44842,0.0000752,0.0000002,0.0000001
44843,0.0000752,0.0000002,0.0000001
44844,0.0000752,0.0000002,0.0000001
44845,0.0000752,0.0000002,0.0000001
44846,0.0000752,0.0000002,0.0000001
44847,0.0000751,0.0000002,0.0000001
44848,0.0000751,0.0000002,0.0000001
44849,0.0000751,0.0000002,0.0000001
44850,0.0000751,0.0000002,0.0000001
44851,0.0000751,0.0000002,0.0000001
44852,0.0000751,0.0000002,0.0000001
44853,0.0000751,0.0000002,0.0000001
44854,0.0000751,0.0000002,0.0000001
44855,0.0000751,0.0000002,0.0000001
44856,0.0000751,0.0000002,0.0000001
44857,0.0000751,0.0000002,0.0000001
44858,0.0000751,0.0000002,0.0000001
44859,0.0000751,0.0000002,0.0000001
44860,0.0000751,0.0000002,0.0000001
44861,0.0000751,0.0000002,0.0000001
44862,0.0000751,0.0000002,0.0000001
44863,0.0000751,0.0000002,0.0000001
44864,0.0000751,0.0000002,0.0000001
44865,0.0000751,0.0000002,0.0000001
44866,0.0000751,0.0000002,0.0000001
44867,0.0000751,0.0000002,0.0000001
44868,0.0000751,0.0000002,0.0000001
44869,0.0000751,0.0000002,0.0000001
44870,0.0000751,0.0000002,0.0000001
44871,0.0000751,0.0000002,0.0000001
44872,0.0000751,0.0000002,0.0000001
44873,0.0000751,0.0000002,0.0000001
44874,0.0000751,0.0000002,0.0000001
44875,0.0000751,0.0000002,0.0000001
44876,0.0000751,0.0000002,0.0000001
44877,0.0000751,0.0000002,0.0000001
44878,0.0000750,0.0000002,0.0000001
44879,0.0000750,0.0000002,0.0000001
44880,0.0000750,0.0000002,0.0000001
44881,0.0000750,0.0000002,0.0000001
44882,0.0000750,0.0000002,0.0000001
44883,0.0000750,0.0000002,0.0000001
44884,0.0000750,0.0000002,0.0000001
44885,0.0000750,0.0000002,0.0000001
44886,0.0000750,0.0000002,0.0000001
44887,0.0000750,0.0000002,0.0000001
44888,0.0000750,0.0000002,0.0000001
44889,0.0000750,0.0000002,0.0000001
44890,0.0000750,0.0000002,0.0000001
44891,0.0000750,0.0000002,0.0000001
44892,0.0000750,0.0000002,0.0000001
44893,0.0000750,0.0000002,0.0000001
44894,0.0000750,0.0000002,0.0000001
44895,0.0000750,0.0000002,0.0000001
44896,0.0000750,0.0000002,0.0000001
44897,0.0000750,0.0000002,0.0000001
44898,0.0000750,0.0000002,0.0000001
44899,0.0000750,0.0000002,0.0000001
44900,0.0000750,0.0000002,0.0000001
44901,0.0000750,0.0000002,0.0000001
44902,0.0000750,0.0000002,0.0000001
44903,0.0000750,0.0000002,0.0000001
44904,0.0000750,0.0000002,0.0000001
44905,0.0000750,0.0000002,0.0000001
44906,0.0000750,0.0000002,0.0000001
44907,0.0000750,0.0000002,0.0000001
44908,0.0000750,0.0000002,0.0000001
44909,0.0000749,0.0000002,0.0000001
44910,0.0000749,0.0000002,0.0000001
44911,0.0000749,0.0000002,0.0000001
44912,0.0000749,0.0000002,0.0000001
44913,0.0000749,0.0000002,0.0000001
44914,0.0000749,0.0000002,0.0000001
44915,0.0000749,0.0000002,0.0000001
44916,0.0000749,0.0000002,0.0000001
44917,0.0000749,0.0000002,0.0000001
44918,0.0000749,0.0000002,0.0000001
44919,0.0000749,0.0000002,0.0000001
44920,0.0000749,0.0000002,0.0000001
44921,0.0000749,0.0000002,0.0000001
44922,0.0000749,0.0000002,0.0000001
44923,0.0000749,0.0000002,0.0000001
44924,0.0000749,0.0000002,0.0000001
44925,0.0000749,0.0000002,0.0000001
44926,0.0000749,0.0000002,0.0000001
44927,0.0000749,0.0000002,0.0000001
44928,0.0000749,0.0000002,0.0000001
44929,0.0000749,0.0000002,0.0000001
44930,0.0000749,0.0000002,0.0000001
44931,0.0000749,0.0000002,0.0000001
44932,0.0000749,0.0000002,0.0000001
44933,0.0000749,0.0000002,0.0000001
44934,0.0000749,0.0000002,0.0000001
44935,0.0000749,0.0000002,0.0000001
44936,0.0000749,0.0000002,0.0000001
44937,0.0000749,0.0000002,0.0000001
44938,0.0000749,0.0000002,0.0000001
44939,0.0000749,0.0000002,0.0000001
44940,0.0000749,0.0000002,0.0000001
44941,0.0000748,0.0000002,0.0000001
44942,0.0000748,0.0000002,0.0000001
44943,0.0000748,0.0000002,0.0000001
44944,0.0000748,0.0000002,0.0000001
44945,0.0000748,0.0000002,0.0000001
44946,0.0000748,0.0000002,0.0000001
44947,0.0000748,0.0000002,0.0000001
44948,0.0000748,0.0000002,0.0000001
44949,0.0000748,0.0000002,0.0000001
44950,0.0000748,0.0000002,0.0000001
44951,0.0000748,0.0000002,0.0000001
44952,0.0000748,0.0000002,0.0000001
44953,0.0000748,0.0000002,0.0000001
44954,0.0000748,0.0000002,0.0000001
44955,0.0000748,0.0000002,0.0000001
44956,0.0000748,0.0000002,0.0000001
44957,0.0000748,0.0000002,0.0000001
44958,0.0000748,0.0000002,0.0000001
44959,0.0000748,0.0000002,0.0000001
44960,0.0000748,0.0000002,0.0000001
44961,0.0000748,0.0000002,0.0000001
44962,0.0000748,0.0000002,0.0000001
44963,0.0000748,0.0000002,0.0000001
44964,0.0000748,0.0000002,0.0000001
44965,0.0000748,0.0000002,0.0000001
44966,0.0000748,0.0000002,0.0000001
44967,0.0000748,0.0000002,0.0000001
44968,0.0000748,0.0000002,0.0000001
44969,0.0000748,0.0000002,0.0000001
44970,0.0000748,0.0000002,0.0000001
44971,0.0000748,0.0000002,0.0000001
44972,0.0000747,0.0000002,0.0000001
44973,0.0000747,0.0000002,0.0000001
44974,0.0000747,0.0000002,0.0000001
44975,0.0000747,0.0000002,0.0000001
44976,0.0000747,0.0000002,0.0000001
44977,0.0000747,0.0000002,0.0000001
44978,0.0000747,0.0000002,0.0000001
44979,0.0000747,0.0000002,0.0000001
44980,0.0000747,0.0000002,0.0000001
44981,0.0000747,0.0000002,0.0000001
44982,0.0000747,0.0000002,0.0000001
44983,0.0000747,0.0000002,0.0000001
44984,0.0000747,0.0000002,0.0000001
44985,0.0000747,0.0000002,0.0000001
44986,0.0000747,0.0000002,0.0000001
44987,0.0000747,0.0000002,0.0000001
44988,0.0000747,0.0000002,0.0000001
44989,0.0000747,0.0000002,0.0000001
44990,0.0000747,0.0000002,0.0000001
44991,0.0000747,0.0000002,0.0000001
44992,0.0000747,0.0000002,0.0000001
44993,0.0000747,0.0000002,0.0000001
44994,0.0000747,0.0000002,0.0000001
44995,0.0000747,0.0000002,0.0000001
44996,0.0000747,0.0000002,0.0000001
44997,0.0000747,0.0000002,0.0000001
44998,0.0000747,0.0000002,0.0000001
44999,0.0000747,0.0000002,0.0000001
45000,0.0000747,0.0000002,0.0000001
45001,0.0000747,0.0000002,0.0000001
45002,0.0000747,0.0000002,0.0000001
45003,0.0000747,0.0000002,0.0000001
45004,0.0000746,0.0000002,0.0000001
45005,0.0000746,0.0000002,0.0000001
45006,0.0000746,0.0000002,0.0000001
45007,0.0000746,0.0000002,0.0000001
45008,0.0000746,0.0000002,0.0000001
45009,0.0000746,0.0000002,0.0000001
45010,0.0000746,0.0000002,0.0000001
45011,0.0000746,0.0000002,0.0000001
45012,0.0000746,0.0000002,0.0000001
45013,0.0000746,0.0000002,0.0000001
45014,0.0000746,0.0000002,0.0000001
45015,0.0000746,0.0000002,0.0000001
45016,0.0000746,0.0000002,0.0000001
45017,0.0000746,0.0000002,0.0000001
45018,0.0000746,0.0000002,0.0000001
45019,0.0000746,0.0000002,0.0000001
45020,0.0000746,0.0000002,0.0000001
45021,0.0000746,0.0000002,0.0000001
45022,0.0000746,0.0000002,0.0000001
45023,0.0000746,0.0000002,0.0000001
45024,0.0000746,0.0000002,0.0000001
45025,0.0000746,0.0000002,0.0000001
45026,0.0000746,0.0000002,0.0000001
45027,0.0000746,0.0000002,0.0000001
45028,0.0000746,0.0000002,0.0000001
45029,0.0000746,0.0000002,0.0000001
45030,0.0000746,0.0000002,0.0000001
45031,0.0000746,0.0000002,0.0000001
45032,0.0000746,0.0000002,0.0000001
45033,0.0000746,0.0000002,0.0000001
45034,0.0000746,0.0000002,0.0000001
45035,0.0000746,0.0000002,0.0000001
45036,0.0000745,0.0000002,0.0000001
45037,0.0000745,0.0000002,0.0000001
45038,0.0000745,0.0000002,0.0000001
45039,0.0000745,0.0000002,0.0000001
45040,0.0000745,0.0000002,0.0000001
45041,0.0000745,0.0000002,0.0000001
45042,0.0000745,0.0000002,0.0000001
45043,0.0000745,0.0000002,0.0000001
45044,0.0000745,0.0000002,0.0000001
45045,0.0000745,0.0000002,0.0000001
45046,0.0000745,0.0000002,0.0000001
45047,0.0000745,0.0000002,0.0000001
45048,0.0000745,0.0000002,0.0000001
45049,0.0000745,0.0000002,0.0000001
45050,0.0000745,0.0000002,0.0000001
45051,0.0000745,0.0000002,0.0000001
45052,0.0000745,0.0000002,0.0000001
45053,0.0000745,0.0000002,0.0000001
45054,0.0000745,0.0000002,0.0000001
45055,0.0000745,0.0000002,0.0000001
45056,0.0000745,0.0000002,0.0000001
45057,0.0000745,0.0000002,0.0000001
45058,0.0000745,0.0000002,0.0000001
45059,0.0000745,0.0000002,0.0000001
45060,0.0000745,0.0000002,0.0000001
45061,0.0000745,0.0000002,0.0000001
45062,0.0000745,0.0000002,0.0000001
45063,0.0000745,0.0000002,0.0000001
45064,0.0000745,0.0000002,0.0000001
45065,0.0000745,0.0000002,0.0000001
45066,0.0000745,0.0000002,0.0000001
45067,0.0000744,0.0000002,0.0000001
45068,0.0000744,0.0000002,0.0000001
45069,0.0000744,0.0000002,0.0000001
45070,0.0000744,0.0000002,0.0000001
45071,0.0000744,0.0000002,0.0000001
45072,0.0000744,0.0000002,0.0000001
45073,0.0000744,0.0000002,0.0000001
45074,0.0000744,0.0000002,0.0000001
45075,0.0000744,0.0000002,0.0000001
45076,0.0000744,0.0000002,0.0000001
45077,0.0000744,0.0000002,0.0000001
45078,0.0000744,0.0000002,0.0000001
45079,0.0000744,0.0000002,0.0000001
45080,0.0000744,0.0000002,0.0000001
45081,0.0000744,0.0000002,0.0000001
45082,0.0000744,0.0000002,0.0000001
45083,0.0000744,0.0000002,0.0000001
45084,0.0000744,0.0000002,0.0000001
45085,0.0000744,0.0000002,0.0000001
45086,0.0000744,0.0000002,0.0000001
45087,0.0000744,0.0000002,0.0000001
45088,0.0000744,0.0000002,0.0000001
45089,0.0000744,0.0000002,0.0000001
45090,0.0000744,0.0000002,0.0000001
45091,0.0000744,0.0000002,0.0000001
45092,0.0000744,0.0000002,0.0000001
45093,0.0000744,0.0000002,0.0000001
45094,0.0000744,0.0000002,0.0000001
45095,0.0000744,0.0000002,0.0000001
45096,0.0000744,0.0000002,0.0000001
45097,0.0000744,0.0000002,0.0000001
45098,0.0000744,0.0000002,0.0000001
45099,0.0000743,0.0000002,0.0000001
45100,0.0000743,0.0000002,0.0000001
45101,0.0000743,0.0000002,0.0000001
45102,0.0000743,0.0000002,0.0000001
45103,0.0000743,0.0000002,0.0000001
45104,0.0000743,0.0000002,0.0000001
45105,0.0000743,0.0000002,0.0000001
45106,0.0000743,0.0000002,0.0000001
45107,0.0000743,0.0000002,0.0000001
45108,0.0000743,0.0000002,0.0000001
45109,0.0000743,0.0000002,0.0000001
45110,0.0000743,0.0000002,0.0000001
45111,0.0000743,0.0000002,0.0000001
45112,0.0000743,0.0000002,0.0000001
45113,0.0000743,0.0000002,0.0000001
45114,0.0000743,0.0000002,0.0000001
45115,0.0000743,0.0000002,0.0000001
45116,0.0000743,0.0000002,0.0000001
45117,0.0000743,0.0000002,0.0000001
45118,0.0000743,0.0000002,0.0000001
45119,0.0000743,0.0000002,0.0000001
45120,0.0000743,0.0000002,0.0000001
45121,0.0000743,0.0000002,0.0000001
45122,0.0000743,0.0000002,0.0000001
45123,0.0000743,0.0000002,0.0000001
45124,0.0000743,0.0000002,0.0000001
45125,0.0000743,0.0000002,0.0000001
45126,0.0000743,0.0000002,0.0000001
45127,0.0000743,0.0000002,0.0000001
45128,0.0000743,0.0000002,0.0000001
45129,0.0000743,0.0000002,0.0000001
45130,0.0000742,0.0000002,0.0000001
45131,0.0000742,0.0000002,0.0000001
45132,0.0000742,0.0000002,0.0000001
45133,0.0000742,0.0000002,0.0000001
45134,0.0000742,0.0000002,0.0000001
45135,0.0000742,0.0000002,0.0000001
45136,0.0000742,0.0000002,0.0000001
45137,0.0000742,0.0000002,0.0000001
45138,0.0000742,0.0000002,0.0000001
45139,0.0000742,0.0000002,0.0000001
45140,0.0000742,0.0000002,0.0000001
45141,0.0000742,0.0000002,0.0000001
45142,0.0000742,0.0000002,0.0000001
45143,0.0000742,0.0000002,0.0000001
45144,0.0000742,0.0000002,0.0000001
45145,0.0000742,0.0000002,0.0000001
45146,0.0000742,0.0000002,0.0000001
45147,0.0000742,0.0000002,0.0000001
45148,0.0000742,0.0000002,0.0000001
45149,0.0000742,0.0000002,0.0000001
45150,0.0000742,0.0000002,0.0000001
45151,0.0000742,0.0000002,0.0000001
45152,0.0000742,0.0000002,0.0000001
45153,0.0000742,0.0000002,0.0000001
45154,0.0000742,0.0000002,0.0000001
45155,0.0000742,0.0000002,0.0000001
45156,0.0000742,0.0000002,0.0000001
45157,0.0000742,0.0000002,0.0000001
45158,0.0000742,0.0000002,0.0000001
45159,0.0000742,0.0000002,0.0000001
45160,0.0000742,0.0000002,0.0000001
45161,0.0000742,0.0000002,0.0000001
45162,0.0000741,0.0000002,0.0000001
45163,0.0000741,0.0000002,0.0000001
45164,0.0000741,0.0000002,0.0000001
45165,0.0000741,0.0000002,0.0000001
45166,0.0000741,0.0000002,0.0000001
45167,0.0000741,0.0000002,0.0000001
45168,0.0000741,0.0000002,0.0000001
45169,0.0000741,0.0000002,0.0000001
45170,0.0000741,0.0000002,0.0000001
45171,0.0000741,0.0000002,0.0000001
45172,0.0000741,0.0000002,0.0000001
45173,0.0000741,0.0000002,0.0000001
45174,0.0000741,0.0000002,0.0000001
45175,0.0000741,0.0000002,0.0000001
45176,0.0000741,0.0000002,0.0000001
45177,0.0000741,0.0000002,0.0000001
45178,0.0000741,0.0000002,0.0000001
45179,0.0000741,0.0000002,0.0000001
45180,0.0000741,0.0000002,0.0000001
45181,0.0000741,0.0000002,0.0000001
45182,0.0000741,0.0000002,0.0000001
45183,0.0000741,0.0000002,0.0000001
45184,0.0000741,0.0000002,0.0000001
45185,0.0000741,0.0000002,0.0000001
45186,0.0000741,0.0000002,0.0000001
45187,0.0000741,0.0000002,0.0000001
45188,0.0000741,0.0000002,0.0000001
45189,0.0000741,0.0000002,0.0000001
45190,0.0000741,0.0000002,0.0000001
45191,0.0000741,0.0000002,0.0000001
45192,0.0000741,0.0000002,0.0000001
45193,0.0000740,0.0000002,0.0000001
45194,0.0000740,0.0000002,0.0000001
45195,0.0000740,0.0000002,0.0000001
45196,0.0000740,0.0000002,0.0000001
45197,0.0000740,0.0000002,0.0000001
45198,0.0000740,0.0000002,0.0000001
45199,0.0000740,0.0000002,0.0000001
45200,0.0000740,0.0000002,0.0000001
45201,0.0000740,0.0000002,0.0000001
45202,0.0000740,0.0000002,0.0000001
45203,0.0000740,0.0000002,0.0000001
45204,0.0000740,0.0000002,0.0000001
45205,0.0000740,0.0000002,0.0000001
45206,0.0000740,0.0000002,0.0000001
45207,0.0000740,0.0000002,0.0000001
45208,0.0000740,0.0000002,0.0000001
45209,0.0000740,0.0000002,0.0000001
45210,0.0000740,0.0000002,0.0000001
45211,0.0000740,0.0000002,0.0000001
45212,0.0000740,0.0000002,0.0000001
45213,0.0000740,0.0000002,0.0000001
45214,0.0000740,0.0000002,0.0000001
45215,0.0000740,0.0000002,0.0000001
45216,0.0000740,0.0000002,0.0000001
45217,0.0000740,0.0000002,0.0000001
45218,0.0000740,0.0000002,0.0000001
45219,0.0000740,0.0000002,0.0000001
45220,0.0000740,0.0000002,0.0000001
45221,0.0000740,0.0000002,0.0000001
45222,0.0000740,0.0000002,0.0000001
45223,0.0000740,0.0000002,0.0000001
45224,0.0000740,0.0000002,0.0000001
45225,0.0000739,0.0000002,0.0000001
45226,0.0000739,0.0000002,0.0000001
45227,0.0000739,0.0000002,0.0000001
45228,0.0000739,0.0000002,0.0000001
45229,0.0000739,0.0000002,0.0000001
45230,0.0000739,0.0000002,0.0000001
45231,0.0000739,0.0000002,0.0000001
45232,0.0000739,0.0000002,0.0000001
45233,0.0000739,0.0000002,0.0000001
45234,0.0000739,0.0000002,0.0000001
45235,0.0000739,0.0000002,0.0000001
45236,0.0000739,0.0000002,0.0000001
45237,0.0000739,0.0000002,0.0000001
45238,0.0000739,0.0000002,0.0000001
45239,0.0000739,0.0000002,0.0000001
45240,0.0000739,0.0000002,0.0000001
45241,0.0000739,0.0000002,0.0000001
45242,0.0000739,0.0000002,0.0000001
45243,0.0000739,0.0000002,0.0000001
45244,0.0000739,0.0000002,0.0000001
45245,0.0000739,0.0000002,0.0000001
45246,0.0000739,0.0000002,0.0000001
45247,0.0000739,0.0000002,0.0000001
45248,0.0000739,0.0000002,0.0000001
45249,0.0000739,0.0000002,0.0000001
45250,0.0000739,0.0000002,0.0000001
45251,0.0000739,0.0000002,0.0000001
45252,0.0000739,0.0000002,0.0000001
45253,0.0000739,0.0000002,0.0000001
45254,0.0000739,0.0000002,0.0000001
45255,0.0000739,0.0000002,0.0000001
45256,0.0000738,0.0000002,0.0000001
45257,0.0000738,0.0000002,0.0000001
45258,0.0000738,0.0000002,0.0000001
45259,0.0000738,0.0000002,0.0000001
45260,0.0000738,0.0000002,0.0000001
45261,0.0000738,0.0000002,0.0000001
45262,0.0000738,0.0000002,0.0000001
45263,0.0000738,0.0000002,0.0000001
45264,0.0000738,0.0000002,0.0000001
45265,0.0000738,0.0000002,0.0000001
45266,0.0000738,0.0000002,0.0000001
45267,0.0000738,0.0000002,0.0000001
45268,0.0000738,0.0000002,0.0000001
45269,0.0000738,0.0000002,0.0000001
45270,0.0000738,0.0000002,0.0000001
45271,0.0000738,0.0000002,0.0000001
45272,0.0000738,0.0000002,0.0000001
45273,0.0000738,0.0000002,0.0000001
45274,0.0000738,0.0000002,0.0000001
45275,0.0000738,0.0000002,0.0000001
45276,0.0000738,0.0000002,0.0000001
45277,0.0000738,0.0000002,0.0000001
45278,0.0000738,0.0000002,0.0000001
45279,0.0000738,0.0000002,0.0000001
45280,0.0000738,0.0000002,0.0000001
45281,0.0000738,0.0000002,0.0000001
45282,0.0000738,0.0000002,0.0000001
45283,0.0000738,0.0000002,0.0000001
45284,0.0000738,0.0000002,0.0000001
45285,0.0000738,0.0000002,0.0000001
45286,0.0000738,0.0000002,0.0000001
45287,0.0000738,0.0000002,0.0000001
45288,0.0000737,0.0000002,0.0000001
45289,0.0000737,0.0000002,0.0000001
45290,0.0000737,0.0000002,0.0000001
45291,0.0000737,0.0000002,0.0000001
45292,0.0000737,0.0000002,0.0000001
45293,0.0000737,0.0000002,0.0000001
45294,0.0000737,0.0000002,0.0000001
45295,0.0000737,0.0000002,0.0000001
45296,0.0000737,0.0000002,0.0000001
45297,0.0000737,0.0000002,0.0000001
45298,0.0000737,0.0000002,0.0000001
45299,0.0000737,0.0000002,0.0000001
45300,0.0000737,0.0000002,0.0000001
45301,0.0000737,0.0000002,0.0000001
45302,0.0000737,0.0000002,0.0000001
45303,0.0000737,0.0000002,0.0000001
45304,0.0000737,0.0000002,0.0000001
45305,0.0000737,0.0000002,0.0000001
45306,0.0000737,0.0000002,0.0000001
45307,0.0000737,0.0000002,0.0000001
45308,0.0000737,0.0000002,0.0000001
45309,0.0000737,0.0000002,0.0000001
45310,0.0000737,0.0000002,0.0000001
45311,0.0000737,0.0000002,0.0000001
45312,0.0000737,0.0000002,0.0000001
45313,0.0000737,0.0000002,0.0000001
45314,0.0000737,0.0000002,0.0000001
45315,0.0000737,0.0000002,0.0000001
45316,0.0000737,0.0000002,0.0000001
45317,0.0000737,0.0000002,0.0000001
45318,0.0000737,0.0000002,0.0000001
45319,0.0000736,0.0000002,0.0000001
45320,0.0000736,0.0000002,0.0000001
45321,0.0000736,0.0000002,0.0000001
45322,0.0000736,0.0000002,0.0000001
45323,0.0000736,0.0000002,0.0000001
45324,0.0000736,0.0000002,0.0000001
45325,0.0000736,0.0000002,0.0000001
45326,0.0000736,0.0000002,0.0000001
45327,0.0000736,0.0000002,0.0000001
45328,0.0000736,0.0000002,0.0000001
45329,0.0000736,0.0000002,0.0000001
45330,0.0000736,0.0000002,0.0000001
45331,0.0000736,0.0000002,0.0000001
45332,0.0000736,0.0000002,0.0000001
45333,0.0000736,0.0000002,0.0000001
45334,0.0000736,0.0000002,0.0000001
45335,0.0000736,0.0000002,0.0000001
45336,0.0000736,0.0000002,0.0000001
45337,0.0000736,0.0000002,0.0000001
45338,0.0000736,0.0000002,0.0000001
45339,0.0000736,0.0000002,0.0000001
45340,0.0000736,0.0000002,0.0000001
45341,0.0000736,0.0000002,0.0000001
45342,0.0000736,0.0000002,0.0000001
45343,0.0000736,0.0000002,0.0000001
45344,0.0000736,0.0000002,0.0000001
45345,0.0000736,0.0000002,0.0000001
45346,0.0000736,0.0000002,0.0000001
45347,0.0000736,0.0000002,0.0000001
45348,0.0000736,0.0000002,0.0000001
45349,0.0000736,0.0000002,0.0000001
45350,0.0000736,0.0000002,0.0000001
45351,0.0000735,0.0000002,0.0000001
45352,0.0000735,0.0000002,0.0000001
45353,0.0000735,0.0000002,0.0000001
45354,0.0000735,0.0000002,0.0000001
45355,0.0000735,0.0000002,0.0000001
45356,0.0000735,0.0000002,0.0000001
45357,0.0000735,0.0000002,0.0000001
45358,0.0000735,0.0000002,0.0000001
45359,0.0000735,0.0000002,0.0000001
45360,0.0000735,0.0000002,0.0000001
45361,0.0000735,0.0000002,0.0000001
45362,0.0000735,0.0000002,0.0000001
45363,0.0000735,0.0000002,0.0000001
45364,0.0000735,0.0000002,0.0000001
45365,0.0000735,0.0000002,0.0000001
45366,0.0000735,0.0000002,0.0000001
45367,0.0000735,0.0000002,0.0000001
45368,0.0000735,0.0000002,0.0000001
45369,0.0000735,0.0000002,0.0000001
45370,0.0000735,0.0000002,0.0000001
45371,0.0000735,0.0000002,0.0000001
45372,0.0000735,0.0000002,0.0000001
45373,0.0000735,0.0000002,0.0000001
45374,0.0000735,0.0000002,0.0000001
45375,0.0000735,0.0000002,0.0000001
45376,0.0000735,0.0000002,0.0000001
45377,0.0000735,0.0000002,0.0000001
45378,0.0000735,0.0000002,0.0000001
45379,0.0000735,0.0000002,0.0000001
45380,0.0000735,0.0000002,0.0000001
45381,0.0000735,0.0000002,0.0000001
45382,0.0000734,0.0000002,0.0000001
45383,0.0000734,0.0000002,0.0000001
45384,0.0000734,0.0000002,0.0000001
45385,0.0000734,0.0000002,0.0000001
45386,0.0000734,0.0000002,0.0000001
45387,0.0000734,0.0000002,0.0000001
45388,0.0000734,0.0000002,0.0000001
45389,0.0000734,0.0000002,0.0000001
45390,0.0000734,0.0000002,0.0000001
45391,0.0000734,0.0000002,0.0000001
45392,0.0000734,0.0000002,0.0000001
45393,0.0000734,0.0000002,0.0000001
45394,0.0000734,0.0000002,0.0000001
45395,0.0000734,0.0000002,0.0000001
45396,0.0000734,0.0000002,0.0000001
45397,0.0000734,0.0000002,0.0000001
45398,0.0000734,0.0000002,0.0000001
45399,0.0000734,0.0000002,0.0000001
45400,0.0000734,0.0000002,0.0000001
45401,0.0000734,0.0000002,0.0000001
45402,0.0000734,0.0000002,0.0000001
45403,0.0000734,0.0000002,0.0000001
45404,0.0000734,0.0000002,0.0000001
45405,0.0000734,0.0000002,0.0000001
45406,0.0000734,0.0000002,0.0000001
45407,0.0000734,0.0000002,0.0000001
45408,0.0000734,0.0000002,0.0000001
45409,0.0000734,0.0000002,0.0000001
45410,0.0000734,0.0000002,0.0000001
45411,0.0000734,0.0000002,0.0000001
45412,0.0000734,0.0000002,0.0000001
45413,0.0000734,0.0000002,0.0000001
45414,0.0000733,0.0000002,0.0000001
45415,0.0000733,0.0000002,0.0000001
45416,0.0000733,0.0000002,0.0000001
45417,0.0000733,0.0000002,0.0000001
45418,0.0000733,0.0000002,0.0000001
45419,0.0000733,0.0000002,0.0000001
45420,0.0000733,0.0000002,0.0000001
45421,0.0000733,0.0000002,0.0000001
45422,0.0000733,0.0000002,0.0000001
45423,0.0000733,0.0000002,0.0000001
45424,0.0000733,0.0000002,0.0000001
45425,0.0000733,0.0000002,0.0000001
45426,0.0000733,0.0000002,0.0000001
45427,0.0000733,0.0000002,0.0000001
45428,0.0000733,0.0000002,0.0000001
45429,0.0000733,0.0000002,0.0000001
45430,0.0000733,0.0000002,0.0000001
45431,0.0000733,0.0000002,0.0000001
45432,0.0000733,0.0000002,0.0000001
45433,0.0000733,0.0000002,0.0000001
45434,0.0000733,0.0000002,0.0000001
45435,0.0000733,0.0000002,0.0000001
45436,0.0000733,0.0000002,0.0000001
45437,0.0000733,0.0000002,0.0000001
45438,0.0000733,0.0000002,0.0000001
45439,0.0000733,0.0000002,0.0000001
45440,0.0000733,0.0000002,0.0000001
45441,0.0000733,0.0000002,0.0000001
45442,0.0000733,0.0000002,0.0000001
45443,0.0000733,0.0000002,0.0000001
45444,0.0000733,0.0000002,0.0000001
45445,0.0000732,0.0000002,0.0000001
45446,0.0000732,0.0000002,0.0000001
45447,0.0000732,0.0000002,0.0000001
45448,0.0000732,0.0000002,0.0000001
45449,0.0000732,0.0000002,0.0000001
45450,0.0000732,0.0000002,0.0000001
45451,0.0000732,0.0000002,0.0000001
45452,0.0000732,0.0000002,0.0000001
45453,0.0000732,0.0000002,0.0000001
45454,0.0000732,0.0000002,0.0000001
45455,0.0000732,0.0000002,0.0000001
45456,0.0000732,0.0000002,0.0000001
45457,0.0000732,0.0000002,0.0000001
45458,0.0000732,0.0000002,0.0000001
45459,0.0000732,0.0000002,0.0000001
45460,0.0000732,0.0000002,0.0000001
45461,0.0000732,0.0000002,0.0000001
45462,0.0000732,0.0000002,0.0000001
45463,0.0000732,0.0000002,0.0000001
45464,0.0000732,0.0000002,0.0000001
45465,0.0000732,0.0000002,0.0000001
45466,0.0000732,0.0000002,0.0000001
45467,0.0000732,0.0000002,0.0000001
45468,0.0000732,0.0000002,0.0000001
45469,0.0000732,0.0000002,0.0000001
45470,0.0000732,0.0000002,0.0000001
45471,0.0000732,0.0000002,0.0000001
45472,0.0000732,0.0000002,0.0000001
45473,0.0000732,0.0000002,0.0000001
45474,0.0000732,0.0000002,0.0000001
45475,0.0000732,0.0000002,0.0000001
45476,0.0000732,0.0000002,0.0000001
45477,0.0000731,0.0000002,0.0000001
45478,0.0000731,0.0000002,0.0000001
45479,0.0000731,0.0000002,0.0000001
45480,0.0000731,0.0000002,0.0000001
45481,0.0000731,0.0000002,0.0000001
45482,0.0000731,0.0000002,0.0000001
45483,0.0000731,0.0000002,0.0000001
45484,0.0000731,0.0000002,0.0000001
45485,0.0000731,0.0000002,0.0000001
45486,0.0000731,0.0000002,0.0000001
45487,0.0000731,0.0000002,0.0000001
45488,0.0000731,0.0000002,0.0000001
45489,0.0000731,0.0000002,0.0000001
45490,0.0000731,0.0000002,0.0000001
45491,0.0000731,0.0000002,0.0000001
45492,0.0000731,0.0000002,0.0000001
45493,0.0000731,0.0000002,0.0000001
45494,0.0000731,0.0000002,0.0000001
45495,0.0000731,0.0000002,0.0000001
45496,0.0000731,0.0000002,0.0000001
45497,0.0000731,0.0000002,0.0000001
45498,0.0000731,0.0000002,0.0000001
45499,0.0000731,0.0000002,0.0000001
45500,0.0000731,0.0000002,0.0000001
45501,0.0000731,0.0000002,0.0000001
45502,0.0000731,0.0000002,0.0000001
45503,0.0000731,0.0000002,0.0000001
45504,0.0000731,0.0000002,0.0000001
45505,0.0000731,0.0000002,0.0000001
45506,0.0000731,0.0000002,0.0000001
45507,0.0000731,0.0000002,0.0000001
45508,0.0000730,0.0000002,0.0000001
45509,0.0000730,0.0000002,0.0000001
45510,0.0000730,0.0000002,0.0000001
45511,0.0000730,0.0000002,0.0000001
45512,0.0000730,0.0000002,0.0000001
45513,0.0000730,0.0000002,0.0000001
45514,0.0000730,0.0000002,0.0000001
45515,0.0000730,0.0000002,0.0000001
45516,0.0000730,0.0000002,0.0000001
45517,0.0000730,0.0000002,0.0000001
45518,0.0000730,0.0000002,0.0000001
45519,0.0000730,0.0000002,0.0000001
45520,0.0000730,0.0000002,0.0000001
45521,0.0000730,0.0000002,0.0000001
45522,0.0000730,0.0000002,0.0000001
45523,0.0000730,0.0000002,0.0000001
45524,0.0000730,0.0000002,0.0000001
45525,0.0000730,0.0000002,0.0000001
45526,0.0000730,0.0000002,0.0000001
45527,0.0000730,0.0000002,0.0000001
45528,0.0000730,0.0000002,0.0000001
45529,0.0000730,0.0000002,0.0000001
45530,0.0000730,0.0000002,0.0000001
45531,0.0000730,0.0000002,0.0000001
45532,0.0000730,0.0000002,0.0000001
45533,0.0000730,0.0000002,0.0000001
45534,0.0000730,0.0000002,0.0000001
45535,0.0000730,0.0000002,0.0000001
45536,0.0000730,0.0000002,0.0000001
45537,0.0000730,0.0000002,0.0000001
45538,0.0000730,0.0000002,0.0000001
45539,0.0000729,0.0000002,0.0000001
45540,0.0000729,0.0000002,0.0000001
45541,0.0000729,0.0000002,0.0000001
45542,0.0000729,0.0000002,0.0000001
45543,0.0000729,0.0000002,0.0000001
45544,0.0000729,0.0000002,0.0000001
45545,0.0000729,0.0000002,0.0000001
45546,0.0000729,0.0000002,0.0000001
45547,0.0000729,0.0000002,0.0000001
45548,0.0000729,0.0000002,0.0000001
45549,0.0000729,0.0000002,0.0000001
45550,0.0000729,0.0000002,0.0000001
45551,0.0000729,0.0000002,0.0000001
45552,0.0000729,0.0000002,0.0000001
45553,0.0000729,0.0000002,0.0000001
45554,0.0000729,0.0000002,0.0000001
45555,0.0000729,0.0000002,0.0000001
45556,0.0000729,0.0000002,0.0000001
45557,0.0000729,0.0000002,0.0000001
45558,0.0000729,0.0000002,0.0000001
45559,0.0000729,0.0000002,0.0000001
45560,0.0000729,0.0000002,0.0000001
45561,0.0000729,0.0000002,0.0000001
45562,0.0000729,0.0000002,0.0000001
45563,0.0000729,0.0000002,0.0000001
45564,0.0000729,0.0000002,0.0000001
45565,0.0000729,0.0000002,0.0000001
45566,0.0000729,0.0000002,0.0000001
45567,0.0000729,0.0000002,0.0000001
45568,0.0000729,0.0000002,0.0000001
45569,0.0000729,0.0000002,0.0000001
45570,0.0000729,0.0000002,0.0000001
45571,0.0000728,0.0000002,0.0000001
45572,0.0000728,0.0000002,0.0000001
45573,0.0000728,0.0000002,0.0000001
45574,0.0000728,0.0000002,0.0000001
45575,0.0000728,0.0000002,0.0000001
45576,0.0000728,0.0000002,0.0000001
45577,0.0000728,0.0000002,0.0000001
45578,0.0000728,0.0000002,0.0000001
45579,0.0000728,0.0000002,0.0000001
45580,0.0000728,0.0000002,0.0000001
45581,0.0000728,0.0000002,0.0000001
45582,0.0000728,0.0000002,0.0000001
45583,0.0000728,0.0000002,0.0000001
45584,0.0000728,0.0000002,0.0000001
45585,0.0000728,0.0000002,0.0000001
45586,0.0000728,0.0000002,0.0000001
45587,0.0000728,0.0000002,0.0000001
45588,0.0000728,0.0000002,0.0000001
45589,0.0000728,0.0000002,0.0000001
45590,0.0000728,0.0000002,0.0000001
45591,0.0000728,0.0000002,0.0000001
45592,0.0000728,0.0000002,0.0000001
45593,0.0000728,0.0000002,0.0000001
45594,0.0000728,0.0000002,0.0000001
45595,0.0000728,0.0000002,0.0000001
45596,0.0000728,0.0000002,0.0000001
45597,0.0000728,0.0000002,0.0000001
45598,0.0000728,0.0000002,0.0000001
45599,0.0000728,0.0000002,0.0000001
45600,0.0000728,0.0000002,0.0000001
45601,0.0000728,0.0000002,0.0000001
45602,0.0000727,0.0000002,0.0000001
45603,0.0000727,0.0000002,0.0000001
45604,0.0000727,0.0000002,0.0000001
45605,0.0000727,0.0000002,0.0000001
45606,0.0000727,0.0000002,0.0000001
45607,0.0000727,0.0000002,0.0000001
45608,0.0000727,0.0000002,0.0000001
45609,0.0000727,0.0000002,0.0000001
45610,0.0000727,0.0000002,0.0000001
45611,0.0000727,0.0000002,0.0000001
45612,0.0000727,0.0000002,0.0000001
45613,0.0000727,0.0000002,0.0000001
45614,0.0000727,0.0000002,0.0000001
45615,0.0000727,0.0000002,0.0000001
45616,0.0000727,0.0000002,0.0000001
45617,0.0000727,0.0000002,0.0000001
45618,0.0000727,0.0000002,0.0000001
45619,0.0000727,0.0000002,0.0000001
45620,0.0000727,0.0000002,0.0000001
45621,0.0000727,0.0000002,0.0000001
45622,0.0000727,0.0000002,0.0000001
45623,0.0000727,0.0000002,0.0000001
45624,0.0000727,0.0000002,0.0000001
45625,0.0000727,0.0000002,0.0000001
45626,0.0000727,0.0000002,0.0000001
45627,0.0000727,0.0000002,0.0000001
45628,0.0000727,0.0000002,0.0000001
45629,0.0000727,0.0000002,0.0000001
45630,0.0000727,0.0000002,0.0000001
45631,0.0000727,0.0000002,0.0000001
45632,0.0000727,0.0000002,0.0000001
45633,0.0000726,0.0000002,0.0000001
45634,0.0000726,0.0000002,0.0000001
45635,0.0000726,0.0000002,0.0000001
45636,0.0000726,0.0000002,0.0000001
45637,0.0000726,0.0000002,0.0000001
45638,0.0000726,0.0000002,0.0000001
45639,0.0000726,0.0000002,0.0000001
45640,0.0000726,0.0000002,0.0000001
45641,0.0000726,0.0000002,0.0000001
45642,0.0000726,0.0000002,0.0000001
45643,0.0000726,0.0000002,0.0000001
45644,0.0000726,0.0000002,0.0000001
45645,0.0000726,0.0000002,0.0000001
45646,0.0000726,0.0000002,0.0000001
45647,0.0000726,0.0000002,0.0000001
45648,0.0000726,0.0000002,0.0000001
45649,0.0000726,0.0000002,0.0000001
45650,0.0000726,0.0000002,0.0000001
45651,0.0000726,0.0000002,0.0000001
45652,0.0000726,0.0000002,0.0000001
45653,0.0000726,0.0000002,0.0000001
45654,0.0000726,0.0000002,0.0000001
45655,0.0000726,0.0000002,0.0000001
45656,0.0000726,0.0000002,0.0000001
45657,0.0000726,0.0000002,0.0000001
45658,0.0000726,0.0000002,0.0000001
45659,0.0000726,0.0000002,0.0000001
45660,0.0000726,0.0000002,0.0000001
45661,0.0000726,0.0000002,0.0000001
45662,0.0000726,0.0000002,0.0000001
45663,0.0000726,0.0000002,0.0000001
45664,0.0000726,0.0000002,0.0000001
45665,0.0000725,0.0000002,0.0000001
45666,0.0000725,0.0000002,0.0000001
45667,0.0000725,0.0000002,0.0000001
45668,0.0000725,0.0000002,0.0000001
45669,0.0000725,0.0000002,0.0000001
45670,0.0000725,0.0000002,0.0000001
45671,0.0000725,0.0000002,0.0000001
45672,0.0000725,0.0000002,0.0000001
45673,0.0000725,0.0000002,0.0000001
45674,0.0000725,0.0000002,0.0000001
45675,0.0000725,0.0000002,0.0000001
45676,0.0000725,0.0000002,0.0000001
45677,0.0000725,0.0000002,0.0000001
45678,0.0000725,0.0000002,0.0000001
45679,0.0000725,0.0000002,0.0000001
45680,0.0000725,0.0000002,0.0000001
45681,0.0000725,0.0000002,0.0000001
45682,0.0000725,0.0000002,0.0000001
45683,0.0000725,0.0000002,0.0000001
45684,0.0000725,0.0000002,0.0000001
45685,0.0000725,0.0000002,0.0000001
45686,0.0000725,0.0000002,0.0000001
45687,0.0000725,0.0000002,0.0000001
45688,0.0000725,0.0000002,0.0000001
45689,0.0000725,0.0000002,0.0000001
45690,0.0000725,0.0000002,0.0000001
45691,0.0000725,0.0000002,0.0000001
45692,0.0000725,0.0000002,0.0000001
45693,0.0000725,0.0000002,0.0000001
45694,0.0000725,0.0000002,0.0000001
45695,0.0000725,0.0000002,0.0000001
45696,0.0000724,0.0000002,0.0000001
45697,0.0000724,0.0000002,0.0000001
45698,0.0000724,0.0000002,0.0000001
45699,0.0000724,0.0000002,0.0000001
45700,0.0000724,0.0000002,0.0000001
45701,0.0000724,0.0000002,0.0000001
45702,0.0000724,0.0000002,0.0000001
45703,0.0000724,0.0000002,0.0000001
45704,0.0000724,0.0000002,0.0000001
45705,0.0000724,0.0000002,0.0000001
45706,0.0000724,0.0000002,0.0000001
45707,0.0000724,0.0000002,0.0000001
45708,0.0000724,0.0000002,0.0000001
45709,0.0000724,0.0000002,0.0000001
45710,0.0000724,0.0000002,0.0000001
45711,0.0000724,0.0000002,0.0000001
45712,0.0000724,0.0000002,0.0000001
45713,0.0000724,0.0000002,0.0000001
45714,0.0000724,0.0000002,0.0000001
45715,0.0000724,0.0000002,0.0000001
45716,0.0000724,0.0000002,0.0000001
45717,0.0000724,0.0000002,0.0000001
45718,0.0000724,0.0000002,0.0000001
45719,0.0000724,0.0000002,0.0000001
45720,0.0000724,0.0000002,0.0000001
45721,0.0000724,0.0000002,0.0000001
45722,0.0000724,0.0000002,0.0000001
45723,0.0000724,0.0000002,0.0000001
45724,0.0000724,0.0000002,0.0000001
45725,0.0000724,0.0000002,0.0000001
45726,0.0000724,0.0000002,0.0000001
45727,0.0000723,0.0000002,0.0000001
45728,0.0000723,0.0000002,0.0000001
45729,0.0000723,0.0000002,0.0000001
45730,0.0000723,0.0000002,0.0000001
45731,0.0000723,0.0000002,0.0000001
45732,0.0000723,0.0000002,0.0000001
45733,0.0000723,0.0000002,0.0000001
45734,0.0000723,0.0000002,0.0000001
45735,0.0000723,0.0000002,0.0000001
45736,0.0000723,0.0000002,0.0000001
45737,0.0000723,0.0000002,0.0000001
45738,0.0000723,0.0000002,0.0000001
45739,0.0000723,0.0000002,0.0000001
45740,0.0000723,0.0000002,0.0000001
45741,0.0000723,0.0000002,0.0000001
45742,0.0000723,0.0000002,0.0000001
45743,0.0000723,0.0000002,0.0000001
45744,0.0000723,0.0000002,0.0000001
45745,0.0000723,0.0000002,0.0000001
45746,0.0000723,0.0000002,0.0000001
45747,0.0000723,0.0000002,0.0000001
45748,0.0000723,0.0000002,0.0000001
45749,0.0000723,0.0000002,0.0000001
45750,0.0000723,0.0000002,0.0000001
45751,0.0000723,0.0000002,0.0000001
45752,0.0000723,0.0000002,0.0000001
45753,0.0000723,0.0000002,0.0000001
45754,0.0000723,0.0000002,0.0000001
45755,0.0000723,0.0000002,0.0000001
45756,0.0000723,0.0000002,0.0000001
45757,0.0000723,0.0000002,0.0000001
45758,0.0000722,0.0000002,0.0000001
45759,0.0000722,0.0000002,0.0000001
45760,0.0000722,0.0000002,0.0000001
45761,0.0000722,0.0000002,0.0000001
45762,0.0000722,0.0000002,0.0000001
45763,0.0000722,0.0000002,0.0000001
45764,0.0000722,0.0000002,0.0000001
45765,0.0000722,0.0000002,0.0000001
45766,0.0000722,0.0000002,0.0000001
45767,0.0000722,0.0000002,0.0000001
45768,0.0000722,0.0000002,0.0000001
45769,0.0000722,0.0000002,0.0000001
45770,0.0000722,0.0000002,0.0000001
45771,0.0000722,0.0000002,0.0000001
45772,0.0000722,0.0000002,0.0000001
45773,0.0000722,0.0000002,0.0000001
45774,0.0000722,0.0000002,0.0000001
45775,0.0000722,0.0000002,0.0000001
45776,0.0000722,0.0000002,0.0000001
45777,0.0000722,0.0000002,0.0000001
45778,0.0000722,0.0000002,0.0000001
45779,0.0000722,0.0000002,0.0000001
45780,0.0000722,0.0000002,0.0000001
45781,0.0000722,0.0000002,0.0000001
45782,0.0000722,0.0000002,0.0000001
45783,0.0000722,0.0000002,0.0000001
45784,0.0000722,0.0000002,0.0000001
45785,0.0000722,0.0000002,0.0000001
45786,0.0000722,0.0000002,0.0000001
45787,0.0000722,0.0000002,0.0000001
45788,0.0000722,0.0000002,0.0000001
45789,0.0000722,0.0000002,0.0000001
45790,0.0000721,0.0000002,0.0000001
45791,0.0000721,0.0000002,0.0000001
45792,0.0000721,0.0000002,0.0000001
45793,0.0000721,0.0000002,0.0000001
45794,0.0000721,0.0000002,0.0000001
45795,0.0000721,0.0000002,0.0000001
45796,0.0000721,0.0000002,0.0000001
45797,0.0000721,0.0000002,0.0000001
45798,0.0000721,0.0000002,0.0000001
45799,0.0000721,0.0000002,0.0000001
45800,0.0000721,0.0000002,0.0000001
45801,0.0000721,0.0000002,0.0000001
45802,0.0000721,0.0000002,0.0000001
45803,0.0000721,0.0000002,0.0000001
45804,0.0000721,0.0000002,0.0000001
45805,0.0000721,0.0000002,0.0000001
45806,0.0000721,0.0000002,0.0000001
45807,0.0000721,0.0000002,0.0000001
45808,0.0000721,0.0000002,0.0000001
45809,0.0000721,0.0000002,0.0000001
45810,0.0000721,0.0000002,0.0000001
45811,0.0000721,0.0000002,0.0000001
45812,0.0000721,0.0000002,0.0000001
45813,0.0000721,0.0000002,0.0000001
45814,0.0000721,0.0000002,0.0000001
45815,0.0000721,0.0000002,0.0000001
45816,0.0000721,0.0000002,0.0000001
45817,0.0000721,0.0000002,0.0000001
45818,0.0000721,0.0000002,0.0000001
45819,0.0000721,0.0000002,0.0000001
45820,0.0000721,0.0000002,0.0000001
45821,0.0000720,0.0000002,0.0000001
45822,0.0000720,0.0000002,0.0000001
45823,0.0000720,0.0000002,0.0000001
45824,0.0000720,0.0000002,0.0000001
45825,0.0000720,0.0000002,0.0000001
45826,0.0000720,0.0000002,0.0000001
45827,0.0000720,0.0000002,0.0000001
45828,0.0000720,0.0000002,0.0000001
45829,0.0000720,0.0000002,0.0000001
45830,0.0000720,0.0000002,0.0000001
45831,0.0000720,0.0000002,0.0000001
45832,0.0000720,0.0000002,0.0000001
45833,0.0000720,0.0000002,0.0000001
45834,0.0000720,0.0000002,0.0000001
45835,0.0000720,0.0000002,0.0000001
45836,0.0000720,0.0000002,0.0000001
45837,0.0000720,0.0000002,0.0000001
45838,0.0000720,0.0000002,0.0000001
45839,0.0000720,0.0000002,0.0000001
45840,0.0000720,0.0000002,0.0000001
45841,0.0000720,0.0000002,0.0000001
45842,0.0000720,0.0000002,0.0000001
45843,0.0000720,0.0000002,0.0000001
45844,0.0000720,0.0000002,0.0000001
45845,0.0000720,0.0000002,0.0000001
45846,0.0000720,0.0000002,0.0000001
45847,0.0000720,0.0000002,0.0000001
45848,0.0000720,0.0000002,0.0000001
45849,0.0000720,0.0000002,0.0000001
45850,0.0000720,0.0000002,0.0000001
45851,0.0000720,0.0000002,0.0000001
45852,0.0000719,0.0000002,0.0000001
45853,0.0000719,0.0000002,0.0000001
45854,0.0000719,0.0000002,0.0000001
45855,0.0000719,0.0000002,0.0000001
45856,0.0000719,0.0000002,0.0000001
45857,0.0000719,0.0000002,0.0000001
45858,0.0000719,0.0000002,0.0000001
45859,0.0000719,0.0000002,0.0000001
45860,0.0000719,0.0000002,0.0000001
45861,0.0000719,0.0000002,0.0000001
45862,0.0000719,0.0000002,0.0000001
45863,0.0000719,0.0000002,0.0000001
45864,0.0000719,0.0000002,0.0000001
45865,0.0000719,0.0000002,0.0000001
45866,0.0000719,0.0000002,0.0000001
45867,0.0000719,0.0000002,0.0000001
45868,0.0000719,0.0000002,0.0000001
45869,0.0000719,0.0000002,0.0000001
45870,0.0000719,0.0000002,0.0000001
45871,0.0000719,0.0000002,0.0000001
45872,0.0000719,0.0000002,0.0000001
45873,0.0000719,0.0000002,0.0000001
45874,0.0000719,0.0000002,0.0000001
45875,0.0000719,0.0000002,0.0000001
45876,0.0000719,0.0000002,0.0000001
45877,0.0000719,0.0000002,0.0000001
45878,0.0000719,0.0000002,0.0000001
45879,0.0000719,0.0000002,0.0000001
45880,0.0000719,0.0000002,0.0000001
45881,0.0000719,0.0000002,0.0000001
45882,0.0000719,0.0000002,0.0000001
45883,0.0000718,0.0000002,0.0000001
45884,0.0000718,0.0000002,0.0000001
45885,0.0000718,0.0000002,0.0000001
45886,0.0000718,0.0000002,0.0000001
45887,0.0000718,0.0000002,0.0000001
45888,0.0000718,0.0000002,0.0000001
45889,0.0000718,0.0000002,0.0000001
45890,0.0000718,0.0000002,0.0000001
45891,0.0000718,0.0000002,0.0000001
45892,0.0000718,0.0000002,0.0000001
45893,0.0000718,0.0000002,0.0000001
45894,0.0000718,0.0000002,0.0000001
45895,0.0000718,0.0000002,0.0000001
45896,0.0000718,0.0000002,0.0000001
45897,0.0000718,0.0000002,0.0000001
45898,0.0000718,0.0000002,0.0000001
45899,0.0000718,0.0000002,0.0000001
45900,0.0000718,0.0000002,0.0000001
45901,0.0000718,0.0000002,0.0000001
45902,0.0000718,0.0000002,0.0000001
45903,0.0000718,0.0000002,0.0000001
45904,0.0000718,0.0000002,0.0000001
45905,0.0000718,0.0000002,0.0000001
45906,0.0000718,0.0000002,0.0000001
45907,0.0000718,0.0000002,0.0000001
45908,0.0000718,0.0000002,0.0000001
45909,0.0000718,0.0000002,0.0000001
45910,0.0000718,0.0000002,0.0000001
45911,0.0000718,0.0000002,0.0000001
45912,0.0000718,0.0000002,0.0000001
45913,0.0000718,0.0000002,0.0000001
45914,0.0000717,0.0000002,0.0000001
45915,0.0000717,0.0000002,0.0000001
45916,0.0000717,0.0000002,0.0000001
45917,0.0000717,0.0000002,0.0000001
45918,0.0000717,0.0000002,0.0000001
45919,0.0000717,0.0000002,0.0000001
45920,0.0000717,0.0000002,0.0000001
45921,0.0000717,0.0000002,0.0000001
45922,0.0000717,0.0000002,0.0000001
45923,0.0000717,0.0000002,0.0000001
45924,0.0000717,0.0000002,0.0000001
45925,0.0000717,0.0000002,0.0000001
45926,0.0000717,0.0000002,0.0000001
45927,0.0000717,0.0000002,0.0000001
45928,0.0000717,0.0000002,0.0000001
45929,0.0000717,0.0000002,0.0000001
45930,0.0000717,0.0000002,0.0000001
45931,0.0000717,0.0000002,0.0000001
45932,0.0000717,0.0000002,0.0000001
45933,0.0000717,0.0000002,0.0000001
45934,0.0000717,0.0000002,0.0000001
45935,0.0000717,0.0000002,0.0000001
45936,0.0000717,0.0000002,0.0000001
45937,0.0000717,0.0000002,0.0000001
45938,0.0000717,0.0000002,0.0000001
45939,0.0000717,0.0000002,0.0000001
45940,0.0000717,0.0000002,0.0000001
45941,0.0000717,0.0000002,0.0000001
45942,0.0000717,0.0000002,0.0000001
45943,0.0000717,0.0000002,0.0000001
45944,0.0000717,0.0000002,0.0000001
45945,0.0000717,0.0000002,0.0000001
45946,0.0000716,0.0000002,0.0000001
45947,0.0000716,0.0000002,0.0000001
45948,0.0000716,0.0000002,0.0000001
45949,0.0000716,0.0000002,0.0000001
45950,0.0000716,0.0000002,0.0000001
45951,0.0000716,0.0000002,0.0000001
45952,0.0000716,0.0000002,0.0000001
45953,0.0000716,0.0000002,0.0000001
45954,0.0000716,0.0000002,0.0000001
45955,0.0000716,0.0000002,0.0000001
45956,0.0000716,0.0000002,0.0000001
45957,0.0000716,0.0000002,0.0000001
45958,0.0000716,0.0000002,0.0000001
45959,0.0000716,0.0000002,0.0000001
45960,0.0000716,0.0000002,0.0000001
45961,0.0000716,0.0000002,0.0000001
45962,0.0000716,0.0000002,0.0000001
45963,0.0000716,0.0000002,0.0000001
45964,0.0000716,0.0000002,0.0000001
45965,0.0000716,0.0000002,0.0000001
45966,0.0000716,0.0000002,0.0000001
45967,0.0000716,0.0000002,0.0000001
45968,0.0000716,0.0000002,0.0000001
45969,0.0000716,0.0000002,0.0000001
45970,0.0000716,0.0000002,0.0000001
45971,0.0000716,0.0000002,0.0000001
45972,0.0000716,0.0000002,0.0000001
45973,0.0000716,0.0000002,0.0000001
45974,0.0000716,0.0000002,0.0000001
45975,0.0000716,0.0000002,0.0000001
45976,0.0000716,0.0000002,0.0000001
45977,0.0000715,0.0000002,0.0000001
45978,0.0000715,0.0000002,0.0000001
45979,0.0000715,0.0000002,0.0000001
45980,0.0000715,0.0000002,0.0000001
45981,0.0000715,0.0000002,0.0000001
45982,0.0000715,0.0000002,0.0000001
45983,0.0000715,0.0000002,0.0000001
45984,0.0000715,0.0000002,0.0000001
45985,0.0000715,0.0000002,0.0000001
45986,0.0000715,0.0000002,0.0000001
45987,0.0000715,0.0000002,0.0000001
45988,0.0000715,0.0000002,0.0000001
45989,0.0000715,0.0000002,0.0000001
45990,0.0000715,0.0000002,0.0000001
45991,0.0000715,0.0000002,0.0000001
45992,0.0000715,0.0000002,0.0000001
45993,0.0000715,0.0000002,0.0000001
45994,0.0000715,0.0000002,0.0000001
45995,0.0000715,0.0000002,0.0000001
45996,0.0000715,0.0000002,0.0000001
45997,0.0000715,0.0000002,0.0000001
45998,0.0000715,0.0000002,0.0000001
45999,0.0000715,0.0000002,0.0000001
46000,0.0000715,0.0000002,0.0000001
46001,0.0000715,0.0000002,0.0000001
46002,0.0000715,0.0000002,0.0000001
46003,0.0000715,0.0000002,0.0000001
46004,0.0000715,0.0000002,0.0000001
46005,0.0000715,0.0000002,0.0000001
46006,0.0000715,0.0000002,0.0000001
46007,0.0000715,0.0000002,0.0000001
46008,0.0000714,0.0000002,0.0000001
46009,0.0000714,0.0000002,0.0000001
46010,0.0000714,0.0000002,0.0000001
46011,0.0000714,0.0000002,0.0000001
46012,0.0000714,0.0000002,0.0000001
46013,0.0000714,0.0000002,0.0000001
46014,0.0000714,0.0000002,0.0000001
46015,0.0000714,0.0000002,0.0000001
46016,0.0000714,0.0000002,0.0000001
46017,0.0000714,0.0000002,0.0000001
46018,0.0000714,0.0000002,0.0000001
46019,0.0000714,0.0000002,0.0000001
46020,0.0000714,0.0000002,0.0000001
46021,0.0000714,0.0000002,0.0000001
46022,0.0000714,0.0000002,0.0000001
46023,0.0000714,0.0000002,0.0000001
46024,0.0000714,0.0000002,0.0000001
46025,0.0000714,0.0000002,0.0000001
46026,0.0000714,0.0000002,0.0000001
46027,0.0000714,0.0000002,0.0000001
46028,0.0000714,0.0000002,0.0000001
46029,0.0000714,0.0000002,0.0000001
46030,0.0000714,0.0000002,0.0000001
46031,0.0000714,0.0000002,0.0000001
46032,0.0000714,0.0000002,0.0000001
46033,0.0000714,0.0000002,0.0000001
46034,0.0000714,0.0000002,0.0000001
46035,0.0000714,0.0000002,0.0000001
46036,0.0000714,0.0000002,0.0000001
46037,0.0000714,0.0000002,0.0000001
46038,0.0000714,0.0000002,0.0000001
46039,0.0000713,0.0000002,0.0000001
46040,0.0000713,0.0000002,0.0000001
46041,0.0000713,0.0000002,0.0000001
46042,0.0000713,0.0000002,0.0000001
46043,0.0000713,0.0000002,0.0000001
46044,0.0000713,0.0000002,0.0000001
46045,0.0000713,0.0000002,0.0000001
46046,0.0000713,0.0000002,0.0000001
46047,0.0000713,0.0000002,0.0000001
46048,0.0000713,0.0000002,0.0000001
46049,0.0000713,0.0000002,0.0000001
46050,0.0000713,0.0000002,0.0000001
46051,0.0000713,0.0000002,0.0000001
46052,0.0000713,0.0000002,0.0000001
46053,0.0000713,0.0000002,0.0000001
46054,0.0000713,0.0000002,0.0000001
46055,0.0000713,0.0000002,0.0000001
46056,0.0000713,0.0000002,0.0000001
46057,0.0000713,0.0000002,0.0000001
46058,0.0000713,0.0000002,0.0000001
46059,0.0000713,0.0000002,0.0000001
46060,0.0000713,0.0000002,0.0000001
46061,0.0000713,0.0000002,0.0000001
46062,0.0000713,0.0000002,0.0000001
46063,0.0000713,0.0000002,0.0000001
46064,0.0000713,0.0000002,0.0000001
46065,0.0000713,0.0000002,0.0000001
46066,0.0000713,0.0000002,0.0000001
46067,0.0000713,0.0000002,0.0000001
46068,0.0000713,0.0000002,0.0000001
46069,0.0000713,0.0000002,0.0000001
46070,0.0000712,0.0000002,0.0000001
46071,0.0000712,0.0000002,0.0000001
46072,0.0000712,0.0000002,0.0000001
46073,0.0000712,0.0000002,0.0000001
46074,0.0000712,0.0000002,0.0000001
46075,0.0000712,0.0000002,0.0000001
46076,0.0000712,0.0000002,0.0000001
46077,0.0000712,0.0000002,0.0000001
46078,0.0000712,0.0000002,0.0000001
46079,0.0000712,0.0000002,0.0000001
46080,0.0000712,0.0000002,0.0000001
46081,0.0000712,0.0000002,0.0000001
46082,0.0000712,0.0000002,0.0000001
46083,0.0000712,0.0000002,0.0000001
46084,0.0000712,0.0000002,0.0000001
46085,0.0000712,0.0000002,0.0000001
46086,0.0000712,0.0000002,0.0000001
46087,0.0000712,0.0000002,0.0000001
46088,0.0000712,0.0000002,0.0000001
46089,0.0000712,0.0000002,0.0000001
46090,0.0000712,0.0000002,0.0000001
46091,0.0000712,0.0000002,0.0000001
46092,0.0000712,0.0000002,0.0000001
46093,0.0000712,0.0000002,0.0000001
46094,0.0000712,0.0000002,0.0000001
46095,0.0000712,0.0000002,0.0000001
46096,0.0000712,0.0000002,0.0000001
46097,0.0000712,0.0000002,0.0000001
46098,0.0000712,0.0000002,0.0000001
46099,0.0000712,0.0000002,0.0000001
46100,0.0000712,0.0000002,0.0000001
46101,0.0000712,0.0000002,0.0000001
46102,0.0000711,0.0000002,0.0000001
46103,0.0000711,0.0000002,0.0000001
46104,0.0000711,0.0000002,0.0000001
46105,0.0000711,0.0000002,0.0000001
46106,0.0000711,0.0000002,0.0000001
46107,0.0000711,0.0000002,0.0000001
46108,0.0000711,0.0000002,0.0000001
46109,0.0000711,0.0000002,0.0000001
46110,0.0000711,0.0000002,0.0000001
46111,0.0000711,0.0000002,0.0000001
46112,0.0000711,0.0000002,0.0000001
46113,0.0000711,0.0000002,0.0000001
46114,0.0000711,0.0000002,0.0000001
46115,0.0000711,0.0000002,0.0000001
46116,0.0000711,0.0000002,0.0000001
46117,0.0000711,0.0000002,0.0000001
46118,0.0000711,0.0000002,0.0000001
46119,0.0000711,0.0000002,0.0000001
46120,0.0000711,0.0000002,0.0000001
46121,0.0000711,0.0000002,0.0000001
46122,0.0000711,0.0000002,0.0000001
46123,0.0000711,0.0000002,0.0000001
46124,0.0000711,0.0000002,0.0000001
46125,0.0000711,0.0000002,0.0000001
46126,0.0000711,0.0000002,0.0000001
46127,0.0000711,0.0000002,0.0000001
46128,0.0000711,0.0000002,0.0000001
46129,0.0000711,0.0000002,0.0000001
46130,0.0000711,0.0000002,0.0000001
46131,0.0000711,0.0000002,0.0000001
46132,0.0000711,0.0000002,0.0000001
46133,0.0000710,0.0000002,0.0000001
46134,0.0000710,0.0000002,0.0000001
46135,0.0000710,0.0000002,0.0000001
46136,0.0000710,0.0000002,0.0000001
46137,0.0000710,0.0000002,0.0000001
46138,0.0000710,0.0000002,0.0000001
46139,0.0000710,0.0000002,0.0000001
46140,0.0000710,0.0000002,0.0000001
46141,0.0000710,0.0000002,0.0000001
46142,0.0000710,0.0000002,0.0000001
46143,0.0000710,0.0000002,0.0000001
46144,0.0000710,0.0000002,0.0000001
46145,0.0000710,0.0000002,0.0000001
46146,0.0000710,0.0000002,0.0000001
46147,0.0000710,0.0000002,0.0000001
46148,0.0000710,0.0000002,0.0000001
46149,0.0000710,0.0000002,0.0000001
46150,0.0000710,0.0000002,0.0000001
46151,0.0000710,0.0000002,0.0000001
46152,0.0000710,0.0000002,0.0000001
46153,0.0000710,0.0000002,0.0000001
46154,0.0000710,0.0000002,0.0000001
46155,0.0000710,0.0000002,0.0000001
46156,0.0000710,0.0000002,0.0000001
46157,0.0000710,0.0000002,0.0000001
46158,0.0000710,0.0000002,0.0000001
46159,0.0000710,0.0000002,0.0000001
46160,0.0000710,0.0000002,0.0000001
46161,0.0000710,0.0000002,0.0000001
46162,0.0000710,0.0000002,0.0000001
46163,0.0000710,0.0000002,0.0000001
46164,0.0000709,0.0000002,0.0000001
46165,0.0000709,0.0000002,0.0000001
46166,0.0000709,0.0000002,0.0000001
46167,0.0000709,0.0000002,0.0000001
46168,0.0000709,0.0000002,0.0000001
46169,0.0000709,0.0000002,0.0000001
46170,0.0000709,0.0000002,0.0000001
46171,0.0000709,0.0000002,0.0000001
46172,0.0000709,0.0000002,0.0000001
46173,0.0000709,0.0000002,0.0000001
46174,0.0000709,0.0000002,0.0000001
46175,0.0000709,0.0000002,0.0000001
46176,0.0000709,0.0000002,0.0000001
46177,0.0000709,0.0000002,0.0000001
46178,0.0000709,0.0000002,0.0000001
46179,0.0000709,0.0000002,0.0000001
46180,0.0000709,0.0000002,0.0000001
46181,0.0000709,0.0000002,0.0000001
46182,0.0000709,0.0000002,0.0000001
46183,0.0000709,0.0000002,0.0000001
46184,0.0000709,0.0000002,0.0000001
46185,0.0000709,0.0000002,0.0000001
46186,0.0000709,0.0000002,0.0000001
46187,0.0000709,0.0000002,0.0000001
46188,0.0000709,0.0000002,0.0000001
46189,0.0000709,0.0000002,0.0000001
46190,0.0000709,0.0000002,0.0000001
46191,0.0000709,0.0000002,0.0000001
46192,0.0000709,0.0000002,0.0000001
46193,0.0000709,0.0000002,0.0000001
46194,0.0000709,0.0000002,0.0000001
46195,0.0000708,0.0000002,0.0000001
46196,0.0000708,0.0000002,0.0000001
46197,0.0000708,0.0000002,0.0000001
46198,0.0000708,0.0000002,0.0000001
46199,0.0000708,0.0000002,0.0000001
46200,0.0000708,0.0000002,0.0000001
46201,0.0000708,0.0000002,0.0000001
46202,0.0000708,0.0000002,0.0000001
46203,0.0000708,0.0000002,0.0000001
46204,0.0000708,0.0000002,0.0000001
46205,0.0000708,0.0000002,0.0000001
46206,0.0000708,0.0000002,0.0000001
46207,0.0000708,0.0000002,0.0000001
46208,0.0000708,0.0000002,0.0000001
46209,0.0000708,0.0000002,0.0000001
46210,0.0000708,0.0000002,0.0000001
46211,0.0000708,0.0000002,0.0000001
46212,0.0000708,0.0000002,0.0000001
46213,0.0000708,0.0000002,0.0000001
46214,0.0000708,0.0000002,0.0000001
46215,0.0000708,0.0000002,0.0000001
46216,0.0000708,0.0000002,0.0000001
46217,0.0000708,0.0000002,0.0000001
46218,0.0000708,0.0000002,0.0000001
46219,0.0000708,0.0000002,0.0000001
46220,0.0000708,0.0000002,0.0000001
46221,0.0000708,0.0000002,0.0000001
46222,0.0000708,0.0000002,0.0000001
46223,0.0000708,0.0000002,0.0000001
46224,0.0000708,0.0000002,0.0000001
46225,0.0000708,0.0000002,0.0000001
46226,0.0000707,0.0000002,0.0000001
46227,0.0000707,0.0000002,0.0000001
46228,0.0000707,0.0000002,0.0000001
46229,0.0000707,0.0000002,0.0000001
46230,0.0000707,0.0000002,0.0000001
46231,0.0000707,0.0000002,0.0000001
46232,0.0000707,0.0000002,0.0000001
46233,0.0000707,0.0000002,0.0000001
46234,0.0000707,0.0000002,0.0000001
46235,0.0000707,0.0000002,0.0000001
46236,0.0000707,0.0000002,0.0000001
46237,0.0000707,0.0000002,0.0000001
46238,0.0000707,0.0000002,0.0000001
46239,0.0000707,0.0000002,0.0000001
46240,0.0000707,0.0000002,0.0000001
46241,0.0000707,0.0000002,0.0000001
46242,0.0000707,0.0000002,0.0000001
46243,0.0000707,0.0000002,0.0000001
46244,0.0000707,0.0000002,0.0000001
46245,0.0000707,0.0000002,0.0000001
46246,0.0000707,0.0000002,0.0000001
46247,0.0000707,0.0000002,0.0000001
46248,0.0000707,0.0000002,0.0000001
46249,0.0000707,0.0000002,0.0000001
46250,0.0000707,0.0000002,0.0000001
46251,0.0000707,0.0000002,0.0000001
46252,0.0000707,0.0000002,0.0000001
46253,0.0000707,0.0000002,0.0000001
46254,0.0000707,0.0000002,0.0000001
46255,0.0000707,0.0000002,0.0000001
46256,0.0000707,0.0000002,0.0000001
46257,0.0000707,0.0000002,0.0000001
46258,0.0000706,0.0000002,0.0000001
46259,0.0000706,0.0000002,0.0000001
46260,0.0000706,0.0000002,0.0000001
46261,0.0000706,0.0000002,0.0000001
46262,0.0000706,0.0000002,0.0000001
46263,0.0000706,0.0000002,0.0000001
46264,0.0000706,0.0000002,0.0000001
46265,0.0000706,0.0000002,0.0000001
46266,0.0000706,0.0000002,0.0000001
46267,0.0000706,0.0000002,0.0000001
46268,0.0000706,0.0000002,0.0000001
46269,0.0000706,0.0000002,0.0000001
46270,0.0000706,0.0000002,0.0000001
46271,0.0000706,0.0000002,0.0000001
46272,0.0000706,0.0000002,0.0000001
46273,0.0000706,0.0000002,0.0000001
46274,0.0000706,0.0000002,0.0000001
46275,0.0000706,0.0000002,0.0000001
46276,0.0000706,0.0000002,0.0000001
46277,0.0000706,0.0000002,0.0000001
46278,0.0000706,0.0000002,0.0000001
46279,0.0000706,0.0000002,0.0000001
46280,0.0000706,0.0000002,0.0000001
46281,0.0000706,0.0000002,0.0000001
46282,0.0000706,0.0000002,0.0000001
46283,0.0000706,0.0000002,0.0000001
46284,0.0000706,0.0000002,0.0000001
46285,0.0000706,0.0000002,0.0000001
46286,0.0000706,0.0000002,0.0000001
46287,0.0000706,0.0000002,0.0000001
46288,0.0000706,0.0000002,0.0000001
46289,0.0000705,0.0000002,0.0000001
46290,0.0000705,0.0000002,0.0000001
46291,0.0000705,0.0000002,0.0000001
46292,0.0000705,0.0000002,0.0000001
46293,0.0000705,0.0000002,0.0000001
46294,0.0000705,0.0000002,0.0000001
46295,0.0000705,0.0000002,0.0000001
46296,0.0000705,0.0000002,0.0000001
46297,0.0000705,0.0000002,0.0000001
46298,0.0000705,0.0000002,0.0000001
46299,0.0000705,0.0000002,0.0000001
46300,0.0000705,0.0000002,0.0000001
46301,0.0000705,0.0000002,0.0000001
46302,0.0000705,0.0000002,0.0000001
46303,0.0000705,0.0000002,0.0000001
46304,0.0000705,0.0000002,0.0000001
46305,0.0000705,0.0000002,0.0000001
46306,0.0000705,0.0000002,0.0000001
46307,0.0000705,0.0000002,0.0000001
46308,0.0000705,0.0000002,0.0000001
46309,0.0000705,0.0000002,0.0000001
46310,0.0000705,0.0000002,0.0000001
46311,0.0000705,0.0000002,0.0000001
46312,0.0000705,0.0000002,0.0000001
46313,0.0000705,0.0000002,0.0000001
46314,0.0000705,0.0000002,0.0000001
46315,0.0000705,0.0000002,0.0000001
46316,0.0000705,0.0000002,0.0000001
46317,0.0000705,0.0000002,0.0000001
46318,0.0000705,0.0000002,0.0000001
46319,0.0000705,0.0000002,0.0000001
46320,0.0000704,0.0000002,0.0000001
46321,0.0000704,0.0000002,0.0000001
46322,0.0000704,0.0000002,0.0000001
46323,0.0000704,0.0000002,0.0000001
46324,0.0000704,0.0000002,0.0000001
46325,0.0000704,0.0000002,0.0000001
46326,0.0000704,0.0000002,0.0000001
46327,0.0000704,0.0000002,0.0000001
46328,0.0000704,0.0000002,0.0000001
46329,0.0000704,0.0000002,0.0000001
46330,0.0000704,0.0000002,0.0000001
46331,0.0000704,0.0000002,0.0000001
46332,0.0000704,0.0000002,0.0000001
46333,0.0000704,0.0000002,0.0000001
46334,0.0000704,0.0000002,0.0000001
46335,0.0000704,0.0000002,0.0000001
46336,0.0000704,0.0000002,0.0000001
46337,0.0000704,0.0000002,0.0000001
46338,0.0000704,0.0000002,0.0000001
46339,0.0000704,0.0000002,0.0000001
46340,0.0000704,0.0000002,0.0000001
46341,0.0000704,0.0000002,0.0000001
46342,0.0000704,0.0000002,0.0000001
46343,0.0000704,0.0000002,0.0000001
46344,0.0000704,0.0000002,0.0000001
46345,0.0000704,0.0000002,0.0000001
46346,0.0000704,0.0000002,0.0000001
46347,0.0000704,0.0000002,0.0000001
46348,0.0000704,0.0000002,0.0000001
46349,0.0000704,0.0000002,0.0000001
46350,0.0000704,0.0000002,0.0000001
46351,0.0000703,0.0000002,0.0000001
46352,0.0000703,0.0000002,0.0000001
46353,0.0000703,0.0000002,0.0000001
46354,0.0000703,0.0000002,0.0000001
46355,0.0000703,0.0000002,0.0000001
46356,0.0000703,0.0000002,0.0000001
46357,0.0000703,0.0000002,0.0000001
46358,0.0000703,0.0000002,0.0000001
46359,0.0000703,0.0000002,0.0000001
46360,0.0000703,0.0000002,0.0000001
46361,0.0000703,0.0000002,0.0000001
46362,0.0000703,0.0000002,0.0000001
46363,0.0000703,0.0000002,0.0000001
46364,0.0000703,0.0000002,0.0000001
46365,0.0000703,0.0000002,0.0000001
46366,0.0000703,0.0000002,0.0000001
46367,0.0000703,0.0000002,0.0000001
46368,0.0000703,0.0000002,0.0000001
46369,0.0000703,0.0000002,0.0000001
46370,0.0000703,0.0000002,0.0000001
46371,0.0000703,0.0000002,0.0000001
46372,0.0000703,0.0000002,0.0000001
46373,0.0000703,0.0000002,0.0000001
46374,0.0000703,0.0000002,0.0000001
46375,0.0000703,0.0000002,0.0000001
46376,0.0000703,0.0000002,0.0000001
46377,0.0000703,0.0000002,0.0000001
46378,0.0000703,0.0000002,0.0000001
46379,0.0000703,0.0000002,0.0000001
46380,0.0000703,0.0000002,0.0000001
46381,0.0000703,0.0000002,0.0000001
46382,0.0000703,0.0000002,0.0000001
46383,0.0000702,0.0000002,0.0000001
46384,0.0000702,0.0000002,0.0000001
46385,0.0000702,0.0000002,0.0000001
46386,0.0000702,0.0000002,0.0000001
46387,0.0000702,0.0000002,0.0000001
46388,0.0000702,0.0000002,0.0000001
46389,0.0000702,0.0000002,0.0000001
46390,0.0000702,0.0000002,0.0000001
46391,0.0000702,0.0000002,0.0000001
46392,0.0000702,0.0000002,0.0000001
46393,0.0000702,0.0000002,0.0000001
46394,0.0000702,0.0000002,0.0000001
46395,0.0000702,0.0000002,0.0000001
46396,0.0000702,0.0000002,0.0000001
46397,0.0000702,0.0000002,0.0000001
46398,0.0000702,0.0000002,0.0000001
46399,0.0000702,0.0000002,0.0000001
46400,0.0000702,0.0000002,0.0000001
46401,0.0000702,0.0000002,0.0000001
46402,0.0000702,0.0000002,0.0000001
46403,0.0000702,0.0000002,0.0000001
46404,0.0000702,0.0000002,0.0000001
46405,0.0000702,0.0000002,0.0000001
46406,0.0000702,0.0000002,0.0000001
46407,0.0000702,0.0000002,0.0000001
46408,0.0000702,0.0000002,0.0000001
46409,0.0000702,0.0000002,0.0000001
46410,0.0000702,0.0000002,0.0000001
46411,0.0000702,0.0000002,0.0000001
46412,0.0000702,0.0000002,0.0000001
46413,0.0000702,0.0000002,0.0000001
46414,0.0000701,0.0000002,0.0000001
46415,0.0000701,0.0000002,0.0000001
46416,0.0000701,0.0000002,0.0000001
46417,0.0000701,0.0000002,0.0000001
46418,0.0000701,0.0000002,0.0000001
46419,0.0000701,0.0000002,0.0000001
46420,0.0000701,0.0000002,0.0000001
46421,0.0000701,0.0000002,0.0000001
46422,0.0000701,0.0000002,0.0000001
46423,0.0000701,0.0000002,0.0000001
46424,0.0000701,0.0000002,0.0000001
46425,0.0000701,0.0000002,0.0000001
46426,0.0000701,0.0000002,0.0000001
46427,0.0000701,0.0000002,0.0000001
46428,0.0000701,0.0000002,0.0000001
46429,0.0000701,0.0000002,0.0000001
46430,0.0000701,0.0000002,0.0000001
46431,0.0000701,0.0000002,0.0000001
46432,0.0000701,0.0000002,0.0000001
46433,0.0000701,0.0000002,0.0000001
46434,0.0000701,0.0000002,0.0000001
46435,0.0000701,0.0000002,0.0000001
46436,0.0000701,0.0000002,0.0000001
46437,0.0000701,0.0000002,0.0000001
46438,0.0000701,0.0000002,0.0000001
46439,0.0000701,0.0000002,0.0000001
46440,0.0000701,0.0000002,0.0000001
46441,0.0000701,0.0000002,0.0000001
46442,0.0000701,0.0000002,0.0000001
46443,0.0000701,0.0000002,0.0000001
46444,0.0000701,0.0000002,0.0000001
46445,0.0000700,0.0000002,0.0000001
46446,0.0000700,0.0000002,0.0000001
46447,0.0000700,0.0000002,0.0000001
46448,0.0000700,0.0000002,0.0000001
46449,0.0000700,0.0000002,0.0000001
46450,0.0000700,0.0000002,0.0000001
46451,0.0000700,0.0000002,0.0000001
46452,0.0000700,0.0000002,0.0000001
46453,0.0000700,0.0000002,0.0000001
46454,0.0000700,0.0000002,0.0000001
46455,0.0000700,0.0000002,0.0000001
46456,0.0000700,0.0000002,0.0000001
46457,0.0000700,0.0000002,0.0000001
46458,0.0000700,0.0000002,0.0000001
46459,0.0000700,0.0000002,0.0000001
46460,0.0000700,0.0000002,0.0000001
46461,0.0000700,0.0000002,0.0000001
46462,0.0000700,0.0000002,0.0000001
46463,0.0000700,0.0000002,0.0000001
46464,0.0000700,0.0000002,0.0000001
46465,0.0000700,0.0000002,0.0000001
46466,0.0000700,0.0000002,0.0000001
46467,0.0000700,0.0000002,0.0000001
46468,0.0000700,0.0000002,0.0000001
46469,0.0000700,0.0000002,0.0000001
46470,0.0000700,0.0000002,0.0000001
46471,0.0000700,0.0000002,0.0000001
46472,0.0000700,0.0000002,0.0000001
46473,0.0000700,0.0000002,0.0000001
46474,0.0000700,0.0000002,0.0000001
46475,0.0000700,0.0000002,0.0000001
46476,0.0000700,0.0000002,0.0000001
46477,0.0000699,0.0000002,0.0000001
46478,0.0000699,0.0000002,0.0000001
46479,0.0000699,0.0000002,0.0000001
46480,0.0000699,0.0000002,0.0000001
46481,0.0000699,0.0000002,0.0000001
46482,0.0000699,0.0000002,0.0000001
46483,0.0000699,0.0000002,0.0000001
46484,0.0000699,0.0000002,0.0000001
46485,0.0000699,0.0000002,0.0000001
46486,0.0000699,0.0000002,0.0000001
46487,0.0000699,0.0000002,0.0000001
46488,0.0000699,0.0000002,0.0000001
46489,0.0000699,0.0000002,0.0000001
46490,0.0000699,0.0000002,0.0000001
46491,0.0000699,0.0000002,0.0000001
46492,0.0000699,0.0000002,0.0000001
46493,0.0000699,0.0000002,0.0000001
46494,0.0000699,0.0000002,0.0000001
46495,0.0000699,0.0000002,0.0000001
46496,0.0000699,0.0000002,0.0000001
46497,0.0000699,0.0000002,0.0000001
46498,0.0000699,0.0000002,0.0000001
46499,0.0000699,0.0000002,0.0000001
46500,0.0000699,0.0000002,0.0000001
46501,0.0000699,0.0000002,0.0000001
46502,0.0000699,0.0000002,0.0000001
46503,0.0000699,0.0000002,0.0000001
46504,0.0000699,0.0000002,0.0000001
46505,0.0000699,0.0000002,0.0000001
46506,0.0000699,0.0000002,0.0000001
46507,0.0000699,0.0000002,0.0000001
46508,0.0000698,0.0000002,0.0000001
46509,0.0000698,0.0000002,0.0000001
46510,0.0000698,0.0000002,0.0000001
46511,0.0000698,0.0000002,0.0000001
46512,0.0000698,0.0000002,0.0000001
46513,0.0000698,0.0000002,0.0000001
46514,0.0000698,0.0000002,0.0000001
46515,0.0000698,0.0000002,0.0000001
46516,0.0000698,0.0000002,0.0000001
46517,0.0000698,0.0000002,0.0000001
46518,0.0000698,0.0000002,0.0000001
46519,0.0000698,0.0000002,0.0000001
46520,0.0000698,0.0000002,0.0000001
46521,0.0000698,0.0000002,0.0000001
46522,0.0000698,0.0000002,0.0000001
46523,0.0000698,0.0000002,0.0000001
46524,0.0000698,0.0000002,0.0000001
46525,0.0000698,0.0000002,0.0000001
46526,0.0000698,0.0000002,0.0000001
46527,0.0000698,0.0000002,0.0000001
46528,0.0000698,0.0000002,0.0000001
46529,0.0000698,0.0000002,0.0000001
46530,0.0000698,0.0000002,0.0000001
46531,0.0000698,0.0000002,0.0000001
46532,0.0000698,0.0000002,0.0000001
46533,0.0000698,0.0000002,0.0000001
46534,0.0000698,0.0000002,0.0000001
46535,0.0000698,0.0000002,0.0000001
46536,0.0000698,0.0000002,0.0000001
46537,0.0000698,0.0000002,0.0000001
46538,0.0000698,0.0000002,0.0000001
46539,0.0000697,0.0000002,0.0000001
46540,0.0000697,0.0000002,0.0000001
46541,0.0000697,0.0000002,0.0000001
46542,0.0000697,0.0000002,0.0000001
46543,0.0000697,0.0000002,0.0000001
46544,0.0000697,0.0000002,0.0000001
46545,0.0000697,0.0000002,0.0000001
46546,0.0000697,0.0000002,0.0000001
46547,0.0000697,0.0000002,0.0000001
46548,0.0000697,0.0000002,0.0000001
46549,0.0000697,0.0000002,0.0000001
46550,0.0000697,0.0000002,0.0000001
46551,0.0000697,0.0000002,0.0000001
46552,0.0000697,0.0000002,0.0000001
46553,0.0000697,0.0000002,0.0000001
46554,0.0000697,0.0000002,0.0000001
46555,0.0000697,0.0000002,0.0000001
46556,0.0000697,0.0000002,0.0000001
46557,0.0000697,0.0000002,0.0000001
46558,0.0000697,0.0000002,0.0000001
46559,0.0000697,0.0000002,0.0000001
46560,0.0000697,0.0000002,0.0000001
46561,0.0000697,0.0000002,0.0000001
46562,0.0000697,0.0000002,0.0000001
46563,0.0000697,0.0000002,0.0000001
46564,0.0000697,0.0000002,0.0000001
46565,0.0000697,0.0000002,0.0000001
46566,0.0000697,0.0000002,0.0000001
46567,0.0000697,0.0000002,0.0000001
46568,0.0000697,0.0000002,0.0000001
46569,0.0000697,0.0000002,0.0000001
46570,0.0000697,0.0000002,0.0000001
46571,0.0000696,0.0000002,0.0000001
46572,0.0000696,0.0000002,0.0000001
46573,0.0000696,0.0000002,0.0000001
46574,0.0000696,0.0000002,0.0000001
46575,0.0000696,0.0000002,0.0000001
46576,0.0000696,0.0000002,0.0000001
46577,0.0000696,0.0000002,0.0000001
46578,0.0000696,0.0000002,0.0000001
46579,0.0000696,0.0000002,0.0000001
46580,0.0000696,0.0000002,0.0000001
46581,0.0000696,0.0000002,0.0000001
46582,0.0000696,0.0000002,0.0000001
46583,0.0000696,0.0000002,0.0000001
46584,0.0000696,0.0000002,0.0000001
46585,0.0000696,0.0000002,0.0000001
46586,0.0000696,0.0000002,0.0000001
46587,0.0000696,0.0000002,0.0000001
46588,0.0000696,0.0000002,0.0000001
46589,0.0000696,0.0000002,0.0000001
46590,0.0000696,0.0000002,0.0000001
46591,0.0000696,0.0000002,0.0000001
46592,0.0000696,0.0000002,0.0000001
46593,0.0000696,0.0000002,0.0000001
46594,0.0000696,0.0000002,0.0000001
46595,0.0000696,0.0000002,0.0000001
46596,0.0000696,0.0000002,0.0000001
46597,0.0000696,0.0000002,0.0000001
46598,0.0000696,0.0000002,0.0000001
46599,0.0000696,0.0000002,0.0000001
46600,0.0000696,0.0000002,0.0000001
46601,0.0000696,0.0000002,0.0000001
46602,0.0000695,0.0000002,0.0000001
46603,0.0000695,0.0000002,0.0000001
46604,0.0000695,0.0000002,0.0000001
46605,0.0000695,0.0000002,0.0000001
46606,0.0000695,0.0000002,0.0000001
46607,0.0000695,0.0000002,0.0000001
46608,0.0000695,0.0000002,0.0000001
46609,0.0000695,0.0000002,0.0000001
46610,0.0000695,0.0000002,0.0000001
46611,0.0000695,0.0000002,0.0000001
46612,0.0000695,0.0000002,0.0000001
46613,0.0000695,0.0000002,0.0000001
46614,0.0000695,0.0000002,0.0000001
46615,0.0000695,0.0000002,0.0000001
46616,0.0000695,0.0000002,0.0000001
46617,0.0000695,0.0000002,0.0000001
46618,0.0000695,0.0000002,0.0000001
46619,0.0000695,0.0000002,0.0000001
46620,0.0000695,0.0000002,0.0000001
46621,0.0000695,0.0000002,0.0000001
46622,0.0000695,0.0000002,0.0000001
46623,0.0000695,0.0000002,0.0000001
46624,0.0000695,0.0000002,0.0000001
46625,0.0000695,0.0000002,0.0000001
46626,0.0000695,0.0000002,0.0000001
46627,0.0000695,0.0000002,0.0000001
46628,0.0000695,0.0000002,0.0000001
46629,0.0000695,0.0000002,0.0000001
46630,0.0000695,0.0000002,0.0000001
46631,0.0000695,0.0000002,0.0000001
46632,0.0000695,0.0000002,0.0000001
46633,0.0000694,0.0000002,0.0000001
46634,0.0000694,0.0000002,0.0000001
46635,0.0000694,0.0000002,0.0000001
46636,0.0000694,0.0000002,0.0000001
46637,0.0000694,0.0000002,0.0000001
46638,0.0000694,0.0000002,0.0000001
46639,0.0000694,0.0000002,0.0000001
46640,0.0000694,0.0000002,0.0000001
46641,0.0000694,0.0000002,0.0000001
46642,0.0000694,0.0000002,0.0000001
46643,0.0000694,0.0000002,0.0000001
46644,0.0000694,0.0000002,0.0000001
46645,0.0000694,0.0000002,0.0000001
46646,0.0000694,0.0000002,0.0000001
46647,0.0000694,0.0000002,0.0000001
46648,0.0000694,0.0000002,0.0000001
46649,0.0000694,0.0000002,0.0000001
46650,0.0000694,0.0000002,0.0000001
46651,0.0000694,0.0000002,0.0000001
46652,0.0000694,0.0000002,0.0000001
46653,0.0000694,0.0000002,0.0000001
46654,0.0000694,0.0000002,0.0000001
46655,0.0000694,0.0000002,0.0000001
46656,0.0000694,0.0000002,0.0000001
46657,0.0000694,0.0000002,0.0000001
46658,0.0000694,0.0000002,0.0000001
46659,0.0000694,0.0000002,0.0000001
46660,0.0000694,0.0000002,0.0000001
46661,0.0000694,0.0000002,0.0000001
46662,0.0000694,0.0000002,0.0000001
46663,0.0000694,0.0000002,0.0000001
46664,0.0000694,0.0000002,0.0000001
46665,0.0000693,0.0000002,0.0000001
46666,0.0000693,0.0000002,0.0000001
46667,0.0000693,0.0000002,0.0000001
46668,0.0000693,0.0000002,0.0000001
46669,0.0000693,0.0000002,0.0000001
46670,0.0000693,0.0000002,0.0000001
46671,0.0000693,0.0000002,0.0000001
46672,0.0000693,0.0000002,0.0000001
46673,0.0000693,0.0000002,0.0000001
46674,0.0000693,0.0000002,0.0000001
46675,0.0000693,0.0000002,0.0000001
46676,0.0000693,0.0000002,0.0000001
46677,0.0000693,0.0000002,0.0000001
46678,0.0000693,0.0000002,0.0000001
46679,0.0000693,0.0000002,0.0000001
46680,0.0000693,0.0000002,0.0000001
46681,0.0000693,0.0000002,0.0000001
46682,0.0000693,0.0000002,0.0000001
46683,0.0000693,0.0000002,0.0000001
46684,0.0000693,0.0000002,0.0000001
46685,0.0000693,0.0000002,0.0000001
46686,0.0000693,0.0000002,0.0000001
46687,0.0000693,0.0000002,0.0000001
46688,0.0000693,0.0000002,0.0000001
46689,0.0000693,0.0000002,0.0000001
46690,0.0000693,0.0000002,0.0000001
46691,0.0000693,0.0000002,0.0000001
46692,0.0000693,0.0000002,0.0000001
46693,0.0000693,0.0000002,0.0000001
46694,0.0000693,0.0000002,0.0000001
46695,0.0000693,0.0000002,0.0000001
46696,0.0000692,0.0000002,0.0000001
46697,0.0000692,0.0000002,0.0000001
46698,0.0000692,0.0000002,0.0000001
46699,0.0000692,0.0000002,0.0000001
46700,0.0000692,0.0000002,0.0000001
46701,0.0000692,0.0000002,0.0000001
46702,0.0000692,0.0000002,0.0000001
46703,0.0000692,0.0000002,0.0000001
46704,0.0000692,0.0000002,0.0000001
46705,0.0000692,0.0000002,0.0000001
46706,0.0000692,0.0000002,0.0000001
46707,0.0000692,0.0000002,0.0000001
46708,0.0000692,0.0000002,0.0000001
46709,0.0000692,0.0000002,0.0000001
46710,0.0000692,0.0000002,0.0000001
46711,0.0000692,0.0000002,0.0000001
46712,0.0000692,0.0000002,0.0000001
46713,0.0000692,0.0000002,0.0000001
46714,0.0000692,0.0000002,0.0000001
46715,0.0000692,0.0000002,0.0000001
46716,0.0000692,0.0000002,0.0000001
46717,0.0000692,0.0000002,0.0000001
46718,0.0000692,0.0000002,0.0000001
46719,0.0000692,0.0000002,0.0000001
46720,0.0000692,0.0000002,0.0000001
46721,0.0000692,0.0000002,0.0000001
46722,0.0000692,0.0000002,0.0000001
46723,0.0000692,0.0000002,0.0000001
46724,0.0000692,0.0000002,0.0000001
46725,0.0000692,0.0000002,0.0000001
46726,0.0000692,0.0000002,0.0000001
46727,0.0000691,0.0000002,0.0000001
46728,0.0000691,0.0000002,0.0000001
46729,0.0000691,0.0000002,0.0000001
46730,0.0000691,0.0000002,0.0000001
46731,0.0000691,0.0000002,0.0000001
46732,0.0000691,0.0000002,0.0000001
46733,0.0000691,0.0000002,0.0000001
46734,0.0000691,0.0000002,0.0000001
46735,0.0000691,0.0000002,0.0000001
46736,0.0000691,0.0000002,0.0000001
46737,0.0000691,0.0000002,0.0000001
46738,0.0000691,0.0000002,0.0000001
46739,0.0000691,0.0000002,0.0000001
46740,0.0000691,0.0000002,0.0000001
46741,0.0000691,0.0000002,0.0000001
46742,0.0000691,0.0000002,0.0000001
46743,0.0000691,0.0000002,0.0000001
46744,0.0000691,0.0000002,0.0000001
46745,0.0000691,0.0000002,0.0000001
46746,0.0000691,0.0000002,0.0000001
46747,0.0000691,0.0000002,0.0000001
46748,0.0000691,0.0000002,0.0000001
46749,0.0000691,0.0000002,0.0000001
46750,0.0000691,0.0000002,0.0000001
46751,0.0000691,0.0000002,0.0000001
46752,0.0000691,0.0000002,0.0000001
46753,0.0000691,0.0000002,0.0000001
46754,0.0000691,0.0000002,0.0000001
46755,0.0000691,0.0000002,0.0000001
46756,0.0000691,0.0000002,0.0000001
46757,0.0000691,0.0000002,0.0000001
46758,0.0000691,0.0000002,0.0000001
46759,0.0000690,0.0000002,0.0000001
46760,0.0000690,0.0000002,0.0000001
46761,0.0000690,0.0000002,0.0000001
46762,0.0000690,0.0000002,0.0000001
46763,0.0000690,0.0000002,0.0000001
46764,0.0000690,0.0000002,0.0000001
46765,0.0000690,0.0000002,0.0000001
46766,0.0000690,0.0000002,0.0000001
46767,0.0000690,0.0000002,0.0000001
46768,0.0000690,0.0000002,0.0000001
46769,0.0000690,0.0000002,0.0000001
46770,0.0000690,0.0000002,0.0000001
46771,0.0000690,0.0000002,0.0000001
46772,0.0000690,0.0000002,0.0000001
46773,0.0000690,0.0000002,0.0000001
46774,0.0000690,0.0000002,0.0000001
46775,0.0000690,0.0000002,0.0000001
46776,0.0000690,0.0000002,0.0000001
46777,0.0000690,0.0000002,0.0000001
46778,0.0000690,0.0000002,0.0000001
46779,0.0000690,0.0000002,0.0000001
46780,0.0000690,0.0000002,0.0000001
46781,0.0000690,0.0000002,0.0000001
46782,0.0000690,0.0000002,0.0000001
46783,0.0000690,0.0000002,0.0000001
46784,0.0000690,0.0000002,0.0000001
46785,0.0000690,0.0000002,0.0000001
46786,0.0000690,0.0000002,0.0000001
46787,0.0000690,0.0000002,0.0000001
46788,0.0000690,0.0000002,0.0000001
46789,0.0000690,0.0000002,0.0000001
46790,0.0000689,0.0000002,0.0000001
46791,0.0000689,0.0000002,0.0000001
46792,0.0000689,0.0000002,0.0000001
46793,0.0000689,0.0000002,0.0000001
46794,0.0000689,0.0000002,0.0000001
46795,0.0000689,0.0000002,0.0000001
46796,0.0000689,0.0000002,0.0000001
46797,0.0000689,0.0000002,0.0000001
46798,0.0000689,0.0000002,0.0000001
46799,0.0000689,0.0000002,0.0000001
46800,0.0000689,0.0000002,0.0000001
46801,0.0000689,0.0000002,0.0000001
46802,0.0000689,0.0000002,0.0000001
46803,0.0000689,0.0000002,0.0000001
46804,0.0000689,0.0000002,0.0000001
46805,0.0000689,0.0000002,0.0000001
46806,0.0000689,0.0000002,0.0000001
46807,0.0000689,0.0000002,0.0000001
46808,0.0000689,0.0000002,0.0000001
46809,0.0000689,0.0000002,0.0000001
46810,0.0000689,0.0000002,0.0000001
46811,0.0000689,0.0000002,0.0000001
46812,0.0000689,0.0000002,0.0000001
46813,0.0000689,0.0000002,0.0000001
46814,0.0000689,0.0000002,0.0000001
46815,0.0000689,0.0000002,0.0000001
46816,0.0000689,0.0000002,0.0000001
46817,0.0000689,0.0000002,0.0000001
46818,0.0000689,0.0000002,0.0000001
46819,0.0000689,0.0000002,0.0000001
46820,0.0000689,0.0000002,0.0000001
46821,0.0000689,0.0000002,0.0000001
46822,0.0000688,0.0000002,0.0000001
46823,0.0000688,0.0000002,0.0000001
46824,0.0000688,0.0000002,0.0000001
46825,0.0000688,0.0000002,0.0000001
46826,0.0000688,0.0000002,0.0000001
46827,0.0000688,0.0000002,0.0000001
46828,0.0000688,0.0000002,0.0000001
46829,0.0000688,0.0000002,0.0000001
46830,0.0000688,0.0000002,0.0000001
46831,0.0000688,0.0000002,0.0000001
46832,0.0000688,0.0000002,0.0000001
46833,0.0000688,0.0000002,0.0000001
46834,0.0000688,0.0000002,0.0000001
46835,0.0000688,0.0000002,0.0000001
46836,0.0000688,0.0000002,0.0000001
46837,0.0000688,0.0000002,0.0000001
46838,0.0000688,0.0000002,0.0000001
46839,0.0000688,0.0000002,0.0000001
46840,0.0000688,0.0000002,0.0000001
46841,0.0000688,0.0000002,0.0000001
46842,0.0000688,0.0000002,0.0000001
46843,0.0000688,0.0000002,0.0000001
46844,0.0000688,0.0000002,0.0000001
46845,0.0000688,0.0000002,0.0000001
46846,0.0000688,0.0000002,0.0000001
46847,0.0000688,0.0000002,0.0000001
46848,0.0000688,0.0000002,0.0000001
46849,0.0000688,0.0000002,0.0000001
46850,0.0000688,0.0000002,0.0000001
46851,0.0000688,0.0000002,0.0000001
46852,0.0000688,0.0000002,0.0000001
46853,0.0000687,0.0000002,0.0000001
46854,0.0000687,0.0000002,0.0000001
46855,0.0000687,0.0000002,0.0000001
46856,0.0000687,0.0000002,0.0000001
46857,0.0000687,0.0000002,0.0000001
46858,0.0000687,0.0000002,0.0000001
46859,0.0000687,0.0000002,0.0000001
46860,0.0000687,0.0000002,0.0000001
46861,0.0000687,0.0000002,0.0000001
46862,0.0000687,0.0000002,0.0000001
46863,0.0000687,0.0000002,0.0000001
46864,0.0000687,0.0000002,0.0000001
46865,0.0000687,0.0000002,0.0000001
46866,0.0000687,0.0000002,0.0000001
46867,0.0000687,0.0000002,0.0000001
46868,0.0000687,0.0000002,0.0000001
46869,0.0000687,0.0000002,0.0000001
46870,0.0000687,0.0000002,0.0000001
46871,0.0000687,0.0000002,0.0000001
46872,0.0000687,0.0000002,0.0000001
46873,0.0000687,0.0000002,0.0000001
46874,0.0000687,0.0000002,0.0000001
46875,0.0000687,0.0000002,0.0000001
46876,0.0000687,0.0000002,0.0000001
46877,0.0000687,0.0000002,0.0000001
46878,0.0000687,0.0000002,0.0000001
46879,0.0000687,0.0000002,0.0000001
46880,0.0000687,0.0000002,0.0000001
46881,0.0000687,0.0000002,0.0000001
46882,0.0000687,0.0000002,0.0000001
46883,0.0000687,0.0000002,0.0000001
46884,0.0000687,0.0000002,0.0000001
46885,0.0000686,0.0000002,0.0000001
46886,0.0000686,0.0000002,0.0000001
46887,0.0000686,0.0000002,0.0000001
46888,0.0000686,0.0000002,0.0000001
46889,0.0000686,0.0000002,0.0000001
46890,0.0000686,0.0000002,0.0000001
46891,0.0000686,0.0000002,0.0000001
46892,0.0000686,0.0000002,0.0000001
46893,0.0000686,0.0000002,0.0000001
46894,0.0000686,0.0000002,0.0000001
46895,0.0000686,0.0000002,0.0000001
46896,0.0000686,0.0000002,0.0000001
46897,0.0000686,0.0000002,0.0000001
46898,0.0000686,0.0000002,0.0000001
46899,0.0000686,0.0000002,0.0000001
46900,0.0000686,0.0000002,0.0000001
46901,0.0000686,0.0000002,0.0000001
46902,0.0000686,0.0000002,0.0000001
46903,0.0000686,0.0000002,0.0000001
46904,0.0000686,0.0000002,0.0000001
46905,0.0000686,0.0000002,0.0000001
46906,0.0000686,0.0000002,0.0000001
46907,0.0000686,0.0000002,0.0000001
46908,0.0000686,0.0000002,0.0000001
46909,0.0000686,0.0000002,0.0000001
46910,0.0000686,0.0000002,0.0000001
46911,0.0000686,0.0000002,0.0000001
46912,0.0000686,0.0000002,0.0000001
46913,0.0000686,0.0000002,0.0000001
46914,0.0000686,0.0000002,0.0000001
46915,0.0000686,0.0000002,0.0000001
46916,0.0000685,0.0000002,0.0000001
46917,0.0000685,0.0000002,0.0000001
46918,0.0000685,0.0000002,0.0000001
46919,0.0000685,0.0000002,0.0000001
46920,0.0000685,0.0000002,0.0000001
46921,0.0000685,0.0000002,0.0000001
46922,0.0000685,0.0000002,0.0000001
46923,0.0000685,0.0000002,0.0000001
46924,0.0000685,0.0000002,0.0000001
46925,0.0000685,0.0000002,0.0000001
46926,0.0000685,0.0000002,0.0000001
46927,0.0000685,0.0000002,0.0000001
46928,0.0000685,0.0000002,0.0000001
46929,0.0000685,0.0000002,0.0000001
46930,0.0000685,0.0000002,0.0000001
46931,0.0000685,0.0000002,0.0000001
46932,0.0000685,0.0000002,0.0000001
46933,0.0000685,0.0000002,0.0000001
46934,0.0000685,0.0000002,0.0000001
46935,0.0000685,0.0000002,0.0000001
46936,0.0000685,0.0000002,0.0000001
46937,0.0000685,0.0000002,0.0000001
46938,0.0000685,0.0000002,0.0000001
46939,0.0000685,0.0000002,0.0000001
46940,0.0000685,0.0000002,0.0000001
46941,0.0000685,0.0000002,0.0000001
46942,0.0000685,0.0000002,0.0000001
46943,0.0000685,0.0000002,0.0000001
46944,0.0000685,0.0000002,0.0000001
46945,0.0000685,0.0000002,0.0000001
46946,0.0000685,0.0000002,0.0000001
46947,0.0000685,0.0000002,0.0000001
46948,0.0000684,0.0000002,0.0000001
46949,0.0000684,0.0000002,0.0000001
46950,0.0000684,0.0000002,0.0000001
46951,0.0000684,0.0000002,0.0000001
46952,0.0000684,0.0000002,0.0000001
46953,0.0000684,0.0000002,0.0000001
46954,0.0000684,0.0000002,0.0000001
46955,0.0000684,0.0000002,0.0000001
46956,0.0000684,0.0000002,0.0000001
46957,0.0000684,0.0000002,0.0000001
46958,0.0000684,0.0000002,0.0000001
46959,0.0000684,0.0000002,0.0000001
46960,0.0000684,0.0000002,0.0000001
46961,0.0000684,0.0000002,0.0000001
46962,0.0000684,0.0000002,0.0000001
46963,0.0000684,0.0000002,0.0000001
46964,0.0000684,0.0000002,0.0000001
46965,0.0000684,0.0000002,0.0000001
46966,0.0000684,0.0000002,0.0000001
46967,0.0000684,0.0000002,0.0000001
46968,0.0000684,0.0000002,0.0000001
46969,0.0000684,0.0000002,0.0000001
46970,0.0000684,0.0000002,0.0000001
46971,0.0000684,0.0000002,0.0000001
46972,0.0000684,0.0000002,0.0000001
46973,0.0000684,0.0000002,0.0000001
46974,0.0000684,0.0000002,0.0000001
46975,0.0000684,0.0000002,0.0000001
46976,0.0000684,0.0000002,0.0000001
46977,0.0000684,0.0000002,0.0000001
46978,0.0000684,0.0000002,0.0000001
46979,0.0000683,0.0000002,0.0000001
46980,0.0000683,0.0000002,0.0000001
46981,0.0000683,0.0000002,0.0000001
46982,0.0000683,0.0000002,0.0000001
46983,0.0000683,0.0000002,0.0000001
46984,0.0000683,0.0000002,0.0000001
46985,0.0000683,0.0000002,0.0000001
46986,0.0000683,0.0000002,0.0000001
46987,0.0000683,0.0000002,0.0000001
46988,0.0000683,0.0000002,0.0000001
46989,0.0000683,0.0000002,0.0000001
46990,0.0000683,0.0000002,0.0000001
46991,0.0000683,0.0000002,0.0000001
46992,0.0000683,0.0000002,0.0000001
46993,0.0000683,0.0000002,0.0000001
46994,0.0000683,0.0000002,0.0000001
46995,0.0000683,0.0000002,0.0000001
46996,0.0000683,0.0000002,0.0000001
46997,0.0000683,0.0000002,0.0000001
46998,0.0000683,0.0000002,0.0000001
46999,0.0000683,0.0000002,0.0000001
47000,0.0000683,0.0000002,0.0000001
47001,0.0000683,0.0000002,0.0000001
47002,0.0000683,0.0000002,0.0000001
47003,0.0000683,0.0000002,0.0000001
47004,0.0000683,0.0000002,0.0000001
47005,0.0000683,0.0000002,0.0000001
47006,0.0000683,0.0000002,0.0000001
47007,0.0000683,0.0000002,0.0000001
47008,0.0000683,0.0000002,0.0000001
47009,0.0000683,0.0000002,0.0000001
47010,0.0000683,0.0000002,0.0000001
47011,0.0000682,0.0000002,0.0000001
47012,0.0000682,0.0000002,0.0000001
47013,0.0000682,0.0000002,0.0000001
47014,0.0000682,0.0000002,0.0000001
47015,0.0000682,0.0000002,0.0000001
47016,0.0000682,0.0000002,0.0000001
47017,0.0000682,0.0000002,0.0000001
47018,0.0000682,0.0000002,0.0000001
47019,0.0000682,0.0000002,0.0000001
47020,0.0000682,0.0000002,0.0000001
47021,0.0000682,0.0000002,0.0000001
47022,0.0000682,0.0000002,0.0000001
47023,0.0000682,0.0000002,0.0000001
47024,0.0000682,0.0000002,0.0000001
47025,0.0000682,0.0000002,0.0000001
47026,0.0000682,0.0000002,0.0000001
47027,0.0000682,0.0000002,0.0000001
47028,0.0000682,0.0000002,0.0000001
47029,0.0000682,0.0000002,0.0000001
47030,0.0000682,0.0000002,0.0000001
47031,0.0000682,0.0000002,0.0000001
47032,0.0000682,0.0000002,0.0000001
47033,0.0000682,0.0000002,0.0000001
47034,0.0000682,0.0000002,0.0000001
47035,0.0000682,0.0000002,0.0000001
47036,0.0000682,0.0000002,0.0000001
47037,0.0000682,0.0000002,0.0000001
47038,0.0000682,0.0000002,0.0000001
47039,0.0000682,0.0000002,0.0000001
47040,0.0000682,0.0000002,0.0000001
47041,0.0000682,0.0000002,0.0000001
47042,0.0000682,0.0000002,0.0000001
47043,0.0000681,0.0000002,0.0000001
47044,0.0000681,0.0000002,0.0000001
47045,0.0000681,0.0000002,0.0000001
47046,0.0000681,0.0000002,0.0000001
47047,0.0000681,0.0000002,0.0000001
47048,0.0000681,0.0000002,0.0000001
47049,0.0000681,0.0000002,0.0000001
47050,0.0000681,0.0000002,0.0000001
47051,0.0000681,0.0000002,0.0000001
47052,0.0000681,0.0000002,0.0000001
47053,0.0000681,0.0000002,0.0000001
47054,0.0000681,0.0000002,0.0000001
47055,0.0000681,0.0000002,0.0000001
47056,0.0000681,0.0000002,0.0000001
47057,0.0000681,0.0000002,0.0000001
47058,0.0000681,0.0000002,0.0000001
47059,0.0000681,0.0000002,0.0000001
47060,0.0000681,0.0000002,0.0000001
47061,0.0000681,0.0000002,0.0000001
47062,0.0000681,0.0000002,0.0000001
47063,0.0000681,0.0000002,0.0000001
47064,0.0000681,0.0000002,0.0000001
47065,0.0000681,0.0000002,0.0000001
47066,0.0000681,0.0000002,0.0000001
47067,0.0000681,0.0000002,0.0000001
47068,0.0000681,0.0000002,0.0000001
47069,0.0000681,0.0000002,0.0000001
47070,0.0000681,0.0000002,0.0000001
47071,0.0000681,0.0000002,0.0000001
47072,0.0000681,0.0000002,0.0000001
47073,0.0000681,0.0000002,0.0000001
47074,0.0000680,0.0000002,0.0000001
47075,0.0000680,0.0000002,0.0000001
47076,0.0000680,0.0000002,0.0000001
47077,0.0000680,0.0000002,0.0000001
47078,0.0000680,0.0000002,0.0000001
47079,0.0000680,0.0000002,0.0000001
47080,0.0000680,0.0000002,0.0000001
47081,0.0000680,0.0000002,0.0000001
47082,0.0000680,0.0000002,0.0000001
47083,0.0000680,0.0000002,0.0000001
47084,0.0000680,0.0000002,0.0000001
47085,0.0000680,0.0000002,0.0000001
47086,0.0000680,0.0000002,0.0000001
47087,0.0000680,0.0000002,0.0000001
47088,0.0000680,0.0000002,0.0000001
47089,0.0000680,0.0000002,0.0000001
47090,0.0000680,0.0000002,0.0000001
47091,0.0000680,0.0000002,0.0000001
47092,0.0000680,0.0000002,0.0000001
47093,0.0000680,0.0000002,0.0000001
47094,0.0000680,0.0000002,0.0000001
47095,0.0000680,0.0000002,0.0000001
47096,0.0000680,0.0000002,0.0000001
47097,0.0000680,0.0000002,0.0000001
47098,0.0000680,0.0000002,0.0000001
47099,0.0000680,0.0000002,0.0000001
47100,0.0000680,0.0000002,0.0000001
47101,0.0000680,0.0000002,0.0000001
47102,0.0000680,0.0000002,0.0000001
47103,0.0000680,0.0000002,0.0000001
47104,0.0000680,0.0000002,0.0000001
47105,0.0000680,0.0000002,0.0000001
47106,0.0000679,0.0000002,0.0000001
47107,0.0000679,0.0000002,0.0000001
47108,0.0000679,0.0000002,0.0000001
47109,0.0000679,0.0000002,0.0000001
47110,0.0000679,0.0000002,0.0000001
47111,0.0000679,0.0000002,0.0000001
47112,0.0000679,0.0000002,0.0000001
47113,0.0000679,0.0000002,0.0000001
47114,0.0000679,0.0000002,0.0000001
47115,0.0000679,0.0000002,0.0000001
47116,0.0000679,0.0000002,0.0000001
47117,0.0000679,0.0000002,0.0000001
47118,0.0000679,0.0000002,0.0000001
47119,0.0000679,0.0000002,0.0000001
47120,0.0000679,0.0000002,0.0000001
47121,0.0000679,0.0000002,0.0000001
47122,0.0000679,0.0000002,0.0000001
47123,0.0000679,0.0000002,0.0000001
47124,0.0000679,0.0000002,0.0000001
47125,0.0000679,0.0000002,0.0000001
47126,0.0000679,0.0000002,0.0000001
47127,0.0000679,0.0000002,0.0000001
47128,0.0000679,0.0000002,0.0000001
47129,0.0000679,0.0000002,0.0000001
47130,0.0000679,0.0000002,0.0000001
47131,0.0000679,0.0000002,0.0000001
47132,0.0000679,0.0000002,0.0000001
47133,0.0000679,0.0000002,0.0000001
47134,0.0000679,0.0000002,0.0000001
47135,0.0000679,0.0000002,0.0000001
47136,0.0000679,0.0000002,0.0000001
47137,0.0000679,0.0000002,0.0000001
47138,0.0000678,0.0000002,0.0000001
47139,0.0000678,0.0000002,0.0000001
47140,0.0000678,0.0000002,0.0000001
47141,0.0000678,0.0000002,0.0000001
47142,0.0000678,0.0000002,0.0000001
47143,0.0000678,0.0000002,0.0000001
47144,0.0000678,0.0000002,0.0000001
47145,0.0000678,0.0000002,0.0000001
47146,0.0000678,0.0000002,0.0000001
47147,0.0000678,0.0000002,0.0000001
47148,0.0000678,0.0000002,0.0000001
47149,0.0000678,0.0000002,0.0000001
47150,0.0000678,0.0000002,0.0000001
47151,0.0000678,0.0000002,0.0000001
47152,0.0000678,0.0000002,0.0000001
47153,0.0000678,0.0000002,0.0000001
47154,0.0000678,0.0000002,0.0000001
47155,0.0000678,0.0000002,0.0000001
47156,0.0000678,0.0000002,0.0000001
47157,0.0000678,0.0000002,0.0000001
47158,0.0000678,0.0000002,0.0000001
47159,0.0000678,0.0000002,0.0000001
47160,0.0000678,0.0000002,0.0000001
47161,0.0000678,0.0000002,0.0000001
47162,0.0000678,0.0000002,0.0000001
47163,0.0000678,0.0000002,0.0000001
47164,0.0000678,0.0000002,0.0000001
47165,0.0000678,0.0000002,0.0000001
47166,0.0000678,0.0000002,0.0000001
47167,0.0000678,0.0000002,0.0000001
47168,0.0000678,0.0000002,0.0000001
47169,0.0000677,0.0000002,0.0000001
47170,0.0000677,0.0000002,0.0000001
47171,0.0000677,0.0000002,0.0000001
47172,0.0000677,0.0000002,0.0000001
47173,0.0000677,0.0000002,0.0000001
47174,0.0000677,0.0000002,0.0000001
47175,0.0000677,0.0000002,0.0000001
47176,0.0000677,0.0000002,0.0000001
47177,0.0000677,0.0000002,0.0000001
47178,0.0000677,0.0000002,0.0000001
47179,0.0000677,0.0000002,0.0000001
47180,0.0000677,0.0000002,0.0000001
47181,0.0000677,0.0000002,0.0000001
47182,0.0000677,0.0000002,0.0000001
47183,0.0000677,0.0000002,0.0000001
47184,0.0000677,0.0000002,0.0000001
47185,0.0000677,0.0000002,0.0000001
47186,0.0000677,0.0000002,0.0000001
47187,0.0000677,0.0000002,0.0000001
47188,0.0000677,0.0000002,0.0000001
47189,0.0000677,0.0000002,0.0000001
47190,0.0000677,0.0000002,0.0000001
47191,0.0000677,0.0000002,0.0000001
47192,0.0000677,0.0000002,0.0000001
47193,0.0000677,0.0000002,0.0000001
47194,0.0000677,0.0000002,0.0000001
47195,0.0000677,0.0000002,0.0000001
47196,0.0000677,0.0000002,0.0000001
47197,0.0000677,0.0000002,0.0000001
47198,0.0000677,0.0000002,0.0000001
47199,0.0000677,0.0000002,0.0000001
47200,0.0000677,0.0000002,0.0000001
47201,0.0000676,0.0000002,0.0000001
47202,0.0000676,0.0000002,0.0000001
47203,0.0000676,0.0000002,0.0000001
47204,0.0000676,0.0000002,0.0000001
47205,0.0000676,0.0000002,0.0000001
47206,0.0000676,0.0000002,0.0000001
47207,0.0000676,0.0000002,0.0000001
47208,0.0000676,0.0000002,0.0000001
47209,0.0000676,0.0000002,0.0000001
47210,0.0000676,0.0000002,0.0000001
47211,0.0000676,0.0000002,0.0000001
47212,0.0000676,0.0000002,0.0000001
47213,0.0000676,0.0000002,0.0000001
47214,0.0000676,0.0000002,0.0000001
47215,0.0000676,0.0000002,0.0000001
47216,0.0000676,0.0000002,0.0000001
47217,0.0000676,0.0000002,0.0000001
47218,0.0000676,0.0000002,0.0000001
47219,0.0000676,0.0000002,0.0000001
47220,0.0000676,0.0000002,0.0000001
47221,0.0000676,0.0000002,0.0000001
47222,0.0000676,0.0000002,0.0000001
47223,0.0000676,0.0000002,0.0000001
47224,0.0000676,0.0000002,0.0000001
47225,0.0000676,0.0000002,0.0000001
47226,0.0000676,0.0000002,0.0000001
47227,0.0000676,0.0000002,0.0000001
47228,0.0000676,0.0000002,0.0000001
47229,0.0000676,0.0000002,0.0000001
47230,0.0000676,0.0000002,0.0000001
47231,0.0000676,0.0000002,0.0000001
47232,0.0000676,0.0000002,0.0000001
47233,0.0000675,0.0000002,0.0000001
47234,0.0000675,0.0000002,0.0000001
47235,0.0000675,0.0000002,0.0000001
47236,0.0000675,0.0000002,0.0000001
47237,0.0000675,0.0000002,0.0000001
47238,0.0000675,0.0000002,0.0000001
47239,0.0000675,0.0000002,0.0000001
47240,0.0000675,0.0000002,0.0000001
47241,0.0000675,0.0000002,0.0000001
47242,0.0000675,0.0000002,0.0000001
47243,0.0000675,0.0000002,0.0000001
47244,0.0000675,0.0000002,0.0000001
47245,0.0000675,0.0000002,0.0000001
47246,0.0000675,0.0000002,0.0000001
47247,0.0000675,0.0000002,0.0000001
47248,0.0000675,0.0000002,0.0000001
47249,0.0000675,0.0000002,0.0000001
47250,0.0000675,0.0000002,0.0000001
47251,0.0000675,0.0000002,0.0000001
47252,0.0000675,0.0000002,0.0000001
47253,0.0000675,0.0000002,0.0000001
47254,0.0000675,0.0000002,0.0000001
47255,0.0000675,0.0000002,0.0000001
47256,0.0000675,0.0000002,0.0000001
47257,0.0000675,0.0000002,0.0000001
47258,0.0000675,0.0000002,0.0000001
47259,0.0000675,0.0000002,0.0000001
47260,0.0000675,0.0000002,0.0000001
47261,0.0000675,0.0000002,0.0000001
47262,0.0000675,0.0000002,0.0000001
47263,0.0000675,0.0000002,0.0000001
47264,0.0000675,0.0000002,0.0000001
47265,0.0000674,0.0000002,0.0000001
47266,0.0000674,0.0000002,0.0000001
47267,0.0000674,0.0000002,0.0000001
47268,0.0000674,0.0000002,0.0000001
47269,0.0000674,0.0000002,0.0000001
47270,0.0000674,0.0000002,0.0000001
47271,0.0000674,0.0000002,0.0000001
47272,0.0000674,0.0000002,0.0000001
47273,0.0000674,0.0000002,0.0000001
47274,0.0000674,0.0000002,0.0000001
47275,0.0000674,0.0000002,0.0000001
47276,0.0000674,0.0000002,0.0000001
47277,0.0000674,0.0000002,0.0000001
47278,0.0000674,0.0000002,0.0000001
47279,0.0000674,0.0000002,0.0000001
47280,0.0000674,0.0000002,0.0000001
47281,0.0000674,0.0000002,0.0000001
47282,0.0000674,0.0000002,0.0000001
47283,0.0000674,0.0000002,0.0000001
47284,0.0000674,0.0000002,0.0000001
47285,0.0000674,0.0000002,0.0000001
47286,0.0000674,0.0000002,0.0000001
47287,0.0000674,0.0000002,0.0000001
47288,0.0000674,0.0000002,0.0000001
47289,0.0000674,0.0000002,0.0000001
47290,0.0000674,0.0000002,0.0000001
47291,0.0000674,0.0000002,0.0000001
47292,0.0000674,0.0000002,0.0000001
47293,0.0000674,0.0000002,0.0000001
47294,0.0000674,0.0000002,0.0000001
47295,0.0000674,0.0000002,0.0000001
47296,0.0000674,0.0000002,0.0000001
47297,0.0000673,0.0000002,0.0000001
47298,0.0000673,0.0000002,0.0000001
47299,0.0000673,0.0000002,0.0000001
47300,0.0000673,0.0000002,0.0000001
47301,0.0000673,0.0000002,0.0000001
47302,0.0000673,0.0000002,0.0000001
47303,0.0000673,0.0000002,0.0000001
47304,0.0000673,0.0000002,0.0000001
47305,0.0000673,0.0000002,0.0000001
47306,0.0000673,0.0000002,0.0000001
47307,0.0000673,0.0000002,0.0000001
47308,0.0000673,0.0000002,0.0000001
47309,0.0000673,0.0000002,0.0000001
47310,0.0000673,0.0000002,0.0000001
47311,0.0000673,0.0000002,0.0000001
47312,0.0000673,0.0000002,0.0000001
47313,0.0000673,0.0000002,0.0000001
47314,0.0000673,0.0000002,0.0000001
47315,0.0000673,0.0000002,0.0000001
47316,0.0000673,0.0000002,0.0000001
47317,0.0000673,0.0000002,0.0000001
47318,0.0000673,0.0000002,0.0000001
47319,0.0000673,0.0000002,0.0000001
47320,0.0000673,0.0000002,0.0000001
47321,0.0000673,0.0000002,0.0000001
47322,0.0000673,0.0000002,0.0000001
47323,0.0000673,0.0000002,0.0000001
47324,0.0000673,0.0000002,0.0000001
47325,0.0000673,0.0000002,0.0000001
47326,0.0000673,0.0000002,0.0000001
47327,0.0000673,0.0000002,0.0000001
47328,0.0000673,0.0000002,0.0000001
47329,0.0000672,0.0000002,0.0000001
47330,0.0000672,0.0000002,0.0000001
47331,0.0000672,0.0000002,0.0000001
47332,0.0000672,0.0000002,0.0000001
47333,0.0000672,0.0000002,0.0000001
47334,0.0000672,0.0000002,0.0000001
47335,0.0000672,0.0000002,0.0000001
47336,0.0000672,0.0000002,0.0000001
47337,0.0000672,0.0000002,0.0000001
47338,0.0000672,0.0000002,0.0000001
47339,0.0000672,0.0000002,0.0000001
47340,0.0000672,0.0000002,0.0000001
47341,0.0000672,0.0000002,0.0000001
47342,0.0000672,0.0000002,0.0000001
47343,0.0000672,0.0000002,0.0000001
47344,0.0000672,0.0000002,0.0000001
47345,0.0000672,0.0000002,0.0000001
47346,0.0000672,0.0000002,0.0000001
47347,0.0000672,0.0000002,0.0000001
47348,0.0000672,0.0000002,0.0000001
47349,0.0000672,0.0000002,0.0000001
47350,0.0000672,0.0000002,0.0000001
47351,0.0000672,0.0000002,0.0000001
47352,0.0000672,0.0000002,0.0000001
47353,0.0000672,0.0000002,0.0000001
47354,0.0000672,0.0000002,0.0000001
47355,0.0000672,0.0000002,0.0000001
47356,0.0000672,0.0000002,0.0000001
47357,0.0000672,0.0000002,0.0000001
47358,0.0000672,0.0000002,0.0000001
47359,0.0000672,0.0000002,0.0000001
47360,0.0000672,0.0000002,0.0000001
47361,0.0000671,0.0000002,0.0000001
47362,0.0000671,0.0000002,0.0000001
47363,0.0000671,0.0000002,0.0000001
47364,0.0000671,0.0000002,0.0000001
47365,0.0000671,0.0000002,0.0000001
47366,0.0000671,0.0000002,0.0000001
47367,0.0000671,0.0000002,0.0000001
47368,0.0000671,0.0000002,0.0000001
47369,0.0000671,0.0000002,0.0000001
47370,0.0000671,0.0000002,0.0000001
47371,0.0000671,0.0000002,0.0000001
47372,0.0000671,0.0000002,0.0000001
47373,0.0000671,0.0000002,0.0000001
47374,0.0000671,0.0000002,0.0000001
47375,0.0000671,0.0000002,0.0000001
47376,0.0000671,0.0000002,0.0000001
47377,0.0000671,0.0000002,0.0000001
47378,0.0000671,0.0000002,0.0000001
47379,0.0000671,0.0000002,0.0000001
47380,0.0000671,0.0000002,0.0000001
47381,0.0000671,0.0000002,0.0000001
47382,0.0000671,0.0000002,0.0000001
47383,0.0000671,0.0000002,0.0000001
47384,0.0000671,0.0000002,0.0000001
47385,0.0000671,0.0000002,0.0000001
47386,0.0000671,0.0000002,0.0000001
47387,0.0000671,0.0000002,0.0000001
47388,0.0000671,0.0000002,0.0000001
47389,0.0000671,0.0000002,0.0000001
47390,0.0000671,0.0000002,0.0000001
47391,0.0000671,0.0000002,0.0000001
47392,0.0000671,0.0000002,0.0000001
47393,0.0000670,0.0000002,0.0000001
47394,0.0000670,0.0000002,0.0000001
47395,0.0000670,0.0000002,0.0000001
47396,0.0000670,0.0000002,0.0000001
47397,0.0000670,0.0000002,0.0000001
47398,0.0000670,0.0000002,0.0000001
47399,0.0000670,0.0000002,0.0000001
47400,0.0000670,0.0000002,0.0000001
47401,0.0000670,0.0000002,0.0000001
47402,0.0000670,0.0000002,0.0000001
47403,0.0000670,0.0000002,0.0000001
47404,0.0000670,0.0000002,0.0000001
47405,0.0000670,0.0000002,0.0000001
47406,0.0000670,0.0000002,0.0000001
47407,0.0000670,0.0000002,0.0000001
47408,0.0000670,0.0000002,0.0000001
47409,0.0000670,0.0000002,0.0000001
47410,0.0000670,0.0000002,0.0000001
47411,0.0000670,0.0000002,0.0000001
47412,0.0000670,0.0000002,0.0000001
47413,0.0000670,0.0000002,0.0000001
47414,0.0000670,0.0000002,0.0000001
47415,0.0000670,0.0000002,0.0000001
47416,0.0000670,0.0000002,0.0000001
47417,0.0000670,0.0000002,0.0000001
47418,0.0000670,0.0000002,0.0000001
47419,0.0000670,0.0000002,0.0000001
47420,0.0000670,0.0000002,0.0000001
47421,0.0000670,0.0000002,0.0000001
47422,0.0000670,0.0000002,0.0000001
47423,0.0000670,0.0000002,0.0000001
47424,0.0000670,0.0000002,0.0000001
47425,0.0000669,0.0000002,0.0000001
47426,0.0000669,0.0000002,0.0000001
47427,0.0000669,0.0000002,0.0000001
47428,0.0000669,0.0000002,0.0000001
47429,0.0000669,0.0000002,0.0000001
47430,0.0000669,0.0000002,0.0000001
47431,0.0000669,0.0000002,0.0000001
47432,0.0000669,0.0000002,0.0000001
47433,0.0000669,0.0000002,0.0000001
47434,0.0000669,0.0000002,0.0000001
47435,0.0000669,0.0000002,0.0000001
47436,0.0000669,0.0000002,0.0000001
47437,0.0000669,0.0000002,0.0000001
47438,0.0000669,0.0000002,0.0000001
47439,0.0000669,0.0000002,0.0000001
47440,0.0000669,0.0000002,0.0000001
47441,0.0000669,0.0000002,0.0000001
47442,0.0000669,0.0000002,0.0000001
47443,0.0000669,0.0000002,0.0000001
47444,0.0000669,0.0000002,0.0000001
47445,0.0000669,0.0000002,0.0000001
47446,0.0000669,0.0000002,0.0000001
47447,0.0000669,0.0000002,0.0000001
47448,0.0000669,0.0000002,0.0000001
47449,0.0000669,0.0000002,0.0000001
47450,0.0000669,0.0000002,0.0000001
47451,0.0000669,0.0000002,0.0000001
47452,0.0000669,0.0000002,0.0000001
47453,0.0000669,0.0000002,0.0000001
47454,0.0000669,0.0000002,0.0000001
47455,0.0000669,0.0000002,0.0000001
47456,0.0000669,0.0000002,0.0000001
47457,0.0000668,0.0000002,0.0000001
47458,0.0000668,0.0000002,0.0000001
47459,0.0000668,0.0000002,0.0000001
47460,0.0000668,0.0000002,0.0000001
47461,0.0000668,0.0000002,0.0000001
47462,0.0000668,0.0000002,0.0000001
47463,0.0000668,0.0000002,0.0000001
47464,0.0000668,0.0000002,0.0000001
47465,0.0000668,0.0000002,0.0000001
47466,0.0000668,0.0000002,0.0000001
47467,0.0000668,0.0000002,0.0000001
47468,0.0000668,0.0000002,0.0000001
47469,0.0000668,0.0000002,0.0000001
47470,0.0000668,0.0000002,0.0000001
47471,0.0000668,0.0000002,0.0000001
47472,0.0000668,0.0000002,0.0000001
47473,0.0000668,0.0000002,0.0000001
47474,0.0000668,0.0000002,0.0000001
47475,0.0000668,0.0000002,0.0000001
47476,0.0000668,0.0000002,0.0000001
47477,0.0000668,0.0000002,0.0000001
47478,0.0000668,0.0000002,0.0000001
47479,0.0000668,0.0000002,0.0000001
47480,0.0000668,0.0000002,0.0000001
47481,0.0000668,0.0000002,0.0000001
47482,0.0000668,0.0000002,0.0000001
47483,0.0000668,0.0000002,0.0000001
47484,0.0000668,0.0000002,0.0000001
47485,0.0000668,0.0000002,0.0000001
47486,0.0000668,0.0000002,0.0000001
47487,0.0000668,0.0000002,0.0000001
47488,0.0000668,0.0000002,0.0000001
47489,0.0000667,0.0000002,0.0000001
47490,0.0000667,0.0000002,0.0000001
47491,0.0000667,0.0000002,0.0000001
47492,0.0000667,0.0000002,0.0000001
47493,0.0000667,0.0000002,0.0000001
47494,0.0000667,0.0000002,0.0000001
47495,0.0000667,0.0000002,0.0000001
47496,0.0000667,0.0000002,0.0000001
47497,0.0000667,0.0000002,0.0000001
47498,0.0000667,0.0000002,0.0000001
47499,0.0000667,0.0000002,0.0000001
47500,0.0000667,0.0000002,0.0000001
47501,0.0000667,0.0000002,0.0000001
47502,0.0000667,0.0000002,0.0000001
47503,0.0000667,0.0000002,0.0000001
47504,0.0000667,0.0000002,0.0000001
47505,0.0000667,0.0000002,0.0000001
47506,0.0000667,0.0000002,0.0000001
47507,0.0000667,0.0000002,0.0000001
47508,0.0000667,0.0000002,0.0000001
47509,0.0000667,0.0000002,0.0000001
47510,0.0000667,0.0000002,0.0000001
47511,0.0000667,0.0000002,0.0000001
47512,0.0000667,0.0000002,0.0000001
47513,0.0000667,0.0000002,0.0000001
47514,0.0000667,0.0000002,0.0000001
47515,0.0000667,0.0000002,0.0000001
47516,0.0000667,0.0000002,0.0000001
47517,0.0000667,0.0000002,0.0000001
47518,0.0000667,0.0000002,0.0000001
47519,0.0000667,0.0000002,0.0000001
47520,0.0000667,0.0000002,0.0000001
47521,0.0000666,0.0000002,0.0000001
47522,0.0000666,0.0000002,0.0000001
47523,0.0000666,0.0000002,0.0000001
47524,0.0000666,0.0000002,0.0000001
47525,0.0000666,0.0000002,0.0000001
47526,0.0000666,0.0000002,0.0000001
47527,0.0000666,0.0000002,0.0000001
47528,0.0000666,0.0000002,0.0000001
47529,0.0000666,0.0000002,0.0000001
47530,0.0000666,0.0000002,0.0000001
47531,0.0000666,0.0000002,0.0000001
47532,0.0000666,0.0000002,0.0000001
47533,0.0000666,0.0000002,0.0000001
47534,0.0000666,0.0000002,0.0000001
47535,0.0000666,0.0000002,0.0000001
47536,0.0000666,0.0000002,0.0000001
47537,0.0000666,0.0000002,0.0000001
47538,0.0000666,0.0000002,0.0000001
47539,0.0000666,0.0000002,0.0000001
47540,0.0000666,0.0000002,0.0000001
47541,0.0000666,0.0000002,0.0000001
47542,0.0000666,0.0000002,0.0000001
47543,0.0000666,0.0000002,0.0000001
47544,0.0000666,0.0000002,0.0000001
47545,0.0000666,0.0000002,0.0000001
47546,0.0000666,0.0000002,0.0000001
47547,0.0000666,0.0000002,0.0000001
47548,0.0000666,0.0000002,0.0000001
47549,0.0000666,0.0000002,0.0000001
47550,0.0000666,0.0000002,0.0000001
47551,0.0000666,0.0000002,0.0000001
47552,0.0000666,0.0000002,0.0000001
47553,0.0000666,0.0000002,0.0000001
47554,0.0000665,0.0000002,0.0000001
47555,0.0000665,0.0000002,0.0000001
47556,0.0000665,0.0000002,0.0000001
47557,0.0000665,0.0000002,0.0000001
47558,0.0000665,0.0000002,0.0000001
47559,0.0000665,0.0000002,0.0000001
47560,0.0000665,0.0000002,0.0000001
47561,0.0000665,0.0000002,0.0000001
47562,0.0000665,0.0000002,0.0000001
47563,0.0000665,0.0000002,0.0000001
47564,0.0000665,0.0000002,0.0000001
47565,0.0000665,0.0000002,0.0000001
47566,0.0000665,0.0000002,0.0000001
47567,0.0000665,0.0000002,0.0000001
47568,0.0000665,0.0000002,0.0000001
47569,0.0000665,0.0000002,0.0000001
47570,0.0000665,0.0000002,0.0000001
47571,0.0000665,0.0000002,0.0000001
47572,0.0000665,0.0000002,0.0000001
47573,0.0000665,0.0000002,0.0000001
47574,0.0000665,0.0000002,0.0000001
47575,0.0000665,0.0000002,0.0000001
47576,0.0000665,0.0000002,0.0000001
47577,0.0000665,0.0000002,0.0000001
47578,0.0000665,0.0000002,0.0000001
47579,0.0000665,0.0000002,0.0000001
47580,0.0000665,0.0000002,0.0000001
47581,0.0000665,0.0000002,0.0000001
47582,0.0000665,0.0000002,0.0000001
47583,0.0000665,0.0000002,0.0000001
47584,0.0000665,0.0000002,0.0000001
47585,0.0000665,0.0000002,0.0000001
47586,0.0000664,0.0000002,0.0000001
47587,0.0000664,0.0000002,0.0000001
47588,0.0000664,0.0000002,0.0000001
47589,0.0000664,0.0000002,0.0000001
47590,0.0000664,0.0000002,0.0000001
47591,0.0000664,0.0000002,0.0000001
47592,0.0000664,0.0000002,0.0000001
47593,0.0000664,0.0000002,0.0000001
47594,0.0000664,0.0000002,0.0000001
47595,0.0000664,0.0000002,0.0000001
47596,0.0000664,0.0000002,0.0000001
47597,0.0000664,0.0000002,0.0000001
47598,0.0000664,0.0000002,0.0000001
47599,0.0000664,0.0000002,0.0000001
47600,0.0000664,0.0000002,0.0000001
47601,0.0000664,0.0000002,0.0000001
47602,0.0000664,0.0000002,0.0000001
47603,0.0000664,0.0000002,0.0000001
47604,0.0000664,0.0000002,0.0000001
47605,0.0000664,0.0000002,0.0000001
47606,0.0000664,0.0000002,0.0000001
47607,0.0000664,0.0000002,0.0000001
47608,0.0000664,0.0000002,0.0000001
47609,0.0000664,0.0000002,0.0000001
47610,0.0000664,0.0000002,0.0000001
47611,0.0000664,0.0000002,0.0000001
47612,0.0000664,0.0000002,0.0000001
47613,0.0000664,0.0000002,0.0000001
47614,0.0000664,0.0000002,0.0000001
47615,0.0000664,0.0000002,0.0000001
47616,0.0000664,0.0000002,0.0000001
47617,0.0000664,0.0000002,0.0000001
47618,0.0000663,0.0000002,0.0000001
47619,0.0000663,0.0000002,0.0000001
47620,0.0000663,0.0000002,0.0000001
47621,0.0000663,0.0000002,0.0000001
47622,0.0000663,0.0000002,0.0000001
47623,0.0000663,0.0000002,0.0000001
47624,0.0000663,0.0000002,0.0000001
47625,0.0000663,0.0000002,0.0000001
47626,0.0000663,0.0000002,0.0000001
47627,0.0000663,0.0000002,0.0000001
47628,0.0000663,0.0000002,0.0000001
47629,0.0000663,0.0000002,0.0000001
47630,0.0000663,0.0000002,0.0000001
47631,0.0000663,0.0000002,0.0000001
47632,0.0000663,0.0000002,0.0000001
47633,0.0000663,0.0000002,0.0000001
47634,0.0000663,0.0000002,0.0000001
47635,0.0000663,0.0000002,0.0000001
47636,0.0000663,0.0000002,0.0000001
47637,0.0000663,0.0000002,0.0000001
47638,0.0000663,0.0000002,0.0000001
47639,0.0000663,0.0000002,0.0000001
47640,0.0000663,0.0000002,0.0000001
47641,0.0000663,0.0000002,0.0000001
47642,0.0000663,0.0000002,0.0000001
47643,0.0000663,0.0000002,0.0000001
47644,0.0000663,0.0000002,0.0000001
47645,0.0000663,0.0000002,0.0000001
47646,0.0000663,0.0000002,0.0000001
47647,0.0000663,0.0000002,0.0000001
47648,0.0000663,0.0000002,0.0000001
47649,0.0000663,0.0000002,0.0000001
47650,0.0000663,0.0000002,0.0000001
47651,0.0000662,0.0000002,0.0000001
47652,0.0000662,0.0000002,0.0000001
47653,0.0000662,0.0000002,0.0000001
47654,0.0000662,0.0000002,0.0000001
47655,0.0000662,0.0000002,0.0000001
47656,0.0000662,0.0000002,0.0000001
47657,0.0000662,0.0000002,0.0000001
47658,0.0000662,0.0000002,0.0000001
47659,0.0000662,0.0000002,0.0000001
47660,0.0000662,0.0000002,0.0000001
47661,0.0000662,0.0000002,0.0000001
47662,0.0000662,0.0000002,0.0000001
47663,0.0000662,0.0000002,0.0000001
47664,0.0000662,0.0000002,0.0000001
47665,0.0000662,0.0000002,0.0000001
47666,0.0000662,0.0000002,0.0000001
47667,0.0000662,0.0000002,0.0000001
47668,0.0000662,0.0000002,0.0000001
47669,0.0000662,0.0000002,0.0000001
47670,0.0000662,0.0000002,0.0000001
47671,0.0000662,0.0000002,0.0000001
47672,0.0000662,0.0000002,0.0000001
47673,0.0000662,0.0000002,0.0000001
47674,0.0000662,0.0000002,0.0000001
47675,0.0000662,0.0000002,0.0000001
47676,0.0000662,0.0000002,0.0000001
47677,0.0000662,0.0000002,0.0000001
47678,0.0000662,0.0000002,0.0000001
47679,0.0000662,0.0000002,0.0000001
47680,0.0000662,0.0000002,0.0000001
47681,0.0000662,0.0000002,0.0000001
47682,0.0000662,0.0000002,0.0000001
47683,0.0000661,0.0000002,0.0000001
47684,0.0000661,0.0000002,0.0000001
47685,0.0000661,0.0000002,0.0000001
47686,0.0000661,0.0000002,0.0000001
47687,0.0000661,0.0000002,0.0000001
47688,0.0000661,0.0000002,0.0000001
47689,0.0000661,0.0000002,0.0000001
47690,0.0000661,0.0000002,0.0000001
47691,0.0000661,0.0000002,0.0000001
47692,0.0000661,0.0000002,0.0000001
47693,0.0000661,0.0000002,0.0000001
47694,0.0000661,0.0000002,0.0000001
47695,0.0000661,0.0000002,0.0000001
47696,0.0000661,0.0000002,0.0000001
47697,0.0000661,0.0000002,0.0000001
47698,0.0000661,0.0000002,0.0000001
47699,0.0000661,0.0000002,0.0000001
47700,0.0000661,0.0000002,0.0000001
47701,0.0000661,0.0000002,0.0000001
47702,0.0000661,0.0000002,0.0000001
47703,0.0000661,0.0000002,0.0000001
47704,0.0000661,0.0000002,0.0000001
47705,0.0000661,0.0000002,0.0000001
47706,0.0000661,0.0000002,0.0000001
47707,0.0000661,0.0000002,0.0000001
47708,0.0000661,0.0000002,0.0000001
47709,0.0000661,0.0000002,0.0000001
47710,0.0000661,0.0000002,0.0000001
47711,0.0000661,0.0000002,0.0000001
47712,0.0000661,0.0000002,0.0000001
47713,0.0000661,0.0000002,0.0000001
47714,0.0000661,0.0000002,0.0000001
47715,0.0000661,0.0000002,0.0000001
47716,0.0000660,0.0000002,0.0000001
47717,0.0000660,0.0000002,0.0000001
47718,0.0000660,0.0000002,0.0000001
47719,0.0000660,0.0000002,0.0000001
47720,0.0000660,0.0000002,0.0000001
47721,0.0000660,0.0000002,0.0000001
47722,0.0000660,0.0000002,0.0000001
47723,0.0000660,0.0000002,0.0000001
47724,0.0000660,0.0000002,0.0000001
47725,0.0000660,0.0000002,0.0000001
47726,0.0000660,0.0000002,0.0000001
47727,0.0000660,0.0000002,0.0000001
47728,0.0000660,0.0000002,0.0000001
47729,0.0000660,0.0000002,0.0000001
47730,0.0000660,0.0000002,0.0000001
47731,0.0000660,0.0000002,0.0000001
47732,0.0000660,0.0000002,0.0000001
47733,0.0000660,0.0000002,0.0000001
47734,0.0000660,0.0000002,0.0000001
47735,0.0000660,0.0000002,0.0000001
47736,0.0000660,0.0000002,0.0000001
47737,0.0000660,0.0000002,0.0000001
47738,0.0000660,0.0000002,0.0000001
47739,0.0000660,0.0000002,0.0000001
47740,0.0000660,0.0000002,0.0000001
47741,0.0000660,0.0000002,0.0000001
47742,0.0000660,0.0000002,0.0000001
47743,0.0000660,0.0000002,0.0000001
47744,0.0000660,0.0000002,0.0000001
47745,0.0000660,0.0000002,0.0000001
47746,0.0000660,0.0000002,0.0000001
47747,0.0000660,0.0000002,0.0000001
47748,0.0000660,0.0000002,0.0000001
47749,0.0000659,0.0000002,0.0000001
47750,0.0000659,0.0000002,0.0000001
47751,0.0000659,0.0000002,0.0000001
47752,0.0000659,0.0000002,0.0000001
47753,0.0000659,0.0000002,0.0000001
47754,0.0000659,0.0000002,0.0000001
47755,0.0000659,0.0000002,0.0000001
47756,0.0000659,0.0000002,0.0000001
47757,0.0000659,0.0000002,0.0000001
47758,0.0000659,0.0000002,0.0000001
47759,0.0000659,0.0000002,0.0000001
47760,0.0000659,0.0000002,0.0000001
47761,0.0000659,0.0000002,0.0000001
47762,0.0000659,0.0000002,0.0000001
47763,0.0000659,0.0000002,0.0000001
47764,0.0000659,0.0000002,0.0000001
47765,0.0000659,0.0000002,0.0000001
47766,0.0000659,0.0000002,0.0000001
47767,0.0000659,0.0000002,0.0000001
47768,0.0000659,0.0000002,0.0000001
47769,0.0000659,0.0000002,0.0000001
47770,0.0000659,0.0000002,0.0000001
47771,0.0000659,0.0000002,0.0000001
47772,0.0000659,0.0000002,0.0000001
47773,0.0000659,0.0000002,0.0000001
47774,0.0000659,0.0000002,0.0000001
47775,0.0000659,0.0000002,0.0000001
47776,0.0000659,0.0000002,0.0000001
47777,0.0000659,0.0000002,0.0000001
47778,0.0000659,0.0000002,0.0000001
47779,0.0000659,0.0000002,0.0000001
47780,0.0000659,0.0000002,0.0000001
47781,0.0000659,0.0000002,0.0000001
47782,0.0000658,0.0000002,0.0000001
47783,0.0000658,0.0000002,0.0000001
47784,0.0000658,0.0000002,0.0000001
47785,0.0000658,0.0000002,0.0000001
47786,0.0000658,0.0000002,0.0000001
47787,0.0000658,0.0000002,0.0000001
47788,0.0000658,0.0000002,0.0000001
47789,0.0000658,0.0000002,0.0000001
47790,0.0000658,0.0000002,0.0000001
47791,0.0000658,0.0000002,0.0000001
47792,0.0000658,0.0000002,0.0000001
47793,0.0000658,0.0000002,0.0000001
47794,0.0000658,0.0000002,0.0000001
47795,0.0000658,0.0000002,0.0000001
47796,0.0000658,0.0000002,0.0000001
47797,0.0000658,0.0000002,0.0000001
47798,0.0000658,0.0000002,0.0000001
47799,0.0000658,0.0000002,0.0000001
47800,0.0000658,0.0000002,0.0000001
47801,0.0000658,0.0000002,0.0000001
47802,0.0000658,0.0000002,0.0000001
47803,0.0000658,0.0000002,0.0000001
47804,0.0000658,0.0000002,0.0000001
47805,0.0000658,0.0000002,0.0000001
47806,0.0000658,0.0000002,0.0000001
47807,0.0000658,0.0000002,0.0000001
47808,0.0000658,0.0000002,0.0000001
47809,0.0000658,0.0000002,0.0000001
47810,0.0000658,0.0000002,0.0000001
47811,0.0000658,0.0000002,0.0000001
47812,0.0000658,0.0000002,0.0000001
47813,0.0000658,0.0000002,0.0000001
47814,0.0000658,0.0000002,0.0000001
47815,0.0000657,0.0000002,0.0000001
47816,0.0000657,0.0000002,0.0000001
47817,0.0000657,0.0000002,0.0000001
47818,0.0000657,0.0000002,0.0000001
47819,0.0000657,0.0000002,0.0000001
47820,0.0000657,0.0000002,0.0000001
47821,0.0000657,0.0000002,0.0000001
47822,0.0000657,0.0000002,0.0000001
47823,0.0000657,0.0000002,0.0000001
47824,0.0000657,0.0000002,0.0000001
47825,0.0000657,0.0000002,0.0000001
47826,0.0000657,0.0000002,0.0000001
47827,0.0000657,0.0000002,0.0000001
47828,0.0000657,0.0000002,0.0000001
47829,0.0000657,0.0000002,0.0000001
47830,0.0000657,0.0000002,0.0000001
47831,0.0000657,0.0000002,0.0000001
47832,0.0000657,0.0000002,0.0000001
47833,0.0000657,0.0000002,0.0000001
47834,0.0000657,0.0000002,0.0000001
47835,0.0000657,0.0000002,0.0000001
47836,0.0000657,0.0000002,0.0000001
47837,0.0000657,0.0000002,0.0000001
47838,0.0000657,0.0000002,0.0000001
47839,0.0000657,0.0000002,0.0000001
47840,0.0000657,0.0000002,0.0000001
47841,0.0000657,0.0000002,0.0000001
47842,0.0000657,0.0000002,0.0000001
47843,0.0000657,0.0000002,0.0000001
47844,0.0000657,0.0000002,0.0000001
47845,0.0000657,0.0000002,0.0000001
47846,0.0000657,0.0000002,0.0000001
47847,0.0000657,0.0000002,0.0000001
47848,0.0000656,0.0000002,0.0000001
47849,0.0000656,0.0000002,0.0000001
47850,0.0000656,0.0000002,0.0000001
47851,0.0000656,0.0000002,0.0000001
47852,0.0000656,0.0000002,0.0000001
47853,0.0000656,0.0000002,0.0000001
47854,0.0000656,0.0000002,0.0000001
47855,0.0000656,0.0000002,0.0000001
47856,0.0000656,0.0000002,0.0000001
47857,0.0000656,0.0000002,0.0000001
47858,0.0000656,0.0000002,0.0000001
47859,0.0000656,0.0000002,0.0000001
47860,0.0000656,0.0000002,0.0000001
47861,0.0000656,0.0000002,0.0000001
47862,0.0000656,0.0000002,0.0000001
47863,0.0000656,0.0000002,0.0000001
47864,0.0000656,0.0000002,0.0000001
47865,0.0000656,0.0000002,0.0000001
47866,0.0000656,0.0000002,0.0000001
47867,0.0000656,0.0000002,0.0000001
47868,0.0000656,0.0000002,0.0000001
47869,0.0000656,0.0000002,0.0000001
47870,0.0000656,0.0000002,0.0000001
47871,0.0000656,0.0000002,0.0000001
47872,0.0000656,0.0000002,0.0000001
47873,0.0000656,0.0000002,0.0000001
47874,0.0000656,0.0000002,0.0000001
47875,0.0000656,0.0000002,0.0000001
47876,0.0000656,0.0000002,0.0000001
47877,0.0000656,0.0000002,0.0000001
47878,0.0000656,0.0000002,0.0000001
47879,0.0000656,0.0000002,0.0000001
47880,0.0000656,0.0000002,0.0000001
47881,0.0000655,0.0000002,0.0000001
47882,0.0000655,0.0000002,0.0000001
47883,0.0000655,0.0000002,0.0000001
47884,0.0000655,0.0000002,0.0000001
47885,0.0000655,0.0000002,0.0000001
47886,0.0000655,0.0000002,0.0000001
47887,0.0000655,0.0000002,0.0000001
47888,0.0000655,0.0000002,0.0000001
47889,0.0000655,0.0000002,0.0000001
47890,0.0000655,0.0000002,0.0000001
47891,0.0000655,0.0000002,0.0000001
47892,0.0000655,0.0000002,0.0000001
47893,0.0000655,0.0000002,0.0000001
47894,0.0000655,0.0000002,0.0000001
47895,0.0000655,0.0000002,0.0000001
47896,0.0000655,0.0000002,0.0000001
47897,0.0000655,0.0000002,0.0000001
47898,0.0000655,0.0000002,0.0000001
47899,0.0000655,0.0000002,0.0000001
47900,0.0000655,0.0000002,0.0000001
47901,0.0000655,0.0000002,0.0000001
47902,0.0000655,0.0000002,0.0000001
47903,0.0000655,0.0000002,0.0000001
47904,0.0000655,0.0000002,0.0000001
47905,0.0000655,0.0000002,0.0000001
47906,0.0000655,0.0000002,0.0000001
47907,0.0000655,0.0000002,0.0000001
47908,0.0000655,0.0000002,0.0000001
47909,0.0000655,0.0000002,0.0000001
47910,0.0000655,0.0000002,0.0000001
47911,0.0000655,0.0000002,0.0000001
47912,0.0000655,0.0000002,0.0000001
47913,0.0000655,0.0000002,0.0000001
47914,0.0000654,0.0000002,0.0000001
47915,0.0000654,0.0000002,0.0000001
47916,0.0000654,0.0000002,0.0000001
47917,0.0000654,0.0000002,0.0000001
47918,0.0000654,0.0000002,0.0000001
47919,0.0000654,0.0000002,0.0000001
47920,0.0000654,0.0000002,0.0000001
47921,0.0000654,0.0000002,0.0000001
47922,0.0000654,0.0000002,0.0000001
47923,0.0000654,0.0000002,0.0000001
47924,0.0000654,0.0000002,0.0000001
47925,0.0000654,0.0000002,0.0000001
47926,0.0000654,0.0000002,0.0000001
47927,0.0000654,0.0000002,0.0000001
47928,0.0000654,0.0000002,0.0000001
47929,0.0000654,0.0000002,0.0000001
47930,0.0000654,0.0000002,0.0000001
47931,0.0000654,0.0000002,0.0000001
47932,0.0000654,0.0000002,0.0000001
47933,0.0000654,0.0000002,0.0000001
47934,0.0000654,0.0000002,0.0000001
47935,0.0000654,0.0000002,0.0000001
47936,0.0000654,0.0000002,0.0000001
47937,0.0000654,0.0000002,0.0000001
47938,0.0000654,0.0000002,0.0000001
47939,0.0000654,0.0000002,0.0000001
47940,0.0000654,0.0000002,0.0000001
47941,0.0000654,0.0000002,0.0000001
47942,0.0000654,0.0000002,0.0000001
47943,0.0000654,0.0000002,0.0000001
47944,0.0000654,0.0000002,0.0000001
47945,0.0000654,0.0000002,0.0000001
47946,0.0000654,0.0000002,0.0000001
47947,0.0000653,0.0000002,0.0000001
47948,0.0000653,0.0000002,0.0000001
47949,0.0000653,0.0000002,0.0000001
47950,0.0000653,0.0000002,0.0000001
47951,0.0000653,0.0000002,0.0000001
47952,0.0000653,0.0000002,0.0000001
47953,0.0000653,0.0000002,0.0000001
47954,0.0000653,0.0000002,0.0000001
47955,0.0000653,0.0000002,0.0000001
47956,0.0000653,0.0000002,0.0000001
47957,0.0000653,0.0000002,0.0000001
47958,0.0000653,0.0000002,0.0000001
47959,0.0000653,0.0000002,0.0000001
47960,0.0000653,0.0000002,0.0000001
47961,0.0000653,0.0000002,0.0000001
47962,0.0000653,0.0000002,0.0000001
47963,0.0000653,0.0000002,0.0000001
47964,0.0000653,0.0000002,0.0000001
47965,0.0000653,0.0000002,0.0000001
47966,0.0000653,0.0000002,0.0000001
47967,0.0000653,0.0000002,0.0000001
47968,0.0000653,0.0000002,0.0000001
47969,0.0000653,0.0000002,0.0000001
47970,0.0000653,0.0000002,0.0000001
47971,0.0000653,0.0000002,0.0000001
47972,0.0000653,0.0000002,0.0000001
47973,0.0000653,0.0000002,0.0000001
47974,0.0000653,0.0000002,0.0000001
47975,0.0000653,0.0000002,0.0000001
47976,0.0000653,0.0000002,0.0000001
47977,0.0000653,0.0000002,0.0000001
47978,0.0000653,0.0000002,0.0000001
47979,0.0000653,0.0000002,0.0000001
47980,0.0000653,0.0000002,0.0000001
47981,0.0000652,0.0000002,0.0000001
47982,0.0000652,0.0000002,0.0000001
47983,0.0000652,0.0000002,0.0000001
47984,0.0000652,0.0000002,0.0000001
47985,0.0000652,0.0000002,0.0000001
47986,0.0000652,0.0000002,0.0000001
47987,0.0000652,0.0000002,0.0000001
47988,0.0000652,0.0000002,0.0000001
47989,0.0000652,0.0000002,0.0000001
47990,0.0000652,0.0000002,0.0000001
47991,0.0000652,0.0000002,0.0000001
47992,0.0000652,0.0000002,0.0000001
47993,0.0000652,0.0000002,0.0000001
47994,0.0000652,0.0000002,0.0000001
47995,0.0000652,0.0000002,0.0000001
47996,0.0000652,0.0000002,0.0000001
47997,0.0000652,0.0000002,0.0000001
47998,0.0000652,0.0000002,0.0000001
47999,0.0000652,0.0000002,0.0000001
48000,0.0000652,0.0000002,0.0000001
48001,0.0000652,0.0000002,0.0000001
48002,0.0000652,0.0000002,0.0000001
48003,0.0000652,0.0000002,0.0000001
48004,0.0000652,0.0000002,0.0000001
48005,0.0000652,0.0000002,0.0000001
48006,0.0000652,0.0000002,0.0000001
48007,0.0000652,0.0000002,0.0000001
48008,0.0000652,0.0000002,0.0000001
48009,0.0000652,0.0000002,0.0000001
48010,0.0000652,0.0000002,0.0000001
48011,0.0000652,0.0000002,0.0000001
48012,0.0000652,0.0000002,0.0000001
48013,0.0000652,0.0000002,0.0000001
48014,0.0000651,0.0000002,0.0000001
48015,0.0000651,0.0000002,0.0000001
48016,0.0000651,0.0000002,0.0000001
48017,0.0000651,0.0000002,0.0000001
48018,0.0000651,0.0000002,0.0000001
48019,0.0000651,0.0000002,0.0000001
48020,0.0000651,0.0000002,0.0000001
48021,0.0000651,0.0000002,0.0000001
48022,0.0000651,0.0000002,0.0000001
48023,0.0000651,0.0000002,0.0000001
48024,0.0000651,0.0000002,0.0000001
48025,0.0000651,0.0000002,0.0000001
48026,0.0000651,0.0000002,0.0000001
48027,0.0000651,0.0000002,0.0000001
48028,0.0000651,0.0000002,0.0000001
48029,0.0000651,0.0000002,0.0000001
48030,0.0000651,0.0000002,0.0000001
48031,0.0000651,0.0000002,0.0000001
48032,0.0000651,0.0000002,0.0000001
48033,0.0000651,0.0000002,0.0000001
48034,0.0000651,0.0000002,0.0000001
48035,0.0000651,0.0000002,0.0000001
48036,0.0000651,0.0000002,0.0000001
48037,0.0000651,0.0000002,0.0000001
48038,0.0000651,0.0000002,0.0000001
48039,0.0000651,0.0000002,0.0000001
48040,0.0000651,0.0000002,0.0000001
48041,0.0000651,0.0000002,0.0000001
48042,0.0000651,0.0000002,0.0000001
48043,0.0000651,0.0000002,0.0000001
48044,0.0000651,0.0000002,0.0000001
48045,0.0000651,0.0000002,0.0000001
48046,0.0000651,0.0000002,0.0000001
48047,0.0000651,0.0000002,0.0000001
48048,0.0000650,0.0000002,0.0000001
48049,0.0000650,0.0000002,0.0000001
48050,0.0000650,0.0000002,0.0000001
48051,0.0000650,0.0000002,0.0000001
48052,0.0000650,0.0000002,0.0000001
48053,0.0000650,0.0000002,0.0000001
48054,0.0000650,0.0000002,0.0000001
48055,0.0000650,0.0000002,0.0000001
48056,0.0000650,0.0000002,0.0000001
48057,0.0000650,0.0000002,0.0000001
48058,0.0000650,0.0000002,0.0000001
48059,0.0000650,0.0000002,0.0000001
48060,0.0000650,0.0000002,0.0000001
48061,0.0000650,0.0000002,0.0000001
48062,0.0000650,0.0000002,0.0000001
48063,0.0000650,0.0000002,0.0000001
48064,0.0000650,0.0000002,0.0000001
48065,0.0000650,0.0000002,0.0000001
48066,0.0000650,0.0000002,0.0000001
48067,0.0000650,0.0000002,0.0000001
48068,0.0000650,0.0000002,0.0000001
48069,0.0000650,0.0000002,0.0000001
48070,0.0000650,0.0000002,0.0000001
48071,0.0000650,0.0000002,0.0000001
48072,0.0000650,0.0000002,0.0000001
48073,0.0000650,0.0000002,0.0000001
48074,0.0000650,0.0000002,0.0000001
48075,0.0000650,0.0000002,0.0000001
48076,0.0000650,0.0000002,0.0000001
48077,0.0000650,0.0000002,0.0000001
48078,0.0000650,0.0000002,0.0000001
48079,0.0000650,0.0000002,0.0000001
48080,0.0000650,0.0000002,0.0000001
48081,0.0000650,0.0000002,0.0000001
48082,0.0000649,0.0000002,0.0000001
48083,0.0000649,0.0000002,0.0000001
48084,0.0000649,0.0000002,0.0000001
48085,0.0000649,0.0000002,0.0000001
48086,0.0000649,0.0000002,0.0000001
48087,0.0000649,0.0000002,0.0000001
48088,0.0000649,0.0000002,0.0000001
48089,0.0000649,0.0000002,0.0000001
48090,0.0000649,0.0000002,0.0000001
48091,0.0000649,0.0000002,0.0000001
48092,0.0000649,0.0000002,0.0000001
48093,0.0000649,0.0000002,0.0000001
48094,0.0000649,0.0000002,0.0000001
48095,0.0000649,0.0000002,0.0000001
48096,0.0000649,0.0000002,0.0000001
48097,0.0000649,0.0000002,0.0000001
48098,0.0000649,0.0000002,0.0000001
48099,0.0000649,0.0000002,0.0000001
48100,0.0000649,0.0000002,0.0000001
48101,0.0000649,0.0000002,0.0000001
48102,0.0000649,0.0000002,0.0000001
48103,0.0000649,0.0000002,0.0000001
48104,0.0000649,0.0000002,0.0000001
48105,0.0000649,0.0000002,0.0000001
48106,0.0000649,0.0000002,0.0000001
48107,0.0000649,0.0000002,0.0000001
48108,0.0000649,0.0000002,0.0000001
48109,0.0000649,0.0000002,0.0000001
48110,0.0000649,0.0000002,0.0000001
48111,0.0000649,0.0000002,0.0000001
48112,0.0000649,0.0000002,0.0000001
48113,0.0000649,0.0000002,0.0000001
48114,0.0000649,0.0000002,0.0000001
48115,0.0000648,0.0000002,0.0000001
48116,0.0000648,0.0000002,0.0000001
48117,0.0000648,0.0000002,0.0000001
48118,0.0000648,0.0000002,0.0000001
48119,0.0000648,0.0000002,0.0000001
48120,0.0000648,0.0000002,0.0000001
48121,0.0000648,0.0000002,0.0000001
48122,0.0000648,0.0000002,0.0000001
48123,0.0000648,0.0000002,0.0000001
48124,0.0000648,0.0000002,0.0000001
48125,0.0000648,0.0000002,0.0000001
48126,0.0000648,0.0000002,0.0000001
48127,0.0000648,0.0000002,0.0000001
48128,0.0000648,0.0000002,0.0000001
48129,0.0000648,0.0000002,0.0000001
48130,0.0000648,0.0000002,0.0000001
48131,0.0000648,0.0000002,0.0000001
48132,0.0000648,0.0000002,0.0000001
48133,0.0000648,0.0000002,0.0000001
48134,0.0000648,0.0000002,0.0000001
48135,0.0000648,0.0000002,0.0000001
48136,0.0000648,0.0000002,0.0000001
48137,0.0000648,0.0000002,0.0000001
48138,0.0000648,0.0000002,0.0000001
48139,0.0000648,0.0000002,0.0000001
48140,0.0000648,0.0000002,0.0000001
48141,0.0000648,0.0000002,0.0000001
48142,0.0000648,0.0000002,0.0000001
48143,0.0000648,0.0000002,0.0000001
48144,0.0000648,0.0000002,0.0000001
48145,0.0000648,0.0000002,0.0000001
48146,0.0000648,0.0000002,0.0000001
48147,0.0000648,0.0000002,0.0000001
48148,0.0000648,0.0000002,0.0000001
48149,0.0000647,0.0000002,0.0000001
48150,0.0000647,0.0000002,0.0000001
48151,0.0000647,0.0000002,0.0000001
48152,0.0000647,0.0000002,0.0000001
48153,0.0000647,0.0000002,0.0000001
48154,0.0000647,0.0000002,0.0000001
48155,0.0000647,0.0000002,0.0000001
48156,0.0000647,0.0000002,0.0000001
48157,0.0000647,0.0000002,0.0000001
48158,0.0000647,0.0000002,0.0000001
48159,0.0000647,0.0000002,0.0000001
48160,0.0000647,0.0000002,0.0000001
48161,0.0000647,0.0000002,0.0000001
48162,0.0000647,0.0000002,0.0000001
48163,0.0000647,0.0000002,0.0000001
48164,0.0000647,0.0000002,0.0000001
48165,0.0000647,0.0000002,0.0000001
48166,0.0000647,0.0000002,0.0000001
48167,0.0000647,0.0000002,0.0000001
48168,0.0000647,0.0000002,0.0000001
48169,0.0000647,0.0000002,0.0000001
48170,0.0000647,0.0000002,0.0000001
48171,0.0000647,0.0000002,0.0000001
48172,0.0000647,0.0000002,0.0000001
48173,0.0000647,0.0000002,0.0000001
48174,0.0000647,0.0000002,0.0000001
48175,0.0000647,0.0000002,0.0000001
48176,0.0000647,0.0000002,0.0000001
48177,0.0000647,0.0000002,0.0000001
48178,0.0000647,0.0000002,0.0000001
48179,0.0000647,0.0000002,0.0000001
48180,0.0000647,0.0000002,0.0000001
48181,0.0000647,0.0000002,0.0000001
48182,0.0000647,0.0000002,0.0000001
48183,0.0000646,0.0000002,0.0000001
48184,0.0000646,0.0000002,0.0000001
48185,0.0000646,0.0000002,0.0000001
48186,0.0000646,0.0000002,0.0000001
48187,0.0000646,0.0000002,0.0000001
48188,0.0000646,0.0000002,0.0000001
48189,0.0000646,0.0000002,0.0000001
48190,0.0000646,0.0000002,0.0000001
48191,0.0000646,0.0000002,0.0000001
48192,0.0000646,0.0000002,0.0000001
48193,0.0000646,0.0000002,0.0000001
48194,0.0000646,0.0000002,0.0000001
48195,0.0000646,0.0000002,0.0000001
48196,0.0000646,0.0000002,0.0000001
48197,0.0000646,0.0000002,0.0000001
48198,0.0000646,0.0000002,0.0000001
48199,0.0000646,0.0000002,0.0000001
48200,0.0000646,0.0000002,0.0000001
48201,0.0000646,0.0000002,0.0000001
48202,0.0000646,0.0000002,0.0000001
48203,0.0000646,0.0000002,0.0000001
48204,0.0000646,0.0000002,0.0000001
48205,0.0000646,0.0000002,0.0000001
48206,0.0000646,0.0000002,0.0000001
48207,0.0000646,0.0000002,0.0000001
48208,0.0000646,0.0000002,0.0000001
48209,0.0000646,0.0000002,0.0000001
48210,0.0000646,0.0000002,0.0000001
48211,0.0000646,0.0000002,0.0000001
48212,0.0000646,0.0000002,0.0000001
48213,0.0000646,0.0000002,0.0000001
48214,0.0000646,0.0000002,0.0000001
48215,0.0000646,0.0000002,0.0000001
48216,0.0000646,0.0000002,0.0000001
48217,0.0000646,0.0000002,0.0000001
48218,0.0000645,0.0000002,0.0000001
48219,0.0000645,0.0000002,0.0000001
48220,0.0000645,0.0000002,0.0000001
48221,0.0000645,0.0000002,0.0000001
48222,0.0000645,0.0000002,0.0000001
48223,0.0000645,0.0000002,0.0000001
48224,0.0000645,0.0000002,0.0000001
48225,0.0000645,0.0000002,0.0000001
48226,0.0000645,0.0000002,0.0000001
48227,0.0000645,0.0000002,0.0000001
48228,0.0000645,0.0000002,0.0000001
48229,0.0000645,0.0000002,0.0000001
48230,0.0000645,0.0000002,0.0000001
48231,0.0000645,0.0000002,0.0000001
48232,0.0000645,0.0000002,0.0000001
48233,0.0000645,0.0000002,0.0000001
48234,0.0000645,0.0000002,0.0000001
48235,0.0000645,0.0000002,0.0000001
48236,0.0000645,0.0000002,0.0000001
48237,0.0000645,0.0000002,0.0000001
48238,0.0000645,0.0000002,0.0000001
48239,0.0000645,0.0000002,0.0000001
48240,0.0000645,0.0000002,0.0000001
48241,0.0000645,0.0000002,0.0000001
48242,0.0000645,0.0000002,0.0000001
48243,0.0000645,0.0000002,0.0000001
48244,0.0000645,0.0000002,0.0000001
48245,0.0000645,0.0000002,0.0000001
48246,0.0000645,0.0000002,0.0000001
48247,0.0000645,0.0000002,0.0000001
48248,0.0000645,0.0000002,0.0000001
48249,0.0000645,0.0000002,0.0000001
48250,0.0000645,0.0000002,0.0000001
48251,0.0000645,0.0000002,0.0000001
48252,0.0000644,0.0000002,0.0000001
48253,0.0000644,0.0000002,0.0000001
48254,0.0000644,0.0000002,0.0000001
48255,0.0000644,0.0000002,0.0000001
48256,0.0000644,0.0000002,0.0000001
48257,0.0000644,0.0000002,0.0000001
48258,0.0000644,0.0000002,0.0000001
48259,0.0000644,0.0000002,0.0000001
48260,0.0000644,0.0000002,0.0000001
48261,0.0000644,0.0000002,0.0000001
48262,0.0000644,0.0000002,0.0000001
48263,0.0000644,0.0000002,0.0000001
48264,0.0000644,0.0000002,0.0000001
48265,0.0000644,0.0000002,0.0000001
48266,0.0000644,0.0000002,0.0000001
48267,0.0000644,0.0000002,0.0000001
48268,0.0000644,0.0000002,0.0000001
48269,0.0000644,0.0000002,0.0000001
48270,0.0000644,0.0000002,0.0000001
48271,0.0000644,0.0000002,0.0000001
48272,0.0000644,0.0000002,0.0000001
48273,0.0000644,0.0000002,0.0000001
48274,0.0000644,0.0000002,0.0000001
48275,0.0000644,0.0000002,0.0000001
48276,0.0000644,0.0000002,0.0000001
48277,0.0000644,0.0000002,0.0000001
48278,0.0000644,0.0000002,0.0000001
48279,0.0000644,0.0000002,0.0000001
48280,0.0000644,0.0000002,0.0000001
48281,0.0000644,0.0000002,0.0000001
48282,0.0000644,0.0000002,0.0000001
48283,0.0000644,0.0000002,0.0000001
48284,0.0000644,0.0000002,0.0000001
48285,0.0000644,0.0000002,0.0000001
48286,0.0000643,0.0000002,0.0000001
48287,0.0000643,0.0000002,0.0000001
48288,0.0000643,0.0000002,0.0000001
48289,0.0000643,0.0000002,0.0000001
48290,0.0000643,0.0000002,0.0000001
48291,0.0000643,0.0000002,0.0000001
48292,0.0000643,0.0000002,0.0000001
48293,0.0000643,0.0000002,0.0000001
48294,0.0000643,0.0000002,0.0000001
48295,0.0000643,0.0000002,0.0000001
48296,0.0000643,0.0000002,0.0000001
48297,0.0000643,0.0000002,0.0000001
48298,0.0000643,0.0000002,0.0000001
48299,0.0000643,0.0000002,0.0000001
48300,0.0000643,0.0000002,0.0000001
48301,0.0000643,0.0000002,0.0000001
48302,0.0000643,0.0000002,0.0000001
48303,0.0000643,0.0000002,0.0000001
48304,0.0000643,0.0000002,0.0000001
48305,0.0000643,0.0000002,0.0000001
48306,0.0000643,0.0000002,0.0000001
48307,0.0000643,0.0000002,0.0000001
48308,0.0000643,0.0000002,0.0000001
48309,0.0000643,0.0000002,0.0000001
48310,0.0000643,0.0000002,0.0000001
48311,0.0000643,0.0000002,0.0000001
48312,0.0000643,0.0000002,0.0000001
48313,0.0000643,0.0000002,0.0000001
48314,0.0000643,0.0000002,0.0000001
48315,0.0000643,0.0000002,0.0000001
48316,0.0000643,0.0000002,0.0000001
48317,0.0000643,0.0000002,0.0000001
48318,0.0000643,0.0000002,0.0000001
48319,0.0000643,0.0000002,0.0000001
48320,0.0000643,0.0000002,0.0000001
48321,0.0000642,0.0000002,0.0000001
48322,0.0000642,0.0000002,0.0000001
48323,0.0000642,0.0000002,0.0000001
48324,0.0000642,0.0000002,0.0000001
48325,0.0000642,0.0000002,0.0000001
48326,0.0000642,0.0000002,0.0000001
48327,0.0000642,0.0000002,0.0000001
48328,0.0000642,0.0000002,0.0000001
48329,0.0000642,0.0000002,0.0000001
48330,0.0000642,0.0000002,0.0000001
48331,0.0000642,0.0000002,0.0000001
48332,0.0000642,0.0000002,0.0000001
48333,0.0000642,0.0000002,0.0000001
48334,0.0000642,0.0000002,0.0000001
48335,0.0000642,0.0000002,0.0000001
48336,0.0000642,0.0000002,0.0000001
48337,0.0000642,0.0000002,0.0000001
48338,0.0000642,0.0000002,0.0000001
48339,0.0000642,0.0000002,0.0000001
48340,0.0000642,0.0000002,0.0000001
48341,0.0000642,0.0000002,0.0000001
48342,0.0000642,0.0000002,0.0000001
48343,0.0000642,0.0000002,0.0000001
48344,0.0000642,0.0000002,0.0000001
48345,0.0000642,0.0000002,0.0000001
48346,0.0000642,0.0000002,0.0000001
48347,0.0000642,0.0000002,0.0000001
48348,0.0000642,0.0000002,0.0000001
48349,0.0000642,0.0000002,0.0000001
48350,0.0000642,0.0000002,0.0000001
48351,0.0000642,0.0000002,0.0000001
48352,0.0000642,0.0000002,0.0000001
48353,0.0000642,0.0000002,0.0000001
48354,0.0000642,0.0000002,0.0000001
48355,0.0000642,0.0000002,0.0000001
48356,0.0000641,0.0000002,0.0000001
48357,0.0000641,0.0000002,0.0000001
48358,0.0000641,0.0000002,0.0000001
48359,0.0000641,0.0000002,0.0000001
48360,0.0000641,0.0000002,0.0000001
48361,0.0000641,0.0000002,0.0000001
48362,0.0000641,0.0000002,0.0000001
48363,0.0000641,0.0000002,0.0000001
48364,0.0000641,0.0000002,0.0000001
48365,0.0000641,0.0000002,0.0000001
48366,0.0000641,0.0000002,0.0000001
48367,0.0000641,0.0000002,0.0000001
48368,0.0000641,0.0000002,0.0000001
48369,0.0000641,0.0000002,0.0000001
48370,0.0000641,0.0000002,0.0000001
48371,0.0000641,0.0000002,0.0000001
48372,0.0000641,0.0000002,0.0000001
48373,0.0000641,0.0000002,0.0000001
48374,0.0000641,0.0000002,0.0000001
48375,0.0000641,0.0000002,0.0000001
48376,0.0000641,0.0000002,0.0000001
48377,0.0000641,0.0000002,0.0000001
48378,0.0000641,0.0000002,0.0000001
48379,0.0000641,0.0000002,0.0000001
48380,0.0000641,0.0000002,0.0000001
48381,0.0000641,0.0000002,0.0000001
48382,0.0000641,0.0000002,0.0000001
48383,0.0000641,0.0000002,0.0000001
48384,0.0000641,0.0000002,0.0000001
48385,0.0000641,0.0000002,0.0000001
48386,0.0000641,0.0000002,0.0000001
48387,0.0000641,0.0000002,0.0000001
48388,0.0000641,0.0000002,0.0000001
48389,0.0000641,0.0000002,0.0000001
48390,0.0000641,0.0000002,0.0000001
48391,0.0000640,0.0000002,0.0000001
48392,0.0000640,0.0000002,0.0000001
48393,0.0000640,0.0000002,0.0000001
48394,0.0000640,0.0000002,0.0000001
48395,0.0000640,0.0000002,0.0000001
48396,0.0000640,0.0000002,0.0000001
48397,0.0000640,0.0000002,0.0000001
48398,0.0000640,0.0000002,0.0000001
48399,0.0000640,0.0000002,0.0000001
48400,0.0000640,0.0000002,0.0000001
48401,0.0000640,0.0000002,0.0000001
48402,0.0000640,0.0000002,0.0000001
48403,0.0000640,0.0000002,0.0000001
48404,0.0000640,0.0000002,0.0000001
48405,0.0000640,0.0000002,0.0000001
48406,0.0000640,0.0000002,0.0000001
48407,0.0000640,0.0000002,0.0000001
48408,0.0000640,0.0000002,0.0000001
48409,0.0000640,0.0000002,0.0000001
48410,0.0000640,0.0000002,0.0000001
48411,0.0000640,0.0000002,0.0000001
48412,0.0000640,0.0000002,0.0000001
48413,0.0000640,0.0000002,0.0000001
48414,0.0000640,0.0000002,0.0000001
48415,0.0000640,0.0000002,0.0000001
48416,0.0000640,0.0000002,0.0000001
48417,0.0000640,0.0000002,0.0000001
48418,0.0000640,0.0000002,0.0000001
48419,0.0000640,0.0000002,0.0000001
48420,0.0000640,0.0000002,0.0000001
48421,0.0000640,0.0000002,0.0000001
48422,0.0000640,0.0000002,0.0000001
48423,0.0000640,0.0000002,0.0000001
48424,0.0000640,0.0000002,0.0000001
48425,0.0000640,0.0000002,0.0000001
48426,0.0000639,0.0000002,0.0000001
48427,0.0000639,0.0000002,0.0000001
48428,0.0000639,0.0000002,0.0000001
48429,0.0000639,0.0000002,0.0000001
48430,0.0000639,0.0000002,0.0000001
48431,0.0000639,0.0000002,0.0000001
48432,0.0000639,0.0000002,0.0000001
48433,0.0000639,0.0000002,0.0000001
48434,0.0000639,0.0000002,0.0000001
48435,0.0000639,0.0000002,0.0000001
48436,0.0000639,0.0000002,0.0000001
48437,0.0000639,0.0000002,0.0000001
48438,0.0000639,0.0000002,0.0000001
48439,0.0000639,0.0000002,0.0000001
48440,0.0000639,0.0000002,0.0000001
48441,0.0000639,0.0000002,0.0000001
48442,0.0000639,0.0000002,0.0000001
48443,0.0000639,0.0000002,0.0000001
48444,0.0000639,0.0000002,0.0000001
48445,0.0000639,0.0000002,0.0000001
48446,0.0000639,0.0000002,0.0000001
48447,0.0000639,0.0000002,0.0000001
48448,0.0000639,0.0000002,0.0000001
48449,0.0000639,0.0000002,0.0000001
48450,0.0000639,0.0000002,0.0000001
48451,0.0000639,0.0000002,0.0000001
48452,0.0000639,0.0000002,0.0000001
48453,0.0000639,0.0000002,0.0000001
48454,0.0000639,0.0000002,0.0000001
48455,0.0000639,0.0000002,0.0000001
48456,0.0000639,0.0000002,0.0000001
48457,0.0000639,0.0000002,0.0000001
48458,0.0000639,0.0000002,0.0000001
48459,0.0000639,0.0000002,0.0000001
48460,0.0000639,0.0000002,0.0000001
48461,0.0000638,0.0000002,0.0000001
48462,0.0000638,0.0000002,0.0000001
48463,0.0000638,0.0000002,0.0000001
48464,0.0000638,0.0000002,0.0000001
48465,0.0000638,0.0000002,0.0000001
48466,0.0000638,0.0000002,0.0000001
48467,0.0000638,0.0000002,0.0000001
48468,0.0000638,0.0000002,0.0000001
48469,0.0000638,0.0000002,0.0000001
48470,0.0000638,0.0000002,0.0000001
48471,0.0000638,0.0000002,0.0000001
48472,0.0000638,0.0000002,0.0000001
48473,0.0000638,0.0000002,0.0000001
48474,0.0000638,0.0000002,0.0000001
48475,0.0000638,0.0000002,0.0000001
48476,0.0000638,0.0000002,0.0000001
48477,0.0000638,0.0000002,0.0000001
48478,0.0000638,0.0000002,0.0000001
48479,0.0000638,0.0000002,0.0000001
48480,0.0000638,0.0000002,0.0000001
48481,0.0000638,0.0000002,0.0000001
48482,0.0000638,0.0000002,0.0000001
48483,0.0000638,0.0000002,0.0000001
48484,0.0000638,0.0000002,0.0000001
48485,0.0000638,0.0000002,0.0000001
48486,0.0000638,0.0000002,0.0000001
48487,0.0000638,0.0000002,0.0000001
48488,0.0000638,0.0000002,0.0000001
48489,0.0000638,0.0000002,0.0000001
48490,0.0000638,0.0000002,0.0000001
48491,0.0000638,0.0000002,0.0000001
48492,0.0000638,0.0000002,0.0000001
48493,0.0000638,0.0000002,0.0000001
48494,0.0000638,0.0000002,0.0000001
48495,0.0000638,0.0000002,0.0000001
48496,0.0000637,0.0000002,0.0000001
48497,0.0000637,0.0000002,0.0000001
48498,0.0000637,0.0000002,0.0000001
48499,0.0000637,0.0000002,0.0000001
48500,0.0000637,0.0000002,0.0000001
48501,0.0000637,0.0000002,0.0000001
48502,0.0000637,0.0000002,0.0000001
48503,0.0000637,0.0000002,0.0000001
48504,0.0000637,0.0000002,0.0000001
48505,0.0000637,0.0000002,0.0000001
48506,0.0000637,0.0000002,0.0000001
48507,0.0000637,0.0000002,0.0000001
48508,0.0000637,0.0000002,0.0000001
48509,0.0000637,0.0000002,0.0000001
48510,0.0000637,0.0000002,0.0000001
48511,0.0000637,0.0000002,0.0000001
48512,0.0000637,0.0000002,0.0000001
48513,0.0000637,0.0000002,0.0000001
48514,0.0000637,0.0000002,0.0000001
48515,0.0000637,0.0000002,0.0000001
48516,0.0000637,0.0000002,0.0000001
48517,0.0000637,0.0000002,0.0000001
48518,0.0000637,0.0000002,0.0000001
48519,0.0000637,0.0000002,0.0000001
48520,0.0000637,0.0000002,0.0000001
48521,0.0000637,0.0000002,0.0000001
48522,0.0000637,0.0000002,0.0000001
48523,0.0000637,0.0000002,0.0000001
48524,0.0000637,0.0000002,0.0000001
48525,0.0000637,0.0000002,0.0000001
48526,0.0000637,0.0000002,0.0000001
48527,0.0000637,0.0000002,0.0000001
48528,0.0000637,0.0000002,0.0000001
48529,0.0000637,0.0000002,0.0000001
48530,0.0000637,0.0000002,0.0000001
48531,0.0000636,0.0000002,0.0000001
48532,0.0000636,0.0000002,0.0000001
48533,0.0000636,0.0000002,0.0000001
48534,0.0000636,0.0000002,0.0000001
48535,0.0000636,0.0000002,0.0000001
48536,0.0000636,0.0000002,0.0000001
48537,0.0000636,0.0000002,0.0000001
48538,0.0000636,0.0000002,0.0000001
48539,0.0000636,0.0000002,0.0000001
48540,0.0000636,0.0000002,0.0000001
48541,0.0000636,0.0000002,0.0000001
48542,0.0000636,0.0000002,0.0000001
48543,0.0000636,0.0000002,0.0000001
48544,0.0000636,0.0000002,0.0000001
48545,0.0000636,0.0000002,0.0000001
48546,0.0000636,0.0000002,0.0000001
48547,0.0000636,0.0000002,0.0000001
48548,0.0000636,0.0000002,0.0000001
48549,0.0000636,0.0000002,0.0000001
48550,0.0000636,0.0000002,0.0000001
48551,0.0000636,0.0000002,0.0000001
48552,0.0000636,0.0000002,0.0000001
48553,0.0000636,0.0000002,0.0000001
48554,0.0000636,0.0000002,0.0000001
48555,0.0000636,0.0000002,0.0000001
48556,0.0000636,0.0000002,0.0000001
48557,0.0000636,0.0000002,0.0000001
48558,0.0000636,0.0000002,0.0000001
48559,0.0000636,0.0000002,0.0000001
48560,0.0000636,0.0000002,0.0000001
48561,0.0000636,0.0000002,0.0000001
48562,0.0000636,0.0000002,0.0000001
48563,0.0000636,0.0000002,0.0000001
48564,0.0000636,0.0000002,0.0000001
48565,0.0000636,0.0000002,0.0000001
48566,0.0000636,0.0000002,0.0000001
48567,0.0000635,0.0000002,0.0000001
48568,0.0000635,0.0000002,0.0000001
48569,0.0000635,0.0000002,0.0000001
48570,0.0000635,0.0000002,0.0000001
48571,0.0000635,0.0000002,0.0000001
48572,0.0000635,0.0000002,0.0000001
48573,0.0000635,0.0000002,0.0000001
48574,0.0000635,0.0000002,0.0000001
48575,0.0000635,0.0000002,0.0000001
48576,0.0000635,0.0000002,0.0000001
48577,0.0000635,0.0000002,0.0000001
48578,0.0000635,0.0000002,0.0000001
48579,0.0000635,0.0000002,0.0000001
48580,0.0000635,0.0000002,0.0000001
48581,0.0000635,0.0000002,0.0000001
48582,0.0000635,0.0000002,0.0000001
48583,0.0000635,0.0000002,0.0000001
48584,0.0000635,0.0000002,0.0000001
48585,0.0000635,0.0000002,0.0000001
48586,0.0000635,0.0000002,0.0000001
48587,0.0000635,0.0000002,0.0000001
48588,0.0000635,0.0000002,0.0000001
48589,0.0000635,0.0000002,0.0000001
48590,0.0000635,0.0000002,0.0000001
48591,0.0000635,0.0000002,0.0000001
48592,0.0000635,0.0000002,0.0000001
48593,0.0000635,0.0000002,0.0000001
48594,0.0000635,0.0000002,0.0000001
48595,0.0000635,0.0000002,0.0000001
48596,0.0000635,0.0000002,0.0000001
48597,0.0000635,0.0000002,0.0000001
48598,0.0000635,0.0000002,0.0000001
48599,0.0000635,0.0000002,0.0000001
48600,0.0000635,0.0000002,0.0000001
48601,0.0000635,0.0000002,0.0000001
48602,0.0000634,0.0000002,0.0000001
48603,0.0000634,0.0000002,0.0000001
48604,0.0000634,0.0000002,0.0000001
48605,0.0000634,0.0000002,0.0000001
48606,0.0000634,0.0000002,0.0000001
48607,0.0000634,0.0000002,0.0000001
48608,0.0000634,0.0000002,0.0000001
48609,0.0000634,0.0000002,0.0000001
48610,0.0000634,0.0000002,0.0000001
48611,0.0000634,0.0000002,0.0000001
48612,0.0000634,0.0000002,0.0000001
48613,0.0000634,0.0000002,0.0000001
48614,0.0000634,0.0000002,0.0000001
48615,0.0000634,0.0000002,0.0000001
48616,0.0000634,0.0000002,0.0000001
48617,0.0000634,0.0000002,0.0000001
48618,0.0000634,0.0000002,0.0000001
48619,0.0000634,0.0000002,0.0000001
48620,0.0000634,0.0000002,0.0000001
48621,0.0000634,0.0000002,0.0000001
48622,0.0000634,0.0000002,0.0000001
48623,0.0000634,0.0000002,0.0000001
48624,0.0000634,0.0000002,0.0000001
48625,0.0000634,0.0000002,0.0000001
48626,0.0000634,0.0000002,0.0000001
48627,0.0000634,0.0000002,0.0000001
48628,0.0000634,0.0000002,0.0000001
48629,0.0000634,0.0000002,0.0000001
48630,0.0000634,0.0000002,0.0000001
48631,0.0000634,0.0000002,0.0000001
48632,0.0000634,0.0000002,0.0000001
48633,0.0000634,0.0000002,0.0000001
48634,0.0000634,0.0000002,0.0000001
48635,0.0000634,0.0000002,0.0000001
48636,0.0000634,0.0000002,0.0000001
48637,0.0000634,0.0000002,0.0000001
48638,0.0000633,0.0000002,0.0000001
48639,0.0000633,0.0000002,0.0000001
48640,0.0000633,0.0000002,0.0000001
48641,0.0000633,0.0000002,0.0000001
48642,0.0000633,0.0000002,0.0000001
48643,0.0000633,0.0000002,0.0000001
48644,0.0000633,0.0000002,0.0000001
48645,0.0000633,0.0000002,0.0000001
48646,0.0000633,0.0000002,0.0000001
48647,0.0000633,0.0000002,0.0000001
48648,0.0000633,0.0000002,0.0000001
48649,0.0000633,0.0000002,0.0000001
48650,0.0000633,0.0000002,0.0000001
48651,0.0000633,0.0000002,0.0000001
48652,0.0000633,0.0000002,0.0000001
48653,0.0000633,0.0000002,0.0000001
48654,0.0000633,0.0000002,0.0000001
48655,0.0000633,0.0000002,0.0000001
48656,0.0000633,0.0000002,0.0000001
48657,0.0000633,0.0000002,0.0000001
48658,0.0000633,0.0000002,0.0000001
48659,0.0000633,0.0000002,0.0000001
48660,0.0000633,0.0000002,0.0000001
48661,0.0000633,0.0000002,0.0000001
48662,0.0000633,0.0000002,0.0000001
48663,0.0000633,0.0000002,0.0000001
48664,0.0000633,0.0000002,0.0000001
48665,0.0000633,0.0000002,0.0000001
48666,0.0000633,0.0000002,0.0000001
48667,0.0000633,0.0000002,0.0000001
48668,0.0000633,0.0000002,0.0000001
48669,0.0000633,0.0000002,0.0000001
48670,0.0000633,0.0000002,0.0000001
48671,0.0000633,0.0000002,0.0000001
48672,0.0000633,0.0000002,0.0000001
48673,0.0000633,0.0000002,0.0000001
48674,0.0000632,0.0000002,0.0000001
48675,0.0000632,0.0000002,0.0000001
48676,0.0000632,0.0000002,0.0000001
48677,0.0000632,0.0000002,0.0000001
48678,0.0000632,0.0000002,0.0000001
48679,0.0000632,0.0000002,0.0000001
48680,0.0000632,0.0000002,0.0000001
48681,0.0000632,0.0000002,0.0000001
48682,0.0000632,0.0000002,0.0000001
48683,0.0000632,0.0000002,0.0000001
48684,0.0000632,0.0000002,0.0000001
48685,0.0000632,0.0000002,0.0000001
48686,0.0000632,0.0000002,0.0000001
48687,0.0000632,0.0000002,0.0000001
48688,0.0000632,0.0000002,0.0000001
48689,0.0000632,0.0000002,0.0000001
48690,0.0000632,0.0000002,0.0000001
48691,0.0000632,0.0000002,0.0000001
48692,0.0000632,0.0000002,0.0000001
48693,0.0000632,0.0000002,0.0000001
48694,0.0000632,0.0000002,0.0000001
48695,0.0000632,0.0000002,0.0000001
48696,0.0000632,0.0000002,0.0000001
48697,0.0000632,0.0000002,0.0000001
48698,0.0000632,0.0000002,0.0000001
48699,0.0000632,0.0000002,0.0000001
48700,0.0000632,0.0000002,0.0000001
48701,0.0000632,0.0000002,0.0000001
48702,0.0000632,0.0000002,0.0000001
48703,0.0000632,0.0000002,0.0000001
48704,0.0000632,0.0000002,0.0000001
48705,0.0000632,0.0000002,0.0000001
48706,0.0000632,0.0000002,0.0000001
48707,0.0000632,0.0000002,0.0000001
48708,0.0000632,0.0000002,0.0000001
48709,0.0000632,0.0000002,0.0000001
48710,0.0000631,0.0000002,0.0000001
48711,0.0000631,0.0000002,0.0000001
48712,0.0000631,0.0000002,0.0000001
48713,0.0000631,0.0000002,0.0000001
48714,0.0000631,0.0000002,0.0000001
48715,0.0000631,0.0000002,0.0000001
48716,0.0000631,0.0000002,0.0000001
48717,0.0000631,0.0000002,0.0000001
48718,0.0000631,0.0000002,0.0000001
48719,0.0000631,0.0000002,0.0000001
48720,0.0000631,0.0000002,0.0000001
48721,0.0000631,0.0000002,0.0000001
48722,0.0000631,0.0000002,0.0000001
48723,0.0000631,0.0000002,0.0000001
48724,0.0000631,0.0000002,0.0000001
48725,0.0000631,0.0000002,0.0000001
48726,0.0000631,0.0000002,0.0000001
48727,0.0000631,0.0000002,0.0000001
48728,0.0000631,0.0000002,0.0000001
48729,0.0000631,0.0000002,0.0000001
48730,0.0000631,0.0000002,0.0000001
48731,0.0000631,0.0000002,0.0000001
48732,0.0000631,0.0000002,0.0000001
48733,0.0000631,0.0000002,0.0000001
48734,0.0000631,0.0000002,0.0000001
48735,0.0000631,0.0000002,0.0000001
48736,0.0000631,0.0000002,0.0000001
48737,0.0000631,0.0000002,0.0000001
48738,0.0000631,0.0000002,0.0000001
48739,0.0000631,0.0000002,0.0000001
48740,0.0000631,0.0000002,0.0000001
48741,0.0000631,0.0000002,0.0000001
48742,0.0000631,0.0000002,0.0000001
48743,0.0000631,0.0000002,0.0000001
48744,0.0000631,0.0000002,0.0000001
48745,0.0000631,0.0000002,0.0000001
48746,0.0000630,0.0000002,0.0000001
48747,0.0000630,0.0000002,0.0000001
48748,0.0000630,0.0000002,0.0000001
48749,0.0000630,0.0000002,0.0000001
48750,0.0000630,0.0000002,0.0000001
48751,0.0000630,0.0000002,0.0000001
48752,0.0000630,0.0000002,0.0000001
48753,0.0000630,0.0000002,0.0000001
48754,0.0000630,0.0000002,0.0000001
48755,0.0000630,0.0000002,0.0000001
48756,0.0000630,0.0000002,0.0000001
48757,0.0000630,0.0000002,0.0000001
48758,0.0000630,0.0000002,0.0000001
48759,0.0000630,0.0000002,0.0000001
48760,0.0000630,0.0000002,0.0000001
48761,0.0000630,0.0000002,0.0000001
48762,0.0000630,0.0000002,0.0000001
48763,0.0000630,0.0000002,0.0000001
48764,0.0000630,0.0000002,0.0000001
48765,0.0000630,0.0000002,0.0000001
48766,0.0000630,0.0000002,0.0000001
48767,0.0000630,0.0000002,0.0000001
48768,0.0000630,0.0000002,0.0000001
48769,0.0000630,0.0000002,0.0000001
48770,0.0000630,0.0000002,0.0000001
48771,0.0000630,0.0000002,0.0000001
48772,0.0000630,0.0000002,0.0000001
48773,0.0000630,0.0000002,0.0000001
48774,0.0000630,0.0000002,0.0000001
48775,0.0000630,0.0000002,0.0000001
48776,0.0000630,0.0000002,0.0000001
48777,0.0000630,0.0000002,0.0000001
48778,0.0000630,0.0000002,0.0000001
48779,0.0000630,0.0000002,0.0000001
48780,0.0000630,0.0000002,0.0000001
48781,0.0000630,0.0000002,0.0000001
48782,0.0000629,0.0000002,0.0000001
48783,0.0000629,0.0000002,0.0000001
48784,0.0000629,0.0000002,0.0000001
48785,0.0000629,0.0000002,0.0000001
48786,0.0000629,0.0000002,0.0000001
48787,0.0000629,0.0000002,0.0000001
48788,0.0000629,0.0000002,0.0000001
48789,0.0000629,0.0000002,0.0000001
48790,0.0000629,0.0000002,0.0000001
48791,0.0000629,0.0000002,0.0000001
48792,0.0000629,0.0000002,0.0000001
48793,0.0000629,0.0000002,0.0000001
48794,0.0000629,0.0000002,0.0000001
48795,0.0000629,0.0000002,0.0000001
48796,0.0000629,0.0000002,0.0000001
48797,0.0000629,0.0000002,0.0000001
48798,0.0000629,0.0000002,0.0000001
48799,0.0000629,0.0000002,0.0000001
48800,0.0000629,0.0000002,0.0000001
48801,0.0000629,0.0000002,0.0000001
48802,0.0000629,0.0000002,0.0000001
48803,0.0000629,0.0000002,0.0000001
48804,0.0000629,0.0000002,0.0000001
48805,0.0000629,0.0000002,0.0000001
48806,0.0000629,0.0000002,0.0000001
48807,0.0000629,0.0000002,0.0000001
48808,0.0000629,0.0000002,0.0000001
48809,0.0000629,0.0000002,0.0000001
48810,0.0000629,0.0000002,0.0000001
48811,0.0000629,0.0000002,0.0000001
48812,0.0000629,0.0000002,0.0000001
48813,0.0000629,0.0000002,0.0000001
48814,0.0000629,0.0000002,0.0000001
48815,0.0000629,0.0000002,0.0000001
48816,0.0000629,0.0000002,0.0000001
48817,0.0000629,0.0000002,0.0000001
48818,0.0000628,0.0000002,0.0000001
48819,0.0000628,0.0000002,0.0000001
48820,0.0000628,0.0000002,0.0000001
48821,0.0000628,0.0000002,0.0000001
48822,0.0000628,0.0000002,0.0000001
48823,0.0000628,0.0000002,0.0000001
48824,0.0000628,0.0000002,0.0000001
48825,0.0000628,0.0000002,0.0000001
48826,0.0000628,0.0000002,0.0000001
48827,0.0000628,0.0000002,0.0000001
48828,0.0000628,0.0000002,0.0000001
48829,0.0000628,0.0000002,0.0000001
48830,0.0000628,0.0000002,0.0000001
48831,0.0000628,0.0000002,0.0000001
48832,0.0000628,0.0000002,0.0000001
48833,0.0000628,0.0000002,0.0000001
48834,0.0000628,0.0000002,0.0000001
48835,0.0000628,0.0000002,0.0000001
48836,0.0000628,0.0000002,0.0000001
48837,0.0000628,0.0000002,0.0000001
48838,0.0000628,0.0000002,0.0000001
48839,0.0000628,0.0000002,0.0000001
48840,0.0000628,0.0000002,0.0000001
48841,0.0000628,0.0000002,0.0000001
48842,0.0000628,0.0000002,0.0000001
48843,0.0000628,0.0000002,0.0000001
48844,0.0000628,0.0000002,0.0000001
48845,0.0000628,0.0000002,0.0000001
48846,0.0000628,0.0000002,0.0000001
48847,0.0000628,0.0000002,0.0000001
48848,0.0000628,0.0000002,0.0000001
48849,0.0000628,0.0000002,0.0000001
48850,0.0000628,0.0000002,0.0000001
48851,0.0000628,0.0000002,0.0000001
48852,0.0000628,0.0000002,0.0000001
48853,0.0000628,0.0000002,0.0000001
48854,0.0000627,0.0000002,0.0000001
48855,0.0000627,0.0000002,0.0000001
48856,0.0000627,0.0000002,0.0000001
48857,0.0000627,0.0000002,0.0000001
48858,0.0000627,0.0000002,0.0000001
48859,0.0000627,0.0000002,0.0000001
48860,0.0000627,0.0000002,0.0000001
48861,0.0000627,0.0000002,0.0000001
48862,0.0000627,0.0000002,0.0000001
48863,0.0000627,0.0000002,0.0000001
48864,0.0000627,0.0000002,0.0000001
48865,0.0000627,0.0000002,0.0000001
48866,0.0000627,0.0000002,0.0000001
48867,0.0000627,0.0000002,0.0000001
48868,0.0000627,0.0000002,0.0000001
48869,0.0000627,0.0000002,0.0000001
48870,0.0000627,0.0000002,0.0000001
48871,0.0000627,0.0000002,0.0000001
48872,0.0000627,0.0000002,0.0000001
48873,0.0000627,0.0000002,0.0000001
48874,0.0000627,0.0000002,0.0000001
48875,0.0000627,0.0000002,0.0000001
48876,0.0000627,0.0000002,0.0000001
48877,0.0000627,0.0000002,0.0000001
48878,0.0000627,0.0000002,0.0000001
48879,0.0000627,0.0000002,0.0000001
48880,0.0000627,0.0000002,0.0000001
48881,0.0000627,0.0000002,0.0000001
48882,0.0000627,0.0000002,0.0000001
48883,0.0000627,0.0000002,0.0000001
48884,0.0000627,0.0000002,0.0000001
48885,0.0000627,0.0000002,0.0000001
48886,0.0000627,0.0000002,0.0000001
48887,0.0000627,0.0000002,0.0000001
48888,0.0000627,0.0000002,0.0000001
48889,0.0000627,0.0000002,0.0000001
48890,0.0000627,0.0000002,0.0000001
48891,0.0000626,0.0000002,0.0000001
48892,0.0000626,0.0000002,0.0000001
48893,0.0000626,0.0000002,0.0000001
48894,0.0000626,0.0000002,0.0000001
48895,0.0000626,0.0000002,0.0000001
48896,0.0000626,0.0000002,0.0000001
48897,0.0000626,0.0000002,0.0000001
48898,0.0000626,0.0000002,0.0000001
48899,0.0000626,0.0000002,0.0000001
48900,0.0000626,0.0000002,0.0000001
48901,0.0000626,0.0000002,0.0000001
48902,0.0000626,0.0000002,0.0000001
48903,0.0000626,0.0000002,0.0000001
48904,0.0000626,0.0000002,0.0000001
48905,0.0000626,0.0000002,0.0000001
48906,0.0000626,0.0000002,0.0000001
48907,0.0000626,0.0000002,0.0000001
48908,0.0000626,0.0000002,0.0000001
48909,0.0000626,0.0000002,0.0000001
48910,0.0000626,0.0000002,0.0000001
48911,0.0000626,0.0000002,0.0000001
48912,0.0000626,0.0000002,0.0000001
48913,0.0000626,0.0000002,0.0000001
48914,0.0000626,0.0000002,0.0000001
48915,0.0000626,0.0000002,0.0000001
48916,0.0000626,0.0000002,0.0000001
48917,0.0000626,0.0000002,0.0000001
48918,0.0000626,0.0000002,0.0000001
48919,0.0000626,0.0000002,0.0000001
48920,0.0000626,0.0000002,0.0000001
48921,0.0000626,0.0000002,0.0000001
48922,0.0000626,0.0000002,0.0000001
48923,0.0000626,0.0000002,0.0000001
48924,0.0000626,0.0000002,0.0000001
48925,0.0000626,0.0000002,0.0000001
48926,0.0000626,0.0000002,0.0000001
48927,0.0000625,0.0000002,0.0000001
48928,0.0000625,0.0000002,0.0000001
48929,0.0000625,0.0000002,0.0000001
48930,0.0000625,0.0000002,0.0000001
48931,0.0000625,0.0000002,0.0000001
48932,0.0000625,0.0000002,0.0000001
48933,0.0000625,0.0000002,0.0000001
48934,0.0000625,0.0000002,0.0000001
48935,0.0000625,0.0000002,0.0000001
48936,0.0000625,0.0000002,0.0000001
48937,0.0000625,0.0000002,0.0000001
48938,0.0000625,0.0000002,0.0000001
48939,0.0000625,0.0000002,0.0000001
48940,0.0000625,0.0000002,0.0000001
48941,0.0000625,0.0000002,0.0000001
48942,0.0000625,0.0000002,0.0000001
48943,0.0000625,0.0000002,0.0000001
48944,0.0000625,0.0000002,0.0000001
48945,0.0000625,0.0000002,0.0000001
48946,0.0000625,0.0000002,0.0000001
48947,0.0000625,0.0000002,0.0000001
48948,0.0000625,0.0000002,0.0000001
48949,0.0000625,0.0000002,0.0000001
48950,0.0000625,0.0000002,0.0000001
48951,0.0000625,0.0000002,0.0000001
48952,0.0000625,0.0000002,0.0000001
48953,0.0000625,0.0000002,0.0000001
48954,0.0000625,0.0000002,0.0000001
48955,0.0000625,0.0000002,0.0000001
48956,0.0000625,0.0000002,0.0000001
48957,0.0000625,0.0000002,0.0000001
48958,0.0000625,0.0000002,0.0000001
48959,0.0000625,0.0000002,0.0000001
48960,0.0000625,0.0000002,0.0000001
48961,0.0000625,0.0000002,0.0000001
48962,0.0000625,0.0000002,0.0000001
48963,0.0000625,0.0000002,0.0000001
48964,0.0000624,0.0000002,0.0000001
48965,0.0000624,0.0000002,0.0000001
48966,0.0000624,0.0000002,0.0000001
48967,0.0000624,0.0000002,0.0000001
48968,0.0000624,0.0000002,0.0000001
48969,0.0000624,0.0000002,0.0000001
48970,0.0000624,0.0000002,0.0000001
48971,0.0000624,0.0000002,0.0000001
48972,0.0000624,0.0000002,0.0000001
48973,0.0000624,0.0000002,0.0000001
48974,0.0000624,0.0000002,0.0000001
48975,0.0000624,0.0000002,0.0000001
48976,0.0000624,0.0000002,0.0000001
48977,0.0000624,0.0000002,0.0000001
48978,0.0000624,0.0000002,0.0000001
48979,0.0000624,0.0000002,0.0000001
48980,0.0000624,0.0000002,0.0000001
48981,0.0000624,0.0000002,0.0000001
48982,0.0000624,0.0000002,0.0000001
48983,0.0000624,0.0000002,0.0000001
48984,0.0000624,0.0000002,0.0000001
48985,0.0000624,0.0000002,0.0000001
48986,0.0000624,0.0000002,0.0000001
48987,0.0000624,0.0000002,0.0000001
48988,0.0000624,0.0000002,0.0000001
48989,0.0000624,0.0000002,0.0000001
48990,0.0000624,0.0000002,0.0000001
48991,0.0000624,0.0000002,0.0000001
48992,0.0000624,0.0000002,0.0000001
48993,0.0000624,0.0000002,0.0000001
48994,0.0000624,0.0000002,0.0000001
48995,0.0000624,0.0000002,0.0000001
48996,0.0000624,0.0000002,0.0000001
48997,0.0000624,0.0000002,0.0000001
48998,0.0000624,0.0000002,0.0000001
48999,0.0000624,0.0000002,0.0000001
49000,0.0000624,0.0000002,0.0000001
49001,0.0000623,0.0000002,0.0000001
49002,0.0000623,0.0000002,0.0000001
49003,0.0000623,0.0000002,0.0000001
49004,0.0000623,0.0000002,0.0000001
49005,0.0000623,0.0000002,0.0000001
49006,0.0000623,0.0000002,0.0000001
49007,0.0000623,0.0000002,0.0000001
49008,0.0000623,0.0000002,0.0000001
49009,0.0000623,0.0000002,0.0000001
49010,0.0000623,0.0000002,0.0000001
49011,0.0000623,0.0000002,0.0000001
49012,0.0000623,0.0000002,0.0000001
49013,0.0000623,0.0000002,0.0000001
49014,0.0000623,0.0000002,0.0000001
49015,0.0000623,0.0000002,0.0000001
49016,0.0000623,0.0000002,0.0000001
49017,0.0000623,0.0000002,0.0000001
49018,0.0000623,0.0000002,0.0000001
49019,0.0000623,0.0000002,0.0000001
49020,0.0000623,0.0000002,0.0000001
49021,0.0000623,0.0000002,0.0000001
49022,0.0000623,0.0000002,0.0000001
49023,0.0000623,0.0000002,0.0000001
49024,0.0000623,0.0000002,0.0000001
49025,0.0000623,0.0000002,0.0000001
49026,0.0000623,0.0000002,0.0000001
49027,0.0000623,0.0000002,0.0000001
49028,0.0000623,0.0000002,0.0000001
49029,0.0000623,0.0000002,0.0000001
49030,0.0000623,0.0000002,0.0000001
49031,0.0000623,0.0000002,0.0000001
49032,0.0000623,0.0000002,0.0000001
49033,0.0000623,0.0000002,0.0000001
49034,0.0000623,0.0000002,0.0000001
49035,0.0000623,0.0000002,0.0000001
49036,0.0000623,0.0000002,0.0000001
49037,0.0000623,0.0000002,0.0000001
49038,0.0000622,0.0000002,0.0000001
49039,0.0000622,0.0000002,0.0000001
49040,0.0000622,0.0000002,0.0000001
49041,0.0000622,0.0000002,0.0000001
49042,0.0000622,0.0000002,0.0000001
49043,0.0000622,0.0000002,0.0000001
49044,0.0000622,0.0000002,0.0000001
49045,0.0000622,0.0000002,0.0000001
49046,0.0000622,0.0000002,0.0000001
49047,0.0000622,0.0000002,0.0000001
49048,0.0000622,0.0000002,0.0000001
49049,0.0000622,0.0000002,0.0000001
49050,0.0000622,0.0000002,0.0000001
49051,0.0000622,0.0000002,0.0000001
49052,0.0000622,0.0000002,0.0000001
49053,0.0000622,0.0000002,0.0000001
49054,0.0000622,0.0000002,0.0000001
49055,0.0000622,0.0000002,0.0000001
49056,0.0000622,0.0000002,0.0000001
49057,0.0000622,0.0000002,0.0000001
49058,0.0000622,0.0000002,0.0000001
49059,0.0000622,0.0000002,0.0000001
49060,0.0000622,0.0000002,0.0000001
49061,0.0000622,0.0000002,0.0000001
49062,0.0000622,0.0000002,0.0000001
49063,0.0000622,0.0000002,0.0000001
49064,0.0000622,0.0000002,0.0000001
49065,0.0000622,0.0000002,0.0000001
49066,0.0000622,0.0000002,0.0000001
49067,0.0000622,0.0000002,0.0000001
49068,0.0000622,0.0000002,0.0000001
49069,0.0000622,0.0000002,0.0000001
49070,0.0000622,0.0000002,0.0000001
49071,0.0000622,0.0000002,0.0000001
49072,0.0000622,0.0000002,0.0000001
49073,0.0000622,0.0000002,0.0000001
49074,0.0000621,0.0000002,0.0000001
49075,0.0000621,0.0000002,0.0000001
49076,0.0000621,0.0000002,0.0000001
49077,0.0000621,0.0000002,0.0000001
49078,0.0000621,0.0000002,0.0000001
49079,0.0000621,0.0000002,0.0000001
49080,0.0000621,0.0000002,0.0000001
49081,0.0000621,0.0000002,0.0000001
49082,0.0000621,0.0000002,0.0000001
49083,0.0000621,0.0000002,0.0000001
49084,0.0000621,0.0000002,0.0000001
49085,0.0000621,0.0000002,0.0000001
49086,0.0000621,0.0000002,0.0000001
49087,0.0000621,0.0000002,0.0000001
49088,0.0000621,0.0000002,0.0000001
49089,0.0000621,0.0000002,0.0000001
49090,0.0000621,0.0000002,0.0000001
49091,0.0000621,0.0000002,0.0000001
49092,0.0000621,0.0000002,0.0000001
49093,0.0000621,0.0000002,0.0000001
49094,0.0000621,0.0000002,0.0000001
49095,0.0000621,0.0000002,0.0000001
49096,0.0000621,0.0000002,0.0000001
49097,0.0000621,0.0000002,0.0000001
49098,0.0000621,0.0000002,0.0000001
49099,0.0000621,0.0000002,0.0000001
49100,0.0000621,0.0000002,0.0000001
49101,0.0000621,0.0000002,0.0000001
49102,0.0000621,0.0000002,0.0000001
49103,0.0000621,0.0000002,0.0000001
49104,0.0000621,0.0000002,0.0000001
49105,0.0000621,0.0000002,0.0000001
49106,0.0000621,0.0000002,0.0000001
49107,0.0000621,0.0000002,0.0000001
49108,0.0000621,0.0000002,0.0000001
49109,0.0000621,0.0000002,0.0000001
49110,0.0000621,0.0000002,0.0000001
49111,0.0000620,0.0000002,0.0000001
49112,0.0000620,0.0000002,0.0000001
49113,0.0000620,0.0000002,0.0000001
49114,0.0000620,0.0000002,0.0000001
49115,0.0000620,0.0000002,0.0000001
49116,0.0000620,0.0000002,0.0000001
49117,0.0000620,0.0000002,0.0000001
49118,0.0000620,0.0000002,0.0000001
49119,0.0000620,0.0000002,0.0000001
49120,0.0000620,0.0000002,0.0000001
49121,0.0000620,0.0000002,0.0000001
49122,0.0000620,0.0000002,0.0000001
49123,0.0000620,0.0000002,0.0000001
49124,0.0000620,0.0000002,0.0000001
49125,0.0000620,0.0000002,0.0000001
49126,0.0000620,0.0000002,0.0000001
49127,0.0000620,0.0000002,0.0000001
49128,0.0000620,0.0000002,0.0000001
49129,0.0000620,0.0000002,0.0000001
49130,0.0000620,0.0000002,0.0000001
49131,0.0000620,0.0000002,0.0000001
49132,0.0000620,0.0000002,0.0000001
49133,0.0000620,0.0000002,0.0000001
49134,0.0000620,0.0000002,0.0000001
49135,0.0000620,0.0000002,0.0000001
49136,0.0000620,0.0000002,0.0000001
49137,0.0000620,0.0000002,0.0000001
49138,0.0000620,0.0000002,0.0000001
49139,0.0000620,0.0000002,0.0000001
49140,0.0000620,0.0000002,0.0000001
49141,0.0000620,0.0000002,0.0000001
49142,0.0000620,0.0000002,0.0000001
49143,0.0000620,0.0000002,0.0000001
49144,0.0000620,0.0000002,0.0000001
49145,0.0000620,0.0000002,0.0000001
49146,0.0000620,0.0000002,0.0000001
49147,0.0000620,0.0000002,0.0000001
49148,0.0000619,0.0000002,0.0000001
49149,0.0000619,0.0000002,0.0000001
49150,0.0000619,0.0000002,0.0000001
49151,0.0000619,0.0000002,0.0000001
49152,0.0000619,0.0000002,0.0000001
49153,0.0000619,0.0000002,0.0000001
49154,0.0000619,0.0000002,0.0000001
49155,0.0000619,0.0000002,0.0000001
49156,0.0000619,0.0000002,0.0000001
49157,0.0000619,0.0000002,0.0000001
49158,0.0000619,0.0000002,0.0000001
49159,0.0000619,0.0000002,0.0000001
49160,0.0000619,0.0000002,0.0000001
49161,0.0000619,0.0000002,0.0000001
49162,0.0000619,0.0000002,0.0000001
49163,0.0000619,0.0000002,0.0000001
49164,0.0000619,0.0000002,0.0000001
49165,0.0000619,0.0000002,0.0000001
49166,0.0000619,0.0000002,0.0000001
49167,0.0000619,0.0000002,0.0000001
49168,0.0000619,0.0000002,0.0000001
49169,0.0000619,0.0000002,0.0000001
49170,0.0000619,0.0000002,0.0000001
49171,0.0000619,0.0000002,0.0000001
49172,0.0000619,0.0000002,0.0000001
49173,0.0000619,0.0000002,0.0000001
49174,0.0000619,0.0000002,0.0000001
49175,0.0000619,0.0000002,0.0000001
49176,0.0000619,0.0000002,0.0000001
49177,0.0000619,0.0000002,0.0000001
49178,0.0000619,0.0000002,0.0000001
49179,0.0000619,0.0000002,0.0000001
49180,0.0000619,0.0000002,0.0000001
49181,0.0000619,0.0000002,0.0000001
49182,0.0000619,0.0000002,0.0000001
49183,0.0000619,0.0000002,0.0000001
49184,0.0000619,0.0000002,0.0000001
49185,0.0000618,0.0000002,0.0000001
49186,0.0000618,0.0000002,0.0000001
49187,0.0000618,0.0000002,0.0000001
49188,0.0000618,0.0000002,0.0000001
49189,0.0000618,0.0000002,0.0000001
49190,0.0000618,0.0000002,0.0000001
49191,0.0000618,0.0000002,0.0000001
49192,0.0000618,0.0000002,0.0000001
49193,0.0000618,0.0000002,0.0000001
49194,0.0000618,0.0000002,0.0000001
49195,0.0000618,0.0000002,0.0000001
49196,0.0000618,0.0000002,0.0000001
49197,0.0000618,0.0000002,0.0000001
49198,0.0000618,0.0000002,0.0000001
49199,0.0000618,0.0000002,0.0000001
49200,0.0000618,0.0000002,0.0000001
49201,0.0000618,0.0000002,0.0000001
49202,0.0000618,0.0000002,0.0000001
49203,0.0000618,0.0000002,0.0000001
49204,0.0000618,0.0000002,0.0000001
49205,0.0000618,0.0000002,0.0000001
49206,0.0000618,0.0000002,0.0000001
49207,0.0000618,0.0000002,0.0000001
49208,0.0000618,0.0000002,0.0000001
49209,0.0000618,0.0000002,0.0000001
49210,0.0000618,0.0000002,0.0000001
49211,0.0000618,0.0000002,0.0000001
49212,0.0000618,0.0000002,0.0000001
49213,0.0000618,0.0000002,0.0000001
49214,0.0000618,0.0000002,0.0000001
49215,0.0000618,0.0000002,0.0000001
49216,0.0000618,0.0000002,0.0000001
49217,0.0000618,0.0000002,0.0000001
49218,0.0000618,0.0000002,0.0000001
49219,0.0000618,0.0000002,0.0000001
49220,0.0000618,0.0000002,0.0000001
49221,0.0000618,0.0000002,0.0000001
49222,0.0000618,0.0000002,0.0000001
49223,0.0000617,0.0000002,0.0000001
49224,0.0000617,0.0000002,0.0000001
49225,0.0000617,0.0000002,0.0000001
49226,0.0000617,0.0000002,0.0000001
49227,0.0000617,0.0000002,0.0000001
49228,0.0000617,0.0000002,0.0000001
49229,0.0000617,0.0000002,0.0000001
49230,0.0000617,0.0000002,0.0000001
49231,0.0000617,0.0000002,0.0000001
49232,0.0000617,0.0000002,0.0000001
49233,0.0000617,0.0000002,0.0000001
49234,0.0000617,0.0000002,0.0000001
49235,0.0000617,0.0000002,0.0000001
49236,0.0000617,0.0000002,0.0000001
49237,0.0000617,0.0000002,0.0000001
49238,0.0000617,0.0000002,0.0000001
49239,0.0000617,0.0000002,0.0000001
49240,0.0000617,0.0000002,0.0000001
49241,0.0000617,0.0000002,0.0000001
49242,0.0000617,0.0000002,0.0000001
49243,0.0000617,0.0000002,0.0000001
49244,0.0000617,0.0000002,0.0000001
49245,0.0000617,0.0000002,0.0000001
49246,0.0000617,0.0000002,0.0000001
49247,0.0000617,0.0000002,0.0000001
49248,0.0000617,0.0000002,0.0000001
49249,0.0000617,0.0000002,0.0000001
49250,0.0000617,0.0000002,0.0000001
49251,0.0000617,0.0000002,0.0000001
49252,0.0000617,0.0000002,0.0000001
49253,0.0000617,0.0000002,0.0000001
49254,0.0000617,0.0000002,0.0000001
49255,0.0000617,0.0000002,0.0000001
49256,0.0000617,0.0000002,0.0000001
49257,0.0000617,0.0000002,0.0000001
49258,0.0000617,0.0000002,0.0000001
49259,0.0000617,0.0000002,0.0000001
49260,0.0000616,0.0000002,0.0000001
49261,0.0000616,0.0000002,0.0000001
49262,0.0000616,0.0000002,0.0000001
49263,0.0000616,0.0000002,0.0000001
49264,0.0000616,0.0000002,0.0000001
49265,0.0000616,0.0000002,0.0000001
49266,0.0000616,0.0000002,0.0000001
49267,0.0000616,0.0000002,0.0000001
49268,0.0000616,0.0000002,0.0000001
49269,0.0000616,0.0000002,0.0000001
49270,0.0000616,0.0000002,0.0000001
49271,0.0000616,0.0000002,0.0000001
49272,0.0000616,0.0000002,0.0000001
49273,0.0000616,0.0000002,0.0000001
49274,0.0000616,0.0000002,0.0000001
49275,0.0000616,0.0000002,0.0000001
49276,0.0000616,0.0000002,0.0000001
49277,0.0000616,0.0000002,0.0000001
49278,0.0000616,0.0000002,0.0000001
49279,0.0000616,0.0000002,0.0000001
49280,0.0000616,0.0000002,0.0000001
49281,0.0000616,0.0000002,0.0000001
49282,0.0000616,0.0000002,0.0000001
49283,0.0000616,0.0000002,0.0000001
49284,0.0000616,0.0000002,0.0000001
49285,0.0000616,0.0000002,0.0000001
49286,0.0000616,0.0000002,0.0000001
49287,0.0000616,0.0000002,0.0000001
49288,0.0000616,0.0000002,0.0000001
49289,0.0000616,0.0000002,0.0000001
49290,0.0000616,0.0000002,0.0000001
49291,0.0000616,0.0000002,0.0000001
49292,0.0000616,0.0000002,0.0000001
49293,0.0000616,0.0000002,0.0000001
49294,0.0000616,0.0000002,0.0000001
49295,0.0000616,0.0000002,0.0000001
49296,0.0000616,0.0000002,0.0000001
49297,0.0000615,0.0000002,0.0000001
49298,0.0000615,0.0000002,0.0000001
49299,0.0000615,0.0000002,0.0000001
49300,0.0000615,0.0000002,0.0000001
49301,0.0000615,0.0000002,0.0000001
49302,0.0000615,0.0000002,0.0000001
49303,0.0000615,0.0000002,0.0000001
49304,0.0000615,0.0000002,0.0000001
49305,0.0000615,0.0000002,0.0000001
49306,0.0000615,0.0000002,0.0000001
49307,0.0000615,0.0000002,0.0000001
49308,0.0000615,0.0000002,0.0000001
49309,0.0000615,0.0000002,0.0000001
49310,0.0000615,0.0000002,0.0000001
49311,0.0000615,0.0000002,0.0000001
49312,0.0000615,0.0000002,0.0000001
49313,0.0000615,0.0000002,0.0000001
49314,0.0000615,0.0000002,0.0000001
49315,0.0000615,0.0000002,0.0000001
49316,0.0000615,0.0000002,0.0000001
49317,0.0000615,0.0000002,0.0000001
49318,0.0000615,0.0000002,0.0000001
49319,0.0000615,0.0000002,0.0000001
49320,0.0000615,0.0000002,0.0000001
49321,0.0000615,0.0000002,0.0000001
49322,0.0000615,0.0000002,0.0000001
49323,0.0000615,0.0000002,0.0000001
49324,0.0000615,0.0000002,0.0000001
49325,0.0000615,0.0000002,0.0000001
49326,0.0000615,0.0000002,0.0000001
49327,0.0000615,0.0000002,0.0000001
49328,0.0000615,0.0000002,0.0000001
49329,0.0000615,0.0000002,0.0000001
49330,0.0000615,0.0000002,0.0000001
49331,0.0000615,0.0000002,0.0000001
49332,0.0000615,0.0000002,0.0000001
49333,0.0000615,0.0000002,0.0000001
49334,0.0000614,0.0000002,0.0000001
49335,0.0000614,0.0000002,0.0000001
49336,0.0000614,0.0000002,0.0000001
49337,0.0000614,0.0000002,0.0000001
49338,0.0000614,0.0000002,0.0000001
49339,0.0000614,0.0000002,0.0000001
49340,0.0000614,0.0000002,0.0000001
49341,0.0000614,0.0000002,0.0000001
49342,0.0000614,0.0000002,0.0000001
49343,0.0000614,0.0000002,0.0000001
49344,0.0000614,0.0000002,0.0000001
49345,0.0000614,0.0000002,0.0000001
49346,0.0000614,0.0000002,0.0000001
49347,0.0000614,0.0000002,0.0000001
49348,0.0000614,0.0000002,0.0000001
49349,0.0000614,0.0000002,0.0000001
49350,0.0000614,0.0000002,0.0000001
49351,0.0000614,0.0000002,0.0000001
49352,0.0000614,0.0000002,0.0000001
49353,0.0000614,0.0000002,0.0000001
49354,0.0000614,0.0000002,0.0000001
49355,0.0000614,0.0000002,0.0000001
49356,0.0000614,0.0000002,0.0000001
49357,0.0000614,0.0000002,0.0000001
49358,0.0000614,0.0000002,0.0000001
49359,0.0000614,0.0000002,0.0000001
49360,0.0000614,0.0000002,0.0000001
49361,0.0000614,0.0000002,0.0000001
49362,0.0000614,0.0000002,0.0000001
49363,0.0000614,0.0000002,0.0000001
49364,0.0000614,0.0000002,0.0000001
49365,0.0000614,0.0000002,0.0000001
49366,0.0000614,0.0000002,0.0000001
49367,0.0000614,0.0000002,0.0000001
49368,0.0000614,0.0000002,0.0000001
49369,0.0000614,0.0000002,0.0000001
49370,0.0000614,0.0000002,0.0000001
49371,0.0000614,0.0000002,0.0000001
49372,0.0000613,0.0000002,0.0000001
49373,0.0000613,0.0000002,0.0000001
49374,0.0000613,0.0000002,0.0000001
49375,0.0000613,0.0000002,0.0000001
49376,0.0000613,0.0000002,0.0000001
49377,0.0000613,0.0000002,0.0000001
49378,0.0000613,0.0000002,0.0000001
49379,0.0000613,0.0000002,0.0000001
49380,0.0000613,0.0000002,0.0000001
49381,0.0000613,0.0000002,0.0000001
49382,0.0000613,0.0000002,0.0000001
49383,0.0000613,0.0000002,0.0000001
49384,0.0000613,0.0000002,0.0000001
49385,0.0000613,0.0000002,0.0000001
49386,0.0000613,0.0000002,0.0000001
49387,0.0000613,0.0000002,0.0000001
49388,0.0000613,0.0000002,0.0000001
49389,0.0000613,0.0000002,0.0000001
49390,0.0000613,0.0000002,0.0000001
49391,0.0000613,0.0000002,0.0000001
49392,0.0000613,0.0000002,0.0000001
49393,0.0000613,0.0000002,0.0000001
49394,0.0000613,0.0000002,0.0000001
49395,0.0000613,0.0000002,0.0000001
49396,0.0000613,0.0000002,0.0000001
49397,0.0000613,0.0000002,0.0000001
49398,0.0000613,0.0000002,0.0000001
49399,0.0000613,0.0000002,0.0000001
49400,0.0000613,0.0000002,0.0000001
49401,0.0000613,0.0000002,0.0000001
49402,0.0000613,0.0000002,0.0000001
49403,0.0000613,0.0000002,0.0000001
49404,0.0000613,0.0000002,0.0000001
49405,0.0000613,0.0000002,0.0000001
49406,0.0000613,0.0000002,0.0000001
49407,0.0000613,0.0000002,0.0000001
49408,0.0000613,0.0000002,0.0000001
49409,0.0000612,0.0000002,0.0000001
49410,0.0000612,0.0000002,0.0000001
49411,0.0000612,0.0000002,0.0000001
49412,0.0000612,0.0000002,0.0000001
49413,0.0000612,0.0000002,0.0000001
49414,0.0000612,0.0000002,0.0000001
49415,0.0000612,0.0000002,0.0000001
49416,0.0000612,0.0000002,0.0000001
49417,0.0000612,0.0000002,0.0000001
49418,0.0000612,0.0000002,0.0000001
49419,0.0000612,0.0000002,0.0000001
49420,0.0000612,0.0000002,0.0000001
49421,0.0000612,0.0000002,0.0000001
49422,0.0000612,0.0000002,0.0000001
49423,0.0000612,0.0000002,0.0000001
49424,0.0000612,0.0000002,0.0000001
49425,0.0000612,0.0000002,0.0000001
49426,0.0000612,0.0000002,0.0000001
49427,0.0000612,0.0000002,0.0000001
49428,0.0000612,0.0000002,0.0000001
49429,0.0000612,0.0000002,0.0000001
49430,0.0000612,0.0000002,0.0000001
49431,0.0000612,0.0000002,0.0000001
49432,0.0000612,0.0000002,0.0000001
49433,0.0000612,0.0000002,0.0000001
49434,0.0000612,0.0000002,0.0000001
49435,0.0000612,0.0000002,0.0000001
49436,0.0000612,0.0000002,0.0000001
49437,0.0000612,0.0000002,0.0000001
49438,0.0000612,0.0000002,0.0000001
49439,0.0000612,0.0000002,0.0000001
49440,0.0000612,0.0000002,0.0000001
49441,0.0000612,0.0000002,0.0000001
49442,0.0000612,0.0000002,0.0000001
49443,0.0000612,0.0000002,0.0000001
49444,0.0000612,0.0000002,0.0000001
49445,0.0000612,0.0000002,0.0000001
49446,0.0000611,0.0000002,0.0000001
49447,0.0000611,0.0000002,0.0000001
49448,0.0000611,0.0000002,0.0000001
49449,0.0000611,0.0000002,0.0000001
49450,0.0000611,0.0000002,0.0000001
49451,0.0000611,0.0000002,0.0000001
49452,0.0000611,0.0000002,0.0000001
49453,0.0000611,0.0000002,0.0000001
49454,0.0000611,0.0000002,0.0000001
49455,0.0000611,0.0000002,0.0000001
49456,0.0000611,0.0000002,0.0000001
49457,0.0000611,0.0000002,0.0000001
49458,0.0000611,0.0000002,0.0000001
49459,0.0000611,0.0000002,0.0000001
49460,0.0000611,0.0000002,0.0000001
49461,0.0000611,0.0000002,0.0000001
49462,0.0000611,0.0000002,0.0000001
49463,0.0000611,0.0000002,0.0000001
49464,0.0000611,0.0000002,0.0000001
49465,0.0000611,0.0000002,0.0000001
49466,0.0000611,0.0000002,0.0000001
49467,0.0000611,0.0000002,0.0000001
49468,0.0000611,0.0000002,0.0000001
49469,0.0000611,0.0000002,0.0000001
49470,0.0000611,0.0000002,0.0000001
49471,0.0000611,0.0000002,0.0000001
49472,0.0000611,0.0000002,0.0000001
49473,0.0000611,0.0000002,0.0000001
49474,0.0000611,0.0000002,0.0000001
49475,0.0000611,0.0000002,0.0000001
49476,0.0000611,0.0000002,0.0000001
49477,0.0000611,0.0000002,0.0000001
49478,0.0000611,0.0000002,0.0000001
49479,0.0000611,0.0000002,0.0000001
49480,0.0000611,0.0000002,0.0000001
49481,0.0000611,0.0000002,0.0000001
49482,0.0000611,0.0000002,0.0000001
49483,0.0000611,0.0000002,0.0000001
49484,0.0000610,0.0000002,0.0000001
49485,0.0000610,0.0000002,0.0000001
49486,0.0000610,0.0000002,0.0000001
49487,0.0000610,0.0000002,0.0000001
49488,0.0000610,0.0000002,0.0000001
49489,0.0000610,0.0000002,0.0000001
49490,0.0000610,0.0000002,0.0000001
49491,0.0000610,0.0000002,0.0000001
49492,0.0000610,0.0000002,0.0000001
49493,0.0000610,0.0000002,0.0000001
49494,0.0000610,0.0000002,0.0000001
49495,0.0000610,0.0000002,0.0000001
49496,0.0000610,0.0000002,0.0000001
49497,0.0000610,0.0000002,0.0000001
49498,0.0000610,0.0000002,0.0000001
49499,0.0000610,0.0000002,0.0000001
49500,0.0000610,0.0000002,0.0000001
49501,0.0000610,0.0000002,0.0000001
49502,0.0000610,0.0000002,0.0000001
49503,0.0000610,0.0000002,0.0000001
49504,0.0000610,0.0000002,0.0000001
49505,0.0000610,0.0000002,0.0000001
49506,0.0000610,0.0000002,0.0000001
49507,0.0000610,0.0000002,0.0000001
49508,0.0000610,0.0000002,0.0000001
49509,0.0000610,0.0000002,0.0000001
49510,0.0000610,0.0000002,0.0000001
49511,0.0000610,0.0000002,0.0000001
49512,0.0000610,0.0000002,0.0000001
49513,0.0000610,0.0000002,0.0000001
49514,0.0000610,0.0000002,0.0000001
49515,0.0000610,0.0000002,0.0000001
49516,0.0000610,0.0000002,0.0000001
49517,0.0000610,0.0000002,0.0000001
49518,0.0000610,0.0000002,0.0000001
49519,0.0000610,0.0000002,0.0000001
49520,0.0000610,0.0000002,0.0000001
49521,0.0000609,0.0000002,0.0000001
49522,0.0000609,0.0000002,0.0000001
49523,0.0000609,0.0000002,0.0000001
49524,0.0000609,0.0000002,0.0000001
49525,0.0000609,0.0000002,0.0000001
49526,0.0000609,0.0000002,0.0000001
49527,0.0000609,0.0000002,0.0000001
49528,0.0000609,0.0000002,0.0000001
49529,0.0000609,0.0000002,0.0000001
49530,0.0000609,0.0000002,0.0000001
49531,0.0000609,0.0000002,0.0000001
49532,0.0000609,0.0000002,0.0000001
49533,0.0000609,0.0000002,0.0000001
49534,0.0000609,0.0000002,0.0000001
49535,0.0000609,0.0000002,0.0000001
49536,0.0000609,0.0000002,0.0000001
49537,0.0000609,0.0000002,0.0000001
49538,0.0000609,0.0000002,0.0000001
49539,0.0000609,0.0000002,0.0000001
49540,0.0000609,0.0000002,0.0000001
49541,0.0000609,0.0000002,0.0000001
49542,0.0000609,0.0000002,0.0000001
49543,0.0000609,0.0000002,0.0000001
49544,0.0000609,0.0000002,0.0000001
49545,0.0000609,0.0000002,0.0000001
49546,0.0000609,0.0000002,0.0000001
49547,0.0000609,0.0000002,0.0000001
49548,0.0000609,0.0000002,0.0000001
49549,0.0000609,0.0000002,0.0000001
49550,0.0000609,0.0000002,0.0000001
49551,0.0000609,0.0000002,0.0000001
49552,0.0000609,0.0000002,0.0000001
49553,0.0000609,0.0000002,0.0000001
49554,0.0000609,0.0000002,0.0000001
49555,0.0000609,0.0000002,0.0000001
49556,0.0000609,0.0000002,0.0000001
49557,0.0000609,0.0000002,0.0000001
49558,0.0000609,0.0000002,0.0000001
49559,0.0000608,0.0000002,0.0000001
49560,0.0000608,0.0000002,0.0000001
49561,0.0000608,0.0000002,0.0000001
49562,0.0000608,0.0000002,0.0000001
49563,0.0000608,0.0000002,0.0000001
49564,0.0000608,0.0000002,0.0000001
49565,0.0000608,0.0000002,0.0000001
49566,0.0000608,0.0000002,0.0000001
49567,0.0000608,0.0000002,0.0000001
49568,0.0000608,0.0000002,0.0000001
49569,0.0000608,0.0000002,0.0000001
49570,0.0000608,0.0000002,0.0000001
49571,0.0000608,0.0000002,0.0000001
49572,0.0000608,0.0000002,0.0000001
49573,0.0000608,0.0000002,0.0000001
49574,0.0000608,0.0000002,0.0000001
49575,0.0000608,0.0000002,0.0000001
49576,0.0000608,0.0000002,0.0000001
49577,0.0000608,0.0000002,0.0000001
49578,0.0000608,0.0000002,0.0000001
49579,0.0000608,0.0000002,0.0000001
49580,0.0000608,0.0000002,0.0000001
49581,0.0000608,0.0000002,0.0000001
49582,0.0000608,0.0000002,0.0000001
49583,0.0000608,0.0000002,0.0000001
49584,0.0000608,0.0000002,0.0000001
49585,0.0000608,0.0000002,0.0000001
49586,0.0000608,0.0000002,0.0000001
49587,0.0000608,0.0000002,0.0000001
49588,0.0000608,0.0000002,0.0000001
49589,0.0000608,0.0000002,0.0000001
49590,0.0000608,0.0000002,0.0000001
49591,0.0000608,0.0000002,0.0000001
49592,0.0000608,0.0000002,0.0000001
49593,0.0000608,0.0000002,0.0000001
49594,0.0000608,0.0000002,0.0000001
49595,0.0000608,0.0000002,0.0000001
49596,0.0000607,0.0000002,0.0000001
49597,0.0000607,0.0000002,0.0000001
49598,0.0000607,0.0000002,0.0000001
49599,0.0000607,0.0000002,0.0000001
49600,0.0000607,0.0000002,0.0000001
49601,0.0000607,0.0000002,0.0000001
49602,0.0000607,0.0000002,0.0000001
49603,0.0000607,0.0000002,0.0000001
49604,0.0000607,0.0000002,0.0000001
49605,0.0000607,0.0000002,0.0000001
49606,0.0000607,0.0000002,0.0000001
49607,0.0000607,0.0000002,0.0000001
49608,0.0000607,0.0000002,0.0000001
49609,0.0000607,0.0000002,0.0000001
49610,0.0000607,0.0000002,0.0000001
49611,0.0000607,0.0000002,0.0000001
49612,0.0000607,0.0000002,0.0000001
49613,0.0000607,0.0000002,0.0000001
49614,0.0000607,0.0000002,0.0000001
49615,0.0000607,0.0000002,0.0000001
49616,0.0000607,0.0000002,0.0000001
49617,0.0000607,0.0000002,0.0000001
49618,0.0000607,0.0000002,0.0000001
49619,0.0000607,0.0000002,0.0000001
49620,0.0000607,0.0000002,0.0000001
49621,0.0000607,0.0000002,0.0000001
49622,0.0000607,0.0000002,0.0000001
49623,0.0000607,0.0000002,0.0000001
49624,0.0000607,0.0000002,0.0000001
49625,0.0000607,0.0000002,0.0000001
49626,0.0000607,0.0000002,0.0000001
49627,0.0000607,0.0000002,0.0000001
49628,0.0000607,0.0000002,0.0000001
49629,0.0000607,0.0000002,0.0000001
49630,0.0000607,0.0000002,0.0000001
49631,0.0000607,0.0000002,0.0000001
49632,0.0000607,0.0000002,0.0000001
49633,0.0000607,0.0000002,0.0000001
49634,0.0000606,0.0000002,0.0000001
49635,0.0000606,0.0000002,0.0000001
49636,0.0000606,0.0000002,0.0000001
49637,0.0000606,0.0000002,0.0000001
49638,0.0000606,0.0000002,0.0000001
49639,0.0000606,0.0000002,0.0000001
49640,0.0000606,0.0000002,0.0000001
49641,0.0000606,0.0000002,0.0000001
49642,0.0000606,0.0000002,0.0000001
49643,0.0000606,0.0000002,0.0000001
49644,0.0000606,0.0000002,0.0000001
49645,0.0000606,0.0000002,0.0000001
49646,0.0000606,0.0000002,0.0000001
49647,0.0000606,0.0000002,0.0000001
49648,0.0000606,0.0000002,0.0000001
49649,0.0000606,0.0000002,0.0000001
49650,0.0000606,0.0000002,0.0000001
49651,0.0000606,0.0000002,0.0000001
49652,0.0000606,0.0000002,0.0000001
49653,0.0000606,0.0000002,0.0000001
49654,0.0000606,0.0000002,0.0000001
49655,0.0000606,0.0000002,0.0000001
49656,0.0000606,0.0000002,0.0000001
49657,0.0000606,0.0000002,0.0000001
49658,0.0000606,0.0000002,0.0000001
49659,0.0000606,0.0000002,0.0000001
49660,0.0000606,0.0000002,0.0000001
49661,0.0000606,0.0000002,0.0000001
49662,0.0000606,0.0000002,0.0000001
49663,0.0000606,0.0000002,0.0000001
49664,0.0000606,0.0000002,0.0000001
49665,0.0000606,0.0000002,0.0000001
49666,0.0000606,0.0000002,0.0000001
49667,0.0000606,0.0000002,0.0000001
49668,0.0000606,0.0000002,0.0000001
49669,0.0000606,0.0000002,0.0000001
49670,0.0000606,0.0000002,0.0000001
49671,0.0000605,0.0000002,0.0000001
49672,0.0000605,0.0000002,0.0000001
49673,0.0000605,0.0000002,0.0000001
49674,0.0000605,0.0000002,0.0000001
49675,0.0000605,0.0000002,0.0000001
49676,0.0000605,0.0000002,0.0000001
49677,0.0000605,0.0000002,0.0000001
49678,0.0000605,0.0000002,0.0000001
49679,0.0000605,0.0000002,0.0000001
49680,0.0000605,0.0000002,0.0000001
49681,0.0000605,0.0000002,0.0000001
49682,0.0000605,0.0000002,0.0000001
49683,0.0000605,0.0000002,0.0000001
49684,0.0000605,0.0000002,0.0000001
49685,0.0000605,0.0000002,0.0000001
49686,0.0000605,0.0000002,0.0000001
49687,0.0000605,0.0000002,0.0000001
49688,0.0000605,0.0000002,0.0000001
49689,0.0000605,0.0000002,0.0000001
49690,0.0000605,0.0000002,0.0000001
49691,0.0000605,0.0000002,0.0000001
49692,0.0000605,0.0000002,0.0000001
49693,0.0000605,0.0000002,0.0000001
49694,0.0000605,0.0000002,0.0000001
49695,0.0000605,0.0000002,0.0000001
49696,0.0000605,0.0000002,0.0000001
49697,0.0000605,0.0000002,0.0000001
49698,0.0000605,0.0000002,0.0000001
49699,0.0000605,0.0000002,0.0000001
49700,0.0000605,0.0000002,0.0000001
49701,0.0000605,0.0000002,0.0000001
49702,0.0000605,0.0000002,0.0000001
49703,0.0000605,0.0000002,0.0000001
49704,0.0000605,0.0000002,0.0000001
49705,0.0000605,0.0000002,0.0000001
49706,0.0000605,0.0000002,0.0000001
49707,0.0000605,0.0000002,0.0000001
49708,0.0000605,0.0000002,0.0000001
49709,0.0000604,0.0000002,0.0000001
49710,0.0000604,0.0000002,0.0000001
49711,0.0000604,0.0000002,0.0000001
49712,0.0000604,0.0000002,0.0000001
49713,0.0000604,0.0000002,0.0000001
49714,0.0000604,0.0000002,0.0000001
49715,0.0000604,0.0000002,0.0000001
49716,0.0000604,0.0000002,0.0000001
49717,0.0000604,0.0000002,0.0000001
49718,0.0000604,0.0000002,0.0000001
49719,0.0000604,0.0000002,0.0000001
49720,0.0000604,0.0000002,0.0000001
49721,0.0000604,0.0000002,0.0000001
49722,0.0000604,0.0000002,0.0000001
49723,0.0000604,0.0000002,0.0000001
49724,0.0000604,0.0000002,0.0000001
49725,0.0000604,0.0000002,0.0000001
49726,0.0000604,0.0000002,0.0000001
49727,0.0000604,0.0000002,0.0000001
49728,0.0000604,0.0000002,0.0000001
49729,0.0000604,0.0000002,0.0000001
49730,0.0000604,0.0000002,0.0000001
49731,0.0000604,0.0000002,0.0000001
49732,0.0000604,0.0000002,0.0000001
49733,0.0000604,0.0000002,0.0000001
49734,0.0000604,0.0000002,0.0000001
49735,0.0000604,0.0000002,0.0000001
49736,0.0000604,0.0000002,0.0000001
49737,0.0000604,0.0000002,0.0000001
49738,0.0000604,0.0000002,0.0000001
49739,0.0000604,0.0000002,0.0000001
49740,0.0000604,0.0000002,0.0000001
49741,0.0000604,0.0000002,0.0000001
49742,0.0000604,0.0000002,0.0000001
49743,0.0000604,0.0000002,0.0000001
49744,0.0000604,0.0000002,0.0000001
49745,0.0000604,0.0000002,0.0000001
49746,0.0000604,0.0000002,0.0000001
49747,0.0000603,0.0000002,0.0000001
49748,0.0000603,0.0000002,0.0000001
49749,0.0000603,0.0000002,0.0000001
49750,0.0000603,0.0000002,0.0000001
49751,0.0000603,0.0000002,0.0000001
49752,0.0000603,0.0000002,0.0000001
49753,0.0000603,0.0000002,0.0000001
49754,0.0000603,0.0000002,0.0000001
49755,0.0000603,0.0000002,0.0000001
49756,0.0000603,0.0000002,0.0000001
49757,0.0000603,0.0000002,0.0000001
49758,0.0000603,0.0000002,0.0000001
49759,0.0000603,0.0000002,0.0000001
49760,0.0000603,0.0000002,0.0000001
49761,0.0000603,0.0000002,0.0000001
49762,0.0000603,0.0000002,0.0000001
49763,0.0000603,0.0000002,0.0000001
49764,0.0000603,0.0000002,0.0000001
49765,0.0000603,0.0000002,0.0000001
49766,0.0000603,0.0000002,0.0000001
49767,0.0000603,0.0000002,0.0000001
49768,0.0000603,0.0000002,0.0000001
49769,0.0000603,0.0000002,0.0000001
49770,0.0000603,0.0000002,0.0000001
49771,0.0000603,0.0000002,0.0000001
49772,0.0000603,0.0000002,0.0000001
49773,0.0000603,0.0000002,0.0000001
49774,0.0000603,0.0000002,0.0000001
49775,0.0000603,0.0000002,0.0000001
49776,0.0000603,0.0000002,0.0000001
49777,0.0000603,0.0000002,0.0000001
49778,0.0000603,0.0000002,0.0000001
49779,0.0000603,0.0000002,0.0000001
49780,0.0000603,0.0000002,0.0000001
49781,0.0000603,0.0000002,0.0000001
49782,0.0000603,0.0000002,0.0000001
49783,0.0000603,0.0000002,0.0000001
49784,0.0000602,0.0000002,0.0000001
49785,0.0000602,0.0000002,0.0000001
49786,0.0000602,0.0000002,0.0000001
49787,0.0000602,0.0000002,0.0000001
49788,0.0000602,0.0000002,0.0000001
49789,0.0000602,0.0000002,0.0000001
49790,0.0000602,0.0000002,0.0000001
49791,0.0000602,0.0000002,0.0000001
49792,0.0000602,0.0000002,0.0000001
49793,0.0000602,0.0000002,0.0000001
49794,0.0000602,0.0000002,0.0000001
49795,0.0000602,0.0000002,0.0000001
49796,0.0000602,0.0000002,0.0000001
49797,0.0000602,0.0000002,0.0000001
49798,0.0000602,0.0000002,0.0000001
49799,0.0000602,0.0000002,0.0000001
49800,0.0000602,0.0000002,0.0000001
49801,0.0000602,0.0000002,0.0000001
49802,0.0000602,0.0000002,0.0000001
49803,0.0000602,0.0000002,0.0000001
49804,0.0000602,0.0000002,0.0000001
49805,0.0000602,0.0000002,0.0000001
49806,0.0000602,0.0000002,0.0000001
49807,0.0000602,0.0000002,0.0000001
49808,0.0000602,0.0000002,0.0000001
49809,0.0000602,0.0000002,0.0000001
49810,0.0000602,0.0000002,0.0000001
49811,0.0000602,0.0000002,0.0000001
49812,0.0000602,0.0000002,0.0000001
49813,0.0000602,0.0000002,0.0000001
49814,0.0000602,0.0000002,0.0000001
49815,0.0000602,0.0000002,0.0000001
49816,0.0000602,0.0000002,0.0000001
49817,0.0000602,0.0000002,0.0000001
49818,0.0000602,0.0000002,0.0000001
49819,0.0000602,0.0000002,0.0000001
49820,0.0000602,0.0000002,0.0000001
49821,0.0000602,0.0000002,0.0000001
49822,0.0000601,0.0000002,0.0000001
49823,0.0000601,0.0000002,0.0000001
49824,0.0000601,0.0000002,0.0000001
49825,0.0000601,0.0000002,0.0000001
49826,0.0000601,0.0000002,0.0000001
49827,0.0000601,0.0000002,0.0000001
49828,0.0000601,0.0000002,0.0000001
49829,0.0000601,0.0000002,0.0000001
49830,0.0000601,0.0000002,0.0000001
49831,0.0000601,0.0000002,0.0000001
49832,0.0000601,0.0000002,0.0000001
49833,0.0000601,0.0000002,0.0000001
49834,0.0000601,0.0000002,0.0000001
49835,0.0000601,0.0000002,0.0000001
49836,0.0000601,0.0000002,0.0000001
49837,0.0000601,0.0000002,0.0000001
49838,0.0000601,0.0000002,0.0000001
49839,0.0000601,0.0000002,0.0000001
49840,0.0000601,0.0000002,0.0000001
49841,0.0000601,0.0000002,0.0000001
49842,0.0000601,0.0000002,0.0000001
49843,0.0000601,0.0000002,0.0000001
49844,0.0000601,0.0000002,0.0000001
49845,0.0000601,0.0000002,0.0000001
49846,0.0000601,0.0000002,0.0000001
49847,0.0000601,0.0000002,0.0000001
49848,0.0000601,0.0000002,0.0000001
49849,0.0000601,0.0000002,0.0000001
49850,0.0000601,0.0000002,0.0000001
49851,0.0000601,0.0000002,0.0000001
49852,0.0000601,0.0000002,0.0000001
49853,0.0000601,0.0000002,0.0000001
49854,0.0000601,0.0000002,0.0000001
49855,0.0000601,0.0000002,0.0000001
49856,0.0000601,0.0000002,0.0000001
49857,0.0000601,0.0000002,0.0000001
49858,0.0000601,0.0000002,0.0000001
49859,0.0000601,0.0000002,0.0000001
49860,0.0000600,0.0000002,0.0000001
49861,0.0000600,0.0000002,0.0000001
49862,0.0000600,0.0000002,0.0000001
49863,0.0000600,0.0000002,0.0000001
49864,0.0000600,0.0000002,0.0000001
49865,0.0000600,0.0000002,0.0000001
49866,0.0000600,0.0000002,0.0000001
49867,0.0000600,0.0000002,0.0000001
49868,0.0000600,0.0000002,0.0000001
49869,0.0000600,0.0000002,0.0000001
49870,0.0000600,0.0000002,0.0000001
49871,0.0000600,0.0000002,0.0000001
49872,0.0000600,0.0000002,0.0000001
49873,0.0000600,0.0000002,0.0000001
49874,0.0000600,0.0000002,0.0000001
49875,0.0000600,0.0000002,0.0000001
49876,0.0000600,0.0000002,0.0000001
49877,0.0000600,0.0000002,0.0000001
49878,0.0000600,0.0000002,0.0000001
49879,0.0000600,0.0000002,0.0000001
49880,0.0000600,0.0000002,0.0000001
49881,0.0000600,0.0000002,0.0000001
49882,0.0000600,0.0000002,0.0000001
49883,0.0000600,0.0000002,0.0000001
49884,0.0000600,0.0000002,0.0000001
49885,0.0000600,0.0000002,0.0000001
49886,0.0000600,0.0000002,0.0000001
49887,0.0000600,0.0000002,0.0000001
49888,0.0000600,0.0000002,0.0000001
49889,0.0000600,0.0000002,0.0000001
49890,0.0000600,0.0000002,0.0000001
49891,0.0000600,0.0000002,0.0000001
49892,0.0000600,0.0000002,0.0000001
49893,0.0000600,0.0000002,0.0000001
49894,0.0000600,0.0000002,0.0000001
49895,0.0000600,0.0000002,0.0000001
49896,0.0000600,0.0000002,0.0000001
49897,0.0000599,0.0000002,0.0000001
49898,0.0000599,0.0000002,0.0000001
49899,0.0000599,0.0000002,0.0000001
49900,0.0000599,0.0000002,0.0000001
49901,0.0000599,0.0000002,0.0000001
49902,0.0000599,0.0000002,0.0000001
49903,0.0000599,0.0000002,0.0000001
49904,0.0000599,0.0000002,0.0000001
49905,0.0000599,0.0000002,0.0000001
49906,0.0000599,0.0000002,0.0000001
49907,0.0000599,0.0000002,0.0000001
49908,0.0000599,0.0000002,0.0000001
49909,0.0000599,0.0000002,0.0000001
49910,0.0000599,0.0000002,0.0000001
49911,0.0000599,0.0000002,0.0000001
49912,0.0000599,0.0000002,0.0000001
49913,0.0000599,0.0000002,0.0000001
49914,0.0000599,0.0000002,0.0000001
49915,0.0000599,0.0000002,0.0000001
49916,0.0000599,0.0000002,0.0000001
49917,0.0000599,0.0000002,0.0000001
49918,0.0000599,0.0000002,0.0000001
49919,0.0000599,0.0000002,0.0000001
49920,0.0000599,0.0000002,0.0000001
49921,0.0000599,0.0000002,0.0000001
49922,0.0000599,0.0000002,0.0000001
49923,0.0000599,0.0000002,0.0000001
49924,0.0000599,0.0000002,0.0000001
49925,0.0000599,0.0000002,0.0000001
49926,0.0000599,0.0000002,0.0000001
49927,0.0000599,0.0000002,0.0000001
49928,0.0000599,0.0000002,0.0000001
49929,0.0000599,0.0000002,0.0000001
49930,0.0000599,0.0000002,0.0000001
49931,0.0000599,0.0000002,0.0000001
49932,0.0000599,0.0000002,0.0000001
49933,0.0000599,0.0000002,0.0000001
49934,0.0000599,0.0000002,0.0000001
49935,0.0000598,0.0000002,0.0000001
49936,0.0000598,0.0000002,0.0000001
49937,0.0000598,0.0000002,0.0000001
49938,0.0000598,0.0000002,0.0000001
49939,0.0000598,0.0000002,0.0000001
49940,0.0000598,0.0000002,0.0000001
49941,0.0000598,0.0000002,0.0000001
49942,0.0000598,0.0000002,0.0000001
49943,0.0000598,0.0000002,0.0000001
49944,0.0000598,0.0000002,0.0000001
49945,0.0000598,0.0000002,0.0000001
49946,0.0000598,0.0000002,0.0000001
49947,0.0000598,0.0000002,0.0000001
49948,0.0000598,0.0000002,0.0000001
49949,0.0000598,0.0000002,0.0000001
49950,0.0000598,0.0000002,0.0000001
49951,0.0000598,0.0000002,0.0000001
49952,0.0000598,0.0000002,0.0000001
49953,0.0000598,0.0000002,0.0000001
49954,0.0000598,0.0000002,0.0000001
49955,0.0000598,0.0000002,0.0000001
49956,0.0000598,0.0000002,0.0000001
49957,0.0000598,0.0000002,0.0000001
49958,0.0000598,0.0000002,0.0000001
49959,0.0000598,0.0000002,0.0000001
49960,0.0000598,0.0000002,0.0000001
49961,0.0000598,0.0000002,0.0000001
49962,0.0000598,0.0000002,0.0000001
49963,0.0000598,0.0000002,0.0000001
49964,0.0000598,0.0000002,0.0000001
49965,0.0000598,0.0000002,0.0000001
49966,0.0000598,0.0000002,0.0000001
49967,0.0000598,0.0000002,0.0000001
49968,0.0000598,0.0000002,0.0000001
49969,0.0000598,0.0000002,0.0000001
49970,0.0000598,0.0000002,0.0000001
49971,0.0000598,0.0000002,0.0000001
49972,0.0000598,0.0000002,0.0000001
49973,0.0000597,0.0000002,0.0000001
49974,0.0000597,0.0000002,0.0000001
49975,0.0000597,0.0000002,0.0000001
49976,0.0000597,0.0000002,0.0000001
49977,0.0000597,0.0000002,0.0000001
49978,0.0000597,0.0000002,0.0000001
49979,0.0000597,0.0000002,0.0000001
49980,0.0000597,0.0000002,0.0000001
49981,0.0000597,0.0000002,0.0000001
49982,0.0000597,0.0000002,0.0000001
49983,0.0000597,0.0000002,0.0000001
49984,0.0000597,0.0000002,0.0000001
49985,0.0000597,0.0000002,0.0000001
49986,0.0000597,0.0000002,0.0000001
49987,0.0000597,0.0000002,0.0000001
49988,0.0000597,0.0000002,0.0000001
49989,0.0000597,0.0000002,0.0000001
49990,0.0000597,0.0000002,0.0000001
49991,0.0000597,0.0000002,0.0000001
49992,0.0000597,0.0000002,0.0000001
49993,0.0000597,0.0000002,0.0000001
49994,0.0000597,0.0000002,0.0000001
49995,0.0000597,0.0000002,0.0000001
49996,0.0000597,0.0000002,0.0000001
49997,0.0000597,0.0000002,0.0000001
49998,0.0000597,0.0000002,0.0000001
49999,0.0000597,0.0000002,0.0000001
50000,0.0000597,0.0000002,0.0000001
50001,0.0000597,0.0000002,0.0000001
50002,0.0000597,0.0000002,0.0000001
50003,0.0000597,0.0000002,0.0000001
50004,0.0000597,0.0000002,0.0000001
50005,0.0000597,0.0000002,0.0000001
50006,0.0000597,0.0000002,0.0000001
50007,0.0000597,0.0000002,0.0000001
50008,0.0000597,0.0000002,0.0000001
50009,0.0000597,0.0000002,0.0000001
50010,0.0000596,0.0000002,0.0000001
50011,0.0000596,0.0000002,0.0000001
50012,0.0000596,0.0000002,0.0000001
50013,0.0000596,0.0000002,0.0000001
50014,0.0000596,0.0000002,0.0000001
50015,0.0000596,0.0000002,0.0000001
50016,0.0000596,0.0000002,0.0000001
50017,0.0000596,0.0000002,0.0000001
50018,0.0000596,0.0000002,0.0000001
50019,0.0000596,0.0000002,0.0000001
50020,0.0000596,0.0000002,0.0000001
50021,0.0000596,0.0000002,0.0000001
50022,0.0000596,0.0000002,0.0000001
50023,0.0000596,0.0000002,0.0000001
50024,0.0000596,0.0000002,0.0000001
50025,0.0000596,0.0000002,0.0000001
50026,0.0000596,0.0000002,0.0000001
50027,0.0000596,0.0000002,0.0000001
50028,0.0000596,0.0000002,0.0000001
50029,0.0000596,0.0000002,0.0000001
50030,0.0000596,0.0000002,0.0000001
50031,0.0000596,0.0000002,0.0000001
50032,0.0000596,0.0000002,0.0000001
50033,0.0000596,0.0000002,0.0000001
50034,0.0000596,0.0000002,0.0000001
50035,0.0000596,0.0000002,0.0000001
50036,0.0000596,0.0000002,0.0000001
50037,0.0000596,0.0000002,0.0000001
50038,0.0000596,0.0000002,0.0000001
50039,0.0000596,0.0000002,0.0000001
50040,0.0000596,0.0000002,0.0000001
50041,0.0000596,0.0000002,0.0000001
50042,0.0000596,0.0000002,0.0000001
50043,0.0000596,0.0000002,0.0000001
50044,0.0000596,0.0000002,0.0000001
50045,0.0000596,0.0000002,0.0000001
50046,0.0000596,0.0000002,0.0000001
50047,0.0000596,0.0000002,0.0000001
50048,0.0000595,0.0000002,0.0000001
50049,0.0000595,0.0000002,0.0000001
50050,0.0000595,0.0000002,0.0000001
50051,0.0000595,0.0000002,0.0000001
50052,0.0000595,0.0000002,0.0000001
50053,0.0000595,0.0000002,0.0000001
50054,0.0000595,0.0000002,0.0000001
50055,0.0000595,0.0000002,0.0000001
50056,0.0000595,0.0000002,0.0000001
50057,0.0000595,0.0000002,0.0000001
50058,0.0000595,0.0000002,0.0000001
50059,0.0000595,0.0000002,0.0000001
50060,0.0000595,0.0000002,0.0000001
50061,0.0000595,0.0000002,0.0000001
50062,0.0000595,0.0000002,0.0000001
50063,0.0000595,0.0000002,0.0000001
50064,0.0000595,0.0000002,0.0000001
50065,0.0000595,0.0000002,0.0000001
50066,0.0000595,0.0000002,0.0000001
50067,0.0000595,0.0000002,0.0000001
50068,0.0000595,0.0000002,0.0000001
50069,0.0000595,0.0000002,0.0000001
50070,0.0000595,0.0000002,0.0000001
50071,0.0000595,0.0000002,0.0000001
50072,0.0000595,0.0000002,0.0000001
50073,0.0000595,0.0000002,0.0000001
50074,0.0000595,0.0000002,0.0000001
50075,0.0000595,0.0000002,0.0000001
50076,0.0000595,0.0000002,0.0000001
50077,0.0000595,0.0000002,0.0000001
50078,0.0000595,0.0000002,0.0000001
50079,0.0000595,0.0000002,0.0000001
50080,0.0000595,0.0000002,0.0000001
50081,0.0000595,0.0000002,0.0000001
50082,0.0000595,0.0000002,0.0000001
50083,0.0000595,0.0000002,0.0000001
50084,0.0000595,0.0000002,0.0000001
50085,0.0000595,0.0000002,0.0000001
50086,0.0000594,0.0000002,0.0000001
50087,0.0000594,0.0000002,0.0000001
50088,0.0000594,0.0000002,0.0000001
50089,0.0000594,0.0000002,0.0000001
50090,0.0000594,0.0000002,0.0000001
50091,0.0000594,0.0000002,0.0000001
50092,0.0000594,0.0000002,0.0000001
50093,0.0000594,0.0000002,0.0000001
50094,0.0000594,0.0000002,0.0000001
50095,0.0000594,0.0000002,0.0000001
50096,0.0000594,0.0000002,0.0000001
50097,0.0000594,0.0000002,0.0000001
50098,0.0000594,0.0000002,0.0000001
50099,0.0000594,0.0000002,0.0000001
50100,0.0000594,0.0000002,0.0000001
50101,0.0000594,0.0000002,0.0000001
50102,0.0000594,0.0000002,0.0000001
50103,0.0000594,0.0000002,0.0000001
50104,0.0000594,0.0000002,0.0000001
50105,0.0000594,0.0000002,0.0000001
50106,0.0000594,0.0000002,0.0000001
50107,0.0000594,0.0000002,0.0000001
50108,0.0000594,0.0000002,0.0000001
50109,0.0000594,0.0000002,0.0000001
50110,0.0000594,0.0000002,0.0000001
50111,0.0000594,0.0000002,0.0000001
50112,0.0000594,0.0000002,0.0000001
50113,0.0000594,0.0000002,0.0000001
50114,0.0000594,0.0000002,0.0000001
50115,0.0000594,0.0000002,0.0000001
50116,0.0000594,0.0000002,0.0000001
50117,0.0000594,0.0000002,0.0000001
50118,0.0000594,0.0000002,0.0000001
50119,0.0000594,0.0000002,0.0000001
50120,0.0000594,0.0000002,0.0000001
50121,0.0000594,0.0000002,0.0000001
50122,0.0000594,0.0000002,0.0000001
50123,0.0000594,0.0000002,0.0000001
50124,0.0000593,0.0000002,0.0000001
50125,0.0000593,0.0000002,0.0000001
50126,0.0000593,0.0000002,0.0000001
50127,0.0000593,0.0000002,0.0000001
50128,0.0000593,0.0000002,0.0000001
50129,0.0000593,0.0000002,0.0000001
50130,0.0000593,0.0000002,0.0000001
50131,0.0000593,0.0000002,0.0000001
50132,0.0000593,0.0000002,0.0000001
50133,0.0000593,0.0000002,0.0000001
50134,0.0000593,0.0000002,0.0000001
50135,0.0000593,0.0000002,0.0000001
50136,0.0000593,0.0000002,0.0000001
50137,0.0000593,0.0000002,0.0000001
50138,0.0000593,0.0000002,0.0000001
50139,0.0000593,0.0000002,0.0000001
50140,0.0000593,0.0000002,0.0000001
50141,0.0000593,0.0000002,0.0000001
50142,0.0000593,0.0000002,0.0000001
50143,0.0000593,0.0000002,0.0000001
50144,0.0000593,0.0000002,0.0000001
50145,0.0000593,0.0000002,0.0000001
50146,0.0000593,0.0000002,0.0000001
50147,0.0000593,0.0000002,0.0000001
50148,0.0000593,0.0000002,0.0000001
50149,0.0000593,0.0000002,0.0000001
50150,0.0000593,0.0000002,0.0000001
50151,0.0000593,0.0000002,0.0000001
50152,0.0000593,0.0000002,0.0000001
50153,0.0000593,0.0000002,0.0000001
50154,0.0000593,0.0000002,0.0000001
50155,0.0000593,0.0000002,0.0000001
50156,0.0000593,0.0000002,0.0000001
50157,0.0000593,0.0000002,0.0000001
50158,0.0000593,0.0000002,0.0000001
50159,0.0000593,0.0000002,0.0000001
50160,0.0000593,0.0000002,0.0000001
50161,0.0000592,0.0000002,0.0000001
50162,0.0000592,0.0000002,0.0000001
50163,0.0000592,0.0000002,0.0000001
50164,0.0000592,0.0000002,0.0000001
50165,0.0000592,0.0000002,0.0000001
50166,0.0000592,0.0000002,0.0000001
50167,0.0000592,0.0000002,0.0000001
50168,0.0000592,0.0000002,0.0000001
50169,0.0000592,0.0000002,0.0000001
50170,0.0000592,0.0000002,0.0000001
50171,0.0000592,0.0000002,0.0000001
50172,0.0000592,0.0000002,0.0000001
50173,0.0000592,0.0000002,0.0000001
50174,0.0000592,0.0000002,0.0000001
50175,0.0000592,0.0000002,0.0000001
50176,0.0000592,0.0000002,0.0000001
50177,0.0000592,0.0000002,0.0000001
50178,0.0000592,0.0000002,0.0000001
50179,0.0000592,0.0000002,0.0000001
50180,0.0000592,0.0000002,0.0000001
50181,0.0000592,0.0000002,0.0000001
50182,0.0000592,0.0000002,0.0000001
50183,0.0000592,0.0000002,0.0000001
50184,0.0000592,0.0000002,0.0000001
50185,0.0000592,0.0000002,0.0000001
50186,0.0000592,0.0000002,0.0000001
50187,0.0000592,0.0000002,0.0000001
50188,0.0000592,0.0000002,0.0000001
50189,0.0000592,0.0000002,0.0000001
50190,0.0000592,0.0000002,0.0000001
50191,0.0000592,0.0000002,0.0000001
50192,0.0000592,0.0000002,0.0000001
50193,0.0000592,0.0000002,0.0000001
50194,0.0000592,0.0000002,0.0000001
50195,0.0000592,0.0000002,0.0000001
50196,0.0000592,0.0000002,0.0000001
50197,0.0000592,0.0000002,0.0000001
50198,0.0000592,0.0000001,0.0000001
50199,0.0000591,0.0000001,0.0000001
50200,0.0000591,0.0000001,0.0000001
50201,0.0000591,0.0000001,0.0000001
50202,0.0000591,0.0000001,0.0000001
50203,0.0000591,0.0000001,0.0000001
50204,0.0000591,0.0000001,0.0000001
50205,0.0000591,0.0000001,0.0000001
50206,0.0000591,0.0000001,0.0000001
50207,0.0000591,0.0000001,0.0000001
50208,0.0000591,0.0000001,0.0000001
50209,0.0000591,0.0000001,0.0000001
50210,0.0000591,0.0000001,0.0000001
50211,0.0000591,0.0000001,0.0000001
50212,0.0000591,0.0000001,0.0000001
50213,0.0000591,0.0000001,0.0000001
50214,0.0000591,0.0000001,0.0000001
50215,0.0000591,0.0000001,0.0000001
50216,0.0000591,0.0000001,0.0000001
50217,0.0000591,0.0000001,0.0000001
50218,0.0000591,0.0000001,0.0000001
50219,0.0000591,0.0000001,0.0000001
50220,0.0000591,0.0000001,0.0000001
50221,0.0000591,0.0000001,0.0000001
50222,0.0000591,0.0000001,0.0000001
50223,0.0000591,0.0000001,0.0000001
50224,0.0000591,0.0000001,0.0000001
50225,0.0000591,0.0000001,0.0000001
50226,0.0000591,0.0000001,0.0000001
50227,0.0000591,0.0000001,0.0000001
50228,0.0000591,0.0000001,0.0000001
50229,0.0000591,0.0000001,0.0000001
50230,0.0000591,0.0000001,0.0000001
50231,0.0000591,0.0000001,0.0000001
50232,0.0000591,0.0000001,0.0000001
50233,0.0000591,0.0000001,0.0000001
50234,0.0000591,0.0000001,0.0000001
50235,0.0000591,0.0000001,0.0000001
50236,0.0000591,0.0000001,0.0000001
50237,0.0000590,0.0000001,0.0000001
50238,0.0000590,0.0000001,0.0000001
50239,0.0000590,0.0000001,0.0000001
50240,0.0000590,0.0000001,0.0000001
50241,0.0000590,0.0000001,0.0000001
50242,0.0000590,0.0000001,0.0000001
50243,0.0000590,0.0000001,0.0000001
50244,0.0000590,0.0000001,0.0000001
50245,0.0000590,0.0000001,0.0000001
50246,0.0000590,0.0000001,0.0000001
50247,0.0000590,0.0000001,0.0000001
50248,0.0000590,0.0000001,0.0000001
50249,0.0000590,0.0000001,0.0000001
50250,0.0000590,0.0000001,0.0000001
50251,0.0000590,0.0000001,0.0000001
50252,0.0000590,0.0000001,0.0000001
50253,0.0000590,0.0000001,0.0000001
50254,0.0000590,0.0000001,0.0000001
50255,0.0000590,0.0000001,0.0000001
50256,0.0000590,0.0000001,0.0000001
50257,0.0000590,0.0000001,0.0000001
50258,0.0000590,0.0000001,0.0000001
50259,0.0000590,0.0000001,0.0000001
50260,0.0000590,0.0000001,0.0000001
50261,0.0000590,0.0000001,0.0000001
50262,0.0000590,0.0000001,0.0000001
50263,0.0000590,0.0000001,0.0000001
50264,0.0000590,0.0000001,0.0000001
50265,0.0000590,0.0000001,0.0000001
50266,0.0000590,0.0000001,0.0000001
50267,0.0000590,0.0000001,0.0000001
50268,0.0000590,0.0000001,0.0000001
50269,0.0000590,0.0000001,0.0000001
50270,0.0000590,0.0000001,0.0000001
50271,0.0000590,0.0000001,0.0000001
50272,0.0000590,0.0000001,0.0000001
50273,0.0000590,0.0000001,0.0000001
50274,0.0000590,0.0000001,0.0000001
50275,0.0000589,0.0000001,0.0000001
50276,0.0000589,0.0000001,0.0000001
50277,0.0000589,0.0000001,0.0000001
50278,0.0000589,0.0000001,0.0000001
50279,0.0000589,0.0000001,0.0000001
50280,0.0000589,0.0000001,0.0000001
50281,0.0000589,0.0000001,0.0000001
50282,0.0000589,0.0000001,0.0000001
50283,0.0000589,0.0000001,0.0000001
50284,0.0000589,0.0000001,0.0000001
50285,0.0000589,0.0000001,0.0000001
50286,0.0000589,0.0000001,0.0000001
50287,0.0000589,0.0000001,0.0000001
50288,0.0000589,0.0000001,0.0000001
50289,0.0000589,0.0000001,0.0000001
50290,0.0000589,0.0000001,0.0000001
50291,0.0000589,0.0000001,0.0000001
50292,0.0000589,0.0000001,0.0000001
50293,0.0000589,0.0000001,0.0000001
50294,0.0000589,0.0000001,0.0000001
50295,0.0000589,0.0000001,0.0000001
50296,0.0000589,0.0000001,0.0000001
50297,0.0000589,0.0000001,0.0000001
50298,0.0000589,0.0000001,0.0000001
50299,0.0000589,0.0000001,0.0000001
50300,0.0000589,0.0000001,0.0000001
50301,0.0000589,0.0000001,0.0000001
50302,0.0000589,0.0000001,0.0000001
50303,0.0000589,0.0000001,0.0000001
50304,0.0000589,0.0000001,0.0000001
50305,0.0000589,0.0000001,0.0000001
50306,0.0000589,0.0000001,0.0000001
50307,0.0000589,0.0000001,0.0000001
50308,0.0000589,0.0000001,0.0000001
50309,0.0000589,0.0000001,0.0000001
50310,0.0000589,0.0000001,0.0000001
50311,0.0000589,0.0000001,0.0000001
50312,0.0000589,0.0000001,0.0000001
50313,0.0000588,0.0000001,0.0000001
50314,0.0000588,0.0000001,0.0000001
50315,0.0000588,0.0000001,0.0000001
50316,0.0000588,0.0000001,0.0000001
50317,0.0000588,0.0000001,0.0000001
50318,0.0000588,0.0000001,0.0000001
50319,0.0000588,0.0000001,0.0000001
50320,0.0000588,0.0000001,0.0000001
50321,0.0000588,0.0000001,0.0000001
50322,0.0000588,0.0000001,0.0000001
50323,0.0000588,0.0000001,0.0000001
50324,0.0000588,0.0000001,0.0000001
50325,0.0000588,0.0000001,0.0000001
50326,0.0000588,0.0000001,0.0000001
50327,0.0000588,0.0000001,0.0000001
50328,0.0000588,0.0000001,0.0000001
50329,0.0000588,0.0000001,0.0000001
50330,0.0000588,0.0000001,0.0000001
50331,0.0000588,0.0000001,0.0000001
50332,0.0000588,0.0000001,0.0000001
50333,0.0000588,0.0000001,0.0000001
50334,0.0000588,0.0000001,0.0000001
50335,0.0000588,0.0000001,0.0000001
50336,0.0000588,0.0000001,0.0000001
50337,0.0000588,0.0000001,0.0000001
50338,0.0000588,0.0000001,0.0000001
50339,0.0000588,0.0000001,0.0000001
50340,0.0000588,0.0000001,0.0000001
50341,0.0000588,0.0000001,0.0000001
50342,0.0000588,0.0000001,0.0000001
50343,0.0000588,0.0000001,0.0000001
50344,0.0000588,0.0000001,0.0000001
50345,0.0000588,0.0000001,0.0000001
50346,0.0000588,0.0000001,0.0000001
50347,0.0000588,0.0000001,0.0000001
50348,0.0000588,0.0000001,0.0000001
50349,0.0000588,0.0000001,0.0000001
50350,0.0000588,0.0000001,0.0000001
50351,0.0000587,0.0000001,0.0000001
50352,0.0000587,0.0000001,0.0000001
50353,0.0000587,0.0000001,0.0000001
50354,0.0000587,0.0000001,0.0000001
50355,0.0000587,0.0000001,0.0000001
50356,0.0000587,0.0000001,0.0000001
50357,0.0000587,0.0000001,0.0000001
50358,0.0000587,0.0000001,0.0000001
50359,0.0000587,0.0000001,0.0000001
50360,0.0000587,0.0000001,0.0000001
50361,0.0000587,0.0000001,0.0000001
50362,0.0000587,0.0000001,0.0000001
50363,0.0000587,0.0000001,0.0000001
50364,0.0000587,0.0000001,0.0000001
50365,0.0000587,0.0000001,0.0000001
50366,0.0000587,0.0000001,0.0000001
50367,0.0000587,0.0000001,0.0000001
50368,0.0000587,0.0000001,0.0000001
50369,0.0000587,0.0000001,0.0000001
50370,0.0000587,0.0000001,0.0000001
50371,0.0000587,0.0000001,0.0000001
50372,0.0000587,0.0000001,0.0000001
50373,0.0000587,0.0000001,0.0000001
50374,0.0000587,0.0000001,0.0000001
50375,0.0000587,0.0000001,0.0000001
50376,0.0000587,0.0000001,0.0000001
50377,0.0000587,0.0000001,0.0000001
50378,0.0000587,0.0000001,0.0000001
50379,0.0000587,0.0000001,0.0000001
50380,0.0000587,0.0000001,0.0000001
50381,0.0000587,0.0000001,0.0000001
50382,0.0000587,0.0000001,0.0000001
50383,0.0000587,0.0000001,0.0000001
50384,0.0000587,0.0000001,0.0000001
50385,0.0000587,0.0000001,0.0000001
50386,0.0000587,0.0000001,0.0000001
50387,0.0000587,0.0000001,0.0000001
50388,0.0000587,0.0000001,0.0000001
50389,0.0000586,0.0000001,0.0000001
50390,0.0000586,0.0000001,0.0000001
50391,0.0000586,0.0000001,0.0000001
50392,0.0000586,0.0000001,0.0000001
50393,0.0000586,0.0000001,0.0000001
50394,0.0000586,0.0000001,0.0000001
50395,0.0000586,0.0000001,0.0000001
50396,0.0000586,0.0000001,0.0000001
50397,0.0000586,0.0000001,0.0000001
50398,0.0000586,0.0000001,0.0000001
50399,0.0000586,0.0000001,0.0000001
50400,0.0000586,0.0000001,0.0000001
50401,0.0000586,0.0000001,0.0000001
50402,0.0000586,0.0000001,0.0000001
50403,0.0000586,0.0000001,0.0000001
50404,0.0000586,0.0000001,0.0000001
50405,0.0000586,0.0000001,0.0000001
50406,0.0000586,0.0000001,0.0000001
50407,0.0000586,0.0000001,0.0000001
50408,0.0000586,0.0000001,0.0000001
50409,0.0000586,0.0000001,0.0000001
50410,0.0000586,0.0000001,0.0000001
50411,0.0000586,0.0000001,0.0000001
50412,0.0000586,0.0000001,0.0000001
50413,0.0000586,0.0000001,0.0000001
50414,0.0000586,0.0000001,0.0000001
50415,0.0000586,0.0000001,0.0000001
50416,0.0000586,0.0000001,0.0000001
50417,0.0000586,0.0000001,0.0000001
50418,0.0000586,0.0000001,0.0000001
50419,0.0000586,0.0000001,0.0000001
50420,0.0000586,0.0000001,0.0000001
50421,0.0000586,0.0000001,0.0000001
50422,0.0000586,0.0000001,0.0000001
50423,0.0000586,0.0000001,0.0000001
50424,0.0000586,0.0000001,0.0000001
50425,0.0000586,0.0000001,0.0000001
50426,0.0000586,0.0000001,0.0000001
50427,0.0000585,0.0000001,0.0000001
50428,0.0000585,0.0000001,0.0000001
50429,0.0000585,0.0000001,0.0000001
50430,0.0000585,0.0000001,0.0000001
50431,0.0000585,0.0000001,0.0000001
50432,0.0000585,0.0000001,0.0000001
50433,0.0000585,0.0000001,0.0000001
50434,0.0000585,0.0000001,0.0000001
50435,0.0000585,0.0000001,0.0000001
50436,0.0000585,0.0000001,0.0000001
50437,0.0000585,0.0000001,0.0000001
50438,0.0000585,0.0000001,0.0000001
50439,0.0000585,0.0000001,0.0000001
50440,0.0000585,0.0000001,0.0000001
50441,0.0000585,0.0000001,0.0000001
50442,0.0000585,0.0000001,0.0000001
50443,0.0000585,0.0000001,0.0000001
50444,0.0000585,0.0000001,0.0000001
50445,0.0000585,0.0000001,0.0000001
50446,0.0000585,0.0000001,0.0000001
50447,0.0000585,0.0000001,0.0000001
50448,0.0000585,0.0000001,0.0000001
50449,0.0000585,0.0000001,0.0000001
50450,0.0000585,0.0000001,0.0000001
50451,0.0000585,0.0000001,0.0000001
50452,0.0000585,0.0000001,0.0000001
50453,0.0000585,0.0000001,0.0000001
50454,0.0000585,0.0000001,0.0000001
50455,0.0000585,0.0000001,0.0000001
50456,0.0000585,0.0000001,0.0000001
50457,0.0000585,0.0000001,0.0000001
50458,0.0000585,0.0000001,0.0000001
50459,0.0000585,0.0000001,0.0000001
50460,0.0000585,0.0000001,0.0000001
50461,0.0000585,0.0000001,0.0000001
50462,0.0000585,0.0000001,0.0000001
50463,0.0000585,0.0000001,0.0000001
50464,0.0000585,0.0000001,0.0000001
50465,0.0000584,0.0000001,0.0000001
50466,0.0000584,0.0000001,0.0000001
50467,0.0000584,0.0000001,0.0000001
50468,0.0000584,0.0000001,0.0000001
50469,0.0000584,0.0000001,0.0000001
50470,0.0000584,0.0000001,0.0000001
50471,0.0000584,0.0000001,0.0000001
50472,0.0000584,0.0000001,0.0000001
50473,0.0000584,0.0000001,0.0000001
50474,0.0000584,0.0000001,0.0000001
50475,0.0000584,0.0000001,0.0000001
50476,0.0000584,0.0000001,0.0000001
50477,0.0000584,0.0000001,0.0000001
50478,0.0000584,0.0000001,0.0000001
50479,0.0000584,0.0000001,0.0000001
50480,0.0000584,0.0000001,0.0000001
50481,0.0000584,0.0000001,0.0000001
50482,0.0000584,0.0000001,0.0000001
50483,0.0000584,0.0000001,0.0000001
50484,0.0000584,0.0000001,0.0000001
50485,0.0000584,0.0000001,0.0000001
50486,0.0000584,0.0000001,0.0000001
50487,0.0000584,0.0000001,0.0000001
50488,0.0000584,0.0000001,0.0000001
50489,0.0000584,0.0000001,0.0000001
50490,0.0000584,0.0000001,0.0000001
50491,0.0000584,0.0000001,0.0000001
50492,0.0000584,0.0000001,0.0000001
50493,0.0000584,0.0000001,0.0000001
50494,0.0000584,0.0000001,0.0000001
50495,0.0000584,0.0000001,0.0000001
50496,0.0000584,0.0000001,0.0000001
50497,0.0000584,0.0000001,0.0000001
50498,0.0000584,0.0000001,0.0000001
50499,0.0000584,0.0000001,0.0000001
50500,0.0000584,0.0000001,0.0000001
50501,0.0000584,0.0000001,0.0000001
50502,0.0000584,0.0000001,0.0000001
50503,0.0000583,0.0000001,0.0000001
50504,0.0000583,0.0000001,0.0000001
50505,0.0000583,0.0000001,0.0000001
50506,0.0000583,0.0000001,0.0000001
50507,0.0000583,0.0000001,0.0000001
50508,0.0000583,0.0000001,0.0000001
50509,0.0000583,0.0000001,0.0000001
50510,0.0000583,0.0000001,0.0000001
50511,0.0000583,0.0000001,0.0000001
50512,0.0000583,0.0000001,0.0000001
50513,0.0000583,0.0000001,0.0000001
50514,0.0000583,0.0000001,0.0000001
50515,0.0000583,0.0000001,0.0000001
50516,0.0000583,0.0000001,0.0000001
50517,0.0000583,0.0000001,0.0000001
50518,0.0000583,0.0000001,0.0000001
50519,0.0000583,0.0000001,0.0000001
50520,0.0000583,0.0000001,0.0000001
50521,0.0000583,0.0000001,0.0000001
50522,0.0000583,0.0000001,0.0000001
50523,0.0000583,0.0000001,0.0000001
50524,0.0000583,0.0000001,0.0000001
50525,0.0000583,0.0000001,0.0000001
50526,0.0000583,0.0000001,0.0000001
50527,0.0000583,0.0000001,0.0000001
50528,0.0000583,0.0000001,0.0000001
50529,0.0000583,0.0000001,0.0000001
50530,0.0000583,0.0000001,0.0000001
50531,0.0000583,0.0000001,0.0000001
50532,0.0000583,0.0000001,0.0000001
50533,0.0000583,0.0000001,0.0000001
50534,0.0000583,0.0000001,0.0000001
50535,0.0000583,0.0000001,0.0000001
50536,0.0000583,0.0000001,0.0000001
50537,0.0000583,0.0000001,0.0000001
50538,0.0000583,0.0000001,0.0000001
50539,0.0000583,0.0000001,0.0000001
50540,0.0000583,0.0000001,0.0000001
50541,0.0000582,0.0000001,0.0000001
50542,0.0000582,0.0000001,0.0000001
50543,0.0000582,0.0000001,0.0000001
50544,0.0000582,0.0000001,0.0000001
50545,0.0000582,0.0000001,0.0000001
50546,0.0000582,0.0000001,0.0000001
50547,0.0000582,0.0000001,0.0000001
50548,0.0000582,0.0000001,0.0000001
50549,0.0000582,0.0000001,0.0000001
50550,0.0000582,0.0000001,0.0000001
50551,0.0000582,0.0000001,0.0000001
50552,0.0000582,0.0000001,0.0000001
50553,0.0000582,0.0000001,0.0000001
50554,0.0000582,0.0000001,0.0000001
50555,0.0000582,0.0000001,0.0000001
50556,0.0000582,0.0000001,0.0000001
50557,0.0000582,0.0000001,0.0000001
50558,0.0000582,0.0000001,0.0000001
50559,0.0000582,0.0000001,0.0000001
50560,0.0000582,0.0000001,0.0000001
50561,0.0000582,0.0000001,0.0000001
50562,0.0000582,0.0000001,0.0000001
50563,0.0000582,0.0000001,0.0000001
50564,0.0000582,0.0000001,0.0000001
50565,0.0000582,0.0000001,0.0000001
50566,0.0000582,0.0000001,0.0000001
50567,0.0000582,0.0000001,0.0000001
50568,0.0000582,0.0000001,0.0000001
50569,0.0000582,0.0000001,0.0000001
50570,0.0000582,0.0000001,0.0000001
50571,0.0000582,0.0000001,0.0000001
50572,0.0000582,0.0000001,0.0000001
50573,0.0000582,0.0000001,0.0000001
50574,0.0000582,0.0000001,0.0000001
50575,0.0000582,0.0000001,0.0000001
50576,0.0000582,0.0000001,0.0000001
50577,0.0000582,0.0000001,0.0000001
50578,0.0000582,0.0000001,0.0000001
50579,0.0000581,0.0000001,0.0000001
50580,0.0000581,0.0000001,0.0000001
50581,0.0000581,0.0000001,0.0000001
50582,0.0000581,0.0000001,0.0000001
50583,0.0000581,0.0000001,0.0000001
50584,0.0000581,0.0000001,0.0000001
50585,0.0000581,0.0000001,0.0000001
50586,0.0000581,0.0000001,0.0000001
50587,0.0000581,0.0000001,0.0000001
50588,0.0000581,0.0000001,0.0000001
50589,0.0000581,0.0000001,0.0000001
50590,0.0000581,0.0000001,0.0000001
50591,0.0000581,0.0000001,0.0000001
50592,0.0000581,0.0000001,0.0000001
50593,0.0000581,0.0000001,0.0000001
50594,0.0000581,0.0000001,0.0000001
50595,0.0000581,0.0000001,0.0000001
50596,0.0000581,0.0000001,0.0000001
50597,0.0000581,0.0000001,0.0000001
50598,0.0000581,0.0000001,0.0000001
50599,0.0000581,0.0000001,0.0000001
50600,0.0000581,0.0000001,0.0000001
50601,0.0000581,0.0000001,0.0000001
50602,0.0000581,0.0000001,0.0000001
50603,0.0000581,0.0000001,0.0000001
50604,0.0000581,0.0000001,0.0000001
50605,0.0000581,0.0000001,0.0000001
50606,0.0000581,0.0000001,0.0000001
50607,0.0000581,0.0000001,0.0000001
50608,0.0000581,0.0000001,0.0000001
50609,0.0000581,0.0000001,0.0000001
50610,0.0000581,0.0000001,0.0000001
50611,0.0000581,0.0000001,0.0000001
50612,0.0000581,0.0000001,0.0000001
50613,0.0000581,0.0000001,0.0000001
50614,0.0000581,0.0000001,0.0000001
50615,0.0000581,0.0000001,0.0000001
50616,0.0000581,0.0000001,0.0000001
50617,0.0000580,0.0000001,0.0000001
50618,0.0000580,0.0000001,0.0000001
50619,0.0000580,0.0000001,0.0000001
50620,0.0000580,0.0000001,0.0000001
50621,0.0000580,0.0000001,0.0000001
50622,0.0000580,0.0000001,0.0000001
50623,0.0000580,0.0000001,0.0000001
50624,0.0000580,0.0000001,0.0000001
50625,0.0000580,0.0000001,0.0000001
50626,0.0000580,0.0000001,0.0000001
50627,0.0000580,0.0000001,0.0000001
50628,0.0000580,0.0000001,0.0000001
50629,0.0000580,0.0000001,0.0000001
50630,0.0000580,0.0000001,0.0000001
50631,0.0000580,0.0000001,0.0000001
50632,0.0000580,0.0000001,0.0000001
50633,0.0000580,0.0000001,0.0000001
50634,0.0000580,0.0000001,0.0000001
50635,0.0000580,0.0000001,0.0000001
50636,0.0000580,0.0000001,0.0000001
50637,0.0000580,0.0000001,0.0000001
50638,0.0000580,0.0000001,0.0000001
50639,0.0000580,0.0000001,0.0000001
50640,0.0000580,0.0000001,0.0000001
50641,0.0000580,0.0000001,0.0000001
50642,0.0000580,0.0000001,0.0000001
50643,0.0000580,0.0000001,0.0000001
50644,0.0000580,0.0000001,0.0000001
50645,0.0000580,0.0000001,0.0000001
50646,0.0000580,0.0000001,0.0000001
50647,0.0000580,0.0000001,0.0000001
50648,0.0000580,0.0000001,0.0000001
50649,0.0000580,0.0000001,0.0000001
50650,0.0000580,0.0000001,0.0000001
50651,0.0000580,0.0000001,0.0000001
50652,0.0000580,0.0000001,0.0000001
50653,0.0000580,0.0000001,0.0000001
50654,0.0000580,0.0000001,0.0000001
50655,0.0000579,0.0000001,0.0000001
50656,0.0000579,0.0000001,0.0000001
50657,0.0000579,0.0000001,0.0000001
50658,0.0000579,0.0000001,0.0000001
50659,0.0000579,0.0000001,0.0000001
50660,0.0000579,0.0000001,0.0000001
50661,0.0000579,0.0000001,0.0000001
50662,0.0000579,0.0000001,0.0000001
50663,0.0000579,0.0000001,0.0000001
50664,0.0000579,0.0000001,0.0000001
50665,0.0000579,0.0000001,0.0000001
50666,0.0000579,0.0000001,0.0000001
50667,0.0000579,0.0000001,0.0000001
50668,0.0000579,0.0000001,0.0000001
50669,0.0000579,0.0000001,0.0000001
50670,0.0000579,0.0000001,0.0000001
50671,0.0000579,0.0000001,0.0000001
50672,0.0000579,0.0000001,0.0000001
50673,0.0000579,0.0000001,0.0000001
50674,0.0000579,0.0000001,0.0000001
50675,0.0000579,0.0000001,0.0000001
50676,0.0000579,0.0000001,0.0000001
50677,0.0000579,0.0000001,0.0000001
50678,0.0000579,0.0000001,0.0000001
50679,0.0000579,0.0000001,0.0000001
50680,0.0000579,0.0000001,0.0000001
50681,0.0000579,0.0000001,0.0000001
50682,0.0000579,0.0000001,0.0000001
50683,0.0000579,0.0000001,0.0000001
50684,0.0000579,0.0000001,0.0000001
50685,0.0000579,0.0000001,0.0000001
50686,0.0000579,0.0000001,0.0000001
50687,0.0000579,0.0000001,0.0000001
50688,0.0000579,0.0000001,0.0000001
50689,0.0000579,0.0000001,0.0000001
50690,0.0000579,0.0000001,0.0000001
50691,0.0000579,0.0000001,0.0000001
50692,0.0000579,0.0000001,0.0000001
50693,0.0000578,0.0000001,0.0000001
50694,0.0000578,0.0000001,0.0000001
50695,0.0000578,0.0000001,0.0000001
50696,0.0000578,0.0000001,0.0000001
50697,0.0000578,0.0000001,0.0000001
50698,0.0000578,0.0000001,0.0000001
50699,0.0000578,0.0000001,0.0000001
50700,0.0000578,0.0000001,0.0000001
50701,0.0000578,0.0000001,0.0000001
50702,0.0000578,0.0000001,0.0000001
50703,0.0000578,0.0000001,0.0000001
50704,0.0000578,0.0000001,0.0000001
50705,0.0000578,0.0000001,0.0000001
50706,0.0000578,0.0000001,0.0000001
50707,0.0000578,0.0000001,0.0000001
50708,0.0000578,0.0000001,0.0000001
50709,0.0000578,0.0000001,0.0000001
50710,0.0000578,0.0000001,0.0000001
50711,0.0000578,0.0000001,0.0000001
50712,0.0000578,0.0000001,0.0000001
50713,0.0000578,0.0000001,0.0000001
50714,0.0000578,0.0000001,0.0000001
50715,0.0000578,0.0000001,0.0000001
50716,0.0000578,0.0000001,0.0000001
50717,0.0000578,0.0000001,0.0000001
50718,0.0000578,0.0000001,0.0000001
50719,0.0000578,0.0000001,0.0000001
50720,0.0000578,0.0000001,0.0000001
50721,0.0000578,0.0000001,0.0000001
50722,0.0000578,0.0000001,0.0000001
50723,0.0000578,0.0000001,0.0000001
50724,0.0000578,0.0000001,0.0000001
50725,0.0000578,0.0000001,0.0000001
50726,0.0000578,0.0000001,0.0000001
50727,0.0000578,0.0000001,0.0000001
50728,0.0000578,0.0000001,0.0000001
50729,0.0000578,0.0000001,0.0000001
50730,0.0000578,0.0000001,0.0000001
50731,0.0000577,0.0000001,0.0000001
50732,0.0000577,0.0000001,0.0000001
50733,0.0000577,0.0000001,0.0000001
50734,0.0000577,0.0000001,0.0000001
50735,0.0000577,0.0000001,0.0000001
50736,0.0000577,0.0000001,0.0000001
50737,0.0000577,0.0000001,0.0000001
50738,0.0000577,0.0000001,0.0000001
50739,0.0000577,0.0000001,0.0000001
50740,0.0000577,0.0000001,0.0000001
50741,0.0000577,0.0000001,0.0000001
50742,0.0000577,0.0000001,0.0000001
50743,0.0000577,0.0000001,0.0000001
50744,0.0000577,0.0000001,0.0000001
50745,0.0000577,0.0000001,0.0000001
50746,0.0000577,0.0000001,0.0000001
50747,0.0000577,0.0000001,0.0000001
50748,0.0000577,0.0000001,0.0000001
50749,0.0000577,0.0000001,0.0000001
50750,0.0000577,0.0000001,0.0000001
50751,0.0000577,0.0000001,0.0000001
50752,0.0000577,0.0000001,0.0000001
50753,0.0000577,0.0000001,0.0000001
50754,0.0000577,0.0000001,0.0000001
50755,0.0000577,0.0000001,0.0000001
50756,0.0000577,0.0000001,0.0000001
50757,0.0000577,0.0000001,0.0000001
50758,0.0000577,0.0000001,0.0000001
50759,0.0000577,0.0000001,0.0000001
50760,0.0000577,0.0000001,0.0000001
50761,0.0000577,0.0000001,0.0000001
50762,0.0000577,0.0000001,0.0000001
50763,0.0000577,0.0000001,0.0000001
50764,0.0000577,0.0000001,0.0000001
50765,0.0000577,0.0000001,0.0000001
50766,0.0000577,0.0000001,0.0000001
50767,0.0000577,0.0000001,0.0000001
50768,0.0000577,0.0000001,0.0000001
50769,0.0000577,0.0000001,0.0000001
50770,0.0000576,0.0000001,0.0000001
50771,0.0000576,0.0000001,0.0000001
50772,0.0000576,0.0000001,0.0000001
50773,0.0000576,0.0000001,0.0000001
50774,0.0000576,0.0000001,0.0000001
50775,0.0000576,0.0000001,0.0000001
50776,0.0000576,0.0000001,0.0000001
50777,0.0000576,0.0000001,0.0000001
50778,0.0000576,0.0000001,0.0000001
50779,0.0000576,0.0000001,0.0000001
50780,0.0000576,0.0000001,0.0000001
50781,0.0000576,0.0000001,0.0000001
50782,0.0000576,0.0000001,0.0000001
50783,0.0000576,0.0000001,0.0000001
50784,0.0000576,0.0000001,0.0000001
50785,0.0000576,0.0000001,0.0000001
50786,0.0000576,0.0000001,0.0000001
50787,0.0000576,0.0000001,0.0000001
50788,0.0000576,0.0000001,0.0000001
50789,0.0000576,0.0000001,0.0000001
50790,0.0000576,0.0000001,0.0000001
50791,0.0000576,0.0000001,0.0000001
50792,0.0000576,0.0000001,0.0000001
50793,0.0000576,0.0000001,0.0000001
50794,0.0000576,0.0000001,0.0000001
50795,0.0000576,0.0000001,0.0000001
50796,0.0000576,0.0000001,0.0000001
50797,0.0000576,0.0000001,0.0000001
50798,0.0000576,0.0000001,0.0000001
50799,0.0000576,0.0000001,0.0000001
50800,0.0000576,0.0000001,0.0000001
50801,0.0000576,0.0000001,0.0000001
50802,0.0000576,0.0000001,0.0000001
50803,0.0000576,0.0000001,0.0000001
50804,0.0000576,0.0000001,0.0000001
50805,0.0000576,0.0000001,0.0000001
50806,0.0000576,0.0000001,0.0000001
50807,0.0000576,0.0000001,0.0000001
50808,0.0000575,0.0000001,0.0000001
50809,0.0000575,0.0000001,0.0000001
50810,0.0000575,0.0000001,0.0000001
50811,0.0000575,0.0000001,0.0000001
50812,0.0000575,0.0000001,0.0000001
50813,0.0000575,0.0000001,0.0000001
50814,0.0000575,0.0000001,0.0000001
50815,0.0000575,0.0000001,0.0000001
50816,0.0000575,0.0000001,0.0000001
50817,0.0000575,0.0000001,0.0000001
50818,0.0000575,0.0000001,0.0000001
50819,0.0000575,0.0000001,0.0000001
50820,0.0000575,0.0000001,0.0000001
50821,0.0000575,0.0000001,0.0000001
50822,0.0000575,0.0000001,0.0000001
50823,0.0000575,0.0000001,0.0000001
50824,0.0000575,0.0000001,0.0000001
50825,0.0000575,0.0000001,0.0000001
50826,0.0000575,0.0000001,0.0000001
50827,0.0000575,0.0000001,0.0000001
50828,0.0000575,0.0000001,0.0000001
50829,0.0000575,0.0000001,0.0000001
50830,0.0000575,0.0000001,0.0000001
50831,0.0000575,0.0000001,0.0000001
50832,0.0000575,0.0000001,0.0000001
50833,0.0000575,0.0000001,0.0000001
50834,0.0000575,0.0000001,0.0000001
50835,0.0000575,0.0000001,0.0000001
50836,0.0000575,0.0000001,0.0000001
50837,0.0000575,0.0000001,0.0000001
50838,0.0000575,0.0000001,0.0000001
50839,0.0000575,0.0000001,0.0000001
50840,0.0000575,0.0000001,0.0000001
50841,0.0000575,0.0000001,0.0000001
50842,0.0000575,0.0000001,0.0000001
50843,0.0000575,0.0000001,0.0000001
50844,0.0000575,0.0000001,0.0000001
50845,0.0000575,0.0000001,0.0000001
50846,0.0000574,0.0000001,0.0000001
50847,0.0000574,0.0000001,0.0000001
50848,0.0000574,0.0000001,0.0000001
50849,0.0000574,0.0000001,0.0000001
50850,0.0000574,0.0000001,0.0000001
50851,0.0000574,0.0000001,0.0000001
50852,0.0000574,0.0000001,0.0000001
50853,0.0000574,0.0000001,0.0000001
50854,0.0000574,0.0000001,0.0000001
50855,0.0000574,0.0000001,0.0000001
50856,0.0000574,0.0000001,0.0000001
50857,0.0000574,0.0000001,0.0000001
50858,0.0000574,0.0000001,0.0000001
50859,0.0000574,0.0000001,0.0000001
50860,0.0000574,0.0000001,0.0000001
50861,0.0000574,0.0000001,0.0000001
50862,0.0000574,0.0000001,0.0000001
50863,0.0000574,0.0000001,0.0000001
50864,0.0000574,0.0000001,0.0000001
50865,0.0000574,0.0000001,0.0000001
50866,0.0000574,0.0000001,0.0000001
50867,0.0000574,0.0000001,0.0000001
50868,0.0000574,0.0000001,0.0000001
50869,0.0000574,0.0000001,0.0000001
50870,0.0000574,0.0000001,0.0000001
50871,0.0000574,0.0000001,0.0000001
50872,0.0000574,0.0000001,0.0000001
50873,0.0000574,0.0000001,0.0000001
50874,0.0000574,0.0000001,0.0000001
50875,0.0000574,0.0000001,0.0000001
50876,0.0000574,0.0000001,0.0000001
50877,0.0000574,0.0000001,0.0000001
50878,0.0000574,0.0000001,0.0000001
50879,0.0000574,0.0000001,0.0000001
50880,0.0000574,0.0000001,0.0000001
50881,0.0000574,0.0000001,0.0000001
50882,0.0000574,0.0000001,0.0000001
50883,0.0000574,0.0000001,0.0000001
50884,0.0000573,0.0000001,0.0000001
50885,0.0000573,0.0000001,0.0000001
50886,0.0000573,0.0000001,0.0000001
50887,0.0000573,0.0000001,0.0000001
50888,0.0000573,0.0000001,0.0000001
50889,0.0000573,0.0000001,0.0000001
50890,0.0000573,0.0000001,0.0000001
50891,0.0000573,0.0000001,0.0000001
50892,0.0000573,0.0000001,0.0000001
50893,0.0000573,0.0000001,0.0000001
50894,0.0000573,0.0000001,0.0000001
50895,0.0000573,0.0000001,0.0000001
50896,0.0000573,0.0000001,0.0000001
50897,0.0000573,0.0000001,0.0000001
50898,0.0000573,0.0000001,0.0000001
50899,0.0000573,0.0000001,0.0000001
50900,0.0000573,0.0000001,0.0000001
50901,0.0000573,0.0000001,0.0000001
50902,0.0000573,0.0000001,0.0000001
50903,0.0000573,0.0000001,0.0000001
50904,0.0000573,0.0000001,0.0000001
50905,0.0000573,0.0000001,0.0000001
50906,0.0000573,0.0000001,0.0000001
50907,0.0000573,0.0000001,0.0000001
50908,0.0000573,0.0000001,0.0000001
50909,0.0000573,0.0000001,0.0000001
50910,0.0000573,0.0000001,0.0000001
50911,0.0000573,0.0000001,0.0000001
50912,0.0000573,0.0000001,0.0000001
50913,0.0000573,0.0000001,0.0000001
50914,0.0000573,0.0000001,0.0000001
50915,0.0000573,0.0000001,0.0000001
50916,0.0000573,0.0000001,0.0000001
50917,0.0000573,0.0000001,0.0000001
50918,0.0000573,0.0000001,0.0000001
50919,0.0000573,0.0000001,0.0000001
50920,0.0000573,0.0000001,0.0000001
50921,0.0000573,0.0000001,0.0000001
50922,0.0000573,0.0000001,0.0000001
50923,0.0000572,0.0000001,0.0000001
50924,0.0000572,0.0000001,0.0000001
50925,0.0000572,0.0000001,0.0000001
50926,0.0000572,0.0000001,0.0000001
50927,0.0000572,0.0000001,0.0000001
50928,0.0000572,0.0000001,0.0000001
50929,0.0000572,0.0000001,0.0000001
50930,0.0000572,0.0000001,0.0000001
50931,0.0000572,0.0000001,0.0000001
50932,0.0000572,0.0000001,0.0000001
50933,0.0000572,0.0000001,0.0000001
50934,0.0000572,0.0000001,0.0000001
50935,0.0000572,0.0000001,0.0000001
50936,0.0000572,0.0000001,0.0000001
50937,0.0000572,0.0000001,0.0000001
50938,0.0000572,0.0000001,0.0000001
50939,0.0000572,0.0000001,0.0000001
50940,0.0000572,0.0000001,0.0000001
50941,0.0000572,0.0000001,0.0000001
50942,0.0000572,0.0000001,0.0000001
50943,0.0000572,0.0000001,0.0000001
50944,0.0000572,0.0000001,0.0000001
50945,0.0000572,0.0000001,0.0000001
50946,0.0000572,0.0000001,0.0000001
50947,0.0000572,0.0000001,0.0000001
50948,0.0000572,0.0000001,0.0000001
50949,0.0000572,0.0000001,0.0000001
50950,0.0000572,0.0000001,0.0000001
50951,0.0000572,0.0000001,0.0000001
50952,0.0000572,0.0000001,0.0000001
50953,0.0000572,0.0000001,0.0000001
50954,0.0000572,0.0000001,0.0000001
50955,0.0000572,0.0000001,0.0000001
50956,0.0000572,0.0000001,0.0000001
50957,0.0000572,0.0000001,0.0000001
50958,0.0000572,0.0000001,0.0000001
50959,0.0000572,0.0000001,0.0000001
50960,0.0000572,0.0000001,0.0000001
50961,0.0000571,0.0000001,0.0000001
50962,0.0000571,0.0000001,0.0000001
50963,0.0000571,0.0000001,0.0000001
50964,0.0000571,0.0000001,0.0000001
50965,0.0000571,0.0000001,0.0000001
50966,0.0000571,0.0000001,0.0000001
50967,0.0000571,0.0000001,0.0000001
50968,0.0000571,0.0000001,0.0000001
50969,0.0000571,0.0000001,0.0000001
50970,0.0000571,0.0000001,0.0000001
50971,0.0000571,0.0000001,0.0000001
50972,0.0000571,0.0000001,0.0000001
50973,0.0000571,0.0000001,0.0000001
50974,0.0000571,0.0000001,0.0000001
50975,0.0000571,0.0000001,0.0000001
50976,0.0000571,0.0000001,0.0000001
50977,0.0000571,0.0000001,0.0000001
50978,0.0000571,0.0000001,0.0000001
50979,0.0000571,0.0000001,0.0000001
50980,0.0000571,0.0000001,0.0000001
50981,0.0000571,0.0000001,0.0000001
50982,0.0000571,0.0000001,0.0000001
50983,0.0000571,0.0000001,0.0000001
50984,0.0000571,0.0000001,0.0000001
50985,0.0000571,0.0000001,0.0000001
50986,0.0000571,0.0000001,0.0000001
50987,0.0000571,0.0000001,0.0000001
50988,0.0000571,0.0000001,0.0000001
50989,0.0000571,0.0000001,0.0000001
50990,0.0000571,0.0000001,0.0000001
50991,0.0000571,0.0000001,0.0000001
50992,0.0000571,0.0000001,0.0000001
50993,0.0000571,0.0000001,0.0000001
50994,0.0000571,0.0000001,0.0000001
50995,0.0000571,0.0000001,0.0000001
50996,0.0000571,0.0000001,0.0000001
50997,0.0000571,0.0000001,0.0000001
50998,0.0000571,0.0000001,0.0000001
50999,0.0000571,0.0000001,0.0000001
51000,0.0000570,0.0000001,0.0000001
51001,0.0000570,0.0000001,0.0000001
51002,0.0000570,0.0000001,0.0000001
51003,0.0000570,0.0000001,0.0000001
51004,0.0000570,0.0000001,0.0000001
51005,0.0000570,0.0000001,0.0000001
51006,0.0000570,0.0000001,0.0000001
51007,0.0000570,0.0000001,0.0000001
51008,0.0000570,0.0000001,0.0000001
51009,0.0000570,0.0000001,0.0000001
51010,0.0000570,0.0000001,0.0000001
51011,0.0000570,0.0000001,0.0000001
51012,0.0000570,0.0000001,0.0000001
51013,0.0000570,0.0000001,0.0000001
51014,0.0000570,0.0000001,0.0000001
51015,0.0000570,0.0000001,0.0000001
51016,0.0000570,0.0000001,0.0000001
51017,0.0000570,0.0000001,0.0000001
51018,0.0000570,0.0000001,0.0000001
51019,0.0000570,0.0000001,0.0000001
51020,0.0000570,0.0000001,0.0000001
51021,0.0000570,0.0000001,0.0000001
51022,0.0000570,0.0000001,0.0000001
51023,0.0000570,0.0000001,0.0000001
51024,0.0000570,0.0000001,0.0000001
51025,0.0000570,0.0000001,0.0000001
51026,0.0000570,0.0000001,0.0000001
51027,0.0000570,0.0000001,0.0000001
51028,0.0000570,0.0000001,0.0000001
51029,0.0000570,0.0000001,0.0000001
51030,0.0000570,0.0000001,0.0000001
51031,0.0000570,0.0000001,0.0000001
51032,0.0000570,0.0000001,0.0000001
51033,0.0000570,0.0000001,0.0000001
51034,0.0000570,0.0000001,0.0000001
51035,0.0000570,0.0000001,0.0000001
51036,0.0000570,0.0000001,0.0000001
51037,0.0000570,0.0000001,0.0000001
51038,0.0000569,0.0000001,0.0000001
51039,0.0000569,0.0000001,0.0000001
51040,0.0000569,0.0000001,0.0000001
51041,0.0000569,0.0000001,0.0000001
51042,0.0000569,0.0000001,0.0000001
51043,0.0000569,0.0000001,0.0000001
51044,0.0000569,0.0000001,0.0000001
51045,0.0000569,0.0000001,0.0000001
51046,0.0000569,0.0000001,0.0000001
51047,0.0000569,0.0000001,0.0000001
51048,0.0000569,0.0000001,0.0000001
51049,0.0000569,0.0000001,0.0000001
51050,0.0000569,0.0000001,0.0000001
51051,0.0000569,0.0000001,0.0000001
51052,0.0000569,0.0000001,0.0000001
51053,0.0000569,0.0000001,0.0000001
51054,0.0000569,0.0000001,0.0000001
51055,0.0000569,0.0000001,0.0000001
51056,0.0000569,0.0000001,0.0000001
51057,0.0000569,0.0000001,0.0000001
51058,0.0000569,0.0000001,0.0000001
51059,0.0000569,0.0000001,0.0000001
51060,0.0000569,0.0000001,0.0000001
51061,0.0000569,0.0000001,0.0000001
51062,0.0000569,0.0000001,0.0000001
51063,0.0000569,0.0000001,0.0000001
51064,0.0000569,0.0000001,0.0000001
51065,0.0000569,0.0000001,0.0000001
51066,0.0000569,0.0000001,0.0000001
51067,0.0000569,0.0000001,0.0000001
51068,0.0000569,0.0000001,0.0000001
51069,0.0000569,0.0000001,0.0000001
51070,0.0000569,0.0000001,0.0000001
51071,0.0000569,0.0000001,0.0000001
51072,0.0000569,0.0000001,0.0000001
51073,0.0000569,0.0000001,0.0000001
51074,0.0000569,0.0000001,0.0000001
51075,0.0000569,0.0000001,0.0000001
51076,0.0000568,0.0000001,0.0000001
51077,0.0000568,0.0000001,0.0000001
51078,0.0000568,0.0000001,0.0000001
51079,0.0000568,0.0000001,0.0000001
51080,0.0000568,0.0000001,0.0000001
51081,0.0000568,0.0000001,0.0000001
51082,0.0000568,0.0000001,0.0000001
51083,0.0000568,0.0000001,0.0000001
51084,0.0000568,0.0000001,0.0000001
51085,0.0000568,0.0000001,0.0000001
51086,0.0000568,0.0000001,0.0000001
51087,0.0000568,0.0000001,0.0000001
51088,0.0000568,0.0000001,0.0000001
51089,0.0000568,0.0000001,0.0000001
51090,0.0000568,0.0000001,0.0000001
51091,0.0000568,0.0000001,0.0000001
51092,0.0000568,0.0000001,0.0000001
51093,0.0000568,0.0000001,0.0000001
51094,0.0000568,0.0000001,0.0000001
51095,0.0000568,0.0000001,0.0000001
51096,0.0000568,0.0000001,0.0000001
51097,0.0000568,0.0000001,0.0000001
51098,0.0000568,0.0000001,0.0000001
51099,0.0000568,0.0000001,0.0000001
51100,0.0000568,0.0000001,0.0000001
51101,0.0000568,0.0000001,0.0000001
51102,0.0000568,0.0000001,0.0000001
51103,0.0000568,0.0000001,0.0000001
51104,0.0000568,0.0000001,0.0000001
51105,0.0000568,0.0000001,0.0000001
51106,0.0000568,0.0000001,0.0000001
51107,0.0000568,0.0000001,0.0000001
51108,0.0000568,0.0000001,0.0000001
51109,0.0000568,0.0000001,0.0000001
51110,0.0000568,0.0000001,0.0000001
51111,0.0000568,0.0000001,0.0000001
51112,0.0000568,0.0000001,0.0000001
51113,0.0000568,0.0000001,0.0000001
51114,0.0000568,0.0000001,0.0000001
51115,0.0000567,0.0000001,0.0000001
51116,0.0000567,0.0000001,0.0000001
51117,0.0000567,0.0000001,0.0000001
51118,0.0000567,0.0000001,0.0000001
51119,0.0000567,0.0000001,0.0000001
51120,0.0000567,0.0000001,0.0000001
51121,0.0000567,0.0000001,0.0000001
51122,0.0000567,0.0000001,0.0000001
51123,0.0000567,0.0000001,0.0000001
51124,0.0000567,0.0000001,0.0000001
51125,0.0000567,0.0000001,0.0000001
51126,0.0000567,0.0000001,0.0000001
51127,0.0000567,0.0000001,0.0000001
51128,0.0000567,0.0000001,0.0000001
51129,0.0000567,0.0000001,0.0000001
51130,0.0000567,0.0000001,0.0000001
51131,0.0000567,0.0000001,0.0000001
51132,0.0000567,0.0000001,0.0000001
51133,0.0000567,0.0000001,0.0000001
51134,0.0000567,0.0000001,0.0000001
51135,0.0000567,0.0000001,0.0000001
51136,0.0000567,0.0000001,0.0000001
51137,0.0000567,0.0000001,0.0000001
51138,0.0000567,0.0000001,0.0000001
51139,0.0000567,0.0000001,0.0000001
51140,0.0000567,0.0000001,0.0000001
51141,0.0000567,0.0000001,0.0000001
51142,0.0000567,0.0000001,0.0000001
51143,0.0000567,0.0000001,0.0000001
51144,0.0000567,0.0000001,0.0000001
51145,0.0000567,0.0000001,0.0000001
51146,0.0000567,0.0000001,0.0000001
51147,0.0000567,0.0000001,0.0000001
51148,0.0000567,0.0000001,0.0000001
51149,0.0000567,0.0000001,0.0000001
51150,0.0000567,0.0000001,0.0000001
51151,0.0000567,0.0000001,0.0000001
51152,0.0000567,0.0000001,0.0000001
51153,0.0000567,0.0000001,0.0000001
51154,0.0000566,0.0000001,0.0000001
51155,0.0000566,0.0000001,0.0000001
51156,0.0000566,0.0000001,0.0000001
51157,0.0000566,0.0000001,0.0000001
51158,0.0000566,0.0000001,0.0000001
51159,0.0000566,0.0000001,0.0000001
51160,0.0000566,0.0000001,0.0000001
51161,0.0000566,0.0000001,0.0000001
51162,0.0000566,0.0000001,0.0000001
51163,0.0000566,0.0000001,0.0000001
51164,0.0000566,0.0000001,0.0000001
51165,0.0000566,0.0000001,0.0000001
51166,0.0000566,0.0000001,0.0000001
51167,0.0000566,0.0000001,0.0000001
51168,0.0000566,0.0000001,0.0000001
51169,0.0000566,0.0000001,0.0000001
51170,0.0000566,0.0000001,0.0000001
51171,0.0000566,0.0000001,0.0000001
51172,0.0000566,0.0000001,0.0000001
51173,0.0000566,0.0000001,0.0000001
51174,0.0000566,0.0000001,0.0000001
51175,0.0000566,0.0000001,0.0000001
51176,0.0000566,0.0000001,0.0000001
51177,0.0000566,0.0000001,0.0000001
51178,0.0000566,0.0000001,0.0000001
51179,0.0000566,0.0000001,0.0000001
51180,0.0000566,0.0000001,0.0000001
51181,0.0000566,0.0000001,0.0000001
51182,0.0000566,0.0000001,0.0000001
51183,0.0000566,0.0000001,0.0000001
51184,0.0000566,0.0000001,0.0000001
51185,0.0000566,0.0000001,0.0000001
51186,0.0000566,0.0000001,0.0000001
51187,0.0000566,0.0000001,0.0000001
51188,0.0000566,0.0000001,0.0000001
51189,0.0000566,0.0000001,0.0000001
51190,0.0000566,0.0000001,0.0000001
51191,0.0000566,0.0000001,0.0000001
51192,0.0000565,0.0000001,0.0000001
51193,0.0000565,0.0000001,0.0000001
51194,0.0000565,0.0000001,0.0000001
51195,0.0000565,0.0000001,0.0000001
51196,0.0000565,0.0000001,0.0000001
51197,0.0000565,0.0000001,0.0000001
51198,0.0000565,0.0000001,0.0000001
51199,0.0000565,0.0000001,0.0000001
51200,0.0000565,0.0000001,0.0000001
51201,0.0000565,0.0000001,0.0000001
51202,0.0000565,0.0000001,0.0000001
51203,0.0000565,0.0000001,0.0000001
51204,0.0000565,0.0000001,0.0000001
51205,0.0000565,0.0000001,0.0000001
51206,0.0000565,0.0000001,0.0000001
51207,0.0000565,0.0000001,0.0000001
51208,0.0000565,0.0000001,0.0000001
51209,0.0000565,0.0000001,0.0000001
51210,0.0000565,0.0000001,0.0000001
51211,0.0000565,0.0000001,0.0000001
51212,0.0000565,0.0000001,0.0000001
51213,0.0000565,0.0000001,0.0000001
51214,0.0000565,0.0000001,0.0000001
51215,0.0000565,0.0000001,0.0000001
51216,0.0000565,0.0000001,0.0000001
51217,0.0000565,0.0000001,0.0000001
51218,0.0000565,0.0000001,0.0000001
51219,0.0000565,0.0000001,0.0000001
51220,0.0000565,0.0000001,0.0000001
51221,0.0000565,0.0000001,0.0000001
51222,0.0000565,0.0000001,0.0000001
51223,0.0000565,0.0000001,0.0000001
51224,0.0000565,0.0000001,0.0000001
51225,0.0000565,0.0000001,0.0000001
51226,0.0000565,0.0000001,0.0000001
51227,0.0000565,0.0000001,0.0000001
51228,0.0000565,0.0000001,0.0000001
51229,0.0000565,0.0000001,0.0000001
51230,0.0000565,0.0000001,0.0000001
51231,0.0000564,0.0000001,0.0000001
51232,0.0000564,0.0000001,0.0000001
51233,0.0000564,0.0000001,0.0000001
51234,0.0000564,0.0000001,0.0000001
51235,0.0000564,0.0000001,0.0000001
51236,0.0000564,0.0000001,0.0000001
51237,0.0000564,0.0000001,0.0000001
51238,0.0000564,0.0000001,0.0000001
51239,0.0000564,0.0000001,0.0000001
51240,0.0000564,0.0000001,0.0000001
51241,0.0000564,0.0000001,0.0000001
51242,0.0000564,0.0000001,0.0000001
51243,0.0000564,0.0000001,0.0000001
51244,0.0000564,0.0000001,0.0000001
51245,0.0000564,0.0000001,0.0000001
51246,0.0000564,0.0000001,0.0000001
51247,0.0000564,0.0000001,0.0000001
51248,0.0000564,0.0000001,0.0000001
51249,0.0000564,0.0000001,0.0000001
51250,0.0000564,0.0000001,0.0000001
51251,0.0000564,0.0000001,0.0000001
51252,0.0000564,0.0000001,0.0000001
51253,0.0000564,0.0000001,0.0000001
51254,0.0000564,0.0000001,0.0000001
51255,0.0000564,0.0000001,0.0000001
51256,0.0000564,0.0000001,0.0000001
51257,0.0000564,0.0000001,0.0000001
51258,0.0000564,0.0000001,0.0000001
51259,0.0000564,0.0000001,0.0000001
51260,0.0000564,0.0000001,0.0000001
51261,0.0000564,0.0000001,0.0000001
51262,0.0000564,0.0000001,0.0000001
51263,0.0000564,0.0000001,0.0000001
51264,0.0000564,0.0000001,0.0000001
51265,0.0000564,0.0000001,0.0000001
51266,0.0000564,0.0000001,0.0000001
51267,0.0000564,0.0000001,0.0000001
51268,0.0000564,0.0000001,0.0000001
51269,0.0000564,0.0000001,0.0000001
51270,0.0000563,0.0000001,0.0000001
51271,0.0000563,0.0000001,0.0000001
51272,0.0000563,0.0000001,0.0000001
51273,0.0000563,0.0000001,0.0000001
51274,0.0000563,0.0000001,0.0000001
51275,0.0000563,0.0000001,0.0000001
51276,0.0000563,0.0000001,0.0000001
51277,0.0000563,0.0000001,0.0000001
51278,0.0000563,0.0000001,0.0000001
51279,0.0000563,0.0000001,0.0000001
51280,0.0000563,0.0000001,0.0000001
51281,0.0000563,0.0000001,0.0000001
51282,0.0000563,0.0000001,0.0000001
51283,0.0000563,0.0000001,0.0000001
51284,0.0000563,0.0000001,0.0000001
51285,0.0000563,0.0000001,0.0000001
51286,0.0000563,0.0000001,0.0000001
51287,0.0000563,0.0000001,0.0000001
51288,0.0000563,0.0000001,0.0000001
51289,0.0000563,0.0000001,0.0000001
51290,0.0000563,0.0000001,0.0000001
51291,0.0000563,0.0000001,0.0000001
51292,0.0000563,0.0000001,0.0000001
51293,0.0000563,0.0000001,0.0000001
51294,0.0000563,0.0000001,0.0000001
51295,0.0000563,0.0000001,0.0000001
51296,0.0000563,0.0000001,0.0000001
51297,0.0000563,0.0000001,0.0000001
51298,0.0000563,0.0000001,0.0000001
51299,0.0000563,0.0000001,0.0000001
51300,0.0000563,0.0000001,0.0000001
51301,0.0000563,0.0000001,0.0000001
51302,0.0000563,0.0000001,0.0000001
51303,0.0000563,0.0000001,0.0000001
51304,0.0000563,0.0000001,0.0000001
51305,0.0000563,0.0000001,0.0000001
51306,0.0000563,0.0000001,0.0000001
51307,0.0000563,0.0000001,0.0000001
51308,0.0000563,0.0000001,0.0000001
51309,0.0000562,0.0000001,0.0000001
51310,0.0000562,0.0000001,0.0000001
51311,0.0000562,0.0000001,0.0000001
51312,0.0000562,0.0000001,0.0000001
51313,0.0000562,0.0000001,0.0000001
51314,0.0000562,0.0000001,0.0000001
51315,0.0000562,0.0000001,0.0000001
51316,0.0000562,0.0000001,0.0000001
51317,0.0000562,0.0000001,0.0000001
51318,0.0000562,0.0000001,0.0000001
51319,0.0000562,0.0000001,0.0000001
51320,0.0000562,0.0000001,0.0000001
51321,0.0000562,0.0000001,0.0000001
51322,0.0000562,0.0000001,0.0000001
51323,0.0000562,0.0000001,0.0000001
51324,0.0000562,0.0000001,0.0000001
51325,0.0000562,0.0000001,0.0000001
51326,0.0000562,0.0000001,0.0000001
51327,0.0000562,0.0000001,0.0000001
51328,0.0000562,0.0000001,0.0000001
51329,0.0000562,0.0000001,0.0000001
51330,0.0000562,0.0000001,0.0000001
51331,0.0000562,0.0000001,0.0000001
51332,0.0000562,0.0000001,0.0000001
51333,0.0000562,0.0000001,0.0000001
51334,0.0000562,0.0000001,0.0000001
51335,0.0000562,0.0000001,0.0000001
51336,0.0000562,0.0000001,0.0000001
51337,0.0000562,0.0000001,0.0000001
51338,0.0000562,0.0000001,0.0000001
51339,0.0000562,0.0000001,0.0000001
51340,0.0000562,0.0000001,0.0000001
51341,0.0000562,0.0000001,0.0000001
51342,0.0000562,0.0000001,0.0000001
51343,0.0000562,0.0000001,0.0000001
51344,0.0000562,0.0000001,0.0000001
51345,0.0000562,0.0000001,0.0000001
51346,0.0000562,0.0000001,0.0000001
51347,0.0000561,0.0000001,0.0000001
51348,0.0000561,0.0000001,0.0000001
51349,0.0000561,0.0000001,0.0000001
51350,0.0000561,0.0000001,0.0000001
51351,0.0000561,0.0000001,0.0000001
51352,0.0000561,0.0000001,0.0000001
51353,0.0000561,0.0000001,0.0000001
51354,0.0000561,0.0000001,0.0000001
51355,0.0000561,0.0000001,0.0000001
51356,0.0000561,0.0000001,0.0000001
51357,0.0000561,0.0000001,0.0000001
51358,0.0000561,0.0000001,0.0000001
51359,0.0000561,0.0000001,0.0000001
51360,0.0000561,0.0000001,0.0000001
51361,0.0000561,0.0000001,0.0000001
51362,0.0000561,0.0000001,0.0000001
51363,0.0000561,0.0000001,0.0000001
51364,0.0000561,0.0000001,0.0000001
51365,0.0000561,0.0000001,0.0000001
51366,0.0000561,0.0000001,0.0000001
51367,0.0000561,0.0000001,0.0000001
51368,0.0000561,0.0000001,0.0000001
51369,0.0000561,0.0000001,0.0000001
51370,0.0000561,0.0000001,0.0000001
51371,0.0000561,0.0000001,0.0000001
51372,0.0000561,0.0000001,0.0000001
51373,0.0000561,0.0000001,0.0000001
51374,0.0000561,0.0000001,0.0000001
51375,0.0000561,0.0000001,0.0000001
51376,0.0000561,0.0000001,0.0000001
51377,0.0000561,0.0000001,0.0000001
51378,0.0000561,0.0000001,0.0000001
51379,0.0000561,0.0000001,0.0000001
51380,0.0000561,0.0000001,0.0000001
51381,0.0000561,0.0000001,0.0000001
51382,0.0000561,0.0000001,0.0000001
51383,0.0000561,0.0000001,0.0000001
51384,0.0000561,0.0000001,0.0000001
51385,0.0000561,0.0000001,0.0000001
51386,0.0000560,0.0000001,0.0000001
51387,0.0000560,0.0000001,0.0000001
51388,0.0000560,0.0000001,0.0000001
51389,0.0000560,0.0000001,0.0000001
51390,0.0000560,0.0000001,0.0000001
51391,0.0000560,0.0000001,0.0000001
51392,0.0000560,0.0000001,0.0000001
51393,0.0000560,0.0000001,0.0000001
51394,0.0000560,0.0000001,0.0000001
51395,0.0000560,0.0000001,0.0000001
51396,0.0000560,0.0000001,0.0000001
51397,0.0000560,0.0000001,0.0000001
51398,0.0000560,0.0000001,0.0000001
51399,0.0000560,0.0000001,0.0000001
51400,0.0000560,0.0000001,0.0000001
51401,0.0000560,0.0000001,0.0000001
51402,0.0000560,0.0000001,0.0000001
51403,0.0000560,0.0000001,0.0000001
51404,0.0000560,0.0000001,0.0000001
51405,0.0000560,0.0000001,0.0000001
51406,0.0000560,0.0000001,0.0000001
51407,0.0000560,0.0000001,0.0000001
51408,0.0000560,0.0000001,0.0000001
51409,0.0000560,0.0000001,0.0000001
51410,0.0000560,0.0000001,0.0000001
51411,0.0000560,0.0000001,0.0000001
51412,0.0000560,0.0000001,0.0000001
51413,0.0000560,0.0000001,0.0000001
51414,0.0000560,0.0000001,0.0000001
51415,0.0000560,0.0000001,0.0000001
51416,0.0000560,0.0000001,0.0000001
51417,0.0000560,0.0000001,0.0000001
51418,0.0000560,0.0000001,0.0000001
51419,0.0000560,0.0000001,0.0000001
51420,0.0000560,0.0000001,0.0000001
51421,0.0000560,0.0000001,0.0000001
51422,0.0000560,0.0000001,0.0000001
51423,0.0000560,0.0000001,0.0000001
51424,0.0000560,0.0000001,0.0000001
51425,0.0000559,0.0000001,0.0000001
51426,0.0000559,0.0000001,0.0000001
51427,0.0000559,0.0000001,0.0000001
51428,0.0000559,0.0000001,0.0000001
51429,0.0000559,0.0000001,0.0000001
51430,0.0000559,0.0000001,0.0000001
51431,0.0000559,0.0000001,0.0000001
51432,0.0000559,0.0000001,0.0000001
51433,0.0000559,0.0000001,0.0000001
51434,0.0000559,0.0000001,0.0000001
51435,0.0000559,0.0000001,0.0000001
51436,0.0000559,0.0000001,0.0000001
51437,0.0000559,0.0000001,0.0000001
51438,0.0000559,0.0000001,0.0000001
51439,0.0000559,0.0000001,0.0000001
51440,0.0000559,0.0000001,0.0000001
51441,0.0000559,0.0000001,0.0000001
51442,0.0000559,0.0000001,0.0000001
51443,0.0000559,0.0000001,0.0000001
51444,0.0000559,0.0000001,0.0000001
51445,0.0000559,0.0000001,0.0000001
51446,0.0000559,0.0000001,0.0000001
51447,0.0000559,0.0000001,0.0000001
51448,0.0000559,0.0000001,0.0000001
51449,0.0000559,0.0000001,0.0000001
51450,0.0000559,0.0000001,0.0000001
51451,0.0000559,0.0000001,0.0000001
51452,0.0000559,0.0000001,0.0000001
51453,0.0000559,0.0000001,0.0000001
51454,0.0000559,0.0000001,0.0000001
51455,0.0000559,0.0000001,0.0000001
51456,0.0000559,0.0000001,0.0000001
51457,0.0000559,0.0000001,0.0000001
51458,0.0000559,0.0000001,0.0000001
51459,0.0000559,0.0000001,0.0000001
51460,0.0000559,0.0000001,0.0000001
51461,0.0000559,0.0000001,0.0000001
51462,0.0000559,0.0000001,0.0000001
51463,0.0000559,0.0000001,0.0000001
51464,0.0000558,0.0000001,0.0000001
51465,0.0000558,0.0000001,0.0000001
51466,0.0000558,0.0000001,0.0000001
51467,0.0000558,0.0000001,0.0000001
51468,0.0000558,0.0000001,0.0000001
51469,0.0000558,0.0000001,0.0000001
51470,0.0000558,0.0000001,0.0000001
51471,0.0000558,0.0000001,0.0000001
51472,0.0000558,0.0000001,0.0000001
51473,0.0000558,0.0000001,0.0000001
51474,0.0000558,0.0000001,0.0000001
51475,0.0000558,0.0000001,0.0000001
51476,0.0000558,0.0000001,0.0000001
51477,0.0000558,0.0000001,0.0000001
51478,0.0000558,0.0000001,0.0000001
51479,0.0000558,0.0000001,0.0000001
51480,0.0000558,0.0000001,0.0000001
51481,0.0000558,0.0000001,0.0000001
51482,0.0000558,0.0000001,0.0000001
51483,0.0000558,0.0000001,0.0000001
51484,0.0000558,0.0000001,0.0000001
51485,0.0000558,0.0000001,0.0000001
51486,0.0000558,0.0000001,0.0000001
51487,0.0000558,0.0000001,0.0000001
51488,0.0000558,0.0000001,0.0000001
51489,0.0000558,0.0000001,0.0000001
51490,0.0000558,0.0000001,0.0000001
51491,0.0000558,0.0000001,0.0000001
51492,0.0000558,0.0000001,0.0000001
51493,0.0000558,0.0000001,0.0000001
51494,0.0000558,0.0000001,0.0000001
51495,0.0000558,0.0000001,0.0000001
51496,0.0000558,0.0000001,0.0000001
51497,0.0000558,0.0000001,0.0000001
51498,0.0000558,0.0000001,0.0000001
51499,0.0000558,0.0000001,0.0000001
51500,0.0000558,0.0000001,0.0000001
51501,0.0000558,0.0000001,0.0000001
51502,0.0000558,0.0000001,0.0000001
51503,0.0000557,0.0000001,0.0000001
51504,0.0000557,0.0000001,0.0000001
51505,0.0000557,0.0000001,0.0000001
51506,0.0000557,0.0000001,0.0000001
51507,0.0000557,0.0000001,0.0000001
51508,0.0000557,0.0000001,0.0000001
51509,0.0000557,0.0000001,0.0000001
51510,0.0000557,0.0000001,0.0000001
51511,0.0000557,0.0000001,0.0000001
51512,0.0000557,0.0000001,0.0000001
51513,0.0000557,0.0000001,0.0000001
51514,0.0000557,0.0000001,0.0000001
51515,0.0000557,0.0000001,0.0000001
51516,0.0000557,0.0000001,0.0000001
51517,0.0000557,0.0000001,0.0000001
51518,0.0000557,0.0000001,0.0000001
51519,0.0000557,0.0000001,0.0000001
51520,0.0000557,0.0000001,0.0000001
51521,0.0000557,0.0000001,0.0000001
51522,0.0000557,0.0000001,0.0000001
51523,0.0000557,0.0000001,0.0000001
51524,0.0000557,0.0000001,0.0000001
51525,0.0000557,0.0000001,0.0000001
51526,0.0000557,0.0000001,0.0000001
51527,0.0000557,0.0000001,0.0000001
51528,0.0000557,0.0000001,0.0000001
51529,0.0000557,0.0000001,0.0000001
51530,0.0000557,0.0000001,0.0000001
51531,0.0000557,0.0000001,0.0000001
51532,0.0000557,0.0000001,0.0000001
51533,0.0000557,0.0000001,0.0000001
51534,0.0000557,0.0000001,0.0000001
51535,0.0000557,0.0000001,0.0000001
51536,0.0000557,0.0000001,0.0000001
51537,0.0000557,0.0000001,0.0000001
51538,0.0000557,0.0000001,0.0000001
51539,0.0000557,0.0000001,0.0000001
51540,0.0000557,0.0000001,0.0000001
51541,0.0000557,0.0000001,0.0000001
51542,0.0000557,0.0000001,0.0000001
51543,0.0000556,0.0000001,0.0000001
51544,0.0000556,0.0000001,0.0000001
51545,0.0000556,0.0000001,0.0000001
51546,0.0000556,0.0000001,0.0000001
51547,0.0000556,0.0000001,0.0000001
51548,0.0000556,0.0000001,0.0000001
51549,0.0000556,0.0000001,0.0000001
51550,0.0000556,0.0000001,0.0000001
51551,0.0000556,0.0000001,0.0000001
51552,0.0000556,0.0000001,0.0000001
51553,0.0000556,0.0000001,0.0000001
51554,0.0000556,0.0000001,0.0000001
51555,0.0000556,0.0000001,0.0000001
51556,0.0000556,0.0000001,0.0000001
51557,0.0000556,0.0000001,0.0000001
51558,0.0000556,0.0000001,0.0000001
51559,0.0000556,0.0000001,0.0000001
51560,0.0000556,0.0000001,0.0000001
51561,0.0000556,0.0000001,0.0000001
51562,0.0000556,0.0000001,0.0000001
51563,0.0000556,0.0000001,0.0000001
51564,0.0000556,0.0000001,0.0000001
51565,0.0000556,0.0000001,0.0000001
51566,0.0000556,0.0000001,0.0000001
51567,0.0000556,0.0000001,0.0000001
51568,0.0000556,0.0000001,0.0000001
51569,0.0000556,0.0000001,0.0000001
51570,0.0000556,0.0000001,0.0000001
51571,0.0000556,0.0000001,0.0000001
51572,0.0000556,0.0000001,0.0000001
51573,0.0000556,0.0000001,0.0000001
51574,0.0000556,0.0000001,0.0000001
51575,0.0000556,0.0000001,0.0000001
51576,0.0000556,0.0000001,0.0000001
51577,0.0000556,0.0000001,0.0000001
51578,0.0000556,0.0000001,0.0000001
51579,0.0000556,0.0000001,0.0000001
51580,0.0000556,0.0000001,0.0000001
51581,0.0000556,0.0000001,0.0000001
51582,0.0000555,0.0000001,0.0000001
51583,0.0000555,0.0000001,0.0000001
51584,0.0000555,0.0000001,0.0000001
51585,0.0000555,0.0000001,0.0000001
51586,0.0000555,0.0000001,0.0000001
51587,0.0000555,0.0000001,0.0000001
51588,0.0000555,0.0000001,0.0000001
51589,0.0000555,0.0000001,0.0000001
51590,0.0000555,0.0000001,0.0000001
51591,0.0000555,0.0000001,0.0000001
51592,0.0000555,0.0000001,0.0000001
51593,0.0000555,0.0000001,0.0000001
51594,0.0000555,0.0000001,0.0000001
51595,0.0000555,0.0000001,0.0000001
51596,0.0000555,0.0000001,0.0000001
51597,0.0000555,0.0000001,0.0000001
51598,0.0000555,0.0000001,0.0000001
51599,0.0000555,0.0000001,0.0000001
51600,0.0000555,0.0000001,0.0000001
51601,0.0000555,0.0000001,0.0000001
51602,0.0000555,0.0000001,0.0000001
51603,0.0000555,0.0000001,0.0000001
51604,0.0000555,0.0000001,0.0000001
51605,0.0000555,0.0000001,0.0000001
51606,0.0000555,0.0000001,0.0000001
51607,0.0000555,0.0000001,0.0000001
51608,0.0000555,0.0000001,0.0000001
51609,0.0000555,0.0000001,0.0000001
51610,0.0000555,0.0000001,0.0000001
51611,0.0000555,0.0000001,0.0000001
51612,0.0000555,0.0000001,0.0000001
51613,0.0000555,0.0000001,0.0000001
51614,0.0000555,0.0000001,0.0000001
51615,0.0000555,0.0000001,0.0000001
51616,0.0000555,0.0000001,0.0000001
51617,0.0000555,0.0000001,0.0000001
51618,0.0000555,0.0000001,0.0000001
51619,0.0000555,0.0000001,0.0000001
51620,0.0000555,0.0000001,0.0000001
51621,0.0000554,0.0000001,0.0000001
51622,0.0000554,0.0000001,0.0000001
51623,0.0000554,0.0000001,0.0000001
51624,0.0000554,0.0000001,0.0000001
51625,0.0000554,0.0000001,0.0000001
51626,0.0000554,0.0000001,0.0000001
51627,0.0000554,0.0000001,0.0000001
51628,0.0000554,0.0000001,0.0000001
51629,0.0000554,0.0000001,0.0000001
51630,0.0000554,0.0000001,0.0000001
51631,0.0000554,0.0000001,0.0000001
51632,0.0000554,0.0000001,0.0000001
51633,0.0000554,0.0000001,0.0000001
51634,0.0000554,0.0000001,0.0000001
51635,0.0000554,0.0000001,0.0000001
51636,0.0000554,0.0000001,0.0000001
51637,0.0000554,0.0000001,0.0000001
51638,0.0000554,0.0000001,0.0000001
51639,0.0000554,0.0000001,0.0000001
51640,0.0000554,0.0000001,0.0000001
51641,0.0000554,0.0000001,0.0000001
51642,0.0000554,0.0000001,0.0000001
51643,0.0000554,0.0000001,0.0000001
51644,0.0000554,0.0000001,0.0000001
51645,0.0000554,0.0000001,0.0000001
51646,0.0000554,0.0000001,0.0000001
51647,0.0000554,0.0000001,0.0000001
51648,0.0000554,0.0000001,0.0000001
51649,0.0000554,0.0000001,0.0000001
51650,0.0000554,0.0000001,0.0000001
51651,0.0000554,0.0000001,0.0000001
51652,0.0000554,0.0000001,0.0000001
51653,0.0000554,0.0000001,0.0000001
51654,0.0000554,0.0000001,0.0000001
51655,0.0000554,0.0000001,0.0000001
51656,0.0000554,0.0000001,0.0000001
51657,0.0000554,0.0000001,0.0000001
51658,0.0000554,0.0000001,0.0000001
51659,0.0000554,0.0000001,0.0000001
51660,0.0000554,0.0000001,0.0000001
51661,0.0000553,0.0000001,0.0000001
51662,0.0000553,0.0000001,0.0000001
51663,0.0000553,0.0000001,0.0000001
51664,0.0000553,0.0000001,0.0000001
51665,0.0000553,0.0000001,0.0000001
51666,0.0000553,0.0000001,0.0000001
51667,0.0000553,0.0000001,0.0000001
51668,0.0000553,0.0000001,0.0000001
51669,0.0000553,0.0000001,0.0000001
51670,0.0000553,0.0000001,0.0000001
51671,0.0000553,0.0000001,0.0000001
51672,0.0000553,0.0000001,0.0000001
51673,0.0000553,0.0000001,0.0000001
51674,0.0000553,0.0000001,0.0000001
51675,0.0000553,0.0000001,0.0000001
51676,0.0000553,0.0000001,0.0000001
51677,0.0000553,0.0000001,0.0000001
51678,0.0000553,0.0000001,0.0000001
51679,0.0000553,0.0000001,0.0000001
51680,0.0000553,0.0000001,0.0000001
51681,0.0000553,0.0000001,0.0000001
51682,0.0000553,0.0000001,0.0000001
51683,0.0000553,0.0000001,0.0000001
51684,0.0000553,0.0000001,0.0000001
51685,0.0000553,0.0000001,0.0000001
51686,0.0000553,0.0000001,0.0000001
51687,0.0000553,0.0000001,0.0000001
51688,0.0000553,0.0000001,0.0000001
51689,0.0000553,0.0000001,0.0000001
51690,0.0000553,0.0000001,0.0000001
51691,0.0000553,0.0000001,0.0000001
51692,0.0000553,0.0000001,0.0000001
51693,0.0000553,0.0000001,0.0000001
51694,0.0000553,0.0000001,0.0000001
51695,0.0000553,0.0000001,0.0000001
51696,0.0000553,0.0000001,0.0000001
51697,0.0000553,0.0000001,0.0000001
51698,0.0000553,0.0000001,0.0000001
51699,0.0000553,0.0000001,0.0000001
51700,0.0000552,0.0000001,0.0000001
51701,0.0000552,0.0000001,0.0000001
51702,0.0000552,0.0000001,0.0000001
51703,0.0000552,0.0000001,0.0000001
51704,0.0000552,0.0000001,0.0000001
51705,0.0000552,0.0000001,0.0000001
51706,0.0000552,0.0000001,0.0000001
51707,0.0000552,0.0000001,0.0000001
51708,0.0000552,0.0000001,0.0000001
51709,0.0000552,0.0000001,0.0000001
51710,0.0000552,0.0000001,0.0000001
51711,0.0000552,0.0000001,0.0000001
51712,0.0000552,0.0000001,0.0000001
51713,0.0000552,0.0000001,0.0000001
51714,0.0000552,0.0000001,0.0000001
51715,0.0000552,0.0000001,0.0000001
51716,0.0000552,0.0000001,0.0000001
51717,0.0000552,0.0000001,0.0000001
51718,0.0000552,0.0000001,0.0000001
51719,0.0000552,0.0000001,0.0000001
51720,0.0000552,0.0000001,0.0000001
51721,0.0000552,0.0000001,0.0000001
51722,0.0000552,0.0000001,0.0000001
51723,0.0000552,0.0000001,0.0000001
51724,0.0000552,0.0000001,0.0000001
51725,0.0000552,0.0000001,0.0000001
51726,0.0000552,0.0000001,0.0000001
51727,0.0000552,0.0000001,0.0000001
51728,0.0000552,0.0000001,0.0000001
51729,0.0000552,0.0000001,0.0000001
51730,0.0000552,0.0000001,0.0000001
51731,0.0000552,0.0000001,0.0000001
51732,0.0000552,0.0000001,0.0000001
51733,0.0000552,0.0000001,0.0000001
51734,0.0000552,0.0000001,0.0000001
51735,0.0000552,0.0000001,0.0000001
51736,0.0000552,0.0000001,0.0000001
51737,0.0000552,0.0000001,0.0000001
51738,0.0000552,0.0000001,0.0000001
51739,0.0000552,0.0000001,0.0000001
51740,0.0000551,0.0000001,0.0000001
51741,0.0000551,0.0000001,0.0000001
51742,0.0000551,0.0000001,0.0000001
51743,0.0000551,0.0000001,0.0000001
51744,0.0000551,0.0000001,0.0000001
51745,0.0000551,0.0000001,0.0000001
51746,0.0000551,0.0000001,0.0000001
51747,0.0000551,0.0000001,0.0000001
51748,0.0000551,0.0000001,0.0000001
51749,0.0000551,0.0000001,0.0000001
51750,0.0000551,0.0000001,0.0000001
51751,0.0000551,0.0000001,0.0000001
51752,0.0000551,0.0000001,0.0000001
51753,0.0000551,0.0000001,0.0000001
51754,0.0000551,0.0000001,0.0000001
51755,0.0000551,0.0000001,0.0000001
51756,0.0000551,0.0000001,0.0000001
51757,0.0000551,0.0000001,0.0000001
51758,0.0000551,0.0000001,0.0000001
51759,0.0000551,0.0000001,0.0000001
51760,0.0000551,0.0000001,0.0000001
51761,0.0000551,0.0000001,0.0000001
51762,0.0000551,0.0000001,0.0000001
51763,0.0000551,0.0000001,0.0000001
51764,0.0000551,0.0000001,0.0000001
51765,0.0000551,0.0000001,0.0000001
51766,0.0000551,0.0000001,0.0000001
51767,0.0000551,0.0000001,0.0000001
51768,0.0000551,0.0000001,0.0000001
51769,0.0000551,0.0000001,0.0000001
51770,0.0000551,0.0000001,0.0000001
51771,0.0000551,0.0000001,0.0000001
51772,0.0000551,0.0000001,0.0000001
51773,0.0000551,0.0000001,0.0000001
51774,0.0000551,0.0000001,0.0000001
51775,0.0000551,0.0000001,0.0000001
51776,0.0000551,0.0000001,0.0000001
51777,0.0000551,0.0000001,0.0000001
51778,0.0000551,0.0000001,0.0000001
51779,0.0000550,0.0000001,0.0000001
51780,0.0000550,0.0000001,0.0000001
51781,0.0000550,0.0000001,0.0000001
51782,0.0000550,0.0000001,0.0000001
51783,0.0000550,0.0000001,0.0000001
51784,0.0000550,0.0000001,0.0000001
51785,0.0000550,0.0000001,0.0000001
51786,0.0000550,0.0000001,0.0000001
51787,0.0000550,0.0000001,0.0000001
51788,0.0000550,0.0000001,0.0000001
51789,0.0000550,0.0000001,0.0000001
51790,0.0000550,0.0000001,0.0000001
51791,0.0000550,0.0000001,0.0000001
51792,0.0000550,0.0000001,0.0000001
51793,0.0000550,0.0000001,0.0000001
51794,0.0000550,0.0000001,0.0000001
51795,0.0000550,0.0000001,0.0000001
51796,0.0000550,0.0000001,0.0000001
51797,0.0000550,0.0000001,0.0000001
51798,0.0000550,0.0000001,0.0000001
51799,0.0000550,0.0000001,0.0000001
51800,0.0000550,0.0000001,0.0000001
51801,0.0000550,0.0000001,0.0000001
51802,0.0000550,0.0000001,0.0000001
51803,0.0000550,0.0000001,0.0000001
51804,0.0000550,0.0000001,0.0000001
51805,0.0000550,0.0000001,0.0000001
51806,0.0000550,0.0000001,0.0000001
51807,0.0000550,0.0000001,0.0000001
51808,0.0000550,0.0000001,0.0000001
51809,0.0000550,0.0000001,0.0000001
51810,0.0000550,0.0000001,0.0000001
51811,0.0000550,0.0000001,0.0000001
51812,0.0000550,0.0000001,0.0000001
51813,0.0000550,0.0000001,0.0000001
51814,0.0000550,0.0000001,0.0000001
51815,0.0000550,0.0000001,0.0000001
51816,0.0000550,0.0000001,0.0000001
51817,0.0000550,0.0000001,0.0000001
51818,0.0000550,0.0000001,0.0000001
51819,0.0000549,0.0000001,0.0000001
51820,0.0000549,0.0000001,0.0000001
51821,0.0000549,0.0000001,0.0000001
51822,0.0000549,0.0000001,0.0000001
51823,0.0000549,0.0000001,0.0000001
51824,0.0000549,0.0000001,0.0000001
51825,0.0000549,0.0000001,0.0000001
51826,0.0000549,0.0000001,0.0000001
51827,0.0000549,0.0000001,0.0000001
51828,0.0000549,0.0000001,0.0000001
51829,0.0000549,0.0000001,0.0000001
51830,0.0000549,0.0000001,0.0000001
51831,0.0000549,0.0000001,0.0000001
51832,0.0000549,0.0000001,0.0000001
51833,0.0000549,0.0000001,0.0000001
51834,0.0000549,0.0000001,0.0000001
51835,0.0000549,0.0000001,0.0000001
51836,0.0000549,0.0000001,0.0000001
51837,0.0000549,0.0000001,0.0000001
51838,0.0000549,0.0000001,0.0000001
51839,0.0000549,0.0000001,0.0000001
51840,0.0000549,0.0000001,0.0000001
51841,0.0000549,0.0000001,0.0000001
51842,0.0000549,0.0000001,0.0000001
51843,0.0000549,0.0000001,0.0000001
51844,0.0000549,0.0000001,0.0000001
51845,0.0000549,0.0000001,0.0000001
51846,0.0000549,0.0000001,0.0000001
51847,0.0000549,0.0000001,0.0000001
51848,0.0000549,0.0000001,0.0000001
51849,0.0000549,0.0000001,0.0000001
51850,0.0000549,0.0000001,0.0000001
51851,0.0000549,0.0000001,0.0000001
51852,0.0000549,0.0000001,0.0000001
51853,0.0000549,0.0000001,0.0000001
51854,0.0000549,0.0000001,0.0000001
51855,0.0000549,0.0000001,0.0000001
51856,0.0000549,0.0000001,0.0000001
51857,0.0000549,0.0000001,0.0000001
51858,0.0000549,0.0000001,0.0000001
51859,0.0000548,0.0000001,0.0000001
51860,0.0000548,0.0000001,0.0000001
51861,0.0000548,0.0000001,0.0000001
51862,0.0000548,0.0000001,0.0000001
51863,0.0000548,0.0000001,0.0000001
51864,0.0000548,0.0000001,0.0000001
51865,0.0000548,0.0000001,0.0000001
51866,0.0000548,0.0000001,0.0000001
51867,0.0000548,0.0000001,0.0000001
51868,0.0000548,0.0000001,0.0000001
51869,0.0000548,0.0000001,0.0000001
51870,0.0000548,0.0000001,0.0000001
51871,0.0000548,0.0000001,0.0000001
51872,0.0000548,0.0000001,0.0000001
51873,0.0000548,0.0000001,0.0000001
51874,0.0000548,0.0000001,0.0000001
51875,0.0000548,0.0000001,0.0000001
51876,0.0000548,0.0000001,0.0000001
51877,0.0000548,0.0000001,0.0000001
51878,0.0000548,0.0000001,0.0000001
51879,0.0000548,0.0000001,0.0000001
51880,0.0000548,0.0000001,0.0000001
51881,0.0000548,0.0000001,0.0000001
51882,0.0000548,0.0000001,0.0000001
51883,0.0000548,0.0000001,0.0000001
51884,0.0000548,0.0000001,0.0000001
51885,0.0000548,0.0000001,0.0000001
51886,0.0000548,0.0000001,0.0000001
51887,0.0000548,0.0000001,0.0000001
51888,0.0000548,0.0000001,0.0000001
51889,0.0000548,0.0000001,0.0000001
51890,0.0000548,0.0000001,0.0000001
51891,0.0000548,0.0000001,0.0000001
51892,0.0000548,0.0000001,0.0000001
51893,0.0000548,0.0000001,0.0000001
51894,0.0000548,0.0000001,0.0000001
51895,0.0000548,0.0000001,0.0000001
51896,0.0000548,0.0000001,0.0000001
51897,0.0000548,0.0000001,0.0000001
51898,0.0000548,0.0000001,0.0000001
51899,0.0000547,0.0000001,0.0000001
51900,0.0000547,0.0000001,0.0000001
51901,0.0000547,0.0000001,0.0000001
51902,0.0000547,0.0000001,0.0000001
51903,0.0000547,0.0000001,0.0000001
51904,0.0000547,0.0000001,0.0000001
51905,0.0000547,0.0000001,0.0000001
51906,0.0000547,0.0000001,0.0000001
51907,0.0000547,0.0000001,0.0000001
51908,0.0000547,0.0000001,0.0000001
51909,0.0000547,0.0000001,0.0000001
51910,0.0000547,0.0000001,0.0000001
51911,0.0000547,0.0000001,0.0000001
51912,0.0000547,0.0000001,0.0000001
51913,0.0000547,0.0000001,0.0000001
51914,0.0000547,0.0000001,0.0000001
51915,0.0000547,0.0000001,0.0000001
51916,0.0000547,0.0000001,0.0000001
51917,0.0000547,0.0000001,0.0000001
51918,0.0000547,0.0000001,0.0000001
51919,0.0000547,0.0000001,0.0000001
51920,0.0000547,0.0000001,0.0000001
51921,0.0000547,0.0000001,0.0000001
51922,0.0000547,0.0000001,0.0000001
51923,0.0000547,0.0000001,0.0000001
51924,0.0000547,0.0000001,0.0000001
51925,0.0000547,0.0000001,0.0000001
51926,0.0000547,0.0000001,0.0000001
51927,0.0000547,0.0000001,0.0000001
51928,0.0000547,0.0000001,0.0000001
51929,0.0000547,0.0000001,0.0000001
51930,0.0000547,0.0000001,0.0000001
51931,0.0000547,0.0000001,0.0000001
51932,0.0000547,0.0000001,0.0000001
51933,0.0000547,0.0000001,0.0000001
51934,0.0000547,0.0000001,0.0000001
51935,0.0000547,0.0000001,0.0000001
51936,0.0000547,0.0000001,0.0000001
51937,0.0000547,0.0000001,0.0000001
51938,0.0000547,0.0000001,0.0000001
51939,0.0000546,0.0000001,0.0000001
51940,0.0000546,0.0000001,0.0000001
51941,0.0000546,0.0000001,0.0000001
51942,0.0000546,0.0000001,0.0000001
51943,0.0000546,0.0000001,0.0000001
51944,0.0000546,0.0000001,0.0000001
51945,0.0000546,0.0000001,0.0000001
51946,0.0000546,0.0000001,0.0000001
51947,0.0000546,0.0000001,0.0000001
51948,0.0000546,0.0000001,0.0000001
51949,0.0000546,0.0000001,0.0000001
51950,0.0000546,0.0000001,0.0000001
51951,0.0000546,0.0000001,0.0000001
51952,0.0000546,0.0000001,0.0000001
51953,0.0000546,0.0000001,0.0000001
51954,0.0000546,0.0000001,0.0000001
51955,0.0000546,0.0000001,0.0000001
51956,0.0000546,0.0000001,0.0000001
51957,0.0000546,0.0000001,0.0000001
51958,0.0000546,0.0000001,0.0000001
51959,0.0000546,0.0000001,0.0000001
51960,0.0000546,0.0000001,0.0000001
51961,0.0000546,0.0000001,0.0000001
51962,0.0000546,0.0000001,0.0000001
51963,0.0000546,0.0000001,0.0000001
51964,0.0000546,0.0000001,0.0000001
51965,0.0000546,0.0000001,0.0000001
51966,0.0000546,0.0000001,0.0000001
51967,0.0000546,0.0000001,0.0000001
51968,0.0000546,0.0000001,0.0000001
51969,0.0000546,0.0000001,0.0000001
51970,0.0000546,0.0000001,0.0000001
51971,0.0000546,0.0000001,0.0000001
51972,0.0000546,0.0000001,0.0000001
51973,0.0000546,0.0000001,0.0000001
51974,0.0000546,0.0000001,0.0000001
51975,0.0000546,0.0000001,0.0000001
51976,0.0000546,0.0000001,0.0000001
51977,0.0000546,0.0000001,0.0000001
51978,0.0000546,0.0000001,0.0000001
51979,0.0000545,0.0000001,0.0000001
51980,0.0000545,0.0000001,0.0000001
51981,0.0000545,0.0000001,0.0000001
51982,0.0000545,0.0000001,0.0000001
51983,0.0000545,0.0000001,0.0000001
51984,0.0000545,0.0000001,0.0000001
51985,0.0000545,0.0000001,0.0000001
51986,0.0000545,0.0000001,0.0000001
51987,0.0000545,0.0000001,0.0000001
51988,0.0000545,0.0000001,0.0000001
51989,0.0000545,0.0000001,0.0000001
51990,0.0000545,0.0000001,0.0000001
51991,0.0000545,0.0000001,0.0000001
51992,0.0000545,0.0000001,0.0000001
51993,0.0000545,0.0000001,0.0000001
51994,0.0000545,0.0000001,0.0000001
51995,0.0000545,0.0000001,0.0000001
51996,0.0000545,0.0000001,0.0000001
51997,0.0000545,0.0000001,0.0000001
51998,0.0000545,0.0000001,0.0000001
51999,0.0000545,0.0000001,0.0000001
52000,0.0000545,0.0000001,0.0000001
52001,0.0000545,0.0000001,0.0000001
52002,0.0000545,0.0000001,0.0000001
52003,0.0000545,0.0000001,0.0000001
52004,0.0000545,0.0000001,0.0000001
52005,0.0000545,0.0000001,0.0000001
52006,0.0000545,0.0000001,0.0000001
52007,0.0000545,0.0000001,0.0000001
52008,0.0000545,0.0000001,0.0000001
52009,0.0000545,0.0000001,0.0000001
52010,0.0000545,0.0000001,0.0000001
52011,0.0000545,0.0000001,0.0000001
52012,0.0000545,0.0000001,0.0000001
52013,0.0000545,0.0000001,0.0000001
52014,0.0000545,0.0000001,0.0000001
52015,0.0000545,0.0000001,0.0000001
52016,0.0000545,0.0000001,0.0000001
52017,0.0000545,0.0000001,0.0000001
52018,0.0000545,0.0000001,0.0000001
52019,0.0000544,0.0000001,0.0000001
52020,0.0000544,0.0000001,0.0000001
52021,0.0000544,0.0000001,0.0000001
52022,0.0000544,0.0000001,0.0000001
52023,0.0000544,0.0000001,0.0000001
52024,0.0000544,0.0000001,0.0000001
52025,0.0000544,0.0000001,0.0000001
52026,0.0000544,0.0000001,0.0000001
52027,0.0000544,0.0000001,0.0000001
52028,0.0000544,0.0000001,0.0000001
52029,0.0000544,0.0000001,0.0000001
52030,0.0000544,0.0000001,0.0000001
52031,0.0000544,0.0000001,0.0000001
52032,0.0000544,0.0000001,0.0000001
52033,0.0000544,0.0000001,0.0000001
52034,0.0000544,0.0000001,0.0000001
52035,0.0000544,0.0000001,0.0000001
52036,0.0000544,0.0000001,0.0000001
52037,0.0000544,0.0000001,0.0000001
52038,0.0000544,0.0000001,0.0000001
52039,0.0000544,0.0000001,0.0000001
52040,0.0000544,0.0000001,0.0000001
52041,0.0000544,0.0000001,0.0000001
52042,0.0000544,0.0000001,0.0000001
52043,0.0000544,0.0000001,0.0000001
52044,0.0000544,0.0000001,0.0000001
52045,0.0000544,0.0000001,0.0000001
52046,0.0000544,0.0000001,0.0000001
52047,0.0000544,0.0000001,0.0000001
52048,0.0000544,0.0000001,0.0000001
52049,0.0000544,0.0000001,0.0000001
52050,0.0000544,0.0000001,0.0000001
52051,0.0000544,0.0000001,0.0000001
52052,0.0000544,0.0000001,0.0000001
52053,0.0000544,0.0000001,0.0000001
52054,0.0000544,0.0000001,0.0000001
52055,0.0000544,0.0000001,0.0000001
52056,0.0000544,0.0000001,0.0000001
52057,0.0000544,0.0000001,0.0000001
52058,0.0000544,0.0000001,0.0000001
52059,0.0000543,0.0000001,0.0000001
52060,0.0000543,0.0000001,0.0000001
52061,0.0000543,0.0000001,0.0000001
52062,0.0000543,0.0000001,0.0000001
52063,0.0000543,0.0000001,0.0000001
52064,0.0000543,0.0000001,0.0000001
52065,0.0000543,0.0000001,0.0000001
52066,0.0000543,0.0000001,0.0000001
52067,0.0000543,0.0000001,0.0000001
52068,0.0000543,0.0000001,0.0000001
52069,0.0000543,0.0000001,0.0000001
52070,0.0000543,0.0000001,0.0000001
52071,0.0000543,0.0000001,0.0000001
52072,0.0000543,0.0000001,0.0000001
52073,0.0000543,0.0000001,0.0000001
52074,0.0000543,0.0000001,0.0000001
52075,0.0000543,0.0000001,0.0000001
52076,0.0000543,0.0000001,0.0000001
52077,0.0000543,0.0000001,0.0000001
52078,0.0000543,0.0000001,0.0000001
52079,0.0000543,0.0000001,0.0000001
52080,0.0000543,0.0000001,0.0000001
52081,0.0000543,0.0000001,0.0000001
52082,0.0000543,0.0000001,0.0000001
52083,0.0000543,0.0000001,0.0000001
52084,0.0000543,0.0000001,0.0000001
52085,0.0000543,0.0000001,0.0000001
52086,0.0000543,0.0000001,0.0000001
52087,0.0000543,0.0000001,0.0000001
52088,0.0000543,0.0000001,0.0000001
52089,0.0000543,0.0000001,0.0000001
52090,0.0000543,0.0000001,0.0000001
52091,0.0000543,0.0000001,0.0000001
52092,0.0000543,0.0000001,0.0000001
52093,0.0000543,0.0000001,0.0000001
52094,0.0000543,0.0000001,0.0000001
52095,0.0000543,0.0000001,0.0000001
52096,0.0000543,0.0000001,0.0000001
52097,0.0000543,0.0000001,0.0000001
52098,0.0000543,0.0000001,0.0000001
52099,0.0000543,0.0000001,0.0000001
52100,0.0000542,0.0000001,0.0000001
52101,0.0000542,0.0000001,0.0000001
52102,0.0000542,0.0000001,0.0000001
52103,0.0000542,0.0000001,0.0000001
52104,0.0000542,0.0000001,0.0000001
52105,0.0000542,0.0000001,0.0000001
52106,0.0000542,0.0000001,0.0000001
52107,0.0000542,0.0000001,0.0000001
52108,0.0000542,0.0000001,0.0000001
52109,0.0000542,0.0000001,0.0000001
52110,0.0000542,0.0000001,0.0000001
52111,0.0000542,0.0000001,0.0000001
52112,0.0000542,0.0000001,0.0000001
52113,0.0000542,0.0000001,0.0000001
52114,0.0000542,0.0000001,0.0000001
52115,0.0000542,0.0000001,0.0000001
52116,0.0000542,0.0000001,0.0000001
52117,0.0000542,0.0000001,0.0000001
52118,0.0000542,0.0000001,0.0000001
52119,0.0000542,0.0000001,0.0000001
52120,0.0000542,0.0000001,0.0000001
52121,0.0000542,0.0000001,0.0000001
52122,0.0000542,0.0000001,0.0000001
52123,0.0000542,0.0000001,0.0000001
52124,0.0000542,0.0000001,0.0000001
52125,0.0000542,0.0000001,0.0000001
52126,0.0000542,0.0000001,0.0000001
52127,0.0000542,0.0000001,0.0000001
52128,0.0000542,0.0000001,0.0000001
52129,0.0000542,0.0000001,0.0000001
52130,0.0000542,0.0000001,0.0000001
52131,0.0000542,0.0000001,0.0000001
52132,0.0000542,0.0000001,0.0000001
52133,0.0000542,0.0000001,0.0000001
52134,0.0000542,0.0000001,0.0000001
52135,0.0000542,0.0000001,0.0000001
52136,0.0000542,0.0000001,0.0000001
52137,0.0000542,0.0000001,0.0000001
52138,0.0000542,0.0000001,0.0000001
52139,0.0000542,0.0000001,0.0000001
52140,0.0000541,0.0000001,0.0000001
52141,0.0000541,0.0000001,0.0000001
52142,0.0000541,0.0000001,0.0000001
52143,0.0000541,0.0000001,0.0000001
52144,0.0000541,0.0000001,0.0000001
52145,0.0000541,0.0000001,0.0000001
52146,0.0000541,0.0000001,0.0000001
52147,0.0000541,0.0000001,0.0000001
52148,0.0000541,0.0000001,0.0000001
52149,0.0000541,0.0000001,0.0000001
52150,0.0000541,0.0000001,0.0000001
52151,0.0000541,0.0000001,0.0000001
52152,0.0000541,0.0000001,0.0000001
52153,0.0000541,0.0000001,0.0000001
52154,0.0000541,0.0000001,0.0000001
52155,0.0000541,0.0000001,0.0000001
52156,0.0000541,0.0000001,0.0000001
52157,0.0000541,0.0000001,0.0000001
52158,0.0000541,0.0000001,0.0000001
52159,0.0000541,0.0000001,0.0000001
52160,0.0000541,0.0000001,0.0000001
52161,0.0000541,0.0000001,0.0000001
52162,0.0000541,0.0000001,0.0000001
52163,0.0000541,0.0000001,0.0000001
52164,0.0000541,0.0000001,0.0000001
52165,0.0000541,0.0000001,0.0000001
52166,0.0000541,0.0000001,0.0000001
52167,0.0000541,0.0000001,0.0000001
52168,0.0000541,0.0000001,0.0000001
52169,0.0000541,0.0000001,0.0000001
52170,0.0000541,0.0000001,0.0000001
52171,0.0000541,0.0000001,0.0000001
52172,0.0000541,0.0000001,0.0000001
52173,0.0000541,0.0000001,0.0000001
52174,0.0000541,0.0000001,0.0000001
52175,0.0000541,0.0000001,0.0000001
52176,0.0000541,0.0000001,0.0000001
52177,0.0000541,0.0000001,0.0000001
52178,0.0000541,0.0000001,0.0000001
52179,0.0000541,0.0000001,0.0000001
52180,0.0000541,0.0000001,0.0000001
52181,0.0000540,0.0000001,0.0000001
52182,0.0000540,0.0000001,0.0000001
52183,0.0000540,0.0000001,0.0000001
52184,0.0000540,0.0000001,0.0000001
52185,0.0000540,0.0000001,0.0000001
52186,0.0000540,0.0000001,0.0000001
52187,0.0000540,0.0000001,0.0000001
52188,0.0000540,0.0000001,0.0000001
52189,0.0000540,0.0000001,0.0000001
52190,0.0000540,0.0000001,0.0000001
52191,0.0000540,0.0000001,0.0000001
52192,0.0000540,0.0000001,0.0000001
52193,0.0000540,0.0000001,0.0000001
52194,0.0000540,0.0000001,0.0000001
52195,0.0000540,0.0000001,0.0000001
52196,0.0000540,0.0000001,0.0000001
52197,0.0000540,0.0000001,0.0000001
52198,0.0000540,0.0000001,0.0000001
52199,0.0000540,0.0000001,0.0000001
52200,0.0000540,0.0000001,0.0000001
52201,0.0000540,0.0000001,0.0000001
52202,0.0000540,0.0000001,0.0000001
52203,0.0000540,0.0000001,0.0000001
52204,0.0000540,0.0000001,0.0000001
52205,0.0000540,0.0000001,0.0000001
52206,0.0000540,0.0000001,0.0000001
52207,0.0000540,0.0000001,0.0000001
52208,0.0000540,0.0000001,0.0000001
52209,0.0000540,0.0000001,0.0000001
52210,0.0000540,0.0000001,0.0000001
52211,0.0000540,0.0000001,0.0000001
52212,0.0000540,0.0000001,0.0000001
52213,0.0000540,0.0000001,0.0000001
52214,0.0000540,0.0000001,0.0000001
52215,0.0000540,0.0000001,0.0000001
52216,0.0000540,0.0000001,0.0000001
52217,0.0000540,0.0000001,0.0000001
52218,0.0000540,0.0000001,0.0000001
52219,0.0000540,0.0000001,0.0000001
52220,0.0000540,0.0000001,0.0000001
52221,0.0000540,0.0000001,0.0000001
52222,0.0000539,0.0000001,0.0000001
52223,0.0000539,0.0000001,0.0000001
52224,0.0000539,0.0000001,0.0000001
52225,0.0000539,0.0000001,0.0000001
52226,0.0000539,0.0000001,0.0000001
52227,0.0000539,0.0000001,0.0000001
52228,0.0000539,0.0000001,0.0000001
52229,0.0000539,0.0000001,0.0000001
52230,0.0000539,0.0000001,0.0000001
52231,0.0000539,0.0000001,0.0000001
52232,0.0000539,0.0000001,0.0000001
52233,0.0000539,0.0000001,0.0000001
52234,0.0000539,0.0000001,0.0000001
52235,0.0000539,0.0000001,0.0000001
52236,0.0000539,0.0000001,0.0000001
52237,0.0000539,0.0000001,0.0000001
52238,0.0000539,0.0000001,0.0000001
52239,0.0000539,0.0000001,0.0000001
52240,0.0000539,0.0000001,0.0000001
52241,0.0000539,0.0000001,0.0000001
52242,0.0000539,0.0000001,0.0000001
52243,0.0000539,0.0000001,0.0000001
52244,0.0000539,0.0000001,0.0000001
52245,0.0000539,0.0000001,0.0000001
52246,0.0000539,0.0000001,0.0000001
52247,0.0000539,0.0000001,0.0000001
52248,0.0000539,0.0000001,0.0000001
52249,0.0000539,0.0000001,0.0000001
52250,0.0000539,0.0000001,0.0000001
52251,0.0000539,0.0000001,0.0000001
52252,0.0000539,0.0000001,0.0000001
52253,0.0000539,0.0000001,0.0000001
52254,0.0000539,0.0000001,0.0000001
52255,0.0000539,0.0000001,0.0000001
52256,0.0000539,0.0000001,0.0000001
52257,0.0000539,0.0000001,0.0000001
52258,0.0000539,0.0000001,0.0000001
52259,0.0000539,0.0000001,0.0000001
52260,0.0000539,0.0000001,0.0000001
52261,0.0000539,0.0000001,0.0000001
52262,0.0000539,0.0000001,0.0000001
52263,0.0000538,0.0000001,0.0000001
52264,0.0000538,0.0000001,0.0000001
52265,0.0000538,0.0000001,0.0000001
52266,0.0000538,0.0000001,0.0000001
52267,0.0000538,0.0000001,0.0000001
52268,0.0000538,0.0000001,0.0000001
52269,0.0000538,0.0000001,0.0000001
52270,0.0000538,0.0000001,0.0000001
52271,0.0000538,0.0000001,0.0000001
52272,0.0000538,0.0000001,0.0000001
52273,0.0000538,0.0000001,0.0000001
52274,0.0000538,0.0000001,0.0000001
52275,0.0000538,0.0000001,0.0000001
52276,0.0000538,0.0000001,0.0000001
52277,0.0000538,0.0000001,0.0000001
52278,0.0000538,0.0000001,0.0000001
52279,0.0000538,0.0000001,0.0000001
52280,0.0000538,0.0000001,0.0000001
52281,0.0000538,0.0000001,0.0000001
52282,0.0000538,0.0000001,0.0000001
52283,0.0000538,0.0000001,0.0000001
52284,0.0000538,0.0000001,0.0000001
52285,0.0000538,0.0000001,0.0000001
52286,0.0000538,0.0000001,0.0000001
52287,0.0000538,0.0000001,0.0000001
52288,0.0000538,0.0000001,0.0000001
52289,0.0000538,0.0000001,0.0000001
52290,0.0000538,0.0000001,0.0000001
52291,0.0000538,0.0000001,0.0000001
52292,0.0000538,0.0000001,0.0000001
52293,0.0000538,0.0000001,0.0000001
52294,0.0000538,0.0000001,0.0000001
52295,0.0000538,0.0000001,0.0000001
52296,0.0000538,0.0000001,0.0000001
52297,0.0000538,0.0000001,0.0000001
52298,0.0000538,0.0000001,0.0000001
52299,0.0000538,0.0000001,0.0000001
52300,0.0000538,0.0000001,0.0000001
52301,0.0000538,0.0000001,0.0000001
52302,0.0000538,0.0000001,0.0000001
52303,0.0000538,0.0000001,0.0000001
52304,0.0000537,0.0000001,0.0000001
52305,0.0000537,0.0000001,0.0000001
52306,0.0000537,0.0000001,0.0000001
52307,0.0000537,0.0000001,0.0000001
52308,0.0000537,0.0000001,0.0000001
52309,0.0000537,0.0000001,0.0000001
52310,0.0000537,0.0000001,0.0000001
52311,0.0000537,0.0000001,0.0000001
52312,0.0000537,0.0000001,0.0000001
52313,0.0000537,0.0000001,0.0000001
52314,0.0000537,0.0000001,0.0000001
52315,0.0000537,0.0000001,0.0000001
52316,0.0000537,0.0000001,0.0000001
52317,0.0000537,0.0000001,0.0000001
52318,0.0000537,0.0000001,0.0000001
52319,0.0000537,0.0000001,0.0000001
52320,0.0000537,0.0000001,0.0000001
52321,0.0000537,0.0000001,0.0000001
52322,0.0000537,0.0000001,0.0000001
52323,0.0000537,0.0000001,0.0000001
52324,0.0000537,0.0000001,0.0000001
52325,0.0000537,0.0000001,0.0000001
52326,0.0000537,0.0000001,0.0000001
52327,0.0000537,0.0000001,0.0000001
52328,0.0000537,0.0000001,0.0000001
52329,0.0000537,0.0000001,0.0000001
52330,0.0000537,0.0000001,0.0000001
52331,0.0000537,0.0000001,0.0000001
52332,0.0000537,0.0000001,0.0000001
52333,0.0000537,0.0000001,0.0000001
52334,0.0000537,0.0000001,0.0000001
52335,0.0000537,0.0000001,0.0000001
52336,0.0000537,0.0000001,0.0000001
52337,0.0000537,0.0000001,0.0000001
52338,0.0000537,0.0000001,0.0000001
52339,0.0000537,0.0000001,0.0000001
52340,0.0000537,0.0000001,0.0000001
52341,0.0000537,0.0000001,0.0000001
52342,0.0000537,0.0000001,0.0000001
52343,0.0000537,0.0000001,0.0000001
52344,0.0000537,0.0000001,0.0000001
52345,0.0000536,0.0000001,0.0000001
52346,0.0000536,0.0000001,0.0000001
52347,0.0000536,0.0000001,0.0000001
52348,0.0000536,0.0000001,0.0000001
52349,0.0000536,0.0000001,0.0000001
52350,0.0000536,0.0000001,0.0000001
52351,0.0000536,0.0000001,0.0000001
52352,0.0000536,0.0000001,0.0000001
52353,0.0000536,0.0000001,0.0000001
52354,0.0000536,0.0000001,0.0000001
52355,0.0000536,0.0000001,0.0000001
52356,0.0000536,0.0000001,0.0000001
52357,0.0000536,0.0000001,0.0000001
52358,0.0000536,0.0000001,0.0000001
52359,0.0000536,0.0000001,0.0000001
52360,0.0000536,0.0000001,0.0000001
52361,0.0000536,0.0000001,0.0000001
52362,0.0000536,0.0000001,0.0000001
52363,0.0000536,0.0000001,0.0000001
52364,0.0000536,0.0000001,0.0000001
52365,0.0000536,0.0000001,0.0000001
52366,0.0000536,0.0000001,0.0000001
52367,0.0000536,0.0000001,0.0000001
52368,0.0000536,0.0000001,0.0000001
52369,0.0000536,0.0000001,0.0000001
52370,0.0000536,0.0000001,0.0000001
52371,0.0000536,0.0000001,0.0000001
52372,0.0000536,0.0000001,0.0000001
52373,0.0000536,0.0000001,0.0000001
52374,0.0000536,0.0000001,0.0000001
52375,0.0000536,0.0000001,0.0000001
52376,0.0000536,0.0000001,0.0000001
52377,0.0000536,0.0000001,0.0000001
52378,0.0000536,0.0000001,0.0000001
52379,0.0000536,0.0000001,0.0000001
52380,0.0000536,0.0000001,0.0000001
52381,0.0000536,0.0000001,0.0000001
52382,0.0000536,0.0000001,0.0000001
52383,0.0000536,0.0000001,0.0000001
52384,0.0000536,0.0000001,0.0000001
52385,0.0000536,0.0000001,0.0000001
52386,0.0000535,0.0000001,0.0000001
52387,0.0000535,0.0000001,0.0000001
52388,0.0000535,0.0000001,0.0000001
52389,0.0000535,0.0000001,0.0000001
52390,0.0000535,0.0000001,0.0000001
52391,0.0000535,0.0000001,0.0000001
52392,0.0000535,0.0000001,0.0000001
52393,0.0000535,0.0000001,0.0000001
52394,0.0000535,0.0000001,0.0000001
52395,0.0000535,0.0000001,0.0000001
52396,0.0000535,0.0000001,0.0000001
52397,0.0000535,0.0000001,0.0000001
52398,0.0000535,0.0000001,0.0000001
52399,0.0000535,0.0000001,0.0000001
52400,0.0000535,0.0000001,0.0000001
52401,0.0000535,0.0000001,0.0000001
52402,0.0000535,0.0000001,0.0000001
52403,0.0000535,0.0000001,0.0000001
52404,0.0000535,0.0000001,0.0000001
52405,0.0000535,0.0000001,0.0000001
52406,0.0000535,0.0000001,0.0000001
52407,0.0000535,0.0000001,0.0000001
52408,0.0000535,0.0000001,0.0000001
52409,0.0000535,0.0000001,0.0000001
52410,0.0000535,0.0000001,0.0000001
52411,0.0000535,0.0000001,0.0000001
52412,0.0000535,0.0000001,0.0000001
52413,0.0000535,0.0000001,0.0000001
52414,0.0000535,0.0000001,0.0000001
52415,0.0000535,0.0000001,0.0000001
52416,0.0000535,0.0000001,0.0000001
52417,0.0000535,0.0000001,0.0000001
52418,0.0000535,0.0000001,0.0000001
52419,0.0000535,0.0000001,0.0000001
52420,0.0000535,0.0000001,0.0000001
52421,0.0000535,0.0000001,0.0000001
52422,0.0000535,0.0000001,0.0000001
52423,0.0000535,0.0000001,0.0000001
52424,0.0000535,0.0000001,0.0000001
52425,0.0000535,0.0000001,0.0000001
52426,0.0000535,0.0000001,0.0000001
52427,0.0000534,0.0000001,0.0000001
52428,0.0000534,0.0000001,0.0000001
52429,0.0000534,0.0000001,0.0000001
52430,0.0000534,0.0000001,0.0000001
52431,0.0000534,0.0000001,0.0000001
52432,0.0000534,0.0000001,0.0000001
52433,0.0000534,0.0000001,0.0000001
52434,0.0000534,0.0000001,0.0000001
52435,0.0000534,0.0000001,0.0000001
52436,0.0000534,0.0000001,0.0000001
52437,0.0000534,0.0000001,0.0000001
52438,0.0000534,0.0000001,0.0000001
52439,0.0000534,0.0000001,0.0000001
52440,0.0000534,0.0000001,0.0000001
52441,0.0000534,0.0000001,0.0000001
52442,0.0000534,0.0000001,0.0000001
52443,0.0000534,0.0000001,0.0000001
52444,0.0000534,0.0000001,0.0000001
52445,0.0000534,0.0000001,0.0000001
52446,0.0000534,0.0000001,0.0000001
52447,0.0000534,0.0000001,0.0000001
52448,0.0000534,0.0000001,0.0000001
52449,0.0000534,0.0000001,0.0000001
52450,0.0000534,0.0000001,0.0000001
52451,0.0000534,0.0000001,0.0000001
52452,0.0000534,0.0000001,0.0000001
52453,0.0000534,0.0000001,0.0000001
52454,0.0000534,0.0000001,0.0000001
52455,0.0000534,0.0000001,0.0000001
52456,0.0000534,0.0000001,0.0000001
52457,0.0000534,0.0000001,0.0000001
52458,0.0000534,0.0000001,0.0000001
52459,0.0000534,0.0000001,0.0000001
52460,0.0000534,0.0000001,0.0000001
52461,0.0000534,0.0000001,0.0000001
52462,0.0000534,0.0000001,0.0000001
52463,0.0000534,0.0000001,0.0000001
52464,0.0000534,0.0000001,0.0000001
52465,0.0000534,0.0000001,0.0000001
52466,0.0000534,0.0000001,0.0000001
52467,0.0000534,0.0000001,0.0000001
52468,0.0000534,0.0000001,0.0000001
52469,0.0000533,0.0000001,0.0000001
52470,0.0000533,0.0000001,0.0000001
52471,0.0000533,0.0000001,0.0000001
52472,0.0000533,0.0000001,0.0000001
52473,0.0000533,0.0000001,0.0000001
52474,0.0000533,0.0000001,0.0000001
52475,0.0000533,0.0000001,0.0000001
52476,0.0000533,0.0000001,0.0000001
52477,0.0000533,0.0000001,0.0000001
52478,0.0000533,0.0000001,0.0000001
52479,0.0000533,0.0000001,0.0000001
52480,0.0000533,0.0000001,0.0000001
52481,0.0000533,0.0000001,0.0000001
52482,0.0000533,0.0000001,0.0000001
52483,0.0000533,0.0000001,0.0000001
52484,0.0000533,0.0000001,0.0000001
52485,0.0000533,0.0000001,0.0000001
52486,0.0000533,0.0000001,0.0000001
52487,0.0000533,0.0000001,0.0000001
52488,0.0000533,0.0000001,0.0000001
52489,0.0000533,0.0000001,0.0000001
52490,0.0000533,0.0000001,0.0000001
52491,0.0000533,0.0000001,0.0000001
52492,0.0000533,0.0000001,0.0000001
52493,0.0000533,0.0000001,0.0000001
52494,0.0000533,0.0000001,0.0000001
52495,0.0000533,0.0000001,0.0000001
52496,0.0000533,0.0000001,0.0000001
52497,0.0000533,0.0000001,0.0000001
52498,0.0000533,0.0000001,0.0000001
52499,0.0000533,0.0000001,0.0000001
52500,0.0000533,0.0000001,0.0000001
52501,0.0000533,0.0000001,0.0000001
52502,0.0000533,0.0000001,0.0000001
52503,0.0000533,0.0000001,0.0000001
52504,0.0000533,0.0000001,0.0000001
52505,0.0000533,0.0000001,0.0000001
52506,0.0000533,0.0000001,0.0000001
52507,0.0000533,0.0000001,0.0000001
52508,0.0000533,0.0000001,0.0000001
52509,0.0000533,0.0000001,0.0000001
52510,0.0000533,0.0000001,0.0000001
52511,0.0000532,0.0000001,0.0000001
52512,0.0000532,0.0000001,0.0000001
52513,0.0000532,0.0000001,0.0000001
52514,0.0000532,0.0000001,0.0000001
52515,0.0000532,0.0000001,0.0000001
52516,0.0000532,0.0000001,0.0000001
52517,0.0000532,0.0000001,0.0000001
52518,0.0000532,0.0000001,0.0000001
52519,0.0000532,0.0000001,0.0000001
52520,0.0000532,0.0000001,0.0000001
52521,0.0000532,0.0000001,0.0000001
52522,0.0000532,0.0000001,0.0000001
52523,0.0000532,0.0000001,0.0000001
52524,0.0000532,0.0000001,0.0000001
52525,0.0000532,0.0000001,0.0000001
52526,0.0000532,0.0000001,0.0000001
52527,0.0000532,0.0000001,0.0000001
52528,0.0000532,0.0000001,0.0000001
52529,0.0000532,0.0000001,0.0000001
52530,0.0000532,0.0000001,0.0000001
52531,0.0000532,0.0000001,0.0000001
52532,0.0000532,0.0000001,0.0000001
52533,0.0000532,0.0000001,0.0000001
52534,0.0000532,0.0000001,0.0000001
52535,0.0000532,0.0000001,0.0000001
52536,0.0000532,0.0000001,0.0000001
52537,0.0000532,0.0000001,0.0000001
52538,0.0000532,0.0000001,0.0000001
52539,0.0000532,0.0000001,0.0000001
52540,0.0000532,0.0000001,0.0000001
52541,0.0000532,0.0000001,0.0000001
52542,0.0000532,0.0000001,0.0000001
52543,0.0000532,0.0000001,0.0000001
52544,0.0000532,0.0000001,0.0000001
52545,0.0000532,0.0000001,0.0000001
52546,0.0000532,0.0000001,0.0000001
52547,0.0000532,0.0000001,0.0000001
52548,0.0000532,0.0000001,0.0000001
52549,0.0000532,0.0000001,0.0000001
52550,0.0000532,0.0000001,0.0000001
52551,0.0000532,0.0000001,0.0000001
52552,0.0000531,0.0000001,0.0000001
52553,0.0000531,0.0000001,0.0000001
52554,0.0000531,0.0000001,0.0000001
52555,0.0000531,0.0000001,0.0000001
52556,0.0000531,0.0000001,0.0000001
52557,0.0000531,0.0000001,0.0000001
52558,0.0000531,0.0000001,0.0000001
52559,0.0000531,0.0000001,0.0000001
52560,0.0000531,0.0000001,0.0000001
52561,0.0000531,0.0000001,0.0000001
52562,0.0000531,0.0000001,0.0000001
52563,0.0000531,0.0000001,0.0000001
52564,0.0000531,0.0000001,0.0000001
52565,0.0000531,0.0000001,0.0000001
52566,0.0000531,0.0000001,0.0000001
52567,0.0000531,0.0000001,0.0000001
52568,0.0000531,0.0000001,0.0000001
52569,0.0000531,0.0000001,0.0000001
52570,0.0000531,0.0000001,0.0000001
52571,0.0000531,0.0000001,0.0000001
52572,0.0000531,0.0000001,0.0000001
52573,0.0000531,0.0000001,0.0000001
52574,0.0000531,0.0000001,0.0000001
52575,0.0000531,0.0000001,0.0000001
52576,0.0000531,0.0000001,0.0000001
52577,0.0000531,0.0000001,0.0000001
52578,0.0000531,0.0000001,0.0000001
52579,0.0000531,0.0000001,0.0000001
52580,0.0000531,0.0000001,0.0000001
52581,0.0000531,0.0000001,0.0000001
52582,0.0000531,0.0000001,0.0000001
52583,0.0000531,0.0000001,0.0000001
52584,0.0000531,0.0000001,0.0000001
52585,0.0000531,0.0000001,0.0000001
52586,0.0000531,0.0000001,0.0000001
52587,0.0000531,0.0000001,0.0000001
52588,0.0000531,0.0000001,0.0000001
52589,0.0000531,0.0000001,0.0000001
52590,0.0000531,0.0000001,0.0000001
52591,0.0000531,0.0000001,0.0000001
52592,0.0000531,0.0000001,0.0000001
52593,0.0000531,0.0000001,0.0000001
52594,0.0000530,0.0000001,0.0000001
52595,0.0000530,0.0000001,0.0000001
52596,0.0000530,0.0000001,0.0000001
52597,0.0000530,0.0000001,0.0000001
52598,0.0000530,0.0000001,0.0000001
52599,0.0000530,0.0000001,0.0000001
52600,0.0000530,0.0000001,0.0000001
52601,0.0000530,0.0000001,0.0000001
52602,0.0000530,0.0000001,0.0000001
52603,0.0000530,0.0000001,0.0000001
52604,0.0000530,0.0000001,0.0000001
52605,0.0000530,0.0000001,0.0000001
52606,0.0000530,0.0000001,0.0000001
52607,0.0000530,0.0000001,0.0000001
52608,0.0000530,0.0000001,0.0000001
52609,0.0000530,0.0000001,0.0000001
52610,0.0000530,0.0000001,0.0000001
52611,0.0000530,0.0000001,0.0000001
52612,0.0000530,0.0000001,0.0000001
52613,0.0000530,0.0000001,0.0000001
52614,0.0000530,0.0000001,0.0000001
52615,0.0000530,0.0000001,0.0000001
52616,0.0000530,0.0000001,0.0000001
52617,0.0000530,0.0000001,0.0000001
52618,0.0000530,0.0000001,0.0000001
52619,0.0000530,0.0000001,0.0000001
52620,0.0000530,0.0000001,0.0000001
52621,0.0000530,0.0000001,0.0000001
52622,0.0000530,0.0000001,0.0000001
52623,0.0000530,0.0000001,0.0000001
52624,0.0000530,0.0000001,0.0000001
52625,0.0000530,0.0000001,0.0000001
52626,0.0000530,0.0000001,0.0000001
52627,0.0000530,0.0000001,0.0000001
52628,0.0000530,0.0000001,0.0000001
52629,0.0000530,0.0000001,0.0000001
52630,0.0000530,0.0000001,0.0000001
52631,0.0000530,0.0000001,0.0000001
52632,0.0000530,0.0000001,0.0000001
52633,0.0000530,0.0000001,0.0000001
52634,0.0000530,0.0000001,0.0000001
52635,0.0000530,0.0000001,0.0000001
52636,0.0000529,0.0000001,0.0000001
52637,0.0000529,0.0000001,0.0000001
52638,0.0000529,0.0000001,0.0000001
52639,0.0000529,0.0000001,0.0000001
52640,0.0000529,0.0000001,0.0000001
52641,0.0000529,0.0000001,0.0000001
52642,0.0000529,0.0000001,0.0000001
52643,0.0000529,0.0000001,0.0000001
52644,0.0000529,0.0000001,0.0000001
52645,0.0000529,0.0000001,0.0000001
52646,0.0000529,0.0000001,0.0000001
52647,0.0000529,0.0000001,0.0000001
52648,0.0000529,0.0000001,0.0000001
52649,0.0000529,0.0000001,0.0000001
52650,0.0000529,0.0000001,0.0000001
52651,0.0000529,0.0000001,0.0000001
52652,0.0000529,0.0000001,0.0000001
52653,0.0000529,0.0000001,0.0000001
52654,0.0000529,0.0000001,0.0000001
52655,0.0000529,0.0000001,0.0000001
52656,0.0000529,0.0000001,0.0000001
52657,0.0000529,0.0000001,0.0000001
52658,0.0000529,0.0000001,0.0000001
52659,0.0000529,0.0000001,0.0000001
52660,0.0000529,0.0000001,0.0000001
52661,0.0000529,0.0000001,0.0000001
52662,0.0000529,0.0000001,0.0000001
52663,0.0000529,0.0000001,0.0000001
52664,0.0000529,0.0000001,0.0000001
52665,0.0000529,0.0000001,0.0000001
52666,0.0000529,0.0000001,0.0000001
52667,0.0000529,0.0000001,0.0000001
52668,0.0000529,0.0000001,0.0000001
52669,0.0000529,0.0000001,0.0000001
52670,0.0000529,0.0000001,0.0000001
52671,0.0000529,0.0000001,0.0000001
52672,0.0000529,0.0000001,0.0000001
52673,0.0000529,0.0000001,0.0000001
52674,0.0000529,0.0000001,0.0000001
52675,0.0000529,0.0000001,0.0000001
52676,0.0000529,0.0000001,0.0000001
52677,0.0000529,0.0000001,0.0000001
52678,0.0000528,0.0000001,0.0000001
52679,0.0000528,0.0000001,0.0000001
52680,0.0000528,0.0000001,0.0000001
52681,0.0000528,0.0000001,0.0000001
52682,0.0000528,0.0000001,0.0000001
52683,0.0000528,0.0000001,0.0000001
52684,0.0000528,0.0000001,0.0000001
52685,0.0000528,0.0000001,0.0000001
52686,0.0000528,0.0000001,0.0000001
52687,0.0000528,0.0000001,0.0000001
52688,0.0000528,0.0000001,0.0000001
52689,0.0000528,0.0000001,0.0000001
52690,0.0000528,0.0000001,0.0000001
52691,0.0000528,0.0000001,0.0000001
52692,0.0000528,0.0000001,0.0000001
52693,0.0000528,0.0000001,0.0000001
52694,0.0000528,0.0000001,0.0000001
52695,0.0000528,0.0000001,0.0000001
52696,0.0000528,0.0000001,0.0000001
52697,0.0000528,0.0000001,0.0000001
52698,0.0000528,0.0000001,0.0000001
52699,0.0000528,0.0000001,0.0000001
52700,0.0000528,0.0000001,0.0000001
52701,0.0000528,0.0000001,0.0000001
52702,0.0000528,0.0000001,0.0000001
52703,0.0000528,0.0000001,0.0000001
52704,0.0000528,0.0000001,0.0000001
52705,0.0000528,0.0000001,0.0000001
52706,0.0000528,0.0000001,0.0000001
52707,0.0000528,0.0000001,0.0000001
52708,0.0000528,0.0000001,0.0000001
52709,0.0000528,0.0000001,0.0000001
52710,0.0000528,0.0000001,0.0000001
52711,0.0000528,0.0000001,0.0000001
52712,0.0000528,0.0000001,0.0000001
52713,0.0000528,0.0000001,0.0000001
52714,0.0000528,0.0000001,0.0000001
52715,0.0000528,0.0000001,0.0000001
52716,0.0000528,0.0000001,0.0000001
52717,0.0000528,0.0000001,0.0000001
52718,0.0000528,0.0000001,0.0000001
52719,0.0000528,0.0000001,0.0000001
52720,0.0000528,0.0000001,0.0000001
52721,0.0000527,0.0000001,0.0000001
52722,0.0000527,0.0000001,0.0000001
52723,0.0000527,0.0000001,0.0000001
52724,0.0000527,0.0000001,0.0000001
52725,0.0000527,0.0000001,0.0000001
52726,0.0000527,0.0000001,0.0000001
52727,0.0000527,0.0000001,0.0000001
52728,0.0000527,0.0000001,0.0000001
52729,0.0000527,0.0000001,0.0000001
52730,0.0000527,0.0000001,0.0000001
52731,0.0000527,0.0000001,0.0000001
52732,0.0000527,0.0000001,0.0000001
52733,0.0000527,0.0000001,0.0000001
52734,0.0000527,0.0000001,0.0000001
52735,0.0000527,0.0000001,0.0000001
52736,0.0000527,0.0000001,0.0000001
52737,0.0000527,0.0000001,0.0000001
52738,0.0000527,0.0000001,0.0000001
52739,0.0000527,0.0000001,0.0000001
52740,0.0000527,0.0000001,0.0000001
52741,0.0000527,0.0000001,0.0000001
52742,0.0000527,0.0000001,0.0000001
52743,0.0000527,0.0000001,0.0000001
52744,0.0000527,0.0000001,0.0000001
52745,0.0000527,0.0000001,0.0000001
52746,0.0000527,0.0000001,0.0000001
52747,0.0000527,0.0000001,0.0000001
52748,0.0000527,0.0000001,0.0000001
52749,0.0000527,0.0000001,0.0000001
52750,0.0000527,0.0000001,0.0000001
52751,0.0000527,0.0000001,0.0000001
52752,0.0000527,0.0000001,0.0000001
52753,0.0000527,0.0000001,0.0000001
52754,0.0000527,0.0000001,0.0000001
52755,0.0000527,0.0000001,0.0000001
52756,0.0000527,0.0000001,0.0000001
52757,0.0000527,0.0000001,0.0000001
52758,0.0000527,0.0000001,0.0000001
52759,0.0000527,0.0000001,0.0000001
52760,0.0000527,0.0000001,0.0000001
52761,0.0000527,0.0000001,0.0000001
52762,0.0000527,0.0000001,0.0000001
52763,0.0000526,0.0000001,0.0000001
52764,0.0000526,0.0000001,0.0000001
52765,0.0000526,0.0000001,0.0000001
52766,0.0000526,0.0000001,0.0000001
52767,0.0000526,0.0000001,0.0000001
52768,0.0000526,0.0000001,0.0000001
52769,0.0000526,0.0000001,0.0000001
52770,0.0000526,0.0000001,0.0000001
52771,0.0000526,0.0000001,0.0000001
52772,0.0000526,0.0000001,0.0000001
52773,0.0000526,0.0000001,0.0000001
52774,0.0000526,0.0000001,0.0000001
52775,0.0000526,0.0000001,0.0000001
52776,0.0000526,0.0000001,0.0000001
52777,0.0000526,0.0000001,0.0000001
52778,0.0000526,0.0000001,0.0000001
52779,0.0000526,0.0000001,0.0000001
52780,0.0000526,0.0000001,0.0000001
52781,0.0000526,0.0000001,0.0000001
52782,0.0000526,0.0000001,0.0000001
52783,0.0000526,0.0000001,0.0000001
52784,0.0000526,0.0000001,0.0000001
52785,0.0000526,0.0000001,0.0000001
52786,0.0000526,0.0000001,0.0000001
52787,0.0000526,0.0000001,0.0000001
52788,0.0000526,0.0000001,0.0000001
52789,0.0000526,0.0000001,0.0000001
52790,0.0000526,0.0000001,0.0000001
52791,0.0000526,0.0000001,0.0000001
52792,0.0000526,0.0000001,0.0000001
52793,0.0000526,0.0000001,0.0000001
52794,0.0000526,0.0000001,0.0000001
52795,0.0000526,0.0000001,0.0000001
52796,0.0000526,0.0000001,0.0000001
52797,0.0000526,0.0000001,0.0000001
52798,0.0000526,0.0000001,0.0000001
52799,0.0000526,0.0000001,0.0000001
52800,0.0000526,0.0000001,0.0000001
52801,0.0000526,0.0000001,0.0000001
52802,0.0000526,0.0000001,0.0000001
52803,0.0000526,0.0000001,0.0000001
52804,0.0000526,0.0000001,0.0000001
52805,0.0000526,0.0000001,0.0000001
52806,0.0000525,0.0000001,0.0000001
52807,0.0000525,0.0000001,0.0000001
52808,0.0000525,0.0000001,0.0000001
52809,0.0000525,0.0000001,0.0000001
52810,0.0000525,0.0000001,0.0000001
52811,0.0000525,0.0000001,0.0000001
52812,0.0000525,0.0000001,0.0000001
52813,0.0000525,0.0000001,0.0000001
52814,0.0000525,0.0000001,0.0000001
52815,0.0000525,0.0000001,0.0000001
52816,0.0000525,0.0000001,0.0000001
52817,0.0000525,0.0000001,0.0000001
52818,0.0000525,0.0000001,0.0000001
52819,0.0000525,0.0000001,0.0000001
52820,0.0000525,0.0000001,0.0000001
52821,0.0000525,0.0000001,0.0000001
52822,0.0000525,0.0000001,0.0000001
52823,0.0000525,0.0000001,0.0000001
52824,0.0000525,0.0000001,0.0000001
52825,0.0000525,0.0000001,0.0000001
52826,0.0000525,0.0000001,0.0000001
52827,0.0000525,0.0000001,0.0000001
52828,0.0000525,0.0000001,0.0000001
52829,0.0000525,0.0000001,0.0000001
52830,0.0000525,0.0000001,0.0000001
52831,0.0000525,0.0000001,0.0000001
52832,0.0000525,0.0000001,0.0000001
52833,0.0000525,0.0000001,0.0000001
52834,0.0000525,0.0000001,0.0000001
52835,0.0000525,0.0000001,0.0000001
52836,0.0000525,0.0000001,0.0000001
52837,0.0000525,0.0000001,0.0000001
52838,0.0000525,0.0000001,0.0000001
52839,0.0000525,0.0000001,0.0000001
52840,0.0000525,0.0000001,0.0000001
52841,0.0000525,0.0000001,0.0000001
52842,0.0000525,0.0000001,0.0000001
52843,0.0000525,0.0000001,0.0000001
52844,0.0000525,0.0000001,0.0000001
52845,0.0000525,0.0000001,0.0000001
52846,0.0000525,0.0000001,0.0000001
52847,0.0000525,0.0000001,0.0000001
52848,0.0000524,0.0000001,0.0000001
52849,0.0000524,0.0000001,0.0000001
52850,0.0000524,0.0000001,0.0000001
52851,0.0000524,0.0000001,0.0000001
52852,0.0000524,0.0000001,0.0000001
52853,0.0000524,0.0000001,0.0000001
52854,0.0000524,0.0000001,0.0000001
52855,0.0000524,0.0000001,0.0000001
52856,0.0000524,0.0000001,0.0000001
52857,0.0000524,0.0000001,0.0000001
52858,0.0000524,0.0000001,0.0000001
52859,0.0000524,0.0000001,0.0000001
52860,0.0000524,0.0000001,0.0000001
52861,0.0000524,0.0000001,0.0000001
52862,0.0000524,0.0000001,0.0000001
52863,0.0000524,0.0000001,0.0000001
52864,0.0000524,0.0000001,0.0000001
52865,0.0000524,0.0000001,0.0000001
52866,0.0000524,0.0000001,0.0000001
52867,0.0000524,0.0000001,0.0000001
52868,0.0000524,0.0000001,0.0000001
52869,0.0000524,0.0000001,0.0000001
52870,0.0000524,0.0000001,0.0000001
52871,0.0000524,0.0000001,0.0000001
52872,0.0000524,0.0000001,0.0000001
52873,0.0000524,0.0000001,0.0000001
52874,0.0000524,0.0000001,0.0000001
52875,0.0000524,0.0000001,0.0000001
52876,0.0000524,0.0000001,0.0000001
52877,0.0000524,0.0000001,0.0000001
52878,0.0000524,0.0000001,0.0000001
52879,0.0000524,0.0000001,0.0000001
52880,0.0000524,0.0000001,0.0000001
52881,0.0000524,0.0000001,0.0000001
52882,0.0000524,0.0000001,0.0000001
52883,0.0000524,0.0000001,0.0000001
52884,0.0000524,0.0000001,0.0000001
52885,0.0000524,0.0000001,0.0000001
52886,0.0000524,0.0000001,0.0000001
52887,0.0000524,0.0000001,0.0000001
52888,0.0000524,0.0000001,0.0000001
52889,0.0000524,0.0000001,0.0000001
52890,0.0000524,0.0000001,0.0000001
52891,0.0000523,0.0000001,0.0000001
52892,0.0000523,0.0000001,0.0000001
52893,0.0000523,0.0000001,0.0000001
52894,0.0000523,0.0000001,0.0000001
52895,0.0000523,0.0000001,0.0000001
52896,0.0000523,0.0000001,0.0000001
52897,0.0000523,0.0000001,0.0000001
52898,0.0000523,0.0000001,0.0000001
52899,0.0000523,0.0000001,0.0000001
52900,0.0000523,0.0000001,0.0000001
52901,0.0000523,0.0000001,0.0000001
52902,0.0000523,0.0000001,0.0000001
52903,0.0000523,0.0000001,0.0000001
52904,0.0000523,0.0000001,0.0000001
52905,0.0000523,0.0000001,0.0000001
52906,0.0000523,0.0000001,0.0000001
52907,0.0000523,0.0000001,0.0000001
52908,0.0000523,0.0000001,0.0000001
52909,0.0000523,0.0000001,0.0000001
52910,0.0000523,0.0000001,0.0000001
52911,0.0000523,0.0000001,0.0000001
52912,0.0000523,0.0000001,0.0000001
52913,0.0000523,0.0000001,0.0000001
52914,0.0000523,0.0000001,0.0000001
52915,0.0000523,0.0000001,0.0000001
52916,0.0000523,0.0000001,0.0000001
52917,0.0000523,0.0000001,0.0000001
52918,0.0000523,0.0000001,0.0000001
52919,0.0000523,0.0000001,0.0000001
52920,0.0000523,0.0000001,0.0000001
52921,0.0000523,0.0000001,0.0000001
52922,0.0000523,0.0000001,0.0000001
52923,0.0000523,0.0000001,0.0000001
52924,0.0000523,0.0000001,0.0000001
52925,0.0000523,0.0000001,0.0000001
52926,0.0000523,0.0000001,0.0000001
52927,0.0000523,0.0000001,0.0000001
52928,0.0000523,0.0000001,0.0000001
52929,0.0000523,0.0000001,0.0000001
52930,0.0000523,0.0000001,0.0000001
52931,0.0000523,0.0000001,0.0000001
52932,0.0000523,0.0000001,0.0000001
52933,0.0000523,0.0000001,0.0000001
52934,0.0000522,0.0000001,0.0000001
52935,0.0000522,0.0000001,0.0000001
52936,0.0000522,0.0000001,0.0000001
52937,0.0000522,0.0000001,0.0000001
52938,0.0000522,0.0000001,0.0000001
52939,0.0000522,0.0000001,0.0000001
52940,0.0000522,0.0000001,0.0000001
52941,0.0000522,0.0000001,0.0000001
52942,0.0000522,0.0000001,0.0000001
52943,0.0000522,0.0000001,0.0000001
52944,0.0000522,0.0000001,0.0000001
52945,0.0000522,0.0000001,0.0000001
52946,0.0000522,0.0000001,0.0000001
52947,0.0000522,0.0000001,0.0000001
52948,0.0000522,0.0000001,0.0000001
52949,0.0000522,0.0000001,0.0000001
52950,0.0000522,0.0000001,0.0000001
52951,0.0000522,0.0000001,0.0000001
52952,0.0000522,0.0000001,0.0000001
52953,0.0000522,0.0000001,0.0000001
52954,0.0000522,0.0000001,0.0000001
52955,0.0000522,0.0000001,0.0000001
52956,0.0000522,0.0000001,0.0000001
52957,0.0000522,0.0000001,0.0000001
52958,0.0000522,0.0000001,0.0000001
52959,0.0000522,0.0000001,0.0000001
52960,0.0000522,0.0000001,0.0000001
52961,0.0000522,0.0000001,0.0000001
52962,0.0000522,0.0000001,0.0000001
52963,0.0000522,0.0000001,0.0000001
52964,0.0000522,0.0000001,0.0000001
52965,0.0000522,0.0000001,0.0000001
52966,0.0000522,0.0000001,0.0000001
52967,0.0000522,0.0000001,0.0000001
52968,0.0000522,0.0000001,0.0000001
52969,0.0000522,0.0000001,0.0000001
52970,0.0000522,0.0000001,0.0000001
52971,0.0000522,0.0000001,0.0000001
52972,0.0000522,0.0000001,0.0000001
52973,0.0000522,0.0000001,0.0000001
52974,0.0000522,0.0000001,0.0000001
52975,0.0000522,0.0000001,0.0000001
52976,0.0000522,0.0000001,0.0000001
52977,0.0000521,0.0000001,0.0000001
52978,0.0000521,0.0000001,0.0000001
52979,0.0000521,0.0000001,0.0000001
52980,0.0000521,0.0000001,0.0000001
52981,0.0000521,0.0000001,0.0000001
52982,0.0000521,0.0000001,0.0000001
52983,0.0000521,0.0000001,0.0000001
52984,0.0000521,0.0000001,0.0000001
52985,0.0000521,0.0000001,0.0000001
52986,0.0000521,0.0000001,0.0000001
52987,0.0000521,0.0000001,0.0000001
52988,0.0000521,0.0000001,0.0000001
52989,0.0000521,0.0000001,0.0000001
52990,0.0000521,0.0000001,0.0000001
52991,0.0000521,0.0000001,0.0000001
52992,0.0000521,0.0000001,0.0000001
52993,0.0000521,0.0000001,0.0000001
52994,0.0000521,0.0000001,0.0000001
52995,0.0000521,0.0000001,0.0000001
52996,0.0000521,0.0000001,0.0000001
52997,0.0000521,0.0000001,0.0000001
52998,0.0000521,0.0000001,0.0000001
52999,0.0000521,0.0000001,0.0000001
53000,0.0000521,0.0000001,0.0000001
53001,0.0000521,0.0000001,0.0000001
53002,0.0000521,0.0000001,0.0000001
53003,0.0000521,0.0000001,0.0000001
53004,0.0000521,0.0000001,0.0000001
53005,0.0000521,0.0000001,0.0000001
53006,0.0000521,0.0000001,0.0000001
53007,0.0000521,0.0000001,0.0000001
53008,0.0000521,0.0000001,0.0000001
53009,0.0000521,0.0000001,0.0000001
53010,0.0000521,0.0000001,0.0000001
53011,0.0000521,0.0000001,0.0000001
53012,0.0000521,0.0000001,0.0000001
53013,0.0000521,0.0000001,0.0000001
53014,0.0000521,0.0000001,0.0000001
53015,0.0000521,0.0000001,0.0000001
53016,0.0000521,0.0000001,0.0000001
53017,0.0000521,0.0000001,0.0000001
53018,0.0000521,0.0000001,0.0000001
53019,0.0000521,0.0000001,0.0000001
53020,0.0000520,0.0000001,0.0000001
53021,0.0000520,0.0000001,0.0000001
53022,0.0000520,0.0000001,0.0000001
53023,0.0000520,0.0000001,0.0000001
53024,0.0000520,0.0000001,0.0000001
53025,0.0000520,0.0000001,0.0000001
53026,0.0000520,0.0000001,0.0000001
53027,0.0000520,0.0000001,0.0000001
53028,0.0000520,0.0000001,0.0000001
53029,0.0000520,0.0000001,0.0000001
53030,0.0000520,0.0000001,0.0000001
53031,0.0000520,0.0000001,0.0000001
53032,0.0000520,0.0000001,0.0000001
53033,0.0000520,0.0000001,0.0000001
53034,0.0000520,0.0000001,0.0000001
53035,0.0000520,0.0000001,0.0000001
53036,0.0000520,0.0000001,0.0000001
53037,0.0000520,0.0000001,0.0000001
53038,0.0000520,0.0000001,0.0000001
53039,0.0000520,0.0000001,0.0000001
53040,0.0000520,0.0000001,0.0000001
53041,0.0000520,0.0000001,0.0000001
53042,0.0000520,0.0000001,0.0000001
53043,0.0000520,0.0000001,0.0000001
53044,0.0000520,0.0000001,0.0000001
53045,0.0000520,0.0000001,0.0000001
53046,0.0000520,0.0000001,0.0000001
53047,0.0000520,0.0000001,0.0000001
53048,0.0000520,0.0000001,0.0000001
53049,0.0000520,0.0000001,0.0000001
53050,0.0000520,0.0000001,0.0000001
53051,0.0000520,0.0000001,0.0000001
53052,0.0000520,0.0000001,0.0000001
53053,0.0000520,0.0000001,0.0000001
53054,0.0000520,0.0000001,0.0000001
53055,0.0000520,0.0000001,0.0000001
53056,0.0000520,0.0000001,0.0000001
53057,0.0000520,0.0000001,0.0000001
53058,0.0000520,0.0000001,0.0000001
53059,0.0000520,0.0000001,0.0000001
53060,0.0000520,0.0000001,0.0000001
53061,0.0000520,0.0000001,0.0000001
53062,0.0000520,0.0000001,0.0000001
53063,0.0000520,0.0000001,0.0000001
53064,0.0000519,0.0000001,0.0000001
53065,0.0000519,0.0000001,0.0000001
53066,0.0000519,0.0000001,0.0000001
53067,0.0000519,0.0000001,0.0000001
53068,0.0000519,0.0000001,0.0000001
53069,0.0000519,0.0000001,0.0000001
53070,0.0000519,0.0000001,0.0000001
53071,0.0000519,0.0000001,0.0000001
53072,0.0000519,0.0000001,0.0000001
53073,0.0000519,0.0000001,0.0000001
53074,0.0000519,0.0000001,0.0000001
53075,0.0000519,0.0000001,0.0000001
53076,0.0000519,0.0000001,0.0000001
53077,0.0000519,0.0000001,0.0000001
53078,0.0000519,0.0000001,0.0000001
53079,0.0000519,0.0000001,0.0000001
53080,0.0000519,0.0000001,0.0000001
53081,0.0000519,0.0000001,0.0000001
53082,0.0000519,0.0000001,0.0000001
53083,0.0000519,0.0000001,0.0000001
53084,0.0000519,0.0000001,0.0000001
53085,0.0000519,0.0000001,0.0000001
53086,0.0000519,0.0000001,0.0000001
53087,0.0000519,0.0000001,0.0000001
53088,0.0000519,0.0000001,0.0000001
53089,0.0000519,0.0000001,0.0000001
53090,0.0000519,0.0000001,0.0000001
53091,0.0000519,0.0000001,0.0000001
53092,0.0000519,0.0000001,0.0000001
53093,0.0000519,0.0000001,0.0000001
53094,0.0000519,0.0000001,0.0000001
53095,0.0000519,0.0000001,0.0000001
53096,0.0000519,0.0000001,0.0000001
53097,0.0000519,0.0000001,0.0000001
53098,0.0000519,0.0000001,0.0000001
53099,0.0000519,0.0000001,0.0000001
53100,0.0000519,0.0000001,0.0000001
53101,0.0000519,0.0000001,0.0000001
53102,0.0000519,0.0000001,0.0000001
53103,0.0000519,0.0000001,0.0000001
53104,0.0000519,0.0000001,0.0000001
53105,0.0000519,0.0000001,0.0000001
53106,0.0000519,0.0000001,0.0000001
53107,0.0000518,0.0000001,0.0000001
53108,0.0000518,0.0000001,0.0000001
53109,0.0000518,0.0000001,0.0000001
53110,0.0000518,0.0000001,0.0000001
53111,0.0000518,0.0000001,0.0000001
53112,0.0000518,0.0000001,0.0000001
53113,0.0000518,0.0000001,0.0000001
53114,0.0000518,0.0000001,0.0000001
53115,0.0000518,0.0000001,0.0000001
53116,0.0000518,0.0000001,0.0000001
53117,0.0000518,0.0000001,0.0000001
53118,0.0000518,0.0000001,0.0000001
53119,0.0000518,0.0000001,0.0000001
53120,0.0000518,0.0000001,0.0000001
53121,0.0000518,0.0000001,0.0000001
53122,0.0000518,0.0000001,0.0000001
53123,0.0000518,0.0000001,0.0000001
53124,0.0000518,0.0000001,0.0000001
53125,0.0000518,0.0000001,0.0000001
53126,0.0000518,0.0000001,0.0000001
53127,0.0000518,0.0000001,0.0000001
53128,0.0000518,0.0000001,0.0000001
53129,0.0000518,0.0000001,0.0000001
53130,0.0000518,0.0000001,0.0000001
53131,0.0000518,0.0000001,0.0000001
53132,0.0000518,0.0000001,0.0000001
53133,0.0000518,0.0000001,0.0000001
53134,0.0000518,0.0000001,0.0000001
53135,0.0000518,0.0000001,0.0000001
53136,0.0000518,0.0000001,0.0000001
53137,0.0000518,0.0000001,0.0000001
53138,0.0000518,0.0000001,0.0000001
53139,0.0000518,0.0000001,0.0000001
53140,0.0000518,0.0000001,0.0000001
53141,0.0000518,0.0000001,0.0000001
53142,0.0000518,0.0000001,0.0000001
53143,0.0000518,0.0000001,0.0000001
53144,0.0000518,0.0000001,0.0000001
53145,0.0000518,0.0000001,0.0000001
53146,0.0000518,0.0000001,0.0000001
53147,0.0000518,0.0000001,0.0000001
53148,0.0000518,0.0000001,0.0000001
53149,0.0000518,0.0000001,0.0000001
53150,0.0000518,0.0000001,0.0000001
53151,0.0000517,0.0000001,0.0000001
53152,0.0000517,0.0000001,0.0000001
53153,0.0000517,0.0000001,0.0000001
53154,0.0000517,0.0000001,0.0000001
53155,0.0000517,0.0000001,0.0000001
53156,0.0000517,0.0000001,0.0000001
53157,0.0000517,0.0000001,0.0000001
53158,0.0000517,0.0000001,0.0000001
53159,0.0000517,0.0000001,0.0000001
53160,0.0000517,0.0000001,0.0000001
53161,0.0000517,0.0000001,0.0000001
53162,0.0000517,0.0000001,0.0000001
53163,0.0000517,0.0000001,0.0000001
53164,0.0000517,0.0000001,0.0000001
53165,0.0000517,0.0000001,0.0000001
53166,0.0000517,0.0000001,0.0000001
53167,0.0000517,0.0000001,0.0000001
53168,0.0000517,0.0000001,0.0000001
53169,0.0000517,0.0000001,0.0000001
53170,0.0000517,0.0000001,0.0000001
53171,0.0000517,0.0000001,0.0000001
53172,0.0000517,0.0000001,0.0000001
53173,0.0000517,0.0000001,0.0000001
53174,0.0000517,0.0000001,0.0000001
53175,0.0000517,0.0000001,0.0000001
53176,0.0000517,0.0000001,0.0000001
53177,0.0000517,0.0000001,0.0000001
53178,0.0000517,0.0000001,0.0000001
53179,0.0000517,0.0000001,0.0000001
53180,0.0000517,0.0000001,0.0000001
53181,0.0000517,0.0000001,0.0000001
53182,0.0000517,0.0000001,0.0000001
53183,0.0000517,0.0000001,0.0000001
53184,0.0000517,0.0000001,0.0000001
53185,0.0000517,0.0000001,0.0000001
53186,0.0000517,0.0000001,0.0000001
53187,0.0000517,0.0000001,0.0000001
53188,0.0000517,0.0000001,0.0000001
53189,0.0000517,0.0000001,0.0000001
53190,0.0000517,0.0000001,0.0000001
53191,0.0000517,0.0000001,0.0000001
53192,0.0000517,0.0000001,0.0000001
53193,0.0000517,0.0000001,0.0000001
53194,0.0000516,0.0000001,0.0000001
53195,0.0000516,0.0000001,0.0000001
53196,0.0000516,0.0000001,0.0000001
53197,0.0000516,0.0000001,0.0000001
53198,0.0000516,0.0000001,0.0000001
53199,0.0000516,0.0000001,0.0000001
53200,0.0000516,0.0000001,0.0000001
53201,0.0000516,0.0000001,0.0000001
53202,0.0000516,0.0000001,0.0000001
53203,0.0000516,0.0000001,0.0000001
53204,0.0000516,0.0000001,0.0000001
53205,0.0000516,0.0000001,0.0000001
53206,0.0000516,0.0000001,0.0000001
53207,0.0000516,0.0000001,0.0000001
53208,0.0000516,0.0000001,0.0000001
53209,0.0000516,0.0000001,0.0000001
53210,0.0000516,0.0000001,0.0000001
53211,0.0000516,0.0000001,0.0000001
53212,0.0000516,0.0000001,0.0000001
53213,0.0000516,0.0000001,0.0000001
53214,0.0000516,0.0000001,0.0000001
53215,0.0000516,0.0000001,0.0000001
53216,0.0000516,0.0000001,0.0000001
53217,0.0000516,0.0000001,0.0000001
53218,0.0000516,0.0000001,0.0000001
53219,0.0000516,0.0000001,0.0000001
53220,0.0000516,0.0000001,0.0000001
53221,0.0000516,0.0000001,0.0000001
53222,0.0000516,0.0000001,0.0000001
53223,0.0000516,0.0000001,0.0000001
53224,0.0000516,0.0000001,0.0000001
53225,0.0000516,0.0000001,0.0000001
53226,0.0000516,0.0000001,0.0000001
53227,0.0000516,0.0000001,0.0000001
53228,0.0000516,0.0000001,0.0000001
53229,0.0000516,0.0000001,0.0000001
53230,0.0000516,0.0000001,0.0000001
53231,0.0000516,0.0000001,0.0000001
53232,0.0000516,0.0000001,0.0000001
53233,0.0000516,0.0000001,0.0000001
53234,0.0000516,0.0000001,0.0000001
53235,0.0000516,0.0000001,0.0000001
53236,0.0000516,0.0000001,0.0000001
53237,0.0000516,0.0000001,0.0000001
53238,0.0000515,0.0000001,0.0000001
53239,0.0000515,0.0000001,0.0000001
53240,0.0000515,0.0000001,0.0000001
53241,0.0000515,0.0000001,0.0000001
53242,0.0000515,0.0000001,0.0000001
53243,0.0000515,0.0000001,0.0000001
53244,0.0000515,0.0000001,0.0000001
53245,0.0000515,0.0000001,0.0000001
53246,0.0000515,0.0000001,0.0000001
53247,0.0000515,0.0000001,0.0000001
53248,0.0000515,0.0000001,0.0000001
53249,0.0000515,0.0000001,0.0000001
53250,0.0000515,0.0000001,0.0000001
53251,0.0000515,0.0000001,0.0000001
53252,0.0000515,0.0000001,0.0000001
53253,0.0000515,0.0000001,0.0000001
53254,0.0000515,0.0000001,0.0000001
53255,0.0000515,0.0000001,0.0000001
53256,0.0000515,0.0000001,0.0000001
53257,0.0000515,0.0000001,0.0000001
53258,0.0000515,0.0000001,0.0000001
53259,0.0000515,0.0000001,0.0000001
53260,0.0000515,0.0000001,0.0000001
53261,0.0000515,0.0000001,0.0000001
53262,0.0000515,0.0000001,0.0000001
53263,0.0000515,0.0000001,0.0000001
53264,0.0000515,0.0000001,0.0000001
53265,0.0000515,0.0000001,0.0000001
53266,0.0000515,0.0000001,0.0000001
53267,0.0000515,0.0000001,0.0000001
53268,0.0000515,0.0000001,0.0000001
53269,0.0000515,0.0000001,0.0000001
53270,0.0000515,0.0000001,0.0000001
53271,0.0000515,0.0000001,0.0000001
53272,0.0000515,0.0000001,0.0000001
53273,0.0000515,0.0000001,0.0000001
53274,0.0000515,0.0000001,0.0000001
53275,0.0000515,0.0000001,0.0000001
53276,0.0000515,0.0000001,0.0000001
53277,0.0000515,0.0000001,0.0000001
53278,0.0000515,0.0000001,0.0000001
53279,0.0000515,0.0000001,0.0000001
53280,0.0000515,0.0000001,0.0000001
53281,0.0000515,0.0000001,0.0000001
53282,0.0000514,0.0000001,0.0000001
53283,0.0000514,0.0000001,0.0000001
53284,0.0000514,0.0000001,0.0000001
53285,0.0000514,0.0000001,0.0000001
53286,0.0000514,0.0000001,0.0000001
53287,0.0000514,0.0000001,0.0000001
53288,0.0000514,0.0000001,0.0000001
53289,0.0000514,0.0000001,0.0000001
53290,0.0000514,0.0000001,0.0000001
53291,0.0000514,0.0000001,0.0000001
53292,0.0000514,0.0000001,0.0000001
53293,0.0000514,0.0000001,0.0000001
53294,0.0000514,0.0000001,0.0000001
53295,0.0000514,0.0000001,0.0000001
53296,0.0000514,0.0000001,0.0000001
53297,0.0000514,0.0000001,0.0000001
53298,0.0000514,0.0000001,0.0000001
53299,0.0000514,0.0000001,0.0000001
53300,0.0000514,0.0000001,0.0000001
53301,0.0000514,0.0000001,0.0000001
53302,0.0000514,0.0000001,0.0000001
53303,0.0000514,0.0000001,0.0000001
53304,0.0000514,0.0000001,0.0000001
53305,0.0000514,0.0000001,0.0000001
53306,0.0000514,0.0000001,0.0000001
53307,0.0000514,0.0000001,0.0000001
53308,0.0000514,0.0000001,0.0000001
53309,0.0000514,0.0000001,0.0000001
53310,0.0000514,0.0000001,0.0000001
53311,0.0000514,0.0000001,0.0000001
53312,0.0000514,0.0000001,0.0000001
53313,0.0000514,0.0000001,0.0000001
53314,0.0000514,0.0000001,0.0000001
53315,0.0000514,0.0000001,0.0000001
53316,0.0000514,0.0000001,0.0000001
53317,0.0000514,0.0000001,0.0000001
53318,0.0000514,0.0000001,0.0000001
53319,0.0000514,0.0000001,0.0000001
53320,0.0000514,0.0000001,0.0000001
53321,0.0000514,0.0000001,0.0000001
53322,0.0000514,0.0000001,0.0000001
53323,0.0000514,0.0000001,0.0000001
53324,0.0000514,0.0000001,0.0000001
53325,0.0000514,0.0000001,0.0000001
53326,0.0000513,0.0000001,0.0000001
53327,0.0000513,0.0000001,0.0000001
53328,0.0000513,0.0000001,0.0000001
53329,0.0000513,0.0000001,0.0000001
53330,0.0000513,0.0000001,0.0000001
53331,0.0000513,0.0000001,0.0000001
53332,0.0000513,0.0000001,0.0000001
53333,0.0000513,0.0000001,0.0000001
53334,0.0000513,0.0000001,0.0000001
53335,0.0000513,0.0000001,0.0000001
53336,0.0000513,0.0000001,0.0000001
53337,0.0000513,0.0000001,0.0000001
53338,0.0000513,0.0000001,0.0000001
53339,0.0000513,0.0000001,0.0000001
53340,0.0000513,0.0000001,0.0000001
53341,0.0000513,0.0000001,0.0000001
53342,0.0000513,0.0000001,0.0000001
53343,0.0000513,0.0000001,0.0000001
53344,0.0000513,0.0000001,0.0000001
53345,0.0000513,0.0000001,0.0000001
53346,0.0000513,0.0000001,0.0000001
53347,0.0000513,0.0000001,0.0000001
53348,0.0000513,0.0000001,0.0000001
53349,0.0000513,0.0000001,0.0000001
53350,0.0000513,0.0000001,0.0000001
53351,0.0000513,0.0000001,0.0000001
53352,0.0000513,0.0000001,0.0000001
53353,0.0000513,0.0000001,0.0000001
53354,0.0000513,0.0000001,0.0000001
53355,0.0000513,0.0000001,0.0000001
53356,0.0000513,0.0000001,0.0000001
53357,0.0000513,0.0000001,0.0000001
53358,0.0000513,0.0000001,0.0000001
53359,0.0000513,0.0000001,0.0000001
53360,0.0000513,0.0000001,0.0000001
53361,0.0000513,0.0000001,0.0000001
53362,0.0000513,0.0000001,0.0000001
53363,0.0000513,0.0000001,0.0000001
53364,0.0000513,0.0000001,0.0000001
53365,0.0000513,0.0000001,0.0000001
53366,0.0000513,0.0000001,0.0000001
53367,0.0000513,0.0000001,0.0000001
53368,0.0000513,0.0000001,0.0000001
53369,0.0000513,0.0000001,0.0000001
53370,0.0000512,0.0000001,0.0000001
53371,0.0000512,0.0000001,0.0000001
53372,0.0000512,0.0000001,0.0000001
53373,0.0000512,0.0000001,0.0000001
53374,0.0000512,0.0000001,0.0000001
53375,0.0000512,0.0000001,0.0000001
53376,0.0000512,0.0000001,0.0000001
53377,0.0000512,0.0000001,0.0000001
53378,0.0000512,0.0000001,0.0000001
53379,0.0000512,0.0000001,0.0000001
53380,0.0000512,0.0000001,0.0000001
53381,0.0000512,0.0000001,0.0000001
53382,0.0000512,0.0000001,0.0000001
53383,0.0000512,0.0000001,0.0000001
53384,0.0000512,0.0000001,0.0000001
53385,0.0000512,0.0000001,0.0000001
53386,0.0000512,0.0000001,0.0000001
53387,0.0000512,0.0000001,0.0000001
53388,0.0000512,0.0000001,0.0000001
53389,0.0000512,0.0000001,0.0000001
53390,0.0000512,0.0000001,0.0000001
53391,0.0000512,0.0000001,0.0000001
53392,0.0000512,0.0000001,0.0000001
53393,0.0000512,0.0000001,0.0000001
53394,0.0000512,0.0000001,0.0000001
53395,0.0000512,0.0000001,0.0000001
53396,0.0000512,0.0000001,0.0000001
53397,0.0000512,0.0000001,0.0000001
53398,0.0000512,0.0000001,0.0000001
53399,0.0000512,0.0000001,0.0000001
53400,0.0000512,0.0000001,0.0000001
53401,0.0000512,0.0000001,0.0000001
53402,0.0000512,0.0000001,0.0000001
53403,0.0000512,0.0000001,0.0000001
53404,0.0000512,0.0000001,0.0000001
53405,0.0000512,0.0000001,0.0000001
53406,0.0000512,0.0000001,0.0000001
53407,0.0000512,0.0000001,0.0000001
53408,0.0000512,0.0000001,0.0000001
53409,0.0000512,0.0000001,0.0000001
53410,0.0000512,0.0000001,0.0000001
53411,0.0000512,0.0000001,0.0000001
53412,0.0000512,0.0000001,0.0000001
53413,0.0000512,0.0000001,0.0000001
53414,0.0000511,0.0000001,0.0000001
53415,0.0000511,0.0000001,0.0000001
53416,0.0000511,0.0000001,0.0000001
53417,0.0000511,0.0000001,0.0000001
53418,0.0000511,0.0000001,0.0000001
53419,0.0000511,0.0000001,0.0000001
53420,0.0000511,0.0000001,0.0000001
53421,0.0000511,0.0000001,0.0000001
53422,0.0000511,0.0000001,0.0000001
53423,0.0000511,0.0000001,0.0000001
53424,0.0000511,0.0000001,0.0000001
53425,0.0000511,0.0000001,0.0000001
53426,0.0000511,0.0000001,0.0000001
53427,0.0000511,0.0000001,0.0000001
53428,0.0000511,0.0000001,0.0000001
53429,0.0000511,0.0000001,0.0000001
53430,0.0000511,0.0000001,0.0000001
53431,0.0000511,0.0000001,0.0000001
53432,0.0000511,0.0000001,0.0000001
53433,0.0000511,0.0000001,0.0000001
53434,0.0000511,0.0000001,0.0000001
53435,0.0000511,0.0000001,0.0000001
53436,0.0000511,0.0000001,0.0000001
53437,0.0000511,0.0000001,0.0000001
53438,0.0000511,0.0000001,0.0000001
53439,0.0000511,0.0000001,0.0000001
53440,0.0000511,0.0000001,0.0000001
53441,0.0000511,0.0000001,0.0000001
53442,0.0000511,0.0000001,0.0000001
53443,0.0000511,0.0000001,0.0000001
53444,0.0000511,0.0000001,0.0000001
53445,0.0000511,0.0000001,0.0000001
53446,0.0000511,0.0000001,0.0000001
53447,0.0000511,0.0000001,0.0000001
53448,0.0000511,0.0000001,0.0000001
53449,0.0000511,0.0000001,0.0000001
53450,0.0000511,0.0000001,0.0000001
53451,0.0000511,0.0000001,0.0000001
53452,0.0000511,0.0000001,0.0000001
53453,0.0000511,0.0000001,0.0000001
53454,0.0000511,0.0000001,0.0000001
53455,0.0000511,0.0000001,0.0000001
53456,0.0000511,0.0000001,0.0000001
53457,0.0000511,0.0000001,0.0000001
53458,0.0000511,0.0000001,0.0000001
53459,0.0000510,0.0000001,0.0000001
53460,0.0000510,0.0000001,0.0000001
53461,0.0000510,0.0000001,0.0000001
53462,0.0000510,0.0000001,0.0000001
53463,0.0000510,0.0000001,0.0000001
53464,0.0000510,0.0000001,0.0000001
53465,0.0000510,0.0000001,0.0000001
53466,0.0000510,0.0000001,0.0000001
53467,0.0000510,0.0000001,0.0000001
53468,0.0000510,0.0000001,0.0000001
53469,0.0000510,0.0000001,0.0000001
53470,0.0000510,0.0000001,0.0000001
53471,0.0000510,0.0000001,0.0000001
53472,0.0000510,0.0000001,0.0000001
53473,0.0000510,0.0000001,0.0000001
53474,0.0000510,0.0000001,0.0000001
53475,0.0000510,0.0000001,0.0000001
53476,0.0000510,0.0000001,0.0000001
53477,0.0000510,0.0000001,0.0000001
53478,0.0000510,0.0000001,0.0000001
53479,0.0000510,0.0000001,0.0000001
53480,0.0000510,0.0000001,0.0000001
53481,0.0000510,0.0000001,0.0000001
53482,0.0000510,0.0000001,0.0000001
53483,0.0000510,0.0000001,0.0000001
53484,0.0000510,0.0000001,0.0000001
53485,0.0000510,0.0000001,0.0000001
53486,0.0000510,0.0000001,0.0000001
53487,0.0000510,0.0000001,0.0000001
53488,0.0000510,0.0000001,0.0000001
53489,0.0000510,0.0000001,0.0000001
53490,0.0000510,0.0000001,0.0000001
53491,0.0000510,0.0000001,0.0000001
53492,0.0000510,0.0000001,0.0000001
53493,0.0000510,0.0000001,0.0000001
53494,0.0000510,0.0000001,0.0000001
53495,0.0000510,0.0000001,0.0000001
53496,0.0000510,0.0000001,0.0000001
53497,0.0000510,0.0000001,0.0000001
53498,0.0000510,0.0000001,0.0000001
53499,0.0000510,0.0000001,0.0000001
53500,0.0000510,0.0000001,0.0000001
53501,0.0000510,0.0000001,0.0000001
53502,0.0000510,0.0000001,0.0000001
53503,0.0000509,0.0000001,0.0000001
53504,0.0000509,0.0000001,0.0000001
53505,0.0000509,0.0000001,0.0000001
53506,0.0000509,0.0000001,0.0000001
53507,0.0000509,0.0000001,0.0000001
53508,0.0000509,0.0000001,0.0000001
53509,0.0000509,0.0000001,0.0000001
53510,0.0000509,0.0000001,0.0000001
53511,0.0000509,0.0000001,0.0000001
53512,0.0000509,0.0000001,0.0000001
53513,0.0000509,0.0000001,0.0000001
53514,0.0000509,0.0000001,0.0000001
53515,0.0000509,0.0000001,0.0000001
53516,0.0000509,0.0000001,0.0000001
53517,0.0000509,0.0000001,0.0000001
53518,0.0000509,0.0000001,0.0000001
53519,0.0000509,0.0000001,0.0000001
53520,0.0000509,0.0000001,0.0000001
53521,0.0000509,0.0000001,0.0000001
53522,0.0000509,0.0000001,0.0000001
53523,0.0000509,0.0000001,0.0000001
53524,0.0000509,0.0000001,0.0000001
53525,0.0000509,0.0000001,0.0000001
53526,0.0000509,0.0000001,0.0000001
53527,0.0000509,0.0000001,0.0000001
53528,0.0000509,0.0000001,0.0000001
53529,0.0000509,0.0000001,0.0000001
53530,0.0000509,0.0000001,0.0000001
53531,0.0000509,0.0000001,0.0000001
53532,0.0000509,0.0000001,0.0000001
53533,0.0000509,0.0000001,0.0000001
53534,0.0000509,0.0000001,0.0000001
53535,0.0000509,0.0000001,0.0000001
53536,0.0000509,0.0000001,0.0000001
53537,0.0000509,0.0000001,0.0000001
53538,0.0000509,0.0000001,0.0000001
53539,0.0000509,0.0000001,0.0000001
53540,0.0000509,0.0000001,0.0000001
53541,0.0000509,0.0000001,0.0000001
53542,0.0000509,0.0000001,0.0000001
53543,0.0000509,0.0000001,0.0000001
53544,0.0000509,0.0000001,0.0000001
53545,0.0000509,0.0000001,0.0000001
53546,0.0000509,0.0000001,0.0000001
53547,0.0000509,0.0000001,0.0000001
53548,0.0000508,0.0000001,0.0000001
53549,0.0000508,0.0000001,0.0000001
53550,0.0000508,0.0000001,0.0000001
53551,0.0000508,0.0000001,0.0000001
53552,0.0000508,0.0000001,0.0000001
53553,0.0000508,0.0000001,0.0000001
53554,0.0000508,0.0000001,0.0000001
53555,0.0000508,0.0000001,0.0000001
53556,0.0000508,0.0000001,0.0000001
53557,0.0000508,0.0000001,0.0000001
53558,0.0000508,0.0000001,0.0000001
53559,0.0000508,0.0000001,0.0000001
53560,0.0000508,0.0000001,0.0000001
53561,0.0000508,0.0000001,0.0000001
53562,0.0000508,0.0000001,0.0000001
53563,0.0000508,0.0000001,0.0000001
53564,0.0000508,0.0000001,0.0000001
53565,0.0000508,0.0000001,0.0000001
53566,0.0000508,0.0000001,0.0000001
53567,0.0000508,0.0000001,0.0000001
53568,0.0000508,0.0000001,0.0000001
53569,0.0000508,0.0000001,0.0000001
53570,0.0000508,0.0000001,0.0000001
53571,0.0000508,0.0000001,0.0000001
53572,0.0000508,0.0000001,0.0000001
53573,0.0000508,0.0000001,0.0000001
53574,0.0000508,0.0000001,0.0000001
53575,0.0000508,0.0000001,0.0000001
53576,0.0000508,0.0000001,0.0000001
53577,0.0000508,0.0000001,0.0000001
53578,0.0000508,0.0000001,0.0000001
53579,0.0000508,0.0000001,0.0000001
53580,0.0000508,0.0000001,0.0000001
53581,0.0000508,0.0000001,0.0000001
53582,0.0000508,0.0000001,0.0000001
53583,0.0000508,0.0000001,0.0000001
53584,0.0000508,0.0000001,0.0000001
53585,0.0000508,0.0000001,0.0000001
53586,0.0000508,0.0000001,0.0000001
53587,0.0000508,0.0000001,0.0000001
53588,0.0000508,0.0000001,0.0000001
53589,0.0000508,0.0000001,0.0000001
53590,0.0000508,0.0000001,0.0000001
53591,0.0000508,0.0000001,0.0000001
53592,0.0000507,0.0000001,0.0000001
53593,0.0000507,0.0000001,0.0000001
53594,0.0000507,0.0000001,0.0000001
53595,0.0000507,0.0000001,0.0000001
53596,0.0000507,0.0000001,0.0000001
53597,0.0000507,0.0000001,0.0000001
53598,0.0000507,0.0000001,0.0000001
53599,0.0000507,0.0000001,0.0000001
53600,0.0000507,0.0000001,0.0000001
53601,0.0000507,0.0000001,0.0000001
53602,0.0000507,0.0000001,0.0000001
53603,0.0000507,0.0000001,0.0000001
53604,0.0000507,0.0000001,0.0000001
53605,0.0000507,0.0000001,0.0000001
53606,0.0000507,0.0000001,0.0000001
53607,0.0000507,0.0000001,0.0000001
53608,0.0000507,0.0000001,0.0000001
53609,0.0000507,0.0000001,0.0000001
53610,0.0000507,0.0000001,0.0000001
53611,0.0000507,0.0000001,0.0000001
53612,0.0000507,0.0000001,0.0000001
53613,0.0000507,0.0000001,0.0000001
53614,0.0000507,0.0000001,0.0000001
53615,0.0000507,0.0000001,0.0000001
53616,0.0000507,0.0000001,0.0000001
53617,0.0000507,0.0000001,0.0000001
53618,0.0000507,0.0000001,0.0000001
53619,0.0000507,0.0000001,0.0000001
53620,0.0000507,0.0000001,0.0000001
53621,0.0000507,0.0000001,0.0000001
53622,0.0000507,0.0000001,0.0000001
53623,0.0000507,0.0000001,0.0000001
53624,0.0000507,0.0000001,0.0000001
53625,0.0000507,0.0000001,0.0000001
53626,0.0000507,0.0000001,0.0000001
53627,0.0000507,0.0000001,0.0000001
53628,0.0000507,0.0000001,0.0000001
53629,0.0000507,0.0000001,0.0000001
53630,0.0000507,0.0000001,0.0000001
53631,0.0000507,0.0000001,0.0000001
53632,0.0000507,0.0000001,0.0000001
53633,0.0000507,0.0000001,0.0000001
53634,0.0000507,0.0000001,0.0000001
53635,0.0000507,0.0000001,0.0000001
53636,0.0000507,0.0000001,0.0000001
53637,0.0000506,0.0000001,0.0000001
53638,0.0000506,0.0000001,0.0000001
53639,0.0000506,0.0000001,0.0000001
53640,0.0000506,0.0000001,0.0000001
53641,0.0000506,0.0000001,0.0000001
53642,0.0000506,0.0000001,0.0000001
53643,0.0000506,0.0000001,0.0000001
53644,0.0000506,0.0000001,0.0000001
53645,0.0000506,0.0000001,0.0000001
53646,0.0000506,0.0000001,0.0000001
53647,0.0000506,0.0000001,0.0000001
53648,0.0000506,0.0000001,0.0000001
53649,0.0000506,0.0000001,0.0000001
53650,0.0000506,0.0000001,0.0000001
53651,0.0000506,0.0000001,0.0000001
53652,0.0000506,0.0000001,0.0000001
53653,0.0000506,0.0000001,0.0000001
53654,0.0000506,0.0000001,0.0000001
53655,0.0000506,0.0000001,0.0000001
53656,0.0000506,0.0000001,0.0000001
53657,0.0000506,0.0000001,0.0000001
53658,0.0000506,0.0000001,0.0000001
53659,0.0000506,0.0000001,0.0000001
53660,0.0000506,0.0000001,0.0000001
53661,0.0000506,0.0000001,0.0000001
53662,0.0000506,0.0000001,0.0000001
53663,0.0000506,0.0000001,0.0000001
53664,0.0000506,0.0000001,0.0000001
53665,0.0000506,0.0000001,0.0000001
53666,0.0000506,0.0000001,0.0000001
53667,0.0000506,0.0000001,0.0000001
53668,0.0000506,0.0000001,0.0000001
53669,0.0000506,0.0000001,0.0000001
53670,0.0000506,0.0000001,0.0000001
53671,0.0000506,0.0000001,0.0000001
53672,0.0000506,0.0000001,0.0000001
53673,0.0000506,0.0000001,0.0000001
53674,0.0000506,0.0000001,0.0000001
53675,0.0000506,0.0000001,0.0000001
53676,0.0000506,0.0000001,0.0000001
53677,0.0000506,0.0000001,0.0000001
53678,0.0000506,0.0000001,0.0000001
53679,0.0000506,0.0000001,0.0000001
53680,0.0000506,0.0000001,0.0000001
53681,0.0000505,0.0000001,0.0000001
53682,0.0000505,0.0000001,0.0000001
53683,0.0000505,0.0000001,0.0000001
53684,0.0000505,0.0000001,0.0000001
53685,0.0000505,0.0000001,0.0000001
53686,0.0000505,0.0000001,0.0000001
53687,0.0000505,0.0000001,0.0000001
53688,0.0000505,0.0000001,0.0000001
53689,0.0000505,0.0000001,0.0000001
53690,0.0000505,0.0000001,0.0000001
53691,0.0000505,0.0000001,0.0000001
53692,0.0000505,0.0000001,0.0000001
53693,0.0000505,0.0000001,0.0000001
53694,0.0000505,0.0000001,0.0000001
53695,0.0000505,0.0000001,0.0000001
53696,0.0000505,0.0000001,0.0000001
53697,0.0000505,0.0000001,0.0000001
53698,0.0000505,0.0000001,0.0000001
53699,0.0000505,0.0000001,0.0000001
53700,0.0000505,0.0000001,0.0000001
53701,0.0000505,0.0000001,0.0000001
53702,0.0000505,0.0000001,0.0000001
53703,0.0000505,0.0000001,0.0000001
53704,0.0000505,0.0000001,0.0000001
53705,0.0000505,0.0000001,0.0000001
53706,0.0000505,0.0000001,0.0000001
53707,0.0000505,0.0000001,0.0000001
53708,0.0000505,0.0000001,0.0000001
53709,0.0000505,0.0000001,0.0000001
53710,0.0000505,0.0000001,0.0000001
53711,0.0000505,0.0000001,0.0000001
53712,0.0000505,0.0000001,0.0000001
53713,0.0000505,0.0000001,0.0000001
53714,0.0000505,0.0000001,0.0000001
53715,0.0000505,0.0000001,0.0000001
53716,0.0000505,0.0000001,0.0000001
53717,0.0000505,0.0000001,0.0000001
53718,0.0000505,0.0000001,0.0000001
53719,0.0000505,0.0000001,0.0000001
53720,0.0000505,0.0000001,0.0000001
53721,0.0000505,0.0000001,0.0000001
53722,0.0000505,0.0000001,0.0000001
53723,0.0000505,0.0000001,0.0000001
53724,0.0000505,0.0000001,0.0000001
53725,0.0000505,0.0000001,0.0000001
53726,0.0000504,0.0000001,0.0000001
53727,0.0000504,0.0000001,0.0000001
53728,0.0000504,0.0000001,0.0000001
53729,0.0000504,0.0000001,0.0000001
53730,0.0000504,0.0000001,0.0000001
53731,0.0000504,0.0000001,0.0000001
53732,0.0000504,0.0000001,0.0000001
53733,0.0000504,0.0000001,0.0000001
53734,0.0000504,0.0000001,0.0000001
53735,0.0000504,0.0000001,0.0000001
53736,0.0000504,0.0000001,0.0000001
53737,0.0000504,0.0000001,0.0000001
53738,0.0000504,0.0000001,0.0000001
53739,0.0000504,0.0000001,0.0000001
53740,0.0000504,0.0000001,0.0000001
53741,0.0000504,0.0000001,0.0000001
53742,0.0000504,0.0000001,0.0000001
53743,0.0000504,0.0000001,0.0000001
53744,0.0000504,0.0000001,0.0000001
53745,0.0000504,0.0000001,0.0000001
53746,0.0000504,0.0000001,0.0000001
53747,0.0000504,0.0000001,0.0000001
53748,0.0000504,0.0000001,0.0000001
53749,0.0000504,0.0000001,0.0000001
53750,0.0000504,0.0000001,0.0000001
53751,0.0000504,0.0000001,0.0000001
53752,0.0000504,0.0000001,0.0000001
53753,0.0000504,0.0000001,0.0000001
53754,0.0000504,0.0000001,0.0000001
53755,0.0000504,0.0000001,0.0000001
53756,0.0000504,0.0000001,0.0000001
53757,0.0000504,0.0000001,0.0000001
53758,0.0000504,0.0000001,0.0000001
53759,0.0000504,0.0000001,0.0000001
53760,0.0000504,0.0000001,0.0000001
53761,0.0000504,0.0000001,0.0000001
53762,0.0000504,0.0000001,0.0000001
53763,0.0000504,0.0000001,0.0000001
53764,0.0000504,0.0000001,0.0000001
53765,0.0000504,0.0000001,0.0000001
53766,0.0000504,0.0000001,0.0000001
53767,0.0000504,0.0000001,0.0000001
53768,0.0000504,0.0000001,0.0000001
53769,0.0000504,0.0000001,0.0000001
53770,0.0000504,0.0000001,0.0000001
53771,0.0000503,0.0000001,0.0000001
53772,0.0000503,0.0000001,0.0000001
53773,0.0000503,0.0000001,0.0000001
53774,0.0000503,0.0000001,0.0000001
53775,0.0000503,0.0000001,0.0000001
53776,0.0000503,0.0000001,0.0000001
53777,0.0000503,0.0000001,0.0000001
53778,0.0000503,0.0000001,0.0000001
53779,0.0000503,0.0000001,0.0000001
53780,0.0000503,0.0000001,0.0000001
53781,0.0000503,0.0000001,0.0000001
53782,0.0000503,0.0000001,0.0000001
53783,0.0000503,0.0000001,0.0000001
53784,0.0000503,0.0000001,0.0000001
53785,0.0000503,0.0000001,0.0000001
53786,0.0000503,0.0000001,0.0000001
53787,0.0000503,0.0000001,0.0000001
53788,0.0000503,0.0000001,0.0000001
53789,0.0000503,0.0000001,0.0000001
53790,0.0000503,0.0000001,0.0000001
53791,0.0000503,0.0000001,0.0000001
53792,0.0000503,0.0000001,0.0000001
53793,0.0000503,0.0000001,0.0000001
53794,0.0000503,0.0000001,0.0000001
53795,0.0000503,0.0000001,0.0000001
53796,0.0000503,0.0000001,0.0000001
53797,0.0000503,0.0000001,0.0000001
53798,0.0000503,0.0000001,0.0000001
53799,0.0000503,0.0000001,0.0000001
53800,0.0000503,0.0000001,0.0000001
53801,0.0000503,0.0000001,0.0000001
53802,0.0000503,0.0000001,0.0000001
53803,0.0000503,0.0000001,0.0000001
53804,0.0000503,0.0000001,0.0000001
53805,0.0000503,0.0000001,0.0000001
53806,0.0000503,0.0000001,0.0000001
53807,0.0000503,0.0000001,0.0000001
53808,0.0000503,0.0000001,0.0000001
53809,0.0000503,0.0000001,0.0000001
53810,0.0000503,0.0000001,0.0000001
53811,0.0000503,0.0000001,0.0000001
53812,0.0000503,0.0000001,0.0000001
53813,0.0000503,0.0000001,0.0000001
53814,0.0000503,0.0000001,0.0000001
53815,0.0000503,0.0000001,0.0000001
53816,0.0000502,0.0000001,0.0000001
53817,0.0000502,0.0000001,0.0000001
53818,0.0000502,0.0000001,0.0000001
53819,0.0000502,0.0000001,0.0000001
53820,0.0000502,0.0000001,0.0000001
53821,0.0000502,0.0000001,0.0000001
53822,0.0000502,0.0000001,0.0000001
53823,0.0000502,0.0000001,0.0000001
53824,0.0000502,0.0000001,0.0000001
53825,0.0000502,0.0000001,0.0000001
53826,0.0000502,0.0000001,0.0000001
53827,0.0000502,0.0000001,0.0000001
53828,0.0000502,0.0000001,0.0000001
53829,0.0000502,0.0000001,0.0000001
53830,0.0000502,0.0000001,0.0000001
53831,0.0000502,0.0000001,0.0000001
53832,0.0000502,0.0000001,0.0000001
53833,0.0000502,0.0000001,0.0000001
53834,0.0000502,0.0000001,0.0000001
53835,0.0000502,0.0000001,0.0000001
53836,0.0000502,0.0000001,0.0000001
53837,0.0000502,0.0000001,0.0000001
53838,0.0000502,0.0000001,0.0000001
53839,0.0000502,0.0000001,0.0000001
53840,0.0000502,0.0000001,0.0000001
53841,0.0000502,0.0000001,0.0000001
53842,0.0000502,0.0000001,0.0000001
53843,0.0000502,0.0000001,0.0000001
53844,0.0000502,0.0000001,0.0000001
53845,0.0000502,0.0000001,0.0000001
53846,0.0000502,0.0000001,0.0000001
53847,0.0000502,0.0000001,0.0000001
53848,0.0000502,0.0000001,0.0000001
53849,0.0000502,0.0000001,0.0000001
53850,0.0000502,0.0000001,0.0000001
53851,0.0000502,0.0000001,0.0000001
53852,0.0000502,0.0000001,0.0000001
53853,0.0000502,0.0000001,0.0000001
53854,0.0000502,0.0000001,0.0000001
53855,0.0000502,0.0000001,0.0000001
53856,0.0000502,0.0000001,0.0000001
53857,0.0000502,0.0000001,0.0000001
53858,0.0000502,0.0000001,0.0000001
53859,0.0000502,0.0000001,0.0000001
53860,0.0000502,0.0000001,0.0000001
53861,0.0000501,0.0000001,0.0000001
53862,0.0000501,0.0000001,0.0000001
53863,0.0000501,0.0000001,0.0000001
53864,0.0000501,0.0000001,0.0000001
53865,0.0000501,0.0000001,0.0000001
53866,0.0000501,0.0000001,0.0000001
53867,0.0000501,0.0000001,0.0000001
53868,0.0000501,0.0000001,0.0000001
53869,0.0000501,0.0000001,0.0000001
53870,0.0000501,0.0000001,0.0000001
53871,0.0000501,0.0000001,0.0000001
53872,0.0000501,0.0000001,0.0000001
53873,0.0000501,0.0000001,0.0000001
53874,0.0000501,0.0000001,0.0000001
53875,0.0000501,0.0000001,0.0000001
53876,0.0000501,0.0000001,0.0000001
53877,0.0000501,0.0000001,0.0000001
53878,0.0000501,0.0000001,0.0000001
53879,0.0000501,0.0000001,0.0000001
53880,0.0000501,0.0000001,0.0000001
53881,0.0000501,0.0000001,0.0000001
53882,0.0000501,0.0000001,0.0000001
53883,0.0000501,0.0000001,0.0000001
53884,0.0000501,0.0000001,0.0000001
53885,0.0000501,0.0000001,0.0000001
53886,0.0000501,0.0000001,0.0000001
53887,0.0000501,0.0000001,0.0000001
53888,0.0000501,0.0000001,0.0000001
53889,0.0000501,0.0000001,0.0000001
53890,0.0000501,0.0000001,0.0000001
53891,0.0000501,0.0000001,0.0000001
53892,0.0000501,0.0000001,0.0000001
53893,0.0000501,0.0000001,0.0000001
53894,0.0000501,0.0000001,0.0000001
53895,0.0000501,0.0000001,0.0000001
53896,0.0000501,0.0000001,0.0000001
53897,0.0000501,0.0000001,0.0000001
53898,0.0000501,0.0000001,0.0000001
53899,0.0000501,0.0000001,0.0000001
53900,0.0000501,0.0000001,0.0000001
53901,0.0000501,0.0000001,0.0000001
53902,0.0000501,0.0000001,0.0000001
53903,0.0000501,0.0000001,0.0000001
53904,0.0000501,0.0000001,0.0000001
53905,0.0000501,0.0000001,0.0000001
53906,0.0000500,0.0000001,0.0000001
53907,0.0000500,0.0000001,0.0000001
53908,0.0000500,0.0000001,0.0000001
53909,0.0000500,0.0000001,0.0000001
53910,0.0000500,0.0000001,0.0000001
53911,0.0000500,0.0000001,0.0000001
53912,0.0000500,0.0000001,0.0000001
53913,0.0000500,0.0000001,0.0000001
53914,0.0000500,0.0000001,0.0000001
53915,0.0000500,0.0000001,0.0000001
53916,0.0000500,0.0000001,0.0000001
53917,0.0000500,0.0000001,0.0000001
53918,0.0000500,0.0000001,0.0000001
53919,0.0000500,0.0000001,0.0000001
53920,0.0000500,0.0000001,0.0000001
53921,0.0000500,0.0000001,0.0000001
53922,0.0000500,0.0000001,0.0000001
53923,0.0000500,0.0000001,0.0000001
53924,0.0000500,0.0000001,0.0000001
53925,0.0000500,0.0000001,0.0000001
53926,0.0000500,0.0000001,0.0000001
53927,0.0000500,0.0000001,0.0000001
53928,0.0000500,0.0000001,0.0000001
53929,0.0000500,0.0000001,0.0000001
53930,0.0000500,0.0000001,0.0000001
53931,0.0000500,0.0000001,0.0000001
53932,0.0000500,0.0000001,0.0000001
53933,0.0000500,0.0000001,0.0000001
53934,0.0000500,0.0000001,0.0000001
53935,0.0000500,0.0000001,0.0000001
53936,0.0000500,0.0000001,0.0000001
53937,0.0000500,0.0000001,0.0000001
53938,0.0000500,0.0000001,0.0000001
53939,0.0000500,0.0000001,0.0000001
53940,0.0000500,0.0000001,0.0000001
53941,0.0000500,0.0000001,0.0000001
53942,0.0000500,0.0000001,0.0000001
53943,0.0000500,0.0000001,0.0000001
53944,0.0000500,0.0000001,0.0000001
53945,0.0000500,0.0000001,0.0000001
53946,0.0000500,0.0000001,0.0000001
53947,0.0000500,0.0000001,0.0000001
53948,0.0000500,0.0000001,0.0000001
53949,0.0000500,0.0000001,0.0000001
53950,0.0000500,0.0000001,0.0000001
53951,0.0000499,0.0000001,0.0000001
53952,0.0000499,0.0000001,0.0000001
53953,0.0000499,0.0000001,0.0000001
53954,0.0000499,0.0000001,0.0000001
53955,0.0000499,0.0000001,0.0000001
53956,0.0000499,0.0000001,0.0000001
53957,0.0000499,0.0000001,0.0000001
53958,0.0000499,0.0000001,0.0000001
53959,0.0000499,0.0000001,0.0000001
53960,0.0000499,0.0000001,0.0000001
53961,0.0000499,0.0000001,0.0000001
53962,0.0000499,0.0000001,0.0000001
53963,0.0000499,0.0000001,0.0000001
53964,0.0000499,0.0000001,0.0000001
53965,0.0000499,0.0000001,0.0000001
53966,0.0000499,0.0000001,0.0000001
53967,0.0000499,0.0000001,0.0000001
53968,0.0000499,0.0000001,0.0000001
53969,0.0000499,0.0000001,0.0000001
53970,0.0000499,0.0000001,0.0000001
53971,0.0000499,0.0000001,0.0000001
53972,0.0000499,0.0000001,0.0000001
53973,0.0000499,0.0000001,0.0000001
53974,0.0000499,0.0000001,0.0000001
53975,0.0000499,0.0000001,0.0000001
53976,0.0000499,0.0000001,0.0000001
53977,0.0000499,0.0000001,0.0000001
53978,0.0000499,0.0000001,0.0000001
53979,0.0000499,0.0000001,0.0000001
53980,0.0000499,0.0000001,0.0000001
53981,0.0000499,0.0000001,0.0000001
53982,0.0000499,0.0000001,0.0000001
53983,0.0000499,0.0000001,0.0000001
53984,0.0000499,0.0000001,0.0000001
53985,0.0000499,0.0000001,0.0000001
53986,0.0000499,0.0000001,0.0000001
53987,0.0000499,0.0000001,0.0000001
53988,0.0000499,0.0000001,0.0000001
53989,0.0000499,0.0000001,0.0000001
53990,0.0000499,0.0000001,0.0000001
53991,0.0000499,0.0000001,0.0000001
53992,0.0000499,0.0000001,0.0000001
53993,0.0000499,0.0000001,0.0000001
53994,0.0000499,0.0000001,0.0000001
53995,0.0000499,0.0000001,0.0000001
53996,0.0000498,0.0000001,0.0000001
53997,0.0000498,0.0000001,0.0000001
53998,0.0000498,0.0000001,0.0000001
53999,0.0000498,0.0000001,0.0000001
54000,0.0000498,0.0000001,0.0000001
54001,0.0000498,0.0000001,0.0000001
54002,0.0000498,0.0000001,0.0000001
54003,0.0000498,0.0000001,0.0000001
54004,0.0000498,0.0000001,0.0000001
54005,0.0000498,0.0000001,0.0000001
54006,0.0000498,0.0000001,0.0000001
54007,0.0000498,0.0000001,0.0000001
54008,0.0000498,0.0000001,0.0000001
54009,0.0000498,0.0000001,0.0000001
54010,0.0000498,0.0000001,0.0000001
54011,0.0000498,0.0000001,0.0000001
54012,0.0000498,0.0000001,0.0000001
54013,0.0000498,0.0000001,0.0000001
54014,0.0000498,0.0000001,0.0000001
54015,0.0000498,0.0000001,0.0000001
54016,0.0000498,0.0000001,0.0000001
54017,0.0000498,0.0000001,0.0000001
54018,0.0000498,0.0000001,0.0000001
54019,0.0000498,0.0000001,0.0000001
54020,0.0000498,0.0000001,0.0000001
54021,0.0000498,0.0000001,0.0000001
54022,0.0000498,0.0000001,0.0000001
54023,0.0000498,0.0000001,0.0000001
54024,0.0000498,0.0000001,0.0000001
54025,0.0000498,0.0000001,0.0000001
54026,0.0000498,0.0000001,0.0000001
54027,0.0000498,0.0000001,0.0000001
54028,0.0000498,0.0000001,0.0000001
54029,0.0000498,0.0000001,0.0000001
54030,0.0000498,0.0000001,0.0000001
54031,0.0000498,0.0000001,0.0000001
54032,0.0000498,0.0000001,0.0000001
54033,0.0000498,0.0000001,0.0000001
54034,0.0000498,0.0000001,0.0000001
54035,0.0000498,0.0000001,0.0000001
54036,0.0000498,0.0000001,0.0000001
54037,0.0000498,0.0000001,0.0000001
54038,0.0000498,0.0000001,0.0000001
54039,0.0000498,0.0000001,0.0000001
54040,0.0000498,0.0000001,0.0000001
54041,0.0000498,0.0000001,0.0000001
54042,0.0000497,0.0000001,0.0000001
54043,0.0000497,0.0000001,0.0000001
54044,0.0000497,0.0000001,0.0000001
54045,0.0000497,0.0000001,0.0000001
54046,0.0000497,0.0000001,0.0000001
54047,0.0000497,0.0000001,0.0000001
54048,0.0000497,0.0000001,0.0000001
54049,0.0000497,0.0000001,0.0000001
54050,0.0000497,0.0000001,0.0000001
54051,0.0000497,0.0000001,0.0000001
54052,0.0000497,0.0000001,0.0000001
54053,0.0000497,0.0000001,0.0000001
54054,0.0000497,0.0000001,0.0000001
54055,0.0000497,0.0000001,0.0000001
54056,0.0000497,0.0000001,0.0000001
54057,0.0000497,0.0000001,0.0000001
54058,0.0000497,0.0000001,0.0000001
54059,0.0000497,0.0000001,0.0000001
54060,0.0000497,0.0000001,0.0000001
54061,0.0000497,0.0000001,0.0000001
54062,0.0000497,0.0000001,0.0000001
54063,0.0000497,0.0000001,0.0000001
54064,0.0000497,0.0000001,0.0000001
54065,0.0000497,0.0000001,0.0000001
54066,0.0000497,0.0000001,0.0000001
54067,0.0000497,0.0000001,0.0000001
54068,0.0000497,0.0000001,0.0000001
54069,0.0000497,0.0000001,0.0000001
54070,0.0000497,0.0000001,0.0000001
54071,0.0000497,0.0000001,0.0000001
54072,0.0000497,0.0000001,0.0000001
54073,0.0000497,0.0000001,0.0000001
54074,0.0000497,0.0000001,0.0000001
54075,0.0000497,0.0000001,0.0000001
54076,0.0000497,0.0000001,0.0000001
54077,0.0000497,0.0000001,0.0000001
54078,0.0000497,0.0000001,0.0000001
54079,0.0000497,0.0000001,0.0000001
54080,0.0000497,0.0000001,0.0000001
54081,0.0000497,0.0000001,0.0000001
54082,0.0000497,0.0000001,0.0000001
54083,0.0000497,0.0000001,0.0000001
54084,0.0000497,0.0000001,0.0000001
54085,0.0000497,0.0000001,0.0000001
54086,0.0000497,0.0000001,0.0000001
54087,0.0000496,0.0000001,0.0000001
54088,0.0000496,0.0000001,0.0000001
54089,0.0000496,0.0000001,0.0000001
54090,0.0000496,0.0000001,0.0000001
54091,0.0000496,0.0000001,0.0000001
54092,0.0000496,0.0000001,0.0000001
54093,0.0000496,0.0000001,0.0000001
54094,0.0000496,0.0000001,0.0000001
54095,0.0000496,0.0000001,0.0000001
54096,0.0000496,0.0000001,0.0000001
54097,0.0000496,0.0000001,0.0000001
54098,0.0000496,0.0000001,0.0000001
54099,0.0000496,0.0000001,0.0000001
54100,0.0000496,0.0000001,0.0000001
54101,0.0000496,0.0000001,0.0000001
54102,0.0000496,0.0000001,0.0000001
54103,0.0000496,0.0000001,0.0000001
54104,0.0000496,0.0000001,0.0000001
54105,0.0000496,0.0000001,0.0000001
54106,0.0000496,0.0000001,0.0000001
54107,0.0000496,0.0000001,0.0000001
54108,0.0000496,0.0000001,0.0000001
54109,0.0000496,0.0000001,0.0000001
54110,0.0000496,0.0000001,0.0000001
54111,0.0000496,0.0000001,0.0000001
54112,0.0000496,0.0000001,0.0000001
54113,0.0000496,0.0000001,0.0000001
54114,0.0000496,0.0000001,0.0000001
54115,0.0000496,0.0000001,0.0000001
54116,0.0000496,0.0000001,0.0000001
54117,0.0000496,0.0000001,0.0000001
54118,0.0000496,0.0000001,0.0000001
54119,0.0000496,0.0000001,0.0000001
54120,0.0000496,0.0000001,0.0000001
54121,0.0000496,0.0000001,0.0000001
54122,0.0000496,0.0000001,0.0000001
54123,0.0000496,0.0000001,0.0000001
54124,0.0000496,0.0000001,0.0000001
54125,0.0000496,0.0000001,0.0000001
54126,0.0000496,0.0000001,0.0000001
54127,0.0000496,0.0000001,0.0000001
54128,0.0000496,0.0000001,0.0000001
54129,0.0000496,0.0000001,0.0000001
54130,0.0000496,0.0000001,0.0000001
54131,0.0000496,0.0000001,0.0000001
54132,0.0000495,0.0000001,0.0000001
54133,0.0000495,0.0000001,0.0000001
54134,0.0000495,0.0000001,0.0000001
54135,0.0000495,0.0000001,0.0000001
54136,0.0000495,0.0000001,0.0000001
54137,0.0000495,0.0000001,0.0000001
54138,0.0000495,0.0000001,0.0000001
54139,0.0000495,0.0000001,0.0000001
54140,0.0000495,0.0000001,0.0000001
54141,0.0000495,0.0000001,0.0000001
54142,0.0000495,0.0000001,0.0000001
54143,0.0000495,0.0000001,0.0000001
54144,0.0000495,0.0000001,0.0000001
54145,0.0000495,0.0000001,0.0000001
54146,0.0000495,0.0000001,0.0000001
54147,0.0000495,0.0000001,0.0000001
54148,0.0000495,0.0000001,0.0000001
54149,0.0000495,0.0000001,0.0000001
54150,0.0000495,0.0000001,0.0000001
54151,0.0000495,0.0000001,0.0000001
54152,0.0000495,0.0000001,0.0000001
54153,0.0000495,0.0000001,0.0000001
54154,0.0000495,0.0000001,0.0000001
54155,0.0000495,0.0000001,0.0000001
54156,0.0000495,0.0000001,0.0000001
54157,0.0000495,0.0000001,0.0000001
54158,0.0000495,0.0000001,0.0000001
54159,0.0000495,0.0000001,0.0000001
54160,0.0000495,0.0000001,0.0000001
54161,0.0000495,0.0000001,0.0000001
54162,0.0000495,0.0000001,0.0000001
54163,0.0000495,0.0000001,0.0000001
54164,0.0000495,0.0000001,0.0000001
54165,0.0000495,0.0000001,0.0000001
54166,0.0000495,0.0000001,0.0000001
54167,0.0000495,0.0000001,0.0000001
54168,0.0000495,0.0000001,0.0000001
54169,0.0000495,0.0000001,0.0000001
54170,0.0000495,0.0000001,0.0000001
54171,0.0000495,0.0000001,0.0000001
54172,0.0000495,0.0000001,0.0000001
54173,0.0000495,0.0000001,0.0000001
54174,0.0000495,0.0000001,0.0000001
54175,0.0000495,0.0000001,0.0000001
54176,0.0000495,0.0000001,0.0000001
54177,0.0000495,0.0000001,0.0000001
54178,0.0000494,0.0000001,0.0000001
54179,0.0000494,0.0000001,0.0000001
54180,0.0000494,0.0000001,0.0000001
54181,0.0000494,0.0000001,0.0000001
54182,0.0000494,0.0000001,0.0000001
54183,0.0000494,0.0000001,0.0000001
54184,0.0000494,0.0000001,0.0000001
54185,0.0000494,0.0000001,0.0000001
54186,0.0000494,0.0000001,0.0000001
54187,0.0000494,0.0000001,0.0000001
54188,0.0000494,0.0000001,0.0000001
54189,0.0000494,0.0000001,0.0000001
54190,0.0000494,0.0000001,0.0000001
54191,0.0000494,0.0000001,0.0000001
54192,0.0000494,0.0000001,0.0000001
54193,0.0000494,0.0000001,0.0000001
54194,0.0000494,0.0000001,0.0000001
54195,0.0000494,0.0000001,0.0000001
54196,0.0000494,0.0000001,0.0000001
54197,0.0000494,0.0000001,0.0000001
54198,0.0000494,0.0000001,0.0000001
54199,0.0000494,0.0000001,0.0000001
54200,0.0000494,0.0000001,0.0000001
54201,0.0000494,0.0000001,0.0000001
54202,0.0000494,0.0000001,0.0000001
54203,0.0000494,0.0000001,0.0000001
54204,0.0000494,0.0000001,0.0000001
54205,0.0000494,0.0000001,0.0000001
54206,0.0000494,0.0000001,0.0000001
54207,0.0000494,0.0000001,0.0000001
54208,0.0000494,0.0000001,0.0000001
54209,0.0000494,0.0000001,0.0000001
54210,0.0000494,0.0000001,0.0000001
54211,0.0000494,0.0000001,0.0000001
54212,0.0000494,0.0000001,0.0000001
54213,0.0000494,0.0000001,0.0000001
54214,0.0000494,0.0000001,0.0000001
54215,0.0000494,0.0000001,0.0000001
54216,0.0000494,0.0000001,0.0000001
54217,0.0000494,0.0000001,0.0000001
54218,0.0000494,0.0000001,0.0000001
54219,0.0000494,0.0000001,0.0000001
54220,0.0000494,0.0000001,0.0000001
54221,0.0000494,0.0000001,0.0000001
54222,0.0000494,0.0000001,0.0000001
54223,0.0000493,0.0000001,0.0000001
54224,0.0000493,0.0000001,0.0000001
54225,0.0000493,0.0000001,0.0000001
54226,0.0000493,0.0000001,0.0000001
54227,0.0000493,0.0000001,0.0000001
54228,0.0000493,0.0000001,0.0000001
54229,0.0000493,0.0000001,0.0000001
54230,0.0000493,0.0000001,0.0000001
54231,0.0000493,0.0000001,0.0000001
54232,0.0000493,0.0000001,0.0000001
54233,0.0000493,0.0000001,0.0000001
54234,0.0000493,0.0000001,0.0000001
54235,0.0000493,0.0000001,0.0000001
54236,0.0000493,0.0000001,0.0000001
54237,0.0000493,0.0000001,0.0000001
54238,0.0000493,0.0000001,0.0000001
54239,0.0000493,0.0000001,0.0000001
54240,0.0000493,0.0000001,0.0000001
54241,0.0000493,0.0000001,0.0000001
54242,0.0000493,0.0000001,0.0000001
54243,0.0000493,0.0000001,0.0000001
54244,0.0000493,0.0000001,0.0000001
54245,0.0000493,0.0000001,0.0000001
54246,0.0000493,0.0000001,0.0000001
54247,0.0000493,0.0000001,0.0000001
54248,0.0000493,0.0000001,0.0000001
54249,0.0000493,0.0000001,0.0000001
54250,0.0000493,0.0000001,0.0000001
54251,0.0000493,0.0000001,0.0000001
54252,0.0000493,0.0000001,0.0000001
54253,0.0000493,0.0000001,0.0000001
54254,0.0000493,0.0000001,0.0000001
54255,0.0000493,0.0000001,0.0000001
54256,0.0000493,0.0000001,0.0000001
54257,0.0000493,0.0000001,0.0000001
54258,0.0000493,0.0000001,0.0000001
54259,0.0000493,0.0000001,0.0000001
54260,0.0000493,0.0000001,0.0000001
54261,0.0000493,0.0000001,0.0000001
54262,0.0000493,0.0000001,0.0000001
54263,0.0000493,0.0000001,0.0000001
54264,0.0000493,0.0000001,0.0000001
54265,0.0000493,0.0000001,0.0000001
54266,0.0000493,0.0000001,0.0000001
54267,0.0000493,0.0000001,0.0000001
54268,0.0000493,0.0000001,0.0000001
54269,0.0000492,0.0000001,0.0000001
54270,0.0000492,0.0000001,0.0000001
54271,0.0000492,0.0000001,0.0000001
54272,0.0000492,0.0000001,0.0000001
54273,0.0000492,0.0000001,0.0000001
54274,0.0000492,0.0000001,0.0000001
54275,0.0000492,0.0000001,0.0000001
54276,0.0000492,0.0000001,0.0000001
54277,0.0000492,0.0000001,0.0000001
54278,0.0000492,0.0000001,0.0000001
54279,0.0000492,0.0000001,0.0000001
54280,0.0000492,0.0000001,0.0000001
54281,0.0000492,0.0000001,0.0000001
54282,0.0000492,0.0000001,0.0000001
54283,0.0000492,0.0000001,0.0000001
54284,0.0000492,0.0000001,0.0000001
54285,0.0000492,0.0000001,0.0000001
54286,0.0000492,0.0000001,0.0000001
54287,0.0000492,0.0000001,0.0000001
54288,0.0000492,0.0000001,0.0000001
54289,0.0000492,0.0000001,0.0000001
54290,0.0000492,0.0000001,0.0000001
54291,0.0000492,0.0000001,0.0000001
54292,0.0000492,0.0000001,0.0000001
54293,0.0000492,0.0000001,0.0000001
54294,0.0000492,0.0000001,0.0000001
54295,0.0000492,0.0000001,0.0000001
54296,0.0000492,0.0000001,0.0000001
54297,0.0000492,0.0000001,0.0000001
54298,0.0000492,0.0000001,0.0000001
54299,0.0000492,0.0000001,0.0000001
54300,0.0000492,0.0000001,0.0000001
54301,0.0000492,0.0000001,0.0000001
54302,0.0000492,0.0000001,0.0000001
54303,0.0000492,0.0000001,0.0000001
54304,0.0000492,0.0000001,0.0000001
54305,0.0000492,0.0000001,0.0000001
54306,0.0000492,0.0000001,0.0000001
54307,0.0000492,0.0000001,0.0000001
54308,0.0000492,0.0000001,0.0000001
54309,0.0000492,0.0000001,0.0000001
54310,0.0000492,0.0000001,0.0000001
54311,0.0000492,0.0000001,0.0000001
54312,0.0000492,0.0000001,0.0000001
54313,0.0000492,0.0000001,0.0000001
54314,0.0000491,0.0000001,0.0000001
54315,0.0000491,0.0000001,0.0000001
54316,0.0000491,0.0000001,0.0000001
54317,0.0000491,0.0000001,0.0000001
54318,0.0000491,0.0000001,0.0000001
54319,0.0000491,0.0000001,0.0000001
54320,0.0000491,0.0000001,0.0000001
54321,0.0000491,0.0000001,0.0000001
54322,0.0000491,0.0000001,0.0000001
54323,0.0000491,0.0000001,0.0000001
54324,0.0000491,0.0000001,0.0000001
54325,0.0000491,0.0000001,0.0000001
54326,0.0000491,0.0000001,0.0000001
54327,0.0000491,0.0000001,0.0000001
54328,0.0000491,0.0000001,0.0000001
54329,0.0000491,0.0000001,0.0000001
54330,0.0000491,0.0000001,0.0000001
54331,0.0000491,0.0000001,0.0000001
54332,0.0000491,0.0000001,0.0000001
54333,0.0000491,0.0000001,0.0000001
54334,0.0000491,0.0000001,0.0000001
54335,0.0000491,0.0000001,0.0000001
54336,0.0000491,0.0000001,0.0000001
54337,0.0000491,0.0000001,0.0000001
54338,0.0000491,0.0000001,0.0000001
54339,0.0000491,0.0000001,0.0000001
54340,0.0000491,0.0000001,0.0000001
54341,0.0000491,0.0000001,0.0000001
54342,0.0000491,0.0000001,0.0000001
54343,0.0000491,0.0000001,0.0000001
54344,0.0000491,0.0000001,0.0000001
54345,0.0000491,0.0000001,0.0000001
54346,0.0000491,0.0000001,0.0000001
54347,0.0000491,0.0000001,0.0000001
54348,0.0000491,0.0000001,0.0000001
54349,0.0000491,0.0000001,0.0000001
54350,0.0000491,0.0000001,0.0000001
54351,0.0000491,0.0000001,0.0000001
54352,0.0000491,0.0000001,0.0000001
54353,0.0000491,0.0000001,0.0000001
54354,0.0000491,0.0000001,0.0000001
54355,0.0000491,0.0000001,0.0000001
54356,0.0000491,0.0000001,0.0000001
54357,0.0000491,0.0000001,0.0000001
54358,0.0000491,0.0000001,0.0000001
54359,0.0000491,0.0000001,0.0000001
54360,0.0000490,0.0000001,0.0000001
54361,0.0000490,0.0000001,0.0000001
54362,0.0000490,0.0000001,0.0000001
54363,0.0000490,0.0000001,0.0000001
54364,0.0000490,0.0000001,0.0000001
54365,0.0000490,0.0000001,0.0000001
54366,0.0000490,0.0000001,0.0000001
54367,0.0000490,0.0000001,0.0000001
54368,0.0000490,0.0000001,0.0000001
54369,0.0000490,0.0000001,0.0000001
54370,0.0000490,0.0000001,0.0000001
54371,0.0000490,0.0000001,0.0000001
54372,0.0000490,0.0000001,0.0000001
54373,0.0000490,0.0000001,0.0000001
54374,0.0000490,0.0000001,0.0000001
54375,0.0000490,0.0000001,0.0000001
54376,0.0000490,0.0000001,0.0000001
54377,0.0000490,0.0000001,0.0000001
54378,0.0000490,0.0000001,0.0000001
54379,0.0000490,0.0000001,0.0000001
54380,0.0000490,0.0000001,0.0000001
54381,0.0000490,0.0000001,0.0000001
54382,0.0000490,0.0000001,0.0000001
54383,0.0000490,0.0000001,0.0000001
54384,0.0000490,0.0000001,0.0000001
54385,0.0000490,0.0000001,0.0000001
54386,0.0000490,0.0000001,0.0000001
54387,0.0000490,0.0000001,0.0000001
54388,0.0000490,0.0000001,0.0000001
54389,0.0000490,0.0000001,0.0000001
54390,0.0000490,0.0000001,0.0000001
54391,0.0000490,0.0000001,0.0000001
54392,0.0000490,0.0000001,0.0000001
54393,0.0000490,0.0000001,0.0000001
54394,0.0000490,0.0000001,0.0000001
54395,0.0000490,0.0000001,0.0000001
54396,0.0000490,0.0000001,0.0000001
54397,0.0000490,0.0000001,0.0000001
54398,0.0000490,0.0000001,0.0000001
54399,0.0000490,0.0000001,0.0000001
54400,0.0000490,0.0000001,0.0000001
54401,0.0000490,0.0000001,0.0000001
54402,0.0000490,0.0000001,0.0000001
54403,0.0000490,0.0000001,0.0000001
54404,0.0000490,0.0000001,0.0000001
54405,0.0000490,0.0000001,0.0000001
54406,0.0000489,0.0000001,0.0000001
54407,0.0000489,0.0000001,0.0000001
54408,0.0000489,0.0000001,0.0000001
54409,0.0000489,0.0000001,0.0000001
54410,0.0000489,0.0000001,0.0000001
54411,0.0000489,0.0000001,0.0000001
54412,0.0000489,0.0000001,0.0000001
54413,0.0000489,0.0000001,0.0000001
54414,0.0000489,0.0000001,0.0000001
54415,0.0000489,0.0000001,0.0000001
54416,0.0000489,0.0000001,0.0000001
54417,0.0000489,0.0000001,0.0000001
54418,0.0000489,0.0000001,0.0000001
54419,0.0000489,0.0000001,0.0000001
54420,0.0000489,0.0000001,0.0000001
54421,0.0000489,0.0000001,0.0000001
54422,0.0000489,0.0000001,0.0000001
54423,0.0000489,0.0000001,0.0000001
54424,0.0000489,0.0000001,0.0000001
54425,0.0000489,0.0000001,0.0000001
54426,0.0000489,0.0000001,0.0000001
54427,0.0000489,0.0000001,0.0000001
54428,0.0000489,0.0000001,0.0000001
54429,0.0000489,0.0000001,0.0000001
54430,0.0000489,0.0000001,0.0000001
54431,0.0000489,0.0000001,0.0000001
54432,0.0000489,0.0000001,0.0000001
54433,0.0000489,0.0000001,0.0000001
54434,0.0000489,0.0000001,0.0000001
54435,0.0000489,0.0000001,0.0000001
54436,0.0000489,0.0000001,0.0000001
54437,0.0000489,0.0000001,0.0000001
54438,0.0000489,0.0000001,0.0000001
54439,0.0000489,0.0000001,0.0000001
54440,0.0000489,0.0000001,0.0000001
54441,0.0000489,0.0000001,0.0000001
54442,0.0000489,0.0000001,0.0000001
54443,0.0000489,0.0000001,0.0000001
54444,0.0000489,0.0000001,0.0000001
54445,0.0000489,0.0000001,0.0000001
54446,0.0000489,0.0000001,0.0000001
54447,0.0000489,0.0000001,0.0000001
54448,0.0000489,0.0000001,0.0000001
54449,0.0000489,0.0000001,0.0000001
54450,0.0000489,0.0000001,0.0000001
54451,0.0000488,0.0000001,0.0000001
54452,0.0000488,0.0000001,0.0000001
54453,0.0000488,0.0000001,0.0000001
54454,0.0000488,0.0000001,0.0000001
54455,0.0000488,0.0000001,0.0000001
54456,0.0000488,0.0000001,0.0000001
54457,0.0000488,0.0000001,0.0000001
54458,0.0000488,0.0000001,0.0000001
54459,0.0000488,0.0000001,0.0000001
54460,0.0000488,0.0000001,0.0000001
54461,0.0000488,0.0000001,0.0000001
54462,0.0000488,0.0000001,0.0000001
54463,0.0000488,0.0000001,0.0000001
54464,0.0000488,0.0000001,0.0000001
54465,0.0000488,0.0000001,0.0000001
54466,0.0000488,0.0000001,0.0000001
54467,0.0000488,0.0000001,0.0000001
54468,0.0000488,0.0000001,0.0000001
54469,0.0000488,0.0000001,0.0000001
54470,0.0000488,0.0000001,0.0000001
54471,0.0000488,0.0000001,0.0000001
54472,0.0000488,0.0000001,0.0000001
54473,0.0000488,0.0000001,0.0000001
54474,0.0000488,0.0000001,0.0000001
54475,0.0000488,0.0000001,0.0000001
54476,0.0000488,0.0000001,0.0000001
54477,0.0000488,0.0000001,0.0000001
54478,0.0000488,0.0000001,0.0000001
54479,0.0000488,0.0000001,0.0000001
54480,0.0000488,0.0000001,0.0000001
54481,0.0000488,0.0000001,0.0000001
54482,0.0000488,0.0000001,0.0000001
54483,0.0000488,0.0000001,0.0000001
54484,0.0000488,0.0000001,0.0000001
54485,0.0000488,0.0000001,0.0000001
54486,0.0000488,0.0000001,0.0000001
54487,0.0000488,0.0000001,0.0000001
54488,0.0000488,0.0000001,0.0000001
54489,0.0000488,0.0000001,0.0000001
54490,0.0000488,0.0000001,0.0000001
54491,0.0000488,0.0000001,0.0000001
54492,0.0000488,0.0000001,0.0000001
54493,0.0000488,0.0000001,0.0000001
54494,0.0000488,0.0000001,0.0000001
54495,0.0000488,0.0000001,0.0000001
54496,0.0000488,0.0000001,0.0000001
54497,0.0000487,0.0000001,0.0000001
54498,0.0000487,0.0000001,0.0000001
54499,0.0000487,0.0000001,0.0000001
54500,0.0000487,0.0000001,0.0000001
54501,0.0000487,0.0000001,0.0000001
54502,0.0000487,0.0000001,0.0000001
54503,0.0000487,0.0000001,0.0000001
54504,0.0000487,0.0000001,0.0000001
54505,0.0000487,0.0000001,0.0000001
54506,0.0000487,0.0000001,0.0000001
54507,0.0000487,0.0000001,0.0000001
54508,0.0000487,0.0000001,0.0000001
54509,0.0000487,0.0000001,0.0000001
54510,0.0000487,0.0000001,0.0000001
54511,0.0000487,0.0000001,0.0000001
54512,0.0000487,0.0000001,0.0000001
54513,0.0000487,0.0000001,0.0000001
54514,0.0000487,0.0000001,0.0000001
54515,0.0000487,0.0000001,0.0000001
54516,0.0000487,0.0000001,0.0000001
54517,0.0000487,0.0000001,0.0000001
54518,0.0000487,0.0000001,0.0000001
54519,0.0000487,0.0000001,0.0000001
54520,0.0000487,0.0000001,0.0000001
54521,0.0000487,0.0000001,0.0000001
54522,0.0000487,0.0000001,0.0000001
54523,0.0000487,0.0000001,0.0000001
54524,0.0000487,0.0000001,0.0000001
54525,0.0000487,0.0000001,0.0000001
54526,0.0000487,0.0000001,0.0000001
54527,0.0000487,0.0000001,0.0000001
54528,0.0000487,0.0000001,0.0000001
54529,0.0000487,0.0000001,0.0000001
54530,0.0000487,0.0000001,0.0000001
54531,0.0000487,0.0000001,0.0000001
54532,0.0000487,0.0000001,0.0000001
54533,0.0000487,0.0000001,0.0000001
54534,0.0000487,0.0000001,0.0000001
54535,0.0000487,0.0000001,0.0000001
54536,0.0000487,0.0000001,0.0000001
54537,0.0000487,0.0000001,0.0000001
54538,0.0000487,0.0000001,0.0000001
54539,0.0000487,0.0000001,0.0000001
54540,0.0000487,0.0000001,0.0000001
54541,0.0000487,0.0000001,0.0000001
54542,0.0000487,0.0000001,0.0000001
54543,0.0000486,0.0000001,0.0000001
54544,0.0000486,0.0000001,0.0000001
54545,0.0000486,0.0000001,0.0000001
54546,0.0000486,0.0000001,0.0000001
54547,0.0000486,0.0000001,0.0000001
54548,0.0000486,0.0000001,0.0000001
54549,0.0000486,0.0000001,0.0000001
54550,0.0000486,0.0000001,0.0000001
54551,0.0000486,0.0000001,0.0000001
54552,0.0000486,0.0000001,0.0000001
54553,0.0000486,0.0000001,0.0000001
54554,0.0000486,0.0000001,0.0000001
54555,0.0000486,0.0000001,0.0000001
54556,0.0000486,0.0000001,0.0000001
54557,0.0000486,0.0000001,0.0000001
54558,0.0000486,0.0000001,0.0000001
54559,0.0000486,0.0000001,0.0000001
54560,0.0000486,0.0000001,0.0000001
54561,0.0000486,0.0000001,0.0000001
54562,0.0000486,0.0000001,0.0000001
54563,0.0000486,0.0000001,0.0000001
54564,0.0000486,0.0000001,0.0000001
54565,0.0000486,0.0000001,0.0000001
54566,0.0000486,0.0000001,0.0000001
54567,0.0000486,0.0000001,0.0000001
54568,0.0000486,0.0000001,0.0000001
54569,0.0000486,0.0000001,0.0000001
54570,0.0000486,0.0000001,0.0000001
54571,0.0000486,0.0000001,0.0000001
54572,0.0000486,0.0000001,0.0000001
54573,0.0000486,0.0000001,0.0000001
54574,0.0000486,0.0000001,0.0000001
54575,0.0000486,0.0000001,0.0000001
54576,0.0000486,0.0000001,0.0000001
54577,0.0000486,0.0000001,0.0000001
54578,0.0000486,0.0000001,0.0000001
54579,0.0000486,0.0000001,0.0000001
54580,0.0000486,0.0000001,0.0000001
54581,0.0000486,0.0000001,0.0000001
54582,0.0000486,0.0000001,0.0000001
54583,0.0000486,0.0000001,0.0000001
54584,0.0000486,0.0000001,0.0000001
54585,0.0000486,0.0000001,0.0000001
54586,0.0000486,0.0000001,0.0000001
54587,0.0000486,0.0000001,0.0000001
54588,0.0000486,0.0000001,0.0000001
54589,0.0000485,0.0000001,0.0000001
54590,0.0000485,0.0000001,0.0000001
54591,0.0000485,0.0000001,0.0000001
54592,0.0000485,0.0000001,0.0000001
54593,0.0000485,0.0000001,0.0000001
54594,0.0000485,0.0000001,0.0000001
54595,0.0000485,0.0000001,0.0000001
54596,0.0000485,0.0000001,0.0000001
54597,0.0000485,0.0000001,0.0000001
54598,0.0000485,0.0000001,0.0000001
54599,0.0000485,0.0000001,0.0000001
54600,0.0000485,0.0000001,0.0000001
54601,0.0000485,0.0000001,0.0000001
54602,0.0000485,0.0000001,0.0000001
54603,0.0000485,0.0000001,0.0000001
54604,0.0000485,0.0000001,0.0000001
54605,0.0000485,0.0000001,0.0000001
54606,0.0000485,0.0000001,0.0000001
54607,0.0000485,0.0000001,0.0000001
54608,0.0000485,0.0000001,0.0000001
54609,0.0000485,0.0000001,0.0000001
54610,0.0000485,0.0000001,0.0000001
54611,0.0000485,0.0000001,0.0000001
54612,0.0000485,0.0000001,0.0000001
54613,0.0000485,0.0000001,0.0000001
54614,0.0000485,0.0000001,0.0000001
54615,0.0000485,0.0000001,0.0000001
54616,0.0000485,0.0000001,0.0000001
54617,0.0000485,0.0000001,0.0000001
54618,0.0000485,0.0000001,0.0000001
54619,0.0000485,0.0000001,0.0000001
54620,0.0000485,0.0000001,0.0000001
54621,0.0000485,0.0000001,0.0000001
54622,0.0000485,0.0000001,0.0000001
54623,0.0000485,0.0000001,0.0000001
54624,0.0000485,0.0000001,0.0000001
54625,0.0000485,0.0000001,0.0000001
54626,0.0000485,0.0000001,0.0000001
54627,0.0000485,0.0000001,0.0000001
54628,0.0000485,0.0000001,0.0000001
54629,0.0000485,0.0000001,0.0000001
54630,0.0000485,0.0000001,0.0000001
54631,0.0000485,0.0000001,0.0000001
54632,0.0000485,0.0000001,0.0000001
54633,0.0000485,0.0000001,0.0000001
54634,0.0000485,0.0000001,0.0000001
54635,0.0000484,0.0000001,0.0000001
54636,0.0000484,0.0000001,0.0000001
54637,0.0000484,0.0000001,0.0000001
54638,0.0000484,0.0000001,0.0000001
54639,0.0000484,0.0000001,0.0000001
54640,0.0000484,0.0000001,0.0000001
54641,0.0000484,0.0000001,0.0000001
54642,0.0000484,0.0000001,0.0000001
54643,0.0000484,0.0000001,0.0000001
54644,0.0000484,0.0000001,0.0000001
54645,0.0000484,0.0000001,0.0000001
54646,0.0000484,0.0000001,0.0000001
54647,0.0000484,0.0000001,0.0000001
54648,0.0000484,0.0000001,0.0000001
54649,0.0000484,0.0000001,0.0000001
54650,0.0000484,0.0000001,0.0000001
54651,0.0000484,0.0000001,0.0000001
54652,0.0000484,0.0000001,0.0000001
54653,0.0000484,0.0000001,0.0000001
54654,0.0000484,0.0000001,0.0000001
54655,0.0000484,0.0000001,0.0000001
54656,0.0000484,0.0000001,0.0000001
54657,0.0000484,0.0000001,0.0000001
54658,0.0000484,0.0000001,0.0000001
54659,0.0000484,0.0000001,0.0000001
54660,0.0000484,0.0000001,0.0000001
54661,0.0000484,0.0000001,0.0000001
54662,0.0000484,0.0000001,0.0000001
54663,0.0000484,0.0000001,0.0000001
54664,0.0000484,0.0000001,0.0000001
54665,0.0000484,0.0000001,0.0000001
54666,0.0000484,0.0000001,0.0000001
54667,0.0000484,0.0000001,0.0000001
54668,0.0000484,0.0000001,0.0000001
54669,0.0000484,0.0000001,0.0000001
54670,0.0000484,0.0000001,0.0000001
54671,0.0000484,0.0000001,0.0000001
54672,0.0000484,0.0000001,0.0000001
54673,0.0000484,0.0000001,0.0000001
54674,0.0000484,0.0000001,0.0000001
54675,0.0000484,0.0000001,0.0000001
54676,0.0000484,0.0000001,0.0000001
54677,0.0000484,0.0000001,0.0000001
54678,0.0000484,0.0000001,0.0000001
54679,0.0000484,0.0000001,0.0000001
54680,0.0000484,0.0000001,0.0000001
54681,0.0000483,0.0000001,0.0000001
54682,0.0000483,0.0000001,0.0000001
54683,0.0000483,0.0000001,0.0000001
54684,0.0000483,0.0000001,0.0000001
54685,0.0000483,0.0000001,0.0000001
54686,0.0000483,0.0000001,0.0000001
54687,0.0000483,0.0000001,0.0000001
54688,0.0000483,0.0000001,0.0000001
54689,0.0000483,0.0000001,0.0000001
54690,0.0000483,0.0000001,0.0000001
54691,0.0000483,0.0000001,0.0000001
54692,0.0000483,0.0000001,0.0000001
54693,0.0000483,0.0000001,0.0000001
54694,0.0000483,0.0000001,0.0000001
54695,0.0000483,0.0000001,0.0000001
54696,0.0000483,0.0000001,0.0000001
54697,0.0000483,0.0000001,0.0000001
54698,0.0000483,0.0000001,0.0000001
54699,0.0000483,0.0000001,0.0000001
54700,0.0000483,0.0000001,0.0000001
54701,0.0000483,0.0000001,0.0000001
54702,0.0000483,0.0000001,0.0000001
54703,0.0000483,0.0000001,0.0000001
54704,0.0000483,0.0000001,0.0000001
54705,0.0000483,0.0000001,0.0000001
54706,0.0000483,0.0000001,0.0000001
54707,0.0000483,0.0000001,0.0000001
54708,0.0000483,0.0000001,0.0000001
54709,0.0000483,0.0000001,0.0000001
54710,0.0000483,0.0000001,0.0000001
54711,0.0000483,0.0000001,0.0000001
54712,0.0000483,0.0000001,0.0000001
54713,0.0000483,0.0000001,0.0000001
54714,0.0000483,0.0000001,0.0000001
54715,0.0000483,0.0000001,0.0000001
54716,0.0000483,0.0000001,0.0000001
54717,0.0000483,0.0000001,0.0000001
54718,0.0000483,0.0000001,0.0000001
54719,0.0000483,0.0000001,0.0000001
54720,0.0000483,0.0000001,0.0000001
54721,0.0000483,0.0000001,0.0000001
54722,0.0000483,0.0000001,0.0000001
54723,0.0000483,0.0000001,0.0000001
54724,0.0000483,0.0000001,0.0000001
54725,0.0000483,0.0000001,0.0000001
54726,0.0000483,0.0000001,0.0000001
54727,0.0000482,0.0000001,0.0000001
54728,0.0000482,0.0000001,0.0000001
54729,0.0000482,0.0000001,0.0000001
54730,0.0000482,0.0000001,0.0000001
54731,0.0000482,0.0000001,0.0000001
54732,0.0000482,0.0000001,0.0000001
54733,0.0000482,0.0000001,0.0000001
54734,0.0000482,0.0000001,0.0000001
54735,0.0000482,0.0000001,0.0000001
54736,0.0000482,0.0000001,0.0000001
54737,0.0000482,0.0000001,0.0000001
54738,0.0000482,0.0000001,0.0000001
54739,0.0000482,0.0000001,0.0000001
54740,0.0000482,0.0000001,0.0000001
54741,0.0000482,0.0000001,0.0000001
54742,0.0000482,0.0000001,0.0000001
54743,0.0000482,0.0000001,0.0000001
54744,0.0000482,0.0000001,0.0000001
54745,0.0000482,0.0000001,0.0000001
54746,0.0000482,0.0000001,0.0000001
54747,0.0000482,0.0000001,0.0000001
54748,0.0000482,0.0000001,0.0000001
54749,0.0000482,0.0000001,0.0000001
54750,0.0000482,0.0000001,0.0000001
54751,0.0000482,0.0000001,0.0000001
54752,0.0000482,0.0000001,0.0000001
54753,0.0000482,0.0000001,0.0000001
54754,0.0000482,0.0000001,0.0000001
54755,0.0000482,0.0000001,0.0000001
54756,0.0000482,0.0000001,0.0000001
54757,0.0000482,0.0000001,0.0000001
54758,0.0000482,0.0000001,0.0000001
54759,0.0000482,0.0000001,0.0000001
54760,0.0000482,0.0000001,0.0000001
54761,0.0000482,0.0000001,0.0000001
54762,0.0000482,0.0000001,0.0000001
54763,0.0000482,0.0000001,0.0000001
54764,0.0000482,0.0000001,0.0000001
54765,0.0000482,0.0000001,0.0000001
54766,0.0000482,0.0000001,0.0000001
54767,0.0000482,0.0000001,0.0000001
54768,0.0000482,0.0000001,0.0000001
54769,0.0000482,0.0000001,0.0000001
54770,0.0000482,0.0000001,0.0000001
54771,0.0000482,0.0000001,0.0000001
54772,0.0000482,0.0000001,0.0000001
54773,0.0000481,0.0000001,0.0000001
54774,0.0000481,0.0000001,0.0000001
54775,0.0000481,0.0000001,0.0000001
54776,0.0000481,0.0000001,0.0000001
54777,0.0000481,0.0000001,0.0000001
54778,0.0000481,0.0000001,0.0000001
54779,0.0000481,0.0000001,0.0000001
54780,0.0000481,0.0000001,0.0000001
54781,0.0000481,0.0000001,0.0000001
54782,0.0000481,0.0000001,0.0000001
54783,0.0000481,0.0000001,0.0000001
54784,0.0000481,0.0000001,0.0000001
54785,0.0000481,0.0000001,0.0000001
54786,0.0000481,0.0000001,0.0000001
54787,0.0000481,0.0000001,0.0000001
54788,0.0000481,0.0000001,0.0000001
54789,0.0000481,0.0000001,0.0000001
54790,0.0000481,0.0000001,0.0000001
54791,0.0000481,0.0000001,0.0000001
54792,0.0000481,0.0000001,0.0000001
54793,0.0000481,0.0000001,0.0000001
54794,0.0000481,0.0000001,0.0000001
54795,0.0000481,0.0000001,0.0000001
54796,0.0000481,0.0000001,0.0000001
54797,0.0000481,0.0000001,0.0000001
54798,0.0000481,0.0000001,0.0000001
54799,0.0000481,0.0000001,0.0000001
54800,0.0000481,0.0000001,0.0000001
54801,0.0000481,0.0000001,0.0000001
54802,0.0000481,0.0000001,0.0000001
54803,0.0000481,0.0000001,0.0000001
54804,0.0000481,0.0000001,0.0000001
54805,0.0000481,0.0000001,0.0000001
54806,0.0000481,0.0000001,0.0000001
54807,0.0000481,0.0000001,0.0000001
54808,0.0000481,0.0000001,0.0000001
54809,0.0000481,0.0000001,0.0000001
54810,0.0000481,0.0000001,0.0000001
54811,0.0000481,0.0000001,0.0000001
54812,0.0000481,0.0000001,0.0000001
54813,0.0000481,0.0000001,0.0000001
54814,0.0000481,0.0000001,0.0000001
54815,0.0000481,0.0000001,0.0000001
54816,0.0000481,0.0000001,0.0000001
54817,0.0000481,0.0000001,0.0000001
54818,0.0000481,0.0000001,0.0000001
54819,0.0000481,0.0000001,0.0000001
54820,0.0000480,0.0000001,0.0000001
54821,0.0000480,0.0000001,0.0000001
54822,0.0000480,0.0000001,0.0000001
54823,0.0000480,0.0000001,0.0000001
54824,0.0000480,0.0000001,0.0000001
54825,0.0000480,0.0000001,0.0000001
54826,0.0000480,0.0000001,0.0000001
54827,0.0000480,0.0000001,0.0000001
54828,0.0000480,0.0000001,0.0000001
54829,0.0000480,0.0000001,0.0000001
54830,0.0000480,0.0000001,0.0000001
54831,0.0000480,0.0000001,0.0000001
54832,0.0000480,0.0000001,0.0000001
54833,0.0000480,0.0000001,0.0000001
54834,0.0000480,0.0000001,0.0000001
54835,0.0000480,0.0000001,0.0000001
54836,0.0000480,0.0000001,0.0000001
54837,0.0000480,0.0000001,0.0000001
54838,0.0000480,0.0000001,0.0000001
54839,0.0000480,0.0000001,0.0000001
54840,0.0000480,0.0000001,0.0000001
54841,0.0000480,0.0000001,0.0000001
54842,0.0000480,0.0000001,0.0000001
54843,0.0000480,0.0000001,0.0000001
54844,0.0000480,0.0000001,0.0000001
54845,0.0000480,0.0000001,0.0000001
54846,0.0000480,0.0000001,0.0000001
54847,0.0000480,0.0000001,0.0000001
54848,0.0000480,0.0000001,0.0000001
54849,0.0000480,0.0000001,0.0000001
54850,0.0000480,0.0000001,0.0000001
54851,0.0000480,0.0000001,0.0000001
54852,0.0000480,0.0000001,0.0000001
54853,0.0000480,0.0000001,0.0000001
54854,0.0000480,0.0000001,0.0000001
54855,0.0000480,0.0000001,0.0000001
54856,0.0000480,0.0000001,0.0000001
54857,0.0000480,0.0000001,0.0000001
54858,0.0000480,0.0000001,0.0000001
54859,0.0000480,0.0000001,0.0000001
54860,0.0000480,0.0000001,0.0000001
54861,0.0000480,0.0000001,0.0000001
54862,0.0000480,0.0000001,0.0000001
54863,0.0000480,0.0000001,0.0000001
54864,0.0000480,0.0000001,0.0000001
54865,0.0000480,0.0000001,0.0000001
54866,0.0000479,0.0000001,0.0000001
54867,0.0000479,0.0000001,0.0000001
54868,0.0000479,0.0000001,0.0000001
54869,0.0000479,0.0000001,0.0000001
54870,0.0000479,0.0000001,0.0000001
54871,0.0000479,0.0000001,0.0000001
54872,0.0000479,0.0000001,0.0000001
54873,0.0000479,0.0000001,0.0000001
54874,0.0000479,0.0000001,0.0000001
54875,0.0000479,0.0000001,0.0000001
54876,0.0000479,0.0000001,0.0000001
54877,0.0000479,0.0000001,0.0000001
54878,0.0000479,0.0000001,0.0000001
54879,0.0000479,0.0000001,0.0000001
54880,0.0000479,0.0000001,0.0000001
54881,0.0000479,0.0000001,0.0000001
54882,0.0000479,0.0000001,0.0000001
54883,0.0000479,0.0000001,0.0000001
54884,0.0000479,0.0000001,0.0000001
54885,0.0000479,0.0000001,0.0000001
54886,0.0000479,0.0000001,0.0000001
54887,0.0000479,0.0000001,0.0000001
54888,0.0000479,0.0000001,0.0000001
54889,0.0000479,0.0000001,0.0000001
54890,0.0000479,0.0000001,0.0000001
54891,0.0000479,0.0000001,0.0000001
54892,0.0000479,0.0000001,0.0000001
54893,0.0000479,0.0000001,0.0000001
54894,0.0000479,0.0000001,0.0000001
54895,0.0000479,0.0000001,0.0000001
54896,0.0000479,0.0000001,0.0000001
54897,0.0000479,0.0000001,0.0000001
54898,0.0000479,0.0000001,0.0000001
54899,0.0000479,0.0000001,0.0000001
54900,0.0000479,0.0000001,0.0000001
54901,0.0000479,0.0000001,0.0000001
54902,0.0000479,0.0000001,0.0000001
54903,0.0000479,0.0000001,0.0000001
54904,0.0000479,0.0000001,0.0000001
54905,0.0000479,0.0000001,0.0000001
54906,0.0000479,0.0000001,0.0000001
54907,0.0000479,0.0000001,0.0000001
54908,0.0000479,0.0000001,0.0000001
54909,0.0000479,0.0000001,0.0000001
54910,0.0000479,0.0000001,0.0000001
54911,0.0000479,0.0000001,0.0000001
54912,0.0000478,0.0000001,0.0000001
54913,0.0000478,0.0000001,0.0000001
54914,0.0000478,0.0000001,0.0000001
54915,0.0000478,0.0000001,0.0000001
54916,0.0000478,0.0000001,0.0000001
54917,0.0000478,0.0000001,0.0000001
54918,0.0000478,0.0000001,0.0000001
54919,0.0000478,0.0000001,0.0000001
54920,0.0000478,0.0000001,0.0000001
54921,0.0000478,0.0000001,0.0000001
54922,0.0000478,0.0000001,0.0000001
54923,0.0000478,0.0000001,0.0000001
54924,0.0000478,0.0000001,0.0000001
54925,0.0000478,0.0000001,0.0000001
54926,0.0000478,0.0000001,0.0000001
54927,0.0000478,0.0000001,0.0000001
54928,0.0000478,0.0000001,0.0000001
54929,0.0000478,0.0000001,0.0000001
54930,0.0000478,0.0000001,0.0000001
54931,0.0000478,0.0000001,0.0000001
54932,0.0000478,0.0000001,0.0000001
54933,0.0000478,0.0000001,0.0000001
54934,0.0000478,0.0000001,0.0000001
54935,0.0000478,0.0000001,0.0000001
54936,0.0000478,0.0000001,0.0000001
54937,0.0000478,0.0000001,0.0000001
54938,0.0000478,0.0000001,0.0000001
54939,0.0000478,0.0000001,0.0000001
54940,0.0000478,0.0000001,0.0000001
54941,0.0000478,0.0000001,0.0000001
54942,0.0000478,0.0000001,0.0000001
54943,0.0000478,0.0000001,0.0000001
54944,0.0000478,0.0000001,0.0000001
54945,0.0000478,0.0000001,0.0000001
54946,0.0000478,0.0000001,0.0000001
54947,0.0000478,0.0000001,0.0000001
54948,0.0000478,0.0000001,0.0000001
54949,0.0000478,0.0000001,0.0000001
54950,0.0000478,0.0000001,0.0000001
54951,0.0000478,0.0000001,0.0000001
54952,0.0000478,0.0000001,0.0000001
54953,0.0000478,0.0000001,0.0000001
54954,0.0000478,0.0000001,0.0000001
54955,0.0000478,0.0000001,0.0000001
54956,0.0000478,0.0000001,0.0000001
54957,0.0000478,0.0000001,0.0000001
54958,0.0000478,0.0000001,0.0000001
54959,0.0000477,0.0000001,0.0000001
54960,0.0000477,0.0000001,0.0000001
54961,0.0000477,0.0000001,0.0000001
54962,0.0000477,0.0000001,0.0000001
54963,0.0000477,0.0000001,0.0000001
54964,0.0000477,0.0000001,0.0000001
54965,0.0000477,0.0000001,0.0000001
54966,0.0000477,0.0000001,0.0000001
54967,0.0000477,0.0000001,0.0000001
54968,0.0000477,0.0000001,0.0000001
54969,0.0000477,0.0000001,0.0000001
54970,0.0000477,0.0000001,0.0000001
54971,0.0000477,0.0000001,0.0000001
54972,0.0000477,0.0000001,0.0000001
54973,0.0000477,0.0000001,0.0000001
54974,0.0000477,0.0000001,0.0000001
54975,0.0000477,0.0000001,0.0000001
54976,0.0000477,0.0000001,0.0000001
54977,0.0000477,0.0000001,0.0000001
54978,0.0000477,0.0000001,0.0000001
54979,0.0000477,0.0000001,0.0000001
54980,0.0000477,0.0000001,0.0000001
54981,0.0000477,0.0000001,0.0000001
54982,0.0000477,0.0000001,0.0000001
54983,0.0000477,0.0000001,0.0000001
54984,0.0000477,0.0000001,0.0000001
54985,0.0000477,0.0000001,0.0000001
54986,0.0000477,0.0000001,0.0000001
54987,0.0000477,0.0000001,0.0000001
54988,0.0000477,0.0000001,0.0000001
54989,0.0000477,0.0000001,0.0000001
54990,0.0000477,0.0000001,0.0000001
54991,0.0000477,0.0000001,0.0000001
54992,0.0000477,0.0000001,0.0000001
54993,0.0000477,0.0000001,0.0000001
54994,0.0000477,0.0000001,0.0000001
54995,0.0000477,0.0000001,0.0000001
54996,0.0000477,0.0000001,0.0000001
54997,0.0000477,0.0000001,0.0000001
54998,0.0000477,0.0000001,0.0000001
54999,0.0000477,0.0000001,0.0000001
55000,0.0000477,0.0000001,0.0000001
55001,0.0000477,0.0000001,0.0000001
55002,0.0000477,0.0000001,0.0000001
55003,0.0000477,0.0000001,0.0000001
55004,0.0000477,0.0000001,0.0000001
55005,0.0000476,0.0000001,0.0000001
55006,0.0000476,0.0000001,0.0000001
55007,0.0000476,0.0000001,0.0000001
55008,0.0000476,0.0000001,0.0000001
55009,0.0000476,0.0000001,0.0000001
55010,0.0000476,0.0000001,0.0000001
55011,0.0000476,0.0000001,0.0000001
55012,0.0000476,0.0000001,0.0000001
55013,0.0000476,0.0000001,0.0000001
55014,0.0000476,0.0000001,0.0000001
55015,0.0000476,0.0000001,0.0000001
55016,0.0000476,0.0000001,0.0000001
55017,0.0000476,0.0000001,0.0000001
55018,0.0000476,0.0000001,0.0000001
55019,0.0000476,0.0000001,0.0000001
55020,0.0000476,0.0000001,0.0000001
55021,0.0000476,0.0000001,0.0000001
55022,0.0000476,0.0000001,0.0000001
55023,0.0000476,0.0000001,0.0000001
55024,0.0000476,0.0000001,0.0000001
55025,0.0000476,0.0000001,0.0000001
55026,0.0000476,0.0000001,0.0000001
55027,0.0000476,0.0000001,0.0000001
55028,0.0000476,0.0000001,0.0000001
55029,0.0000476,0.0000001,0.0000001
55030,0.0000476,0.0000001,0.0000001
55031,0.0000476,0.0000001,0.0000001
55032,0.0000476,0.0000001,0.0000001
55033,0.0000476,0.0000001,0.0000001
55034,0.0000476,0.0000001,0.0000001
55035,0.0000476,0.0000001,0.0000001
55036,0.0000476,0.0000001,0.0000001
55037,0.0000476,0.0000001,0.0000001
55038,0.0000476,0.0000001,0.0000001
55039,0.0000476,0.0000001,0.0000001
55040,0.0000476,0.0000001,0.0000001
55041,0.0000476,0.0000001,0.0000001
55042,0.0000476,0.0000001,0.0000001
55043,0.0000476,0.0000001,0.0000001
55044,0.0000476,0.0000001,0.0000001
55045,0.0000476,0.0000001,0.0000001
55046,0.0000476,0.0000001,0.0000001
55047,0.0000476,0.0000001,0.0000001
55048,0.0000476,0.0000001,0.0000001
55049,0.0000476,0.0000001,0.0000001
55050,0.0000476,0.0000001,0.0000001
55051,0.0000476,0.0000001,0.0000001
55052,0.0000475,0.0000001,0.0000001
55053,0.0000475,0.0000001,0.0000001
55054,0.0000475,0.0000001,0.0000001
55055,0.0000475,0.0000001,0.0000001
55056,0.0000475,0.0000001,0.0000001
55057,0.0000475,0.0000001,0.0000001
55058,0.0000475,0.0000001,0.0000001
55059,0.0000475,0.0000001,0.0000001
55060,0.0000475,0.0000001,0.0000001
55061,0.0000475,0.0000001,0.0000001
55062,0.0000475,0.0000001,0.0000001
55063,0.0000475,0.0000001,0.0000001
55064,0.0000475,0.0000001,0.0000001
55065,0.0000475,0.0000001,0.0000001
55066,0.0000475,0.0000001,0.0000001
55067,0.0000475,0.0000001,0.0000001
55068,0.0000475,0.0000001,0.0000001
55069,0.0000475,0.0000001,0.0000001
55070,0.0000475,0.0000001,0.0000001
55071,0.0000475,0.0000001,0.0000001
55072,0.0000475,0.0000001,0.0000001
55073,0.0000475,0.0000001,0.0000001
55074,0.0000475,0.0000001,0.0000001
55075,0.0000475,0.0000001,0.0000001
55076,0.0000475,0.0000001,0.0000001
55077,0.0000475,0.0000001,0.0000001
55078,0.0000475,0.0000001,0.0000001
55079,0.0000475,0.0000001,0.0000001
55080,0.0000475,0.0000001,0.0000001
55081,0.0000475,0.0000001,0.0000001
55082,0.0000475,0.0000001,0.0000001
55083,0.0000475,0.0000001,0.0000001
55084,0.0000475,0.0000001,0.0000001
55085,0.0000475,0.0000001,0.0000001
55086,0.0000475,0.0000001,0.0000001
55087,0.0000475,0.0000001,0.0000001
55088,0.0000475,0.0000001,0.0000001
55089,0.0000475,0.0000001,0.0000001
55090,0.0000475,0.0000001,0.0000001
55091,0.0000475,0.0000001,0.0000001
55092,0.0000475,0.0000001,0.0000001
55093,0.0000475,0.0000001,0.0000001
55094,0.0000475,0.0000001,0.0000001
55095,0.0000475,0.0000001,0.0000001
55096,0.0000475,0.0000001,0.0000001
55097,0.0000475,0.0000001,0.0000001
55098,0.0000474,0.0000001,0.0000001
55099,0.0000474,0.0000001,0.0000001
55100,0.0000474,0.0000001,0.0000001
55101,0.0000474,0.0000001,0.0000001
55102,0.0000474,0.0000001,0.0000001
55103,0.0000474,0.0000001,0.0000001
55104,0.0000474,0.0000001,0.0000001
55105,0.0000474,0.0000001,0.0000001
55106,0.0000474,0.0000001,0.0000001
55107,0.0000474,0.0000001,0.0000001
55108,0.0000474,0.0000001,0.0000001
55109,0.0000474,0.0000001,0.0000001
55110,0.0000474,0.0000001,0.0000001
55111,0.0000474,0.0000001,0.0000001
55112,0.0000474,0.0000001,0.0000001
55113,0.0000474,0.0000001,0.0000001
55114,0.0000474,0.0000001,0.0000001
55115,0.0000474,0.0000001,0.0000001
55116,0.0000474,0.0000001,0.0000001
55117,0.0000474,0.0000001,0.0000001
55118,0.0000474,0.0000001,0.0000001
55119,0.0000474,0.0000001,0.0000001
55120,0.0000474,0.0000001,0.0000001
55121,0.0000474,0.0000001,0.0000001
55122,0.0000474,0.0000001,0.0000001
55123,0.0000474,0.0000001,0.0000001
55124,0.0000474,0.0000001,0.0000001
55125,0.0000474,0.0000001,0.0000001
55126,0.0000474,0.0000001,0.0000001
55127,0.0000474,0.0000001,0.0000001
55128,0.0000474,0.0000001,0.0000001
55129,0.0000474,0.0000001,0.0000001
55130,0.0000474,0.0000001,0.0000001
55131,0.0000474,0.0000001,0.0000001
55132,0.0000474,0.0000001,0.0000001
55133,0.0000474,0.0000001,0.0000001
55134,0.0000474,0.0000001,0.0000001
55135,0.0000474,0.0000001,0.0000001
55136,0.0000474,0.0000001,0.0000001
55137,0.0000474,0.0000001,0.0000001
55138,0.0000474,0.0000001,0.0000001
55139,0.0000474,0.0000001,0.0000001
55140,0.0000474,0.0000001,0.0000001
55141,0.0000474,0.0000001,0.0000001
55142,0.0000474,0.0000001,0.0000001
55143,0.0000474,0.0000001,0.0000001
55144,0.0000474,0.0000001,0.0000001
55145,0.0000473,0.0000001,0.0000001
55146,0.0000473,0.0000001,0.0000001
55147,0.0000473,0.0000001,0.0000001
55148,0.0000473,0.0000001,0.0000001
55149,0.0000473,0.0000001,0.0000001
55150,0.0000473,0.0000001,0.0000001
55151,0.0000473,0.0000001,0.0000001
55152,0.0000473,0.0000001,0.0000001
55153,0.0000473,0.0000001,0.0000001
55154,0.0000473,0.0000001,0.0000001
55155,0.0000473,0.0000001,0.0000001
55156,0.0000473,0.0000001,0.0000001
55157,0.0000473,0.0000001,0.0000001
55158,0.0000473,0.0000001,0.0000001
55159,0.0000473,0.0000001,0.0000001
55160,0.0000473,0.0000001,0.0000001
55161,0.0000473,0.0000001,0.0000001
55162,0.0000473,0.0000001,0.0000001
55163,0.0000473,0.0000001,0.0000001
55164,0.0000473,0.0000001,0.0000001
55165,0.0000473,0.0000001,0.0000001
55166,0.0000473,0.0000001,0.0000001
55167,0.0000473,0.0000001,0.0000001
55168,0.0000473,0.0000001,0.0000001
55169,0.0000473,0.0000001,0.0000001
55170,0.0000473,0.0000001,0.0000001
55171,0.0000473,0.0000001,0.0000001
55172,0.0000473,0.0000001,0.0000001
55173,0.0000473,0.0000001,0.0000001
55174,0.0000473,0.0000001,0.0000001
55175,0.0000473,0.0000001,0.0000001
55176,0.0000473,0.0000001,0.0000001
55177,0.0000473,0.0000001,0.0000001
55178,0.0000473,0.0000001,0.0000001
55179,0.0000473,0.0000001,0.0000001
55180,0.0000473,0.0000001,0.0000001
55181,0.0000473,0.0000001,0.0000001
55182,0.0000473,0.0000001,0.0000001
55183,0.0000473,0.0000001,0.0000001
55184,0.0000473,0.0000001,0.0000001
55185,0.0000473,0.0000001,0.0000001
55186,0.0000473,0.0000001,0.0000001
55187,0.0000473,0.0000001,0.0000001
55188,0.0000473,0.0000001,0.0000001
55189,0.0000473,0.0000001,0.0000001
55190,0.0000473,0.0000001,0.0000001
55191,0.0000473,0.0000001,0.0000001
55192,0.0000472,0.0000001,0.0000001
55193,0.0000472,0.0000001,0.0000001
55194,0.0000472,0.0000001,0.0000001
55195,0.0000472,0.0000001,0.0000001
55196,0.0000472,0.0000001,0.0000001
55197,0.0000472,0.0000001,0.0000001
55198,0.0000472,0.0000001,0.0000001
55199,0.0000472,0.0000001,0.0000001
55200,0.0000472,0.0000001,0.0000001
55201,0.0000472,0.0000001,0.0000001
55202,0.0000472,0.0000001,0.0000001
55203,0.0000472,0.0000001,0.0000001
55204,0.0000472,0.0000001,0.0000001
55205,0.0000472,0.0000001,0.0000001
55206,0.0000472,0.0000001,0.0000001
55207,0.0000472,0.0000001,0.0000001
55208,0.0000472,0.0000001,0.0000001
55209,0.0000472,0.0000001,0.0000001
55210,0.0000472,0.0000001,0.0000001
55211,0.0000472,0.0000001,0.0000001
55212,0.0000472,0.0000001,0.0000001
55213,0.0000472,0.0000001,0.0000001
55214,0.0000472,0.0000001,0.0000001
55215,0.0000472,0.0000001,0.0000001
55216,0.0000472,0.0000001,0.0000001
55217,0.0000472,0.0000001,0.0000001
55218,0.0000472,0.0000001,0.0000001
55219,0.0000472,0.0000001,0.0000001
55220,0.0000472,0.0000001,0.0000001
55221,0.0000472,0.0000001,0.0000001
55222,0.0000472,0.0000001,0.0000001
55223,0.0000472,0.0000001,0.0000001
55224,0.0000472,0.0000001,0.0000001
55225,0.0000472,0.0000001,0.0000001
55226,0.0000472,0.0000001,0.0000001
55227,0.0000472,0.0000001,0.0000001
55228,0.0000472,0.0000001,0.0000001
55229,0.0000472,0.0000001,0.0000001
55230,0.0000472,0.0000001,0.0000001
55231,0.0000472,0.0000001,0.0000001
55232,0.0000472,0.0000001,0.0000001
55233,0.0000472,0.0000001,0.0000001
55234,0.0000472,0.0000001,0.0000001
55235,0.0000472,0.0000001,0.0000001
55236,0.0000472,0.0000001,0.0000001
55237,0.0000472,0.0000001,0.0000001
55238,0.0000471,0.0000001,0.0000001
55239,0.0000471,0.0000001,0.0000001
55240,0.0000471,0.0000001,0.0000001
55241,0.0000471,0.0000001,0.0000001
55242,0.0000471,0.0000001,0.0000001
55243,0.0000471,0.0000001,0.0000001
55244,0.0000471,0.0000001,0.0000001
55245,0.0000471,0.0000001,0.0000001
55246,0.0000471,0.0000001,0.0000001
55247,0.0000471,0.0000001,0.0000001
55248,0.0000471,0.0000001,0.0000001
55249,0.0000471,0.0000001,0.0000001
55250,0.0000471,0.0000001,0.0000001
55251,0.0000471,0.0000001,0.0000001
55252,0.0000471,0.0000001,0.0000001
55253,0.0000471,0.0000001,0.0000001
55254,0.0000471,0.0000001,0.0000001
55255,0.0000471,0.0000001,0.0000001
55256,0.0000471,0.0000001,0.0000001
55257,0.0000471,0.0000001,0.0000001
55258,0.0000471,0.0000001,0.0000001
55259,0.0000471,0.0000001,0.0000001
55260,0.0000471,0.0000001,0.0000001
55261,0.0000471,0.0000001,0.0000001
55262,0.0000471,0.0000001,0.0000001
55263,0.0000471,0.0000001,0.0000001
55264,0.0000471,0.0000001,0.0000001
55265,0.0000471,0.0000001,0.0000001
55266,0.0000471,0.0000001,0.0000001
55267,0.0000471,0.0000001,0.0000001
55268,0.0000471,0.0000001,0.0000001
55269,0.0000471,0.0000001,0.0000001
55270,0.0000471,0.0000001,0.0000001
55271,0.0000471,0.0000001,0.0000001
55272,0.0000471,0.0000001,0.0000001
55273,0.0000471,0.0000001,0.0000001
55274,0.0000471,0.0000001,0.0000001
55275,0.0000471,0.0000001,0.0000001
55276,0.0000471,0.0000001,0.0000001
55277,0.0000471,0.0000001,0.0000001
55278,0.0000471,0.0000001,0.0000001
55279,0.0000471,0.0000001,0.0000001
55280,0.0000471,0.0000001,0.0000001
55281,0.0000471,0.0000001,0.0000001
55282,0.0000471,0.0000001,0.0000001
55283,0.0000471,0.0000001,0.0000001
55284,0.0000471,0.0000001,0.0000001
55285,0.0000470,0.0000001,0.0000001
55286,0.0000470,0.0000001,0.0000001
55287,0.0000470,0.0000001,0.0000001
55288,0.0000470,0.0000001,0.0000001
55289,0.0000470,0.0000001,0.0000001
55290,0.0000470,0.0000001,0.0000001
55291,0.0000470,0.0000001,0.0000001
55292,0.0000470,0.0000001,0.0000001
55293,0.0000470,0.0000001,0.0000001
55294,0.0000470,0.0000001,0.0000001
55295,0.0000470,0.0000001,0.0000001
55296,0.0000470,0.0000001,0.0000001
55297,0.0000470,0.0000001,0.0000001
55298,0.0000470,0.0000001,0.0000001
55299,0.0000470,0.0000001,0.0000001
55300,0.0000470,0.0000001,0.0000001
55301,0.0000470,0.0000001,0.0000001
55302,0.0000470,0.0000001,0.0000001
55303,0.0000470,0.0000001,0.0000001
55304,0.0000470,0.0000001,0.0000001
55305,0.0000470,0.0000001,0.0000001
55306,0.0000470,0.0000001,0.0000001
55307,0.0000470,0.0000001,0.0000001
55308,0.0000470,0.0000001,0.0000001
55309,0.0000470,0.0000001,0.0000001
55310,0.0000470,0.0000001,0.0000001
55311,0.0000470,0.0000001,0.0000001
55312,0.0000470,0.0000001,0.0000001
55313,0.0000470,0.0000001,0.0000001
55314,0.0000470,0.0000001,0.0000001
55315,0.0000470,0.0000001,0.0000001
55316,0.0000470,0.0000001,0.0000001
55317,0.0000470,0.0000001,0.0000001
55318,0.0000470,0.0000001,0.0000001
55319,0.0000470,0.0000001,0.0000001
55320,0.0000470,0.0000001,0.0000001
55321,0.0000470,0.0000001,0.0000001
55322,0.0000470,0.0000001,0.0000001
55323,0.0000470,0.0000001,0.0000001
55324,0.0000470,0.0000001,0.0000001
55325,0.0000470,0.0000001,0.0000001
55326,0.0000470,0.0000001,0.0000001
55327,0.0000470,0.0000001,0.0000001
55328,0.0000470,0.0000001,0.0000001
55329,0.0000470,0.0000001,0.0000001
55330,0.0000470,0.0000001,0.0000001
55331,0.0000470,0.0000001,0.0000001
55332,0.0000469,0.0000001,0.0000001
55333,0.0000469,0.0000001,0.0000001
55334,0.0000469,0.0000001,0.0000001
55335,0.0000469,0.0000001,0.0000001
55336,0.0000469,0.0000001,0.0000001
55337,0.0000469,0.0000001,0.0000001
55338,0.0000469,0.0000001,0.0000001
55339,0.0000469,0.0000001,0.0000001
55340,0.0000469,0.0000001,0.0000001
55341,0.0000469,0.0000001,0.0000001
55342,0.0000469,0.0000001,0.0000001
55343,0.0000469,0.0000001,0.0000001
55344,0.0000469,0.0000001,0.0000001
55345,0.0000469,0.0000001,0.0000001
55346,0.0000469,0.0000001,0.0000001
55347,0.0000469,0.0000001,0.0000001
55348,0.0000469,0.0000001,0.0000001
55349,0.0000469,0.0000001,0.0000001
55350,0.0000469,0.0000001,0.0000001
55351,0.0000469,0.0000001,0.0000001
55352,0.0000469,0.0000001,0.0000001
55353,0.0000469,0.0000001,0.0000001
55354,0.0000469,0.0000001,0.0000001
55355,0.0000469,0.0000001,0.0000001
55356,0.0000469,0.0000001,0.0000001
55357,0.0000469,0.0000001,0.0000001
55358,0.0000469,0.0000001,0.0000001
55359,0.0000469,0.0000001,0.0000001
55360,0.0000469,0.0000001,0.0000001
55361,0.0000469,0.0000001,0.0000001
55362,0.0000469,0.0000001,0.0000001
55363,0.0000469,0.0000001,0.0000001
55364,0.0000469,0.0000001,0.0000001
55365,0.0000469,0.0000001,0.0000001
55366,0.0000469,0.0000001,0.0000001
55367,0.0000469,0.0000001,0.0000001
55368,0.0000469,0.0000001,0.0000001
55369,0.0000469,0.0000001,0.0000001
55370,0.0000469,0.0000001,0.0000001
55371,0.0000469,0.0000001,0.0000001
55372,0.0000469,0.0000001,0.0000001
55373,0.0000469,0.0000001,0.0000001
55374,0.0000469,0.0000001,0.0000001
55375,0.0000469,0.0000001,0.0000001
55376,0.0000469,0.0000001,0.0000001
55377,0.0000469,0.0000001,0.0000001
55378,0.0000469,0.0000001,0.0000001
55379,0.0000468,0.0000001,0.0000001
55380,0.0000468,0.0000001,0.0000001
55381,0.0000468,0.0000001,0.0000001
55382,0.0000468,0.0000001,0.0000001
55383,0.0000468,0.0000001,0.0000001
55384,0.0000468,0.0000001,0.0000001
55385,0.0000468,0.0000001,0.0000001
55386,0.0000468,0.0000001,0.0000001
55387,0.0000468,0.0000001,0.0000001
55388,0.0000468,0.0000001,0.0000001
55389,0.0000468,0.0000001,0.0000001
55390,0.0000468,0.0000001,0.0000001
55391,0.0000468,0.0000001,0.0000001
55392,0.0000468,0.0000001,0.0000001
55393,0.0000468,0.0000001,0.0000001
55394,0.0000468,0.0000001,0.0000001
55395,0.0000468,0.0000001,0.0000001
55396,0.0000468,0.0000001,0.0000001
55397,0.0000468,0.0000001,0.0000001
55398,0.0000468,0.0000001,0.0000001
55399,0.0000468,0.0000001,0.0000001
55400,0.0000468,0.0000001,0.0000001
55401,0.0000468,0.0000001,0.0000001
55402,0.0000468,0.0000001,0.0000001
55403,0.0000468,0.0000001,0.0000001
55404,0.0000468,0.0000001,0.0000001
55405,0.0000468,0.0000001,0.0000001
55406,0.0000468,0.0000001,0.0000001
55407,0.0000468,0.0000001,0.0000001
55408,0.0000468,0.0000001,0.0000001
55409,0.0000468,0.0000001,0.0000001
55410,0.0000468,0.0000001,0.0000001
55411,0.0000468,0.0000001,0.0000001
55412,0.0000468,0.0000001,0.0000001
55413,0.0000468,0.0000001,0.0000001
55414,0.0000468,0.0000001,0.0000001
55415,0.0000468,0.0000001,0.0000001
55416,0.0000468,0.0000001,0.0000001
55417,0.0000468,0.0000001,0.0000001
55418,0.0000468,0.0000001,0.0000001
55419,0.0000468,0.0000001,0.0000001
55420,0.0000468,0.0000001,0.0000001
55421,0.0000468,0.0000001,0.0000001
55422,0.0000468,0.0000001,0.0000001
55423,0.0000468,0.0000001,0.0000001
55424,0.0000468,0.0000001,0.0000001
55425,0.0000468,0.0000001,0.0000001
55426,0.0000467,0.0000001,0.0000001
55427,0.0000467,0.0000001,0.0000001
55428,0.0000467,0.0000001,0.0000001
55429,0.0000467,0.0000001,0.0000001
55430,0.0000467,0.0000001,0.0000001
55431,0.0000467,0.0000001,0.0000001
55432,0.0000467,0.0000001,0.0000001
55433,0.0000467,0.0000001,0.0000001
55434,0.0000467,0.0000001,0.0000001
55435,0.0000467,0.0000001,0.0000001
55436,0.0000467,0.0000001,0.0000001
55437,0.0000467,0.0000001,0.0000001
55438,0.0000467,0.0000001,0.0000001
55439,0.0000467,0.0000001,0.0000001
55440,0.0000467,0.0000001,0.0000001
55441,0.0000467,0.0000001,0.0000001
55442,0.0000467,0.0000001,0.0000001
55443,0.0000467,0.0000001,0.0000001
55444,0.0000467,0.0000001,0.0000001
55445,0.0000467,0.0000001,0.0000001
55446,0.0000467,0.0000001,0.0000001
55447,0.0000467,0.0000001,0.0000001
55448,0.0000467,0.0000001,0.0000001
55449,0.0000467,0.0000001,0.0000001
55450,0.0000467,0.0000001,0.0000001
55451,0.0000467,0.0000001,0.0000001
55452,0.0000467,0.0000001,0.0000001
55453,0.0000467,0.0000001,0.0000001
55454,0.0000467,0.0000001,0.0000001
55455,0.0000467,0.0000001,0.0000001
55456,0.0000467,0.0000001,0.0000001
55457,0.0000467,0.0000001,0.0000001
55458,0.0000467,0.0000001,0.0000001
55459,0.0000467,0.0000001,0.0000001
55460,0.0000467,0.0000001,0.0000001
55461,0.0000467,0.0000001,0.0000001
55462,0.0000467,0.0000001,0.0000001
55463,0.0000467,0.0000001,0.0000001
55464,0.0000467,0.0000001,0.0000001
55465,0.0000467,0.0000001,0.0000001
55466,0.0000467,0.0000001,0.0000001
55467,0.0000467,0.0000001,0.0000001
55468,0.0000467,0.0000001,0.0000001
55469,0.0000467,0.0000001,0.0000001
55470,0.0000467,0.0000001,0.0000001
55471,0.0000467,0.0000001,0.0000001
55472,0.0000467,0.0000001,0.0000001
55473,0.0000467,0.0000001,0.0000001
55474,0.0000466,0.0000001,0.0000001
55475,0.0000466,0.0000001,0.0000001
55476,0.0000466,0.0000001,0.0000001
55477,0.0000466,0.0000001,0.0000001
55478,0.0000466,0.0000001,0.0000001
55479,0.0000466,0.0000001,0.0000001
55480,0.0000466,0.0000001,0.0000001
55481,0.0000466,0.0000001,0.0000001
55482,0.0000466,0.0000001,0.0000001
55483,0.0000466,0.0000001,0.0000001
55484,0.0000466,0.0000001,0.0000001
55485,0.0000466,0.0000001,0.0000001
55486,0.0000466,0.0000001,0.0000001
55487,0.0000466,0.0000001,0.0000001
55488,0.0000466,0.0000001,0.0000001
55489,0.0000466,0.0000001,0.0000001
55490,0.0000466,0.0000001,0.0000001
55491,0.0000466,0.0000001,0.0000001
55492,0.0000466,0.0000001,0.0000001
55493,0.0000466,0.0000001,0.0000001
55494,0.0000466,0.0000001,0.0000001
55495,0.0000466,0.0000001,0.0000001
55496,0.0000466,0.0000001,0.0000001
55497,0.0000466,0.0000001,0.0000001
55498,0.0000466,0.0000001,0.0000001
55499,0.0000466,0.0000001,0.0000001
55500,0.0000466,0.0000001,0.0000001
55501,0.0000466,0.0000001,0.0000001
55502,0.0000466,0.0000001,0.0000001
55503,0.0000466,0.0000001,0.0000001
55504,0.0000466,0.0000001,0.0000001
55505,0.0000466,0.0000001,0.0000001
55506,0.0000466,0.0000001,0.0000001
55507,0.0000466,0.0000001,0.0000001
55508,0.0000466,0.0000001,0.0000001
55509,0.0000466,0.0000001,0.0000001
55510,0.0000466,0.0000001,0.0000001
55511,0.0000466,0.0000001,0.0000001
55512,0.0000466,0.0000001,0.0000001
55513,0.0000466,0.0000001,0.0000001
55514,0.0000466,0.0000001,0.0000001
55515,0.0000466,0.0000001,0.0000001
55516,0.0000466,0.0000001,0.0000001
55517,0.0000466,0.0000001,0.0000001
55518,0.0000466,0.0000001,0.0000001
55519,0.0000466,0.0000001,0.0000001
55520,0.0000466,0.0000001,0.0000001
55521,0.0000465,0.0000001,0.0000001
55522,0.0000465,0.0000001,0.0000001
55523,0.0000465,0.0000001,0.0000001
55524,0.0000465,0.0000001,0.0000001
55525,0.0000465,0.0000001,0.0000001
55526,0.0000465,0.0000001,0.0000001
55527,0.0000465,0.0000001,0.0000001
55528,0.0000465,0.0000001,0.0000001
55529,0.0000465,0.0000001,0.0000001
55530,0.0000465,0.0000001,0.0000001
55531,0.0000465,0.0000001,0.0000001
55532,0.0000465,0.0000001,0.0000001
55533,0.0000465,0.0000001,0.0000001
55534,0.0000465,0.0000001,0.0000001
55535,0.0000465,0.0000001,0.0000001
55536,0.0000465,0.0000001,0.0000001
55537,0.0000465,0.0000001,0.0000001
55538,0.0000465,0.0000001,0.0000001
55539,0.0000465,0.0000001,0.0000001
55540,0.0000465,0.0000001,0.0000001
55541,0.0000465,0.0000001,0.0000001
55542,0.0000465,0.0000001,0.0000001
55543,0.0000465,0.0000001,0.0000001
55544,0.0000465,0.0000001,0.0000001
55545,0.0000465,0.0000001,0.0000001
55546,0.0000465,0.0000001,0.0000001
55547,0.0000465,0.0000001,0.0000001
55548,0.0000465,0.0000001,0.0000001
55549,0.0000465,0.0000001,0.0000001
55550,0.0000465,0.0000001,0.0000001
55551,0.0000465,0.0000001,0.0000001
55552,0.0000465,0.0000001,0.0000001
55553,0.0000465,0.0000001,0.0000001
55554,0.0000465,0.0000001,0.0000001
55555,0.0000465,0.0000001,0.0000001
55556,0.0000465,0.0000001,0.0000001
55557,0.0000465,0.0000001,0.0000001
55558,0.0000465,0.0000001,0.0000001
55559,0.0000465,0.0000001,0.0000001
55560,0.0000465,0.0000001,0.0000001
55561,0.0000465,0.0000001,0.0000001
55562,0.0000465,0.0000001,0.0000001
55563,0.0000465,0.0000001,0.0000001
55564,0.0000465,0.0000001,0.0000001
55565,0.0000465,0.0000001,0.0000001
55566,0.0000465,0.0000001,0.0000001
55567,0.0000465,0.0000001,0.0000001
55568,0.0000464,0.0000001,0.0000001
55569,0.0000464,0.0000001,0.0000001
55570,0.0000464,0.0000001,0.0000001
55571,0.0000464,0.0000001,0.0000001
55572,0.0000464,0.0000001,0.0000001
55573,0.0000464,0.0000001,0.0000001
55574,0.0000464,0.0000001,0.0000001
55575,0.0000464,0.0000001,0.0000001
55576,0.0000464,0.0000001,0.0000001
55577,0.0000464,0.0000001,0.0000001
55578,0.0000464,0.0000001,0.0000001
55579,0.0000464,0.0000001,0.0000001
55580,0.0000464,0.0000001,0.0000001
55581,0.0000464,0.0000001,0.0000001
55582,0.0000464,0.0000001,0.0000001
55583,0.0000464,0.0000001,0.0000001
55584,0.0000464,0.0000001,0.0000001
55585,0.0000464,0.0000001,0.0000001
55586,0.0000464,0.0000001,0.0000001
55587,0.0000464,0.0000001,0.0000001
55588,0.0000464,0.0000001,0.0000001
55589,0.0000464,0.0000001,0.0000001
55590,0.0000464,0.0000001,0.0000001
55591,0.0000464,0.0000001,0.0000001
55592,0.0000464,0.0000001,0.0000001
55593,0.0000464,0.0000001,0.0000001
55594,0.0000464,0.0000001,0.0000001
55595,0.0000464,0.0000001,0.0000001
55596,0.0000464,0.0000001,0.0000001
55597,0.0000464,0.0000001,0.0000001
55598,0.0000464,0.0000001,0.0000001
55599,0.0000464,0.0000001,0.0000001
55600,0.0000464,0.0000001,0.0000001
55601,0.0000464,0.0000001,0.0000001
55602,0.0000464,0.0000001,0.0000001
55603,0.0000464,0.0000001,0.0000001
55604,0.0000464,0.0000001,0.0000001
55605,0.0000464,0.0000001,0.0000001
55606,0.0000464,0.0000001,0.0000001
55607,0.0000464,0.0000001,0.0000001
55608,0.0000464,0.0000001,0.0000001
55609,0.0000464,0.0000001,0.0000001
55610,0.0000464,0.0000001,0.0000001
55611,0.0000464,0.0000001,0.0000001
55612,0.0000464,0.0000001,0.0000001
55613,0.0000464,0.0000001,0.0000001
55614,0.0000464,0.0000001,0.0000001
55615,0.0000464,0.0000001,0.0000001
55616,0.0000463,0.0000001,0.0000001
55617,0.0000463,0.0000001,0.0000001
55618,0.0000463,0.0000001,0.0000001
55619,0.0000463,0.0000001,0.0000001
55620,0.0000463,0.0000001,0.0000001
55621,0.0000463,0.0000001,0.0000001
55622,0.0000463,0.0000001,0.0000001
55623,0.0000463,0.0000001,0.0000001
55624,0.0000463,0.0000001,0.0000001
55625,0.0000463,0.0000001,0.0000001
55626,0.0000463,0.0000001,0.0000001
55627,0.0000463,0.0000001,0.0000001
55628,0.0000463,0.0000001,0.0000001
55629,0.0000463,0.0000001,0.0000001
55630,0.0000463,0.0000001,0.0000001
55631,0.0000463,0.0000001,0.0000001
55632,0.0000463,0.0000001,0.0000001
55633,0.0000463,0.0000001,0.0000001
55634,0.0000463,0.0000001,0.0000001
55635,0.0000463,0.0000001,0.0000001
55636,0.0000463,0.0000001,0.0000001
55637,0.0000463,0.0000001,0.0000001
55638,0.0000463,0.0000001,0.0000001
55639,0.0000463,0.0000001,0.0000001
55640,0.0000463,0.0000001,0.0000001
55641,0.0000463,0.0000001,0.0000001
55642,0.0000463,0.0000001,0.0000001
55643,0.0000463,0.0000001,0.0000001
55644,0.0000463,0.0000001,0.0000001
55645,0.0000463,0.0000001,0.0000001
55646,0.0000463,0.0000001,0.0000001
55647,0.0000463,0.0000001,0.0000001
55648,0.0000463,0.0000001,0.0000001
55649,0.0000463,0.0000001,0.0000001
55650,0.0000463,0.0000001,0.0000001
55651,0.0000463,0.0000001,0.0000001
55652,0.0000463,0.0000001,0.0000001
55653,0.0000463,0.0000001,0.0000001
55654,0.0000463,0.0000001,0.0000001
55655,0.0000463,0.0000001,0.0000001
55656,0.0000463,0.0000001,0.0000001
55657,0.0000463,0.0000001,0.0000001
55658,0.0000463,0.0000001,0.0000001
55659,0.0000463,0.0000001,0.0000001
55660,0.0000463,0.0000001,0.0000001
55661,0.0000463,0.0000001,0.0000001
55662,0.0000463,0.0000001,0.0000001
55663,0.0000462,0.0000001,0.0000001
55664,0.0000462,0.0000001,0.0000001
55665,0.0000462,0.0000001,0.0000001
55666,0.0000462,0.0000001,0.0000001
55667,0.0000462,0.0000001,0.0000001
55668,0.0000462,0.0000001,0.0000001
55669,0.0000462,0.0000001,0.0000001
55670,0.0000462,0.0000001,0.0000001
55671,0.0000462,0.0000001,0.0000001
55672,0.0000462,0.0000001,0.0000001
55673,0.0000462,0.0000001,0.0000001
55674,0.0000462,0.0000001,0.0000001
55675,0.0000462,0.0000001,0.0000001
55676,0.0000462,0.0000001,0.0000001
55677,0.0000462,0.0000001,0.0000001
55678,0.0000462,0.0000001,0.0000001
55679,0.0000462,0.0000001,0.0000001
55680,0.0000462,0.0000001,0.0000001
55681,0.0000462,0.0000001,0.0000001
55682,0.0000462,0.0000001,0.0000001
55683,0.0000462,0.0000001,0.0000001
55684,0.0000462,0.0000001,0.0000001
55685,0.0000462,0.0000001,0.0000001
55686,0.0000462,0.0000001,0.0000001
55687,0.0000462,0.0000001,0.0000001
55688,0.0000462,0.0000001,0.0000001
55689,0.0000462,0.0000001,0.0000001
55690,0.0000462,0.0000001,0.0000001
55691,0.0000462,0.0000001,0.0000001
55692,0.0000462,0.0000001,0.0000001
55693,0.0000462,0.0000001,0.0000001
55694,0.0000462,0.0000001,0.0000001
55695,0.0000462,0.0000001,0.0000001
55696,0.0000462,0.0000001,0.0000001
55697,0.0000462,0.0000001,0.0000001
55698,0.0000462,0.0000001,0.0000001
55699,0.0000462,0.0000001,0.0000001
55700,0.0000462,0.0000001,0.0000001
55701,0.0000462,0.0000001,0.0000001
55702,0.0000462,0.0000001,0.0000001
55703,0.0000462,0.0000001,0.0000001
55704,0.0000462,0.0000001,0.0000001
55705,0.0000462,0.0000001,0.0000001
55706,0.0000462,0.0000001,0.0000001
55707,0.0000462,0.0000001,0.0000001
55708,0.0000462,0.0000001,0.0000001
55709,0.0000462,0.0000001,0.0000001
55710,0.0000462,0.0000001,0.0000001
55711,0.0000461,0.0000001,0.0000001
55712,0.0000461,0.0000001,0.0000001
55713,0.0000461,0.0000001,0.0000001
55714,0.0000461,0.0000001,0.0000001
55715,0.0000461,0.0000001,0.0000001
55716,0.0000461,0.0000001,0.0000001
55717,0.0000461,0.0000001,0.0000001
55718,0.0000461,0.0000001,0.0000001
55719,0.0000461,0.0000001,0.0000001
55720,0.0000461,0.0000001,0.0000001
55721,0.0000461,0.0000001,0.0000001
55722,0.0000461,0.0000001,0.0000001
55723,0.0000461,0.0000001,0.0000001
55724,0.0000461,0.0000001,0.0000001
55725,0.0000461,0.0000001,0.0000001
55726,0.0000461,0.0000001,0.0000001
55727,0.0000461,0.0000001,0.0000001
55728,0.0000461,0.0000001,0.0000001
55729,0.0000461,0.0000001,0.0000001
55730,0.0000461,0.0000001,0.0000001
55731,0.0000461,0.0000001,0.0000001
55732,0.0000461,0.0000001,0.0000001
55733,0.0000461,0.0000001,0.0000001
55734,0.0000461,0.0000001,0.0000001
55735,0.0000461,0.0000001,0.0000001
55736,0.0000461,0.0000001,0.0000001
55737,0.0000461,0.0000001,0.0000001
55738,0.0000461,0.0000001,0.0000001
55739,0.0000461,0.0000001,0.0000001
55740,0.0000461,0.0000001,0.0000001
55741,0.0000461,0.0000001,0.0000001
55742,0.0000461,0.0000001,0.0000001
55743,0.0000461,0.0000001,0.0000001
55744,0.0000461,0.0000001,0.0000001
55745,0.0000461,0.0000001,0.0000001
55746,0.0000461,0.0000001,0.0000001
55747,0.0000461,0.0000001,0.0000001
55748,0.0000461,0.0000001,0.0000001
55749,0.0000461,0.0000001,0.0000001
55750,0.0000461,0.0000001,0.0000001
55751,0.0000461,0.0000001,0.0000001
55752,0.0000461,0.0000001,0.0000001
55753,0.0000461,0.0000001,0.0000001
55754,0.0000461,0.0000001,0.0000001
55755,0.0000461,0.0000001,0.0000001
55756,0.0000461,0.0000001,0.0000001
55757,0.0000461,0.0000001,0.0000001
55758,0.0000461,0.0000001,0.0000001
55759,0.0000460,0.0000001,0.0000001
55760,0.0000460,0.0000001,0.0000001
55761,0.0000460,0.0000001,0.0000001
55762,0.0000460,0.0000001,0.0000001
55763,0.0000460,0.0000001,0.0000001
55764,0.0000460,0.0000001,0.0000001
55765,0.0000460,0.0000001,0.0000001
55766,0.0000460,0.0000001,0.0000001
55767,0.0000460,0.0000001,0.0000001
55768,0.0000460,0.0000001,0.0000001
55769,0.0000460,0.0000001,0.0000001
55770,0.0000460,0.0000001,0.0000001
55771,0.0000460,0.0000001,0.0000001
55772,0.0000460,0.0000001,0.0000001
55773,0.0000460,0.0000001,0.0000001
55774,0.0000460,0.0000001,0.0000001
55775,0.0000460,0.0000001,0.0000001
55776,0.0000460,0.0000001,0.0000001
55777,0.0000460,0.0000001,0.0000001
55778,0.0000460,0.0000001,0.0000001
55779,0.0000460,0.0000001,0.0000001
55780,0.0000460,0.0000001,0.0000001
55781,0.0000460,0.0000001,0.0000001
55782,0.0000460,0.0000001,0.0000001
55783,0.0000460,0.0000001,0.0000001
55784,0.0000460,0.0000001,0.0000001
55785,0.0000460,0.0000001,0.0000001
55786,0.0000460,0.0000001,0.0000001
55787,0.0000460,0.0000001,0.0000001
55788,0.0000460,0.0000001,0.0000001
55789,0.0000460,0.0000001,0.0000001
55790,0.0000460,0.0000001,0.0000001
55791,0.0000460,0.0000001,0.0000001
55792,0.0000460,0.0000001,0.0000001
55793,0.0000460,0.0000001,0.0000001
55794,0.0000460,0.0000001,0.0000001
55795,0.0000460,0.0000001,0.0000001
55796,0.0000460,0.0000001,0.0000001
55797,0.0000460,0.0000001,0.0000001
55798,0.0000460,0.0000001,0.0000001
55799,0.0000460,0.0000001,0.0000001
55800,0.0000460,0.0000001,0.0000001
55801,0.0000460,0.0000001,0.0000001
55802,0.0000460,0.0000001,0.0000001
55803,0.0000460,0.0000001,0.0000001
55804,0.0000460,0.0000001,0.0000001
55805,0.0000460,0.0000001,0.0000001
55806,0.0000460,0.0000001,0.0000001
55807,0.0000459,0.0000001,0.0000001
55808,0.0000459,0.0000001,0.0000001
55809,0.0000459,0.0000001,0.0000001
55810,0.0000459,0.0000001,0.0000001
55811,0.0000459,0.0000001,0.0000001
55812,0.0000459,0.0000001,0.0000001
55813,0.0000459,0.0000001,0.0000001
55814,0.0000459,0.0000001,0.0000001
55815,0.0000459,0.0000001,0.0000001
55816,0.0000459,0.0000001,0.0000001
55817,0.0000459,0.0000001,0.0000001
55818,0.0000459,0.0000001,0.0000001
55819,0.0000459,0.0000001,0.0000001
55820,0.0000459,0.0000001,0.0000001
55821,0.0000459,0.0000001,0.0000001
55822,0.0000459,0.0000001,0.0000001
55823,0.0000459,0.0000001,0.0000001
55824,0.0000459,0.0000001,0.0000001
55825,0.0000459,0.0000001,0.0000001
55826,0.0000459,0.0000001,0.0000001
55827,0.0000459,0.0000001,0.0000001
55828,0.0000459,0.0000001,0.0000001
55829,0.0000459,0.0000001,0.0000001
55830,0.0000459,0.0000001,0.0000001
55831,0.0000459,0.0000001,0.0000001
55832,0.0000459,0.0000001,0.0000001
55833,0.0000459,0.0000001,0.0000001
55834,0.0000459,0.0000001,0.0000001
55835,0.0000459,0.0000001,0.0000001
55836,0.0000459,0.0000001,0.0000001
55837,0.0000459,0.0000001,0.0000001
55838,0.0000459,0.0000001,0.0000001
55839,0.0000459,0.0000001,0.0000001
55840,0.0000459,0.0000001,0.0000001
55841,0.0000459,0.0000001,0.0000001
55842,0.0000459,0.0000001,0.0000001
55843,0.0000459,0.0000001,0.0000001
55844,0.0000459,0.0000001,0.0000001
55845,0.0000459,0.0000001,0.0000001
55846,0.0000459,0.0000001,0.0000001
55847,0.0000459,0.0000001,0.0000001
55848,0.0000459,0.0000001,0.0000001
55849,0.0000459,0.0000001,0.0000001
55850,0.0000459,0.0000001,0.0000001
55851,0.0000459,0.0000001,0.0000001
55852,0.0000459,0.0000001,0.0000001
55853,0.0000459,0.0000001,0.0000001
55854,0.0000459,0.0000001,0.0000001
55855,0.0000458,0.0000001,0.0000001
55856,0.0000458,0.0000001,0.0000001
55857,0.0000458,0.0000001,0.0000001
55858,0.0000458,0.0000001,0.0000001
55859,0.0000458,0.0000001,0.0000001
55860,0.0000458,0.0000001,0.0000001
55861,0.0000458,0.0000001,0.0000001
55862,0.0000458,0.0000001,0.0000001
55863,0.0000458,0.0000001,0.0000001
55864,0.0000458,0.0000001,0.0000001
55865,0.0000458,0.0000001,0.0000001
55866,0.0000458,0.0000001,0.0000001
55867,0.0000458,0.0000001,0.0000001
55868,0.0000458,0.0000001,0.0000001
55869,0.0000458,0.0000001,0.0000001
55870,0.0000458,0.0000001,0.0000001
55871,0.0000458,0.0000001,0.0000001
55872,0.0000458,0.0000001,0.0000001
55873,0.0000458,0.0000001,0.0000001
55874,0.0000458,0.0000001,0.0000001
55875,0.0000458,0.0000001,0.0000001
55876,0.0000458,0.0000001,0.0000001
55877,0.0000458,0.0000001,0.0000001
55878,0.0000458,0.0000001,0.0000001
55879,0.0000458,0.0000001,0.0000001
55880,0.0000458,0.0000001,0.0000001
55881,0.0000458,0.0000001,0.0000001
55882,0.0000458,0.0000001,0.0000001
55883,0.0000458,0.0000001,0.0000001
55884,0.0000458,0.0000001,0.0000001
55885,0.0000458,0.0000001,0.0000001
55886,0.0000458,0.0000001,0.0000001
55887,0.0000458,0.0000001,0.0000001
55888,0.0000458,0.0000001,0.0000001
55889,0.0000458,0.0000001,0.0000001
55890,0.0000458,0.0000001,0.0000001
55891,0.0000458,0.0000001,0.0000001
55892,0.0000458,0.0000001,0.0000001
55893,0.0000458,0.0000001,0.0000001
55894,0.0000458,0.0000001,0.0000001
55895,0.0000458,0.0000001,0.0000001
55896,0.0000458,0.0000001,0.0000001
55897,0.0000458,0.0000001,0.0000001
55898,0.0000458,0.0000001,0.0000001
55899,0.0000458,0.0000001,0.0000001
55900,0.0000458,0.0000001,0.0000001
55901,0.0000458,0.0000001,0.0000001
55902,0.0000458,0.0000001,0.0000001
55903,0.0000457,0.0000001,0.0000001
55904,0.0000457,0.0000001,0.0000001
55905,0.0000457,0.0000001,0.0000001
55906,0.0000457,0.0000001,0.0000001
55907,0.0000457,0.0000001,0.0000001
55908,0.0000457,0.0000001,0.0000001
55909,0.0000457,0.0000001,0.0000001
55910,0.0000457,0.0000001,0.0000001
55911,0.0000457,0.0000001,0.0000001
55912,0.0000457,0.0000001,0.0000001
55913,0.0000457,0.0000001,0.0000001
55914,0.0000457,0.0000001,0.0000001
55915,0.0000457,0.0000001,0.0000001
55916,0.0000457,0.0000001,0.0000001
55917,0.0000457,0.0000001,0.0000001
55918,0.0000457,0.0000001,0.0000001
55919,0.0000457,0.0000001,0.0000001
55920,0.0000457,0.0000001,0.0000001
55921,0.0000457,0.0000001,0.0000001
55922,0.0000457,0.0000001,0.0000001
55923,0.0000457,0.0000001,0.0000001
55924,0.0000457,0.0000001,0.0000001
55925,0.0000457,0.0000001,0.0000001
55926,0.0000457,0.0000001,0.0000001
55927,0.0000457,0.0000001,0.0000001
55928,0.0000457,0.0000001,0.0000001
55929,0.0000457,0.0000001,0.0000001
55930,0.0000457,0.0000001,0.0000001
55931,0.0000457,0.0000001,0.0000001
55932,0.0000457,0.0000001,0.0000001
55933,0.0000457,0.0000001,0.0000001
55934,0.0000457,0.0000001,0.0000001
55935,0.0000457,0.0000001,0.0000001
55936,0.0000457,0.0000001,0.0000001
55937,0.0000457,0.0000001,0.0000001
55938,0.0000457,0.0000001,0.0000001
55939,0.0000457,0.0000001,0.0000001
55940,0.0000457,0.0000001,0.0000001
55941,0.0000457,0.0000001,0.0000001
55942,0.0000457,0.0000001,0.0000001
55943,0.0000457,0.0000001,0.0000001
55944,0.0000457,0.0000001,0.0000001
55945,0.0000457,0.0000001,0.0000001
55946,0.0000457,0.0000001,0.0000001
55947,0.0000457,0.0000001,0.0000001
55948,0.0000457,0.0000001,0.0000001
55949,0.0000457,0.0000001,0.0000001
55950,0.0000457,0.0000001,0.0000001
55951,0.0000456,0.0000001,0.0000001
55952,0.0000456,0.0000001,0.0000001
55953,0.0000456,0.0000001,0.0000001
55954,0.0000456,0.0000001,0.0000001
55955,0.0000456,0.0000001,0.0000001
55956,0.0000456,0.0000001,0.0000001
55957,0.0000456,0.0000001,0.0000001
55958,0.0000456,0.0000001,0.0000001
55959,0.0000456,0.0000001,0.0000001
55960,0.0000456,0.0000001,0.0000001
55961,0.0000456,0.0000001,0.0000001
55962,0.0000456,0.0000001,0.0000001
55963,0.0000456,0.0000001,0.0000001
55964,0.0000456,0.0000001,0.0000001
55965,0.0000456,0.0000001,0.0000001
55966,0.0000456,0.0000001,0.0000001
55967,0.0000456,0.0000001,0.0000001
55968,0.0000456,0.0000001,0.0000001
55969,0.0000456,0.0000001,0.0000001
55970,0.0000456,0.0000001,0.0000001
55971,0.0000456,0.0000001,0.0000001
55972,0.0000456,0.0000001,0.0000001
55973,0.0000456,0.0000001,0.0000001
55974,0.0000456,0.0000001,0.0000001
55975,0.0000456,0.0000001,0.0000001
55976,0.0000456,0.0000001,0.0000001
55977,0.0000456,0.0000001,0.0000001
55978,0.0000456,0.0000001,0.0000001
55979,0.0000456,0.0000001,0.0000001
55980,0.0000456,0.0000001,0.0000001
55981,0.0000456,0.0000001,0.0000001
55982,0.0000456,0.0000001,0.0000001
55983,0.0000456,0.0000001,0.0000001
55984,0.0000456,0.0000001,0.0000001
55985,0.0000456,0.0000001,0.0000001
55986,0.0000456,0.0000001,0.0000001
55987,0.0000456,0.0000001,0.0000001
55988,0.0000456,0.0000001,0.0000001
55989,0.0000456,0.0000001,0.0000001
55990,0.0000456,0.0000001,0.0000001
55991,0.0000456,0.0000001,0.0000001
55992,0.0000456,0.0000001,0.0000001
55993,0.0000456,0.0000001,0.0000001
55994,0.0000456,0.0000001,0.0000001
55995,0.0000456,0.0000001,0.0000001
55996,0.0000456,0.0000001,0.0000001
55997,0.0000456,0.0000001,0.0000001
55998,0.0000456,0.0000001,0.0000001
55999,0.0000455,0.0000001,0.0000001
56000,0.0000455,0.0000001,0.0000001
56001,0.0000455,0.0000001,0.0000001
56002,0.0000455,0.0000001,0.0000001
56003,0.0000455,0.0000001,0.0000001
56004,0.0000455,0.0000001,0.0000001
56005,0.0000455,0.0000001,0.0000001
56006,0.0000455,0.0000001,0.0000001
56007,0.0000455,0.0000001,0.0000001
56008,0.0000455,0.0000001,0.0000001
56009,0.0000455,0.0000001,0.0000001
56010,0.0000455,0.0000001,0.0000001
56011,0.0000455,0.0000001,0.0000001
56012,0.0000455,0.0000001,0.0000001
56013,0.0000455,0.0000001,0.0000001
56014,0.0000455,0.0000001,0.0000001
56015,0.0000455,0.0000001,0.0000001
56016,0.0000455,0.0000001,0.0000001
56017,0.0000455,0.0000001,0.0000001
56018,0.0000455,0.0000001,0.0000001
56019,0.0000455,0.0000001,0.0000001
56020,0.0000455,0.0000001,0.0000001
56021,0.0000455,0.0000001,0.0000001
56022,0.0000455,0.0000001,0.0000001
56023,0.0000455,0.0000001,0.0000001
56024,0.0000455,0.0000001,0.0000001
56025,0.0000455,0.0000001,0.0000001
56026,0.0000455,0.0000001,0.0000001
56027,0.0000455,0.0000001,0.0000001
56028,0.0000455,0.0000001,0.0000001
56029,0.0000455,0.0000001,0.0000001
56030,0.0000455,0.0000001,0.0000001
56031,0.0000455,0.0000001,0.0000001
56032,0.0000455,0.0000001,0.0000001
56033,0.0000455,0.0000001,0.0000001
56034,0.0000455,0.0000001,0.0000001
56035,0.0000455,0.0000001,0.0000001
56036,0.0000455,0.0000001,0.0000001
56037,0.0000455,0.0000001,0.0000001
56038,0.0000455,0.0000001,0.0000001
56039,0.0000455,0.0000001,0.0000001
56040,0.0000455,0.0000001,0.0000001
56041,0.0000455,0.0000001,0.0000001
56042,0.0000455,0.0000001,0.0000001
56043,0.0000455,0.0000001,0.0000001
56044,0.0000455,0.0000001,0.0000001
56045,0.0000455,0.0000001,0.0000001
56046,0.0000455,0.0000001,0.0000001
56047,0.0000455,0.0000001,0.0000001
56048,0.0000454,0.0000001,0.0000001
56049,0.0000454,0.0000001,0.0000001
56050,0.0000454,0.0000001,0.0000001
56051,0.0000454,0.0000001,0.0000001
56052,0.0000454,0.0000001,0.0000001
56053,0.0000454,0.0000001,0.0000001
56054,0.0000454,0.0000001,0.0000001
56055,0.0000454,0.0000001,0.0000001
56056,0.0000454,0.0000001,0.0000001
56057,0.0000454,0.0000001,0.0000001
56058,0.0000454,0.0000001,0.0000001
56059,0.0000454,0.0000001,0.0000001
56060,0.0000454,0.0000001,0.0000001
56061,0.0000454,0.0000001,0.0000001
56062,0.0000454,0.0000001,0.0000001
56063,0.0000454,0.0000001,0.0000001
56064,0.0000454,0.0000001,0.0000001
56065,0.0000454,0.0000001,0.0000001
56066,0.0000454,0.0000001,0.0000001
56067,0.0000454,0.0000001,0.0000001
56068,0.0000454,0.0000001,0.0000001
56069,0.0000454,0.0000001,0.0000001
56070,0.0000454,0.0000001,0.0000001
56071,0.0000454,0.0000001,0.0000001
56072,0.0000454,0.0000001,0.0000001
56073,0.0000454,0.0000001,0.0000001
56074,0.0000454,0.0000001,0.0000001
56075,0.0000454,0.0000001,0.0000001
56076,0.0000454,0.0000001,0.0000001
56077,0.0000454,0.0000001,0.0000001
56078,0.0000454,0.0000001,0.0000001
56079,0.0000454,0.0000001,0.0000001
56080,0.0000454,0.0000001,0.0000001
56081,0.0000454,0.0000001,0.0000001
56082,0.0000454,0.0000001,0.0000001
56083,0.0000454,0.0000001,0.0000001
56084,0.0000454,0.0000001,0.0000001
56085,0.0000454,0.0000001,0.0000001
56086,0.0000454,0.0000001,0.0000001
56087,0.0000454,0.0000001,0.0000001
56088,0.0000454,0.0000001,0.0000001
56089,0.0000454,0.0000001,0.0000001
56090,0.0000454,0.0000001,0.0000001
56091,0.0000454,0.0000001,0.0000001
56092,0.0000454,0.0000001,0.0000001
56093,0.0000454,0.0000001,0.0000001
56094,0.0000454,0.0000001,0.0000001
56095,0.0000454,0.0000001,0.0000001
56096,0.0000453,0.0000001,0.0000001
56097,0.0000453,0.0000001,0.0000001
56098,0.0000453,0.0000001,0.0000001
56099,0.0000453,0.0000001,0.0000001
56100,0.0000453,0.0000001,0.0000001
56101,0.0000453,0.0000001,0.0000001
56102,0.0000453,0.0000001,0.0000001
56103,0.0000453,0.0000001,0.0000001
56104,0.0000453,0.0000001,0.0000001
56105,0.0000453,0.0000001,0.0000001
56106,0.0000453,0.0000001,0.0000001
56107,0.0000453,0.0000001,0.0000001
56108,0.0000453,0.0000001,0.0000001
56109,0.0000453,0.0000001,0.0000001
56110,0.0000453,0.0000001,0.0000001
56111,0.0000453,0.0000001,0.0000001
56112,0.0000453,0.0000001,0.0000001
56113,0.0000453,0.0000001,0.0000001
56114,0.0000453,0.0000001,0.0000001
56115,0.0000453,0.0000001,0.0000001
56116,0.0000453,0.0000001,0.0000001
56117,0.0000453,0.0000001,0.0000001
56118,0.0000453,0.0000001,0.0000001
56119,0.0000453,0.0000001,0.0000001
56120,0.0000453,0.0000001,0.0000001
56121,0.0000453,0.0000001,0.0000001
56122,0.0000453,0.0000001,0.0000001
56123,0.0000453,0.0000001,0.0000001
56124,0.0000453,0.0000001,0.0000001
56125,0.0000453,0.0000001,0.0000001
56126,0.0000453,0.0000001,0.0000001
56127,0.0000453,0.0000001,0.0000001
56128,0.0000453,0.0000001,0.0000001
56129,0.0000453,0.0000001,0.0000001
56130,0.0000453,0.0000001,0.0000001
56131,0.0000453,0.0000001,0.0000001
56132,0.0000453,0.0000001,0.0000001
56133,0.0000453,0.0000001,0.0000001
56134,0.0000453,0.0000001,0.0000001
56135,0.0000453,0.0000001,0.0000001
56136,0.0000453,0.0000001,0.0000001
56137,0.0000453,0.0000001,0.0000001
56138,0.0000453,0.0000001,0.0000001
56139,0.0000453,0.0000001,0.0000001
56140,0.0000453,0.0000001,0.0000001
56141,0.0000453,0.0000001,0.0000001
56142,0.0000453,0.0000001,0.0000001
56143,0.0000453,0.0000001,0.0000001
56144,0.0000453,0.0000001,0.0000001
56145,0.0000452,0.0000001,0.0000001
56146,0.0000452,0.0000001,0.0000001
56147,0.0000452,0.0000001,0.0000001
56148,0.0000452,0.0000001,0.0000001
56149,0.0000452,0.0000001,0.0000001
56150,0.0000452,0.0000001,0.0000001
56151,0.0000452,0.0000001,0.0000001
56152,0.0000452,0.0000001,0.0000001
56153,0.0000452,0.0000001,0.0000001
56154,0.0000452,0.0000001,0.0000001
56155,0.0000452,0.0000001,0.0000001
56156,0.0000452,0.0000001,0.0000001
56157,0.0000452,0.0000001,0.0000001
56158,0.0000452,0.0000001,0.0000001
56159,0.0000452,0.0000001,0.0000001
56160,0.0000452,0.0000001,0.0000001
56161,0.0000452,0.0000001,0.0000001
56162,0.0000452,0.0000001,0.0000001
56163,0.0000452,0.0000001,0.0000001
56164,0.0000452,0.0000001,0.0000001
56165,0.0000452,0.0000001,0.0000001
56166,0.0000452,0.0000001,0.0000001
56167,0.0000452,0.0000001,0.0000001
56168,0.0000452,0.0000001,0.0000001
56169,0.0000452,0.0000001,0.0000001
56170,0.0000452,0.0000001,0.0000001
56171,0.0000452,0.0000001,0.0000001
56172,0.0000452,0.0000001,0.0000001
56173,0.0000452,0.0000001,0.0000001
56174,0.0000452,0.0000001,0.0000001
56175,0.0000452,0.0000001,0.0000001
56176,0.0000452,0.0000001,0.0000001
56177,0.0000452,0.0000001,0.0000001
56178,0.0000452,0.0000001,0.0000001
56179,0.0000452,0.0000001,0.0000001
56180,0.0000452,0.0000001,0.0000001
56181,0.0000452,0.0000001,0.0000001
56182,0.0000452,0.0000001,0.0000001
56183,0.0000452,0.0000001,0.0000001
56184,0.0000452,0.0000001,0.0000001
56185,0.0000452,0.0000001,0.0000001
56186,0.0000452,0.0000001,0.0000001
56187,0.0000452,0.0000001,0.0000001
56188,0.0000452,0.0000001,0.0000001
56189,0.0000452,0.0000001,0.0000001
56190,0.0000452,0.0000001,0.0000001
56191,0.0000452,0.0000001,0.0000001
56192,0.0000452,0.0000001,0.0000001
56193,0.0000452,0.0000001,0.0000001
56194,0.0000451,0.0000001,0.0000001
56195,0.0000451,0.0000001,0.0000001
56196,0.0000451,0.0000001,0.0000001
56197,0.0000451,0.0000001,0.0000001
56198,0.0000451,0.0000001,0.0000001
56199,0.0000451,0.0000001,0.0000001
56200,0.0000451,0.0000001,0.0000001
56201,0.0000451,0.0000001,0.0000001
56202,0.0000451,0.0000001,0.0000001
56203,0.0000451,0.0000001,0.0000001
56204,0.0000451,0.0000001,0.0000001
56205,0.0000451,0.0000001,0.0000001
56206,0.0000451,0.0000001,0.0000001
56207,0.0000451,0.0000001,0.0000001
56208,0.0000451,0.0000001,0.0000001
56209,0.0000451,0.0000001,0.0000001
56210,0.0000451,0.0000001,0.0000001
56211,0.0000451,0.0000001,0.0000001
56212,0.0000451,0.0000001,0.0000001
56213,0.0000451,0.0000001,0.0000001
56214,0.0000451,0.0000001,0.0000001
56215,0.0000451,0.0000001,0.0000001
56216,0.0000451,0.0000001,0.0000001
56217,0.0000451,0.0000001,0.0000001
56218,0.0000451,0.0000001,0.0000001
56219,0.0000451,0.0000001,0.0000001
56220,0.0000451,0.0000001,0.0000001
56221,0.0000451,0.0000001,0.0000001
56222,0.0000451,0.0000001,0.0000001
56223,0.0000451,0.0000001,0.0000001
56224,0.0000451,0.0000001,0.0000001
56225,0.0000451,0.0000001,0.0000001
56226,0.0000451,0.0000001,0.0000001
56227,0.0000451,0.0000001,0.0000001
56228,0.0000451,0.0000001,0.0000001
56229,0.0000451,0.0000001,0.0000001
56230,0.0000451,0.0000001,0.0000001
56231,0.0000451,0.0000001,0.0000001
56232,0.0000451,0.0000001,0.0000001
56233,0.0000451,0.0000001,0.0000001
56234,0.0000451,0.0000001,0.0000001
56235,0.0000451,0.0000001,0.0000001
56236,0.0000451,0.0000001,0.0000001
56237,0.0000451,0.0000001,0.0000001
56238,0.0000451,0.0000001,0.0000001
56239,0.0000451,0.0000001,0.0000001
56240,0.0000451,0.0000001,0.0000001
56241,0.0000451,0.0000001,0.0000001
56242,0.0000451,0.0000001,0.0000001
56243,0.0000450,0.0000001,0.0000001
56244,0.0000450,0.0000001,0.0000001
56245,0.0000450,0.0000001,0.0000001
56246,0.0000450,0.0000001,0.0000001
56247,0.0000450,0.0000001,0.0000001
56248,0.0000450,0.0000001,0.0000001
56249,0.0000450,0.0000001,0.0000001
56250,0.0000450,0.0000001,0.0000001
56251,0.0000450,0.0000001,0.0000001
56252,0.0000450,0.0000001,0.0000001
56253,0.0000450,0.0000001,0.0000001
56254,0.0000450,0.0000001,0.0000001
56255,0.0000450,0.0000001,0.0000001
56256,0.0000450,0.0000001,0.0000001
56257,0.0000450,0.0000001,0.0000001
56258,0.0000450,0.0000001,0.0000001
56259,0.0000450,0.0000001,0.0000001
56260,0.0000450,0.0000001,0.0000001
56261,0.0000450,0.0000001,0.0000001
56262,0.0000450,0.0000001,0.0000001
56263,0.0000450,0.0000001,0.0000001
56264,0.0000450,0.0000001,0.0000001
56265,0.0000450,0.0000001,0.0000001
56266,0.0000450,0.0000001,0.0000001
56267,0.0000450,0.0000001,0.0000001
56268,0.0000450,0.0000001,0.0000001
56269,0.0000450,0.0000001,0.0000001
56270,0.0000450,0.0000001,0.0000001
56271,0.0000450,0.0000001,0.0000001
56272,0.0000450,0.0000001,0.0000001
56273,0.0000450,0.0000001,0.0000001
56274,0.0000450,0.0000001,0.0000001
56275,0.0000450,0.0000001,0.0000001
56276,0.0000450,0.0000001,0.0000001
56277,0.0000450,0.0000001,0.0000001
56278,0.0000450,0.0000001,0.0000001
56279,0.0000450,0.0000001,0.0000001
56280,0.0000450,0.0000001,0.0000001
56281,0.0000450,0.0000001,0.0000001
56282,0.0000450,0.0000001,0.0000001
56283,0.0000450,0.0000001,0.0000001
56284,0.0000450,0.0000001,0.0000001
56285,0.0000450,0.0000001,0.0000001
56286,0.0000450,0.0000001,0.0000001
56287,0.0000450,0.0000001,0.0000001
56288,0.0000450,0.0000001,0.0000001
56289,0.0000450,0.0000001,0.0000001
56290,0.0000450,0.0000001,0.0000001
56291,0.0000450,0.0000001,0.0000001
56292,0.0000449,0.0000001,0.0000001
56293,0.0000449,0.0000001,0.0000001
56294,0.0000449,0.0000001,0.0000001
56295,0.0000449,0.0000001,0.0000001
56296,0.0000449,0.0000001,0.0000001
56297,0.0000449,0.0000001,0.0000001
56298,0.0000449,0.0000001,0.0000001
56299,0.0000449,0.0000001,0.0000001
56300,0.0000449,0.0000001,0.0000001
56301,0.0000449,0.0000001,0.0000001
56302,0.0000449,0.0000001,0.0000001
56303,0.0000449,0.0000001,0.0000001
56304,0.0000449,0.0000001,0.0000001
56305,0.0000449,0.0000001,0.0000001
56306,0.0000449,0.0000001,0.0000001
56307,0.0000449,0.0000001,0.0000001
56308,0.0000449,0.0000001,0.0000001
56309,0.0000449,0.0000001,0.0000001
56310,0.0000449,0.0000001,0.0000001
56311,0.0000449,0.0000001,0.0000001
56312,0.0000449,0.0000001,0.0000001
56313,0.0000449,0.0000001,0.0000001
56314,0.0000449,0.0000001,0.0000001
56315,0.0000449,0.0000001,0.0000001
56316,0.0000449,0.0000001,0.0000001
56317,0.0000449,0.0000001,0.0000001
56318,0.0000449,0.0000001,0.0000001
56319,0.0000449,0.0000001,0.0000001
56320,0.0000449,0.0000001,0.0000001
56321,0.0000449,0.0000001,0.0000001
56322,0.0000449,0.0000001,0.0000001
56323,0.0000449,0.0000001,0.0000001
56324,0.0000449,0.0000001,0.0000001
56325,0.0000449,0.0000001,0.0000001
56326,0.0000449,0.0000001,0.0000001
56327,0.0000449,0.0000001,0.0000001
56328,0.0000449,0.0000001,0.0000001
56329,0.0000449,0.0000001,0.0000001
56330,0.0000449,0.0000001,0.0000001
56331,0.0000449,0.0000001,0.0000001
56332,0.0000449,0.0000001,0.0000001
56333,0.0000449,0.0000001,0.0000001
56334,0.0000449,0.0000001,0.0000001
56335,0.0000449,0.0000001,0.0000001
56336,0.0000449,0.0000001,0.0000001
56337,0.0000449,0.0000001,0.0000001
56338,0.0000449,0.0000001,0.0000001
56339,0.0000449,0.0000001,0.0000001
56340,0.0000449,0.0000001,0.0000001
56341,0.0000448,0.0000001,0.0000001
56342,0.0000448,0.0000001,0.0000001
56343,0.0000448,0.0000001,0.0000001
56344,0.0000448,0.0000001,0.0000001
56345,0.0000448,0.0000001,0.0000001
56346,0.0000448,0.0000001,0.0000001
56347,0.0000448,0.0000001,0.0000001
56348,0.0000448,0.0000001,0.0000001
56349,0.0000448,0.0000001,0.0000001
56350,0.0000448,0.0000001,0.0000001
56351,0.0000448,0.0000001,0.0000001
56352,0.0000448,0.0000001,0.0000001
56353,0.0000448,0.0000001,0.0000001
56354,0.0000448,0.0000001,0.0000001
56355,0.0000448,0.0000001,0.0000001
56356,0.0000448,0.0000001,0.0000001
56357,0.0000448,0.0000001,0.0000001
56358,0.0000448,0.0000001,0.0000001
56359,0.0000448,0.0000001,0.0000001
56360,0.0000448,0.0000001,0.0000001
56361,0.0000448,0.0000001,0.0000001
56362,0.0000448,0.0000001,0.0000001
56363,0.0000448,0.0000001,0.0000001
56364,0.0000448,0.0000001,0.0000001
56365,0.0000448,0.0000001,0.0000001
56366,0.0000448,0.0000001,0.0000001
56367,0.0000448,0.0000001,0.0000001
56368,0.0000448,0.0000001,0.0000001
56369,0.0000448,0.0000001,0.0000001
56370,0.0000448,0.0000001,0.0000001
56371,0.0000448,0.0000001,0.0000001
56372,0.0000448,0.0000001,0.0000001
56373,0.0000448,0.0000001,0.0000001
56374,0.0000448,0.0000001,0.0000001
56375,0.0000448,0.0000001,0.0000001
56376,0.0000448,0.0000001,0.0000001
56377,0.0000448,0.0000001,0.0000001
56378,0.0000448,0.0000001,0.0000001
56379,0.0000448,0.0000001,0.0000001
56380,0.0000448,0.0000001,0.0000001
56381,0.0000448,0.0000001,0.0000001
56382,0.0000448,0.0000001,0.0000001
56383,0.0000448,0.0000001,0.0000001
56384,0.0000448,0.0000001,0.0000001
56385,0.0000448,0.0000001,0.0000001
56386,0.0000448,0.0000001,0.0000001
56387,0.0000448,0.0000001,0.0000001
56388,0.0000448,0.0000001,0.0000001
56389,0.0000448,0.0000001,0.0000001
56390,0.0000447,0.0000001,0.0000001
56391,0.0000447,0.0000001,0.0000001
56392,0.0000447,0.0000001,0.0000001
56393,0.0000447,0.0000001,0.0000001
56394,0.0000447,0.0000001,0.0000001
56395,0.0000447,0.0000001,0.0000001
56396,0.0000447,0.0000001,0.0000001
56397,0.0000447,0.0000001,0.0000001
56398,0.0000447,0.0000001,0.0000001
56399,0.0000447,0.0000001,0.0000001
56400,0.0000447,0.0000001,0.0000001
56401,0.0000447,0.0000001,0.0000001
56402,0.0000447,0.0000001,0.0000001
56403,0.0000447,0.0000001,0.0000001
56404,0.0000447,0.0000001,0.0000001
56405,0.0000447,0.0000001,0.0000001
56406,0.0000447,0.0000001,0.0000001
56407,0.0000447,0.0000001,0.0000001
56408,0.0000447,0.0000001,0.0000001
56409,0.0000447,0.0000001,0.0000001
56410,0.0000447,0.0000001,0.0000001
56411,0.0000447,0.0000001,0.0000001
56412,0.0000447,0.0000001,0.0000001
56413,0.0000447,0.0000001,0.0000001
56414,0.0000447,0.0000001,0.0000001
56415,0.0000447,0.0000001,0.0000001
56416,0.0000447,0.0000001,0.0000001
56417,0.0000447,0.0000001,0.0000001
56418,0.0000447,0.0000001,0.0000001
56419,0.0000447,0.0000001,0.0000001
56420,0.0000447,0.0000001,0.0000001
56421,0.0000447,0.0000001,0.0000001
56422,0.0000447,0.0000001,0.0000001
56423,0.0000447,0.0000001,0.0000001
56424,0.0000447,0.0000001,0.0000001
56425,0.0000447,0.0000001,0.0000001
56426,0.0000447,0.0000001,0.0000001
56427,0.0000447,0.0000001,0.0000001
56428,0.0000447,0.0000001,0.0000001
56429,0.0000447,0.0000001,0.0000001
56430,0.0000447,0.0000001,0.0000001
56431,0.0000447,0.0000001,0.0000001
56432,0.0000447,0.0000001,0.0000001
56433,0.0000447,0.0000001,0.0000001
56434,0.0000447,0.0000001,0.0000001
56435,0.0000447,0.0000001,0.0000001
56436,0.0000447,0.0000001,0.0000001
56437,0.0000447,0.0000001,0.0000001
56438,0.0000447,0.0000001,0.0000001
56439,0.0000447,0.0000001,0.0000001
56440,0.0000446,0.0000001,0.0000001
56441,0.0000446,0.0000001,0.0000001
56442,0.0000446,0.0000001,0.0000001
56443,0.0000446,0.0000001,0.0000001
56444,0.0000446,0.0000001,0.0000001
56445,0.0000446,0.0000001,0.0000001
56446,0.0000446,0.0000001,0.0000001
56447,0.0000446,0.0000001,0.0000001
56448,0.0000446,0.0000001,0.0000001
56449,0.0000446,0.0000001,0.0000001
56450,0.0000446,0.0000001,0.0000001
56451,0.0000446,0.0000001,0.0000001
56452,0.0000446,0.0000001,0.0000001
56453,0.0000446,0.0000001,0.0000001
56454,0.0000446,0.0000001,0.0000001
56455,0.0000446,0.0000001,0.0000001
56456,0.0000446,0.0000001,0.0000001
56457,0.0000446,0.0000001,0.0000001
56458,0.0000446,0.0000001,0.0000001
56459,0.0000446,0.0000001,0.0000001
56460,0.0000446,0.0000001,0.0000001
56461,0.0000446,0.0000001,0.0000001
56462,0.0000446,0.0000001,0.0000001
56463,0.0000446,0.0000001,0.0000001
56464,0.0000446,0.0000001,0.0000001
56465,0.0000446,0.0000001,0.0000001
56466,0.0000446,0.0000001,0.0000001
56467,0.0000446,0.0000001,0.0000001
56468,0.0000446,0.0000001,0.0000001
56469,0.0000446,0.0000001,0.0000001
56470,0.0000446,0.0000001,0.0000001
56471,0.0000446,0.0000001,0.0000001
56472,0.0000446,0.0000001,0.0000001
56473,0.0000446,0.0000001,0.0000001
56474,0.0000446,0.0000001,0.0000001
56475,0.0000446,0.0000001,0.0000001
56476,0.0000446,0.0000001,0.0000001
56477,0.0000446,0.0000001,0.0000001
56478,0.0000446,0.0000001,0.0000001
56479,0.0000446,0.0000001,0.0000001
56480,0.0000446,0.0000001,0.0000001
56481,0.0000446,0.0000001,0.0000001
56482,0.0000446,0.0000001,0.0000001
56483,0.0000446,0.0000001,0.0000001
56484,0.0000446,0.0000001,0.0000001
56485,0.0000446,0.0000001,0.0000001
56486,0.0000446,0.0000001,0.0000001
56487,0.0000446,0.0000001,0.0000001
56488,0.0000446,0.0000001,0.0000001
56489,0.0000445,0.0000001,0.0000001
56490,0.0000445,0.0000001,0.0000001
56491,0.0000445,0.0000001,0.0000001
56492,0.0000445,0.0000001,0.0000001
56493,0.0000445,0.0000001,0.0000001
56494,0.0000445,0.0000001,0.0000001
56495,0.0000445,0.0000001,0.0000001
56496,0.0000445,0.0000001,0.0000001
56497,0.0000445,0.0000001,0.0000001
56498,0.0000445,0.0000001,0.0000001
56499,0.0000445,0.0000001,0.0000001
56500,0.0000445,0.0000001,0.0000001
56501,0.0000445,0.0000001,0.0000001
56502,0.0000445,0.0000001,0.0000001
56503,0.0000445,0.0000001,0.0000001
56504,0.0000445,0.0000001,0.0000001
56505,0.0000445,0.0000001,0.0000001
56506,0.0000445,0.0000001,0.0000001
56507,0.0000445,0.0000001,0.0000001
56508,0.0000445,0.0000001,0.0000001
56509,0.0000445,0.0000001,0.0000001
56510,0.0000445,0.0000001,0.0000001
56511,0.0000445,0.0000001,0.0000001
56512,0.0000445,0.0000001,0.0000001
56513,0.0000445,0.0000001,0.0000001
56514,0.0000445,0.0000001,0.0000001
56515,0.0000445,0.0000001,0.0000001
56516,0.0000445,0.0000001,0.0000001
56517,0.0000445,0.0000001,0.0000001
56518,0.0000445,0.0000001,0.0000001
56519,0.0000445,0.0000001,0.0000001
56520,0.0000445,0.0000001,0.0000001
56521,0.0000445,0.0000001,0.0000001
56522,0.0000445,0.0000001,0.0000001
56523,0.0000445,0.0000001,0.0000001
56524,0.0000445,0.0000001,0.0000001
56525,0.0000445,0.0000001,0.0000001
56526,0.0000445,0.0000001,0.0000001
56527,0.0000445,0.0000001,0.0000001
56528,0.0000445,0.0000001,0.0000001
56529,0.0000445,0.0000001,0.0000001
56530,0.0000445,0.0000001,0.0000001
56531,0.0000445,0.0000001,0.0000001
56532,0.0000445,0.0000001,0.0000001
56533,0.0000445,0.0000001,0.0000001
56534,0.0000445,0.0000001,0.0000001
56535,0.0000445,0.0000001,0.0000001
56536,0.0000445,0.0000001,0.0000001
56537,0.0000445,0.0000001,0.0000001
56538,0.0000445,0.0000001,0.0000001
56539,0.0000444,0.0000001,0.0000001
56540,0.0000444,0.0000001,0.0000001
56541,0.0000444,0.0000001,0.0000001
56542,0.0000444,0.0000001,0.0000001
56543,0.0000444,0.0000001,0.0000001
56544,0.0000444,0.0000001,0.0000001
56545,0.0000444,0.0000001,0.0000001
56546,0.0000444,0.0000001,0.0000001
56547,0.0000444,0.0000001,0.0000001
56548,0.0000444,0.0000001,0.0000001
56549,0.0000444,0.0000001,0.0000001
56550,0.0000444,0.0000001,0.0000001
56551,0.0000444,0.0000001,0.0000001
56552,0.0000444,0.0000001,0.0000001
56553,0.0000444,0.0000001,0.0000001
56554,0.0000444,0.0000001,0.0000001
56555,0.0000444,0.0000001,0.0000001
56556,0.0000444,0.0000001,0.0000001
56557,0.0000444,0.0000001,0.0000001
56558,0.0000444,0.0000001,0.0000001
56559,0.0000444,0.0000001,0.0000001
56560,0.0000444,0.0000001,0.0000001
56561,0.0000444,0.0000001,0.0000001
56562,0.0000444,0.0000001,0.0000001
56563,0.0000444,0.0000001,0.0000001
56564,0.0000444,0.0000001,0.0000001
56565,0.0000444,0.0000001,0.0000001
56566,0.0000444,0.0000001,0.0000001
56567,0.0000444,0.0000001,0.0000001
56568,0.0000444,0.0000001,0.0000001
56569,0.0000444,0.0000001,0.0000001
56570,0.0000444,0.0000001,0.0000001
56571,0.0000444,0.0000001,0.0000001
56572,0.0000444,0.0000001,0.0000001
56573,0.0000444,0.0000001,0.0000001
56574,0.0000444,0.0000001,0.0000001
56575,0.0000444,0.0000001,0.0000001
56576,0.0000444,0.0000001,0.0000001
56577,0.0000444,0.0000001,0.0000001
56578,0.0000444,0.0000001,0.0000001
56579,0.0000444,0.0000001,0.0000001
56580,0.0000444,0.0000001,0.0000001
56581,0.0000444,0.0000001,0.0000001
56582,0.0000444,0.0000001,0.0000001
56583,0.0000444,0.0000001,0.0000001
56584,0.0000444,0.0000001,0.0000001
56585,0.0000444,0.0000001,0.0000001
56586,0.0000444,0.0000001,0.0000001
56587,0.0000444,0.0000001,0.0000001
56588,0.0000444,0.0000001,0.0000001
56589,0.0000443,0.0000001,0.0000001
56590,0.0000443,0.0000001,0.0000001
56591,0.0000443,0.0000001,0.0000001
56592,0.0000443,0.0000001,0.0000001
56593,0.0000443,0.0000001,0.0000001
56594,0.0000443,0.0000001,0.0000001
56595,0.0000443,0.0000001,0.0000001
56596,0.0000443,0.0000001,0.0000001
56597,0.0000443,0.0000001,0.0000001
56598,0.0000443,0.0000001,0.0000001
56599,0.0000443,0.0000001,0.0000001
56600,0.0000443,0.0000001,0.0000001
56601,0.0000443,0.0000001,0.0000001
56602,0.0000443,0.0000001,0.0000001
56603,0.0000443,0.0000001,0.0000001
56604,0.0000443,0.0000001,0.0000001
56605,0.0000443,0.0000001,0.0000001
56606,0.0000443,0.0000001,0.0000001
56607,0.0000443,0.0000001,0.0000001
56608,0.0000443,0.0000001,0.0000001
56609,0.0000443,0.0000001,0.0000001
56610,0.0000443,0.0000001,0.0000001
56611,0.0000443,0.0000001,0.0000001
56612,0.0000443,0.0000001,0.0000001
56613,0.0000443,0.0000001,0.0000001
56614,0.0000443,0.0000001,0.0000001
56615,0.0000443,0.0000001,0.0000001
56616,0.0000443,0.0000001,0.0000001
56617,0.0000443,0.0000001,0.0000001
56618,0.0000443,0.0000001,0.0000001
56619,0.0000443,0.0000001,0.0000001
56620,0.0000443,0.0000001,0.0000001
56621,0.0000443,0.0000001,0.0000001
56622,0.0000443,0.0000001,0.0000001
56623,0.0000443,0.0000001,0.0000001
56624,0.0000443,0.0000001,0.0000001
56625,0.0000443,0.0000001,0.0000001
56626,0.0000443,0.0000001,0.0000001
56627,0.0000443,0.0000001,0.0000001
56628,0.0000443,0.0000001,0.0000001
56629,0.0000443,0.0000001,0.0000001
56630,0.0000443,0.0000001,0.0000001
56631,0.0000443,0.0000001,0.0000001
56632,0.0000443,0.0000001,0.0000001
56633,0.0000443,0.0000001,0.0000001
56634,0.0000443,0.0000001,0.0000001
56635,0.0000443,0.0000001,0.0000001
56636,0.0000443,0.0000001,0.0000001
56637,0.0000443,0.0000001,0.0000001
56638,0.0000443,0.0000001,0.0000001
56639,0.0000442,0.0000001,0.0000001
56640,0.0000442,0.0000001,0.0000001
56641,0.0000442,0.0000001,0.0000001
56642,0.0000442,0.0000001,0.0000001
56643,0.0000442,0.0000001,0.0000001
56644,0.0000442,0.0000001,0.0000001
56645,0.0000442,0.0000001,0.0000001
56646,0.0000442,0.0000001,0.0000001
56647,0.0000442,0.0000001,0.0000001
56648,0.0000442,0.0000001,0.0000001
56649,0.0000442,0.0000001,0.0000001
56650,0.0000442,0.0000001,0.0000001
56651,0.0000442,0.0000001,0.0000001
56652,0.0000442,0.0000001,0.0000001
56653,0.0000442,0.0000001,0.0000001
56654,0.0000442,0.0000001,0.0000001
56655,0.0000442,0.0000001,0.0000001
56656,0.0000442,0.0000001,0.0000001
56657,0.0000442,0.0000001,0.0000001
56658,0.0000442,0.0000001,0.0000001
56659,0.0000442,0.0000001,0.0000001
56660,0.0000442,0.0000001,0.0000001
56661,0.0000442,0.0000001,0.0000001
56662,0.0000442,0.0000001,0.0000001
56663,0.0000442,0.0000001,0.0000001
56664,0.0000442,0.0000001,0.0000001
56665,0.0000442,0.0000001,0.0000001
56666,0.0000442,0.0000001,0.0000001
56667,0.0000442,0.0000001,0.0000001
56668,0.0000442,0.0000001,0.0000001
56669,0.0000442,0.0000001,0.0000001
56670,0.0000442,0.0000001,0.0000001
56671,0.0000442,0.0000001,0.0000001
56672,0.0000442,0.0000001,0.0000001
56673,0.0000442,0.0000001,0.0000001
56674,0.0000442,0.0000001,0.0000001
56675,0.0000442,0.0000001,0.0000001
56676,0.0000442,0.0000001,0.0000001
56677,0.0000442,0.0000001,0.0000001
56678,0.0000442,0.0000001,0.0000001
56679,0.0000442,0.0000001,0.0000001
56680,0.0000442,0.0000001,0.0000001
56681,0.0000442,0.0000001,0.0000001
56682,0.0000442,0.0000001,0.0000001
56683,0.0000442,0.0000001,0.0000001
56684,0.0000442,0.0000001,0.0000001
56685,0.0000442,0.0000001,0.0000001
56686,0.0000442,0.0000001,0.0000001
56687,0.0000442,0.0000001,0.0000001
56688,0.0000442,0.0000001,0.0000001
56689,0.0000441,0.0000001,0.0000001
56690,0.0000441,0.0000001,0.0000001
56691,0.0000441,0.0000001,0.0000001
56692,0.0000441,0.0000001,0.0000001
56693,0.0000441,0.0000001,0.0000001
56694,0.0000441,0.0000001,0.0000001
56695,0.0000441,0.0000001,0.0000001
56696,0.0000441,0.0000001,0.0000001
56697,0.0000441,0.0000001,0.0000001
56698,0.0000441,0.0000001,0.0000001
56699,0.0000441,0.0000001,0.0000001
56700,0.0000441,0.0000001,0.0000001
56701,0.0000441,0.0000001,0.0000001
56702,0.0000441,0.0000001,0.0000001
56703,0.0000441,0.0000001,0.0000001
56704,0.0000441,0.0000001,0.0000001
56705,0.0000441,0.0000001,0.0000001
56706,0.0000441,0.0000001,0.0000001
56707,0.0000441,0.0000001,0.0000001
56708,0.0000441,0.0000001,0.0000001
56709,0.0000441,0.0000001,0.0000001
56710,0.0000441,0.0000001,0.0000001
56711,0.0000441,0.0000001,0.0000001
56712,0.0000441,0.0000001,0.0000001
56713,0.0000441,0.0000001,0.0000001
56714,0.0000441,0.0000001,0.0000001
56715,0.0000441,0.0000001,0.0000001
56716,0.0000441,0.0000001,0.0000001
56717,0.0000441,0.0000001,0.0000001
56718,0.0000441,0.0000001,0.0000001
56719,0.0000441,0.0000001,0.0000001
56720,0.0000441,0.0000001,0.0000001
56721,0.0000441,0.0000001,0.0000001
56722,0.0000441,0.0000001,0.0000001
56723,0.0000441,0.0000001,0.0000001
56724,0.0000441,0.0000001,0.0000001
56725,0.0000441,0.0000001,0.0000001
56726,0.0000441,0.0000001,0.0000001
56727,0.0000441,0.0000001,0.0000001
56728,0.0000441,0.0000001,0.0000001
56729,0.0000441,0.0000001,0.0000001
56730,0.0000441,0.0000001,0.0000001
56731,0.0000441,0.0000001,0.0000001
56732,0.0000441,0.0000001,0.0000001
56733,0.0000441,0.0000001,0.0000001
56734,0.0000441,0.0000001,0.0000001
56735,0.0000441,0.0000001,0.0000001
56736,0.0000441,0.0000001,0.0000001
56737,0.0000441,0.0000001,0.0000001
56738,0.0000441,0.0000001,0.0000001
56739,0.0000441,0.0000001,0.0000001
56740,0.0000440,0.0000001,0.0000001
56741,0.0000440,0.0000001,0.0000001
56742,0.0000440,0.0000001,0.0000001
56743,0.0000440,0.0000001,0.0000001
56744,0.0000440,0.0000001,0.0000001
56745,0.0000440,0.0000001,0.0000001
56746,0.0000440,0.0000001,0.0000001
56747,0.0000440,0.0000001,0.0000001
56748,0.0000440,0.0000001,0.0000001
56749,0.0000440,0.0000001,0.0000001
56750,0.0000440,0.0000001,0.0000001
56751,0.0000440,0.0000001,0.0000001
56752,0.0000440,0.0000001,0.0000001
56753,0.0000440,0.0000001,0.0000001
56754,0.0000440,0.0000001,0.0000001
56755,0.0000440,0.0000001,0.0000001
56756,0.0000440,0.0000001,0.0000001
56757,0.0000440,0.0000001,0.0000001
56758,0.0000440,0.0000001,0.0000001
56759,0.0000440,0.0000001,0.0000001
56760,0.0000440,0.0000001,0.0000001
56761,0.0000440,0.0000001,0.0000001
56762,0.0000440,0.0000001,0.0000001
56763,0.0000440,0.0000001,0.0000001
56764,0.0000440,0.0000001,0.0000001
56765,0.0000440,0.0000001,0.0000001
56766,0.0000440,0.0000001,0.0000001
56767,0.0000440,0.0000001,0.0000001
56768,0.0000440,0.0000001,0.0000001
56769,0.0000440,0.0000001,0.0000001
56770,0.0000440,0.0000001,0.0000001
56771,0.0000440,0.0000001,0.0000001
56772,0.0000440,0.0000001,0.0000001
56773,0.0000440,0.0000001,0.0000001
56774,0.0000440,0.0000001,0.0000001
56775,0.0000440,0.0000001,0.0000001
56776,0.0000440,0.0000001,0.0000001
56777,0.0000440,0.0000001,0.0000001
56778,0.0000440,0.0000001,0.0000001
56779,0.0000440,0.0000001,0.0000001
56780,0.0000440,0.0000001,0.0000001
56781,0.0000440,0.0000001,0.0000001
56782,0.0000440,0.0000001,0.0000001
56783,0.0000440,0.0000001,0.0000001
56784,0.0000440,0.0000001,0.0000001
56785,0.0000440,0.0000001,0.0000001
56786,0.0000440,0.0000001,0.0000001
56787,0.0000440,0.0000001,0.0000001
56788,0.0000440,0.0000001,0.0000001
56789,0.0000440,0.0000001,0.0000001
56790,0.0000439,0.0000001,0.0000001
56791,0.0000439,0.0000001,0.0000001
56792,0.0000439,0.0000001,0.0000001
56793,0.0000439,0.0000001,0.0000001
56794,0.0000439,0.0000001,0.0000001
56795,0.0000439,0.0000001,0.0000001
56796,0.0000439,0.0000001,0.0000001
56797,0.0000439,0.0000001,0.0000001
56798,0.0000439,0.0000001,0.0000001
56799,0.0000439,0.0000001,0.0000001
56800,0.0000439,0.0000001,0.0000001
56801,0.0000439,0.0000001,0.0000001
56802,0.0000439,0.0000001,0.0000001
56803,0.0000439,0.0000001,0.0000001
56804,0.0000439,0.0000001,0.0000001
56805,0.0000439,0.0000001,0.0000001
56806,0.0000439,0.0000001,0.0000001
56807,0.0000439,0.0000001,0.0000001
56808,0.0000439,0.0000001,0.0000001
56809,0.0000439,0.0000001,0.0000001
56810,0.0000439,0.0000001,0.0000001
56811,0.0000439,0.0000001,0.0000001
56812,0.0000439,0.0000001,0.0000001
56813,0.0000439,0.0000001,0.0000001
56814,0.0000439,0.0000001,0.0000001
56815,0.0000439,0.0000001,0.0000001
56816,0.0000439,0.0000001,0.0000001
56817,0.0000439,0.0000001,0.0000001
56818,0.0000439,0.0000001,0.0000001
56819,0.0000439,0.0000001,0.0000001
56820,0.0000439,0.0000001,0.0000001
56821,0.0000439,0.0000001,0.0000001
56822,0.0000439,0.0000001,0.0000001
56823,0.0000439,0.0000001,0.0000001
56824,0.0000439,0.0000001,0.0000001
56825,0.0000439,0.0000001,0.0000001
56826,0.0000439,0.0000001,0.0000001
56827,0.0000439,0.0000001,0.0000001
56828,0.0000439,0.0000001,0.0000001
56829,0.0000439,0.0000001,0.0000001
56830,0.0000439,0.0000001,0.0000001
56831,0.0000439,0.0000001,0.0000001
56832,0.0000439,0.0000001,0.0000001
56833,0.0000439,0.0000001,0.0000001
56834,0.0000439,0.0000001,0.0000001
56835,0.0000439,0.0000001,0.0000001
56836,0.0000439,0.0000001,0.0000001
56837,0.0000439,0.0000001,0.0000001
56838,0.0000439,0.0000001,0.0000001
56839,0.0000439,0.0000001,0.0000001
56840,0.0000439,0.0000001,0.0000001
56841,0.0000438,0.0000001,0.0000001
56842,0.0000438,0.0000001,0.0000001
56843,0.0000438,0.0000001,0.0000001
56844,0.0000438,0.0000001,0.0000001
56845,0.0000438,0.0000001,0.0000001
56846,0.0000438,0.0000001,0.0000001
56847,0.0000438,0.0000001,0.0000001
56848,0.0000438,0.0000001,0.0000001
56849,0.0000438,0.0000001,0.0000001
56850,0.0000438,0.0000001,0.0000001
56851,0.0000438,0.0000001,0.0000001
56852,0.0000438,0.0000001,0.0000001
56853,0.0000438,0.0000001,0.0000001
56854,0.0000438,0.0000001,0.0000001
56855,0.0000438,0.0000001,0.0000001
56856,0.0000438,0.0000001,0.0000001
56857,0.0000438,0.0000001,0.0000001
56858,0.0000438,0.0000001,0.0000001
56859,0.0000438,0.0000001,0.0000001
56860,0.0000438,0.0000001,0.0000001
56861,0.0000438,0.0000001,0.0000001
56862,0.0000438,0.0000001,0.0000001
56863,0.0000438,0.0000001,0.0000001
56864,0.0000438,0.0000001,0.0000001
56865,0.0000438,0.0000001,0.0000001
56866,0.0000438,0.0000001,0.0000001
56867,0.0000438,0.0000001,0.0000001
56868,0.0000438,0.0000001,0.0000001
56869,0.0000438,0.0000001,0.0000001
56870,0.0000438,0.0000001,0.0000001
56871,0.0000438,0.0000001,0.0000001
56872,0.0000438,0.0000001,0.0000001
56873,0.0000438,0.0000001,0.0000001
56874,0.0000438,0.0000001,0.0000001
56875,0.0000438,0.0000001,0.0000001
56876,0.0000438,0.0000001,0.0000001
56877,0.0000438,0.0000001,0.0000001
56878,0.0000438,0.0000001,0.0000001
56879,0.0000438,0.0000001,0.0000001
56880,0.0000438,0.0000001,0.0000001
56881,0.0000438,0.0000001,0.0000001
56882,0.0000438,0.0000001,0.0000001
56883,0.0000438,0.0000001,0.0000001
56884,0.0000438,0.0000001,0.0000001
56885,0.0000438,0.0000001,0.0000001
56886,0.0000438,0.0000001,0.0000001
56887,0.0000438,0.0000001,0.0000001
56888,0.0000438,0.0000001,0.0000001
56889,0.0000438,0.0000001,0.0000001
56890,0.0000438,0.0000001,0.0000001
56891,0.0000438,0.0000001,0.0000001
56892,0.0000437,0.0000001,0.0000001
56893,0.0000437,0.0000001,0.0000001
56894,0.0000437,0.0000001,0.0000001
56895,0.0000437,0.0000001,0.0000001
56896,0.0000437,0.0000001,0.0000001
56897,0.0000437,0.0000001,0.0000001
56898,0.0000437,0.0000001,0.0000001
56899,0.0000437,0.0000001,0.0000001
56900,0.0000437,0.0000001,0.0000001
56901,0.0000437,0.0000001,0.0000001
56902,0.0000437,0.0000001,0.0000001
56903,0.0000437,0.0000001,0.0000001
56904,0.0000437,0.0000001,0.0000001
56905,0.0000437,0.0000001,0.0000001
56906,0.0000437,0.0000001,0.0000001
56907,0.0000437,0.0000001,0.0000001
56908,0.0000437,0.0000001,0.0000001
56909,0.0000437,0.0000001,0.0000001
56910,0.0000437,0.0000001,0.0000001
56911,0.0000437,0.0000001,0.0000001
56912,0.0000437,0.0000001,0.0000001
56913,0.0000437,0.0000001,0.0000001
56914,0.0000437,0.0000001,0.0000001
56915,0.0000437,0.0000001,0.0000001
56916,0.0000437,0.0000001,0.0000001
56917,0.0000437,0.0000001,0.0000001
56918,0.0000437,0.0000001,0.0000001
56919,0.0000437,0.0000001,0.0000001
56920,0.0000437,0.0000001,0.0000001
56921,0.0000437,0.0000001,0.0000001
56922,0.0000437,0.0000001,0.0000001
56923,0.0000437,0.0000001,0.0000001
56924,0.0000437,0.0000001,0.0000001
56925,0.0000437,0.0000001,0.0000001
56926,0.0000437,0.0000001,0.0000001
56927,0.0000437,0.0000001,0.0000001
56928,0.0000437,0.0000001,0.0000001
56929,0.0000437,0.0000001,0.0000001
56930,0.0000437,0.0000001,0.0000001
56931,0.0000437,0.0000001,0.0000001
56932,0.0000437,0.0000001,0.0000001
56933,0.0000437,0.0000001,0.0000001
56934,0.0000437,0.0000001,0.0000001
56935,0.0000437,0.0000001,0.0000001
56936,0.0000437,0.0000001,0.0000001
56937,0.0000437,0.0000001,0.0000001
56938,0.0000437,0.0000001,0.0000001
56939,0.0000437,0.0000001,0.0000001
56940,0.0000437,0.0000001,0.0000001
56941,0.0000437,0.0000001,0.0000001
56942,0.0000437,0.0000001,0.0000001
56943,0.0000436,0.0000001,0.0000001
56944,0.0000436,0.0000001,0.0000001
56945,0.0000436,0.0000001,0.0000001
56946,0.0000436,0.0000001,0.0000001
56947,0.0000436,0.0000001,0.0000001
56948,0.0000436,0.0000001,0.0000001
56949,0.0000436,0.0000001,0.0000001
56950,0.0000436,0.0000001,0.0000001
56951,0.0000436,0.0000001,0.0000001
56952,0.0000436,0.0000001,0.0000001
56953,0.0000436,0.0000001,0.0000001
56954,0.0000436,0.0000001,0.0000001
56955,0.0000436,0.0000001,0.0000001
56956,0.0000436,0.0000001,0.0000001
56957,0.0000436,0.0000001,0.0000001
56958,0.0000436,0.0000001,0.0000001
56959,0.0000436,0.0000001,0.0000001
56960,0.0000436,0.0000001,0.0000001
56961,0.0000436,0.0000001,0.0000001
56962,0.0000436,0.0000001,0.0000001
56963,0.0000436,0.0000001,0.0000001
56964,0.0000436,0.0000001,0.0000001
56965,0.0000436,0.0000001,0.0000001
56966,0.0000436,0.0000001,0.0000001
56967,0.0000436,0.0000001,0.0000001
56968,0.0000436,0.0000001,0.0000001
56969,0.0000436,0.0000001,0.0000001
56970,0.0000436,0.0000001,0.0000001
56971,0.0000436,0.0000001,0.0000001
56972,0.0000436,0.0000001,0.0000001
56973,0.0000436,0.0000001,0.0000001
56974,0.0000436,0.0000001,0.0000001
56975,0.0000436,0.0000001,0.0000001
56976,0.0000436,0.0000001,0.0000001
56977,0.0000436,0.0000001,0.0000001
56978,0.0000436,0.0000001,0.0000001
56979,0.0000436,0.0000001,0.0000001
56980,0.0000436,0.0000001,0.0000001
56981,0.0000436,0.0000001,0.0000001
56982,0.0000436,0.0000001,0.0000001
56983,0.0000436,0.0000001,0.0000001
56984,0.0000436,0.0000001,0.0000001
56985,0.0000436,0.0000001,0.0000001
56986,0.0000436,0.0000001,0.0000001
56987,0.0000436,0.0000001,0.0000001
56988,0.0000436,0.0000001,0.0000001
56989,0.0000436,0.0000001,0.0000001
56990,0.0000436,0.0000001,0.0000001
56991,0.0000436,0.0000001,0.0000001
56992,0.0000436,0.0000001,0.0000001
56993,0.0000436,0.0000001,0.0000001
56994,0.0000435,0.0000001,0.0000001
56995,0.0000435,0.0000001,0.0000001
56996,0.0000435,0.0000001,0.0000001
56997,0.0000435,0.0000001,0.0000001
56998,0.0000435,0.0000001,0.0000001
56999,0.0000435,0.0000001,0.0000001
57000,0.0000435,0.0000001,0.0000001
57001,0.0000435,0.0000001,0.0000001
57002,0.0000435,0.0000001,0.0000001
57003,0.0000435,0.0000001,0.0000001
57004,0.0000435,0.0000001,0.0000001
57005,0.0000435,0.0000001,0.0000001
57006,0.0000435,0.0000001,0.0000001
57007,0.0000435,0.0000001,0.0000001
57008,0.0000435,0.0000001,0.0000001
57009,0.0000435,0.0000001,0.0000001
57010,0.0000435,0.0000001,0.0000001
57011,0.0000435,0.0000001,0.0000001
57012,0.0000435,0.0000001,0.0000001
57013,0.0000435,0.0000001,0.0000001
57014,0.0000435,0.0000001,0.0000001
57015,0.0000435,0.0000001,0.0000001
57016,0.0000435,0.0000001,0.0000001
57017,0.0000435,0.0000001,0.0000001
57018,0.0000435,0.0000001,0.0000001
57019,0.0000435,0.0000001,0.0000001
57020,0.0000435,0.0000001,0.0000001
57021,0.0000435,0.0000001,0.0000001
57022,0.0000435,0.0000001,0.0000001
57023,0.0000435,0.0000001,0.0000001
57024,0.0000435,0.0000001,0.0000001
57025,0.0000435,0.0000001,0.0000001
57026,0.0000435,0.0000001,0.0000001
57027,0.0000435,0.0000001,0.0000001
57028,0.0000435,0.0000001,0.0000001
57029,0.0000435,0.0000001,0.0000001
57030,0.0000435,0.0000001,0.0000001
57031,0.0000435,0.0000001,0.0000001
57032,0.0000435,0.0000001,0.0000001
57033,0.0000435,0.0000001,0.0000001
57034,0.0000435,0.0000001,0.0000001
57035,0.0000435,0.0000001,0.0000001
57036,0.0000435,0.0000001,0.0000001
57037,0.0000435,0.0000001,0.0000001
57038,0.0000435,0.0000001,0.0000001
57039,0.0000435,0.0000001,0.0000001
57040,0.0000435,0.0000001,0.0000001
57041,0.0000435,0.0000001,0.0000001
57042,0.0000435,0.0000001,0.0000001
57043,0.0000435,0.0000001,0.0000001
57044,0.0000435,0.0000001,0.0000001
57045,0.0000434,0.0000001,0.0000001
57046,0.0000434,0.0000001,0.0000001
57047,0.0000434,0.0000001,0.0000001
57048,0.0000434,0.0000001,0.0000001
57049,0.0000434,0.0000001,0.0000001
57050,0.0000434,0.0000001,0.0000001
57051,0.0000434,0.0000001,0.0000001
57052,0.0000434,0.0000001,0.0000001
57053,0.0000434,0.0000001,0.0000001
57054,0.0000434,0.0000001,0.0000001
57055,0.0000434,0.0000001,0.0000001
57056,0.0000434,0.0000001,0.0000001
57057,0.0000434,0.0000001,0.0000001
57058,0.0000434,0.0000001,0.0000001
57059,0.0000434,0.0000001,0.0000001
57060,0.0000434,0.0000001,0.0000001
57061,0.0000434,0.0000001,0.0000001
57062,0.0000434,0.0000001,0.0000001
57063,0.0000434,0.0000001,0.0000001
57064,0.0000434,0.0000001,0.0000001
57065,0.0000434,0.0000001,0.0000001
57066,0.0000434,0.0000001,0.0000001
57067,0.0000434,0.0000001,0.0000001
57068,0.0000434,0.0000001,0.0000001
57069,0.0000434,0.0000001,0.0000001
57070,0.0000434,0.0000001,0.0000001
57071,0.0000434,0.0000001,0.0000001
57072,0.0000434,0.0000001,0.0000001
57073,0.0000434,0.0000001,0.0000001
57074,0.0000434,0.0000001,0.0000001
57075,0.0000434,0.0000001,0.0000001
57076,0.0000434,0.0000001,0.0000001
57077,0.0000434,0.0000001,0.0000001
57078,0.0000434,0.0000001,0.0000001
57079,0.0000434,0.0000001,0.0000001
57080,0.0000434,0.0000001,0.0000001
57081,0.0000434,0.0000001,0.0000001
57082,0.0000434,0.0000001,0.0000001
57083,0.0000434,0.0000001,0.0000001
57084,0.0000434,0.0000001,0.0000001
57085,0.0000434,0.0000001,0.0000001
57086,0.0000434,0.0000001,0.0000001
57087,0.0000434,0.0000001,0.0000001
57088,0.0000434,0.0000001,0.0000001
57089,0.0000434,0.0000001,0.0000001
57090,0.0000434,0.0000001,0.0000001
57091,0.0000434,0.0000001,0.0000001
57092,0.0000434,0.0000001,0.0000001
57093,0.0000434,0.0000001,0.0000001
57094,0.0000434,0.0000001,0.0000001
57095,0.0000434,0.0000001,0.0000001
57096,0.0000434,0.0000001,0.0000001
57097,0.0000433,0.0000001,0.0000001
57098,0.0000433,0.0000001,0.0000001
57099,0.0000433,0.0000001,0.0000001
57100,0.0000433,0.0000001,0.0000001
57101,0.0000433,0.0000001,0.0000001
57102,0.0000433,0.0000001,0.0000001
57103,0.0000433,0.0000001,0.0000001
57104,0.0000433,0.0000001,0.0000001
57105,0.0000433,0.0000001,0.0000001
57106,0.0000433,0.0000001,0.0000001
57107,0.0000433,0.0000001,0.0000001
57108,0.0000433,0.0000001,0.0000001
57109,0.0000433,0.0000001,0.0000001
57110,0.0000433,0.0000001,0.0000001
57111,0.0000433,0.0000001,0.0000001
57112,0.0000433,0.0000001,0.0000001
57113,0.0000433,0.0000001,0.0000001
57114,0.0000433,0.0000001,0.0000001
57115,0.0000433,0.0000001,0.0000001
57116,0.0000433,0.0000001,0.0000001
57117,0.0000433,0.0000001,0.0000001
57118,0.0000433,0.0000001,0.0000001
57119,0.0000433,0.0000001,0.0000001
57120,0.0000433,0.0000001,0.0000001
57121,0.0000433,0.0000001,0.0000001
57122,0.0000433,0.0000001,0.0000001
57123,0.0000433,0.0000001,0.0000001
57124,0.0000433,0.0000001,0.0000001
57125,0.0000433,0.0000001,0.0000001
57126,0.0000433,0.0000001,0.0000001
57127,0.0000433,0.0000001,0.0000001
57128,0.0000433,0.0000001,0.0000001
57129,0.0000433,0.0000001,0.0000001
57130,0.0000433,0.0000001,0.0000001
57131,0.0000433,0.0000001,0.0000001
57132,0.0000433,0.0000001,0.0000001
57133,0.0000433,0.0000001,0.0000001
57134,0.0000433,0.0000001,0.0000001
57135,0.0000433,0.0000001,0.0000001
57136,0.0000433,0.0000001,0.0000001
57137,0.0000433,0.0000001,0.0000001
57138,0.0000433,0.0000001,0.0000001
57139,0.0000433,0.0000001,0.0000001
57140,0.0000433,0.0000001,0.0000001
57141,0.0000433,0.0000001,0.0000001
57142,0.0000433,0.0000001,0.0000001
57143,0.0000433,0.0000001,0.0000001
57144,0.0000433,0.0000001,0.0000001
57145,0.0000433,0.0000001,0.0000001
57146,0.0000433,0.0000001,0.0000001
57147,0.0000433,0.0000001,0.0000001
57148,0.0000433,0.0000001,0.0000001
57149,0.0000432,0.0000001,0.0000001
57150,0.0000432,0.0000001,0.0000001
57151,0.0000432,0.0000001,0.0000001
57152,0.0000432,0.0000001,0.0000001
57153,0.0000432,0.0000001,0.0000001
57154,0.0000432,0.0000001,0.0000001
57155,0.0000432,0.0000001,0.0000001
57156,0.0000432,0.0000001,0.0000001
57157,0.0000432,0.0000001,0.0000001
57158,0.0000432,0.0000001,0.0000001
57159,0.0000432,0.0000001,0.0000001
57160,0.0000432,0.0000001,0.0000001
57161,0.0000432,0.0000001,0.0000001
57162,0.0000432,0.0000001,0.0000001
57163,0.0000432,0.0000001,0.0000001
57164,0.0000432,0.0000001,0.0000001
57165,0.0000432,0.0000001,0.0000001
57166,0.0000432,0.0000001,0.0000001
57167,0.0000432,0.0000001,0.0000001
57168,0.0000432,0.0000001,0.0000001
57169,0.0000432,0.0000001,0.0000001
57170,0.0000432,0.0000001,0.0000001
57171,0.0000432,0.0000001,0.0000001
57172,0.0000432,0.0000001,0.0000001
57173,0.0000432,0.0000001,0.0000001
57174,0.0000432,0.0000001,0.0000001
57175,0.0000432,0.0000001,0.0000001
57176,0.0000432,0.0000001,0.0000001
57177,0.0000432,0.0000001,0.0000001
57178,0.0000432,0.0000001,0.0000001
57179,0.0000432,0.0000001,0.0000001
57180,0.0000432,0.0000001,0.0000001
57181,0.0000432,0.0000001,0.0000001
57182,0.0000432,0.0000001,0.0000001
57183,0.0000432,0.0000001,0.0000001
57184,0.0000432,0.0000001,0.0000001
57185,0.0000432,0.0000001,0.0000001
57186,0.0000432,0.0000001,0.0000001
57187,0.0000432,0.0000001,0.0000001
57188,0.0000432,0.0000001,0.0000001
57189,0.0000432,0.0000001,0.0000001
57190,0.0000432,0.0000001,0.0000001
57191,0.0000432,0.0000001,0.0000001
57192,0.0000432,0.0000001,0.0000001
57193,0.0000432,0.0000001,0.0000001
57194,0.0000432,0.0000001,0.0000001
57195,0.0000432,0.0000001,0.0000001
57196,0.0000432,0.0000001,0.0000001
57197,0.0000432,0.0000001,0.0000001
57198,0.0000432,0.0000001,0.0000001
57199,0.0000432,0.0000001,0.0000001
57200,0.0000431,0.0000001,0.0000001
57201,0.0000431,0.0000001,0.0000001
57202,0.0000431,0.0000001,0.0000001
57203,0.0000431,0.0000001,0.0000001
57204,0.0000431,0.0000001,0.0000001
57205,0.0000431,0.0000001,0.0000001
57206,0.0000431,0.0000001,0.0000001
57207,0.0000431,0.0000001,0.0000001
57208,0.0000431,0.0000001,0.0000001
57209,0.0000431,0.0000001,0.0000001
57210,0.0000431,0.0000001,0.0000001
57211,0.0000431,0.0000001,0.0000001
57212,0.0000431,0.0000001,0.0000001
57213,0.0000431,0.0000001,0.0000001
57214,0.0000431,0.0000001,0.0000001
57215,0.0000431,0.0000001,0.0000001
57216,0.0000431,0.0000001,0.0000001
57217,0.0000431,0.0000001,0.0000001
57218,0.0000431,0.0000001,0.0000001
57219,0.0000431,0.0000001,0.0000001
57220,0.0000431,0.0000001,0.0000001
57221,0.0000431,0.0000001,0.0000001
57222,0.0000431,0.0000001,0.0000001
57223,0.0000431,0.0000001,0.0000001
57224,0.0000431,0.0000001,0.0000001
57225,0.0000431,0.0000001,0.0000001
57226,0.0000431,0.0000001,0.0000001
57227,0.0000431,0.0000001,0.0000001
57228,0.0000431,0.0000001,0.0000001
57229,0.0000431,0.0000001,0.0000001
57230,0.0000431,0.0000001,0.0000001
57231,0.0000431,0.0000001,0.0000001
57232,0.0000431,0.0000001,0.0000001
57233,0.0000431,0.0000001,0.0000001
57234,0.0000431,0.0000001,0.0000001
57235,0.0000431,0.0000001,0.0000001
57236,0.0000431,0.0000001,0.0000001
57237,0.0000431,0.0000001,0.0000001
57238,0.0000431,0.0000001,0.0000001
57239,0.0000431,0.0000001,0.0000001
57240,0.0000431,0.0000001,0.0000001
57241,0.0000431,0.0000001,0.0000001
57242,0.0000431,0.0000001,0.0000001
57243,0.0000431,0.0000001,0.0000001
57244,0.0000431,0.0000001,0.0000001
57245,0.0000431,0.0000001,0.0000001
57246,0.0000431,0.0000001,0.0000001
57247,0.0000431,0.0000001,0.0000001
57248,0.0000431,0.0000001,0.0000001
57249,0.0000431,0.0000001,0.0000001
57250,0.0000431,0.0000001,0.0000001
57251,0.0000431,0.0000001,0.0000001
57252,0.0000430,0.0000001,0.0000001
57253,0.0000430,0.0000001,0.0000001
57254,0.0000430,0.0000001,0.0000001
57255,0.0000430,0.0000001,0.0000001
57256,0.0000430,0.0000001,0.0000001
57257,0.0000430,0.0000001,0.0000001
57258,0.0000430,0.0000001,0.0000001
57259,0.0000430,0.0000001,0.0000001
57260,0.0000430,0.0000001,0.0000001
57261,0.0000430,0.0000001,0.0000001
57262,0.0000430,0.0000001,0.0000001
57263,0.0000430,0.0000001,0.0000001
57264,0.0000430,0.0000001,0.0000001
57265,0.0000430,0.0000001,0.0000001
57266,0.0000430,0.0000001,0.0000001
57267,0.0000430,0.0000001,0.0000001
57268,0.0000430,0.0000001,0.0000001
57269,0.0000430,0.0000001,0.0000001
57270,0.0000430,0.0000001,0.0000001
57271,0.0000430,0.0000001,0.0000001
57272,0.0000430,0.0000001,0.0000001
57273,0.0000430,0.0000001,0.0000001
57274,0.0000430,0.0000001,0.0000001
57275,0.0000430,0.0000001,0.0000001
57276,0.0000430,0.0000001,0.0000001
57277,0.0000430,0.0000001,0.0000001
57278,0.0000430,0.0000001,0.0000001
57279,0.0000430,0.0000001,0.0000001
57280,0.0000430,0.0000001,0.0000001
57281,0.0000430,0.0000001,0.0000001
57282,0.0000430,0.0000001,0.0000001
57283,0.0000430,0.0000001,0.0000001
57284,0.0000430,0.0000001,0.0000001
57285,0.0000430,0.0000001,0.0000001
57286,0.0000430,0.0000001,0.0000001
57287,0.0000430,0.0000001,0.0000001
57288,0.0000430,0.0000001,0.0000001
57289,0.0000430,0.0000001,0.0000001
57290,0.0000430,0.0000001,0.0000001
57291,0.0000430,0.0000001,0.0000001
57292,0.0000430,0.0000001,0.0000001
57293,0.0000430,0.0000001,0.0000001
57294,0.0000430,0.0000001,0.0000001
57295,0.0000430,0.0000001,0.0000001
57296,0.0000430,0.0000001,0.0000001
57297,0.0000430,0.0000001,0.0000001
57298,0.0000430,0.0000001,0.0000001
57299,0.0000430,0.0000001,0.0000001
57300,0.0000430,0.0000001,0.0000001
57301,0.0000430,0.0000001,0.0000001
57302,0.0000430,0.0000001,0.0000001
57303,0.0000430,0.0000001,0.0000001
57304,0.0000429,0.0000001,0.0000001
57305,0.0000429,0.0000001,0.0000001
57306,0.0000429,0.0000001,0.0000001
57307,0.0000429,0.0000001,0.0000001
57308,0.0000429,0.0000001,0.0000001
57309,0.0000429,0.0000001,0.0000001
57310,0.0000429,0.0000001,0.0000001
57311,0.0000429,0.0000001,0.0000001
57312,0.0000429,0.0000001,0.0000001
57313,0.0000429,0.0000001,0.0000001
57314,0.0000429,0.0000001,0.0000001
57315,0.0000429,0.0000001,0.0000001
57316,0.0000429,0.0000001,0.0000001
57317,0.0000429,0.0000001,0.0000001
57318,0.0000429,0.0000001,0.0000001
57319,0.0000429,0.0000001,0.0000001
57320,0.0000429,0.0000001,0.0000001
57321,0.0000429,0.0000001,0.0000001
57322,0.0000429,0.0000001,0.0000001
57323,0.0000429,0.0000001,0.0000001
57324,0.0000429,0.0000001,0.0000001
57325,0.0000429,0.0000001,0.0000001
57326,0.0000429,0.0000001,0.0000001
57327,0.0000429,0.0000001,0.0000001
57328,0.0000429,0.0000001,0.0000001
57329,0.0000429,0.0000001,0.0000001
57330,0.0000429,0.0000001,0.0000001
57331,0.0000429,0.0000001,0.0000001
57332,0.0000429,0.0000001,0.0000001
57333,0.0000429,0.0000001,0.0000001
57334,0.0000429,0.0000001,0.0000001
57335,0.0000429,0.0000001,0.0000001
57336,0.0000429,0.0000001,0.0000001
57337,0.0000429,0.0000001,0.0000001
57338,0.0000429,0.0000001,0.0000001
57339,0.0000429,0.0000001,0.0000001
57340,0.0000429,0.0000001,0.0000001
57341,0.0000429,0.0000001,0.0000001
57342,0.0000429,0.0000001,0.0000001
57343,0.0000429,0.0000001,0.0000001
57344,0.0000429,0.0000001,0.0000001
57345,0.0000429,0.0000001,0.0000001
57346,0.0000429,0.0000001,0.0000001
57347,0.0000429,0.0000001,0.0000001
57348,0.0000429,0.0000001,0.0000001
57349,0.0000429,0.0000001,0.0000001
57350,0.0000429,0.0000001,0.0000001
57351,0.0000429,0.0000001,0.0000001
57352,0.0000429,0.0000001,0.0000001
57353,0.0000429,0.0000001,0.0000001
57354,0.0000429,0.0000001,0.0000001
57355,0.0000429,0.0000001,0.0000001
57356,0.0000429,0.0000001,0.0000001
57357,0.0000428,0.0000001,0.0000001
57358,0.0000428,0.0000001,0.0000001
57359,0.0000428,0.0000001,0.0000001
57360,0.0000428,0.0000001,0.0000001
57361,0.0000428,0.0000001,0.0000001
57362,0.0000428,0.0000001,0.0000001
57363,0.0000428,0.0000001,0.0000001
57364,0.0000428,0.0000001,0.0000001
57365,0.0000428,0.0000001,0.0000001
57366,0.0000428,0.0000001,0.0000001
57367,0.0000428,0.0000001,0.0000001
57368,0.0000428,0.0000001,0.0000001
57369,0.0000428,0.0000001,0.0000001
57370,0.0000428,0.0000001,0.0000001
57371,0.0000428,0.0000001,0.0000001
57372,0.0000428,0.0000001,0.0000001
57373,0.0000428,0.0000001,0.0000001
57374,0.0000428,0.0000001,0.0000001
57375,0.0000428,0.0000001,0.0000001
57376,0.0000428,0.0000001,0.0000001
57377,0.0000428,0.0000001,0.0000001
57378,0.0000428,0.0000001,0.0000001
57379,0.0000428,0.0000001,0.0000001
57380,0.0000428,0.0000001,0.0000001
57381,0.0000428,0.0000001,0.0000001
57382,0.0000428,0.0000001,0.0000001
57383,0.0000428,0.0000001,0.0000001
57384,0.0000428,0.0000001,0.0000001
57385,0.0000428,0.0000001,0.0000001
57386,0.0000428,0.0000001,0.0000001
57387,0.0000428,0.0000001,0.0000001
57388,0.0000428,0.0000001,0.0000001
57389,0.0000428,0.0000001,0.0000001
57390,0.0000428,0.0000001,0.0000001
57391,0.0000428,0.0000001,0.0000001
57392,0.0000428,0.0000001,0.0000001
57393,0.0000428,0.0000001,0.0000001
57394,0.0000428,0.0000001,0.0000001
57395,0.0000428,0.0000001,0.0000001
57396,0.0000428,0.0000001,0.0000001
57397,0.0000428,0.0000001,0.0000001
57398,0.0000428,0.0000001,0.0000001
57399,0.0000428,0.0000001,0.0000001
57400,0.0000428,0.0000001,0.0000001
57401,0.0000428,0.0000001,0.0000001
57402,0.0000428,0.0000001,0.0000001
57403,0.0000428,0.0000001,0.0000001
57404,0.0000428,0.0000001,0.0000001
57405,0.0000428,0.0000001,0.0000001
57406,0.0000428,0.0000001,0.0000001
57407,0.0000428,0.0000001,0.0000001
57408,0.0000428,0.0000001,0.0000001
57409,0.0000427,0.0000001,0.0000001
57410,0.0000427,0.0000001,0.0000001
57411,0.0000427,0.0000001,0.0000001
57412,0.0000427,0.0000001,0.0000001
57413,0.0000427,0.0000001,0.0000001
57414,0.0000427,0.0000001,0.0000001
57415,0.0000427,0.0000001,0.0000001
57416,0.0000427,0.0000001,0.0000001
57417,0.0000427,0.0000001,0.0000001
57418,0.0000427,0.0000001,0.0000001
57419,0.0000427,0.0000001,0.0000001
57420,0.0000427,0.0000001,0.0000001
57421,0.0000427,0.0000001,0.0000001
57422,0.0000427,0.0000001,0.0000001
57423,0.0000427,0.0000001,0.0000001
57424,0.0000427,0.0000001,0.0000001
57425,0.0000427,0.0000001,0.0000001
57426,0.0000427,0.0000001,0.0000001
57427,0.0000427,0.0000001,0.0000001
57428,0.0000427,0.0000001,0.0000001
57429,0.0000427,0.0000001,0.0000001
57430,0.0000427,0.0000001,0.0000001
57431,0.0000427,0.0000001,0.0000001
57432,0.0000427,0.0000001,0.0000001
57433,0.0000427,0.0000001,0.0000001
57434,0.0000427,0.0000001,0.0000001
57435,0.0000427,0.0000001,0.0000001
57436,0.0000427,0.0000001,0.0000001
57437,0.0000427,0.0000001,0.0000001
57438,0.0000427,0.0000001,0.0000001
57439,0.0000427,0.0000001,0.0000001
57440,0.0000427,0.0000001,0.0000001
57441,0.0000427,0.0000001,0.0000001
57442,0.0000427,0.0000001,0.0000001
57443,0.0000427,0.0000001,0.0000001
57444,0.0000427,0.0000001,0.0000001
57445,0.0000427,0.0000001,0.0000001
57446,0.0000427,0.0000001,0.0000001
57447,0.0000427,0.0000001,0.0000001
57448,0.0000427,0.0000001,0.0000001
57449,0.0000427,0.0000001,0.0000001
57450,0.0000427,0.0000001,0.0000001
57451,0.0000427,0.0000001,0.0000001
57452,0.0000427,0.0000001,0.0000001
57453,0.0000427,0.0000001,0.0000001
57454,0.0000427,0.0000001,0.0000001
57455,0.0000427,0.0000001,0.0000001
57456,0.0000427,0.0000001,0.0000001
57457,0.0000427,0.0000001,0.0000001
57458,0.0000427,0.0000001,0.0000001
57459,0.0000427,0.0000001,0.0000001
57460,0.0000427,0.0000001,0.0000001
57461,0.0000427,0.0000001,0.0000001
57462,0.0000426,0.0000001,0.0000001
57463,0.0000426,0.0000001,0.0000001
57464,0.0000426,0.0000001,0.0000001
57465,0.0000426,0.0000001,0.0000001
57466,0.0000426,0.0000001,0.0000001
57467,0.0000426,0.0000001,0.0000001
57468,0.0000426,0.0000001,0.0000001
57469,0.0000426,0.0000001,0.0000001
57470,0.0000426,0.0000001,0.0000001
57471,0.0000426,0.0000001,0.0000001
57472,0.0000426,0.0000001,0.0000001
57473,0.0000426,0.0000001,0.0000001
57474,0.0000426,0.0000001,0.0000001
57475,0.0000426,0.0000001,0.0000001
57476,0.0000426,0.0000001,0.0000001
57477,0.0000426,0.0000001,0.0000001
57478,0.0000426,0.0000001,0.0000001
57479,0.0000426,0.0000001,0.0000001
57480,0.0000426,0.0000001,0.0000001
57481,0.0000426,0.0000001,0.0000001
57482,0.0000426,0.0000001,0.0000001
57483,0.0000426,0.0000001,0.0000001
57484,0.0000426,0.0000001,0.0000001
57485,0.0000426,0.0000001,0.0000001
57486,0.0000426,0.0000001,0.0000001
57487,0.0000426,0.0000001,0.0000001
57488,0.0000426,0.0000001,0.0000001
57489,0.0000426,0.0000001,0.0000001
57490,0.0000426,0.0000001,0.0000001
57491,0.0000426,0.0000001,0.0000001
57492,0.0000426,0.0000001,0.0000001
57493,0.0000426,0.0000001,0.0000001
57494,0.0000426,0.0000001,0.0000001
57495,0.0000426,0.0000001,0.0000001
57496,0.0000426,0.0000001,0.0000001
57497,0.0000426,0.0000001,0.0000001
57498,0.0000426,0.0000001,0.0000001
57499,0.0000426,0.0000001,0.0000001
57500,0.0000426,0.0000001,0.0000001
57501,0.0000426,0.0000001,0.0000001
57502,0.0000426,0.0000001,0.0000001
57503,0.0000426,0.0000001,0.0000001
57504,0.0000426,0.0000001,0.0000001
57505,0.0000426,0.0000001,0.0000001
57506,0.0000426,0.0000001,0.0000001
57507,0.0000426,0.0000001,0.0000001
57508,0.0000426,0.0000001,0.0000001
57509,0.0000426,0.0000001,0.0000001
57510,0.0000426,0.0000001,0.0000001
57511,0.0000426,0.0000001,0.0000001
57512,0.0000426,0.0000001,0.0000001
57513,0.0000426,0.0000001,0.0000001
57514,0.0000425,0.0000001,0.0000001
57515,0.0000425,0.0000001,0.0000001
57516,0.0000425,0.0000001,0.0000001
57517,0.0000425,0.0000001,0.0000001
57518,0.0000425,0.0000001,0.0000001
57519,0.0000425,0.0000001,0.0000001
57520,0.0000425,0.0000001,0.0000001
57521,0.0000425,0.0000001,0.0000001
57522,0.0000425,0.0000001,0.0000001
57523,0.0000425,0.0000001,0.0000001
57524,0.0000425,0.0000001,0.0000001
57525,0.0000425,0.0000001,0.0000001
57526,0.0000425,0.0000001,0.0000001
57527,0.0000425,0.0000001,0.0000001
57528,0.0000425,0.0000001,0.0000001
57529,0.0000425,0.0000001,0.0000001
57530,0.0000425,0.0000001,0.0000001
57531,0.0000425,0.0000001,0.0000001
57532,0.0000425,0.0000001,0.0000001
57533,0.0000425,0.0000001,0.0000001
57534,0.0000425,0.0000001,0.0000001
57535,0.0000425,0.0000001,0.0000001
57536,0.0000425,0.0000001,0.0000001
57537,0.0000425,0.0000001,0.0000001
57538,0.0000425,0.0000001,0.0000001
57539,0.0000425,0.0000001,0.0000001
57540,0.0000425,0.0000001,0.0000001
57541,0.0000425,0.0000001,0.0000001
57542,0.0000425,0.0000001,0.0000001
57543,0.0000425,0.0000001,0.0000001
57544,0.0000425,0.0000001,0.0000001
57545,0.0000425,0.0000001,0.0000001
57546,0.0000425,0.0000001,0.0000001
57547,0.0000425,0.0000001,0.0000001
57548,0.0000425,0.0000001,0.0000001
57549,0.0000425,0.0000001,0.0000001
57550,0.0000425,0.0000001,0.0000001
57551,0.0000425,0.0000001,0.0000001
57552,0.0000425,0.0000001,0.0000001
57553,0.0000425,0.0000001,0.0000001
57554,0.0000425,0.0000001,0.0000001
57555,0.0000425,0.0000001,0.0000001
57556,0.0000425,0.0000001,0.0000001
57557,0.0000425,0.0000001,0.0000001
57558,0.0000425,0.0000001,0.0000001
57559,0.0000425,0.0000001,0.0000001
57560,0.0000425,0.0000001,0.0000001
57561,0.0000425,0.0000001,0.0000001
57562,0.0000425,0.0000001,0.0000001
57563,0.0000425,0.0000001,0.0000001
57564,0.0000425,0.0000001,0.0000001
57565,0.0000425,0.0000001,0.0000001
57566,0.0000425,0.0000001,0.0000001
57567,0.0000424,0.0000001,0.0000001
57568,0.0000424,0.0000001,0.0000001
57569,0.0000424,0.0000001,0.0000001
57570,0.0000424,0.0000001,0.0000001
57571,0.0000424,0.0000001,0.0000001
57572,0.0000424,0.0000001,0.0000001
57573,0.0000424,0.0000001,0.0000001
57574,0.0000424,0.0000001,0.0000001
57575,0.0000424,0.0000001,0.0000001
57576,0.0000424,0.0000001,0.0000001
57577,0.0000424,0.0000001,0.0000001
57578,0.0000424,0.0000001,0.0000001
57579,0.0000424,0.0000001,0.0000001
57580,0.0000424,0.0000001,0.0000001
57581,0.0000424,0.0000001,0.0000001
57582,0.0000424,0.0000001,0.0000001
57583,0.0000424,0.0000001,0.0000001
57584,0.0000424,0.0000001,0.0000001
57585,0.0000424,0.0000001,0.0000001
57586,0.0000424,0.0000001,0.0000001
57587,0.0000424,0.0000001,0.0000001
57588,0.0000424,0.0000001,0.0000001
57589,0.0000424,0.0000001,0.0000001
57590,0.0000424,0.0000001,0.0000001
57591,0.0000424,0.0000001,0.0000001
57592,0.0000424,0.0000001,0.0000001
57593,0.0000424,0.0000001,0.0000001
57594,0.0000424,0.0000001,0.0000001
57595,0.0000424,0.0000001,0.0000001
57596,0.0000424,0.0000001,0.0000001
57597,0.0000424,0.0000001,0.0000001
57598,0.0000424,0.0000001,0.0000001
57599,0.0000424,0.0000001,0.0000001
57600,0.0000424,0.0000001,0.0000001
57601,0.0000424,0.0000001,0.0000001
57602,0.0000424,0.0000001,0.0000001
57603,0.0000424,0.0000001,0.0000001
57604,0.0000424,0.0000001,0.0000001
57605,0.0000424,0.0000001,0.0000001
57606,0.0000424,0.0000001,0.0000001
57607,0.0000424,0.0000001,0.0000001
57608,0.0000424,0.0000001,0.0000001
57609,0.0000424,0.0000001,0.0000001
57610,0.0000424,0.0000001,0.0000001
57611,0.0000424,0.0000001,0.0000001
57612,0.0000424,0.0000001,0.0000001
57613,0.0000424,0.0000001,0.0000001
57614,0.0000424,0.0000001,0.0000001
57615,0.0000424,0.0000001,0.0000001
57616,0.0000424,0.0000001,0.0000001
57617,0.0000424,0.0000001,0.0000001
57618,0.0000424,0.0000001,0.0000001
57619,0.0000424,0.0000001,0.0000001
57620,0.0000423,0.0000001,0.0000001
57621,0.0000423,0.0000001,0.0000001
57622,0.0000423,0.0000001,0.0000001
57623,0.0000423,0.0000001,0.0000001
57624,0.0000423,0.0000001,0.0000001
57625,0.0000423,0.0000001,0.0000001
57626,0.0000423,0.0000001,0.0000001
57627,0.0000423,0.0000001,0.0000001
57628,0.0000423,0.0000001,0.0000001
57629,0.0000423,0.0000001,0.0000001
57630,0.0000423,0.0000001,0.0000001
57631,0.0000423,0.0000001,0.0000001
57632,0.0000423,0.0000001,0.0000001
57633,0.0000423,0.0000001,0.0000001
57634,0.0000423,0.0000001,0.0000001
57635,0.0000423,0.0000001,0.0000001
57636,0.0000423,0.0000001,0.0000001
57637,0.0000423,0.0000001,0.0000001
57638,0.0000423,0.0000001,0.0000001
57639,0.0000423,0.0000001,0.0000001
57640,0.0000423,0.0000001,0.0000001
57641,0.0000423,0.0000001,0.0000001
57642,0.0000423,0.0000001,0.0000001
57643,0.0000423,0.0000001,0.0000001
57644,0.0000423,0.0000001,0.0000001
57645,0.0000423,0.0000001,0.0000001
57646,0.0000423,0.0000001,0.0000001
57647,0.0000423,0.0000001,0.0000001
57648,0.0000423,0.0000001,0.0000001
57649,0.0000423,0.0000001,0.0000001
57650,0.0000423,0.0000001,0.0000001
57651,0.0000423,0.0000001,0.0000001
57652,0.0000423,0.0000001,0.0000001
57653,0.0000423,0.0000001,0.0000001
57654,0.0000423,0.0000001,0.0000001
57655,0.0000423,0.0000001,0.0000001
57656,0.0000423,0.0000001,0.0000001
57657,0.0000423,0.0000001,0.0000001
57658,0.0000423,0.0000001,0.0000001
57659,0.0000423,0.0000001,0.0000001
57660,0.0000423,0.0000001,0.0000001
57661,0.0000423,0.0000001,0.0000001
57662,0.0000423,0.0000001,0.0000001
57663,0.0000423,0.0000001,0.0000001
57664,0.0000423,0.0000001,0.0000001
57665,0.0000423,0.0000001,0.0000001
57666,0.0000423,0.0000001,0.0000001
57667,0.0000423,0.0000001,0.0000001
57668,0.0000423,0.0000001,0.0000001
57669,0.0000423,0.0000001,0.0000001
57670,0.0000423,0.0000001,0.0000001
57671,0.0000423,0.0000001,0.0000001
57672,0.0000423,0.0000001,0.0000001
57673,0.0000422,0.0000001,0.0000001
57674,0.0000422,0.0000001,0.0000001
57675,0.0000422,0.0000001,0.0000001
57676,0.0000422,0.0000001,0.0000001
57677,0.0000422,0.0000001,0.0000001
57678,0.0000422,0.0000001,0.0000001
57679,0.0000422,0.0000001,0.0000001
57680,0.0000422,0.0000001,0.0000001
57681,0.0000422,0.0000001,0.0000001
57682,0.0000422,0.0000001,0.0000001
57683,0.0000422,0.0000001,0.0000001
57684,0.0000422,0.0000001,0.0000001
57685,0.0000422,0.0000001,0.0000001
57686,0.0000422,0.0000001,0.0000001
57687,0.0000422,0.0000001,0.0000001
57688,0.0000422,0.0000001,0.0000001
57689,0.0000422,0.0000001,0.0000001
57690,0.0000422,0.0000001,0.0000001
57691,0.0000422,0.0000001,0.0000001
57692,0.0000422,0.0000001,0.0000001
57693,0.0000422,0.0000001,0.0000001
57694,0.0000422,0.0000001,0.0000001
57695,0.0000422,0.0000001,0.0000001
57696,0.0000422,0.0000001,0.0000001
57697,0.0000422,0.0000001,0.0000001
57698,0.0000422,0.0000001,0.0000001
57699,0.0000422,0.0000001,0.0000001
57700,0.0000422,0.0000001,0.0000001
57701,0.0000422,0.0000001,0.0000001
57702,0.0000422,0.0000001,0.0000001
57703,0.0000422,0.0000001,0.0000001
57704,0.0000422,0.0000001,0.0000001
57705,0.0000422,0.0000001,0.0000001
57706,0.0000422,0.0000001,0.0000001
57707,0.0000422,0.0000001,0.0000001
57708,0.0000422,0.0000001,0.0000001
57709,0.0000422,0.0000001,0.0000001
57710,0.0000422,0.0000001,0.0000001
57711,0.0000422,0.0000001,0.0000001
57712,0.0000422,0.0000001,0.0000001
57713,0.0000422,0.0000001,0.0000001
57714,0.0000422,0.0000001,0.0000001
57715,0.0000422,0.0000001,0.0000001
57716,0.0000422,0.0000001,0.0000001
57717,0.0000422,0.0000001,0.0000001
57718,0.0000422,0.0000001,0.0000001
57719,0.0000422,0.0000001,0.0000001
57720,0.0000422,0.0000001,0.0000001
57721,0.0000422,0.0000001,0.0000001
57722,0.0000422,0.0000001,0.0000001
57723,0.0000422,0.0000001,0.0000001
57724,0.0000422,0.0000001,0.0000001
57725,0.0000422,0.0000001,0.0000001
57726,0.0000422,0.0000001,0.0000001
57727,0.0000421,0.0000001,0.0000001
57728,0.0000421,0.0000001,0.0000001
57729,0.0000421,0.0000001,0.0000001
57730,0.0000421,0.0000001,0.0000001
57731,0.0000421,0.0000001,0.0000001
57732,0.0000421,0.0000001,0.0000001
57733,0.0000421,0.0000001,0.0000001
57734,0.0000421,0.0000001,0.0000001
57735,0.0000421,0.0000001,0.0000001
57736,0.0000421,0.0000001,0.0000001
57737,0.0000421,0.0000001,0.0000001
57738,0.0000421,0.0000001,0.0000001
57739,0.0000421,0.0000001,0.0000001
57740,0.0000421,0.0000001,0.0000001
57741,0.0000421,0.0000001,0.0000001
57742,0.0000421,0.0000001,0.0000001
57743,0.0000421,0.0000001,0.0000001
57744,0.0000421,0.0000001,0.0000001
57745,0.0000421,0.0000001,0.0000001
57746,0.0000421,0.0000001,0.0000001
57747,0.0000421,0.0000001,0.0000001
57748,0.0000421,0.0000001,0.0000001
57749,0.0000421,0.0000001,0.0000001
57750,0.0000421,0.0000001,0.0000001
57751,0.0000421,0.0000001,0.0000001
57752,0.0000421,0.0000001,0.0000001
57753,0.0000421,0.0000001,0.0000001
57754,0.0000421,0.0000001,0.0000001
57755,0.0000421,0.0000001,0.0000001
57756,0.0000421,0.0000001,0.0000001
57757,0.0000421,0.0000001,0.0000001
57758,0.0000421,0.0000001,0.0000001
57759,0.0000421,0.0000001,0.0000001
57760,0.0000421,0.0000001,0.0000001
57761,0.0000421,0.0000001,0.0000001
57762,0.0000421,0.0000001,0.0000001
57763,0.0000421,0.0000001,0.0000001
57764,0.0000421,0.0000001,0.0000001
57765,0.0000421,0.0000001,0.0000001
57766,0.0000421,0.0000001,0.0000001
57767,0.0000421,0.0000001,0.0000001
57768,0.0000421,0.0000001,0.0000001
57769,0.0000421,0.0000001,0.0000001
57770,0.0000421,0.0000001,0.0000001
57771,0.0000421,0.0000001,0.0000001
57772,0.0000421,0.0000001,0.0000001
57773,0.0000421,0.0000001,0.0000001
57774,0.0000421,0.0000001,0.0000001
57775,0.0000421,0.0000001,0.0000001
57776,0.0000421,0.0000001,0.0000001
57777,0.0000421,0.0000001,0.0000001
57778,0.0000421,0.0000001,0.0000001
57779,0.0000421,0.0000001,0.0000001
57780,0.0000420,0.0000001,0.0000001
57781,0.0000420,0.0000001,0.0000001
57782,0.0000420,0.0000001,0.0000001
57783,0.0000420,0.0000001,0.0000001
57784,0.0000420,0.0000001,0.0000001
57785,0.0000420,0.0000001,0.0000001
57786,0.0000420,0.0000001,0.0000001
57787,0.0000420,0.0000001,0.0000001
57788,0.0000420,0.0000001,0.0000001
57789,0.0000420,0.0000001,0.0000001
57790,0.0000420,0.0000001,0.0000001
57791,0.0000420,0.0000001,0.0000001
57792,0.0000420,0.0000001,0.0000001
57793,0.0000420,0.0000001,0.0000001
57794,0.0000420,0.0000001,0.0000001
57795,0.0000420,0.0000001,0.0000001
57796,0.0000420,0.0000001,0.0000001
57797,0.0000420,0.0000001,0.0000001
57798,0.0000420,0.0000001,0.0000001
57799,0.0000420,0.0000001,0.0000001
57800,0.0000420,0.0000001,0.0000001
57801,0.0000420,0.0000001,0.0000001
57802,0.0000420,0.0000001,0.0000001
57803,0.0000420,0.0000001,0.0000001
57804,0.0000420,0.0000001,0.0000001
57805,0.0000420,0.0000001,0.0000001
57806,0.0000420,0.0000001,0.0000001
57807,0.0000420,0.0000001,0.0000001
57808,0.0000420,0.0000001,0.0000001
57809,0.0000420,0.0000001,0.0000001
57810,0.0000420,0.0000001,0.0000001
57811,0.0000420,0.0000001,0.0000001
57812,0.0000420,0.0000001,0.0000001
57813,0.0000420,0.0000001,0.0000001
57814,0.0000420,0.0000001,0.0000001
57815,0.0000420,0.0000001,0.0000001
57816,0.0000420,0.0000001,0.0000001
57817,0.0000420,0.0000001,0.0000001
57818,0.0000420,0.0000001,0.0000001
57819,0.0000420,0.0000001,0.0000001
57820,0.0000420,0.0000001,0.0000001
57821,0.0000420,0.0000001,0.0000001
57822,0.0000420,0.0000001,0.0000001
57823,0.0000420,0.0000001,0.0000001
57824,0.0000420,0.0000001,0.0000001
57825,0.0000420,0.0000001,0.0000001
57826,0.0000420,0.0000001,0.0000001
57827,0.0000420,0.0000001,0.0000001
57828,0.0000420,0.0000001,0.0000001
57829,0.0000420,0.0000001,0.0000001
57830,0.0000420,0.0000001,0.0000001
57831,0.0000420,0.0000001,0.0000001
57832,0.0000420,0.0000001,0.0000001
57833,0.0000420,0.0000001,0.0000001
57834,0.0000419,0.0000001,0.0000001
57835,0.0000419,0.0000001,0.0000001
57836,0.0000419,0.0000001,0.0000001
57837,0.0000419,0.0000001,0.0000001
57838,0.0000419,0.0000001,0.0000001
57839,0.0000419,0.0000001,0.0000001
57840,0.0000419,0.0000001,0.0000001
57841,0.0000419,0.0000001,0.0000001
57842,0.0000419,0.0000001,0.0000001
57843,0.0000419,0.0000001,0.0000001
57844,0.0000419,0.0000001,0.0000001
57845,0.0000419,0.0000001,0.0000001
57846,0.0000419,0.0000001,0.0000001
57847,0.0000419,0.0000001,0.0000001
57848,0.0000419,0.0000001,0.0000001
57849,0.0000419,0.0000001,0.0000001
57850,0.0000419,0.0000001,0.0000001
57851,0.0000419,0.0000001,0.0000001
57852,0.0000419,0.0000001,0.0000001
57853,0.0000419,0.0000001,0.0000001
57854,0.0000419,0.0000001,0.0000001
57855,0.0000419,0.0000001,0.0000001
57856,0.0000419,0.0000001,0.0000001
57857,0.0000419,0.0000001,0.0000001
57858,0.0000419,0.0000001,0.0000001
57859,0.0000419,0.0000001,0.0000001
57860,0.0000419,0.0000001,0.0000001
57861,0.0000419,0.0000001,0.0000001
57862,0.0000419,0.0000001,0.0000001
57863,0.0000419,0.0000001,0.0000001
57864,0.0000419,0.0000001,0.0000001
57865,0.0000419,0.0000001,0.0000001
57866,0.0000419,0.0000001,0.0000001
57867,0.0000419,0.0000001,0.0000001
57868,0.0000419,0.0000001,0.0000001
57869,0.0000419,0.0000001,0.0000001
57870,0.0000419,0.0000001,0.0000001
57871,0.0000419,0.0000001,0.0000001
57872,0.0000419,0.0000001,0.0000001
57873,0.0000419,0.0000001,0.0000001
57874,0.0000419,0.0000001,0.0000001
57875,0.0000419,0.0000001,0.0000001
57876,0.0000419,0.0000001,0.0000001
57877,0.0000419,0.0000001,0.0000001
57878,0.0000419,0.0000001,0.0000001
57879,0.0000419,0.0000001,0.0000001
57880,0.0000419,0.0000001,0.0000001
57881,0.0000419,0.0000001,0.0000001
57882,0.0000419,0.0000001,0.0000001
57883,0.0000419,0.0000001,0.0000001
57884,0.0000419,0.0000001,0.0000001
57885,0.0000419,0.0000001,0.0000001
57886,0.0000419,0.0000001,0.0000001
57887,0.0000418,0.0000001,0.0000001
57888,0.0000418,0.0000001,0.0000001
57889,0.0000418,0.0000001,0.0000001
57890,0.0000418,0.0000001,0.0000001
57891,0.0000418,0.0000001,0.0000001
57892,0.0000418,0.0000001,0.0000001
57893,0.0000418,0.0000001,0.0000001
57894,0.0000418,0.0000001,0.0000001
57895,0.0000418,0.0000001,0.0000001
57896,0.0000418,0.0000001,0.0000001
57897,0.0000418,0.0000001,0.0000001
57898,0.0000418,0.0000001,0.0000001
57899,0.0000418,0.0000001,0.0000001
57900,0.0000418,0.0000001,0.0000001
57901,0.0000418,0.0000001,0.0000001
57902,0.0000418,0.0000001,0.0000001
57903,0.0000418,0.0000001,0.0000001
57904,0.0000418,0.0000001,0.0000001
57905,0.0000418,0.0000001,0.0000001
57906,0.0000418,0.0000001,0.0000001
57907,0.0000418,0.0000001,0.0000001
57908,0.0000418,0.0000001,0.0000001
57909,0.0000418,0.0000001,0.0000001
57910,0.0000418,0.0000001,0.0000001
57911,0.0000418,0.0000001,0.0000001
57912,0.0000418,0.0000001,0.0000001
57913,0.0000418,0.0000001,0.0000001
57914,0.0000418,0.0000001,0.0000001
57915,0.0000418,0.0000001,0.0000001
57916,0.0000418,0.0000001,0.0000001
57917,0.0000418,0.0000001,0.0000001
57918,0.0000418,0.0000001,0.0000001
57919,0.0000418,0.0000001,0.0000001
57920,0.0000418,0.0000001,0.0000001
57921,0.0000418,0.0000001,0.0000001
57922,0.0000418,0.0000001,0.0000001
57923,0.0000418,0.0000001,0.0000001
57924,0.0000418,0.0000001,0.0000001
57925,0.0000418,0.0000001,0.0000001
57926,0.0000418,0.0000001,0.0000001
57927,0.0000418,0.0000001,0.0000001
57928,0.0000418,0.0000001,0.0000001
57929,0.0000418,0.0000001,0.0000001
57930,0.0000418,0.0000001,0.0000001
57931,0.0000418,0.0000001,0.0000001
57932,0.0000418,0.0000001,0.0000001
57933,0.0000418,0.0000001,0.0000001
57934,0.0000418,0.0000001,0.0000001
57935,0.0000418,0.0000001,0.0000001
57936,0.0000418,0.0000001,0.0000001
57937,0.0000418,0.0000001,0.0000001
57938,0.0000418,0.0000001,0.0000001
57939,0.0000418,0.0000001,0.0000001
57940,0.0000418,0.0000001,0.0000001
57941,0.0000417,0.0000001,0.0000001
57942,0.0000417,0.0000001,0.0000001
57943,0.0000417,0.0000001,0.0000001
57944,0.0000417,0.0000001,0.0000001
57945,0.0000417,0.0000001,0.0000001
57946,0.0000417,0.0000001,0.0000001
57947,0.0000417,0.0000001,0.0000001
57948,0.0000417,0.0000001,0.0000001
57949,0.0000417,0.0000001,0.0000001
57950,0.0000417,0.0000001,0.0000001
57951,0.0000417,0.0000001,0.0000001
57952,0.0000417,0.0000001,0.0000001
57953,0.0000417,0.0000001,0.0000001
57954,0.0000417,0.0000001,0.0000001
57955,0.0000417,0.0000001,0.0000001
57956,0.0000417,0.0000001,0.0000001
57957,0.0000417,0.0000001,0.0000001
57958,0.0000417,0.0000001,0.0000001
57959,0.0000417,0.0000001,0.0000001
57960,0.0000417,0.0000001,0.0000001
57961,0.0000417,0.0000001,0.0000001
57962,0.0000417,0.0000001,0.0000001
57963,0.0000417,0.0000001,0.0000001
57964,0.0000417,0.0000001,0.0000001
57965,0.0000417,0.0000001,0.0000001
57966,0.0000417,0.0000001,0.0000001
57967,0.0000417,0.0000001,0.0000001
57968,0.0000417,0.0000001,0.0000001
57969,0.0000417,0.0000001,0.0000001
57970,0.0000417,0.0000001,0.0000001
57971,0.0000417,0.0000001,0.0000001
57972,0.0000417,0.0000001,0.0000001
57973,0.0000417,0.0000001,0.0000001
57974,0.0000417,0.0000001,0.0000001
57975,0.0000417,0.0000001,0.0000001
57976,0.0000417,0.0000001,0.0000001
57977,0.0000417,0.0000001,0.0000001
57978,0.0000417,0.0000001,0.0000001
57979,0.0000417,0.0000001,0.0000001
57980,0.0000417,0.0000001,0.0000001
57981,0.0000417,0.0000001,0.0000001
57982,0.0000417,0.0000001,0.0000001
57983,0.0000417,0.0000001,0.0000001
57984,0.0000417,0.0000001,0.0000001
57985,0.0000417,0.0000001,0.0000001
57986,0.0000417,0.0000001,0.0000001
57987,0.0000417,0.0000001,0.0000001
57988,0.0000417,0.0000001,0.0000001
57989,0.0000417,0.0000001,0.0000001
57990,0.0000417,0.0000001,0.0000001
57991,0.0000417,0.0000001,0.0000001
57992,0.0000417,0.0000001,0.0000001
57993,0.0000417,0.0000001,0.0000001
57994,0.0000417,0.0000001,0.0000001
57995,0.0000416,0.0000001,0.0000001
57996,0.0000416,0.0000001,0.0000001
57997,0.0000416,0.0000001,0.0000001
57998,0.0000416,0.0000001,0.0000001
57999,0.0000416,0.0000001,0.0000001
58000,0.0000416,0.0000001,0.0000001
58001,0.0000416,0.0000001,0.0000001
58002,0.0000416,0.0000001,0.0000001
58003,0.0000416,0.0000001,0.0000001
58004,0.0000416,0.0000001,0.0000001
58005,0.0000416,0.0000001,0.0000001
58006,0.0000416,0.0000001,0.0000001
58007,0.0000416,0.0000001,0.0000001
58008,0.0000416,0.0000001,0.0000001
58009,0.0000416,0.0000001,0.0000001
58010,0.0000416,0.0000001,0.0000001
58011,0.0000416,0.0000001,0.0000001
58012,0.0000416,0.0000001,0.0000001
58013,0.0000416,0.0000001,0.0000001
58014,0.0000416,0.0000001,0.0000001
58015,0.0000416,0.0000001,0.0000001
58016,0.0000416,0.0000001,0.0000001
58017,0.0000416,0.0000001,0.0000001
58018,0.0000416,0.0000001,0.0000001
58019,0.0000416,0.0000001,0.0000001
58020,0.0000416,0.0000001,0.0000001
58021,0.0000416,0.0000001,0.0000001
58022,0.0000416,0.0000001,0.0000001
58023,0.0000416,0.0000001,0.0000001
58024,0.0000416,0.0000001,0.0000001
58025,0.0000416,0.0000001,0.0000001
58026,0.0000416,0.0000001,0.0000001
58027,0.0000416,0.0000001,0.0000001
58028,0.0000416,0.0000001,0.0000001
58029,0.0000416,0.0000001,0.0000001
58030,0.0000416,0.0000001,0.0000001
58031,0.0000416,0.0000001,0.0000001
58032,0.0000416,0.0000001,0.0000001
58033,0.0000416,0.0000001,0.0000001
58034,0.0000416,0.0000001,0.0000001
58035,0.0000416,0.0000001,0.0000001
58036,0.0000416,0.0000001,0.0000001
58037,0.0000416,0.0000001,0.0000001
58038,0.0000416,0.0000001,0.0000001
58039,0.0000416,0.0000001,0.0000001
58040,0.0000416,0.0000001,0.0000001
58041,0.0000416,0.0000001,0.0000001
58042,0.0000416,0.0000001,0.0000001
58043,0.0000416,0.0000001,0.0000001
58044,0.0000416,0.0000001,0.0000001
58045,0.0000416,0.0000001,0.0000001
58046,0.0000416,0.0000001,0.0000001
58047,0.0000416,0.0000001,0.0000001
58048,0.0000416,0.0000001,0.0000001
58049,0.0000415,0.0000001,0.0000001
58050,0.0000415,0.0000001,0.0000001
58051,0.0000415,0.0000001,0.0000001
58052,0.0000415,0.0000001,0.0000001
58053,0.0000415,0.0000001,0.0000001
58054,0.0000415,0.0000001,0.0000001
58055,0.0000415,0.0000001,0.0000001
58056,0.0000415,0.0000001,0.0000001
58057,0.0000415,0.0000001,0.0000001
58058,0.0000415,0.0000001,0.0000001
58059,0.0000415,0.0000001,0.0000001
58060,0.0000415,0.0000001,0.0000001
58061,0.0000415,0.0000001,0.0000001
58062,0.0000415,0.0000001,0.0000001
58063,0.0000415,0.0000001,0.0000001
58064,0.0000415,0.0000001,0.0000001
58065,0.0000415,0.0000001,0.0000001
58066,0.0000415,0.0000001,0.0000001
58067,0.0000415,0.0000001,0.0000001
58068,0.0000415,0.0000001,0.0000001
58069,0.0000415,0.0000001,0.0000001
58070,0.0000415,0.0000001,0.0000001
58071,0.0000415,0.0000001,0.0000001
58072,0.0000415,0.0000001,0.0000001
58073,0.0000415,0.0000001,0.0000001
58074,0.0000415,0.0000001,0.0000001
58075,0.0000415,0.0000001,0.0000001
58076,0.0000415,0.0000001,0.0000001
58077,0.0000415,0.0000001,0.0000001
58078,0.0000415,0.0000001,0.0000001
58079,0.0000415,0.0000001,0.0000001
58080,0.0000415,0.0000001,0.0000001
58081,0.0000415,0.0000001,0.0000001
58082,0.0000415,0.0000001,0.0000001
58083,0.0000415,0.0000001,0.0000001
58084,0.0000415,0.0000001,0.0000001
58085,0.0000415,0.0000001,0.0000001
58086,0.0000415,0.0000001,0.0000001
58087,0.0000415,0.0000001,0.0000001
58088,0.0000415,0.0000001,0.0000001
58089,0.0000415,0.0000001,0.0000001
58090,0.0000415,0.0000001,0.0000001
58091,0.0000415,0.0000001,0.0000001
58092,0.0000415,0.0000001,0.0000001
58093,0.0000415,0.0000001,0.0000001
58094,0.0000415,0.0000001,0.0000001
58095,0.0000415,0.0000001,0.0000001
58096,0.0000415,0.0000001,0.0000001
58097,0.0000415,0.0000001,0.0000001
58098,0.0000415,0.0000001,0.0000001
58099,0.0000415,0.0000001,0.0000001
58100,0.0000415,0.0000001,0.0000001
58101,0.0000415,0.0000001,0.0000001
58102,0.0000415,0.0000001,0.0000001
58103,0.0000414,0.0000001,0.0000001
58104,0.0000414,0.0000001,0.0000001
58105,0.0000414,0.0000001,0.0000001
58106,0.0000414,0.0000001,0.0000001
58107,0.0000414,0.0000001,0.0000001
58108,0.0000414,0.0000001,0.0000001
58109,0.0000414,0.0000001,0.0000001
58110,0.0000414,0.0000001,0.0000001
58111,0.0000414,0.0000001,0.0000001
58112,0.0000414,0.0000001,0.0000001
58113,0.0000414,0.0000001,0.0000001
58114,0.0000414,0.0000001,0.0000001
58115,0.0000414,0.0000001,0.0000001
58116,0.0000414,0.0000001,0.0000001
58117,0.0000414,0.0000001,0.0000001
58118,0.0000414,0.0000001,0.0000001
58119,0.0000414,0.0000001,0.0000001
58120,0.0000414,0.0000001,0.0000001
58121,0.0000414,0.0000001,0.0000001
58122,0.0000414,0.0000001,0.0000001
58123,0.0000414,0.0000001,0.0000001
58124,0.0000414,0.0000001,0.0000001
58125,0.0000414,0.0000001,0.0000001
58126,0.0000414,0.0000001,0.0000001
58127,0.0000414,0.0000001,0.0000001
58128,0.0000414,0.0000001,0.0000001
58129,0.0000414,0.0000001,0.0000001
58130,0.0000414,0.0000001,0.0000001
58131,0.0000414,0.0000001,0.0000001
58132,0.0000414,0.0000001,0.0000001
58133,0.0000414,0.0000001,0.0000001
58134,0.0000414,0.0000001,0.0000001
58135,0.0000414,0.0000001,0.0000001
58136,0.0000414,0.0000001,0.0000001
58137,0.0000414,0.0000001,0.0000001
58138,0.0000414,0.0000001,0.0000001
58139,0.0000414,0.0000001,0.0000001
58140,0.0000414,0.0000001,0.0000001
58141,0.0000414,0.0000001,0.0000001
58142,0.0000414,0.0000001,0.0000001
58143,0.0000414,0.0000001,0.0000001
58144,0.0000414,0.0000001,0.0000001
58145,0.0000414,0.0000001,0.0000001
58146,0.0000414,0.0000001,0.0000001
58147,0.0000414,0.0000001,0.0000001
58148,0.0000414,0.0000001,0.0000001
58149,0.0000414,0.0000001,0.0000001
58150,0.0000414,0.0000001,0.0000001
58151,0.0000414,0.0000001,0.0000001
58152,0.0000414,0.0000001,0.0000001
58153,0.0000414,0.0000001,0.0000001
58154,0.0000414,0.0000001,0.0000001
58155,0.0000414,0.0000001,0.0000001
58156,0.0000414,0.0000001,0.0000001
58157,0.0000413,0.0000001,0.0000001
58158,0.0000413,0.0000001,0.0000001
58159,0.0000413,0.0000001,0.0000001
58160,0.0000413,0.0000001,0.0000001
58161,0.0000413,0.0000001,0.0000001
58162,0.0000413,0.0000001,0.0000001
58163,0.0000413,0.0000001,0.0000001
58164,0.0000413,0.0000001,0.0000001
58165,0.0000413,0.0000001,0.0000001
58166,0.0000413,0.0000001,0.0000001
58167,0.0000413,0.0000001,0.0000001
58168,0.0000413,0.0000001,0.0000001
58169,0.0000413,0.0000001,0.0000001
58170,0.0000413,0.0000001,0.0000001
58171,0.0000413,0.0000001,0.0000001
58172,0.0000413,0.0000001,0.0000001
58173,0.0000413,0.0000001,0.0000001
58174,0.0000413,0.0000001,0.0000001
58175,0.0000413,0.0000001,0.0000001
58176,0.0000413,0.0000001,0.0000001
58177,0.0000413,0.0000001,0.0000001
58178,0.0000413,0.0000001,0.0000001
58179,0.0000413,0.0000001,0.0000001
58180,0.0000413,0.0000001,0.0000001
58181,0.0000413,0.0000001,0.0000001
58182,0.0000413,0.0000001,0.0000001
58183,0.0000413,0.0000001,0.0000001
58184,0.0000413,0.0000001,0.0000001
58185,0.0000413,0.0000001,0.0000001
58186,0.0000413,0.0000001,0.0000001
58187,0.0000413,0.0000001,0.0000001
58188,0.0000413,0.0000001,0.0000001
58189,0.0000413,0.0000001,0.0000001
58190,0.0000413,0.0000001,0.0000001
58191,0.0000413,0.0000001,0.0000001
58192,0.0000413,0.0000001,0.0000001
58193,0.0000413,0.0000001,0.0000001
58194,0.0000413,0.0000001,0.0000001
58195,0.0000413,0.0000001,0.0000001
58196,0.0000413,0.0000001,0.0000001
58197,0.0000413,0.0000001,0.0000001
58198,0.0000413,0.0000001,0.0000001
58199,0.0000413,0.0000001,0.0000001
58200,0.0000413,0.0000001,0.0000001
58201,0.0000413,0.0000001,0.0000001
58202,0.0000413,0.0000001,0.0000001
58203,0.0000413,0.0000001,0.0000001
58204,0.0000413,0.0000001,0.0000001
58205,0.0000413,0.0000001,0.0000001
58206,0.0000413,0.0000001,0.0000001
58207,0.0000413,0.0000001,0.0000001
58208,0.0000413,0.0000001,0.0000001
58209,0.0000413,0.0000001,0.0000001
58210,0.0000413,0.0000001,0.0000001
58211,0.0000413,0.0000001,0.0000001
58212,0.0000412,0.0000001,0.0000001
58213,0.0000412,0.0000001,0.0000001
58214,0.0000412,0.0000001,0.0000001
58215,0.0000412,0.0000001,0.0000001
58216,0.0000412,0.0000001,0.0000001
58217,0.0000412,0.0000001,0.0000001
58218,0.0000412,0.0000001,0.0000001
58219,0.0000412,0.0000001,0.0000001
58220,0.0000412,0.0000001,0.0000001
58221,0.0000412,0.0000001,0.0000001
58222,0.0000412,0.0000001,0.0000001
58223,0.0000412,0.0000001,0.0000001
58224,0.0000412,0.0000001,0.0000001
58225,0.0000412,0.0000001,0.0000001
58226,0.0000412,0.0000001,0.0000001
58227,0.0000412,0.0000001,0.0000001
58228,0.0000412,0.0000001,0.0000001
58229,0.0000412,0.0000001,0.0000001
58230,0.0000412,0.0000001,0.0000001
58231,0.0000412,0.0000001,0.0000001
58232,0.0000412,0.0000001,0.0000001
58233,0.0000412,0.0000001,0.0000001
58234,0.0000412,0.0000001,0.0000001
58235,0.0000412,0.0000001,0.0000001
58236,0.0000412,0.0000001,0.0000001
58237,0.0000412,0.0000001,0.0000001
58238,0.0000412,0.0000001,0.0000001
58239,0.0000412,0.0000001,0.0000001
58240,0.0000412,0.0000001,0.0000001
58241,0.0000412,0.0000001,0.0000001
58242,0.0000412,0.0000001,0.0000001
58243,0.0000412,0.0000001,0.0000001
58244,0.0000412,0.0000001,0.0000001
58245,0.0000412,0.0000001,0.0000001
58246,0.0000412,0.0000001,0.0000001
58247,0.0000412,0.0000001,0.0000001
58248,0.0000412,0.0000001,0.0000001
58249,0.0000412,0.0000001,0.0000001
58250,0.0000412,0.0000001,0.0000001
58251,0.0000412,0.0000001,0.0000001
58252,0.0000412,0.0000001,0.0000001
58253,0.0000412,0.0000001,0.0000001
58254,0.0000412,0.0000001,0.0000001
58255,0.0000412,0.0000001,0.0000001
58256,0.0000412,0.0000001,0.0000001
58257,0.0000412,0.0000001,0.0000001
58258,0.0000412,0.0000001,0.0000001
58259,0.0000412,0.0000001,0.0000001
58260,0.0000412,0.0000001,0.0000001
58261,0.0000412,0.0000001,0.0000001
58262,0.0000412,0.0000001,0.0000001
58263,0.0000412,0.0000001,0.0000001
58264,0.0000412,0.0000001,0.0000001
58265,0.0000412,0.0000001,0.0000001
58266,0.0000411,0.0000001,0.0000001
58267,0.0000411,0.0000001,0.0000001
58268,0.0000411,0.0000001,0.0000001
58269,0.0000411,0.0000001,0.0000001
58270,0.0000411,0.0000001,0.0000001
58271,0.0000411,0.0000001,0.0000001
58272,0.0000411,0.0000001,0.0000001
58273,0.0000411,0.0000001,0.0000001
58274,0.0000411,0.0000001,0.0000001
58275,0.0000411,0.0000001,0.0000001
58276,0.0000411,0.0000001,0.0000001
58277,0.0000411,0.0000001,0.0000001
58278,0.0000411,0.0000001,0.0000001
58279,0.0000411,0.0000001,0.0000001
58280,0.0000411,0.0000001,0.0000001
58281,0.0000411,0.0000001,0.0000001
58282,0.0000411,0.0000001,0.0000001
58283,0.0000411,0.0000001,0.0000001
58284,0.0000411,0.0000001,0.0000001
58285,0.0000411,0.0000001,0.0000001
58286,0.0000411,0.0000001,0.0000001
58287,0.0000411,0.0000001,0.0000001
58288,0.0000411,0.0000001,0.0000001
58289,0.0000411,0.0000001,0.0000001
58290,0.0000411,0.0000001,0.0000001
58291,0.0000411,0.0000001,0.0000001
58292,0.0000411,0.0000001,0.0000001
58293,0.0000411,0.0000001,0.0000001
58294,0.0000411,0.0000001,0.0000001
58295,0.0000411,0.0000001,0.0000001
58296,0.0000411,0.0000001,0.0000001
58297,0.0000411,0.0000001,0.0000001
58298,0.0000411,0.0000001,0.0000001
58299,0.0000411,0.0000001,0.0000001
58300,0.0000411,0.0000001,0.0000001
58301,0.0000411,0.0000001,0.0000001
58302,0.0000411,0.0000001,0.0000001
58303,0.0000411,0.0000001,0.0000001
58304,0.0000411,0.0000001,0.0000001
58305,0.0000411,0.0000001,0.0000001
58306,0.0000411,0.0000001,0.0000001
58307,0.0000411,0.0000001,0.0000001
58308,0.0000411,0.0000001,0.0000001
58309,0.0000411,0.0000001,0.0000001
58310,0.0000411,0.0000001,0.0000001
58311,0.0000411,0.0000001,0.0000001
58312,0.0000411,0.0000001,0.0000001
58313,0.0000411,0.0000001,0.0000001
58314,0.0000411,0.0000001,0.0000001
58315,0.0000411,0.0000001,0.0000001
58316,0.0000411,0.0000001,0.0000001
58317,0.0000411,0.0000001,0.0000001
58318,0.0000411,0.0000001,0.0000001
58319,0.0000411,0.0000001,0.0000001
58320,0.0000411,0.0000001,0.0000001
58321,0.0000410,0.0000001,0.0000001
58322,0.0000410,0.0000001,0.0000001
58323,0.0000410,0.0000001,0.0000001
58324,0.0000410,0.0000001,0.0000001
58325,0.0000410,0.0000001,0.0000001
58326,0.0000410,0.0000001,0.0000001
58327,0.0000410,0.0000001,0.0000001
58328,0.0000410,0.0000001,0.0000001
58329,0.0000410,0.0000001,0.0000001
58330,0.0000410,0.0000001,0.0000001
58331,0.0000410,0.0000001,0.0000001
58332,0.0000410,0.0000001,0.0000001
58333,0.0000410,0.0000001,0.0000001
58334,0.0000410,0.0000001,0.0000001
58335,0.0000410,0.0000001,0.0000001
58336,0.0000410,0.0000001,0.0000001
58337,0.0000410,0.0000001,0.0000001
58338,0.0000410,0.0000001,0.0000001
58339,0.0000410,0.0000001,0.0000001
58340,0.0000410,0.0000001,0.0000001
58341,0.0000410,0.0000001,0.0000001
58342,0.0000410,0.0000001,0.0000001
58343,0.0000410,0.0000001,0.0000001
58344,0.0000410,0.0000001,0.0000001
58345,0.0000410,0.0000001,0.0000001
58346,0.0000410,0.0000001,0.0000001
58347,0.0000410,0.0000001,0.0000001
58348,0.0000410,0.0000001,0.0000001
58349,0.0000410,0.0000001,0.0000001
58350,0.0000410,0.0000001,0.0000001
58351,0.0000410,0.0000001,0.0000001
58352,0.0000410,0.0000001,0.0000001
58353,0.0000410,0.0000001,0.0000001
58354,0.0000410,0.0000001,0.0000001
58355,0.0000410,0.0000001,0.0000001
58356,0.0000410,0.0000001,0.0000001
58357,0.0000410,0.0000001,0.0000001
58358,0.0000410,0.0000001,0.0000001
58359,0.0000410,0.0000001,0.0000001
58360,0.0000410,0.0000001,0.0000001
58361,0.0000410,0.0000001,0.0000001
58362,0.0000410,0.0000001,0.0000001
58363,0.0000410,0.0000001,0.0000001
58364,0.0000410,0.0000001,0.0000001
58365,0.0000410,0.0000001,0.0000001
58366,0.0000410,0.0000001,0.0000001
58367,0.0000410,0.0000001,0.0000001
58368,0.0000410,0.0000001,0.0000001
58369,0.0000410,0.0000001,0.0000001
58370,0.0000410,0.0000001,0.0000001
58371,0.0000410,0.0000001,0.0000001
58372,0.0000410,0.0000001,0.0000001
58373,0.0000410,0.0000001,0.0000001
58374,0.0000410,0.0000001,0.0000001
58375,0.0000410,0.0000001,0.0000001
58376,0.0000409,0.0000001,0.0000001
58377,0.0000409,0.0000001,0.0000001
58378,0.0000409,0.0000001,0.0000001
58379,0.0000409,0.0000001,0.0000001
58380,0.0000409,0.0000001,0.0000001
58381,0.0000409,0.0000001,0.0000001
58382,0.0000409,0.0000001,0.0000001
58383,0.0000409,0.0000001,0.0000001
58384,0.0000409,0.0000001,0.0000001
58385,0.0000409,0.0000001,0.0000001
58386,0.0000409,0.0000001,0.0000001
58387,0.0000409,0.0000001,0.0000001
58388,0.0000409,0.0000001,0.0000001
58389,0.0000409,0.0000001,0.0000001
58390,0.0000409,0.0000001,0.0000001
58391,0.0000409,0.0000001,0.0000001
58392,0.0000409,0.0000001,0.0000001
58393,0.0000409,0.0000001,0.0000001
58394,0.0000409,0.0000001,0.0000001
58395,0.0000409,0.0000001,0.0000001
58396,0.0000409,0.0000001,0.0000001
58397,0.0000409,0.0000001,0.0000001
58398,0.0000409,0.0000001,0.0000001
58399,0.0000409,0.0000001,0.0000001
58400,0.0000409,0.0000001,0.0000001
58401,0.0000409,0.0000001,0.0000001
58402,0.0000409,0.0000001,0.0000001
58403,0.0000409,0.0000001,0.0000001
58404,0.0000409,0.0000001,0.0000001
58405,0.0000409,0.0000001,0.0000001
58406,0.0000409,0.0000001,0.0000001
58407,0.0000409,0.0000001,0.0000001
58408,0.0000409,0.0000001,0.0000001
58409,0.0000409,0.0000001,0.0000001
58410,0.0000409,0.0000001,0.0000001
58411,0.0000409,0.0000001,0.0000001
58412,0.0000409,0.0000001,0.0000001
58413,0.0000409,0.0000001,0.0000001
58414,0.0000409,0.0000001,0.0000001
58415,0.0000409,0.0000001,0.0000001
58416,0.0000409,0.0000001,0.0000001
58417,0.0000409,0.0000001,0.0000001
58418,0.0000409,0.0000001,0.0000001
58419,0.0000409,0.0000001,0.0000001
58420,0.0000409,0.0000001,0.0000001
58421,0.0000409,0.0000001,0.0000001
58422,0.0000409,0.0000001,0.0000001
58423,0.0000409,0.0000001,0.0000001
58424,0.0000409,0.0000001,0.0000001
58425,0.0000409,0.0000001,0.0000001
58426,0.0000409,0.0000001,0.0000001
58427,0.0000409,0.0000001,0.0000001
58428,0.0000409,0.0000001,0.0000001
58429,0.0000409,0.0000001,0.0000001
58430,0.0000408,0.0000001,0.0000001
58431,0.0000408,0.0000001,0.0000001
58432,0.0000408,0.0000001,0.0000001
58433,0.0000408,0.0000001,0.0000001
58434,0.0000408,0.0000001,0.0000001
58435,0.0000408,0.0000001,0.0000001
58436,0.0000408,0.0000001,0.0000001
58437,0.0000408,0.0000001,0.0000001
58438,0.0000408,0.0000001,0.0000001
58439,0.0000408,0.0000001,0.0000001
58440,0.0000408,0.0000001,0.0000001
58441,0.0000408,0.0000001,0.0000001
58442,0.0000408,0.0000001,0.0000001
58443,0.0000408,0.0000001,0.0000001
58444,0.0000408,0.0000001,0.0000001
58445,0.0000408,0.0000001,0.0000001
58446,0.0000408,0.0000001,0.0000001
58447,0.0000408,0.0000001,0.0000001
58448,0.0000408,0.0000001,0.0000001
58449,0.0000408,0.0000001,0.0000001
58450,0.0000408,0.0000001,0.0000001
58451,0.0000408,0.0000001,0.0000001
58452,0.0000408,0.0000001,0.0000001
58453,0.0000408,0.0000001,0.0000001
58454,0.0000408,0.0000001,0.0000001
58455,0.0000408,0.0000001,0.0000001
58456,0.0000408,0.0000001,0.0000001
58457,0.0000408,0.0000001,0.0000001
58458,0.0000408,0.0000001,0.0000001
58459,0.0000408,0.0000001,0.0000001
58460,0.0000408,0.0000001,0.0000001
58461,0.0000408,0.0000001,0.0000001
58462,0.0000408,0.0000001,0.0000001
58463,0.0000408,0.0000001,0.0000001
58464,0.0000408,0.0000001,0.0000001
58465,0.0000408,0.0000001,0.0000001
58466,0.0000408,0.0000001,0.0000001
58467,0.0000408,0.0000001,0.0000001
58468,0.0000408,0.0000001,0.0000001
58469,0.0000408,0.0000001,0.0000001
58470,0.0000408,0.0000001,0.0000001
58471,0.0000408,0.0000001,0.0000001
58472,0.0000408,0.0000001,0.0000001
58473,0.0000408,0.0000001,0.0000001
58474,0.0000408,0.0000001,0.0000001
58475,0.0000408,0.0000001,0.0000001
58476,0.0000408,0.0000001,0.0000001
58477,0.0000408,0.0000001,0.0000001
58478,0.0000408,0.0000001,0.0000001
58479,0.0000408,0.0000001,0.0000001
58480,0.0000408,0.0000001,0.0000001
58481,0.0000408,0.0000001,0.0000001
58482,0.0000408,0.0000001,0.0000001
58483,0.0000408,0.0000001,0.0000001
58484,0.0000408,0.0000001,0.0000001
58485,0.0000407,0.0000001,0.0000001
58486,0.0000407,0.0000001,0.0000001
58487,0.0000407,0.0000001,0.0000001
58488,0.0000407,0.0000001,0.0000001
58489,0.0000407,0.0000001,0.0000001
58490,0.0000407,0.0000001,0.0000001
58491,0.0000407,0.0000001,0.0000001
58492,0.0000407,0.0000001,0.0000001
58493,0.0000407,0.0000001,0.0000001
58494,0.0000407,0.0000001,0.0000001
58495,0.0000407,0.0000001,0.0000001
58496,0.0000407,0.0000001,0.0000001
58497,0.0000407,0.0000001,0.0000001
58498,0.0000407,0.0000001,0.0000001
58499,0.0000407,0.0000001,0.0000001
58500,0.0000407,0.0000001,0.0000001
58501,0.0000407,0.0000001,0.0000001
58502,0.0000407,0.0000001,0.0000001
58503,0.0000407,0.0000001,0.0000001
58504,0.0000407,0.0000001,0.0000001
58505,0.0000407,0.0000001,0.0000001
58506,0.0000407,0.0000001,0.0000001
58507,0.0000407,0.0000001,0.0000001
58508,0.0000407,0.0000001,0.0000001
58509,0.0000407,0.0000001,0.0000001
58510,0.0000407,0.0000001,0.0000001
58511,0.0000407,0.0000001,0.0000001
58512,0.0000407,0.0000001,0.0000001
58513,0.0000407,0.0000001,0.0000001
58514,0.0000407,0.0000001,0.0000001
58515,0.0000407,0.0000001,0.0000001
58516,0.0000407,0.0000001,0.0000001
58517,0.0000407,0.0000001,0.0000001
58518,0.0000407,0.0000001,0.0000001
58519,0.0000407,0.0000001,0.0000001
58520,0.0000407,0.0000001,0.0000001
58521,0.0000407,0.0000001,0.0000001
58522,0.0000407,0.0000001,0.0000001
58523,0.0000407,0.0000001,0.0000001
58524,0.0000407,0.0000001,0.0000001
58525,0.0000407,0.0000001,0.0000001
58526,0.0000407,0.0000001,0.0000001
58527,0.0000407,0.0000001,0.0000001
58528,0.0000407,0.0000001,0.0000001
58529,0.0000407,0.0000001,0.0000001
58530,0.0000407,0.0000001,0.0000001
58531,0.0000407,0.0000001,0.0000001
58532,0.0000407,0.0000001,0.0000001
58533,0.0000407,0.0000001,0.0000001
58534,0.0000407,0.0000001,0.0000001
58535,0.0000407,0.0000001,0.0000001
58536,0.0000407,0.0000001,0.0000001
58537,0.0000407,0.0000001,0.0000001
58538,0.0000407,0.0000001,0.0000001
58539,0.0000407,0.0000001,0.0000001
58540,0.0000406,0.0000001,0.0000001
58541,0.0000406,0.0000001,0.0000001
58542,0.0000406,0.0000001,0.0000001
58543,0.0000406,0.0000001,0.0000001
58544,0.0000406,0.0000001,0.0000001
58545,0.0000406,0.0000001,0.0000001
58546,0.0000406,0.0000001,0.0000001
58547,0.0000406,0.0000001,0.0000001
58548,0.0000406,0.0000001,0.0000001
58549,0.0000406,0.0000001,0.0000001
58550,0.0000406,0.0000001,0.0000001
58551,0.0000406,0.0000001,0.0000001
58552,0.0000406,0.0000001,0.0000001
58553,0.0000406,0.0000001,0.0000001
58554,0.0000406,0.0000001,0.0000001
58555,0.0000406,0.0000001,0.0000001
58556,0.0000406,0.0000001,0.0000001
58557,0.0000406,0.0000001,0.0000001
58558,0.0000406,0.0000001,0.0000001
58559,0.0000406,0.0000001,0.0000001
58560,0.0000406,0.0000001,0.0000001
58561,0.0000406,0.0000001,0.0000001
58562,0.0000406,0.0000001,0.0000001
58563,0.0000406,0.0000001,0.0000001
58564,0.0000406,0.0000001,0.0000001
58565,0.0000406,0.0000001,0.0000001
58566,0.0000406,0.0000001,0.0000001
58567,0.0000406,0.0000001,0.0000001
58568,0.0000406,0.0000001,0.0000001
58569,0.0000406,0.0000001,0.0000001
58570,0.0000406,0.0000001,0.0000001
58571,0.0000406,0.0000001,0.0000001
58572,0.0000406,0.0000001,0.0000001
58573,0.0000406,0.0000001,0.0000001
58574,0.0000406,0.0000001,0.0000001
58575,0.0000406,0.0000001,0.0000001
58576,0.0000406,0.0000001,0.0000001
58577,0.0000406,0.0000001,0.0000001
58578,0.0000406,0.0000001,0.0000001
58579,0.0000406,0.0000001,0.0000001
58580,0.0000406,0.0000001,0.0000001
58581,0.0000406,0.0000001,0.0000001
58582,0.0000406,0.0000001,0.0000001
58583,0.0000406,0.0000001,0.0000001
58584,0.0000406,0.0000001,0.0000001
58585,0.0000406,0.0000001,0.0000001
58586,0.0000406,0.0000001,0.0000001
58587,0.0000406,0.0000001,0.0000001
58588,0.0000406,0.0000001,0.0000001
58589,0.0000406,0.0000001,0.0000001
58590,0.0000406,0.0000001,0.0000001
58591,0.0000406,0.0000001,0.0000001
58592,0.0000406,0.0000001,0.0000001
58593,0.0000406,0.0000001,0.0000001
58594,0.0000406,0.0000001,0.0000001
58595,0.0000405,0.0000001,0.0000001
58596,0.0000405,0.0000001,0.0000001
58597,0.0000405,0.0000001,0.0000001
58598,0.0000405,0.0000001,0.0000001
58599,0.0000405,0.0000001,0.0000001
58600,0.0000405,0.0000001,0.0000001
58601,0.0000405,0.0000001,0.0000001
58602,0.0000405,0.0000001,0.0000001
58603,0.0000405,0.0000001,0.0000001
58604,0.0000405,0.0000001,0.0000001
58605,0.0000405,0.0000001,0.0000001
58606,0.0000405,0.0000001,0.0000001
58607,0.0000405,0.0000001,0.0000001
58608,0.0000405,0.0000001,0.0000001
58609,0.0000405,0.0000001,0.0000001
58610,0.0000405,0.0000001,0.0000001
58611,0.0000405,0.0000001,0.0000001
58612,0.0000405,0.0000001,0.0000001
58613,0.0000405,0.0000001,0.0000001
58614,0.0000405,0.0000001,0.0000001
58615,0.0000405,0.0000001,0.0000001
58616,0.0000405,0.0000001,0.0000001
58617,0.0000405,0.0000001,0.0000001
58618,0.0000405,0.0000001,0.0000001
58619,0.0000405,0.0000001,0.0000001
58620,0.0000405,0.0000001,0.0000001
58621,0.0000405,0.0000001,0.0000001
58622,0.0000405,0.0000001,0.0000001
58623,0.0000405,0.0000001,0.0000001
58624,0.0000405,0.0000001,0.0000001
58625,0.0000405,0.0000001,0.0000001
58626,0.0000405,0.0000001,0.0000001
58627,0.0000405,0.0000001,0.0000001
58628,0.0000405,0.0000001,0.0000001
58629,0.0000405,0.0000001,0.0000001
58630,0.0000405,0.0000001,0.0000001
58631,0.0000405,0.0000001,0.0000001
58632,0.0000405,0.0000001,0.0000001
58633,0.0000405,0.0000001,0.0000001
58634,0.0000405,0.0000001,0.0000001
58635,0.0000405,0.0000001,0.0000001
58636,0.0000405,0.0000001,0.0000001
58637,0.0000405,0.0000001,0.0000001
58638,0.0000405,0.0000001,0.0000001
58639,0.0000405,0.0000001,0.0000001
58640,0.0000405,0.0000001,0.0000001
58641,0.0000405,0.0000001,0.0000001
58642,0.0000405,0.0000001,0.0000001
58643,0.0000405,0.0000001,0.0000001
58644,0.0000405,0.0000001,0.0000001
58645,0.0000405,0.0000001,0.0000001
58646,0.0000405,0.0000001,0.0000001
58647,0.0000405,0.0000001,0.0000001
58648,0.0000405,0.0000001,0.0000001
58649,0.0000405,0.0000001,0.0000001
58650,0.0000405,0.0000001,0.0000001
58651,0.0000404,0.0000001,0.0000001
58652,0.0000404,0.0000001,0.0000001
58653,0.0000404,0.0000001,0.0000001
58654,0.0000404,0.0000001,0.0000001
58655,0.0000404,0.0000001,0.0000001
58656,0.0000404,0.0000001,0.0000001
58657,0.0000404,0.0000001,0.0000001
58658,0.0000404,0.0000001,0.0000001
58659,0.0000404,0.0000001,0.0000001
58660,0.0000404,0.0000001,0.0000001
58661,0.0000404,0.0000001,0.0000001
58662,0.0000404,0.0000001,0.0000001
58663,0.0000404,0.0000001,0.0000001
58664,0.0000404,0.0000001,0.0000001
58665,0.0000404,0.0000001,0.0000001
58666,0.0000404,0.0000001,0.0000001
58667,0.0000404,0.0000001,0.0000001
58668,0.0000404,0.0000001,0.0000001
58669,0.0000404,0.0000001,0.0000001
58670,0.0000404,0.0000001,0.0000001
58671,0.0000404,0.0000001,0.0000001
58672,0.0000404,0.0000001,0.0000001
58673,0.0000404,0.0000001,0.0000001
58674,0.0000404,0.0000001,0.0000001
58675,0.0000404,0.0000001,0.0000001
58676,0.0000404,0.0000001,0.0000001
58677,0.0000404,0.0000001,0.0000001
58678,0.0000404,0.0000001,0.0000001
58679,0.0000404,0.0000001,0.0000001
58680,0.0000404,0.0000001,0.0000001
58681,0.0000404,0.0000001,0.0000001
58682,0.0000404,0.0000001,0.0000001
58683,0.0000404,0.0000001,0.0000001
58684,0.0000404,0.0000001,0.0000001
58685,0.0000404,0.0000001,0.0000001
58686,0.0000404,0.0000001,0.0000001
58687,0.0000404,0.0000001,0.0000001
58688,0.0000404,0.0000001,0.0000001
58689,0.0000404,0.0000001,0.0000001
58690,0.0000404,0.0000001,0.0000001
58691,0.0000404,0.0000001,0.0000001
58692,0.0000404,0.0000001,0.0000001
58693,0.0000404,0.0000001,0.0000001
58694,0.0000404,0.0000001,0.0000001
58695,0.0000404,0.0000001,0.0000001
58696,0.0000404,0.0000001,0.0000001
58697,0.0000404,0.0000001,0.0000001
58698,0.0000404,0.0000001,0.0000001
58699,0.0000404,0.0000001,0.0000001
58700,0.0000404,0.0000001,0.0000001
58701,0.0000404,0.0000001,0.0000001
58702,0.0000404,0.0000001,0.0000001
58703,0.0000404,0.0000001,0.0000001
58704,0.0000404,0.0000001,0.0000001
58705,0.0000404,0.0000001,0.0000001
58706,0.0000403,0.0000001,0.0000001
58707,0.0000403,0.0000001,0.0000001
58708,0.0000403,0.0000001,0.0000001
58709,0.0000403,0.0000001,0.0000001
58710,0.0000403,0.0000001,0.0000001
58711,0.0000403,0.0000001,0.0000001
58712,0.0000403,0.0000001,0.0000001
58713,0.0000403,0.0000001,0.0000001
58714,0.0000403,0.0000001,0.0000001
58715,0.0000403,0.0000001,0.0000001
58716,0.0000403,0.0000001,0.0000001
58717,0.0000403,0.0000001,0.0000001
58718,0.0000403,0.0000001,0.0000001
58719,0.0000403,0.0000001,0.0000001
58720,0.0000403,0.0000001,0.0000001
58721,0.0000403,0.0000001,0.0000001
58722,0.0000403,0.0000001,0.0000001
58723,0.0000403,0.0000001,0.0000001
58724,0.0000403,0.0000001,0.0000001
58725,0.0000403,0.0000001,0.0000001
58726,0.0000403,0.0000001,0.0000001
58727,0.0000403,0.0000001,0.0000001
58728,0.0000403,0.0000001,0.0000001
58729,0.0000403,0.0000001,0.0000001
58730,0.0000403,0.0000001,0.0000001
58731,0.0000403,0.0000001,0.0000001
58732,0.0000403,0.0000001,0.0000001
58733,0.0000403,0.0000001,0.0000001
58734,0.0000403,0.0000001,0.0000001
58735,0.0000403,0.0000001,0.0000001
58736,0.0000403,0.0000001,0.0000001
58737,0.0000403,0.0000001,0.0000001
58738,0.0000403,0.0000001,0.0000001
58739,0.0000403,0.0000001,0.0000001
58740,0.0000403,0.0000001,0.0000001
58741,0.0000403,0.0000001,0.0000001
58742,0.0000403,0.0000001,0.0000001
58743,0.0000403,0.0000001,0.0000001
58744,0.0000403,0.0000001,0.0000001
58745,0.0000403,0.0000001,0.0000001
58746,0.0000403,0.0000001,0.0000001
58747,0.0000403,0.0000001,0.0000001
58748,0.0000403,0.0000001,0.0000001
58749,0.0000403,0.0000001,0.0000001
58750,0.0000403,0.0000001,0.0000001
58751,0.0000403,0.0000001,0.0000001
58752,0.0000403,0.0000001,0.0000001
58753,0.0000403,0.0000001,0.0000001
58754,0.0000403,0.0000001,0.0000001
58755,0.0000403,0.0000001,0.0000001
58756,0.0000403,0.0000001,0.0000001
58757,0.0000403,0.0000001,0.0000001
58758,0.0000403,0.0000001,0.0000001
58759,0.0000403,0.0000001,0.0000001
58760,0.0000403,0.0000001,0.0000001
58761,0.0000403,0.0000001,0.0000001
58762,0.0000402,0.0000001,0.0000001
58763,0.0000402,0.0000001,0.0000001
58764,0.0000402,0.0000001,0.0000001
58765,0.0000402,0.0000001,0.0000001
58766,0.0000402,0.0000001,0.0000001
58767,0.0000402,0.0000001,0.0000001
58768,0.0000402,0.0000001,0.0000001
58769,0.0000402,0.0000001,0.0000001
58770,0.0000402,0.0000001,0.0000001
58771,0.0000402,0.0000001,0.0000001
58772,0.0000402,0.0000001,0.0000001
58773,0.0000402,0.0000001,0.0000001
58774,0.0000402,0.0000001,0.0000001
58775,0.0000402,0.0000001,0.0000001
58776,0.0000402,0.0000001,0.0000001
58777,0.0000402,0.0000001,0.0000001
58778,0.0000402,0.0000001,0.0000001
58779,0.0000402,0.0000001,0.0000001
58780,0.0000402,0.0000001,0.0000001
58781,0.0000402,0.0000001,0.0000001
58782,0.0000402,0.0000001,0.0000001
58783,0.0000402,0.0000001,0.0000001
58784,0.0000402,0.0000001,0.0000001
58785,0.0000402,0.0000001,0.0000001
58786,0.0000402,0.0000001,0.0000001
58787,0.0000402,0.0000001,0.0000001
58788,0.0000402,0.0000001,0.0000001
58789,0.0000402,0.0000001,0.0000001
58790,0.0000402,0.0000001,0.0000001
58791,0.0000402,0.0000001,0.0000001
58792,0.0000402,0.0000001,0.0000001
58793,0.0000402,0.0000001,0.0000001
58794,0.0000402,0.0000001,0.0000001
58795,0.0000402,0.0000001,0.0000001
58796,0.0000402,0.0000001,0.0000001
58797,0.0000402,0.0000001,0.0000001
58798,0.0000402,0.0000001,0.0000001
58799,0.0000402,0.0000001,0.0000001
58800,0.0000402,0.0000001,0.0000001
58801,0.0000402,0.0000001,0.0000001
58802,0.0000402,0.0000001,0.0000001
58803,0.0000402,0.0000001,0.0000001
58804,0.0000402,0.0000001,0.0000001
58805,0.0000402,0.0000001,0.0000001
58806,0.0000402,0.0000001,0.0000001
58807,0.0000402,0.0000001,0.0000001
58808,0.0000402,0.0000001,0.0000001
58809,0.0000402,0.0000001,0.0000001
58810,0.0000402,0.0000001,0.0000001
58811,0.0000402,0.0000001,0.0000001
58812,0.0000402,0.0000001,0.0000001
58813,0.0000402,0.0000001,0.0000001
58814,0.0000402,0.0000001,0.0000001
58815,0.0000402,0.0000001,0.0000001
58816,0.0000402,0.0000001,0.0000001
58817,0.0000401,0.0000001,0.0000001
58818,0.0000401,0.0000001,0.0000001
58819,0.0000401,0.0000001,0.0000001
58820,0.0000401,0.0000001,0.0000001
58821,0.0000401,0.0000001,0.0000001
58822,0.0000401,0.0000001,0.0000001
58823,0.0000401,0.0000001,0.0000001
58824,0.0000401,0.0000001,0.0000001
58825,0.0000401,0.0000001,0.0000001
58826,0.0000401,0.0000001,0.0000001
58827,0.0000401,0.0000001,0.0000001
58828,0.0000401,0.0000001,0.0000001
58829,0.0000401,0.0000001,0.0000001
58830,0.0000401,0.0000001,0.0000001
58831,0.0000401,0.0000001,0.0000001
58832,0.0000401,0.0000001,0.0000001
58833,0.0000401,0.0000001,0.0000001
58834,0.0000401,0.0000001,0.0000001
58835,0.0000401,0.0000001,0.0000001
58836,0.0000401,0.0000001,0.0000001
58837,0.0000401,0.0000001,0.0000001
58838,0.0000401,0.0000001,0.0000001
58839,0.0000401,0.0000001,0.0000001
58840,0.0000401,0.0000001,0.0000001
58841,0.0000401,0.0000001,0.0000001
58842,0.0000401,0.0000001,0.0000001
58843,0.0000401,0.0000001,0.0000001
58844,0.0000401,0.0000001,0.0000001
58845,0.0000401,0.0000001,0.0000001
58846,0.0000401,0.0000001,0.0000001
58847,0.0000401,0.0000001,0.0000001
58848,0.0000401,0.0000001,0.0000001
58849,0.0000401,0.0000001,0.0000001
58850,0.0000401,0.0000001,0.0000001
58851,0.0000401,0.0000001,0.0000001
58852,0.0000401,0.0000001,0.0000001
58853,0.0000401,0.0000001,0.0000001
58854,0.0000401,0.0000001,0.0000001
58855,0.0000401,0.0000001,0.0000001
58856,0.0000401,0.0000001,0.0000001
58857,0.0000401,0.0000001,0.0000001
58858,0.0000401,0.0000001,0.0000001
58859,0.0000401,0.0000001,0.0000001
58860,0.0000401,0.0000001,0.0000001
58861,0.0000401,0.0000001,0.0000001
58862,0.0000401,0.0000001,0.0000001
58863,0.0000401,0.0000001,0.0000001
58864,0.0000401,0.0000001,0.0000001
58865,0.0000401,0.0000001,0.0000001
58866,0.0000401,0.0000001,0.0000001
58867,0.0000401,0.0000001,0.0000001
58868,0.0000401,0.0000001,0.0000001
58869,0.0000401,0.0000001,0.0000001
58870,0.0000401,0.0000001,0.0000001
58871,0.0000401,0.0000001,0.0000001
58872,0.0000401,0.0000001,0.0000001
58873,0.0000400,0.0000001,0.0000001
58874,0.0000400,0.0000001,0.0000001
58875,0.0000400,0.0000001,0.0000001
58876,0.0000400,0.0000001,0.0000001
58877,0.0000400,0.0000001,0.0000001
58878,0.0000400,0.0000001,0.0000001
58879,0.0000400,0.0000001,0.0000001
58880,0.0000400,0.0000001,0.0000001
58881,0.0000400,0.0000001,0.0000001
58882,0.0000400,0.0000001,0.0000001
58883,0.0000400,0.0000001,0.0000001
58884,0.0000400,0.0000001,0.0000001
58885,0.0000400,0.0000001,0.0000001
58886,0.0000400,0.0000001,0.0000001
58887,0.0000400,0.0000001,0.0000001
58888,0.0000400,0.0000001,0.0000001
58889,0.0000400,0.0000001,0.0000001
58890,0.0000400,0.0000001,0.0000001
58891,0.0000400,0.0000001,0.0000001
58892,0.0000400,0.0000001,0.0000001
58893,0.0000400,0.0000001,0.0000001
58894,0.0000400,0.0000001,0.0000001
58895,0.0000400,0.0000001,0.0000001
58896,0.0000400,0.0000001,0.0000001
58897,0.0000400,0.0000001,0.0000001
58898,0.0000400,0.0000001,0.0000001
58899,0.0000400,0.0000001,0.0000001
58900,0.0000400,0.0000001,0.0000001
58901,0.0000400,0.0000001,0.0000001
58902,0.0000400,0.0000001,0.0000001
58903,0.0000400,0.0000001,0.0000001
58904,0.0000400,0.0000001,0.0000001
58905,0.0000400,0.0000001,0.0000001
58906,0.0000400,0.0000001,0.0000001
58907,0.0000400,0.0000001,0.0000001
58908,0.0000400,0.0000001,0.0000001
58909,0.0000400,0.0000001,0.0000001
58910,0.0000400,0.0000001,0.0000001
58911,0.0000400,0.0000001,0.0000001
58912,0.0000400,0.0000001,0.0000001
58913,0.0000400,0.0000001,0.0000001
58914,0.0000400,0.0000001,0.0000001
58915,0.0000400,0.0000001,0.0000001
58916,0.0000400,0.0000001,0.0000001
58917,0.0000400,0.0000001,0.0000001
58918,0.0000400,0.0000001,0.0000001
58919,0.0000400,0.0000001,0.0000001
58920,0.0000400,0.0000001,0.0000001
58921,0.0000400,0.0000001,0.0000001
58922,0.0000400,0.0000001,0.0000001
58923,0.0000400,0.0000001,0.0000001
58924,0.0000400,0.0000001,0.0000001
58925,0.0000400,0.0000001,0.0000001
58926,0.0000400,0.0000001,0.0000001
58927,0.0000400,0.0000001,0.0000001
58928,0.0000400,0.0000001,0.0000001
58929,0.0000399,0.0000001,0.0000001
58930,0.0000399,0.0000001,0.0000001
58931,0.0000399,0.0000001,0.0000001
58932,0.0000399,0.0000001,0.0000001
58933,0.0000399,0.0000001,0.0000001
58934,0.0000399,0.0000001,0.0000001
58935,0.0000399,0.0000001,0.0000001
58936,0.0000399,0.0000001,0.0000001
58937,0.0000399,0.0000001,0.0000001
58938,0.0000399,0.0000001,0.0000001
58939,0.0000399,0.0000001,0.0000001
58940,0.0000399,0.0000001,0.0000001
58941,0.0000399,0.0000001,0.0000001
58942,0.0000399,0.0000001,0.0000001
58943,0.0000399,0.0000001,0.0000001
58944,0.0000399,0.0000001,0.0000001
58945,0.0000399,0.0000001,0.0000001
58946,0.0000399,0.0000001,0.0000001
58947,0.0000399,0.0000001,0.0000001
58948,0.0000399,0.0000001,0.0000001
58949,0.0000399,0.0000001,0.0000001
58950,0.0000399,0.0000001,0.0000001
58951,0.0000399,0.0000001,0.0000001
58952,0.0000399,0.0000001,0.0000001
58953,0.0000399,0.0000001,0.0000001
58954,0.0000399,0.0000001,0.0000001
58955,0.0000399,0.0000001,0.0000001
58956,0.0000399,0.0000001,0.0000001
58957,0.0000399,0.0000001,0.0000001
58958,0.0000399,0.0000001,0.0000001
58959,0.0000399,0.0000001,0.0000001
58960,0.0000399,0.0000001,0.0000001
58961,0.0000399,0.0000001,0.0000001
58962,0.0000399,0.0000001,0.0000001
58963,0.0000399,0.0000001,0.0000001
58964,0.0000399,0.0000001,0.0000001
58965,0.0000399,0.0000001,0.0000001
58966,0.0000399,0.0000001,0.0000001
58967,0.0000399,0.0000001,0.0000001
58968,0.0000399,0.0000001,0.0000001
58969,0.0000399,0.0000001,0.0000001
58970,0.0000399,0.0000001,0.0000001
58971,0.0000399,0.0000001,0.0000001
58972,0.0000399,0.0000001,0.0000001
58973,0.0000399,0.0000001,0.0000001
58974,0.0000399,0.0000001,0.0000001
58975,0.0000399,0.0000001,0.0000001
58976,0.0000399,0.0000001,0.0000001
58977,0.0000399,0.0000001,0.0000001
58978,0.0000399,0.0000001,0.0000001
58979,0.0000399,0.0000001,0.0000001
58980,0.0000399,0.0000001,0.0000001
58981,0.0000399,0.0000001,0.0000001
58982,0.0000399,0.0000001,0.0000001
58983,0.0000399,0.0000001,0.0000001
58984,0.0000398,0.0000001,0.0000001
58985,0.0000398,0.0000001,0.0000001
58986,0.0000398,0.0000001,0.0000001
58987,0.0000398,0.0000001,0.0000001
58988,0.0000398,0.0000001,0.0000001
58989,0.0000398,0.0000001,0.0000001
58990,0.0000398,0.0000001,0.0000001
58991,0.0000398,0.0000001,0.0000001
58992,0.0000398,0.0000001,0.0000001
58993,0.0000398,0.0000001,0.0000001
58994,0.0000398,0.0000001,0.0000001
58995,0.0000398,0.0000001,0.0000001
58996,0.0000398,0.0000001,0.0000001
58997,0.0000398,0.0000001,0.0000001
58998,0.0000398,0.0000001,0.0000001
58999,0.0000398,0.0000001,0.0000001
59000,0.0000398,0.0000001,0.0000001
59001,0.0000398,0.0000001,0.0000001
59002,0.0000398,0.0000001,0.0000001
59003,0.0000398,0.0000001,0.0000001
59004,0.0000398,0.0000001,0.0000001
59005,0.0000398,0.0000001,0.0000001
59006,0.0000398,0.0000001,0.0000001
59007,0.0000398,0.0000001,0.0000001
59008,0.0000398,0.0000001,0.0000001
59009,0.0000398,0.0000001,0.0000001
59010,0.0000398,0.0000001,0.0000001
59011,0.0000398,0.0000001,0.0000001
59012,0.0000398,0.0000001,0.0000001
59013,0.0000398,0.0000001,0.0000001
59014,0.0000398,0.0000001,0.0000001
59015,0.0000398,0.0000001,0.0000001
59016,0.0000398,0.0000001,0.0000001
59017,0.0000398,0.0000001,0.0000001
59018,0.0000398,0.0000001,0.0000001
59019,0.0000398,0.0000001,0.0000001
59020,0.0000398,0.0000001,0.0000001
59021,0.0000398,0.0000001,0.0000001
59022,0.0000398,0.0000001,0.0000001
59023,0.0000398,0.0000001,0.0000001
59024,0.0000398,0.0000001,0.0000001
59025,0.0000398,0.0000001,0.0000001
59026,0.0000398,0.0000001,0.0000001
59027,0.0000398,0.0000001,0.0000001
59028,0.0000398,0.0000001,0.0000001
59029,0.0000398,0.0000001,0.0000001
59030,0.0000398,0.0000001,0.0000001
59031,0.0000398,0.0000001,0.0000001
59032,0.0000398,0.0000001,0.0000001
59033,0.0000398,0.0000001,0.0000001
59034,0.0000398,0.0000001,0.0000001
59035,0.0000398,0.0000001,0.0000001
59036,0.0000398,0.0000001,0.0000001
59037,0.0000398,0.0000001,0.0000001
59038,0.0000398,0.0000001,0.0000001
59039,0.0000398,0.0000001,0.0000001
59040,0.0000397,0.0000001,0.0000001
59041,0.0000397,0.0000001,0.0000001
59042,0.0000397,0.0000001,0.0000001
59043,0.0000397,0.0000001,0.0000001
59044,0.0000397,0.0000001,0.0000001
59045,0.0000397,0.0000001,0.0000001
59046,0.0000397,0.0000001,0.0000001
59047,0.0000397,0.0000001,0.0000001
59048,0.0000397,0.0000001,0.0000001
59049,0.0000397,0.0000001,0.0000001
59050,0.0000397,0.0000001,0.0000001
59051,0.0000397,0.0000001,0.0000001
59052,0.0000397,0.0000001,0.0000001
59053,0.0000397,0.0000001,0.0000001
59054,0.0000397,0.0000001,0.0000001
59055,0.0000397,0.0000001,0.0000001
59056,0.0000397,0.0000001,0.0000001
59057,0.0000397,0.0000001,0.0000001
59058,0.0000397,0.0000001,0.0000001
59059,0.0000397,0.0000001,0.0000001
59060,0.0000397,0.0000001,0.0000001
59061,0.0000397,0.0000001,0.0000001
59062,0.0000397,0.0000001,0.0000001
59063,0.0000397,0.0000001,0.0000001
59064,0.0000397,0.0000001,0.0000001
59065,0.0000397,0.0000001,0.0000001
59066,0.0000397,0.0000001,0.0000001
59067,0.0000397,0.0000001,0.0000001
59068,0.0000397,0.0000001,0.0000001
59069,0.0000397,0.0000001,0.0000001
59070,0.0000397,0.0000001,0.0000001
59071,0.0000397,0.0000001,0.0000001
59072,0.0000397,0.0000001,0.0000001
59073,0.0000397,0.0000001,0.0000001
59074,0.0000397,0.0000001,0.0000001
59075,0.0000397,0.0000001,0.0000001
59076,0.0000397,0.0000001,0.0000001
59077,0.0000397,0.0000001,0.0000001
59078,0.0000397,0.0000001,0.0000001
59079,0.0000397,0.0000001,0.0000001
59080,0.0000397,0.0000001,0.0000001
59081,0.0000397,0.0000001,0.0000001
59082,0.0000397,0.0000001,0.0000001
59083,0.0000397,0.0000001,0.0000001
59084,0.0000397,0.0000001,0.0000001
59085,0.0000397,0.0000001,0.0000001
59086,0.0000397,0.0000001,0.0000001
59087,0.0000397,0.0000001,0.0000001
59088,0.0000397,0.0000001,0.0000001
59089,0.0000397,0.0000001,0.0000001
59090,0.0000397,0.0000001,0.0000001
59091,0.0000397,0.0000001,0.0000001
59092,0.0000397,0.0000001,0.0000001
59093,0.0000397,0.0000001,0.0000001
59094,0.0000397,0.0000001,0.0000001
59095,0.0000397,0.0000001,0.0000001
59096,0.0000396,0.0000001,0.0000001
59097,0.0000396,0.0000001,0.0000001
59098,0.0000396,0.0000001,0.0000001
59099,0.0000396,0.0000001,0.0000001
59100,0.0000396,0.0000001,0.0000001
59101,0.0000396,0.0000001,0.0000001
59102,0.0000396,0.0000001,0.0000001
59103,0.0000396,0.0000001,0.0000001
59104,0.0000396,0.0000001,0.0000001
59105,0.0000396,0.0000001,0.0000001
59106,0.0000396,0.0000001,0.0000001
59107,0.0000396,0.0000001,0.0000001
59108,0.0000396,0.0000001,0.0000001
59109,0.0000396,0.0000001,0.0000001
59110,0.0000396,0.0000001,0.0000001
59111,0.0000396,0.0000001,0.0000001
59112,0.0000396,0.0000001,0.0000001
59113,0.0000396,0.0000001,0.0000001
59114,0.0000396,0.0000001,0.0000001
59115,0.0000396,0.0000001,0.0000001
59116,0.0000396,0.0000001,0.0000001
59117,0.0000396,0.0000001,0.0000001
59118,0.0000396,0.0000001,0.0000001
59119,0.0000396,0.0000001,0.0000001
59120,0.0000396,0.0000001,0.0000001
59121,0.0000396,0.0000001,0.0000001
59122,0.0000396,0.0000001,0.0000001
59123,0.0000396,0.0000001,0.0000001
59124,0.0000396,0.0000001,0.0000001
59125,0.0000396,0.0000001,0.0000001
59126,0.0000396,0.0000001,0.0000001
59127,0.0000396,0.0000001,0.0000001
59128,0.0000396,0.0000001,0.0000001
59129,0.0000396,0.0000001,0.0000001
59130,0.0000396,0.0000001,0.0000001
59131,0.0000396,0.0000001,0.0000001
59132,0.0000396,0.0000001,0.0000001
59133,0.0000396,0.0000001,0.0000001
59134,0.0000396,0.0000001,0.0000001
59135,0.0000396,0.0000001,0.0000001
59136,0.0000396,0.0000001,0.0000001
59137,0.0000396,0.0000001,0.0000001
59138,0.0000396,0.0000001,0.0000001
59139,0.0000396,0.0000001,0.0000001
59140,0.0000396,0.0000001,0.0000001
59141,0.0000396,0.0000001,0.0000001
59142,0.0000396,0.0000001,0.0000001
59143,0.0000396,0.0000001,0.0000001
59144,0.0000396,0.0000001,0.0000001
59145,0.0000396,0.0000001,0.0000001
59146,0.0000396,0.0000001,0.0000001
59147,0.0000396,0.0000001,0.0000001
59148,0.0000396,0.0000001,0.0000001
59149,0.0000396,0.0000001,0.0000001
59150,0.0000396,0.0000001,0.0000001
59151,0.0000396,0.0000001,0.0000001
59152,0.0000396,0.0000001,0.0000001
59153,0.0000395,0.0000001,0.0000001
59154,0.0000395,0.0000001,0.0000001
59155,0.0000395,0.0000001,0.0000001
59156,0.0000395,0.0000001,0.0000001
59157,0.0000395,0.0000001,0.0000001
59158,0.0000395,0.0000001,0.0000001
59159,0.0000395,0.0000001,0.0000001
59160,0.0000395,0.0000001,0.0000001
59161,0.0000395,0.0000001,0.0000001
59162,0.0000395,0.0000001,0.0000001
59163,0.0000395,0.0000001,0.0000001
59164,0.0000395,0.0000001,0.0000001
59165,0.0000395,0.0000001,0.0000001
59166,0.0000395,0.0000001,0.0000001
59167,0.0000395,0.0000001,0.0000001
59168,0.0000395,0.0000001,0.0000001
59169,0.0000395,0.0000001,0.0000001
59170,0.0000395,0.0000001,0.0000001
59171,0.0000395,0.0000001,0.0000001
59172,0.0000395,0.0000001,0.0000001
59173,0.0000395,0.0000001,0.0000001
59174,0.0000395,0.0000001,0.0000001
59175,0.0000395,0.0000001,0.0000001
59176,0.0000395,0.0000001,0.0000001
59177,0.0000395,0.0000001,0.0000001
59178,0.0000395,0.0000001,0.0000001
59179,0.0000395,0.0000001,0.0000001
59180,0.0000395,0.0000001,0.0000001
59181,0.0000395,0.0000001,0.0000001
59182,0.0000395,0.0000001,0.0000001
59183,0.0000395,0.0000001,0.0000001
59184,0.0000395,0.0000001,0.0000001
59185,0.0000395,0.0000001,0.0000001
59186,0.0000395,0.0000001,0.0000001
59187,0.0000395,0.0000001,0.0000001
59188,0.0000395,0.0000001,0.0000001
59189,0.0000395,0.0000001,0.0000001
59190,0.0000395,0.0000001,0.0000001
59191,0.0000395,0.0000001,0.0000001
59192,0.0000395,0.0000001,0.0000001
59193,0.0000395,0.0000001,0.0000001
59194,0.0000395,0.0000001,0.0000001
59195,0.0000395,0.0000001,0.0000001
59196,0.0000395,0.0000001,0.0000001
59197,0.0000395,0.0000001,0.0000001
59198,0.0000395,0.0000001,0.0000001
59199,0.0000395,0.0000001,0.0000001
59200,0.0000395,0.0000001,0.0000001
59201,0.0000395,0.0000001,0.0000001
59202,0.0000395,0.0000001,0.0000001
59203,0.0000395,0.0000001,0.0000001
59204,0.0000395,0.0000001,0.0000001
59205,0.0000395,0.0000001,0.0000001
59206,0.0000395,0.0000001,0.0000001
59207,0.0000395,0.0000001,0.0000001
59208,0.0000395,0.0000001,0.0000001
59209,0.0000394,0.0000001,0.0000001
59210,0.0000394,0.0000001,0.0000001
59211,0.0000394,0.0000001,0.0000001
59212,0.0000394,0.0000001,0.0000001
59213,0.0000394,0.0000001,0.0000001
59214,0.0000394,0.0000001,0.0000001
59215,0.0000394,0.0000001,0.0000001
59216,0.0000394,0.0000001,0.0000001
59217,0.0000394,0.0000001,0.0000001
59218,0.0000394,0.0000001,0.0000001
59219,0.0000394,0.0000001,0.0000001
59220,0.0000394,0.0000001,0.0000001
59221,0.0000394,0.0000001,0.0000001
59222,0.0000394,0.0000001,0.0000001
59223,0.0000394,0.0000001,0.0000001
59224,0.0000394,0.0000001,0.0000001
59225,0.0000394,0.0000001,0.0000001
59226,0.0000394,0.0000001,0.0000001
59227,0.0000394,0.0000001,0.0000001
59228,0.0000394,0.0000001,0.0000001
59229,0.0000394,0.0000001,0.0000001
59230,0.0000394,0.0000001,0.0000001
59231,0.0000394,0.0000001,0.0000001
59232,0.0000394,0.0000001,0.0000001
59233,0.0000394,0.0000001,0.0000001
59234,0.0000394,0.0000001,0.0000001
59235,0.0000394,0.0000001,0.0000001
59236,0.0000394,0.0000001,0.0000001
59237,0.0000394,0.0000001,0.0000001
59238,0.0000394,0.0000001,0.0000001
59239,0.0000394,0.0000001,0.0000001
59240,0.0000394,0.0000001,0.0000001
59241,0.0000394,0.0000001,0.0000001
59242,0.0000394,0.0000001,0.0000001
59243,0.0000394,0.0000001,0.0000001
59244,0.0000394,0.0000001,0.0000001
59245,0.0000394,0.0000001,0.0000001
59246,0.0000394,0.0000001,0.0000001
59247,0.0000394,0.0000001,0.0000001
59248,0.0000394,0.0000001,0.0000001
59249,0.0000394,0.0000001,0.0000001
59250,0.0000394,0.0000001,0.0000001
59251,0.0000394,0.0000001,0.0000001
59252,0.0000394,0.0000001,0.0000001
59253,0.0000394,0.0000001,0.0000001
59254,0.0000394,0.0000001,0.0000001
59255,0.0000394,0.0000001,0.0000001
59256,0.0000394,0.0000001,0.0000001
59257,0.0000394,0.0000001,0.0000001
59258,0.0000394,0.0000001,0.0000001
59259,0.0000394,0.0000001,0.0000001
59260,0.0000394,0.0000001,0.0000001
59261,0.0000394,0.0000001,0.0000001
59262,0.0000394,0.0000001,0.0000001
59263,0.0000394,0.0000001,0.0000001
59264,0.0000394,0.0000001,0.0000001
59265,0.0000393,0.0000001,0.0000001
59266,0.0000393,0.0000001,0.0000001
59267,0.0000393,0.0000001,0.0000001
59268,0.0000393,0.0000001,0.0000001
59269,0.0000393,0.0000001,0.0000001
59270,0.0000393,0.0000001,0.0000001
59271,0.0000393,0.0000001,0.0000001
59272,0.0000393,0.0000001,0.0000001
59273,0.0000393,0.0000001,0.0000001
59274,0.0000393,0.0000001,0.0000001
59275,0.0000393,0.0000001,0.0000001
59276,0.0000393,0.0000001,0.0000001
59277,0.0000393,0.0000001,0.0000001
59278,0.0000393,0.0000001,0.0000001
59279,0.0000393,0.0000001,0.0000001
59280,0.0000393,0.0000001,0.0000001
59281,0.0000393,0.0000001,0.0000001
59282,0.0000393,0.0000001,0.0000001
59283,0.0000393,0.0000001,0.0000001
59284,0.0000393,0.0000001,0.0000001
59285,0.0000393,0.0000001,0.0000001
59286,0.0000393,0.0000001,0.0000001
59287,0.0000393,0.0000001,0.0000001
59288,0.0000393,0.0000001,0.0000001
59289,0.0000393,0.0000001,0.0000001
59290,0.0000393,0.0000001,0.0000001
59291,0.0000393,0.0000001,0.0000001
59292,0.0000393,0.0000001,0.0000001
59293,0.0000393,0.0000001,0.0000001
59294,0.0000393,0.0000001,0.0000001
59295,0.0000393,0.0000001,0.0000001
59296,0.0000393,0.0000001,0.0000001
59297,0.0000393,0.0000001,0.0000001
59298,0.0000393,0.0000001,0.0000001
59299,0.0000393,0.0000001,0.0000001
59300,0.0000393,0.0000001,0.0000001
59301,0.0000393,0.0000001,0.0000001
59302,0.0000393,0.0000001,0.0000001
59303,0.0000393,0.0000001,0.0000001
59304,0.0000393,0.0000001,0.0000001
59305,0.0000393,0.0000001,0.0000001
59306,0.0000393,0.0000001,0.0000001
59307,0.0000393,0.0000001,0.0000001
59308,0.0000393,0.0000001,0.0000001
59309,0.0000393,0.0000001,0.0000001
59310,0.0000393,0.0000001,0.0000001
59311,0.0000393,0.0000001,0.0000001
59312,0.0000393,0.0000001,0.0000001
59313,0.0000393,0.0000001,0.0000001
59314,0.0000393,0.0000001,0.0000001
59315,0.0000393,0.0000001,0.0000001
59316,0.0000393,0.0000001,0.0000001
59317,0.0000393,0.0000001,0.0000001
59318,0.0000393,0.0000001,0.0000001
59319,0.0000393,0.0000001,0.0000001
59320,0.0000393,0.0000001,0.0000001
59321,0.0000393,0.0000001,0.0000001
59322,0.0000392,0.0000001,0.0000001
59323,0.0000392,0.0000001,0.0000001
59324,0.0000392,0.0000001,0.0000001
59325,0.0000392,0.0000001,0.0000001
59326,0.0000392,0.0000001,0.0000001
59327,0.0000392,0.0000001,0.0000001
59328,0.0000392,0.0000001,0.0000001
59329,0.0000392,0.0000001,0.0000001
59330,0.0000392,0.0000001,0.0000001
59331,0.0000392,0.0000001,0.0000001
59332,0.0000392,0.0000001,0.0000001
59333,0.0000392,0.0000001,0.0000001
59334,0.0000392,0.0000001,0.0000001
59335,0.0000392,0.0000001,0.0000001
59336,0.0000392,0.0000001,0.0000001
59337,0.0000392,0.0000001,0.0000001
59338,0.0000392,0.0000001,0.0000001
59339,0.0000392,0.0000001,0.0000001
59340,0.0000392,0.0000001,0.0000001
59341,0.0000392,0.0000001,0.0000001
59342,0.0000392,0.0000001,0.0000001
59343,0.0000392,0.0000001,0.0000001
59344,0.0000392,0.0000001,0.0000001
59345,0.0000392,0.0000001,0.0000001
59346,0.0000392,0.0000001,0.0000001
59347,0.0000392,0.0000001,0.0000001
59348,0.0000392,0.0000001,0.0000001
59349,0.0000392,0.0000001,0.0000001
59350,0.0000392,0.0000001,0.0000001
59351,0.0000392,0.0000001,0.0000001
59352,0.0000392,0.0000001,0.0000001
59353,0.0000392,0.0000001,0.0000001
59354,0.0000392,0.0000001,0.0000001
59355,0.0000392,0.0000001,0.0000001
59356,0.0000392,0.0000001,0.0000001
59357,0.0000392,0.0000001,0.0000001
59358,0.0000392,0.0000001,0.0000001
59359,0.0000392,0.0000001,0.0000001
59360,0.0000392,0.0000001,0.0000001
59361,0.0000392,0.0000001,0.0000001
59362,0.0000392,0.0000001,0.0000001
59363,0.0000392,0.0000001,0.0000001
59364,0.0000392,0.0000001,0.0000001
59365,0.0000392,0.0000001,0.0000001
59366,0.0000392,0.0000001,0.0000001
59367,0.0000392,0.0000001,0.0000001
59368,0.0000392,0.0000001,0.0000001
59369,0.0000392,0.0000001,0.0000001
59370,0.0000392,0.0000001,0.0000001
59371,0.0000392,0.0000001,0.0000001
59372,0.0000392,0.0000001,0.0000001
59373,0.0000392,0.0000001,0.0000001
59374,0.0000392,0.0000001,0.0000001
59375,0.0000392,0.0000001,0.0000001
59376,0.0000392,0.0000001,0.0000001
59377,0.0000392,0.0000001,0.0000001
59378,0.0000392,0.0000001,0.0000001
59379,0.0000391,0.0000001,0.0000001
59380,0.0000391,0.0000001,0.0000001
59381,0.0000391,0.0000001,0.0000001
59382,0.0000391,0.0000001,0.0000001
59383,0.0000391,0.0000001,0.0000001
59384,0.0000391,0.0000001,0.0000001
59385,0.0000391,0.0000001,0.0000001
59386,0.0000391,0.0000001,0.0000001
59387,0.0000391,0.0000001,0.0000001
59388,0.0000391,0.0000001,0.0000001
59389,0.0000391,0.0000001,0.0000001
59390,0.0000391,0.0000001,0.0000001
59391,0.0000391,0.0000001,0.0000001
59392,0.0000391,0.0000001,0.0000001
59393,0.0000391,0.0000001,0.0000001
59394,0.0000391,0.0000001,0.0000001
59395,0.0000391,0.0000001,0.0000001
59396,0.0000391,0.0000001,0.0000001
59397,0.0000391,0.0000001,0.0000001
59398,0.0000391,0.0000001,0.0000001
59399,0.0000391,0.0000001,0.0000001
59400,0.0000391,0.0000001,0.0000001
59401,0.0000391,0.0000001,0.0000001
59402,0.0000391,0.0000001,0.0000001
59403,0.0000391,0.0000001,0.0000001
59404,0.0000391,0.0000001,0.0000001
59405,0.0000391,0.0000001,0.0000001
59406,0.0000391,0.0000001,0.0000001
59407,0.0000391,0.0000001,0.0000001
59408,0.0000391,0.0000001,0.0000001
59409,0.0000391,0.0000001,0.0000001
59410,0.0000391,0.0000001,0.0000001
59411,0.0000391,0.0000001,0.0000001
59412,0.0000391,0.0000001,0.0000001
59413,0.0000391,0.0000001,0.0000001
59414,0.0000391,0.0000001,0.0000001
59415,0.0000391,0.0000001,0.0000001
59416,0.0000391,0.0000001,0.0000001
59417,0.0000391,0.0000001,0.0000001
59418,0.0000391,0.0000001,0.0000001
59419,0.0000391,0.0000001,0.0000001
59420,0.0000391,0.0000001,0.0000001
59421,0.0000391,0.0000001,0.0000001
59422,0.0000391,0.0000001,0.0000001
59423,0.0000391,0.0000001,0.0000001
59424,0.0000391,0.0000001,0.0000001
59425,0.0000391,0.0000001,0.0000001
59426,0.0000391,0.0000001,0.0000001
59427,0.0000391,0.0000001,0.0000001
59428,0.0000391,0.0000001,0.0000001
59429,0.0000391,0.0000001,0.0000001
59430,0.0000391,0.0000001,0.0000001
59431,0.0000391,0.0000001,0.0000001
59432,0.0000391,0.0000001,0.0000001
59433,0.0000391,0.0000001,0.0000001
59434,0.0000391,0.0000001,0.0000001
59435,0.0000390,0.0000001,0.0000001
59436,0.0000390,0.0000001,0.0000001
59437,0.0000390,0.0000001,0.0000001
59438,0.0000390,0.0000001,0.0000001
59439,0.0000390,0.0000001,0.0000001
59440,0.0000390,0.0000001,0.0000001
59441,0.0000390,0.0000001,0.0000001
59442,0.0000390,0.0000001,0.0000001
59443,0.0000390,0.0000001,0.0000001
59444,0.0000390,0.0000001,0.0000001
59445,0.0000390,0.0000001,0.0000001
59446,0.0000390,0.0000001,0.0000001
59447,0.0000390,0.0000001,0.0000001
59448,0.0000390,0.0000001,0.0000001
59449,0.0000390,0.0000001,0.0000001
59450,0.0000390,0.0000001,0.0000001
59451,0.0000390,0.0000001,0.0000001
59452,0.0000390,0.0000001,0.0000001
59453,0.0000390,0.0000001,0.0000001
59454,0.0000390,0.0000001,0.0000001
59455,0.0000390,0.0000001,0.0000001
59456,0.0000390,0.0000001,0.0000001
59457,0.0000390,0.0000001,0.0000001
59458,0.0000390,0.0000001,0.0000001
59459,0.0000390,0.0000001,0.0000001
59460,0.0000390,0.0000001,0.0000001
59461,0.0000390,0.0000001,0.0000001
59462,0.0000390,0.0000001,0.0000001
59463,0.0000390,0.0000001,0.0000001
59464,0.0000390,0.0000001,0.0000001
59465,0.0000390,0.0000001,0.0000001
59466,0.0000390,0.0000001,0.0000001
59467,0.0000390,0.0000001,0.0000001
59468,0.0000390,0.0000001,0.0000001
59469,0.0000390,0.0000001,0.0000001
59470,0.0000390,0.0000001,0.0000001
59471,0.0000390,0.0000001,0.0000001
59472,0.0000390,0.0000001,0.0000001
59473,0.0000390,0.0000001,0.0000001
59474,0.0000390,0.0000001,0.0000001
59475,0.0000390,0.0000001,0.0000001
59476,0.0000390,0.0000001,0.0000001
59477,0.0000390,0.0000001,0.0000001
59478,0.0000390,0.0000001,0.0000001
59479,0.0000390,0.0000001,0.0000001
59480,0.0000390,0.0000001,0.0000001
59481,0.0000390,0.0000001,0.0000001
59482,0.0000390,0.0000001,0.0000001
59483,0.0000390,0.0000001,0.0000001
59484,0.0000390,0.0000001,0.0000001
59485,0.0000390,0.0000001,0.0000001
59486,0.0000390,0.0000001,0.0000001
59487,0.0000390,0.0000001,0.0000001
59488,0.0000390,0.0000001,0.0000001
59489,0.0000390,0.0000001,0.0000001
59490,0.0000390,0.0000001,0.0000001
59491,0.0000390,0.0000001,0.0000001
59492,0.0000389,0.0000001,0.0000001
59493,0.0000389,0.0000001,0.0000001
59494,0.0000389,0.0000001,0.0000001
59495,0.0000389,0.0000001,0.0000001
59496,0.0000389,0.0000001,0.0000001
59497,0.0000389,0.0000001,0.0000001
59498,0.0000389,0.0000001,0.0000001
59499,0.0000389,0.0000001,0.0000001
59500,0.0000389,0.0000001,0.0000001
59501,0.0000389,0.0000001,0.0000001
59502,0.0000389,0.0000001,0.0000001
59503,0.0000389,0.0000001,0.0000001
59504,0.0000389,0.0000001,0.0000001
59505,0.0000389,0.0000001,0.0000001
59506,0.0000389,0.0000001,0.0000001
59507,0.0000389,0.0000001,0.0000001
59508,0.0000389,0.0000001,0.0000001
59509,0.0000389,0.0000001,0.0000001
59510,0.0000389,0.0000001,0.0000001
59511,0.0000389,0.0000001,0.0000001
59512,0.0000389,0.0000001,0.0000001
59513,0.0000389,0.0000001,0.0000001
59514,0.0000389,0.0000001,0.0000001
59515,0.0000389,0.0000001,0.0000001
59516,0.0000389,0.0000001,0.0000001
59517,0.0000389,0.0000001,0.0000001
59518,0.0000389,0.0000001,0.0000001
59519,0.0000389,0.0000001,0.0000001
59520,0.0000389,0.0000001,0.0000001
59521,0.0000389,0.0000001,0.0000001
59522,0.0000389,0.0000001,0.0000001
59523,0.0000389,0.0000001,0.0000001
59524,0.0000389,0.0000001,0.0000001
59525,0.0000389,0.0000001,0.0000001
59526,0.0000389,0.0000001,0.0000001
59527,0.0000389,0.0000001,0.0000001
59528,0.0000389,0.0000001,0.0000001
59529,0.0000389,0.0000001,0.0000001
59530,0.0000389,0.0000001,0.0000001
59531,0.0000389,0.0000001,0.0000001
59532,0.0000389,0.0000001,0.0000001
59533,0.0000389,0.0000001,0.0000001
59534,0.0000389,0.0000001,0.0000001
59535,0.0000389,0.0000001,0.0000001
59536,0.0000389,0.0000001,0.0000001
59537,0.0000389,0.0000001,0.0000001
59538,0.0000389,0.0000001,0.0000001
59539,0.0000389,0.0000001,0.0000001
59540,0.0000389,0.0000001,0.0000001
59541,0.0000389,0.0000001,0.0000001
59542,0.0000389,0.0000001,0.0000001
59543,0.0000389,0.0000001,0.0000001
59544,0.0000389,0.0000001,0.0000001
59545,0.0000389,0.0000001,0.0000001
59546,0.0000389,0.0000001,0.0000001
59547,0.0000389,0.0000001,0.0000001
59548,0.0000389,0.0000001,0.0000001
59549,0.0000388,0.0000001,0.0000001
59550,0.0000388,0.0000001,0.0000001
59551,0.0000388,0.0000001,0.0000001
59552,0.0000388,0.0000001,0.0000001
59553,0.0000388,0.0000001,0.0000001
59554,0.0000388,0.0000001,0.0000001
59555,0.0000388,0.0000001,0.0000001
59556,0.0000388,0.0000001,0.0000001
59557,0.0000388,0.0000001,0.0000001
59558,0.0000388,0.0000001,0.0000001
59559,0.0000388,0.0000001,0.0000001
59560,0.0000388,0.0000001,0.0000001
59561,0.0000388,0.0000001,0.0000001
59562,0.0000388,0.0000001,0.0000001
59563,0.0000388,0.0000001,0.0000001
59564,0.0000388,0.0000001,0.0000001
59565,0.0000388,0.0000001,0.0000001
59566,0.0000388,0.0000001,0.0000001
59567,0.0000388,0.0000001,0.0000001
59568,0.0000388,0.0000001,0.0000001
59569,0.0000388,0.0000001,0.0000001
59570,0.0000388,0.0000001,0.0000001
59571,0.0000388,0.0000001,0.0000001
59572,0.0000388,0.0000001,0.0000001
59573,0.0000388,0.0000001,0.0000001
59574,0.0000388,0.0000001,0.0000001
59575,0.0000388,0.0000001,0.0000001
59576,0.0000388,0.0000001,0.0000001
59577,0.0000388,0.0000001,0.0000001
59578,0.0000388,0.0000001,0.0000001
59579,0.0000388,0.0000001,0.0000001
59580,0.0000388,0.0000001,0.0000001
59581,0.0000388,0.0000001,0.0000001
59582,0.0000388,0.0000001,0.0000001
59583,0.0000388,0.0000001,0.0000001
59584,0.0000388,0.0000001,0.0000001
59585,0.0000388,0.0000001,0.0000001
59586,0.0000388,0.0000001,0.0000001
59587,0.0000388,0.0000001,0.0000001
59588,0.0000388,0.0000001,0.0000001
59589,0.0000388,0.0000001,0.0000001
59590,0.0000388,0.0000001,0.0000001
59591,0.0000388,0.0000001,0.0000001
59592,0.0000388,0.0000001,0.0000001
59593,0.0000388,0.0000001,0.0000001
59594,0.0000388,0.0000001,0.0000001
59595,0.0000388,0.0000001,0.0000001
59596,0.0000388,0.0000001,0.0000001
59597,0.0000388,0.0000001,0.0000001
59598,0.0000388,0.0000001,0.0000001
59599,0.0000388,0.0000001,0.0000001
59600,0.0000388,0.0000001,0.0000001
59601,0.0000388,0.0000001,0.0000001
59602,0.0000388,0.0000001,0.0000001
59603,0.0000388,0.0000001,0.0000001
59604,0.0000388,0.0000001,0.0000001
59605,0.0000388,0.0000001,0.0000001
59606,0.0000388,0.0000001,0.0000001
59607,0.0000387,0.0000001,0.0000001
59608,0.0000387,0.0000001,0.0000001
59609,0.0000387,0.0000001,0.0000001
59610,0.0000387,0.0000001,0.0000001
59611,0.0000387,0.0000001,0.0000001
59612,0.0000387,0.0000001,0.0000001
59613,0.0000387,0.0000001,0.0000001
59614,0.0000387,0.0000001,0.0000001
59615,0.0000387,0.0000001,0.0000001
59616,0.0000387,0.0000001,0.0000001
59617,0.0000387,0.0000001,0.0000001
59618,0.0000387,0.0000001,0.0000001
59619,0.0000387,0.0000001,0.0000001
59620,0.0000387,0.0000001,0.0000001
59621,0.0000387,0.0000001,0.0000001
59622,0.0000387,0.0000001,0.0000001
59623,0.0000387,0.0000001,0.0000001
59624,0.0000387,0.0000001,0.0000001
59625,0.0000387,0.0000001,0.0000001
59626,0.0000387,0.0000001,0.0000001
59627,0.0000387,0.0000001,0.0000001
59628,0.0000387,0.0000001,0.0000001
59629,0.0000387,0.0000001,0.0000001
59630,0.0000387,0.0000001,0.0000001
59631,0.0000387,0.0000001,0.0000001
59632,0.0000387,0.0000001,0.0000001
59633,0.0000387,0.0000001,0.0000001
59634,0.0000387,0.0000001,0.0000001
59635,0.0000387,0.0000001,0.0000001
59636,0.0000387,0.0000001,0.0000001
59637,0.0000387,0.0000001,0.0000001
59638,0.0000387,0.0000001,0.0000001
59639,0.0000387,0.0000001,0.0000001
59640,0.0000387,0.0000001,0.0000001
59641,0.0000387,0.0000001,0.0000001
59642,0.0000387,0.0000001,0.0000001
59643,0.0000387,0.0000001,0.0000001
59644,0.0000387,0.0000001,0.0000001
59645,0.0000387,0.0000001,0.0000001
59646,0.0000387,0.0000001,0.0000001
59647,0.0000387,0.0000001,0.0000001
59648,0.0000387,0.0000001,0.0000001
59649,0.0000387,0.0000001,0.0000001
59650,0.0000387,0.0000001,0.0000001
59651,0.0000387,0.0000001,0.0000001
59652,0.0000387,0.0000001,0.0000001
59653,0.0000387,0.0000001,0.0000001
59654,0.0000387,0.0000001,0.0000001
59655,0.0000387,0.0000001,0.0000001
59656,0.0000387,0.0000001,0.0000001
59657,0.0000387,0.0000001,0.0000001
59658,0.0000387,0.0000001,0.0000001
59659,0.0000387,0.0000001,0.0000001
59660,0.0000387,0.0000001,0.0000001
59661,0.0000387,0.0000001,0.0000001
59662,0.0000387,0.0000001,0.0000001
59663,0.0000387,0.0000001,0.0000001
59664,0.0000386,0.0000001,0.0000001
59665,0.0000386,0.0000001,0.0000001
59666,0.0000386,0.0000001,0.0000001
59667,0.0000386,0.0000001,0.0000001
59668,0.0000386,0.0000001,0.0000001
59669,0.0000386,0.0000001,0.0000001
59670,0.0000386,0.0000001,0.0000001
59671,0.0000386,0.0000001,0.0000001
59672,0.0000386,0.0000001,0.0000001
59673,0.0000386,0.0000001,0.0000001
59674,0.0000386,0.0000001,0.0000001
59675,0.0000386,0.0000001,0.0000001
59676,0.0000386,0.0000001,0.0000001
59677,0.0000386,0.0000001,0.0000001
59678,0.0000386,0.0000001,0.0000001
59679,0.0000386,0.0000001,0.0000001
59680,0.0000386,0.0000001,0.0000001
59681,0.0000386,0.0000001,0.0000001
59682,0.0000386,0.0000001,0.0000001
59683,0.0000386,0.0000001,0.0000001
59684,0.0000386,0.0000001,0.0000001
59685,0.0000386,0.0000001,0.0000001
59686,0.0000386,0.0000001,0.0000001
59687,0.0000386,0.0000001,0.0000001
59688,0.0000386,0.0000001,0.0000001
59689,0.0000386,0.0000001,0.0000001
59690,0.0000386,0.0000001,0.0000001
59691,0.0000386,0.0000001,0.0000001
59692,0.0000386,0.0000001,0.0000001
59693,0.0000386,0.0000001,0.0000001
59694,0.0000386,0.0000001,0.0000001
59695,0.0000386,0.0000001,0.0000001
59696,0.0000386,0.0000001,0.0000001
59697,0.0000386,0.0000001,0.0000001
59698,0.0000386,0.0000001,0.0000001
59699,0.0000386,0.0000001,0.0000001
59700,0.0000386,0.0000001,0.0000001
59701,0.0000386,0.0000001,0.0000001
59702,0.0000386,0.0000001,0.0000001
59703,0.0000386,0.0000001,0.0000001
59704,0.0000386,0.0000001,0.0000001
59705,0.0000386,0.0000001,0.0000001
59706,0.0000386,0.0000001,0.0000001
59707,0.0000386,0.0000001,0.0000001
59708,0.0000386,0.0000001,0.0000001
59709,0.0000386,0.0000001,0.0000001
59710,0.0000386,0.0000001,0.0000001
59711,0.0000386,0.0000001,0.0000001
59712,0.0000386,0.0000001,0.0000001
59713,0.0000386,0.0000001,0.0000001
59714,0.0000386,0.0000001,0.0000001
59715,0.0000386,0.0000001,0.0000001
59716,0.0000386,0.0000001,0.0000001
59717,0.0000386,0.0000001,0.0000001
59718,0.0000386,0.0000001,0.0000001
59719,0.0000386,0.0000001,0.0000001
59720,0.0000386,0.0000001,0.0000001
59721,0.0000385,0.0000001,0.0000001
59722,0.0000385,0.0000001,0.0000001
59723,0.0000385,0.0000001,0.0000001
59724,0.0000385,0.0000001,0.0000001
59725,0.0000385,0.0000001,0.0000001
59726,0.0000385,0.0000001,0.0000001
59727,0.0000385,0.0000001,0.0000001
59728,0.0000385,0.0000001,0.0000001
59729,0.0000385,0.0000001,0.0000001
59730,0.0000385,0.0000001,0.0000001
59731,0.0000385,0.0000001,0.0000001
59732,0.0000385,0.0000001,0.0000001
59733,0.0000385,0.0000001,0.0000001
59734,0.0000385,0.0000001,0.0000001
59735,0.0000385,0.0000001,0.0000001
59736,0.0000385,0.0000001,0.0000001
59737,0.0000385,0.0000001,0.0000001
59738,0.0000385,0.0000001,0.0000001
59739,0.0000385,0.0000001,0.0000001
59740,0.0000385,0.0000001,0.0000001
59741,0.0000385,0.0000001,0.0000001
59742,0.0000385,0.0000001,0.0000001
59743,0.0000385,0.0000001,0.0000001
59744,0.0000385,0.0000001,0.0000001
59745,0.0000385,0.0000001,0.0000001
59746,0.0000385,0.0000001,0.0000001
59747,0.0000385,0.0000001,0.0000001
59748,0.0000385,0.0000001,0.0000001
59749,0.0000385,0.0000001,0.0000001
59750,0.0000385,0.0000001,0.0000001
59751,0.0000385,0.0000001,0.0000001
59752,0.0000385,0.0000001,0.0000001
59753,0.0000385,0.0000001,0.0000001
59754,0.0000385,0.0000001,0.0000001
59755,0.0000385,0.0000001,0.0000001
59756,0.0000385,0.0000001,0.0000001
59757,0.0000385,0.0000001,0.0000001
59758,0.0000385,0.0000001,0.0000001
59759,0.0000385,0.0000001,0.0000001
59760,0.0000385,0.0000001,0.0000001
59761,0.0000385,0.0000001,0.0000001
59762,0.0000385,0.0000001,0.0000001
59763,0.0000385,0.0000001,0.0000001
59764,0.0000385,0.0000001,0.0000001
59765,0.0000385,0.0000001,0.0000001
59766,0.0000385,0.0000001,0.0000001
59767,0.0000385,0.0000001,0.0000001
59768,0.0000385,0.0000001,0.0000001
59769,0.0000385,0.0000001,0.0000001
59770,0.0000385,0.0000001,0.0000001
59771,0.0000385,0.0000001,0.0000001
59772,0.0000385,0.0000001,0.0000001
59773,0.0000385,0.0000001,0.0000001
59774,0.0000385,0.0000001,0.0000001
59775,0.0000385,0.0000001,0.0000001
59776,0.0000385,0.0000001,0.0000001
59777,0.0000385,0.0000001,0.0000001
59778,0.0000385,0.0000001,0.0000001
59779,0.0000384,0.0000001,0.0000001
59780,0.0000384,0.0000001,0.0000001
59781,0.0000384,0.0000001,0.0000001
59782,0.0000384,0.0000001,0.0000001
59783,0.0000384,0.0000001,0.0000001
59784,0.0000384,0.0000001,0.0000001
59785,0.0000384,0.0000001,0.0000001
59786,0.0000384,0.0000001,0.0000001
59787,0.0000384,0.0000001,0.0000001
59788,0.0000384,0.0000001,0.0000001
59789,0.0000384,0.0000001,0.0000001
59790,0.0000384,0.0000001,0.0000001
59791,0.0000384,0.0000001,0.0000001
59792,0.0000384,0.0000001,0.0000001
59793,0.0000384,0.0000001,0.0000001
59794,0.0000384,0.0000001,0.0000001
59795,0.0000384,0.0000001,0.0000001
59796,0.0000384,0.0000001,0.0000001
59797,0.0000384,0.0000001,0.0000001
59798,0.0000384,0.0000001,0.0000001
59799,0.0000384,0.0000001,0.0000001
59800,0.0000384,0.0000001,0.0000001
59801,0.0000384,0.0000001,0.0000001
59802,0.0000384,0.0000001,0.0000001
59803,0.0000384,0.0000001,0.0000001
59804,0.0000384,0.0000001,0.0000001
59805,0.0000384,0.0000001,0.0000001
59806,0.0000384,0.0000001,0.0000001
59807,0.0000384,0.0000001,0.0000001
59808,0.0000384,0.0000001,0.0000001
59809,0.0000384,0.0000001,0.0000001
59810,0.0000384,0.0000001,0.0000001
59811,0.0000384,0.0000001,0.0000001
59812,0.0000384,0.0000001,0.0000001
59813,0.0000384,0.0000001,0.0000001
59814,0.0000384,0.0000001,0.0000001
59815,0.0000384,0.0000001,0.0000001
59816,0.0000384,0.0000001,0.0000001
59817,0.0000384,0.0000001,0.0000001
59818,0.0000384,0.0000001,0.0000001
59819,0.0000384,0.0000001,0.0000001
59820,0.0000384,0.0000001,0.0000001
59821,0.0000384,0.0000001,0.0000001
59822,0.0000384,0.0000001,0.0000001
59823,0.0000384,0.0000001,0.0000001
59824,0.0000384,0.0000001,0.0000001
59825,0.0000384,0.0000001,0.0000001
59826,0.0000384,0.0000001,0.0000001
59827,0.0000384,0.0000001,0.0000001
59828,0.0000384,0.0000001,0.0000001
59829,0.0000384,0.0000001,0.0000001
59830,0.0000384,0.0000001,0.0000001
59831,0.0000384,0.0000001,0.0000001
59832,0.0000384,0.0000001,0.0000001
59833,0.0000384,0.0000001,0.0000001
59834,0.0000384,0.0000001,0.0000001
59835,0.0000384,0.0000001,0.0000001
59836,0.0000383,0.0000001,0.0000001
59837,0.0000383,0.0000001,0.0000001
59838,0.0000383,0.0000001,0.0000001
59839,0.0000383,0.0000001,0.0000001
59840,0.0000383,0.0000001,0.0000001
59841,0.0000383,0.0000001,0.0000001
59842,0.0000383,0.0000001,0.0000001
59843,0.0000383,0.0000001,0.0000001
59844,0.0000383,0.0000001,0.0000001
59845,0.0000383,0.0000001,0.0000001
59846,0.0000383,0.0000001,0.0000001
59847,0.0000383,0.0000001,0.0000001
59848,0.0000383,0.0000001,0.0000001
59849,0.0000383,0.0000001,0.0000001
59850,0.0000383,0.0000001,0.0000001
59851,0.0000383,0.0000001,0.0000001
59852,0.0000383,0.0000001,0.0000001
59853,0.0000383,0.0000001,0.0000001
59854,0.0000383,0.0000001,0.0000001
59855,0.0000383,0.0000001,0.0000001
59856,0.0000383,0.0000001,0.0000001
59857,0.0000383,0.0000001,0.0000001
59858,0.0000383,0.0000001,0.0000001
59859,0.0000383,0.0000001,0.0000001
59860,0.0000383,0.0000001,0.0000001
59861,0.0000383,0.0000001,0.0000001
59862,0.0000383,0.0000001,0.0000001
59863,0.0000383,0.0000001,0.0000001
59864,0.0000383,0.0000001,0.0000001
59865,0.0000383,0.0000001,0.0000001
59866,0.0000383,0.0000001,0.0000001
59867,0.0000383,0.0000001,0.0000001
59868,0.0000383,0.0000001,0.0000001
59869,0.0000383,0.0000001,0.0000001
59870,0.0000383,0.0000001,0.0000001
59871,0.0000383,0.0000001,0.0000001
59872,0.0000383,0.0000001,0.0000001
59873,0.0000383,0.0000001,0.0000001
59874,0.0000383,0.0000001,0.0000001
59875,0.0000383,0.0000001,0.0000001
59876,0.0000383,0.0000001,0.0000001
59877,0.0000383,0.0000001,0.0000001
59878,0.0000383,0.0000001,0.0000001
59879,0.0000383,0.0000001,0.0000001
59880,0.0000383,0.0000001,0.0000001
59881,0.0000383,0.0000001,0.0000001
59882,0.0000383,0.0000001,0.0000001
59883,0.0000383,0.0000001,0.0000001
59884,0.0000383,0.0000001,0.0000001
59885,0.0000383,0.0000001,0.0000001
59886,0.0000383,0.0000001,0.0000001
59887,0.0000383,0.0000001,0.0000001
59888,0.0000383,0.0000001,0.0000001
59889,0.0000383,0.0000001,0.0000001
59890,0.0000383,0.0000001,0.0000001
59891,0.0000383,0.0000001,0.0000001
59892,0.0000383,0.0000001,0.0000001
59893,0.0000383,0.0000001,0.0000001
59894,0.0000382,0.0000001,0.0000001
59895,0.0000382,0.0000001,0.0000001
59896,0.0000382,0.0000001,0.0000001
59897,0.0000382,0.0000001,0.0000001
59898,0.0000382,0.0000001,0.0000001
59899,0.0000382,0.0000001,0.0000001
59900,0.0000382,0.0000001,0.0000001
59901,0.0000382,0.0000001,0.0000001
59902,0.0000382,0.0000001,0.0000001
59903,0.0000382,0.0000001,0.0000001
59904,0.0000382,0.0000001,0.0000001
59905,0.0000382,0.0000001,0.0000001
59906,0.0000382,0.0000001,0.0000001
59907,0.0000382,0.0000001,0.0000001
59908,0.0000382,0.0000001,0.0000001
59909,0.0000382,0.0000001,0.0000001
59910,0.0000382,0.0000001,0.0000001
59911,0.0000382,0.0000001,0.0000001
59912,0.0000382,0.0000001,0.0000001
59913,0.0000382,0.0000001,0.0000001
59914,0.0000382,0.0000001,0.0000001
59915,0.0000382,0.0000001,0.0000001
59916,0.0000382,0.0000001,0.0000001
59917,0.0000382,0.0000001,0.0000001
59918,0.0000382,0.0000001,0.0000001
59919,0.0000382,0.0000001,0.0000001
59920,0.0000382,0.0000001,0.0000001
59921,0.0000382,0.0000001,0.0000001
59922,0.0000382,0.0000001,0.0000001
59923,0.0000382,0.0000001,0.0000001
59924,0.0000382,0.0000001,0.0000001
59925,0.0000382,0.0000001,0.0000001
59926,0.0000382,0.0000001,0.0000001
59927,0.0000382,0.0000001,0.0000001
59928,0.0000382,0.0000001,0.0000001
59929,0.0000382,0.0000001,0.0000001
59930,0.0000382,0.0000001,0.0000001
59931,0.0000382,0.0000001,0.0000001
59932,0.0000382,0.0000001,0.0000001
59933,0.0000382,0.0000001,0.0000001
59934,0.0000382,0.0000001,0.0000001
59935,0.0000382,0.0000001,0.0000001
59936,0.0000382,0.0000001,0.0000001
59937,0.0000382,0.0000001,0.0000001
59938,0.0000382,0.0000001,0.0000001
59939,0.0000382,0.0000001,0.0000001
59940,0.0000382,0.0000001,0.0000001
59941,0.0000382,0.0000001,0.0000001
59942,0.0000382,0.0000001,0.0000001
59943,0.0000382,0.0000001,0.0000001
59944,0.0000382,0.0000001,0.0000001
59945,0.0000382,0.0000001,0.0000001
59946,0.0000382,0.0000001,0.0000001
59947,0.0000382,0.0000001,0.0000001
59948,0.0000382,0.0000001,0.0000001
59949,0.0000382,0.0000001,0.0000001
59950,0.0000382,0.0000001,0.0000001
59951,0.0000382,0.0000001,0.0000001
59952,0.0000381,0.0000001,0.0000001
59953,0.0000381,0.0000001,0.0000001
59954,0.0000381,0.0000001,0.0000001
59955,0.0000381,0.0000001,0.0000001
59956,0.0000381,0.0000001,0.0000001
59957,0.0000381,0.0000001,0.0000001
59958,0.0000381,0.0000001,0.0000001
59959,0.0000381,0.0000001,0.0000001
59960,0.0000381,0.0000001,0.0000001
59961,0.0000381,0.0000001,0.0000001
59962,0.0000381,0.0000001,0.0000001
59963,0.0000381,0.0000001,0.0000001
59964,0.0000381,0.0000001,0.0000001
59965,0.0000381,0.0000001,0.0000001
59966,0.0000381,0.0000001,0.0000001
59967,0.0000381,0.0000001,0.0000001
59968,0.0000381,0.0000001,0.0000001
59969,0.0000381,0.0000001,0.0000001
59970,0.0000381,0.0000001,0.0000001
59971,0.0000381,0.0000001,0.0000001
59972,0.0000381,0.0000001,0.0000001
59973,0.0000381,0.0000001,0.0000001
59974,0.0000381,0.0000001,0.0000001
59975,0.0000381,0.0000001,0.0000001
59976,0.0000381,0.0000001,0.0000001
59977,0.0000381,0.0000001,0.0000001
59978,0.0000381,0.0000001,0.0000001
59979,0.0000381,0.0000001,0.0000001
59980,0.0000381,0.0000001,0.0000001
59981,0.0000381,0.0000001,0.0000001
59982,0.0000381,0.0000001,0.0000001
59983,0.0000381,0.0000001,0.0000001
59984,0.0000381,0.0000001,0.0000001
59985,0.0000381,0.0000001,0.0000001
59986,0.0000381,0.0000001,0.0000001
59987,0.0000381,0.0000001,0.0000001
59988,0.0000381,0.0000001,0.0000001
59989,0.0000381,0.0000001,0.0000001
59990,0.0000381,0.0000001,0.0000001
59991,0.0000381,0.0000001,0.0000001
59992,0.0000381,0.0000001,0.0000001
59993,0.0000381,0.0000001,0.0000001
59994,0.0000381,0.0000001,0.0000001
59995,0.0000381,0.0000001,0.0000001
59996,0.0000381,0.0000001,0.0000001
59997,0.0000381,0.0000001,0.0000001
59998,0.0000381,0.0000001,0.0000001
59999,0.0000381,0.0000001,0.0000001
60000,0.0000381,0.0000001,0.0000001
60001,0.0000381,0.0000001,0.0000001
60002,0.0000381,0.0000001,0.0000001
60003,0.0000381,0.0000001,0.0000001
60004,0.0000381,0.0000001,0.0000001
60005,0.0000381,0.0000001,0.0000001
60006,0.0000381,0.0000001,0.0000001
60007,0.0000381,0.0000001,0.0000001
60008,0.0000381,0.0000001,0.0000001
60009,0.0000381,0.0000001,0.0000001
60010,0.0000380,0.0000001,0.0000001
60011,0.0000380,0.0000001,0.0000001
60012,0.0000380,0.0000001,0.0000001
60013,0.0000380,0.0000001,0.0000001
60014,0.0000380,0.0000001,0.0000001
60015,0.0000380,0.0000001,0.0000001
60016,0.0000380,0.0000001,0.0000001
60017,0.0000380,0.0000001,0.0000001
60018,0.0000380,0.0000001,0.0000001
60019,0.0000380,0.0000001,0.0000001
60020,0.0000380,0.0000001,0.0000001
60021,0.0000380,0.0000001,0.0000001
60022,0.0000380,0.0000001,0.0000001
60023,0.0000380,0.0000001,0.0000001
60024,0.0000380,0.0000001,0.0000001
60025,0.0000380,0.0000001,0.0000001
60026,0.0000380,0.0000001,0.0000001
60027,0.0000380,0.0000001,0.0000001
60028,0.0000380,0.0000001,0.0000001
60029,0.0000380,0.0000001,0.0000001
60030,0.0000380,0.0000001,0.0000001
60031,0.0000380,0.0000001,0.0000001
60032,0.0000380,0.0000001,0.0000001
60033,0.0000380,0.0000001,0.0000001
60034,0.0000380,0.0000001,0.0000001
60035,0.0000380,0.0000001,0.0000001
60036,0.0000380,0.0000001,0.0000001
60037,0.0000380,0.0000001,0.0000001
60038,0.0000380,0.0000001,0.0000001
60039,0.0000380,0.0000001,0.0000001
60040,0.0000380,0.0000001,0.0000001
60041,0.0000380,0.0000001,0.0000001
60042,0.0000380,0.0000001,0.0000001
60043,0.0000380,0.0000001,0.0000001
60044,0.0000380,0.0000001,0.0000001
60045,0.0000380,0.0000001,0.0000001
60046,0.0000380,0.0000001,0.0000001
60047,0.0000380,0.0000001,0.0000001
60048,0.0000380,0.0000001,0.0000001
60049,0.0000380,0.0000001,0.0000001
60050,0.0000380,0.0000001,0.0000001
60051,0.0000380,0.0000001,0.0000001
60052,0.0000380,0.0000001,0.0000001
60053,0.0000380,0.0000001,0.0000001
60054,0.0000380,0.0000001,0.0000001
60055,0.0000380,0.0000001,0.0000001
60056,0.0000380,0.0000001,0.0000001
60057,0.0000380,0.0000001,0.0000001
60058,0.0000380,0.0000001,0.0000001
60059,0.0000380,0.0000001,0.0000001
60060,0.0000380,0.0000001,0.0000001
60061,0.0000380,0.0000001,0.0000001
60062,0.0000380,0.0000001,0.0000001
60063,0.0000380,0.0000001,0.0000001
60064,0.0000380,0.0000001,0.0000001
60065,0.0000380,0.0000001,0.0000001
60066,0.0000380,0.0000001,0.0000001
60067,0.0000380,0.0000001,0.0000001
60068,0.0000380,0.0000001,0.0000001
60069,0.0000379,0.0000001,0.0000001
60070,0.0000379,0.0000001,0.0000001
60071,0.0000379,0.0000001,0.0000001
60072,0.0000379,0.0000001,0.0000001
60073,0.0000379,0.0000001,0.0000001
60074,0.0000379,0.0000001,0.0000001
60075,0.0000379,0.0000001,0.0000001
60076,0.0000379,0.0000001,0.0000001
60077,0.0000379,0.0000001,0.0000001
60078,0.0000379,0.0000001,0.0000001
60079,0.0000379,0.0000001,0.0000001
60080,0.0000379,0.0000001,0.0000001
60081,0.0000379,0.0000001,0.0000001
60082,0.0000379,0.0000001,0.0000001
60083,0.0000379,0.0000001,0.0000001
60084,0.0000379,0.0000001,0.0000001
60085,0.0000379,0.0000001,0.0000001
60086,0.0000379,0.0000001,0.0000001
60087,0.0000379,0.0000001,0.0000001
60088,0.0000379,0.0000001,0.0000001
60089,0.0000379,0.0000001,0.0000001
60090,0.0000379,0.0000001,0.0000001
60091,0.0000379,0.0000001,0.0000001
60092,0.0000379,0.0000001,0.0000001
60093,0.0000379,0.0000001,0.0000001
60094,0.0000379,0.0000001,0.0000001
60095,0.0000379,0.0000001,0.0000001
60096,0.0000379,0.0000001,0.0000001
60097,0.0000379,0.0000001,0.0000001
60098,0.0000379,0.0000001,0.0000001
60099,0.0000379,0.0000001,0.0000001
60100,0.0000379,0.0000001,0.0000001
60101,0.0000379,0.0000001,0.0000001
60102,0.0000379,0.0000001,0.0000001
60103,0.0000379,0.0000001,0.0000001
60104,0.0000379,0.0000001,0.0000001
60105,0.0000379,0.0000001,0.0000001
60106,0.0000379,0.0000001,0.0000001
60107,0.0000379,0.0000001,0.0000001
60108,0.0000379,0.0000001,0.0000001
60109,0.0000379,0.0000001,0.0000001
60110,0.0000379,0.0000001,0.0000001
60111,0.0000379,0.0000001,0.0000001
60112,0.0000379,0.0000001,0.0000001
60113,0.0000379,0.0000001,0.0000001
60114,0.0000379,0.0000001,0.0000001
60115,0.0000379,0.0000001,0.0000001
60116,0.0000379,0.0000001,0.0000001
60117,0.0000379,0.0000001,0.0000001
60118,0.0000379,0.0000001,0.0000001
60119,0.0000379,0.0000001,0.0000001
60120,0.0000379,0.0000001,0.0000001
60121,0.0000379,0.0000001,0.0000001
60122,0.0000379,0.0000001,0.0000001
60123,0.0000379,0.0000001,0.0000001
60124,0.0000379,0.0000001,0.0000001
60125,0.0000379,0.0000001,0.0000001
60126,0.0000379,0.0000001,0.0000001
60127,0.0000378,0.0000001,0.0000001
60128,0.0000378,0.0000001,0.0000001
60129,0.0000378,0.0000001,0.0000001
60130,0.0000378,0.0000001,0.0000001
60131,0.0000378,0.0000001,0.0000001
60132,0.0000378,0.0000001,0.0000001
60133,0.0000378,0.0000001,0.0000001
60134,0.0000378,0.0000001,0.0000001
60135,0.0000378,0.0000001,0.0000001
60136,0.0000378,0.0000001,0.0000001
60137,0.0000378,0.0000001,0.0000001
60138,0.0000378,0.0000001,0.0000001
60139,0.0000378,0.0000001,0.0000001
60140,0.0000378,0.0000001,0.0000001
60141,0.0000378,0.0000001,0.0000001
60142,0.0000378,0.0000001,0.0000001
60143,0.0000378,0.0000001,0.0000001
60144,0.0000378,0.0000001,0.0000001
60145,0.0000378,0.0000001,0.0000001
60146,0.0000378,0.0000001,0.0000001
60147,0.0000378,0.0000001,0.0000001
60148,0.0000378,0.0000001,0.0000001
60149,0.0000378,0.0000001,0.0000001
60150,0.0000378,0.0000001,0.0000001
60151,0.0000378,0.0000001,0.0000001
60152,0.0000378,0.0000001,0.0000001
60153,0.0000378,0.0000001,0.0000001
60154,0.0000378,0.0000001,0.0000001
60155,0.0000378,0.0000001,0.0000001
60156,0.0000378,0.0000001,0.0000001
60157,0.0000378,0.0000001,0.0000001
60158,0.0000378,0.0000001,0.0000001
60159,0.0000378,0.0000001,0.0000001
60160,0.0000378,0.0000001,0.0000001
60161,0.0000378,0.0000001,0.0000001
60162,0.0000378,0.0000001,0.0000001
60163,0.0000378,0.0000001,0.0000001
60164,0.0000378,0.0000001,0.0000001
60165,0.0000378,0.0000001,0.0000001
60166,0.0000378,0.0000001,0.0000001
60167,0.0000378,0.0000001,0.0000001
60168,0.0000378,0.0000001,0.0000001
60169,0.0000378,0.0000001,0.0000001
60170,0.0000378,0.0000001,0.0000001
60171,0.0000378,0.0000001,0.0000001
60172,0.0000378,0.0000001,0.0000001
60173,0.0000378,0.0000001,0.0000001
60174,0.0000378,0.0000001,0.0000001
60175,0.0000378,0.0000001,0.0000001
60176,0.0000378,0.0000001,0.0000001
60177,0.0000378,0.0000001,0.0000001
60178,0.0000378,0.0000001,0.0000001
60179,0.0000378,0.0000001,0.0000001
60180,0.0000378,0.0000001,0.0000001
60181,0.0000378,0.0000001,0.0000001
60182,0.0000378,0.0000001,0.0000001
60183,0.0000378,0.0000001,0.0000001
60184,0.0000378,0.0000001,0.0000001
60185,0.0000378,0.0000001,0.0000001
60186,0.0000377,0.0000001,0.0000001
60187,0.0000377,0.0000001,0.0000001
60188,0.0000377,0.0000001,0.0000001
60189,0.0000377,0.0000001,0.0000001
60190,0.0000377,0.0000001,0.0000001
60191,0.0000377,0.0000001,0.0000001
60192,0.0000377,0.0000001,0.0000001
60193,0.0000377,0.0000001,0.0000001
60194,0.0000377,0.0000001,0.0000001
60195,0.0000377,0.0000001,0.0000001
60196,0.0000377,0.0000001,0.0000001
60197,0.0000377,0.0000001,0.0000001
60198,0.0000377,0.0000001,0.0000001
60199,0.0000377,0.0000001,0.0000001
60200,0.0000377,0.0000001,0.0000001
60201,0.0000377,0.0000001,0.0000001
60202,0.0000377,0.0000001,0.0000001
60203,0.0000377,0.0000001,0.0000001
60204,0.0000377,0.0000001,0.0000001
60205,0.0000377,0.0000001,0.0000001
60206,0.0000377,0.0000001,0.0000001
60207,0.0000377,0.0000001,0.0000001
60208,0.0000377,0.0000001,0.0000001
60209,0.0000377,0.0000001,0.0000001
60210,0.0000377,0.0000001,0.0000001
60211,0.0000377,0.0000001,0.0000001
60212,0.0000377,0.0000001,0.0000001
60213,0.0000377,0.0000001,0.0000001
60214,0.0000377,0.0000001,0.0000001
60215,0.0000377,0.0000001,0.0000001
60216,0.0000377,0.0000001,0.0000001
60217,0.0000377,0.0000001,0.0000001
60218,0.0000377,0.0000001,0.0000001
60219,0.0000377,0.0000001,0.0000001
60220,0.0000377,0.0000001,0.0000001
60221,0.0000377,0.0000001,0.0000001
60222,0.0000377,0.0000001,0.0000001
60223,0.0000377,0.0000001,0.0000001
60224,0.0000377,0.0000001,0.0000001
60225,0.0000377,0.0000001,0.0000001
60226,0.0000377,0.0000001,0.0000001
60227,0.0000377,0.0000001,0.0000001
60228,0.0000377,0.0000001,0.0000001
60229,0.0000377,0.0000001,0.0000001
60230,0.0000377,0.0000001,0.0000001
60231,0.0000377,0.0000001,0.0000001
60232,0.0000377,0.0000001,0.0000001
60233,0.0000377,0.0000001,0.0000001
60234,0.0000377,0.0000001,0.0000001
60235,0.0000377,0.0000001,0.0000001
60236,0.0000377,0.0000001,0.0000001
60237,0.0000377,0.0000001,0.0000001
60238,0.0000377,0.0000001,0.0000001
60239,0.0000377,0.0000001,0.0000001
60240,0.0000377,0.0000001,0.0000001
60241,0.0000377,0.0000001,0.0000001
60242,0.0000377,0.0000001,0.0000001
60243,0.0000377,0.0000001,0.0000001
60244,0.0000377,0.0000001,0.0000001
60245,0.0000376,0.0000001,0.0000001
60246,0.0000376,0.0000001,0.0000001
60247,0.0000376,0.0000001,0.0000001
60248,0.0000376,0.0000001,0.0000001
60249,0.0000376,0.0000001,0.0000001
60250,0.0000376,0.0000001,0.0000001
60251,0.0000376,0.0000001,0.0000001
60252,0.0000376,0.0000001,0.0000001
60253,0.0000376,0.0000001,0.0000001
60254,0.0000376,0.0000001,0.0000001
60255,0.0000376,0.0000001,0.0000001
60256,0.0000376,0.0000001,0.0000001
60257,0.0000376,0.0000001,0.0000001
60258,0.0000376,0.0000001,0.0000001
60259,0.0000376,0.0000001,0.0000001
60260,0.0000376,0.0000001,0.0000001
60261,0.0000376,0.0000001,0.0000001
60262,0.0000376,0.0000001,0.0000001
60263,0.0000376,0.0000001,0.0000001
60264,0.0000376,0.0000001,0.0000001
60265,0.0000376,0.0000001,0.0000001
60266,0.0000376,0.0000001,0.0000001
60267,0.0000376,0.0000001,0.0000001
60268,0.0000376,0.0000001,0.0000001
60269,0.0000376,0.0000001,0.0000001
60270,0.0000376,0.0000001,0.0000001
60271,0.0000376,0.0000001,0.0000001
60272,0.0000376,0.0000001,0.0000001
60273,0.0000376,0.0000001,0.0000001
60274,0.0000376,0.0000001,0.0000001
60275,0.0000376,0.0000001,0.0000001
60276,0.0000376,0.0000001,0.0000001
60277,0.0000376,0.0000001,0.0000001
60278,0.0000376,0.0000001,0.0000001
60279,0.0000376,0.0000001,0.0000001
60280,0.0000376,0.0000001,0.0000001
60281,0.0000376,0.0000001,0.0000001
60282,0.0000376,0.0000001,0.0000001
60283,0.0000376,0.0000001,0.0000001
60284,0.0000376,0.0000001,0.0000001
60285,0.0000376,0.0000001,0.0000001
60286,0.0000376,0.0000001,0.0000001
60287,0.0000376,0.0000001,0.0000001
60288,0.0000376,0.0000001,0.0000001
60289,0.0000376,0.0000001,0.0000001
60290,0.0000376,0.0000001,0.0000001
60291,0.0000376,0.0000001,0.0000001
60292,0.0000376,0.0000001,0.0000001
60293,0.0000376,0.0000001,0.0000001
60294,0.0000376,0.0000001,0.0000001
60295,0.0000376,0.0000001,0.0000001
60296,0.0000376,0.0000001,0.0000001
60297,0.0000376,0.0000001,0.0000001
60298,0.0000376,0.0000001,0.0000001
60299,0.0000376,0.0000001,0.0000001
60300,0.0000376,0.0000001,0.0000001
60301,0.0000376,0.0000001,0.0000001
60302,0.0000376,0.0000001,0.0000001
60303,0.0000375,0.0000001,0.0000001
60304,0.0000375,0.0000001,0.0000001
60305,0.0000375,0.0000001,0.0000001
60306,0.0000375,0.0000001,0.0000001
60307,0.0000375,0.0000001,0.0000001
60308,0.0000375,0.0000001,0.0000001
60309,0.0000375,0.0000001,0.0000001
60310,0.0000375,0.0000001,0.0000001
60311,0.0000375,0.0000001,0.0000001
60312,0.0000375,0.0000001,0.0000001
60313,0.0000375,0.0000001,0.0000001
60314,0.0000375,0.0000001,0.0000001
60315,0.0000375,0.0000001,0.0000001
60316,0.0000375,0.0000001,0.0000001
60317,0.0000375,0.0000001,0.0000001
60318,0.0000375,0.0000001,0.0000001
60319,0.0000375,0.0000001,0.0000001
60320,0.0000375,0.0000001,0.0000001
60321,0.0000375,0.0000001,0.0000001
60322,0.0000375,0.0000001,0.0000001
60323,0.0000375,0.0000001,0.0000001
60324,0.0000375,0.0000001,0.0000001
60325,0.0000375,0.0000001,0.0000001
60326,0.0000375,0.0000001,0.0000001
60327,0.0000375,0.0000001,0.0000001
60328,0.0000375,0.0000001,0.0000001
60329,0.0000375,0.0000001,0.0000001
60330,0.0000375,0.0000001,0.0000001
60331,0.0000375,0.0000001,0.0000001
60332,0.0000375,0.0000001,0.0000001
60333,0.0000375,0.0000001,0.0000001
60334,0.0000375,0.0000001,0.0000001
60335,0.0000375,0.0000001,0.0000001
60336,0.0000375,0.0000001,0.0000001
60337,0.0000375,0.0000001,0.0000001
60338,0.0000375,0.0000001,0.0000001
60339,0.0000375,0.0000001,0.0000001
60340,0.0000375,0.0000001,0.0000001
60341,0.0000375,0.0000001,0.0000001
60342,0.0000375,0.0000001,0.0000001
60343,0.0000375,0.0000001,0.0000001
60344,0.0000375,0.0000001,0.0000001
60345,0.0000375,0.0000001,0.0000001
60346,0.0000375,0.0000001,0.0000001
60347,0.0000375,0.0000001,0.0000001
60348,0.0000375,0.0000001,0.0000001
60349,0.0000375,0.0000001,0.0000001
60350,0.0000375,0.0000001,0.0000001
60351,0.0000375,0.0000001,0.0000001
60352,0.0000375,0.0000001,0.0000001
60353,0.0000375,0.0000001,0.0000001
60354,0.0000375,0.0000001,0.0000001
60355,0.0000375,0.0000001,0.0000001
60356,0.0000375,0.0000001,0.0000001
60357,0.0000375,0.0000001,0.0000001
60358,0.0000375,0.0000001,0.0000001
60359,0.0000375,0.0000001,0.0000001
60360,0.0000375,0.0000001,0.0000001
60361,0.0000375,0.0000001,0.0000001
60362,0.0000375,0.0000001,0.0000001
60363,0.0000374,0.0000001,0.0000001
60364,0.0000374,0.0000001,0.0000001
60365,0.0000374,0.0000001,0.0000001
60366,0.0000374,0.0000001,0.0000001
60367,0.0000374,0.0000001,0.0000001
60368,0.0000374,0.0000001,0.0000001
60369,0.0000374,0.0000001,0.0000001
60370,0.0000374,0.0000001,0.0000001
60371,0.0000374,0.0000001,0.0000001
60372,0.0000374,0.0000001,0.0000001
60373,0.0000374,0.0000001,0.0000001
60374,0.0000374,0.0000001,0.0000001
60375,0.0000374,0.0000001,0.0000001
60376,0.0000374,0.0000001,0.0000001
60377,0.0000374,0.0000001,0.0000001
60378,0.0000374,0.0000001,0.0000001
60379,0.0000374,0.0000001,0.0000001
60380,0.0000374,0.0000001,0.0000001
60381,0.0000374,0.0000001,0.0000001
60382,0.0000374,0.0000001,0.0000001
60383,0.0000374,0.0000001,0.0000001
60384,0.0000374,0.0000001,0.0000001
60385,0.0000374,0.0000001,0.0000001
60386,0.0000374,0.0000001,0.0000001
60387,0.0000374,0.0000001,0.0000001
60388,0.0000374,0.0000001,0.0000001
60389,0.0000374,0.0000001,0.0000001
60390,0.0000374,0.0000001,0.0000001
60391,0.0000374,0.0000001,0.0000001
60392,0.0000374,0.0000001,0.0000001
60393,0.0000374,0.0000001,0.0000001
60394,0.0000374,0.0000001,0.0000001
60395,0.0000374,0.0000001,0.0000001
60396,0.0000374,0.0000001,0.0000001
60397,0.0000374,0.0000001,0.0000001
60398,0.0000374,0.0000001,0.0000001
60399,0.0000374,0.0000001,0.0000001
60400,0.0000374,0.0000001,0.0000001
60401,0.0000374,0.0000001,0.0000001
60402,0.0000374,0.0000001,0.0000001
60403,0.0000374,0.0000001,0.0000001
60404,0.0000374,0.0000001,0.0000001
60405,0.0000374,0.0000001,0.0000001
60406,0.0000374,0.0000001,0.0000001
60407,0.0000374,0.0000001,0.0000001
60408,0.0000374,0.0000001,0.0000001
60409,0.0000374,0.0000001,0.0000001
60410,0.0000374,0.0000001,0.0000001
60411,0.0000374,0.0000001,0.0000001
60412,0.0000374,0.0000001,0.0000001
60413,0.0000374,0.0000001,0.0000001
60414,0.0000374,0.0000001,0.0000001
60415,0.0000374,0.0000001,0.0000001
60416,0.0000374,0.0000001,0.0000001
60417,0.0000374,0.0000001,0.0000001
60418,0.0000374,0.0000001,0.0000001
60419,0.0000374,0.0000001,0.0000001
60420,0.0000374,0.0000001,0.0000001
60421,0.0000374,0.0000001,0.0000001
60422,0.0000373,0.0000001,0.0000001
60423,0.0000373,0.0000001,0.0000001
60424,0.0000373,0.0000001,0.0000001
60425,0.0000373,0.0000001,0.0000001
60426,0.0000373,0.0000001,0.0000001
60427,0.0000373,0.0000001,0.0000001
60428,0.0000373,0.0000001,0.0000001
60429,0.0000373,0.0000001,0.0000001
60430,0.0000373,0.0000001,0.0000001
60431,0.0000373,0.0000001,0.0000001
60432,0.0000373,0.0000001,0.0000001
60433,0.0000373,0.0000001,0.0000001
60434,0.0000373,0.0000001,0.0000001
60435,0.0000373,0.0000001,0.0000001
60436,0.0000373,0.0000001,0.0000001
60437,0.0000373,0.0000001,0.0000001
60438,0.0000373,0.0000001,0.0000001
60439,0.0000373,0.0000001,0.0000001
60440,0.0000373,0.0000001,0.0000001
60441,0.0000373,0.0000001,0.0000001
60442,0.0000373,0.0000001,0.0000001
60443,0.0000373,0.0000001,0.0000001
60444,0.0000373,0.0000001,0.0000001
60445,0.0000373,0.0000001,0.0000001
60446,0.0000373,0.0000001,0.0000001
60447,0.0000373,0.0000001,0.0000001
60448,0.0000373,0.0000001,0.0000001
60449,0.0000373,0.0000001,0.0000001
60450,0.0000373,0.0000001,0.0000001
60451,0.0000373,0.0000001,0.0000001
60452,0.0000373,0.0000001,0.0000001
60453,0.0000373,0.0000001,0.0000001
60454,0.0000373,0.0000001,0.0000001
60455,0.0000373,0.0000001,0.0000001
60456,0.0000373,0.0000001,0.0000001
60457,0.0000373,0.0000001,0.0000001
60458,0.0000373,0.0000001,0.0000001
60459,0.0000373,0.0000001,0.0000001
60460,0.0000373,0.0000001,0.0000001
60461,0.0000373,0.0000001,0.0000001
60462,0.0000373,0.0000001,0.0000001
60463,0.0000373,0.0000001,0.0000001
60464,0.0000373,0.0000001,0.0000001
60465,0.0000373,0.0000001,0.0000001
60466,0.0000373,0.0000001,0.0000001
60467,0.0000373,0.0000001,0.0000001
60468,0.0000373,0.0000001,0.0000001
60469,0.0000373,0.0000001,0.0000001
60470,0.0000373,0.0000001,0.0000001
60471,0.0000373,0.0000001,0.0000001
60472,0.0000373,0.0000001,0.0000001
60473,0.0000373,0.0000001,0.0000001
60474,0.0000373,0.0000001,0.0000001
60475,0.0000373,0.0000001,0.0000001
60476,0.0000373,0.0000001,0.0000001
60477,0.0000373,0.0000001,0.0000001
60478,0.0000373,0.0000001,0.0000001
60479,0.0000373,0.0000001,0.0000001
60480,0.0000373,0.0000001,0.0000001
60481,0.0000372,0.0000001,0.0000001
60482,0.0000372,0.0000001,0.0000001
60483,0.0000372,0.0000001,0.0000001
60484,0.0000372,0.0000001,0.0000001
60485,0.0000372,0.0000001,0.0000001
60486,0.0000372,0.0000001,0.0000001
60487,0.0000372,0.0000001,0.0000001
60488,0.0000372,0.0000001,0.0000001
60489,0.0000372,0.0000001,0.0000001
60490,0.0000372,0.0000001,0.0000001
60491,0.0000372,0.0000001,0.0000001
60492,0.0000372,0.0000001,0.0000001
60493,0.0000372,0.0000001,0.0000001
60494,0.0000372,0.0000001,0.0000001
60495,0.0000372,0.0000001,0.0000001
60496,0.0000372,0.0000001,0.0000001
60497,0.0000372,0.0000001,0.0000001
60498,0.0000372,0.0000001,0.0000001
60499,0.0000372,0.0000001,0.0000001
60500,0.0000372,0.0000001,0.0000001
60501,0.0000372,0.0000001,0.0000001
60502,0.0000372,0.0000001,0.0000001
60503,0.0000372,0.0000001,0.0000001
60504,0.0000372,0.0000001,0.0000001
60505,0.0000372,0.0000001,0.0000001
60506,0.0000372,0.0000001,0.0000001
60507,0.0000372,0.0000001,0.0000001
60508,0.0000372,0.0000001,0.0000001
60509,0.0000372,0.0000001,0.0000001
60510,0.0000372,0.0000001,0.0000001
60511,0.0000372,0.0000001,0.0000001
60512,0.0000372,0.0000001,0.0000001
60513,0.0000372,0.0000001,0.0000001
60514,0.0000372,0.0000001,0.0000001
60515,0.0000372,0.0000001,0.0000001
60516,0.0000372,0.0000001,0.0000001
60517,0.0000372,0.0000001,0.0000001
60518,0.0000372,0.0000001,0.0000001
60519,0.0000372,0.0000001,0.0000001
60520,0.0000372,0.0000001,0.0000001
60521,0.0000372,0.0000001,0.0000001
60522,0.0000372,0.0000001,0.0000001
60523,0.0000372,0.0000001,0.0000001
60524,0.0000372,0.0000001,0.0000001
60525,0.0000372,0.0000001,0.0000001
60526,0.0000372,0.0000001,0.0000001
60527,0.0000372,0.0000001,0.0000001
60528,0.0000372,0.0000001,0.0000001
60529,0.0000372,0.0000001,0.0000001
60530,0.0000372,0.0000001,0.0000001
60531,0.0000372,0.0000001,0.0000001
60532,0.0000372,0.0000001,0.0000001
60533,0.0000372,0.0000001,0.0000001
60534,0.0000372,0.0000001,0.0000001
60535,0.0000372,0.0000001,0.0000001
60536,0.0000372,0.0000001,0.0000001
60537,0.0000372,0.0000001,0.0000001
60538,0.0000372,0.0000001,0.0000001
60539,0.0000372,0.0000001,0.0000001
60540,0.0000372,0.0000001,0.0000001
60541,0.0000371,0.0000001,0.0000001
60542,0.0000371,0.0000001,0.0000001
60543,0.0000371,0.0000001,0.0000001
60544,0.0000371,0.0000001,0.0000001
60545,0.0000371,0.0000001,0.0000001
60546,0.0000371,0.0000001,0.0000001
60547,0.0000371,0.0000001,0.0000001
60548,0.0000371,0.0000001,0.0000001
60549,0.0000371,0.0000001,0.0000001
60550,0.0000371,0.0000001,0.0000001
60551,0.0000371,0.0000001,0.0000001
60552,0.0000371,0.0000001,0.0000001
60553,0.0000371,0.0000001,0.0000001
60554,0.0000371,0.0000001,0.0000001
60555,0.0000371,0.0000001,0.0000001
60556,0.0000371,0.0000001,0.0000001
60557,0.0000371,0.0000001,0.0000001
60558,0.0000371,0.0000001,0.0000001
60559,0.0000371,0.0000001,0.0000001
60560,0.0000371,0.0000001,0.0000001
60561,0.0000371,0.0000001,0.0000001
60562,0.0000371,0.0000001,0.0000001
60563,0.0000371,0.0000001,0.0000001
60564,0.0000371,0.0000001,0.0000001
60565,0.0000371,0.0000001,0.0000001
60566,0.0000371,0.0000001,0.0000001
60567,0.0000371,0.0000001,0.0000001
60568,0.0000371,0.0000001,0.0000001
60569,0.0000371,0.0000001,0.0000001
60570,0.0000371,0.0000001,0.0000001
60571,0.0000371,0.0000001,0.0000001
60572,0.0000371,0.0000001,0.0000001
60573,0.0000371,0.0000001,0.0000001
60574,0.0000371,0.0000001,0.0000001
60575,0.0000371,0.0000001,0.0000001
60576,0.0000371,0.0000001,0.0000001
60577,0.0000371,0.0000001,0.0000001
60578,0.0000371,0.0000001,0.0000001
60579,0.0000371,0.0000001,0.0000001
60580,0.0000371,0.0000001,0.0000001
60581,0.0000371,0.0000001,0.0000001
60582,0.0000371,0.0000001,0.0000001
60583,0.0000371,0.0000001,0.0000001
60584,0.0000371,0.0000001,0.0000001
60585,0.0000371,0.0000001,0.0000001
60586,0.0000371,0.0000001,0.0000001
60587,0.0000371,0.0000001,0.0000001
60588,0.0000371,0.0000001,0.0000001
60589,0.0000371,0.0000001,0.0000001
60590,0.0000371,0.0000001,0.0000001
60591,0.0000371,0.0000001,0.0000001
60592,0.0000371,0.0000001,0.0000001
60593,0.0000371,0.0000001,0.0000001
60594,0.0000371,0.0000001,0.0000001
60595,0.0000371,0.0000001,0.0000001
60596,0.0000371,0.0000001,0.0000001
60597,0.0000371,0.0000001,0.0000001
60598,0.0000371,0.0000001,0.0000001
60599,0.0000371,0.0000001,0.0000001
60600,0.0000371,0.0000001,0.0000001
60601,0.0000370,0.0000001,0.0000001
60602,0.0000370,0.0000001,0.0000001
60603,0.0000370,0.0000001,0.0000001
60604,0.0000370,0.0000001,0.0000001
60605,0.0000370,0.0000001,0.0000001
60606,0.0000370,0.0000001,0.0000001
60607,0.0000370,0.0000001,0.0000001
60608,0.0000370,0.0000001,0.0000001
60609,0.0000370,0.0000001,0.0000001
60610,0.0000370,0.0000001,0.0000001
60611,0.0000370,0.0000001,0.0000001
60612,0.0000370,0.0000001,0.0000001
60613,0.0000370,0.0000001,0.0000001
60614,0.0000370,0.0000001,0.0000001
60615,0.0000370,0.0000001,0.0000001
60616,0.0000370,0.0000001,0.0000001
60617,0.0000370,0.0000001,0.0000001
60618,0.0000370,0.0000001,0.0000001
60619,0.0000370,0.0000001,0.0000001
60620,0.0000370,0.0000001,0.0000001
60621,0.0000370,0.0000001,0.0000001
60622,0.0000370,0.0000001,0.0000001
60623,0.0000370,0.0000001,0.0000001
60624,0.0000370,0.0000001,0.0000001
60625,0.0000370,0.0000001,0.0000001
60626,0.0000370,0.0000001,0.0000001
60627,0.0000370,0.0000001,0.0000001
60628,0.0000370,0.0000001,0.0000001
60629,0.0000370,0.0000001,0.0000001
60630,0.0000370,0.0000001,0.0000001
60631,0.0000370,0.0000001,0.0000001
60632,0.0000370,0.0000001,0.0000001
60633,0.0000370,0.0000001,0.0000001
60634,0.0000370,0.0000001,0.0000001
60635,0.0000370,0.0000001,0.0000001
60636,0.0000370,0.0000001,0.0000001
60637,0.0000370,0.0000001,0.0000001
60638,0.0000370,0.0000001,0.0000001
60639,0.0000370,0.0000001,0.0000001
60640,0.0000370,0.0000001,0.0000001
60641,0.0000370,0.0000001,0.0000001
60642,0.0000370,0.0000001,0.0000001
60643,0.0000370,0.0000001,0.0000001
60644,0.0000370,0.0000001,0.0000001
60645,0.0000370,0.0000001,0.0000001
60646,0.0000370,0.0000001,0.0000001
60647,0.0000370,0.0000001,0.0000001
60648,0.0000370,0.0000001,0.0000001
60649,0.0000370,0.0000001,0.0000001
60650,0.0000370,0.0000001,0.0000001
60651,0.0000370,0.0000001,0.0000001
60652,0.0000370,0.0000001,0.0000001
60653,0.0000370,0.0000001,0.0000001
60654,0.0000370,0.0000001,0.0000001
60655,0.0000370,0.0000001,0.0000001
60656,0.0000370,0.0000001,0.0000001
60657,0.0000370,0.0000001,0.0000001
60658,0.0000370,0.0000001,0.0000001
60659,0.0000370,0.0000001,0.0000001
60660,0.0000370,0.0000001,0.0000001
60661,0.0000369,0.0000001,0.0000001
60662,0.0000369,0.0000001,0.0000001
60663,0.0000369,0.0000001,0.0000001
60664,0.0000369,0.0000001,0.0000001
60665,0.0000369,0.0000001,0.0000001
60666,0.0000369,0.0000001,0.0000001
60667,0.0000369,0.0000001,0.0000001
60668,0.0000369,0.0000001,0.0000001
60669,0.0000369,0.0000001,0.0000001
60670,0.0000369,0.0000001,0.0000001
60671,0.0000369,0.0000001,0.0000001
60672,0.0000369,0.0000001,0.0000001
60673,0.0000369,0.0000001,0.0000001
60674,0.0000369,0.0000001,0.0000001
60675,0.0000369,0.0000001,0.0000001
60676,0.0000369,0.0000001,0.0000001
60677,0.0000369,0.0000001,0.0000001
60678,0.0000369,0.0000001,0.0000001
60679,0.0000369,0.0000001,0.0000001
60680,0.0000369,0.0000001,0.0000001
60681,0.0000369,0.0000001,0.0000001
60682,0.0000369,0.0000001,0.0000001
60683,0.0000369,0.0000001,0.0000001
60684,0.0000369,0.0000001,0.0000001
60685,0.0000369,0.0000001,0.0000001
60686,0.0000369,0.0000001,0.0000001
60687,0.0000369,0.0000001,0.0000001
60688,0.0000369,0.0000001,0.0000001
60689,0.0000369,0.0000001,0.0000001
60690,0.0000369,0.0000001,0.0000001
60691,0.0000369,0.0000001,0.0000001
60692,0.0000369,0.0000001,0.0000001
60693,0.0000369,0.0000001,0.0000001
60694,0.0000369,0.0000001,0.0000001
60695,0.0000369,0.0000001,0.0000001
60696,0.0000369,0.0000001,0.0000001
60697,0.0000369,0.0000001,0.0000001
60698,0.0000369,0.0000001,0.0000001
60699,0.0000369,0.0000001,0.0000001
60700,0.0000369,0.0000001,0.0000001
60701,0.0000369,0.0000001,0.0000001
60702,0.0000369,0.0000001,0.0000001
60703,0.0000369,0.0000001,0.0000001
60704,0.0000369,0.0000001,0.0000001
60705,0.0000369,0.0000001,0.0000001
60706,0.0000369,0.0000001,0.0000001
60707,0.0000369,0.0000001,0.0000001
60708,0.0000369,0.0000001,0.0000001
60709,0.0000369,0.0000001,0.0000001
60710,0.0000369,0.0000001,0.0000001
60711,0.0000369,0.0000001,0.0000001
60712,0.0000369,0.0000001,0.0000001
60713,0.0000369,0.0000001,0.0000001
60714,0.0000369,0.0000001,0.0000001
60715,0.0000369,0.0000001,0.0000001
60716,0.0000369,0.0000001,0.0000001
60717,0.0000369,0.0000001,0.0000001
60718,0.0000369,0.0000001,0.0000001
60719,0.0000369,0.0000001,0.0000001
60720,0.0000369,0.0000001,0.0000001
60721,0.0000368,0.0000001,0.0000001
60722,0.0000368,0.0000001,0.0000001
60723,0.0000368,0.0000001,0.0000001
60724,0.0000368,0.0000001,0.0000001
60725,0.0000368,0.0000001,0.0000001
60726,0.0000368,0.0000001,0.0000001
60727,0.0000368,0.0000001,0.0000001
60728,0.0000368,0.0000001,0.0000001
60729,0.0000368,0.0000001,0.0000001
60730,0.0000368,0.0000001,0.0000001
60731,0.0000368,0.0000001,0.0000001
60732,0.0000368,0.0000001,0.0000001
60733,0.0000368,0.0000001,0.0000001
60734,0.0000368,0.0000001,0.0000001
60735,0.0000368,0.0000001,0.0000001
60736,0.0000368,0.0000001,0.0000001
60737,0.0000368,0.0000001,0.0000001
60738,0.0000368,0.0000001,0.0000001
60739,0.0000368,0.0000001,0.0000001
60740,0.0000368,0.0000001,0.0000001
60741,0.0000368,0.0000001,0.0000001
60742,0.0000368,0.0000001,0.0000001
60743,0.0000368,0.0000001,0.0000001
60744,0.0000368,0.0000001,0.0000001
60745,0.0000368,0.0000001,0.0000001
60746,0.0000368,0.0000001,0.0000001
60747,0.0000368,0.0000001,0.0000001
60748,0.0000368,0.0000001,0.0000001
60749,0.0000368,0.0000001,0.0000001
60750,0.0000368,0.0000001,0.0000001
60751,0.0000368,0.0000001,0.0000001
60752,0.0000368,0.0000001,0.0000001
60753,0.0000368,0.0000001,0.0000001
60754,0.0000368,0.0000001,0.0000001
60755,0.0000368,0.0000001,0.0000001
60756,0.0000368,0.0000001,0.0000001
60757,0.0000368,0.0000001,0.0000001
60758,0.0000368,0.0000001,0.0000001
60759,0.0000368,0.0000001,0.0000001
60760,0.0000368,0.0000001,0.0000001
60761,0.0000368,0.0000001,0.0000001
60762,0.0000368,0.0000001,0.0000001
60763,0.0000368,0.0000001,0.0000001
60764,0.0000368,0.0000001,0.0000001
60765,0.0000368,0.0000001,0.0000001
60766,0.0000368,0.0000001,0.0000001
60767,0.0000368,0.0000001,0.0000001
60768,0.0000368,0.0000001,0.0000001
60769,0.0000368,0.0000001,0.0000001
60770,0.0000368,0.0000001,0.0000001
60771,0.0000368,0.0000001,0.0000001
60772,0.0000368,0.0000001,0.0000001
60773,0.0000368,0.0000001,0.0000001
60774,0.0000368,0.0000001,0.0000001
60775,0.0000368,0.0000001,0.0000001
60776,0.0000368,0.0000001,0.0000001
60777,0.0000368,0.0000001,0.0000001
60778,0.0000368,0.0000001,0.0000001
60779,0.0000368,0.0000001,0.0000001
60780,0.0000368,0.0000001,0.0000001
60781,0.0000367,0.0000001,0.0000001
60782,0.0000367,0.0000001,0.0000001
60783,0.0000367,0.0000001,0.0000001
60784,0.0000367,0.0000001,0.0000001
60785,0.0000367,0.0000001,0.0000001
60786,0.0000367,0.0000001,0.0000001
60787,0.0000367,0.0000001,0.0000001
60788,0.0000367,0.0000001,0.0000001
60789,0.0000367,0.0000001,0.0000001
60790,0.0000367,0.0000001,0.0000001
60791,0.0000367,0.0000001,0.0000001
60792,0.0000367,0.0000001,0.0000001
60793,0.0000367,0.0000001,0.0000001
60794,0.0000367,0.0000001,0.0000001
60795,0.0000367,0.0000001,0.0000001
60796,0.0000367,0.0000001,0.0000001
60797,0.0000367,0.0000001,0.0000001
60798,0.0000367,0.0000001,0.0000001
60799,0.0000367,0.0000001,0.0000001
60800,0.0000367,0.0000001,0.0000001
60801,0.0000367,0.0000001,0.0000001
60802,0.0000367,0.0000001,0.0000001
60803,0.0000367,0.0000001,0.0000001
60804,0.0000367,0.0000001,0.0000001
60805,0.0000367,0.0000001,0.0000001
60806,0.0000367,0.0000001,0.0000001
60807,0.0000367,0.0000001,0.0000001
60808,0.0000367,0.0000001,0.0000001
60809,0.0000367,0.0000001,0.0000001
60810,0.0000367,0.0000001,0.0000001
60811,0.0000367,0.0000001,0.0000001
60812,0.0000367,0.0000001,0.0000001
60813,0.0000367,0.0000001,0.0000001
60814,0.0000367,0.0000001,0.0000001
60815,0.0000367,0.0000001,0.0000001
60816,0.0000367,0.0000001,0.0000001
60817,0.0000367,0.0000001,0.0000001
60818,0.0000367,0.0000001,0.0000001
60819,0.0000367,0.0000001,0.0000001
60820,0.0000367,0.0000001,0.0000001
60821,0.0000367,0.0000001,0.0000001
60822,0.0000367,0.0000001,0.0000001
60823,0.0000367,0.0000001,0.0000001
60824,0.0000367,0.0000001,0.0000001
60825,0.0000367,0.0000001,0.0000001
60826,0.0000367,0.0000001,0.0000001
60827,0.0000367,0.0000001,0.0000001
60828,0.0000367,0.0000001,0.0000001
60829,0.0000367,0.0000001,0.0000001
60830,0.0000367,0.0000001,0.0000001
60831,0.0000367,0.0000001,0.0000001
60832,0.0000367,0.0000001,0.0000001
60833,0.0000367,0.0000001,0.0000001
60834,0.0000367,0.0000001,0.0000001
60835,0.0000367,0.0000001,0.0000001
60836,0.0000367,0.0000001,0.0000001
60837,0.0000367,0.0000001,0.0000001
60838,0.0000367,0.0000001,0.0000001
60839,0.0000367,0.0000001,0.0000001
60840,0.0000367,0.0000001,0.0000001
60841,0.0000367,0.0000001,0.0000001
60842,0.0000366,0.0000001,0.0000001
60843,0.0000366,0.0000001,0.0000001
60844,0.0000366,0.0000001,0.0000001
60845,0.0000366,0.0000001,0.0000001
60846,0.0000366,0.0000001,0.0000001
60847,0.0000366,0.0000001,0.0000001
60848,0.0000366,0.0000001,0.0000001
60849,0.0000366,0.0000001,0.0000001
60850,0.0000366,0.0000001,0.0000001
60851,0.0000366,0.0000001,0.0000001
60852,0.0000366,0.0000001,0.0000001
60853,0.0000366,0.0000001,0.0000001
60854,0.0000366,0.0000001,0.0000001
60855,0.0000366,0.0000001,0.0000001
60856,0.0000366,0.0000001,0.0000001
60857,0.0000366,0.0000001,0.0000001
60858,0.0000366,0.0000001,0.0000001
60859,0.0000366,0.0000001,0.0000001
60860,0.0000366,0.0000001,0.0000001
60861,0.0000366,0.0000001,0.0000001
60862,0.0000366,0.0000001,0.0000001
60863,0.0000366,0.0000001,0.0000001
60864,0.0000366,0.0000001,0.0000001
60865,0.0000366,0.0000001,0.0000001
60866,0.0000366,0.0000001,0.0000001
60867,0.0000366,0.0000001,0.0000001
60868,0.0000366,0.0000001,0.0000001
60869,0.0000366,0.0000001,0.0000001
60870,0.0000366,0.0000001,0.0000001
60871,0.0000366,0.0000001,0.0000001
60872,0.0000366,0.0000001,0.0000001
60873,0.0000366,0.0000001,0.0000001
60874,0.0000366,0.0000001,0.0000001
60875,0.0000366,0.0000001,0.0000001
60876,0.0000366,0.0000001,0.0000001
60877,0.0000366,0.0000001,0.0000001
60878,0.0000366,0.0000001,0.0000001
60879,0.0000366,0.0000001,0.0000001
60880,0.0000366,0.0000001,0.0000001
60881,0.0000366,0.0000001,0.0000001
60882,0.0000366,0.0000001,0.0000001
60883,0.0000366,0.0000001,0.0000001
60884,0.0000366,0.0000001,0.0000001
60885,0.0000366,0.0000001,0.0000001
60886,0.0000366,0.0000001,0.0000001
60887,0.0000366,0.0000001,0.0000001
60888,0.0000366,0.0000001,0.0000001
60889,0.0000366,0.0000001,0.0000001
60890,0.0000366,0.0000001,0.0000001
60891,0.0000366,0.0000001,0.0000001
60892,0.0000366,0.0000001,0.0000001
60893,0.0000366,0.0000001,0.0000001
60894,0.0000366,0.0000001,0.0000001
60895,0.0000366,0.0000001,0.0000001
60896,0.0000366,0.0000001,0.0000001
60897,0.0000366,0.0000001,0.0000001
60898,0.0000366,0.0000001,0.0000001
60899,0.0000366,0.0000001,0.0000001
60900,0.0000366,0.0000001,0.0000001
60901,0.0000366,0.0000001,0.0000001
60902,0.0000366,0.0000001,0.0000001
60903,0.0000365,0.0000001,0.0000001
60904,0.0000365,0.0000001,0.0000001
60905,0.0000365,0.0000001,0.0000001
60906,0.0000365,0.0000001,0.0000001
60907,0.0000365,0.0000001,0.0000001
60908,0.0000365,0.0000001,0.0000001
60909,0.0000365,0.0000001,0.0000001
60910,0.0000365,0.0000001,0.0000001
60911,0.0000365,0.0000001,0.0000001
60912,0.0000365,0.0000001,0.0000001
60913,0.0000365,0.0000001,0.0000001
60914,0.0000365,0.0000001,0.0000001
60915,0.0000365,0.0000001,0.0000001
60916,0.0000365,0.0000001,0.0000001
60917,0.0000365,0.0000001,0.0000001
60918,0.0000365,0.0000001,0.0000001
60919,0.0000365,0.0000001,0.0000001
60920,0.0000365,0.0000001,0.0000001
60921,0.0000365,0.0000001,0.0000001
60922,0.0000365,0.0000001,0.0000001
60923,0.0000365,0.0000001,0.0000001
60924,0.0000365,0.0000001,0.0000001
60925,0.0000365,0.0000001,0.0000001
60926,0.0000365,0.0000001,0.0000001
60927,0.0000365,0.0000001,0.0000001
60928,0.0000365,0.0000001,0.0000001
60929,0.0000365,0.0000001,0.0000001
60930,0.0000365,0.0000001,0.0000001
60931,0.0000365,0.0000001,0.0000001
60932,0.0000365,0.0000001,0.0000001
60933,0.0000365,0.0000001,0.0000001
60934,0.0000365,0.0000001,0.0000001
60935,0.0000365,0.0000001,0.0000001
60936,0.0000365,0.0000001,0.0000001
60937,0.0000365,0.0000001,0.0000001
60938,0.0000365,0.0000001,0.0000001
60939,0.0000365,0.0000001,0.0000001
60940,0.0000365,0.0000001,0.0000001
60941,0.0000365,0.0000001,0.0000001
60942,0.0000365,0.0000001,0.0000001
60943,0.0000365,0.0000001,0.0000001
60944,0.0000365,0.0000001,0.0000001
60945,0.0000365,0.0000001,0.0000001
60946,0.0000365,0.0000001,0.0000001
60947,0.0000365,0.0000001,0.0000001
60948,0.0000365,0.0000001,0.0000001
60949,0.0000365,0.0000001,0.0000001
60950,0.0000365,0.0000001,0.0000001
60951,0.0000365,0.0000001,0.0000001
60952,0.0000365,0.0000001,0.0000001
60953,0.0000365,0.0000001,0.0000001
60954,0.0000365,0.0000001,0.0000001
60955,0.0000365,0.0000001,0.0000001
60956,0.0000365,0.0000001,0.0000001
60957,0.0000365,0.0000001,0.0000001
60958,0.0000365,0.0000001,0.0000001
60959,0.0000365,0.0000001,0.0000001
60960,0.0000365,0.0000001,0.0000001
60961,0.0000365,0.0000001,0.0000001
60962,0.0000365,0.0000001,0.0000001
60963,0.0000365,0.0000001,0.0000001
60964,0.0000364,0.0000001,0.0000001
60965,0.0000364,0.0000001,0.0000001
60966,0.0000364,0.0000001,0.0000001
60967,0.0000364,0.0000001,0.0000001
60968,0.0000364,0.0000001,0.0000001
60969,0.0000364,0.0000001,0.0000001
60970,0.0000364,0.0000001,0.0000001
60971,0.0000364,0.0000001,0.0000001
60972,0.0000364,0.0000001,0.0000001
60973,0.0000364,0.0000001,0.0000001
60974,0.0000364,0.0000001,0.0000001
60975,0.0000364,0.0000001,0.0000001
60976,0.0000364,0.0000001,0.0000001
60977,0.0000364,0.0000001,0.0000001
60978,0.0000364,0.0000001,0.0000001
60979,0.0000364,0.0000001,0.0000001
60980,0.0000364,0.0000001,0.0000001
60981,0.0000364,0.0000001,0.0000001
60982,0.0000364,0.0000001,0.0000001
60983,0.0000364,0.0000001,0.0000001
60984,0.0000364,0.0000001,0.0000001
60985,0.0000364,0.0000001,0.0000001
60986,0.0000364,0.0000001,0.0000001
60987,0.0000364,0.0000001,0.0000001
60988,0.0000364,0.0000001,0.0000001
60989,0.0000364,0.0000001,0.0000001
60990,0.0000364,0.0000001,0.0000001
60991,0.0000364,0.0000001,0.0000001
60992,0.0000364,0.0000001,0.0000001
60993,0.0000364,0.0000001,0.0000001
60994,0.0000364,0.0000001,0.0000001
60995,0.0000364,0.0000001,0.0000001
60996,0.0000364,0.0000001,0.0000001
60997,0.0000364,0.0000001,0.0000001
60998,0.0000364,0.0000001,0.0000001
60999,0.0000364,0.0000001,0.0000001
61000,0.0000364,0.0000001,0.0000001
61001,0.0000364,0.0000001,0.0000001
61002,0.0000364,0.0000001,0.0000001
61003,0.0000364,0.0000001,0.0000001
61004,0.0000364,0.0000001,0.0000001
61005,0.0000364,0.0000001,0.0000001
61006,0.0000364,0.0000001,0.0000001
61007,0.0000364,0.0000001,0.0000001
61008,0.0000364,0.0000001,0.0000001
61009,0.0000364,0.0000001,0.0000001
61010,0.0000364,0.0000001,0.0000001
61011,0.0000364,0.0000001,0.0000001
61012,0.0000364,0.0000001,0.0000001
61013,0.0000364,0.0000001,0.0000001
61014,0.0000364,0.0000001,0.0000001
61015,0.0000364,0.0000001,0.0000001
61016,0.0000364,0.0000001,0.0000001
61017,0.0000364,0.0000001,0.0000001
61018,0.0000364,0.0000001,0.0000001
61019,0.0000364,0.0000001,0.0000001
61020,0.0000364,0.0000001,0.0000001
61021,0.0000364,0.0000001,0.0000001
61022,0.0000364,0.0000001,0.0000001
61023,0.0000364,0.0000001,0.0000001
61024,0.0000364,0.0000001,0.0000001
61025,0.0000363,0.0000001,0.0000001
61026,0.0000363,0.0000001,0.0000001
61027,0.0000363,0.0000001,0.0000001
61028,0.0000363,0.0000001,0.0000001
61029,0.0000363,0.0000001,0.0000001
61030,0.0000363,0.0000001,0.0000001
61031,0.0000363,0.0000001,0.0000001
61032,0.0000363,0.0000001,0.0000001
61033,0.0000363,0.0000001,0.0000001
61034,0.0000363,0.0000001,0.0000001
61035,0.0000363,0.0000001,0.0000001
61036,0.0000363,0.0000001,0.0000001
61037,0.0000363,0.0000001,0.0000001
61038,0.0000363,0.0000001,0.0000001
61039,0.0000363,0.0000001,0.0000001
61040,0.0000363,0.0000001,0.0000001
61041,0.0000363,0.0000001,0.0000001
61042,0.0000363,0.0000001,0.0000001
61043,0.0000363,0.0000001,0.0000001
61044,0.0000363,0.0000001,0.0000001
61045,0.0000363,0.0000001,0.0000001
61046,0.0000363,0.0000001,0.0000001
61047,0.0000363,0.0000001,0.0000001
61048,0.0000363,0.0000001,0.0000001
61049,0.0000363,0.0000001,0.0000001
61050,0.0000363,0.0000001,0.0000001
61051,0.0000363,0.0000001,0.0000001
61052,0.0000363,0.0000001,0.0000001
61053,0.0000363,0.0000001,0.0000001
61054,0.0000363,0.0000001,0.0000001
61055,0.0000363,0.0000001,0.0000001
61056,0.0000363,0.0000001,0.0000001
61057,0.0000363,0.0000001,0.0000001
61058,0.0000363,0.0000001,0.0000001
61059,0.0000363,0.0000001,0.0000001
61060,0.0000363,0.0000001,0.0000001
61061,0.0000363,0.0000001,0.0000001
61062,0.0000363,0.0000001,0.0000001
61063,0.0000363,0.0000001,0.0000001
61064,0.0000363,0.0000001,0.0000001
61065,0.0000363,0.0000001,0.0000001
61066,0.0000363,0.0000001,0.0000001
61067,0.0000363,0.0000001,0.0000001
61068,0.0000363,0.0000001,0.0000001
61069,0.0000363,0.0000001,0.0000001
61070,0.0000363,0.0000001,0.0000001
61071,0.0000363,0.0000001,0.0000001
61072,0.0000363,0.0000001,0.0000001
61073,0.0000363,0.0000001,0.0000001
61074,0.0000363,0.0000001,0.0000001
61075,0.0000363,0.0000001,0.0000001
61076,0.0000363,0.0000001,0.0000001
61077,0.0000363,0.0000001,0.0000001
61078,0.0000363,0.0000001,0.0000001
61079,0.0000363,0.0000001,0.0000001
61080,0.0000363,0.0000001,0.0000001
61081,0.0000363,0.0000001,0.0000001
61082,0.0000363,0.0000001,0.0000001
61083,0.0000363,0.0000001,0.0000001
61084,0.0000363,0.0000001,0.0000001
61085,0.0000363,0.0000001,0.0000001
61086,0.0000362,0.0000001,0.0000001
61087,0.0000362,0.0000001,0.0000001
61088,0.0000362,0.0000001,0.0000001
61089,0.0000362,0.0000001,0.0000001
61090,0.0000362,0.0000001,0.0000001
61091,0.0000362,0.0000001,0.0000001
61092,0.0000362,0.0000001,0.0000001
61093,0.0000362,0.0000001,0.0000001
61094,0.0000362,0.0000001,0.0000001
61095,0.0000362,0.0000001,0.0000001
61096,0.0000362,0.0000001,0.0000001
61097,0.0000362,0.0000001,0.0000001
61098,0.0000362,0.0000001,0.0000001
61099,0.0000362,0.0000001,0.0000001
61100,0.0000362,0.0000001,0.0000001
61101,0.0000362,0.0000001,0.0000001
61102,0.0000362,0.0000001,0.0000001
61103,0.0000362,0.0000001,0.0000001
61104,0.0000362,0.0000001,0.0000001
61105,0.0000362,0.0000001,0.0000001
61106,0.0000362,0.0000001,0.0000001
61107,0.0000362,0.0000001,0.0000001
61108,0.0000362,0.0000001,0.0000001
61109,0.0000362,0.0000001,0.0000001
61110,0.0000362,0.0000001,0.0000001
61111,0.0000362,0.0000001,0.0000001
61112,0.0000362,0.0000001,0.0000001
61113,0.0000362,0.0000001,0.0000001
61114,0.0000362,0.0000001,0.0000001
61115,0.0000362,0.0000001,0.0000001
61116,0.0000362,0.0000001,0.0000001
61117,0.0000362,0.0000001,0.0000001
61118,0.0000362,0.0000001,0.0000001
61119,0.0000362,0.0000001,0.0000001
61120,0.0000362,0.0000001,0.0000001
61121,0.0000362,0.0000001,0.0000001
61122,0.0000362,0.0000001,0.0000001
61123,0.0000362,0.0000001,0.0000001
61124,0.0000362,0.0000001,0.0000001
61125,0.0000362,0.0000001,0.0000001
61126,0.0000362,0.0000001,0.0000001
61127,0.0000362,0.0000001,0.0000001
61128,0.0000362,0.0000001,0.0000001
61129,0.0000362,0.0000001,0.0000001
61130,0.0000362,0.0000001,0.0000001
61131,0.0000362,0.0000001,0.0000001
61132,0.0000362,0.0000001,0.0000001
61133,0.0000362,0.0000001,0.0000001
61134,0.0000362,0.0000001,0.0000001
61135,0.0000362,0.0000001,0.0000001
61136,0.0000362,0.0000001,0.0000001
61137,0.0000362,0.0000001,0.0000001
61138,0.0000362,0.0000001,0.0000001
61139,0.0000362,0.0000001,0.0000001
61140,0.0000362,0.0000001,0.0000001
61141,0.0000362,0.0000001,0.0000001
61142,0.0000362,0.0000001,0.0000001
61143,0.0000362,0.0000001,0.0000001
61144,0.0000362,0.0000001,0.0000001
61145,0.0000362,0.0000001,0.0000001
61146,0.0000362,0.0000001,0.0000001
61147,0.0000362,0.0000001,0.0000001
61148,0.0000361,0.0000001,0.0000001
61149,0.0000361,0.0000001,0.0000001
61150,0.0000361,0.0000001,0.0000001
61151,0.0000361,0.0000001,0.0000001
61152,0.0000361,0.0000001,0.0000001
61153,0.0000361,0.0000001,0.0000001
61154,0.0000361,0.0000001,0.0000001
61155,0.0000361,0.0000001,0.0000001
61156,0.0000361,0.0000001,0.0000001
61157,0.0000361,0.0000001,0.0000001
61158,0.0000361,0.0000001,0.0000001
61159,0.0000361,0.0000001,0.0000001
61160,0.0000361,0.0000001,0.0000000
61161,0.0000361,0.0000001,0.0000000
61162,0.0000361,0.0000001,0.0000000
61163,0.0000361,0.0000001,0.0000000
61164,0.0000361,0.0000001,0.0000000
61165,0.0000361,0.0000001,0.0000000
61166,0.0000361,0.0000001,0.0000000
61167,0.0000361,0.0000001,0.0000000
61168,0.0000361,0.0000001,0.0000000
61169,0.0000361,0.0000001,0.0000000
61170,0.0000361,0.0000001,0.0000000
61171,0.0000361,0.0000001,0.0000000
61172,0.0000361,0.0000001,0.0000000
61173,0.0000361,0.0000001,0.0000000
61174,0.0000361,0.0000001,0.0000000
61175,0.0000361,0.0000001,0.0000000
61176,0.0000361,0.0000001,0.0000000
61177,0.0000361,0.0000001,0.0000000
61178,0.0000361,0.0000001,0.0000000
61179,0.0000361,0.0000001,0.0000000
61180,0.0000361,0.0000001,0.0000000
61181,0.0000361,0.0000001,0.0000000
61182,0.0000361,0.0000001,0.0000000
61183,0.0000361,0.0000001,0.0000000
61184,0.0000361,0.0000001,0.0000000
61185,0.0000361,0.0000001,0.0000000
61186,0.0000361,0.0000001,0.0000000
61187,0.0000361,0.0000001,0.0000000
61188,0.0000361,0.0000001,0.0000000
61189,0.0000361,0.0000001,0.0000000
61190,0.0000361,0.0000001,0.0000000
61191,0.0000361,0.0000001,0.0000000
61192,0.0000361,0.0000001,0.0000000
61193,0.0000361,0.0000001,0.0000000
61194,0.0000361,0.0000001,0.0000000
61195,0.0000361,0.0000001,0.0000000
61196,0.0000361,0.0000001,0.0000000
61197,0.0000361,0.0000001,0.0000000
61198,0.0000361,0.0000001,0.0000000
61199,0.0000361,0.0000001,0.0000000
61200,0.0000361,0.0000001,0.0000000
61201,0.0000361,0.0000001,0.0000000
61202,0.0000361,0.0000001,0.0000000
61203,0.0000361,0.0000001,0.0000000
61204,0.0000361,0.0000001,0.0000000
61205,0.0000361,0.0000001,0.0000000
61206,0.0000361,0.0000001,0.0000000
61207,0.0000361,0.0000001,0.0000000
61208,0.0000361,0.0000001,0.0000000
61209,0.0000361,0.0000001,0.0000000
61210,0.0000360,0.0000001,0.0000000
61211,0.0000360,0.0000001,0.0000000
61212,0.0000360,0.0000001,0.0000000
61213,0.0000360,0.0000001,0.0000000
61214,0.0000360,0.0000001,0.0000000
61215,0.0000360,0.0000001,0.0000000
61216,0.0000360,0.0000001,0.0000000
61217,0.0000360,0.0000001,0.0000000
61218,0.0000360,0.0000001,0.0000000
61219,0.0000360,0.0000001,0.0000000
61220,0.0000360,0.0000001,0.0000000
61221,0.0000360,0.0000001,0.0000000
61222,0.0000360,0.0000001,0.0000000
61223,0.0000360,0.0000001,0.0000000
61224,0.0000360,0.0000001,0.0000000
61225,0.0000360,0.0000001,0.0000000
61226,0.0000360,0.0000001,0.0000000
61227,0.0000360,0.0000001,0.0000000
61228,0.0000360,0.0000001,0.0000000
61229,0.0000360,0.0000001,0.0000000
61230,0.0000360,0.0000001,0.0000000
61231,0.0000360,0.0000001,0.0000000
61232,0.0000360,0.0000001,0.0000000
61233,0.0000360,0.0000001,0.0000000
61234,0.0000360,0.0000001,0.0000000
61235,0.0000360,0.0000001,0.0000000
61236,0.0000360,0.0000001,0.0000000
61237,0.0000360,0.0000001,0.0000000
61238,0.0000360,0.0000001,0.0000000
61239,0.0000360,0.0000001,0.0000000
61240,0.0000360,0.0000001,0.0000000
61241,0.0000360,0.0000001,0.0000000
61242,0.0000360,0.0000001,0.0000000
61243,0.0000360,0.0000001,0.0000000
61244,0.0000360,0.0000001,0.0000000
61245,0.0000360,0.0000001,0.0000000
61246,0.0000360,0.0000001,0.0000000
61247,0.0000360,0.0000001,0.0000000
61248,0.0000360,0.0000001,0.0000000
61249,0.0000360,0.0000001,0.0000000
61250,0.0000360,0.0000001,0.0000000
61251,0.0000360,0.0000001,0.0000000
61252,0.0000360,0.0000001,0.0000000
61253,0.0000360,0.0000001,0.0000000
61254,0.0000360,0.0000001,0.0000000
61255,0.0000360,0.0000001,0.0000000
61256,0.0000360,0.0000001,0.0000000
61257,0.0000360,0.0000001,0.0000000
61258,0.0000360,0.0000001,0.0000000
61259,0.0000360,0.0000001,0.0000000
61260,0.0000360,0.0000001,0.0000000
61261,0.0000360,0.0000001,0.0000000
61262,0.0000360,0.0000001,0.0000000
61263,0.0000360,0.0000001,0.0000000
61264,0.0000360,0.0000001,0.0000000
61265,0.0000360,0.0000001,0.0000000
61266,0.0000360,0.0000001,0.0000000
61267,0.0000360,0.0000001,0.0000000
61268,0.0000360,0.0000001,0.0000000
61269,0.0000360,0.0000001,0.0000000
61270,0.0000360,0.0000001,0.0000000
61271,0.0000359,0.0000001,0.0000000
61272,0.0000359,0.0000001,0.0000000
61273,0.0000359,0.0000001,0.0000000
61274,0.0000359,0.0000001,0.0000000
61275,0.0000359,0.0000001,0.0000000
61276,0.0000359,0.0000001,0.0000000
61277,0.0000359,0.0000001,0.0000000
61278,0.0000359,0.0000001,0.0000000
61279,0.0000359,0.0000001,0.0000000
61280,0.0000359,0.0000001,0.0000000
61281,0.0000359,0.0000001,0.0000000
61282,0.0000359,0.0000001,0.0000000
61283,0.0000359,0.0000001,0.0000000
61284,0.0000359,0.0000001,0.0000000
61285,0.0000359,0.0000001,0.0000000
61286,0.0000359,0.0000001,0.0000000
61287,0.0000359,0.0000001,0.0000000
61288,0.0000359,0.0000001,0.0000000
61289,0.0000359,0.0000001,0.0000000
61290,0.0000359,0.0000001,0.0000000
61291,0.0000359,0.0000001,0.0000000
61292,0.0000359,0.0000001,0.0000000
61293,0.0000359,0.0000001,0.0000000
61294,0.0000359,0.0000001,0.0000000
61295,0.0000359,0.0000001,0.0000000
61296,0.0000359,0.0000001,0.0000000
61297,0.0000359,0.0000001,0.0000000
61298,0.0000359,0.0000001,0.0000000
61299,0.0000359,0.0000001,0.0000000
61300,0.0000359,0.0000001,0.0000000
61301,0.0000359,0.0000001,0.0000000
61302,0.0000359,0.0000001,0.0000000
61303,0.0000359,0.0000001,0.0000000
61304,0.0000359,0.0000001,0.0000000
61305,0.0000359,0.0000001,0.0000000
61306,0.0000359,0.0000001,0.0000000
61307,0.0000359,0.0000001,0.0000000
61308,0.0000359,0.0000001,0.0000000
61309,0.0000359,0.0000001,0.0000000
61310,0.0000359,0.0000001,0.0000000
61311,0.0000359,0.0000001,0.0000000
61312,0.0000359,0.0000001,0.0000000
61313,0.0000359,0.0000001,0.0000000
61314,0.0000359,0.0000001,0.0000000
61315,0.0000359,0.0000001,0.0000000
61316,0.0000359,0.0000001,0.0000000
61317,0.0000359,0.0000001,0.0000000
61318,0.0000359,0.0000001,0.0000000
61319,0.0000359,0.0000001,0.0000000
61320,0.0000359,0.0000001,0.0000000
61321,0.0000359,0.0000001,0.0000000
61322,0.0000359,0.0000001,0.0000000
61323,0.0000359,0.0000001,0.0000000
61324,0.0000359,0.0000001,0.0000000
61325,0.0000359,0.0000001,0.0000000
61326,0.0000359,0.0000001,0.0000000
61327,0.0000359,0.0000001,0.0000000
61328,0.0000359,0.0000001,0.0000000
61329,0.0000359,0.0000001,0.0000000
61330,0.0000359,0.0000001,0.0000000
61331,0.0000359,0.0000001,0.0000000
61332,0.0000359,0.0000001,0.0000000
61333,0.0000359,0.0000001,0.0000000
61334,0.0000358,0.0000001,0.0000000
61335,0.0000358,0.0000001,0.0000000
61336,0.0000358,0.0000001,0.0000000
61337,0.0000358,0.0000001,0.0000000
61338,0.0000358,0.0000001,0.0000000
61339,0.0000358,0.0000001,0.0000000
61340,0.0000358,0.0000001,0.0000000
61341,0.0000358,0.0000001,0.0000000
61342,0.0000358,0.0000001,0.0000000
61343,0.0000358,0.0000001,0.0000000
61344,0.0000358,0.0000001,0.0000000
61345,0.0000358,0.0000001,0.0000000
61346,0.0000358,0.0000001,0.0000000
61347,0.0000358,0.0000001,0.0000000
61348,0.0000358,0.0000001,0.0000000
61349,0.0000358,0.0000001,0.0000000
61350,0.0000358,0.0000001,0.0000000
61351,0.0000358,0.0000001,0.0000000
61352,0.0000358,0.0000001,0.0000000
61353,0.0000358,0.0000001,0.0000000
61354,0.0000358,0.0000001,0.0000000
61355,0.0000358,0.0000001,0.0000000
61356,0.0000358,0.0000001,0.0000000
61357,0.0000358,0.0000001,0.0000000
61358,0.0000358,0.0000001,0.0000000
61359,0.0000358,0.0000001,0.0000000
61360,0.0000358,0.0000001,0.0000000
61361,0.0000358,0.0000001,0.0000000
61362,0.0000358,0.0000001,0.0000000
61363,0.0000358,0.0000001,0.0000000
61364,0.0000358,0.0000001,0.0000000
61365,0.0000358,0.0000001,0.0000000
61366,0.0000358,0.0000001,0.0000000
61367,0.0000358,0.0000001,0.0000000
61368,0.0000358,0.0000001,0.0000000
61369,0.0000358,0.0000001,0.0000000
61370,0.0000358,0.0000001,0.0000000
61371,0.0000358,0.0000001,0.0000000
61372,0.0000358,0.0000001,0.0000000
61373,0.0000358,0.0000001,0.0000000
61374,0.0000358,0.0000001,0.0000000
61375,0.0000358,0.0000001,0.0000000
61376,0.0000358,0.0000001,0.0000000
61377,0.0000358,0.0000001,0.0000000
61378,0.0000358,0.0000001,0.0000000
61379,0.0000358,0.0000001,0.0000000
61380,0.0000358,0.0000001,0.0000000
61381,0.0000358,0.0000001,0.0000000
61382,0.0000358,0.0000001,0.0000000
61383,0.0000358,0.0000001,0.0000000
61384,0.0000358,0.0000001,0.0000000
61385,0.0000358,0.0000001,0.0000000
61386,0.0000358,0.0000001,0.0000000
61387,0.0000358,0.0000001,0.0000000
61388,0.0000358,0.0000001,0.0000000
61389,0.0000358,0.0000001,0.0000000
61390,0.0000358,0.0000001,0.0000000
61391,0.0000358,0.0000001,0.0000000
61392,0.0000358,0.0000001,0.0000000
61393,0.0000358,0.0000001,0.0000000
61394,0.0000358,0.0000001,0.0000000
61395,0.0000358,0.0000001,0.0000000
61396,0.0000357,0.0000001,0.0000000
61397,0.0000357,0.0000001,0.0000000
61398,0.0000357,0.0000001,0.0000000
61399,0.0000357,0.0000001,0.0000000
61400,0.0000357,0.0000001,0.0000000
61401,0.0000357,0.0000001,0.0000000
61402,0.0000357,0.0000001,0.0000000
61403,0.0000357,0.0000001,0.0000000
61404,0.0000357,0.0000001,0.0000000
61405,0.0000357,0.0000001,0.0000000
61406,0.0000357,0.0000001,0.0000000
61407,0.0000357,0.0000001,0.0000000
61408,0.0000357,0.0000001,0.0000000
61409,0.0000357,0.0000001,0.0000000
61410,0.0000357,0.0000001,0.0000000
61411,0.0000357,0.0000001,0.0000000
61412,0.0000357,0.0000001,0.0000000
61413,0.0000357,0.0000001,0.0000000
61414,0.0000357,0.0000001,0.0000000
61415,0.0000357,0.0000001,0.0000000
61416,0.0000357,0.0000001,0.0000000
61417,0.0000357,0.0000001,0.0000000
61418,0.0000357,0.0000001,0.0000000
61419,0.0000357,0.0000001,0.0000000
61420,0.0000357,0.0000001,0.0000000
61421,0.0000357,0.0000001,0.0000000
61422,0.0000357,0.0000001,0.0000000
61423,0.0000357,0.0000001,0.0000000
61424,0.0000357,0.0000001,0.0000000
61425,0.0000357,0.0000001,0.0000000
61426,0.0000357,0.0000001,0.0000000
61427,0.0000357,0.0000001,0.0000000
61428,0.0000357,0.0000001,0.0000000
61429,0.0000357,0.0000001,0.0000000
61430,0.0000357,0.0000001,0.0000000
61431,0.0000357,0.0000001,0.0000000
61432,0.0000357,0.0000001,0.0000000
61433,0.0000357,0.0000001,0.0000000
61434,0.0000357,0.0000001,0.0000000
61435,0.0000357,0.0000001,0.0000000
61436,0.0000357,0.0000001,0.0000000
61437,0.0000357,0.0000001,0.0000000
61438,0.0000357,0.0000001,0.0000000
61439,0.0000357,0.0000001,0.0000000
61440,0.0000357,0.0000001,0.0000000
61441,0.0000357,0.0000001,0.0000000
61442,0.0000357,0.0000001,0.0000000
61443,0.0000357,0.0000001,0.0000000
61444,0.0000357,0.0000001,0.0000000
61445,0.0000357,0.0000001,0.0000000
61446,0.0000357,0.0000001,0.0000000
61447,0.0000357,0.0000001,0.0000000
61448,0.0000357,0.0000001,0.0000000
61449,0.0000357,0.0000001,0.0000000
61450,0.0000357,0.0000001,0.0000000
61451,0.0000357,0.0000001,0.0000000
61452,0.0000357,0.0000001,0.0000000
61453,0.0000357,0.0000001,0.0000000
61454,0.0000357,0.0000001,0.0000000
61455,0.0000357,0.0000001,0.0000000
61456,0.0000357,0.0000001,0.0000000
61457,0.0000357,0.0000001,0.0000000
61458,0.0000357,0.0000001,0.0000000
61459,0.0000356,0.0000001,0.0000000
61460,0.0000356,0.0000001,0.0000000
61461,0.0000356,0.0000001,0.0000000
61462,0.0000356,0.0000001,0.0000000
61463,0.0000356,0.0000001,0.0000000
61464,0.0000356,0.0000001,0.0000000
61465,0.0000356,0.0000001,0.0000000
61466,0.0000356,0.0000001,0.0000000
61467,0.0000356,0.0000001,0.0000000
61468,0.0000356,0.0000001,0.0000000
61469,0.0000356,0.0000001,0.0000000
61470,0.0000356,0.0000001,0.0000000
61471,0.0000356,0.0000001,0.0000000
61472,0.0000356,0.0000001,0.0000000
61473,0.0000356,0.0000001,0.0000000
61474,0.0000356,0.0000001,0.0000000
61475,0.0000356,0.0000001,0.0000000
61476,0.0000356,0.0000001,0.0000000
61477,0.0000356,0.0000001,0.0000000
61478,0.0000356,0.0000001,0.0000000
61479,0.0000356,0.0000001,0.0000000
61480,0.0000356,0.0000001,0.0000000
61481,0.0000356,0.0000001,0.0000000
61482,0.0000356,0.0000001,0.0000000
61483,0.0000356,0.0000001,0.0000000
61484,0.0000356,0.0000001,0.0000000
61485,0.0000356,0.0000001,0.0000000
61486,0.0000356,0.0000001,0.0000000
61487,0.0000356,0.0000001,0.0000000
61488,0.0000356,0.0000001,0.0000000
61489,0.0000356,0.0000001,0.0000000
61490,0.0000356,0.0000001,0.0000000
61491,0.0000356,0.0000001,0.0000000
61492,0.0000356,0.0000001,0.0000000
61493,0.0000356,0.0000001,0.0000000
61494,0.0000356,0.0000001,0.0000000
61495,0.0000356,0.0000001,0.0000000
61496,0.0000356,0.0000001,0.0000000
61497,0.0000356,0.0000001,0.0000000
61498,0.0000356,0.0000001,0.0000000
61499,0.0000356,0.0000001,0.0000000
61500,0.0000356,0.0000001,0.0000000
61501,0.0000356,0.0000001,0.0000000
61502,0.0000356,0.0000001,0.0000000
61503,0.0000356,0.0000001,0.0000000
61504,0.0000356,0.0000001,0.0000000
61505,0.0000356,0.0000001,0.0000000
61506,0.0000356,0.0000001,0.0000000
61507,0.0000356,0.0000001,0.0000000
61508,0.0000356,0.0000001,0.0000000
61509,0.0000356,0.0000001,0.0000000
61510,0.0000356,0.0000001,0.0000000
61511,0.0000356,0.0000001,0.0000000
61512,0.0000356,0.0000001,0.0000000
61513,0.0000356,0.0000001,0.0000000
61514,0.0000356,0.0000001,0.0000000
61515,0.0000356,0.0000001,0.0000000
61516,0.0000356,0.0000001,0.0000000
61517,0.0000356,0.0000001,0.0000000
61518,0.0000356,0.0000001,0.0000000
61519,0.0000356,0.0000001,0.0000000
61520,0.0000356,0.0000001,0.0000000
61521,0.0000355,0.0000001,0.0000000
61522,0.0000355,0.0000001,0.0000000
61523,0.0000355,0.0000001,0.0000000
61524,0.0000355,0.0000001,0.0000000
61525,0.0000355,0.0000001,0.0000000
61526,0.0000355,0.0000001,0.0000000
61527,0.0000355,0.0000001,0.0000000
61528,0.0000355,0.0000001,0.0000000
61529,0.0000355,0.0000001,0.0000000
61530,0.0000355,0.0000001,0.0000000
61531,0.0000355,0.0000001,0.0000000
61532,0.0000355,0.0000001,0.0000000
61533,0.0000355,0.0000001,0.0000000
61534,0.0000355,0.0000001,0.0000000
61535,0.0000355,0.0000001,0.0000000
61536,0.0000355,0.0000001,0.0000000
61537,0.0000355,0.0000001,0.0000000
61538,0.0000355,0.0000001,0.0000000
61539,0.0000355,0.0000001,0.0000000
61540,0.0000355,0.0000001,0.0000000
61541,0.0000355,0.0000001,0.0000000
61542,0.0000355,0.0000001,0.0000000
61543,0.0000355,0.0000001,0.0000000
61544,0.0000355,0.0000001,0.0000000
61545,0.0000355,0.0000001,0.0000000
61546,0.0000355,0.0000001,0.0000000
61547,0.0000355,0.0000001,0.0000000
61548,0.0000355,0.0000001,0.0000000
61549,0.0000355,0.0000001,0.0000000
61550,0.0000355,0.0000001,0.0000000
61551,0.0000355,0.0000001,0.0000000
61552,0.0000355,0.0000001,0.0000000
61553,0.0000355,0.0000001,0.0000000
61554,0.0000355,0.0000001,0.0000000
61555,0.0000355,0.0000001,0.0000000
61556,0.0000355,0.0000001,0.0000000
61557,0.0000355,0.0000001,0.0000000
61558,0.0000355,0.0000001,0.0000000
61559,0.0000355,0.0000001,0.0000000
61560,0.0000355,0.0000001,0.0000000
61561,0.0000355,0.0000001,0.0000000
61562,0.0000355,0.0000001,0.0000000
61563,0.0000355,0.0000001,0.0000000
61564,0.0000355,0.0000001,0.0000000
61565,0.0000355,0.0000001,0.0000000
61566,0.0000355,0.0000001,0.0000000
61567,0.0000355,0.0000001,0.0000000
61568,0.0000355,0.0000001,0.0000000
61569,0.0000355,0.0000001,0.0000000
61570,0.0000355,0.0000001,0.0000000
61571,0.0000355,0.0000001,0.0000000
61572,0.0000355,0.0000001,0.0000000
61573,0.0000355,0.0000001,0.0000000
61574,0.0000355,0.0000001,0.0000000
61575,0.0000355,0.0000001,0.0000000
61576,0.0000355,0.0000001,0.0000000
61577,0.0000355,0.0000001,0.0000000
61578,0.0000355,0.0000001,0.0000000
61579,0.0000355,0.0000001,0.0000000
61580,0.0000355,0.0000001,0.0000000
61581,0.0000355,0.0000001,0.0000000
61582,0.0000355,0.0000001,0.0000000
61583,0.0000355,0.0000001,0.0000000
61584,0.0000354,0.0000001,0.0000000
61585,0.0000354,0.0000001,0.0000000
61586,0.0000354,0.0000001,0.0000000
61587,0.0000354,0.0000001,0.0000000
61588,0.0000354,0.0000001,0.0000000
61589,0.0000354,0.0000001,0.0000000
61590,0.0000354,0.0000001,0.0000000
61591,0.0000354,0.0000001,0.0000000
61592,0.0000354,0.0000001,0.0000000
61593,0.0000354,0.0000001,0.0000000
61594,0.0000354,0.0000001,0.0000000
61595,0.0000354,0.0000001,0.0000000
61596,0.0000354,0.0000001,0.0000000
61597,0.0000354,0.0000001,0.0000000
61598,0.0000354,0.0000001,0.0000000
61599,0.0000354,0.0000001,0.0000000
61600,0.0000354,0.0000001,0.0000000
61601,0.0000354,0.0000001,0.0000000
61602,0.0000354,0.0000001,0.0000000
61603,0.0000354,0.0000001,0.0000000
61604,0.0000354,0.0000001,0.0000000
61605,0.0000354,0.0000001,0.0000000
61606,0.0000354,0.0000001,0.0000000
61607,0.0000354,0.0000001,0.0000000
61608,0.0000354,0.0000001,0.0000000
61609,0.0000354,0.0000001,0.0000000
61610,0.0000354,0.0000001,0.0000000
61611,0.0000354,0.0000001,0.0000000
61612,0.0000354,0.0000001,0.0000000
61613,0.0000354,0.0000001,0.0000000
61614,0.0000354,0.0000001,0.0000000
61615,0.0000354,0.0000001,0.0000000
61616,0.0000354,0.0000001,0.0000000
61617,0.0000354,0.0000001,0.0000000
61618,0.0000354,0.0000001,0.0000000
61619,0.0000354,0.0000001,0.0000000
61620,0.0000354,0.0000001,0.0000000
61621,0.0000354,0.0000001,0.0000000
61622,0.0000354,0.0000001,0.0000000
61623,0.0000354,0.0000001,0.0000000
61624,0.0000354,0.0000001,0.0000000
61625,0.0000354,0.0000001,0.0000000
61626,0.0000354,0.0000001,0.0000000
61627,0.0000354,0.0000001,0.0000000
61628,0.0000354,0.0000001,0.0000000
61629,0.0000354,0.0000001,0.0000000
61630,0.0000354,0.0000001,0.0000000
61631,0.0000354,0.0000001,0.0000000
61632,0.0000354,0.0000001,0.0000000
61633,0.0000354,0.0000001,0.0000000
61634,0.0000354,0.0000001,0.0000000
61635,0.0000354,0.0000001,0.0000000
61636,0.0000354,0.0000001,0.0000000
61637,0.0000354,0.0000001,0.0000000
61638,0.0000354,0.0000001,0.0000000
61639,0.0000354,0.0000001,0.0000000
61640,0.0000354,0.0000001,0.0000000
61641,0.0000354,0.0000001,0.0000000
61642,0.0000354,0.0000001,0.0000000
61643,0.0000354,0.0000001,0.0000000
61644,0.0000354,0.0000001,0.0000000
61645,0.0000354,0.0000001,0.0000000
61646,0.0000354,0.0000001,0.0000000
61647,0.0000354,0.0000001,0.0000000
61648,0.0000353,0.0000001,0.0000000
61649,0.0000353,0.0000001,0.0000000
61650,0.0000353,0.0000001,0.0000000
61651,0.0000353,0.0000001,0.0000000
61652,0.0000353,0.0000001,0.0000000
61653,0.0000353,0.0000001,0.0000000
61654,0.0000353,0.0000001,0.0000000
61655,0.0000353,0.0000001,0.0000000
61656,0.0000353,0.0000001,0.0000000
61657,0.0000353,0.0000001,0.0000000
61658,0.0000353,0.0000001,0.0000000
61659,0.0000353,0.0000001,0.0000000
61660,0.0000353,0.0000001,0.0000000
61661,0.0000353,0.0000001,0.0000000
61662,0.0000353,0.0000001,0.0000000
61663,0.0000353,0.0000001,0.0000000
61664,0.0000353,0.0000001,0.0000000
61665,0.0000353,0.0000001,0.0000000
61666,0.0000353,0.0000001,0.0000000
61667,0.0000353,0.0000001,0.0000000
61668,0.0000353,0.0000001,0.0000000
61669,0.0000353,0.0000001,0.0000000
61670,0.0000353,0.0000001,0.0000000
61671,0.0000353,0.0000001,0.0000000
61672,0.0000353,0.0000001,0.0000000
61673,0.0000353,0.0000001,0.0000000
61674,0.0000353,0.0000001,0.0000000
61675,0.0000353,0.0000001,0.0000000
61676,0.0000353,0.0000001,0.0000000
61677,0.0000353,0.0000001,0.0000000
61678,0.0000353,0.0000001,0.0000000
61679,0.0000353,0.0000001,0.0000000
61680,0.0000353,0.0000001,0.0000000
61681,0.0000353,0.0000001,0.0000000
61682,0.0000353,0.0000001,0.0000000
61683,0.0000353,0.0000001,0.0000000
61684,0.0000353,0.0000001,0.0000000
61685,0.0000353,0.0000001,0.0000000
61686,0.0000353,0.0000001,0.0000000
61687,0.0000353,0.0000001,0.0000000
61688,0.0000353,0.0000001,0.0000000
61689,0.0000353,0.0000001,0.0000000
61690,0.0000353,0.0000001,0.0000000
61691,0.0000353,0.0000001,0.0000000
61692,0.0000353,0.0000001,0.0000000
61693,0.0000353,0.0000001,0.0000000
61694,0.0000353,0.0000001,0.0000000
61695,0.0000353,0.0000001,0.0000000
61696,0.0000353,0.0000001,0.0000000
61697,0.0000353,0.0000001,0.0000000
61698,0.0000353,0.0000001,0.0000000
61699,0.0000353,0.0000001,0.0000000
61700,0.0000353,0.0000001,0.0000000
61701,0.0000353,0.0000001,0.0000000
61702,0.0000353,0.0000001,0.0000000
61703,0.0000353,0.0000001,0.0000000
61704,0.0000353,0.0000001,0.0000000
61705,0.0000353,0.0000001,0.0000000
61706,0.0000353,0.0000001,0.0000000
61707,0.0000353,0.0000001,0.0000000
61708,0.0000353,0.0000001,0.0000000
61709,0.0000353,0.0000001,0.0000000
61710,0.0000353,0.0000001,0.0000000
61711,0.0000352,0.0000001,0.0000000
61712,0.0000352,0.0000001,0.0000000
61713,0.0000352,0.0000001,0.0000000
61714,0.0000352,0.0000001,0.0000000
61715,0.0000352,0.0000001,0.0000000
61716,0.0000352,0.0000001,0.0000000
61717,0.0000352,0.0000001,0.0000000
61718,0.0000352,0.0000001,0.0000000
61719,0.0000352,0.0000001,0.0000000
61720,0.0000352,0.0000001,0.0000000
61721,0.0000352,0.0000001,0.0000000
61722,0.0000352,0.0000001,0.0000000
61723,0.0000352,0.0000001,0.0000000
61724,0.0000352,0.0000001,0.0000000
61725,0.0000352,0.0000001,0.0000000
61726,0.0000352,0.0000001,0.0000000
61727,0.0000352,0.0000001,0.0000000
61728,0.0000352,0.0000001,0.0000000
61729,0.0000352,0.0000001,0.0000000
61730,0.0000352,0.0000001,0.0000000
61731,0.0000352,0.0000001,0.0000000
61732,0.0000352,0.0000001,0.0000000
61733,0.0000352,0.0000001,0.0000000
61734,0.0000352,0.0000001,0.0000000
61735,0.0000352,0.0000001,0.0000000
61736,0.0000352,0.0000001,0.0000000
61737,0.0000352,0.0000001,0.0000000
61738,0.0000352,0.0000001,0.0000000
61739,0.0000352,0.0000001,0.0000000
61740,0.0000352,0.0000001,0.0000000
61741,0.0000352,0.0000001,0.0000000
61742,0.0000352,0.0000001,0.0000000
61743,0.0000352,0.0000001,0.0000000
61744,0.0000352,0.0000001,0.0000000
61745,0.0000352,0.0000001,0.0000000
61746,0.0000352,0.0000001,0.0000000
61747,0.0000352,0.0000001,0.0000000
61748,0.0000352,0.0000001,0.0000000
61749,0.0000352,0.0000001,0.0000000
61750,0.0000352,0.0000001,0.0000000
61751,0.0000352,0.0000001,0.0000000
61752,0.0000352,0.0000001,0.0000000
61753,0.0000352,0.0000001,0.0000000
61754,0.0000352,0.0000001,0.0000000
61755,0.0000352,0.0000001,0.0000000
61756,0.0000352,0.0000001,0.0000000
61757,0.0000352,0.0000001,0.0000000
61758,0.0000352,0.0000001,0.0000000
61759,0.0000352,0.0000001,0.0000000
61760,0.0000352,0.0000001,0.0000000
61761,0.0000352,0.0000001,0.0000000
61762,0.0000352,0.0000001,0.0000000
61763,0.0000352,0.0000001,0.0000000
61764,0.0000352,0.0000001,0.0000000
61765,0.0000352,0.0000001,0.0000000
61766,0.0000352,0.0000001,0.0000000
61767,0.0000352,0.0000001,0.0000000
61768,0.0000352,0.0000001,0.0000000
61769,0.0000352,0.0000001,0.0000000
61770,0.0000352,0.0000001,0.0000000
61771,0.0000352,0.0000001,0.0000000
61772,0.0000352,0.0000001,0.0000000
61773,0.0000352,0.0000001,0.0000000
61774,0.0000352,0.0000001,0.0000000
61775,0.0000351,0.0000001,0.0000000
61776,0.0000351,0.0000001,0.0000000
61777,0.0000351,0.0000001,0.0000000
61778,0.0000351,0.0000001,0.0000000
61779,0.0000351,0.0000001,0.0000000
61780,0.0000351,0.0000001,0.0000000
61781,0.0000351,0.0000001,0.0000000
61782,0.0000351,0.0000001,0.0000000
61783,0.0000351,0.0000001,0.0000000
61784,0.0000351,0.0000001,0.0000000
61785,0.0000351,0.0000001,0.0000000
61786,0.0000351,0.0000001,0.0000000
61787,0.0000351,0.0000001,0.0000000
61788,0.0000351,0.0000001,0.0000000
61789,0.0000351,0.0000001,0.0000000
61790,0.0000351,0.0000001,0.0000000
61791,0.0000351,0.0000001,0.0000000
61792,0.0000351,0.0000001,0.0000000
61793,0.0000351,0.0000001,0.0000000
61794,0.0000351,0.0000001,0.0000000
61795,0.0000351,0.0000001,0.0000000
61796,0.0000351,0.0000001,0.0000000
61797,0.0000351,0.0000001,0.0000000
61798,0.0000351,0.0000001,0.0000000
61799,0.0000351,0.0000001,0.0000000
61800,0.0000351,0.0000001,0.0000000
61801,0.0000351,0.0000001,0.0000000
61802,0.0000351,0.0000001,0.0000000
61803,0.0000351,0.0000001,0.0000000
61804,0.0000351,0.0000001,0.0000000
61805,0.0000351,0.0000001,0.0000000
61806,0.0000351,0.0000001,0.0000000
61807,0.0000351,0.0000001,0.0000000
61808,0.0000351,0.0000001,0.0000000
61809,0.0000351,0.0000001,0.0000000
61810,0.0000351,0.0000001,0.0000000
61811,0.0000351,0.0000001,0.0000000
61812,0.0000351,0.0000001,0.0000000
61813,0.0000351,0.0000001,0.0000000
61814,0.0000351,0.0000001,0.0000000
61815,0.0000351,0.0000001,0.0000000
61816,0.0000351,0.0000001,0.0000000
61817,0.0000351,0.0000001,0.0000000
61818,0.0000351,0.0000001,0.0000000
61819,0.0000351,0.0000001,0.0000000
61820,0.0000351,0.0000001,0.0000000
61821,0.0000351,0.0000001,0.0000000
61822,0.0000351,0.0000001,0.0000000
61823,0.0000351,0.0000001,0.0000000
61824,0.0000351,0.0000001,0.0000000
61825,0.0000351,0.0000001,0.0000000
61826,0.0000351,0.0000001,0.0000000
61827,0.0000351,0.0000001,0.0000000
61828,0.0000351,0.0000001,0.0000000
61829,0.0000351,0.0000001,0.0000000
61830,0.0000351,0.0000001,0.0000000
61831,0.0000351,0.0000001,0.0000000
61832,0.0000351,0.0000001,0.0000000
61833,0.0000351,0.0000001,0.0000000
61834,0.0000351,0.0000001,0.0000000
61835,0.0000351,0.0000001,0.0000000
61836,0.0000351,0.0000001,0.0000000
61837,0.0000351,0.0000001,0.0000000
61838,0.0000351,0.0000001,0.0000000
61839,0.0000350,0.0000001,0.0000000
61840,0.0000350,0.0000001,0.0000000
61841,0.0000350,0.0000001,0.0000000
61842,0.0000350,0.0000001,0.0000000
61843,0.0000350,0.0000001,0.0000000
61844,0.0000350,0.0000001,0.0000000
61845,0.0000350,0.0000001,0.0000000
61846,0.0000350,0.0000001,0.0000000
61847,0.0000350,0.0000001,0.0000000
61848,0.0000350,0.0000001,0.0000000
61849,0.0000350,0.0000001,0.0000000
61850,0.0000350,0.0000001,0.0000000
61851,0.0000350,0.0000001,0.0000000
61852,0.0000350,0.0000001,0.0000000
61853,0.0000350,0.0000001,0.0000000
61854,0.0000350,0.0000001,0.0000000
61855,0.0000350,0.0000001,0.0000000
61856,0.0000350,0.0000001,0.0000000
61857,0.0000350,0.0000001,0.0000000
61858,0.0000350,0.0000001,0.0000000
61859,0.0000350,0.0000001,0.0000000
61860,0.0000350,0.0000001,0.0000000
61861,0.0000350,0.0000001,0.0000000
61862,0.0000350,0.0000001,0.0000000
61863,0.0000350,0.0000001,0.0000000
61864,0.0000350,0.0000001,0.0000000
61865,0.0000350,0.0000001,0.0000000
61866,0.0000350,0.0000001,0.0000000
61867,0.0000350,0.0000001,0.0000000
61868,0.0000350,0.0000001,0.0000000
61869,0.0000350,0.0000001,0.0000000
61870,0.0000350,0.0000001,0.0000000
61871,0.0000350,0.0000001,0.0000000
61872,0.0000350,0.0000001,0.0000000
61873,0.0000350,0.0000001,0.0000000
61874,0.0000350,0.0000001,0.0000000
61875,0.0000350,0.0000001,0.0000000
61876,0.0000350,0.0000001,0.0000000
61877,0.0000350,0.0000001,0.0000000
61878,0.0000350,0.0000001,0.0000000
61879,0.0000350,0.0000001,0.0000000
61880,0.0000350,0.0000001,0.0000000
61881,0.0000350,0.0000001,0.0000000
61882,0.0000350,0.0000001,0.0000000
61883,0.0000350,0.0000001,0.0000000
61884,0.0000350,0.0000001,0.0000000
61885,0.0000350,0.0000001,0.0000000
61886,0.0000350,0.0000001,0.0000000
61887,0.0000350,0.0000001,0.0000000
61888,0.0000350,0.0000001,0.0000000
61889,0.0000350,0.0000001,0.0000000
61890,0.0000350,0.0000001,0.0000000
61891,0.0000350,0.0000001,0.0000000
61892,0.0000350,0.0000001,0.0000000
61893,0.0000350,0.0000001,0.0000000
61894,0.0000350,0.0000001,0.0000000
61895,0.0000350,0.0000001,0.0000000
61896,0.0000350,0.0000001,0.0000000
61897,0.0000350,0.0000001,0.0000000
61898,0.0000350,0.0000001,0.0000000
61899,0.0000350,0.0000001,0.0000000
61900,0.0000350,0.0000001,0.0000000
61901,0.0000350,0.0000001,0.0000000
61902,0.0000350,0.0000001,0.0000000
61903,0.0000349,0.0000001,0.0000000
61904,0.0000349,0.0000001,0.0000000
61905,0.0000349,0.0000001,0.0000000
61906,0.0000349,0.0000001,0.0000000
61907,0.0000349,0.0000001,0.0000000
61908,0.0000349,0.0000001,0.0000000
61909,0.0000349,0.0000001,0.0000000
61910,0.0000349,0.0000001,0.0000000
61911,0.0000349,0.0000001,0.0000000
61912,0.0000349,0.0000001,0.0000000
61913,0.0000349,0.0000001,0.0000000
61914,0.0000349,0.0000001,0.0000000
61915,0.0000349,0.0000001,0.0000000
61916,0.0000349,0.0000001,0.0000000
61917,0.0000349,0.0000001,0.0000000
61918,0.0000349,0.0000001,0.0000000
61919,0.0000349,0.0000001,0.0000000
61920,0.0000349,0.0000001,0.0000000
61921,0.0000349,0.0000001,0.0000000
61922,0.0000349,0.0000001,0.0000000
61923,0.0000349,0.0000001,0.0000000
61924,0.0000349,0.0000001,0.0000000
61925,0.0000349,0.0000001,0.0000000
61926,0.0000349,0.0000001,0.0000000
61927,0.0000349,0.0000001,0.0000000
61928,0.0000349,0.0000001,0.0000000
61929,0.0000349,0.0000001,0.0000000
61930,0.0000349,0.0000001,0.0000000
61931,0.0000349,0.0000001,0.0000000
61932,0.0000349,0.0000001,0.0000000
61933,0.0000349,0.0000001,0.0000000
61934,0.0000349,0.0000001,0.0000000
61935,0.0000349,0.0000001,0.0000000
61936,0.0000349,0.0000001,0.0000000
61937,0.0000349,0.0000001,0.0000000
61938,0.0000349,0.0000001,0.0000000
61939,0.0000349,0.0000001,0.0000000
61940,0.0000349,0.0000001,0.0000000
61941,0.0000349,0.0000001,0.0000000
61942,0.0000349,0.0000001,0.0000000
61943,0.0000349,0.0000001,0.0000000
61944,0.0000349,0.0000001,0.0000000
61945,0.0000349,0.0000001,0.0000000
61946,0.0000349,0.0000001,0.0000000
61947,0.0000349,0.0000001,0.0000000
61948,0.0000349,0.0000001,0.0000000
61949,0.0000349,0.0000001,0.0000000
61950,0.0000349,0.0000001,0.0000000
61951,0.0000349,0.0000001,0.0000000
61952,0.0000349,0.0000001,0.0000000
61953,0.0000349,0.0000001,0.0000000
61954,0.0000349,0.0000001,0.0000000
61955,0.0000349,0.0000001,0.0000000
61956,0.0000349,0.0000001,0.0000000
61957,0.0000349,0.0000001,0.0000000
61958,0.0000349,0.0000001,0.0000000
61959,0.0000349,0.0000001,0.0000000
61960,0.0000349,0.0000001,0.0000000
61961,0.0000349,0.0000001,0.0000000
61962,0.0000349,0.0000001,0.0000000
61963,0.0000349,0.0000001,0.0000000
61964,0.0000349,0.0000001,0.0000000
61965,0.0000349,0.0000001,0.0000000
61966,0.0000349,0.0000001,0.0000000
61967,0.0000348,0.0000001,0.0000000
61968,0.0000348,0.0000001,0.0000000
61969,0.0000348,0.0000001,0.0000000
61970,0.0000348,0.0000001,0.0000000
61971,0.0000348,0.0000001,0.0000000
61972,0.0000348,0.0000001,0.0000000
61973,0.0000348,0.0000001,0.0000000
61974,0.0000348,0.0000001,0.0000000
61975,0.0000348,0.0000001,0.0000000
61976,0.0000348,0.0000001,0.0000000
61977,0.0000348,0.0000001,0.0000000
61978,0.0000348,0.0000001,0.0000000
61979,0.0000348,0.0000001,0.0000000
61980,0.0000348,0.0000001,0.0000000
61981,0.0000348,0.0000001,0.0000000
61982,0.0000348,0.0000001,0.0000000
61983,0.0000348,0.0000001,0.0000000
61984,0.0000348,0.0000001,0.0000000
61985,0.0000348,0.0000001,0.0000000
61986,0.0000348,0.0000001,0.0000000
61987,0.0000348,0.0000001,0.0000000
61988,0.0000348,0.0000001,0.0000000
61989,0.0000348,0.0000001,0.0000000
61990,0.0000348,0.0000001,0.0000000
61991,0.0000348,0.0000001,0.0000000
61992,0.0000348,0.0000001,0.0000000
61993,0.0000348,0.0000001,0.0000000
61994,0.0000348,0.0000001,0.0000000
61995,0.0000348,0.0000001,0.0000000
61996,0.0000348,0.0000001,0.0000000
61997,0.0000348,0.0000001,0.0000000
61998,0.0000348,0.0000001,0.0000000
61999,0.0000348,0.0000001,0.0000000
62000,0.0000348,0.0000001,0.0000000
62001,0.0000348,0.0000001,0.0000000
62002,0.0000348,0.0000001,0.0000000
62003,0.0000348,0.0000001,0.0000000
62004,0.0000348,0.0000001,0.0000000
62005,0.0000348,0.0000001,0.0000000
62006,0.0000348,0.0000001,0.0000000
62007,0.0000348,0.0000001,0.0000000
62008,0.0000348,0.0000001,0.0000000
62009,0.0000348,0.0000001,0.0000000
62010,0.0000348,0.0000001,0.0000000
62011,0.0000348,0.0000001,0.0000000
62012,0.0000348,0.0000001,0.0000000
62013,0.0000348,0.0000001,0.0000000
62014,0.0000348,0.0000001,0.0000000
62015,0.0000348,0.0000001,0.0000000
62016,0.0000348,0.0000001,0.0000000
62017,0.0000348,0.0000001,0.0000000
62018,0.0000348,0.0000001,0.0000000
62019,0.0000348,0.0000001,0.0000000
62020,0.0000348,0.0000001,0.0000000
62021,0.0000348,0.0000001,0.0000000
62022,0.0000348,0.0000001,0.0000000
62023,0.0000348,0.0000001,0.0000000
62024,0.0000348,0.0000001,0.0000000
62025,0.0000348,0.0000001,0.0000000
62026,0.0000348,0.0000001,0.0000000
62027,0.0000348,0.0000001,0.0000000
62028,0.0000348,0.0000001,0.0000000
62029,0.0000348,0.0000001,0.0000000
62030,0.0000348,0.0000001,0.0000000
62031,0.0000347,0.0000001,0.0000000
62032,0.0000347,0.0000001,0.0000000
62033,0.0000347,0.0000001,0.0000000
62034,0.0000347,0.0000001,0.0000000
62035,0.0000347,0.0000001,0.0000000
62036,0.0000347,0.0000001,0.0000000
62037,0.0000347,0.0000001,0.0000000
62038,0.0000347,0.0000001,0.0000000
62039,0.0000347,0.0000001,0.0000000
62040,0.0000347,0.0000001,0.0000000
62041,0.0000347,0.0000001,0.0000000
62042,0.0000347,0.0000001,0.0000000
62043,0.0000347,0.0000001,0.0000000
62044,0.0000347,0.0000001,0.0000000
62045,0.0000347,0.0000001,0.0000000
62046,0.0000347,0.0000001,0.0000000
62047,0.0000347,0.0000001,0.0000000
62048,0.0000347,0.0000001,0.0000000
62049,0.0000347,0.0000001,0.0000000
62050,0.0000347,0.0000001,0.0000000
62051,0.0000347,0.0000001,0.0000000
62052,0.0000347,0.0000001,0.0000000
62053,0.0000347,0.0000001,0.0000000
62054,0.0000347,0.0000001,0.0000000
62055,0.0000347,0.0000001,0.0000000
62056,0.0000347,0.0000001,0.0000000
62057,0.0000347,0.0000001,0.0000000
62058,0.0000347,0.0000001,0.0000000
62059,0.0000347,0.0000001,0.0000000
62060,0.0000347,0.0000001,0.0000000
62061,0.0000347,0.0000001,0.0000000
62062,0.0000347,0.0000001,0.0000000
62063,0.0000347,0.0000001,0.0000000
62064,0.0000347,0.0000001,0.0000000
62065,0.0000347,0.0000001,0.0000000
62066,0.0000347,0.0000001,0.0000000
62067,0.0000347,0.0000001,0.0000000
62068,0.0000347,0.0000001,0.0000000
62069,0.0000347,0.0000001,0.0000000
62070,0.0000347,0.0000001,0.0000000
62071,0.0000347,0.0000001,0.0000000
62072,0.0000347,0.0000001,0.0000000
62073,0.0000347,0.0000001,0.0000000
62074,0.0000347,0.0000001,0.0000000
62075,0.0000347,0.0000001,0.0000000
62076,0.0000347,0.0000001,0.0000000
62077,0.0000347,0.0000001,0.0000000
62078,0.0000347,0.0000001,0.0000000
62079,0.0000347,0.0000001,0.0000000
62080,0.0000347,0.0000001,0.0000000
62081,0.0000347,0.0000001,0.0000000
62082,0.0000347,0.0000001,0.0000000
62083,0.0000347,0.0000001,0.0000000
62084,0.0000347,0.0000001,0.0000000
62085,0.0000347,0.0000001,0.0000000
62086,0.0000347,0.0000001,0.0000000
62087,0.0000347,0.0000001,0.0000000
62088,0.0000347,0.0000001,0.0000000
62089,0.0000347,0.0000001,0.0000000
62090,0.0000347,0.0000001,0.0000000
62091,0.0000347,0.0000001,0.0000000
62092,0.0000347,0.0000001,0.0000000
62093,0.0000347,0.0000001,0.0000000
62094,0.0000347,0.0000001,0.0000000
62095,0.0000347,0.0000001,0.0000000
62096,0.0000346,0.0000001,0.0000000
62097,0.0000346,0.0000001,0.0000000
62098,0.0000346,0.0000001,0.0000000
62099,0.0000346,0.0000001,0.0000000
62100,0.0000346,0.0000001,0.0000000
62101,0.0000346,0.0000001,0.0000000
62102,0.0000346,0.0000001,0.0000000
62103,0.0000346,0.0000001,0.0000000
62104,0.0000346,0.0000001,0.0000000
62105,0.0000346,0.0000001,0.0000000
62106,0.0000346,0.0000001,0.0000000
62107,0.0000346,0.0000001,0.0000000
62108,0.0000346,0.0000001,0.0000000
62109,0.0000346,0.0000001,0.0000000
62110,0.0000346,0.0000001,0.0000000
62111,0.0000346,0.0000001,0.0000000
62112,0.0000346,0.0000001,0.0000000
62113,0.0000346,0.0000001,0.0000000
62114,0.0000346,0.0000001,0.0000000
62115,0.0000346,0.0000001,0.0000000
62116,0.0000346,0.0000001,0.0000000
62117,0.0000346,0.0000001,0.0000000
62118,0.0000346,0.0000001,0.0000000
62119,0.0000346,0.0000001,0.0000000
62120,0.0000346,0.0000001,0.0000000
62121,0.0000346,0.0000001,0.0000000
62122,0.0000346,0.0000001,0.0000000
62123,0.0000346,0.0000001,0.0000000
62124,0.0000346,0.0000001,0.0000000
62125,0.0000346,0.0000001,0.0000000
62126,0.0000346,0.0000001,0.0000000
62127,0.0000346,0.0000001,0.0000000
62128,0.0000346,0.0000001,0.0000000
62129,0.0000346,0.0000001,0.0000000
62130,0.0000346,0.0000001,0.0000000
62131,0.0000346,0.0000001,0.0000000
62132,0.0000346,0.0000001,0.0000000
62133,0.0000346,0.0000001,0.0000000
62134,0.0000346,0.0000001,0.0000000
62135,0.0000346,0.0000001,0.0000000
62136,0.0000346,0.0000001,0.0000000
62137,0.0000346,0.0000001,0.0000000
62138,0.0000346,0.0000001,0.0000000
62139,0.0000346,0.0000001,0.0000000
62140,0.0000346,0.0000001,0.0000000
62141,0.0000346,0.0000001,0.0000000
62142,0.0000346,0.0000001,0.0000000
62143,0.0000346,0.0000001,0.0000000
62144,0.0000346,0.0000001,0.0000000
62145,0.0000346,0.0000001,0.0000000
62146,0.0000346,0.0000001,0.0000000
62147,0.0000346,0.0000001,0.0000000
62148,0.0000346,0.0000001,0.0000000
62149,0.0000346,0.0000001,0.0000000
62150,0.0000346,0.0000001,0.0000000
62151,0.0000346,0.0000001,0.0000000
62152,0.0000346,0.0000001,0.0000000
62153,0.0000346,0.0000001,0.0000000
62154,0.0000346,0.0000001,0.0000000
62155,0.0000346,0.0000001,0.0000000
62156,0.0000346,0.0000001,0.0000000
62157,0.0000346,0.0000001,0.0000000
62158,0.0000346,0.0000001,0.0000000
62159,0.0000346,0.0000001,0.0000000
62160,0.0000346,0.0000001,0.0000000
62161,0.0000345,0.0000001,0.0000000
62162,0.0000345,0.0000001,0.0000000
62163,0.0000345,0.0000001,0.0000000
62164,0.0000345,0.0000001,0.0000000
62165,0.0000345,0.0000001,0.0000000
62166,0.0000345,0.0000001,0.0000000
62167,0.0000345,0.0000001,0.0000000
62168,0.0000345,0.0000001,0.0000000
62169,0.0000345,0.0000001,0.0000000
62170,0.0000345,0.0000001,0.0000000
62171,0.0000345,0.0000001,0.0000000
62172,0.0000345,0.0000001,0.0000000
62173,0.0000345,0.0000001,0.0000000
62174,0.0000345,0.0000001,0.0000000
62175,0.0000345,0.0000001,0.0000000
62176,0.0000345,0.0000001,0.0000000
62177,0.0000345,0.0000001,0.0000000
62178,0.0000345,0.0000001,0.0000000
62179,0.0000345,0.0000001,0.0000000
62180,0.0000345,0.0000001,0.0000000
62181,0.0000345,0.0000001,0.0000000
62182,0.0000345,0.0000001,0.0000000
62183,0.0000345,0.0000001,0.0000000
62184,0.0000345,0.0000001,0.0000000
62185,0.0000345,0.0000001,0.0000000
62186,0.0000345,0.0000001,0.0000000
62187,0.0000345,0.0000001,0.0000000
62188,0.0000345,0.0000001,0.0000000
62189,0.0000345,0.0000001,0.0000000
62190,0.0000345,0.0000001,0.0000000
62191,0.0000345,0.0000001,0.0000000
62192,0.0000345,0.0000001,0.0000000
62193,0.0000345,0.0000001,0.0000000
62194,0.0000345,0.0000001,0.0000000
62195,0.0000345,0.0000001,0.0000000
62196,0.0000345,0.0000001,0.0000000
62197,0.0000345,0.0000001,0.0000000
62198,0.0000345,0.0000001,0.0000000
62199,0.0000345,0.0000001,0.0000000
62200,0.0000345,0.0000001,0.0000000
62201,0.0000345,0.0000001,0.0000000
62202,0.0000345,0.0000001,0.0000000
62203,0.0000345,0.0000001,0.0000000
62204,0.0000345,0.0000001,0.0000000
62205,0.0000345,0.0000001,0.0000000
62206,0.0000345,0.0000001,0.0000000
62207,0.0000345,0.0000001,0.0000000
62208,0.0000345,0.0000001,0.0000000
62209,0.0000345,0.0000001,0.0000000
62210,0.0000345,0.0000001,0.0000000
62211,0.0000345,0.0000001,0.0000000
62212,0.0000345,0.0000001,0.0000000
62213,0.0000345,0.0000001,0.0000000
62214,0.0000345,0.0000001,0.0000000
62215,0.0000345,0.0000001,0.0000000
62216,0.0000345,0.0000001,0.0000000
62217,0.0000345,0.0000001,0.0000000
62218,0.0000345,0.0000001,0.0000000
62219,0.0000345,0.0000001,0.0000000
62220,0.0000345,0.0000001,0.0000000
62221,0.0000345,0.0000001,0.0000000
62222,0.0000345,0.0000001,0.0000000
62223,0.0000345,0.0000001,0.0000000
62224,0.0000345,0.0000001,0.0000000
62225,0.0000344,0.0000001,0.0000000
62226,0.0000344,0.0000001,0.0000000
62227,0.0000344,0.0000001,0.0000000
62228,0.0000344,0.0000001,0.0000000
62229,0.0000344,0.0000001,0.0000000
62230,0.0000344,0.0000001,0.0000000
62231,0.0000344,0.0000001,0.0000000
62232,0.0000344,0.0000001,0.0000000
62233,0.0000344,0.0000001,0.0000000
62234,0.0000344,0.0000001,0.0000000
62235,0.0000344,0.0000001,0.0000000
62236,0.0000344,0.0000001,0.0000000
62237,0.0000344,0.0000001,0.0000000
62238,0.0000344,0.0000001,0.0000000
62239,0.0000344,0.0000001,0.0000000
62240,0.0000344,0.0000001,0.0000000
62241,0.0000344,0.0000001,0.0000000
62242,0.0000344,0.0000001,0.0000000
62243,0.0000344,0.0000001,0.0000000
62244,0.0000344,0.0000001,0.0000000
62245,0.0000344,0.0000001,0.0000000
62246,0.0000344,0.0000001,0.0000000
62247,0.0000344,0.0000001,0.0000000
62248,0.0000344,0.0000001,0.0000000
62249,0.0000344,0.0000001,0.0000000
62250,0.0000344,0.0000001,0.0000000
62251,0.0000344,0.0000001,0.0000000
62252,0.0000344,0.0000001,0.0000000
62253,0.0000344,0.0000001,0.0000000
62254,0.0000344,0.0000001,0.0000000
62255,0.0000344,0.0000001,0.0000000
62256,0.0000344,0.0000001,0.0000000
62257,0.0000344,0.0000001,0.0000000
62258,0.0000344,0.0000001,0.0000000
62259,0.0000344,0.0000001,0.0000000
62260,0.0000344,0.0000001,0.0000000
62261,0.0000344,0.0000001,0.0000000
62262,0.0000344,0.0000001,0.0000000
62263,0.0000344,0.0000001,0.0000000
62264,0.0000344,0.0000001,0.0000000
62265,0.0000344,0.0000001,0.0000000
62266,0.0000344,0.0000001,0.0000000
62267,0.0000344,0.0000001,0.0000000
62268,0.0000344,0.0000001,0.0000000
62269,0.0000344,0.0000001,0.0000000
62270,0.0000344,0.0000001,0.0000000
62271,0.0000344,0.0000001,0.0000000
62272,0.0000344,0.0000001,0.0000000
62273,0.0000344,0.0000001,0.0000000
62274,0.0000344,0.0000001,0.0000000
62275,0.0000344,0.0000001,0.0000000
62276,0.0000344,0.0000001,0.0000000
62277,0.0000344,0.0000001,0.0000000
62278,0.0000344,0.0000001,0.0000000
62279,0.0000344,0.0000001,0.0000000
62280,0.0000344,0.0000001,0.0000000
62281,0.0000344,0.0000001,0.0000000
62282,0.0000344,0.0000001,0.0000000
62283,0.0000344,0.0000001,0.0000000
62284,0.0000344,0.0000001,0.0000000
62285,0.0000344,0.0000001,0.0000000
62286,0.0000344,0.0000001,0.0000000
62287,0.0000344,0.0000001,0.0000000
62288,0.0000344,0.0000001,0.0000000
62289,0.0000344,0.0000001,0.0000000
62290,0.0000344,0.0000001,0.0000000
62291,0.0000343,0.0000001,0.0000000
62292,0.0000343,0.0000001,0.0000000
62293,0.0000343,0.0000001,0.0000000
62294,0.0000343,0.0000001,0.0000000
62295,0.0000343,0.0000001,0.0000000
62296,0.0000343,0.0000001,0.0000000
62297,0.0000343,0.0000001,0.0000000
62298,0.0000343,0.0000001,0.0000000
62299,0.0000343,0.0000001,0.0000000
62300,0.0000343,0.0000001,0.0000000
62301,0.0000343,0.0000001,0.0000000
62302,0.0000343,0.0000001,0.0000000
62303,0.0000343,0.0000001,0.0000000
62304,0.0000343,0.0000001,0.0000000
62305,0.0000343,0.0000001,0.0000000
62306,0.0000343,0.0000001,0.0000000
62307,0.0000343,0.0000001,0.0000000
62308,0.0000343,0.0000001,0.0000000
62309,0.0000343,0.0000001,0.0000000
62310,0.0000343,0.0000001,0.0000000
62311,0.0000343,0.0000001,0.0000000
62312,0.0000343,0.0000001,0.0000000
62313,0.0000343,0.0000001,0.0000000
62314,0.0000343,0.0000001,0.0000000
62315,0.0000343,0.0000001,0.0000000
62316,0.0000343,0.0000001,0.0000000
62317,0.0000343,0.0000001,0.0000000
62318,0.0000343,0.0000001,0.0000000
62319,0.0000343,0.0000001,0.0000000
62320,0.0000343,0.0000001,0.0000000
62321,0.0000343,0.0000001,0.0000000
62322,0.0000343,0.0000001,0.0000000
62323,0.0000343,0.0000001,0.0000000
62324,0.0000343,0.0000001,0.0000000
62325,0.0000343,0.0000001,0.0000000
62326,0.0000343,0.0000001,0.0000000
62327,0.0000343,0.0000001,0.0000000
62328,0.0000343,0.0000001,0.0000000
62329,0.0000343,0.0000001,0.0000000
62330,0.0000343,0.0000001,0.0000000
62331,0.0000343,0.0000001,0.0000000
62332,0.0000343,0.0000001,0.0000000
62333,0.0000343,0.0000001,0.0000000
62334,0.0000343,0.0000001,0.0000000
62335,0.0000343,0.0000001,0.0000000
62336,0.0000343,0.0000001,0.0000000
62337,0.0000343,0.0000001,0.0000000
62338,0.0000343,0.0000001,0.0000000
62339,0.0000343,0.0000001,0.0000000
62340,0.0000343,0.0000001,0.0000000
62341,0.0000343,0.0000001,0.0000000
62342,0.0000343,0.0000001,0.0000000
62343,0.0000343,0.0000001,0.0000000
62344,0.0000343,0.0000001,0.0000000
62345,0.0000343,0.0000001,0.0000000
62346,0.0000343,0.0000001,0.0000000
62347,0.0000343,0.0000001,0.0000000
62348,0.0000343,0.0000001,0.0000000
62349,0.0000343,0.0000001,0.0000000
62350,0.0000343,0.0000001,0.0000000
62351,0.0000343,0.0000001,0.0000000
62352,0.0000343,0.0000001,0.0000000
62353,0.0000343,0.0000001,0.0000000
62354,0.0000343,0.0000001,0.0000000
62355,0.0000343,0.0000001,0.0000000
62356,0.0000342,0.0000001,0.0000000
62357,0.0000342,0.0000001,0.0000000
62358,0.0000342,0.0000001,0.0000000
62359,0.0000342,0.0000001,0.0000000
62360,0.0000342,0.0000001,0.0000000
62361,0.0000342,0.0000001,0.0000000
62362,0.0000342,0.0000001,0.0000000
62363,0.0000342,0.0000001,0.0000000
62364,0.0000342,0.0000001,0.0000000
62365,0.0000342,0.0000001,0.0000000
62366,0.0000342,0.0000001,0.0000000
62367,0.0000342,0.0000001,0.0000000
62368,0.0000342,0.0000001,0.0000000
62369,0.0000342,0.0000001,0.0000000
62370,0.0000342,0.0000001,0.0000000
62371,0.0000342,0.0000001,0.0000000
62372,0.0000342,0.0000001,0.0000000
62373,0.0000342,0.0000001,0.0000000
62374,0.0000342,0.0000001,0.0000000
62375,0.0000342,0.0000001,0.0000000
62376,0.0000342,0.0000001,0.0000000
62377,0.0000342,0.0000001,0.0000000
62378,0.0000342,0.0000001,0.0000000
62379,0.0000342,0.0000001,0.0000000
62380,0.0000342,0.0000001,0.0000000
62381,0.0000342,0.0000001,0.0000000
62382,0.0000342,0.0000001,0.0000000
62383,0.0000342,0.0000001,0.0000000
62384,0.0000342,0.0000001,0.0000000
62385,0.0000342,0.0000001,0.0000000
62386,0.0000342,0.0000001,0.0000000
62387,0.0000342,0.0000001,0.0000000
62388,0.0000342,0.0000001,0.0000000
62389,0.0000342,0.0000001,0.0000000
62390,0.0000342,0.0000001,0.0000000
62391,0.0000342,0.0000001,0.0000000
62392,0.0000342,0.0000001,0.0000000
62393,0.0000342,0.0000001,0.0000000
62394,0.0000342,0.0000001,0.0000000
62395,0.0000342,0.0000001,0.0000000
62396,0.0000342,0.0000001,0.0000000
62397,0.0000342,0.0000001,0.0000000
62398,0.0000342,0.0000001,0.0000000
62399,0.0000342,0.0000001,0.0000000
62400,0.0000342,0.0000001,0.0000000
62401,0.0000342,0.0000001,0.0000000
62402,0.0000342,0.0000001,0.0000000
62403,0.0000342,0.0000001,0.0000000
62404,0.0000342,0.0000001,0.0000000
62405,0.0000342,0.0000001,0.0000000
62406,0.0000342,0.0000001,0.0000000
62407,0.0000342,0.0000001,0.0000000
62408,0.0000342,0.0000001,0.0000000
62409,0.0000342,0.0000001,0.0000000
62410,0.0000342,0.0000001,0.0000000
62411,0.0000342,0.0000001,0.0000000
62412,0.0000342,0.0000001,0.0000000
62413,0.0000342,0.0000001,0.0000000
62414,0.0000342,0.0000001,0.0000000
62415,0.0000342,0.0000001,0.0000000
62416,0.0000342,0.0000001,0.0000000
62417,0.0000342,0.0000001,0.0000000
62418,0.0000342,0.0000001,0.0000000
62419,0.0000342,0.0000001,0.0000000
62420,0.0000342,0.0000001,0.0000000
62421,0.0000341,0.0000001,0.0000000
62422,0.0000341,0.0000001,0.0000000
62423,0.0000341,0.0000001,0.0000000
62424,0.0000341,0.0000001,0.0000000
62425,0.0000341,0.0000001,0.0000000
62426,0.0000341,0.0000001,0.0000000
62427,0.0000341,0.0000001,0.0000000
62428,0.0000341,0.0000001,0.0000000
62429,0.0000341,0.0000001,0.0000000
62430,0.0000341,0.0000001,0.0000000
62431,0.0000341,0.0000001,0.0000000
62432,0.0000341,0.0000001,0.0000000
62433,0.0000341,0.0000001,0.0000000
62434,0.0000341,0.0000001,0.0000000
62435,0.0000341,0.0000001,0.0000000
62436,0.0000341,0.0000001,0.0000000
62437,0.0000341,0.0000001,0.0000000
62438,0.0000341,0.0000001,0.0000000
62439,0.0000341,0.0000001,0.0000000
62440,0.0000341,0.0000001,0.0000000
62441,0.0000341,0.0000001,0.0000000
62442,0.0000341,0.0000001,0.0000000
62443,0.0000341,0.0000001,0.0000000
62444,0.0000341,0.0000001,0.0000000
62445,0.0000341,0.0000001,0.0000000
62446,0.0000341,0.0000001,0.0000000
62447,0.0000341,0.0000001,0.0000000
62448,0.0000341,0.0000001,0.0000000
62449,0.0000341,0.0000001,0.0000000
62450,0.0000341,0.0000001,0.0000000
62451,0.0000341,0.0000001,0.0000000
62452,0.0000341,0.0000001,0.0000000
62453,0.0000341,0.0000001,0.0000000
62454,0.0000341,0.0000001,0.0000000
62455,0.0000341,0.0000001,0.0000000
62456,0.0000341,0.0000001,0.0000000
62457,0.0000341,0.0000001,0.0000000
62458,0.0000341,0.0000001,0.0000000
62459,0.0000341,0.0000001,0.0000000
62460,0.0000341,0.0000001,0.0000000
62461,0.0000341,0.0000001,0.0000000
62462,0.0000341,0.0000001,0.0000000
62463,0.0000341,0.0000001,0.0000000
62464,0.0000341,0.0000001,0.0000000
62465,0.0000341,0.0000001,0.0000000
62466,0.0000341,0.0000001,0.0000000
62467,0.0000341,0.0000001,0.0000000
62468,0.0000341,0.0000001,0.0000000
62469,0.0000341,0.0000001,0.0000000
62470,0.0000341,0.0000001,0.0000000
62471,0.0000341,0.0000001,0.0000000
62472,0.0000341,0.0000001,0.0000000
62473,0.0000341,0.0000001,0.0000000
62474,0.0000341,0.0000001,0.0000000
62475,0.0000341,0.0000001,0.0000000
62476,0.0000341,0.0000001,0.0000000
62477,0.0000341,0.0000001,0.0000000
62478,0.0000341,0.0000001,0.0000000
62479,0.0000341,0.0000001,0.0000000
62480,0.0000341,0.0000001,0.0000000
62481,0.0000341,0.0000001,0.0000000
62482,0.0000341,0.0000001,0.0000000
62483,0.0000341,0.0000001,0.0000000
62484,0.0000341,0.0000001,0.0000000
62485,0.0000341,0.0000001,0.0000000
62486,0.0000341,0.0000001,0.0000000
62487,0.0000340,0.0000001,0.0000000
62488,0.0000340,0.0000001,0.0000000
62489,0.0000340,0.0000001,0.0000000
62490,0.0000340,0.0000001,0.0000000
62491,0.0000340,0.0000001,0.0000000
62492,0.0000340,0.0000001,0.0000000
62493,0.0000340,0.0000001,0.0000000
62494,0.0000340,0.0000001,0.0000000
62495,0.0000340,0.0000001,0.0000000
62496,0.0000340,0.0000001,0.0000000
62497,0.0000340,0.0000001,0.0000000
62498,0.0000340,0.0000001,0.0000000
62499,0.0000340,0.0000001,0.0000000
62500,0.0000340,0.0000001,0.0000000
62501,0.0000340,0.0000001,0.0000000
62502,0.0000340,0.0000001,0.0000000
62503,0.0000340,0.0000001,0.0000000
62504,0.0000340,0.0000001,0.0000000
62505,0.0000340,0.0000001,0.0000000
62506,0.0000340,0.0000001,0.0000000
62507,0.0000340,0.0000001,0.0000000
62508,0.0000340,0.0000001,0.0000000
62509,0.0000340,0.0000001,0.0000000
62510,0.0000340,0.0000001,0.0000000
62511,0.0000340,0.0000001,0.0000000
62512,0.0000340,0.0000001,0.0000000
62513,0.0000340,0.0000001,0.0000000
62514,0.0000340,0.0000001,0.0000000
62515,0.0000340,0.0000001,0.0000000
62516,0.0000340,0.0000001,0.0000000
62517,0.0000340,0.0000001,0.0000000
62518,0.0000340,0.0000001,0.0000000
62519,0.0000340,0.0000001,0.0000000
62520,0.0000340,0.0000001,0.0000000
62521,0.0000340,0.0000001,0.0000000
62522,0.0000340,0.0000001,0.0000000
62523,0.0000340,0.0000001,0.0000000
62524,0.0000340,0.0000001,0.0000000
62525,0.0000340,0.0000001,0.0000000
62526,0.0000340,0.0000001,0.0000000
62527,0.0000340,0.0000001,0.0000000
62528,0.0000340,0.0000001,0.0000000
62529,0.0000340,0.0000001,0.0000000
62530,0.0000340,0.0000001,0.0000000
62531,0.0000340,0.0000001,0.0000000
62532,0.0000340,0.0000001,0.0000000
62533,0.0000340,0.0000001,0.0000000
62534,0.0000340,0.0000001,0.0000000
62535,0.0000340,0.0000001,0.0000000
62536,0.0000340,0.0000001,0.0000000
62537,0.0000340,0.0000001,0.0000000
62538,0.0000340,0.0000001,0.0000000
62539,0.0000340,0.0000001,0.0000000
62540,0.0000340,0.0000001,0.0000000
62541,0.0000340,0.0000001,0.0000000
62542,0.0000340,0.0000001,0.0000000
62543,0.0000340,0.0000001,0.0000000
62544,0.0000340,0.0000001,0.0000000
62545,0.0000340,0.0000001,0.0000000
62546,0.0000340,0.0000001,0.0000000
62547,0.0000340,0.0000001,0.0000000
62548,0.0000340,0.0000001,0.0000000
62549,0.0000340,0.0000001,0.0000000
62550,0.0000340,0.0000001,0.0000000
62551,0.0000340,0.0000001,0.0000000
62552,0.0000340,0.0000001,0.0000000
62553,0.0000339,0.0000001,0.0000000
62554,0.0000339,0.0000001,0.0000000
62555,0.0000339,0.0000001,0.0000000
62556,0.0000339,0.0000001,0.0000000
62557,0.0000339,0.0000001,0.0000000
62558,0.0000339,0.0000001,0.0000000
62559,0.0000339,0.0000001,0.0000000
62560,0.0000339,0.0000001,0.0000000
62561,0.0000339,0.0000001,0.0000000
62562,0.0000339,0.0000001,0.0000000
62563,0.0000339,0.0000001,0.0000000
62564,0.0000339,0.0000001,0.0000000
62565,0.0000339,0.0000001,0.0000000
62566,0.0000339,0.0000001,0.0000000
62567,0.0000339,0.0000001,0.0000000
62568,0.0000339,0.0000001,0.0000000
62569,0.0000339,0.0000001,0.0000000
62570,0.0000339,0.0000001,0.0000000
62571,0.0000339,0.0000001,0.0000000
62572,0.0000339,0.0000001,0.0000000
62573,0.0000339,0.0000001,0.0000000
62574,0.0000339,0.0000001,0.0000000
62575,0.0000339,0.0000001,0.0000000
62576,0.0000339,0.0000001,0.0000000
62577,0.0000339,0.0000001,0.0000000
62578,0.0000339,0.0000001,0.0000000
62579,0.0000339,0.0000001,0.0000000
62580,0.0000339,0.0000001,0.0000000
62581,0.0000339,0.0000001,0.0000000
62582,0.0000339,0.0000001,0.0000000
62583,0.0000339,0.0000001,0.0000000
62584,0.0000339,0.0000001,0.0000000
62585,0.0000339,0.0000001,0.0000000
62586,0.0000339,0.0000001,0.0000000
62587,0.0000339,0.0000001,0.0000000
62588,0.0000339,0.0000001,0.0000000
62589,0.0000339,0.0000001,0.0000000
62590,0.0000339,0.0000001,0.0000000
62591,0.0000339,0.0000001,0.0000000
62592,0.0000339,0.0000001,0.0000000
62593,0.0000339,0.0000001,0.0000000
62594,0.0000339,0.0000001,0.0000000
62595,0.0000339,0.0000001,0.0000000
62596,0.0000339,0.0000001,0.0000000
62597,0.0000339,0.0000001,0.0000000
62598,0.0000339,0.0000001,0.0000000
62599,0.0000339,0.0000001,0.0000000
62600,0.0000339,0.0000001,0.0000000
62601,0.0000339,0.0000001,0.0000000
62602,0.0000339,0.0000001,0.0000000
62603,0.0000339,0.0000001,0.0000000
62604,0.0000339,0.0000001,0.0000000
62605,0.0000339,0.0000001,0.0000000
62606,0.0000339,0.0000001,0.0000000
62607,0.0000339,0.0000001,0.0000000
62608,0.0000339,0.0000001,0.0000000
62609,0.0000339,0.0000001,0.0000000
62610,0.0000339,0.0000001,0.0000000
62611,0.0000339,0.0000001,0.0000000
62612,0.0000339,0.0000001,0.0000000
62613,0.0000339,0.0000001,0.0000000
62614,0.0000339,0.0000001,0.0000000
62615,0.0000339,0.0000001,0.0000000
62616,0.0000339,0.0000001,0.0000000
62617,0.0000339,0.0000001,0.0000000
62618,0.0000339,0.0000001,0.0000000
62619,0.0000338,0.0000001,0.0000000
62620,0.0000338,0.0000001,0.0000000
62621,0.0000338,0.0000001,0.0000000
62622,0.0000338,0.0000001,0.0000000
62623,0.0000338,0.0000001,0.0000000
62624,0.0000338,0.0000001,0.0000000
62625,0.0000338,0.0000001,0.0000000
62626,0.0000338,0.0000001,0.0000000
62627,0.0000338,0.0000001,0.0000000
62628,0.0000338,0.0000001,0.0000000
62629,0.0000338,0.0000001,0.0000000
62630,0.0000338,0.0000001,0.0000000
62631,0.0000338,0.0000001,0.0000000
62632,0.0000338,0.0000001,0.0000000
62633,0.0000338,0.0000001,0.0000000
62634,0.0000338,0.0000001,0.0000000
62635,0.0000338,0.0000001,0.0000000
62636,0.0000338,0.0000001,0.0000000
62637,0.0000338,0.0000001,0.0000000
62638,0.0000338,0.0000001,0.0000000
62639,0.0000338,0.0000001,0.0000000
62640,0.0000338,0.0000001,0.0000000
62641,0.0000338,0.0000001,0.0000000
62642,0.0000338,0.0000001,0.0000000
62643,0.0000338,0.0000001,0.0000000
62644,0.0000338,0.0000001,0.0000000
62645,0.0000338,0.0000001,0.0000000
62646,0.0000338,0.0000001,0.0000000
62647,0.0000338,0.0000001,0.0000000
62648,0.0000338,0.0000001,0.0000000
62649,0.0000338,0.0000001,0.0000000
62650,0.0000338,0.0000001,0.0000000
62651,0.0000338,0.0000001,0.0000000
62652,0.0000338,0.0000001,0.0000000
62653,0.0000338,0.0000001,0.0000000
62654,0.0000338,0.0000001,0.0000000
62655,0.0000338,0.0000001,0.0000000
62656,0.0000338,0.0000001,0.0000000
62657,0.0000338,0.0000001,0.0000000
62658,0.0000338,0.0000001,0.0000000
62659,0.0000338,0.0000001,0.0000000
62660,0.0000338,0.0000001,0.0000000
62661,0.0000338,0.0000001,0.0000000
62662,0.0000338,0.0000001,0.0000000
62663,0.0000338,0.0000001,0.0000000
62664,0.0000338,0.0000001,0.0000000
62665,0.0000338,0.0000001,0.0000000
62666,0.0000338,0.0000001,0.0000000
62667,0.0000338,0.0000001,0.0000000
62668,0.0000338,0.0000001,0.0000000
62669,0.0000338,0.0000001,0.0000000
62670,0.0000338,0.0000001,0.0000000
62671,0.0000338,0.0000001,0.0000000
62672,0.0000338,0.0000001,0.0000000
62673,0.0000338,0.0000001,0.0000000
62674,0.0000338,0.0000001,0.0000000
62675,0.0000338,0.0000001,0.0000000
62676,0.0000338,0.0000001,0.0000000
62677,0.0000338,0.0000001,0.0000000
62678,0.0000338,0.0000001,0.0000000
62679,0.0000338,0.0000001,0.0000000
62680,0.0000338,0.0000001,0.0000000
62681,0.0000338,0.0000001,0.0000000
62682,0.0000338,0.0000001,0.0000000
62683,0.0000338,0.0000001,0.0000000
62684,0.0000338,0.0000001,0.0000000
62685,0.0000337,0.0000001,0.0000000
62686,0.0000337,0.0000001,0.0000000
62687,0.0000337,0.0000001,0.0000000
62688,0.0000337,0.0000001,0.0000000
62689,0.0000337,0.0000001,0.0000000
62690,0.0000337,0.0000001,0.0000000
62691,0.0000337,0.0000001,0.0000000
62692,0.0000337,0.0000001,0.0000000
62693,0.0000337,0.0000001,0.0000000
62694,0.0000337,0.0000001,0.0000000
62695,0.0000337,0.0000001,0.0000000
62696,0.0000337,0.0000001,0.0000000
62697,0.0000337,0.0000001,0.0000000
62698,0.0000337,0.0000001,0.0000000
62699,0.0000337,0.0000001,0.0000000
62700,0.0000337,0.0000001,0.0000000
62701,0.0000337,0.0000001,0.0000000
62702,0.0000337,0.0000001,0.0000000
62703,0.0000337,0.0000001,0.0000000
62704,0.0000337,0.0000001,0.0000000
62705,0.0000337,0.0000001,0.0000000
62706,0.0000337,0.0000001,0.0000000
62707,0.0000337,0.0000001,0.0000000
62708,0.0000337,0.0000001,0.0000000
62709,0.0000337,0.0000001,0.0000000
62710,0.0000337,0.0000001,0.0000000
62711,0.0000337,0.0000001,0.0000000
62712,0.0000337,0.0000001,0.0000000
62713,0.0000337,0.0000001,0.0000000
62714,0.0000337,0.0000001,0.0000000
62715,0.0000337,0.0000001,0.0000000
62716,0.0000337,0.0000001,0.0000000
62717,0.0000337,0.0000001,0.0000000
62718,0.0000337,0.0000001,0.0000000
62719,0.0000337,0.0000001,0.0000000
62720,0.0000337,0.0000001,0.0000000
62721,0.0000337,0.0000001,0.0000000
62722,0.0000337,0.0000001,0.0000000
62723,0.0000337,0.0000001,0.0000000
62724,0.0000337,0.0000001,0.0000000
62725,0.0000337,0.0000001,0.0000000
62726,0.0000337,0.0000001,0.0000000
62727,0.0000337,0.0000001,0.0000000
62728,0.0000337,0.0000001,0.0000000
62729,0.0000337,0.0000001,0.0000000
62730,0.0000337,0.0000001,0.0000000
62731,0.0000337,0.0000001,0.0000000
62732,0.0000337,0.0000001,0.0000000
62733,0.0000337,0.0000001,0.0000000
62734,0.0000337,0.0000001,0.0000000
62735,0.0000337,0.0000001,0.0000000
62736,0.0000337,0.0000001,0.0000000
62737,0.0000337,0.0000001,0.0000000
62738,0.0000337,0.0000001,0.0000000
62739,0.0000337,0.0000001,0.0000000
62740,0.0000337,0.0000001,0.0000000
62741,0.0000337,0.0000001,0.0000000
62742,0.0000337,0.0000001,0.0000000
62743,0.0000337,0.0000001,0.0000000
62744,0.0000337,0.0000001,0.0000000
62745,0.0000337,0.0000001,0.0000000
62746,0.0000337,0.0000001,0.0000000
62747,0.0000337,0.0000001,0.0000000
62748,0.0000337,0.0000001,0.0000000
62749,0.0000337,0.0000001,0.0000000
62750,0.0000337,0.0000001,0.0000000
62751,0.0000337,0.0000001,0.0000000
62752,0.0000336,0.0000001,0.0000000
62753,0.0000336,0.0000001,0.0000000
62754,0.0000336,0.0000001,0.0000000
62755,0.0000336,0.0000001,0.0000000
62756,0.0000336,0.0000001,0.0000000
62757,0.0000336,0.0000001,0.0000000
62758,0.0000336,0.0000001,0.0000000
62759,0.0000336,0.0000001,0.0000000
62760,0.0000336,0.0000001,0.0000000
62761,0.0000336,0.0000001,0.0000000
62762,0.0000336,0.0000001,0.0000000
62763,0.0000336,0.0000001,0.0000000
62764,0.0000336,0.0000001,0.0000000
62765,0.0000336,0.0000001,0.0000000
62766,0.0000336,0.0000001,0.0000000
62767,0.0000336,0.0000001,0.0000000
62768,0.0000336,0.0000001,0.0000000
62769,0.0000336,0.0000001,0.0000000
62770,0.0000336,0.0000001,0.0000000
62771,0.0000336,0.0000001,0.0000000
62772,0.0000336,0.0000001,0.0000000
62773,0.0000336,0.0000001,0.0000000
62774,0.0000336,0.0000001,0.0000000
62775,0.0000336,0.0000001,0.0000000
62776,0.0000336,0.0000001,0.0000000
62777,0.0000336,0.0000001,0.0000000
62778,0.0000336,0.0000001,0.0000000
62779,0.0000336,0.0000001,0.0000000
62780,0.0000336,0.0000001,0.0000000
62781,0.0000336,0.0000001,0.0000000
62782,0.0000336,0.0000001,0.0000000
62783,0.0000336,0.0000001,0.0000000
62784,0.0000336,0.0000001,0.0000000
62785,0.0000336,0.0000001,0.0000000
62786,0.0000336,0.0000001,0.0000000
62787,0.0000336,0.0000001,0.0000000
62788,0.0000336,0.0000001,0.0000000
62789,0.0000336,0.0000001,0.0000000
62790,0.0000336,0.0000001,0.0000000
62791,0.0000336,0.0000001,0.0000000
62792,0.0000336,0.0000001,0.0000000
62793,0.0000336,0.0000001,0.0000000
62794,0.0000336,0.0000001,0.0000000
62795,0.0000336,0.0000001,0.0000000
62796,0.0000336,0.0000001,0.0000000
62797,0.0000336,0.0000001,0.0000000
62798,0.0000336,0.0000001,0.0000000
62799,0.0000336,0.0000001,0.0000000
62800,0.0000336,0.0000001,0.0000000
62801,0.0000336,0.0000001,0.0000000
62802,0.0000336,0.0000001,0.0000000
62803,0.0000336,0.0000001,0.0000000
62804,0.0000336,0.0000001,0.0000000
62805,0.0000336,0.0000001,0.0000000
62806,0.0000336,0.0000001,0.0000000
62807,0.0000336,0.0000001,0.0000000
62808,0.0000336,0.0000001,0.0000000
62809,0.0000336,0.0000001,0.0000000
62810,0.0000336,0.0000001,0.0000000
62811,0.0000336,0.0000001,0.0000000
62812,0.0000336,0.0000001,0.0000000
62813,0.0000336,0.0000001,0.0000000
62814,0.0000336,0.0000001,0.0000000
62815,0.0000336,0.0000001,0.0000000
62816,0.0000336,0.0000001,0.0000000
62817,0.0000336,0.0000001,0.0000000
62818,0.0000335,0.0000001,0.0000000
62819,0.0000335,0.0000001,0.0000000
62820,0.0000335,0.0000001,0.0000000
62821,0.0000335,0.0000001,0.0000000
62822,0.0000335,0.0000001,0.0000000
62823,0.0000335,0.0000001,0.0000000
62824,0.0000335,0.0000001,0.0000000
62825,0.0000335,0.0000001,0.0000000
62826,0.0000335,0.0000001,0.0000000
62827,0.0000335,0.0000001,0.0000000
62828,0.0000335,0.0000001,0.0000000
62829,0.0000335,0.0000001,0.0000000
62830,0.0000335,0.0000001,0.0000000
62831,0.0000335,0.0000001,0.0000000
62832,0.0000335,0.0000001,0.0000000
62833,0.0000335,0.0000001,0.0000000
62834,0.0000335,0.0000001,0.0000000
62835,0.0000335,0.0000001,0.0000000
62836,0.0000335,0.0000001,0.0000000
62837,0.0000335,0.0000001,0.0000000
62838,0.0000335,0.0000001,0.0000000
62839,0.0000335,0.0000001,0.0000000
62840,0.0000335,0.0000001,0.0000000
62841,0.0000335,0.0000001,0.0000000
62842,0.0000335,0.0000001,0.0000000
62843,0.0000335,0.0000001,0.0000000
62844,0.0000335,0.0000001,0.0000000
62845,0.0000335,0.0000001,0.0000000
62846,0.0000335,0.0000001,0.0000000
62847,0.0000335,0.0000001,0.0000000
62848,0.0000335,0.0000001,0.0000000
62849,0.0000335,0.0000001,0.0000000
62850,0.0000335,0.0000001,0.0000000
62851,0.0000335,0.0000001,0.0000000
62852,0.0000335,0.0000001,0.0000000
62853,0.0000335,0.0000001,0.0000000
62854,0.0000335,0.0000001,0.0000000
62855,0.0000335,0.0000001,0.0000000
62856,0.0000335,0.0000001,0.0000000
62857,0.0000335,0.0000001,0.0000000
62858,0.0000335,0.0000001,0.0000000
62859,0.0000335,0.0000001,0.0000000
62860,0.0000335,0.0000001,0.0000000
62861,0.0000335,0.0000001,0.0000000
62862,0.0000335,0.0000001,0.0000000
62863,0.0000335,0.0000001,0.0000000
62864,0.0000335,0.0000001,0.0000000
62865,0.0000335,0.0000001,0.0000000
62866,0.0000335,0.0000001,0.0000000
62867,0.0000335,0.0000001,0.0000000
62868,0.0000335,0.0000001,0.0000000
62869,0.0000335,0.0000001,0.0000000
62870,0.0000335,0.0000001,0.0000000
62871,0.0000335,0.0000001,0.0000000
62872,0.0000335,0.0000001,0.0000000
62873,0.0000335,0.0000001,0.0000000
62874,0.0000335,0.0000001,0.0000000
62875,0.0000335,0.0000001,0.0000000
62876,0.0000335,0.0000001,0.0000000
62877,0.0000335,0.0000001,0.0000000
62878,0.0000335,0.0000001,0.0000000
62879,0.0000335,0.0000001,0.0000000
62880,0.0000335,0.0000001,0.0000000
62881,0.0000335,0.0000001,0.0000000
62882,0.0000335,0.0000001,0.0000000
62883,0.0000335,0.0000001,0.0000000
62884,0.0000335,0.0000001,0.0000000
62885,0.0000334,0.0000001,0.0000000
62886,0.0000334,0.0000001,0.0000000
62887,0.0000334,0.0000001,0.0000000
62888,0.0000334,0.0000001,0.0000000
62889,0.0000334,0.0000001,0.0000000
62890,0.0000334,0.0000001,0.0000000
62891,0.0000334,0.0000001,0.0000000
62892,0.0000334,0.0000001,0.0000000
62893,0.0000334,0.0000001,0.0000000
62894,0.0000334,0.0000001,0.0000000
62895,0.0000334,0.0000001,0.0000000
62896,0.0000334,0.0000001,0.0000000
62897,0.0000334,0.0000001,0.0000000
62898,0.0000334,0.0000001,0.0000000
62899,0.0000334,0.0000001,0.0000000
62900,0.0000334,0.0000001,0.0000000
62901,0.0000334,0.0000001,0.0000000
62902,0.0000334,0.0000001,0.0000000
62903,0.0000334,0.0000001,0.0000000
62904,0.0000334,0.0000001,0.0000000
62905,0.0000334,0.0000001,0.0000000
62906,0.0000334,0.0000001,0.0000000
62907,0.0000334,0.0000001,0.0000000
62908,0.0000334,0.0000001,0.0000000
62909,0.0000334,0.0000001,0.0000000
62910,0.0000334,0.0000001,0.0000000
62911,0.0000334,0.0000001,0.0000000
62912,0.0000334,0.0000001,0.0000000
62913,0.0000334,0.0000001,0.0000000
62914,0.0000334,0.0000001,0.0000000
62915,0.0000334,0.0000001,0.0000000
62916,0.0000334,0.0000001,0.0000000
62917,0.0000334,0.0000001,0.0000000
62918,0.0000334,0.0000001,0.0000000
62919,0.0000334,0.0000001,0.0000000
62920,0.0000334,0.0000001,0.0000000
62921,0.0000334,0.0000001,0.0000000
62922,0.0000334,0.0000001,0.0000000
62923,0.0000334,0.0000001,0.0000000
62924,0.0000334,0.0000001,0.0000000
62925,0.0000334,0.0000001,0.0000000
62926,0.0000334,0.0000001,0.0000000
62927,0.0000334,0.0000001,0.0000000
62928,0.0000334,0.0000001,0.0000000
62929,0.0000334,0.0000001,0.0000000
62930,0.0000334,0.0000001,0.0000000
62931,0.0000334,0.0000001,0.0000000
62932,0.0000334,0.0000001,0.0000000
62933,0.0000334,0.0000001,0.0000000
62934,0.0000334,0.0000001,0.0000000
62935,0.0000334,0.0000001,0.0000000
62936,0.0000334,0.0000001,0.0000000
62937,0.0000334,0.0000001,0.0000000
62938,0.0000334,0.0000001,0.0000000
62939,0.0000334,0.0000001,0.0000000
62940,0.0000334,0.0000001,0.0000000
62941,0.0000334,0.0000001,0.0000000
62942,0.0000334,0.0000001,0.0000000
62943,0.0000334,0.0000001,0.0000000
62944,0.0000334,0.0000001,0.0000000
62945,0.0000334,0.0000001,0.0000000
62946,0.0000334,0.0000001,0.0000000
62947,0.0000334,0.0000001,0.0000000
62948,0.0000334,0.0000001,0.0000000
62949,0.0000334,0.0000001,0.0000000
62950,0.0000334,0.0000001,0.0000000
62951,0.0000334,0.0000001,0.0000000
62952,0.0000333,0.0000001,0.0000000
62953,0.0000333,0.0000001,0.0000000
62954,0.0000333,0.0000001,0.0000000
62955,0.0000333,0.0000001,0.0000000
62956,0.0000333,0.0000001,0.0000000
62957,0.0000333,0.0000001,0.0000000
62958,0.0000333,0.0000001,0.0000000
62959,0.0000333,0.0000001,0.0000000
62960,0.0000333,0.0000001,0.0000000
62961,0.0000333,0.0000001,0.0000000
62962,0.0000333,0.0000001,0.0000000
62963,0.0000333,0.0000001,0.0000000
62964,0.0000333,0.0000001,0.0000000
62965,0.0000333,0.0000001,0.0000000
62966,0.0000333,0.0000001,0.0000000
62967,0.0000333,0.0000001,0.0000000
62968,0.0000333,0.0000001,0.0000000
62969,0.0000333,0.0000001,0.0000000
62970,0.0000333,0.0000001,0.0000000
62971,0.0000333,0.0000001,0.0000000
62972,0.0000333,0.0000001,0.0000000
62973,0.0000333,0.0000001,0.0000000
62974,0.0000333,0.0000001,0.0000000
62975,0.0000333,0.0000001,0.0000000
62976,0.0000333,0.0000001,0.0000000
62977,0.0000333,0.0000001,0.0000000
62978,0.0000333,0.0000001,0.0000000
62979,0.0000333,0.0000001,0.0000000
62980,0.0000333,0.0000001,0.0000000
62981,0.0000333,0.0000001,0.0000000
62982,0.0000333,0.0000001,0.0000000
62983,0.0000333,0.0000001,0.0000000
62984,0.0000333,0.0000001,0.0000000
62985,0.0000333,0.0000001,0.0000000
62986,0.0000333,0.0000001,0.0000000
62987,0.0000333,0.0000001,0.0000000
62988,0.0000333,0.0000001,0.0000000
62989,0.0000333,0.0000001,0.0000000
62990,0.0000333,0.0000001,0.0000000
62991,0.0000333,0.0000001,0.0000000
62992,0.0000333,0.0000001,0.0000000
62993,0.0000333,0.0000001,0.0000000
62994,0.0000333,0.0000001,0.0000000
62995,0.0000333,0.0000001,0.0000000
62996,0.0000333,0.0000001,0.0000000
62997,0.0000333,0.0000001,0.0000000
62998,0.0000333,0.0000001,0.0000000
62999,0.0000333,0.0000001,0.0000000
63000,0.0000333,0.0000001,0.0000000
63001,0.0000333,0.0000001,0.0000000
63002,0.0000333,0.0000001,0.0000000
63003,0.0000333,0.0000001,0.0000000
63004,0.0000333,0.0000001,0.0000000
63005,0.0000333,0.0000001,0.0000000
63006,0.0000333,0.0000001,0.0000000
63007,0.0000333,0.0000001,0.0000000
63008,0.0000333,0.0000001,0.0000000
63009,0.0000333,0.0000001,0.0000000
63010,0.0000333,0.0000001,0.0000000
63011,0.0000333,0.0000001,0.0000000
63012,0.0000333,0.0000001,0.0000000
63013,0.0000333,0.0000001,0.0000000
63014,0.0000333,0.0000001,0.0000000
63015,0.0000333,0.0000001,0.0000000
63016,0.0000333,0.0000001,0.0000000
63017,0.0000333,0.0000001,0.0000000
63018,0.0000333,0.0000001,0.0000000
63019,0.0000332,0.0000001,0.0000000
63020,0.0000332,0.0000001,0.0000000
63021,0.0000332,0.0000001,0.0000000
63022,0.0000332,0.0000001,0.0000000
63023,0.0000332,0.0000001,0.0000000
63024,0.0000332,0.0000001,0.0000000
63025,0.0000332,0.0000001,0.0000000
63026,0.0000332,0.0000001,0.0000000
63027,0.0000332,0.0000001,0.0000000
63028,0.0000332,0.0000001,0.0000000
63029,0.0000332,0.0000001,0.0000000
63030,0.0000332,0.0000001,0.0000000
63031,0.0000332,0.0000001,0.0000000
63032,0.0000332,0.0000001,0.0000000
63033,0.0000332,0.0000001,0.0000000
63034,0.0000332,0.0000001,0.0000000
63035,0.0000332,0.0000001,0.0000000
63036,0.0000332,0.0000001,0.0000000
63037,0.0000332,0.0000001,0.0000000
63038,0.0000332,0.0000001,0.0000000
63039,0.0000332,0.0000001,0.0000000
63040,0.0000332,0.0000001,0.0000000
63041,0.0000332,0.0000001,0.0000000
63042,0.0000332,0.0000001,0.0000000
63043,0.0000332,0.0000001,0.0000000
63044,0.0000332,0.0000001,0.0000000
63045,0.0000332,0.0000001,0.0000000
63046,0.0000332,0.0000001,0.0000000
63047,0.0000332,0.0000001,0.0000000
63048,0.0000332,0.0000001,0.0000000
63049,0.0000332,0.0000001,0.0000000
63050,0.0000332,0.0000001,0.0000000
63051,0.0000332,0.0000001,0.0000000
63052,0.0000332,0.0000001,0.0000000
63053,0.0000332,0.0000001,0.0000000
63054,0.0000332,0.0000001,0.0000000
63055,0.0000332,0.0000001,0.0000000
63056,0.0000332,0.0000001,0.0000000
63057,0.0000332,0.0000001,0.0000000
63058,0.0000332,0.0000001,0.0000000
63059,0.0000332,0.0000001,0.0000000
63060,0.0000332,0.0000001,0.0000000
63061,0.0000332,0.0000001,0.0000000
63062,0.0000332,0.0000001,0.0000000
63063,0.0000332,0.0000001,0.0000000
63064,0.0000332,0.0000001,0.0000000
63065,0.0000332,0.0000001,0.0000000
63066,0.0000332,0.0000001,0.0000000
63067,0.0000332,0.0000001,0.0000000
63068,0.0000332,0.0000001,0.0000000
63069,0.0000332,0.0000001,0.0000000
63070,0.0000332,0.0000001,0.0000000
63071,0.0000332,0.0000001,0.0000000
63072,0.0000332,0.0000001,0.0000000
63073,0.0000332,0.0000001,0.0000000
63074,0.0000332,0.0000001,0.0000000
63075,0.0000332,0.0000001,0.0000000
63076,0.0000332,0.0000001,0.0000000
63077,0.0000332,0.0000001,0.0000000
63078,0.0000332,0.0000001,0.0000000
63079,0.0000332,0.0000001,0.0000000
63080,0.0000332,0.0000001,0.0000000
63081,0.0000332,0.0000001,0.0000000
63082,0.0000332,0.0000001,0.0000000
63083,0.0000332,0.0000001,0.0000000
63084,0.0000332,0.0000001,0.0000000
63085,0.0000332,0.0000001,0.0000000
63086,0.0000331,0.0000001,0.0000000
63087,0.0000331,0.0000001,0.0000000
63088,0.0000331,0.0000001,0.0000000
63089,0.0000331,0.0000001,0.0000000
63090,0.0000331,0.0000001,0.0000000
63091,0.0000331,0.0000001,0.0000000
63092,0.0000331,0.0000001,0.0000000
63093,0.0000331,0.0000001,0.0000000
63094,0.0000331,0.0000001,0.0000000
63095,0.0000331,0.0000001,0.0000000
63096,0.0000331,0.0000001,0.0000000
63097,0.0000331,0.0000001,0.0000000
63098,0.0000331,0.0000001,0.0000000
63099,0.0000331,0.0000001,0.0000000
63100,0.0000331,0.0000001,0.0000000
63101,0.0000331,0.0000001,0.0000000
63102,0.0000331,0.0000001,0.0000000
63103,0.0000331,0.0000001,0.0000000
63104,0.0000331,0.0000001,0.0000000
63105,0.0000331,0.0000001,0.0000000
63106,0.0000331,0.0000001,0.0000000
63107,0.0000331,0.0000001,0.0000000
63108,0.0000331,0.0000001,0.0000000
63109,0.0000331,0.0000001,0.0000000
63110,0.0000331,0.0000001,0.0000000
63111,0.0000331,0.0000001,0.0000000
63112,0.0000331,0.0000001,0.0000000
63113,0.0000331,0.0000001,0.0000000
63114,0.0000331,0.0000001,0.0000000
63115,0.0000331,0.0000001,0.0000000
63116,0.0000331,0.0000001,0.0000000
63117,0.0000331,0.0000001,0.0000000
63118,0.0000331,0.0000001,0.0000000
63119,0.0000331,0.0000001,0.0000000
63120,0.0000331,0.0000001,0.0000000
63121,0.0000331,0.0000001,0.0000000
63122,0.0000331,0.0000001,0.0000000
63123,0.0000331,0.0000001,0.0000000
63124,0.0000331,0.0000001,0.0000000
63125,0.0000331,0.0000001,0.0000000
63126,0.0000331,0.0000001,0.0000000
63127,0.0000331,0.0000001,0.0000000
63128,0.0000331,0.0000001,0.0000000
63129,0.0000331,0.0000001,0.0000000
63130,0.0000331,0.0000001,0.0000000
63131,0.0000331,0.0000001,0.0000000
63132,0.0000331,0.0000001,0.0000000
63133,0.0000331,0.0000001,0.0000000
63134,0.0000331,0.0000001,0.0000000
63135,0.0000331,0.0000001,0.0000000
63136,0.0000331,0.0000001,0.0000000
63137,0.0000331,0.0000001,0.0000000
63138,0.0000331,0.0000001,0.0000000
63139,0.0000331,0.0000001,0.0000000
63140,0.0000331,0.0000001,0.0000000
63141,0.0000331,0.0000001,0.0000000
63142,0.0000331,0.0000001,0.0000000
63143,0.0000331,0.0000001,0.0000000
63144,0.0000331,0.0000001,0.0000000
63145,0.0000331,0.0000001,0.0000000
63146,0.0000331,0.0000001,0.0000000
63147,0.0000331,0.0000001,0.0000000
63148,0.0000331,0.0000001,0.0000000
63149,0.0000331,0.0000001,0.0000000
63150,0.0000331,0.0000001,0.0000000
63151,0.0000331,0.0000001,0.0000000
63152,0.0000331,0.0000001,0.0000000
63153,0.0000331,0.0000001,0.0000000
63154,0.0000330,0.0000001,0.0000000
63155,0.0000330,0.0000001,0.0000000
63156,0.0000330,0.0000001,0.0000000
63157,0.0000330,0.0000001,0.0000000
63158,0.0000330,0.0000001,0.0000000
63159,0.0000330,0.0000001,0.0000000
63160,0.0000330,0.0000001,0.0000000
63161,0.0000330,0.0000001,0.0000000
63162,0.0000330,0.0000001,0.0000000
63163,0.0000330,0.0000001,0.0000000
63164,0.0000330,0.0000001,0.0000000
63165,0.0000330,0.0000001,0.0000000
63166,0.0000330,0.0000001,0.0000000
63167,0.0000330,0.0000001,0.0000000
63168,0.0000330,0.0000001,0.0000000
63169,0.0000330,0.0000001,0.0000000
63170,0.0000330,0.0000001,0.0000000
63171,0.0000330,0.0000001,0.0000000
63172,0.0000330,0.0000001,0.0000000
63173,0.0000330,0.0000001,0.0000000
63174,0.0000330,0.0000001,0.0000000
63175,0.0000330,0.0000001,0.0000000
63176,0.0000330,0.0000001,0.0000000
63177,0.0000330,0.0000001,0.0000000
63178,0.0000330,0.0000001,0.0000000
63179,0.0000330,0.0000001,0.0000000
63180,0.0000330,0.0000001,0.0000000
63181,0.0000330,0.0000001,0.0000000
63182,0.0000330,0.0000001,0.0000000
63183,0.0000330,0.0000001,0.0000000
63184,0.0000330,0.0000001,0.0000000
63185,0.0000330,0.0000001,0.0000000
63186,0.0000330,0.0000001,0.0000000
63187,0.0000330,0.0000001,0.0000000
63188,0.0000330,0.0000001,0.0000000
63189,0.0000330,0.0000001,0.0000000
63190,0.0000330,0.0000001,0.0000000
63191,0.0000330,0.0000001,0.0000000
63192,0.0000330,0.0000001,0.0000000
63193,0.0000330,0.0000001,0.0000000
63194,0.0000330,0.0000001,0.0000000
63195,0.0000330,0.0000001,0.0000000
63196,0.0000330,0.0000001,0.0000000
63197,0.0000330,0.0000001,0.0000000
63198,0.0000330,0.0000001,0.0000000
63199,0.0000330,0.0000001,0.0000000
63200,0.0000330,0.0000001,0.0000000
63201,0.0000330,0.0000001,0.0000000
63202,0.0000330,0.0000001,0.0000000
63203,0.0000330,0.0000001,0.0000000
63204,0.0000330,0.0000001,0.0000000
63205,0.0000330,0.0000001,0.0000000
63206,0.0000330,0.0000001,0.0000000
63207,0.0000330,0.0000001,0.0000000
63208,0.0000330,0.0000001,0.0000000
63209,0.0000330,0.0000001,0.0000000
63210,0.0000330,0.0000001,0.0000000
63211,0.0000330,0.0000001,0.0000000
63212,0.0000330,0.0000001,0.0000000
63213,0.0000330,0.0000001,0.0000000
63214,0.0000330,0.0000001,0.0000000
63215,0.0000330,0.0000001,0.0000000
63216,0.0000330,0.0000001,0.0000000
63217,0.0000330,0.0000001,0.0000000
63218,0.0000330,0.0000001,0.0000000
63219,0.0000330,0.0000001,0.0000000
63220,0.0000330,0.0000001,0.0000000
63221,0.0000330,0.0000001,0.0000000
63222,0.0000329,0.0000001,0.0000000
63223,0.0000329,0.0000001,0.0000000
63224,0.0000329,0.0000001,0.0000000
63225,0.0000329,0.0000001,0.0000000
63226,0.0000329,0.0000001,0.0000000
63227,0.0000329,0.0000001,0.0000000
63228,0.0000329,0.0000001,0.0000000
63229,0.0000329,0.0000001,0.0000000
63230,0.0000329,0.0000001,0.0000000
63231,0.0000329,0.0000001,0.0000000
63232,0.0000329,0.0000001,0.0000000
63233,0.0000329,0.0000001,0.0000000
63234,0.0000329,0.0000001,0.0000000
63235,0.0000329,0.0000001,0.0000000
63236,0.0000329,0.0000001,0.0000000
63237,0.0000329,0.0000001,0.0000000
63238,0.0000329,0.0000001,0.0000000
63239,0.0000329,0.0000001,0.0000000
63240,0.0000329,0.0000001,0.0000000
63241,0.0000329,0.0000001,0.0000000
63242,0.0000329,0.0000001,0.0000000
63243,0.0000329,0.0000001,0.0000000
63244,0.0000329,0.0000001,0.0000000
63245,0.0000329,0.0000001,0.0000000
63246,0.0000329,0.0000001,0.0000000
63247,0.0000329,0.0000001,0.0000000
63248,0.0000329,0.0000001,0.0000000
63249,0.0000329,0.0000001,0.0000000
63250,0.0000329,0.0000001,0.0000000
63251,0.0000329,0.0000001,0.0000000
63252,0.0000329,0.0000001,0.0000000
63253,0.0000329,0.0000001,0.0000000
63254,0.0000329,0.0000001,0.0000000
63255,0.0000329,0.0000001,0.0000000
63256,0.0000329,0.0000001,0.0000000
63257,0.0000329,0.0000001,0.0000000
63258,0.0000329,0.0000001,0.0000000
63259,0.0000329,0.0000001,0.0000000
63260,0.0000329,0.0000001,0.0000000
63261,0.0000329,0.0000001,0.0000000
63262,0.0000329,0.0000001,0.0000000
63263,0.0000329,0.0000001,0.0000000
63264,0.0000329,0.0000001,0.0000000
63265,0.0000329,0.0000001,0.0000000
63266,0.0000329,0.0000001,0.0000000
63267,0.0000329,0.0000001,0.0000000
63268,0.0000329,0.0000001,0.0000000
63269,0.0000329,0.0000001,0.0000000
63270,0.0000329,0.0000001,0.0000000
63271,0.0000329,0.0000001,0.0000000
63272,0.0000329,0.0000001,0.0000000
63273,0.0000329,0.0000001,0.0000000
63274,0.0000329,0.0000001,0.0000000
63275,0.0000329,0.0000001,0.0000000
63276,0.0000329,0.0000001,0.0000000
63277,0.0000329,0.0000001,0.0000000
63278,0.0000329,0.0000001,0.0000000
63279,0.0000329,0.0000001,0.0000000
63280,0.0000329,0.0000001,0.0000000
63281,0.0000329,0.0000001,0.0000000
63282,0.0000329,0.0000001,0.0000000
63283,0.0000329,0.0000001,0.0000000
63284,0.0000329,0.0000001,0.0000000
63285,0.0000329,0.0000001,0.0000000
63286,0.0000329,0.0000001,0.0000000
63287,0.0000329,0.0000001,0.0000000
63288,0.0000329,0.0000001,0.0000000
63289,0.0000328,0.0000001,0.0000000
63290,0.0000328,0.0000001,0.0000000
63291,0.0000328,0.0000001,0.0000000
63292,0.0000328,0.0000001,0.0000000
63293,0.0000328,0.0000001,0.0000000
63294,0.0000328,0.0000001,0.0000000
63295,0.0000328,0.0000001,0.0000000
63296,0.0000328,0.0000001,0.0000000
63297,0.0000328,0.0000001,0.0000000
63298,0.0000328,0.0000001,0.0000000
63299,0.0000328,0.0000001,0.0000000
63300,0.0000328,0.0000001,0.0000000
63301,0.0000328,0.0000001,0.0000000
63302,0.0000328,0.0000001,0.0000000
63303,0.0000328,0.0000001,0.0000000
63304,0.0000328,0.0000001,0.0000000
63305,0.0000328,0.0000001,0.0000000
63306,0.0000328,0.0000001,0.0000000
63307,0.0000328,0.0000001,0.0000000
63308,0.0000328,0.0000001,0.0000000
63309,0.0000328,0.0000001,0.0000000
63310,0.0000328,0.0000001,0.0000000
63311,0.0000328,0.0000001,0.0000000
63312,0.0000328,0.0000001,0.0000000
63313,0.0000328,0.0000001,0.0000000
63314,0.0000328,0.0000001,0.0000000
63315,0.0000328,0.0000001,0.0000000
63316,0.0000328,0.0000001,0.0000000
63317,0.0000328,0.0000001,0.0000000
63318,0.0000328,0.0000001,0.0000000
63319,0.0000328,0.0000001,0.0000000
63320,0.0000328,0.0000001,0.0000000
63321,0.0000328,0.0000001,0.0000000
63322,0.0000328,0.0000001,0.0000000
63323,0.0000328,0.0000001,0.0000000
63324,0.0000328,0.0000001,0.0000000
63325,0.0000328,0.0000001,0.0000000
63326,0.0000328,0.0000001,0.0000000
63327,0.0000328,0.0000001,0.0000000
63328,0.0000328,0.0000001,0.0000000
63329,0.0000328,0.0000001,0.0000000
63330,0.0000328,0.0000001,0.0000000
63331,0.0000328,0.0000001,0.0000000
63332,0.0000328,0.0000001,0.0000000
63333,0.0000328,0.0000001,0.0000000
63334,0.0000328,0.0000001,0.0000000
63335,0.0000328,0.0000001,0.0000000
63336,0.0000328,0.0000001,0.0000000
63337,0.0000328,0.0000001,0.0000000
63338,0.0000328,0.0000001,0.0000000
63339,0.0000328,0.0000001,0.0000000
63340,0.0000328,0.0000001,0.0000000
63341,0.0000328,0.0000001,0.0000000
63342,0.0000328,0.0000001,0.0000000
63343,0.0000328,0.0000001,0.0000000
63344,0.0000328,0.0000001,0.0000000
63345,0.0000328,0.0000001,0.0000000
63346,0.0000328,0.0000001,0.0000000
63347,0.0000328,0.0000001,0.0000000
63348,0.0000328,0.0000001,0.0000000
63349,0.0000328,0.0000001,0.0000000
63350,0.0000328,0.0000001,0.0000000
63351,0.0000328,0.0000001,0.0000000
63352,0.0000328,0.0000001,0.0000000
63353,0.0000328,0.0000001,0.0000000
63354,0.0000328,0.0000001,0.0000000
63355,0.0000328,0.0000001,0.0000000
63356,0.0000328,0.0000001,0.0000000
63357,0.0000327,0.0000001,0.0000000
63358,0.0000327,0.0000001,0.0000000
63359,0.0000327,0.0000001,0.0000000
63360,0.0000327,0.0000001,0.0000000
63361,0.0000327,0.0000001,0.0000000
63362,0.0000327,0.0000001,0.0000000
63363,0.0000327,0.0000001,0.0000000
63364,0.0000327,0.0000001,0.0000000
63365,0.0000327,0.0000001,0.0000000
63366,0.0000327,0.0000001,0.0000000
63367,0.0000327,0.0000001,0.0000000
63368,0.0000327,0.0000001,0.0000000
63369,0.0000327,0.0000001,0.0000000
63370,0.0000327,0.0000001,0.0000000
63371,0.0000327,0.0000001,0.0000000
63372,0.0000327,0.0000001,0.0000000
63373,0.0000327,0.0000001,0.0000000
63374,0.0000327,0.0000001,0.0000000
63375,0.0000327,0.0000001,0.0000000
63376,0.0000327,0.0000001,0.0000000
63377,0.0000327,0.0000001,0.0000000
63378,0.0000327,0.0000001,0.0000000
63379,0.0000327,0.0000001,0.0000000
63380,0.0000327,0.0000001,0.0000000
63381,0.0000327,0.0000001,0.0000000
63382,0.0000327,0.0000001,0.0000000
63383,0.0000327,0.0000001,0.0000000
63384,0.0000327,0.0000001,0.0000000
63385,0.0000327,0.0000001,0.0000000
63386,0.0000327,0.0000001,0.0000000
63387,0.0000327,0.0000001,0.0000000
63388,0.0000327,0.0000001,0.0000000
63389,0.0000327,0.0000001,0.0000000
63390,0.0000327,0.0000001,0.0000000
63391,0.0000327,0.0000001,0.0000000
63392,0.0000327,0.0000001,0.0000000
63393,0.0000327,0.0000001,0.0000000
63394,0.0000327,0.0000001,0.0000000
63395,0.0000327,0.0000001,0.0000000
63396,0.0000327,0.0000001,0.0000000
63397,0.0000327,0.0000001,0.0000000
63398,0.0000327,0.0000001,0.0000000
63399,0.0000327,0.0000001,0.0000000
63400,0.0000327,0.0000001,0.0000000
63401,0.0000327,0.0000001,0.0000000
63402,0.0000327,0.0000001,0.0000000
63403,0.0000327,0.0000001,0.0000000
63404,0.0000327,0.0000001,0.0000000
63405,0.0000327,0.0000001,0.0000000
63406,0.0000327,0.0000001,0.0000000
63407,0.0000327,0.0000001,0.0000000
63408,0.0000327,0.0000001,0.0000000
63409,0.0000327,0.0000001,0.0000000
63410,0.0000327,0.0000001,0.0000000
63411,0.0000327,0.0000001,0.0000000
63412,0.0000327,0.0000001,0.0000000
63413,0.0000327,0.0000001,0.0000000
63414,0.0000327,0.0000001,0.0000000
63415,0.0000327,0.0000001,0.0000000
63416,0.0000327,0.0000001,0.0000000
63417,0.0000327,0.0000001,0.0000000
63418,0.0000327,0.0000001,0.0000000
63419,0.0000327,0.0000001,0.0000000
63420,0.0000327,0.0000001,0.0000000
63421,0.0000327,0.0000001,0.0000000
63422,0.0000327,0.0000001,0.0000000
63423,0.0000327,0.0000001,0.0000000
63424,0.0000327,0.0000001,0.0000000
63425,0.0000327,0.0000001,0.0000000
63426,0.0000326,0.0000001,0.0000000
63427,0.0000326,0.0000001,0.0000000
63428,0.0000326,0.0000001,0.0000000
63429,0.0000326,0.0000001,0.0000000
63430,0.0000326,0.0000001,0.0000000
63431,0.0000326,0.0000001,0.0000000
63432,0.0000326,0.0000001,0.0000000
63433,0.0000326,0.0000001,0.0000000
63434,0.0000326,0.0000001,0.0000000
63435,0.0000326,0.0000001,0.0000000
63436,0.0000326,0.0000001,0.0000000
63437,0.0000326,0.0000001,0.0000000
63438,0.0000326,0.0000001,0.0000000
63439,0.0000326,0.0000001,0.0000000
63440,0.0000326,0.0000001,0.0000000
63441,0.0000326,0.0000001,0.0000000
63442,0.0000326,0.0000001,0.0000000
63443,0.0000326,0.0000001,0.0000000
63444,0.0000326,0.0000001,0.0000000
63445,0.0000326,0.0000001,0.0000000
63446,0.0000326,0.0000001,0.0000000
63447,0.0000326,0.0000001,0.0000000
63448,0.0000326,0.0000001,0.0000000
63449,0.0000326,0.0000001,0.0000000
63450,0.0000326,0.0000001,0.0000000
63451,0.0000326,0.0000001,0.0000000
63452,0.0000326,0.0000001,0.0000000
63453,0.0000326,0.0000001,0.0000000
63454,0.0000326,0.0000001,0.0000000
63455,0.0000326,0.0000001,0.0000000
63456,0.0000326,0.0000001,0.0000000
63457,0.0000326,0.0000001,0.0000000
63458,0.0000326,0.0000001,0.0000000
63459,0.0000326,0.0000001,0.0000000
63460,0.0000326,0.0000001,0.0000000
63461,0.0000326,0.0000001,0.0000000
63462,0.0000326,0.0000001,0.0000000
63463,0.0000326,0.0000001,0.0000000
63464,0.0000326,0.0000001,0.0000000
63465,0.0000326,0.0000001,0.0000000
63466,0.0000326,0.0000001,0.0000000
63467,0.0000326,0.0000001,0.0000000
63468,0.0000326,0.0000001,0.0000000
63469,0.0000326,0.0000001,0.0000000
63470,0.0000326,0.0000001,0.0000000
63471,0.0000326,0.0000001,0.0000000
63472,0.0000326,0.0000001,0.0000000
63473,0.0000326,0.0000001,0.0000000
63474,0.0000326,0.0000001,0.0000000
63475,0.0000326,0.0000001,0.0000000
63476,0.0000326,0.0000001,0.0000000
63477,0.0000326,0.0000001,0.0000000
63478,0.0000326,0.0000001,0.0000000
63479,0.0000326,0.0000001,0.0000000
63480,0.0000326,0.0000001,0.0000000
63481,0.0000326,0.0000001,0.0000000
63482,0.0000326,0.0000001,0.0000000
63483,0.0000326,0.0000001,0.0000000
63484,0.0000326,0.0000001,0.0000000
63485,0.0000326,0.0000001,0.0000000
63486,0.0000326,0.0000001,0.0000000
63487,0.0000326,0.0000001,0.0000000
63488,0.0000326,0.0000001,0.0000000
63489,0.0000326,0.0000001,0.0000000
63490,0.0000326,0.0000001,0.0000000
63491,0.0000326,0.0000001,0.0000000
63492,0.0000326,0.0000001,0.0000000
63493,0.0000326,0.0000001,0.0000000
63494,0.0000325,0.0000001,0.0000000
63495,0.0000325,0.0000001,0.0000000
63496,0.0000325,0.0000001,0.0000000
63497,0.0000325,0.0000001,0.0000000
63498,0.0000325,0.0000001,0.0000000
63499,0.0000325,0.0000001,0.0000000
63500,0.0000325,0.0000001,0.0000000
63501,0.0000325,0.0000001,0.0000000
63502,0.0000325,0.0000001,0.0000000
63503,0.0000325,0.0000001,0.0000000
63504,0.0000325,0.0000001,0.0000000
63505,0.0000325,0.0000001,0.0000000
63506,0.0000325,0.0000001,0.0000000
63507,0.0000325,0.0000001,0.0000000
63508,0.0000325,0.0000001,0.0000000
63509,0.0000325,0.0000001,0.0000000
63510,0.0000325,0.0000001,0.0000000
63511,0.0000325,0.0000001,0.0000000
63512,0.0000325,0.0000001,0.0000000
63513,0.0000325,0.0000001,0.0000000
63514,0.0000325,0.0000001,0.0000000
63515,0.0000325,0.0000001,0.0000000
63516,0.0000325,0.0000001,0.0000000
63517,0.0000325,0.0000001,0.0000000
63518,0.0000325,0.0000001,0.0000000
63519,0.0000325,0.0000001,0.0000000
63520,0.0000325,0.0000001,0.0000000
63521,0.0000325,0.0000001,0.0000000
63522,0.0000325,0.0000001,0.0000000
63523,0.0000325,0.0000001,0.0000000
63524,0.0000325,0.0000001,0.0000000
63525,0.0000325,0.0000001,0.0000000
63526,0.0000325,0.0000001,0.0000000
63527,0.0000325,0.0000001,0.0000000
63528,0.0000325,0.0000001,0.0000000
63529,0.0000325,0.0000001,0.0000000
63530,0.0000325,0.0000001,0.0000000
63531,0.0000325,0.0000001,0.0000000
63532,0.0000325,0.0000001,0.0000000
63533,0.0000325,0.0000001,0.0000000
63534,0.0000325,0.0000001,0.0000000
63535,0.0000325,0.0000001,0.0000000
63536,0.0000325,0.0000001,0.0000000
63537,0.0000325,0.0000001,0.0000000
63538,0.0000325,0.0000001,0.0000000
63539,0.0000325,0.0000001,0.0000000
63540,0.0000325,0.0000001,0.0000000
63541,0.0000325,0.0000001,0.0000000
63542,0.0000325,0.0000001,0.0000000
63543,0.0000325,0.0000001,0.0000000
63544,0.0000325,0.0000001,0.0000000
63545,0.0000325,0.0000001,0.0000000
63546,0.0000325,0.0000001,0.0000000
63547,0.0000325,0.0000001,0.0000000
63548,0.0000325,0.0000001,0.0000000
63549,0.0000325,0.0000001,0.0000000
63550,0.0000325,0.0000001,0.0000000
63551,0.0000325,0.0000001,0.0000000
63552,0.0000325,0.0000001,0.0000000
63553,0.0000325,0.0000001,0.0000000
63554,0.0000325,0.0000001,0.0000000
63555,0.0000325,0.0000001,0.0000000
63556,0.0000325,0.0000001,0.0000000
63557,0.0000325,0.0000001,0.0000000
63558,0.0000325,0.0000001,0.0000000
63559,0.0000325,0.0000001,0.0000000
63560,0.0000325,0.0000001,0.0000000
63561,0.0000325,0.0000001,0.0000000
63562,0.0000324,0.0000001,0.0000000
63563,0.0000324,0.0000001,0.0000000
63564,0.0000324,0.0000001,0.0000000
63565,0.0000324,0.0000001,0.0000000
63566,0.0000324,0.0000001,0.0000000
63567,0.0000324,0.0000001,0.0000000
63568,0.0000324,0.0000001,0.0000000
63569,0.0000324,0.0000001,0.0000000
63570,0.0000324,0.0000001,0.0000000
63571,0.0000324,0.0000001,0.0000000
63572,0.0000324,0.0000001,0.0000000
63573,0.0000324,0.0000001,0.0000000
63574,0.0000324,0.0000001,0.0000000
63575,0.0000324,0.0000001,0.0000000
63576,0.0000324,0.0000001,0.0000000
63577,0.0000324,0.0000001,0.0000000
63578,0.0000324,0.0000001,0.0000000
63579,0.0000324,0.0000001,0.0000000
63580,0.0000324,0.0000001,0.0000000
63581,0.0000324,0.0000001,0.0000000
63582,0.0000324,0.0000001,0.0000000
63583,0.0000324,0.0000001,0.0000000
63584,0.0000324,0.0000001,0.0000000
63585,0.0000324,0.0000001,0.0000000
63586,0.0000324,0.0000001,0.0000000
63587,0.0000324,0.0000001,0.0000000
63588,0.0000324,0.0000001,0.0000000
63589,0.0000324,0.0000001,0.0000000
63590,0.0000324,0.0000001,0.0000000
63591,0.0000324,0.0000001,0.0000000
63592,0.0000324,0.0000001,0.0000000
63593,0.0000324,0.0000001,0.0000000
63594,0.0000324,0.0000001,0.0000000
63595,0.0000324,0.0000001,0.0000000
63596,0.0000324,0.0000001,0.0000000
63597,0.0000324,0.0000001,0.0000000
63598,0.0000324,0.0000001,0.0000000
63599,0.0000324,0.0000001,0.0000000
63600,0.0000324,0.0000001,0.0000000
63601,0.0000324,0.0000001,0.0000000
63602,0.0000324,0.0000001,0.0000000
63603,0.0000324,0.0000001,0.0000000
63604,0.0000324,0.0000001,0.0000000
63605,0.0000324,0.0000001,0.0000000
63606,0.0000324,0.0000001,0.0000000
63607,0.0000324,0.0000001,0.0000000
63608,0.0000324,0.0000001,0.0000000
63609,0.0000324,0.0000001,0.0000000
63610,0.0000324,0.0000001,0.0000000
63611,0.0000324,0.0000001,0.0000000
63612,0.0000324,0.0000001,0.0000000
63613,0.0000324,0.0000001,0.0000000
63614,0.0000324,0.0000001,0.0000000
63615,0.0000324,0.0000001,0.0000000
63616,0.0000324,0.0000001,0.0000000
63617,0.0000324,0.0000001,0.0000000
63618,0.0000324,0.0000001,0.0000000
63619,0.0000324,0.0000001,0.0000000
63620,0.0000324,0.0000001,0.0000000
63621,0.0000324,0.0000001,0.0000000
63622,0.0000324,0.0000001,0.0000000
63623,0.0000324,0.0000001,0.0000000
63624,0.0000324,0.0000001,0.0000000
63625,0.0000324,0.0000001,0.0000000
63626,0.0000324,0.0000001,0.0000000
63627,0.0000324,0.0000001,0.0000000
63628,0.0000324,0.0000001,0.0000000
63629,0.0000324,0.0000001,0.0000000
63630,0.0000324,0.0000001,0.0000000
63631,0.0000323,0.0000001,0.0000000
63632,0.0000323,0.0000001,0.0000000
63633,0.0000323,0.0000001,0.0000000
63634,0.0000323,0.0000001,0.0000000
63635,0.0000323,0.0000001,0.0000000
63636,0.0000323,0.0000001,0.0000000
63637,0.0000323,0.0000001,0.0000000
63638,0.0000323,0.0000001,0.0000000
63639,0.0000323,0.0000001,0.0000000
63640,0.0000323,0.0000001,0.0000000
63641,0.0000323,0.0000001,0.0000000
63642,0.0000323,0.0000001,0.0000000
63643,0.0000323,0.0000001,0.0000000
63644,0.0000323,0.0000001,0.0000000
63645,0.0000323,0.0000001,0.0000000
63646,0.0000323,0.0000001,0.0000000
63647,0.0000323,0.0000001,0.0000000
63648,0.0000323,0.0000001,0.0000000
63649,0.0000323,0.0000001,0.0000000
63650,0.0000323,0.0000001,0.0000000
63651,0.0000323,0.0000001,0.0000000
63652,0.0000323,0.0000001,0.0000000
63653,0.0000323,0.0000001,0.0000000
63654,0.0000323,0.0000001,0.0000000
63655,0.0000323,0.0000001,0.0000000
63656,0.0000323,0.0000001,0.0000000
63657,0.0000323,0.0000001,0.0000000
63658,0.0000323,0.0000001,0.0000000
63659,0.0000323,0.0000001,0.0000000
63660,0.0000323,0.0000001,0.0000000
63661,0.0000323,0.0000001,0.0000000
63662,0.0000323,0.0000001,0.0000000
63663,0.0000323,0.0000001,0.0000000
63664,0.0000323,0.0000001,0.0000000
63665,0.0000323,0.0000001,0.0000000
63666,0.0000323,0.0000001,0.0000000
63667,0.0000323,0.0000001,0.0000000
63668,0.0000323,0.0000001,0.0000000
63669,0.0000323,0.0000001,0.0000000
63670,0.0000323,0.0000001,0.0000000
63671,0.0000323,0.0000001,0.0000000
63672,0.0000323,0.0000001,0.0000000
63673,0.0000323,0.0000001,0.0000000
63674,0.0000323,0.0000001,0.0000000
63675,0.0000323,0.0000001,0.0000000
63676,0.0000323,0.0000001,0.0000000
63677,0.0000323,0.0000001,0.0000000
63678,0.0000323,0.0000001,0.0000000
63679,0.0000323,0.0000001,0.0000000
63680,0.0000323,0.0000001,0.0000000
63681,0.0000323,0.0000001,0.0000000
63682,0.0000323,0.0000001,0.0000000
63683,0.0000323,0.0000001,0.0000000
63684,0.0000323,0.0000001,0.0000000
63685,0.0000323,0.0000001,0.0000000
63686,0.0000323,0.0000001,0.0000000
63687,0.0000323,0.0000001,0.0000000
63688,0.0000323,0.0000001,0.0000000
63689,0.0000323,0.0000001,0.0000000
63690,0.0000323,0.0000001,0.0000000
63691,0.0000323,0.0000001,0.0000000
63692,0.0000323,0.0000001,0.0000000
63693,0.0000323,0.0000001,0.0000000
63694,0.0000323,0.0000001,0.0000000
63695,0.0000323,0.0000001,0.0000000
63696,0.0000323,0.0000001,0.0000000
63697,0.0000323,0.0000001,0.0000000
63698,0.0000323,0.0000001,0.0000000
63699,0.0000323,0.0000001,0.0000000
63700,0.0000322,0.0000001,0.0000000
63701,0.0000322,0.0000001,0.0000000
63702,0.0000322,0.0000001,0.0000000
63703,0.0000322,0.0000001,0.0000000
63704,0.0000322,0.0000001,0.0000000
63705,0.0000322,0.0000001,0.0000000
63706,0.0000322,0.0000001,0.0000000
63707,0.0000322,0.0000001,0.0000000
63708,0.0000322,0.0000001,0.0000000
63709,0.0000322,0.0000001,0.0000000
63710,0.0000322,0.0000001,0.0000000
63711,0.0000322,0.0000001,0.0000000
63712,0.0000322,0.0000001,0.0000000
63713,0.0000322,0.0000001,0.0000000
63714,0.0000322,0.0000001,0.0000000
63715,0.0000322,0.0000001,0.0000000
63716,0.0000322,0.0000001,0.0000000
63717,0.0000322,0.0000001,0.0000000
63718,0.0000322,0.0000001,0.0000000
63719,0.0000322,0.0000001,0.0000000
63720,0.0000322,0.0000001,0.0000000
63721,0.0000322,0.0000001,0.0000000
63722,0.0000322,0.0000001,0.0000000
63723,0.0000322,0.0000001,0.0000000
63724,0.0000322,0.0000001,0.0000000
63725,0.0000322,0.0000001,0.0000000
63726,0.0000322,0.0000001,0.0000000
63727,0.0000322,0.0000001,0.0000000
63728,0.0000322,0.0000001,0.0000000
63729,0.0000322,0.0000001,0.0000000
63730,0.0000322,0.0000001,0.0000000
63731,0.0000322,0.0000001,0.0000000
63732,0.0000322,0.0000001,0.0000000
63733,0.0000322,0.0000001,0.0000000
63734,0.0000322,0.0000001,0.0000000
63735,0.0000322,0.0000001,0.0000000
63736,0.0000322,0.0000001,0.0000000
63737,0.0000322,0.0000001,0.0000000
63738,0.0000322,0.0000001,0.0000000
63739,0.0000322,0.0000001,0.0000000
63740,0.0000322,0.0000001,0.0000000
63741,0.0000322,0.0000001,0.0000000
63742,0.0000322,0.0000001,0.0000000
63743,0.0000322,0.0000001,0.0000000
63744,0.0000322,0.0000001,0.0000000
63745,0.0000322,0.0000001,0.0000000
63746,0.0000322,0.0000001,0.0000000
63747,0.0000322,0.0000001,0.0000000
63748,0.0000322,0.0000001,0.0000000
63749,0.0000322,0.0000001,0.0000000
63750,0.0000322,0.0000001,0.0000000
63751,0.0000322,0.0000001,0.0000000
63752,0.0000322,0.0000001,0.0000000
63753,0.0000322,0.0000001,0.0000000
63754,0.0000322,0.0000001,0.0000000
63755,0.0000322,0.0000001,0.0000000
63756,0.0000322,0.0000001,0.0000000
63757,0.0000322,0.0000001,0.0000000
63758,0.0000322,0.0000001,0.0000000
63759,0.0000322,0.0000001,0.0000000
63760,0.0000322,0.0000001,0.0000000
63761,0.0000322,0.0000001,0.0000000
63762,0.0000322,0.0000001,0.0000000
63763,0.0000322,0.0000001,0.0000000
63764,0.0000322,0.0000001,0.0000000
63765,0.0000322,0.0000001,0.0000000
63766,0.0000322,0.0000001,0.0000000
63767,0.0000322,0.0000001,0.0000000
63768,0.0000322,0.0000001,0.0000000
63769,0.0000321,0.0000001,0.0000000
63770,0.0000321,0.0000001,0.0000000
63771,0.0000321,0.0000001,0.0000000
63772,0.0000321,0.0000001,0.0000000
63773,0.0000321,0.0000001,0.0000000
63774,0.0000321,0.0000001,0.0000000
63775,0.0000321,0.0000001,0.0000000
63776,0.0000321,0.0000001,0.0000000
63777,0.0000321,0.0000001,0.0000000
63778,0.0000321,0.0000001,0.0000000
63779,0.0000321,0.0000001,0.0000000
63780,0.0000321,0.0000001,0.0000000
63781,0.0000321,0.0000001,0.0000000
63782,0.0000321,0.0000001,0.0000000
63783,0.0000321,0.0000001,0.0000000
63784,0.0000321,0.0000001,0.0000000
63785,0.0000321,0.0000001,0.0000000
63786,0.0000321,0.0000001,0.0000000
63787,0.0000321,0.0000001,0.0000000
63788,0.0000321,0.0000001,0.0000000
63789,0.0000321,0.0000001,0.0000000
63790,0.0000321,0.0000001,0.0000000
63791,0.0000321,0.0000001,0.0000000
63792,0.0000321,0.0000001,0.0000000
63793,0.0000321,0.0000001,0.0000000
63794,0.0000321,0.0000001,0.0000000
63795,0.0000321,0.0000001,0.0000000
63796,0.0000321,0.0000001,0.0000000
63797,0.0000321,0.0000001,0.0000000
63798,0.0000321,0.0000001,0.0000000
63799,0.0000321,0.0000001,0.0000000
63800,0.0000321,0.0000001,0.0000000
63801,0.0000321,0.0000001,0.0000000
63802,0.0000321,0.0000001,0.0000000
63803,0.0000321,0.0000001,0.0000000
63804,0.0000321,0.0000001,0.0000000
63805,0.0000321,0.0000001,0.0000000
63806,0.0000321,0.0000001,0.0000000
63807,0.0000321,0.0000001,0.0000000
63808,0.0000321,0.0000001,0.0000000
63809,0.0000321,0.0000001,0.0000000
63810,0.0000321,0.0000001,0.0000000
63811,0.0000321,0.0000001,0.0000000
63812,0.0000321,0.0000001,0.0000000
63813,0.0000321,0.0000001,0.0000000
63814,0.0000321,0.0000001,0.0000000
63815,0.0000321,0.0000001,0.0000000
63816,0.0000321,0.0000001,0.0000000
63817,0.0000321,0.0000001,0.0000000
63818,0.0000321,0.0000001,0.0000000
63819,0.0000321,0.0000001,0.0000000
63820,0.0000321,0.0000001,0.0000000
63821,0.0000321,0.0000001,0.0000000
63822,0.0000321,0.0000001,0.0000000
63823,0.0000321,0.0000001,0.0000000
63824,0.0000321,0.0000001,0.0000000
63825,0.0000321,0.0000001,0.0000000
63826,0.0000321,0.0000001,0.0000000
63827,0.0000321,0.0000001,0.0000000
63828,0.0000321,0.0000001,0.0000000
63829,0.0000321,0.0000001,0.0000000
63830,0.0000321,0.0000001,0.0000000
63831,0.0000321,0.0000001,0.0000000
63832,0.0000321,0.0000001,0.0000000
63833,0.0000321,0.0000001,0.0000000
63834,0.0000321,0.0000001,0.0000000
63835,0.0000321,0.0000001,0.0000000
63836,0.0000321,0.0000001,0.0000000
63837,0.0000321,0.0000001,0.0000000
63838,0.0000321,0.0000001,0.0000000
63839,0.0000320,0.0000001,0.0000000
63840,0.0000320,0.0000001,0.0000000
63841,0.0000320,0.0000001,0.0000000
63842,0.0000320,0.0000001,0.0000000
63843,0.0000320,0.0000001,0.0000000
63844,0.0000320,0.0000001,0.0000000
63845,0.0000320,0.0000001,0.0000000
63846,0.0000320,0.0000001,0.0000000
63847,0.0000320,0.0000001,0.0000000
63848,0.0000320,0.0000001,0.0000000
63849,0.0000320,0.0000001,0.0000000
63850,0.0000320,0.0000001,0.0000000
63851,0.0000320,0.0000001,0.0000000
63852,0.0000320,0.0000001,0.0000000
63853,0.0000320,0.0000001,0.0000000
63854,0.0000320,0.0000001,0.0000000
63855,0.0000320,0.0000001,0.0000000
63856,0.0000320,0.0000001,0.0000000
63857,0.0000320,0.0000001,0.0000000
63858,0.0000320,0.0000001,0.0000000
63859,0.0000320,0.0000001,0.0000000
63860,0.0000320,0.0000001,0.0000000
63861,0.0000320,0.0000001,0.0000000
63862,0.0000320,0.0000001,0.0000000
63863,0.0000320,0.0000001,0.0000000
63864,0.0000320,0.0000001,0.0000000
63865,0.0000320,0.0000001,0.0000000
63866,0.0000320,0.0000001,0.0000000
63867,0.0000320,0.0000001,0.0000000
63868,0.0000320,0.0000001,0.0000000
63869,0.0000320,0.0000001,0.0000000
63870,0.0000320,0.0000001,0.0000000
63871,0.0000320,0.0000001,0.0000000
63872,0.0000320,0.0000001,0.0000000
63873,0.0000320,0.0000001,0.0000000
63874,0.0000320,0.0000001,0.0000000
63875,0.0000320,0.0000001,0.0000000
63876,0.0000320,0.0000001,0.0000000
63877,0.0000320,0.0000001,0.0000000
63878,0.0000320,0.0000001,0.0000000
63879,0.0000320,0.0000001,0.0000000
63880,0.0000320,0.0000001,0.0000000
63881,0.0000320,0.0000001,0.0000000
63882,0.0000320,0.0000001,0.0000000
63883,0.0000320,0.0000001,0.0000000
63884,0.0000320,0.0000001,0.0000000
63885,0.0000320,0.0000001,0.0000000
63886,0.0000320,0.0000001,0.0000000
63887,0.0000320,0.0000001,0.0000000
63888,0.0000320,0.0000001,0.0000000
63889,0.0000320,0.0000001,0.0000000
63890,0.0000320,0.0000001,0.0000000
63891,0.0000320,0.0000001,0.0000000
63892,0.0000320,0.0000001,0.0000000
63893,0.0000320,0.0000001,0.0000000
63894,0.0000320,0.0000001,0.0000000
63895,0.0000320,0.0000001,0.0000000
63896,0.0000320,0.0000001,0.0000000
63897,0.0000320,0.0000001,0.0000000
63898,0.0000320,0.0000001,0.0000000
63899,0.0000320,0.0000001,0.0000000
63900,0.0000320,0.0000001,0.0000000
63901,0.0000320,0.0000001,0.0000000
63902,0.0000320,0.0000001,0.0000000
63903,0.0000320,0.0000001,0.0000000
63904,0.0000320,0.0000001,0.0000000
63905,0.0000320,0.0000001,0.0000000
63906,0.0000320,0.0000001,0.0000000
63907,0.0000320,0.0000001,0.0000000
63908,0.0000319,0.0000001,0.0000000
63909,0.0000319,0.0000001,0.0000000
63910,0.0000319,0.0000001,0.0000000
63911,0.0000319,0.0000001,0.0000000
63912,0.0000319,0.0000001,0.0000000
63913,0.0000319,0.0000001,0.0000000
63914,0.0000319,0.0000001,0.0000000
63915,0.0000319,0.0000001,0.0000000
63916,0.0000319,0.0000001,0.0000000
63917,0.0000319,0.0000001,0.0000000
63918,0.0000319,0.0000001,0.0000000
63919,0.0000319,0.0000001,0.0000000
63920,0.0000319,0.0000001,0.0000000
63921,0.0000319,0.0000001,0.0000000
63922,0.0000319,0.0000001,0.0000000
63923,0.0000319,0.0000001,0.0000000
63924,0.0000319,0.0000001,0.0000000
63925,0.0000319,0.0000001,0.0000000
63926,0.0000319,0.0000001,0.0000000
63927,0.0000319,0.0000001,0.0000000
63928,0.0000319,0.0000001,0.0000000
63929,0.0000319,0.0000001,0.0000000
63930,0.0000319,0.0000001,0.0000000
63931,0.0000319,0.0000001,0.0000000
63932,0.0000319,0.0000001,0.0000000
63933,0.0000319,0.0000001,0.0000000
63934,0.0000319,0.0000001,0.0000000
63935,0.0000319,0.0000001,0.0000000
63936,0.0000319,0.0000001,0.0000000
63937,0.0000319,0.0000001,0.0000000
63938,0.0000319,0.0000001,0.0000000
63939,0.0000319,0.0000001,0.0000000
63940,0.0000319,0.0000001,0.0000000
63941,0.0000319,0.0000001,0.0000000
63942,0.0000319,0.0000001,0.0000000
63943,0.0000319,0.0000001,0.0000000
63944,0.0000319,0.0000001,0.0000000
63945,0.0000319,0.0000001,0.0000000
63946,0.0000319,0.0000001,0.0000000
63947,0.0000319,0.0000001,0.0000000
63948,0.0000319,0.0000001,0.0000000
63949,0.0000319,0.0000001,0.0000000
63950,0.0000319,0.0000001,0.0000000
63951,0.0000319,0.0000001,0.0000000
63952,0.0000319,0.0000001,0.0000000
63953,0.0000319,0.0000001,0.0000000
63954,0.0000319,0.0000001,0.0000000
63955,0.0000319,0.0000001,0.0000000
63956,0.0000319,0.0000001,0.0000000
63957,0.0000319,0.0000001,0.0000000
63958,0.0000319,0.0000001,0.0000000
63959,0.0000319,0.0000001,0.0000000
63960,0.0000319,0.0000001,0.0000000
63961,0.0000319,0.0000001,0.0000000
63962,0.0000319,0.0000001,0.0000000
63963,0.0000319,0.0000001,0.0000000
63964,0.0000319,0.0000001,0.0000000
63965,0.0000319,0.0000001,0.0000000
63966,0.0000319,0.0000001,0.0000000
63967,0.0000319,0.0000001,0.0000000
63968,0.0000319,0.0000001,0.0000000
63969,0.0000319,0.0000001,0.0000000
63970,0.0000319,0.0000001,0.0000000
63971,0.0000319,0.0000001,0.0000000
63972,0.0000319,0.0000001,0.0000000
63973,0.0000319,0.0000001,0.0000000
63974,0.0000319,0.0000001,0.0000000
63975,0.0000319,0.0000001,0.0000000
63976,0.0000319,0.0000001,0.0000000
63977,0.0000319,0.0000001,0.0000000
63978,0.0000318,0.0000001,0.0000000
63979,0.0000318,0.0000001,0.0000000
63980,0.0000318,0.0000001,0.0000000
63981,0.0000318,0.0000001,0.0000000
63982,0.0000318,0.0000001,0.0000000
63983,0.0000318,0.0000001,0.0000000
63984,0.0000318,0.0000001,0.0000000
63985,0.0000318,0.0000001,0.0000000
63986,0.0000318,0.0000001,0.0000000
63987,0.0000318,0.0000001,0.0000000
63988,0.0000318,0.0000001,0.0000000
63989,0.0000318,0.0000001,0.0000000
63990,0.0000318,0.0000001,0.0000000
63991,0.0000318,0.0000001,0.0000000
63992,0.0000318,0.0000001,0.0000000
63993,0.0000318,0.0000001,0.0000000
63994,0.0000318,0.0000001,0.0000000
63995,0.0000318,0.0000001,0.0000000
63996,0.0000318,0.0000001,0.0000000
63997,0.0000318,0.0000001,0.0000000
63998,0.0000318,0.0000001,0.0000000
63999,0.0000318,0.0000001,0.0000000
64000,0.0000318,0.0000001,0.0000000
64001,0.0000318,0.0000001,0.0000000
64002,0.0000318,0.0000001,0.0000000
64003,0.0000318,0.0000001,0.0000000
64004,0.0000318,0.0000001,0.0000000
64005,0.0000318,0.0000001,0.0000000
64006,0.0000318,0.0000001,0.0000000
64007,0.0000318,0.0000001,0.0000000
64008,0.0000318,0.0000001,0.0000000
64009,0.0000318,0.0000001,0.0000000
64010,0.0000318,0.0000001,0.0000000
64011,0.0000318,0.0000001,0.0000000
64012,0.0000318,0.0000001,0.0000000
64013,0.0000318,0.0000001,0.0000000
64014,0.0000318,0.0000001,0.0000000
64015,0.0000318,0.0000001,0.0000000
64016,0.0000318,0.0000001,0.0000000
64017,0.0000318,0.0000001,0.0000000
64018,0.0000318,0.0000001,0.0000000
64019,0.0000318,0.0000001,0.0000000
64020,0.0000318,0.0000001,0.0000000
64021,0.0000318,0.0000001,0.0000000
64022,0.0000318,0.0000001,0.0000000
64023,0.0000318,0.0000001,0.0000000
64024,0.0000318,0.0000001,0.0000000
64025,0.0000318,0.0000001,0.0000000
64026,0.0000318,0.0000001,0.0000000
64027,0.0000318,0.0000001,0.0000000
64028,0.0000318,0.0000001,0.0000000
64029,0.0000318,0.0000001,0.0000000
64030,0.0000318,0.0000001,0.0000000
64031,0.0000318,0.0000001,0.0000000
64032,0.0000318,0.0000001,0.0000000
64033,0.0000318,0.0000001,0.0000000
64034,0.0000318,0.0000001,0.0000000
64035,0.0000318,0.0000001,0.0000000
64036,0.0000318,0.0000001,0.0000000
64037,0.0000318,0.0000001,0.0000000
64038,0.0000318,0.0000001,0.0000000
64039,0.0000318,0.0000001,0.0000000
64040,0.0000318,0.0000001,0.0000000
64041,0.0000318,0.0000001,0.0000000
64042,0.0000318,0.0000001,0.0000000
64043,0.0000318,0.0000001,0.0000000
64044,0.0000318,0.0000001,0.0000000
64045,0.0000318,0.0000001,0.0000000
64046,0.0000318,0.0000001,0.0000000
64047,0.0000318,0.0000001,0.0000000
64048,0.0000317,0.0000001,0.0000000
64049,0.0000317,0.0000001,0.0000000
64050,0.0000317,0.0000001,0.0000000
64051,0.0000317,0.0000001,0.0000000
64052,0.0000317,0.0000001,0.0000000
64053,0.0000317,0.0000001,0.0000000
64054,0.0000317,0.0000001,0.0000000
64055,0.0000317,0.0000001,0.0000000
64056,0.0000317,0.0000001,0.0000000
64057,0.0000317,0.0000001,0.0000000
64058,0.0000317,0.0000001,0.0000000
64059,0.0000317,0.0000001,0.0000000
64060,0.0000317,0.0000001,0.0000000
64061,0.0000317,0.0000001,0.0000000
64062,0.0000317,0.0000001,0.0000000
64063,0.0000317,0.0000001,0.0000000
64064,0.0000317,0.0000001,0.0000000
64065,0.0000317,0.0000001,0.0000000
64066,0.0000317,0.0000001,0.0000000
64067,0.0000317,0.0000001,0.0000000
64068,0.0000317,0.0000001,0.0000000
64069,0.0000317,0.0000001,0.0000000
64070,0.0000317,0.0000001,0.0000000
64071,0.0000317,0.0000001,0.0000000
64072,0.0000317,0.0000001,0.0000000
64073,0.0000317,0.0000001,0.0000000
64074,0.0000317,0.0000001,0.0000000
64075,0.0000317,0.0000001,0.0000000
64076,0.0000317,0.0000001,0.0000000
64077,0.0000317,0.0000001,0.0000000
64078,0.0000317,0.0000001,0.0000000
64079,0.0000317,0.0000001,0.0000000
64080,0.0000317,0.0000001,0.0000000
64081,0.0000317,0.0000001,0.0000000
64082,0.0000317,0.0000001,0.0000000
64083,0.0000317,0.0000001,0.0000000
64084,0.0000317,0.0000001,0.0000000
64085,0.0000317,0.0000001,0.0000000
64086,0.0000317,0.0000001,0.0000000
64087,0.0000317,0.0000001,0.0000000
64088,0.0000317,0.0000001,0.0000000
64089,0.0000317,0.0000001,0.0000000
64090,0.0000317,0.0000001,0.0000000
64091,0.0000317,0.0000001,0.0000000
64092,0.0000317,0.0000001,0.0000000
64093,0.0000317,0.0000001,0.0000000
64094,0.0000317,0.0000001,0.0000000
64095,0.0000317,0.0000001,0.0000000
64096,0.0000317,0.0000001,0.0000000
64097,0.0000317,0.0000001,0.0000000
64098,0.0000317,0.0000001,0.0000000
64099,0.0000317,0.0000001,0.0000000
64100,0.0000317,0.0000001,0.0000000
64101,0.0000317,0.0000001,0.0000000
64102,0.0000317,0.0000001,0.0000000
64103,0.0000317,0.0000001,0.0000000
64104,0.0000317,0.0000001,0.0000000
64105,0.0000317,0.0000001,0.0000000
64106,0.0000317,0.0000001,0.0000000
64107,0.0000317,0.0000001,0.0000000
64108,0.0000317,0.0000001,0.0000000
64109,0.0000317,0.0000001,0.0000000
64110,0.0000317,0.0000001,0.0000000
64111,0.0000317,0.0000001,0.0000000
64112,0.0000317,0.0000001,0.0000000
64113,0.0000317,0.0000001,0.0000000
64114,0.0000317,0.0000001,0.0000000
64115,0.0000317,0.0000001,0.0000000
64116,0.0000317,0.0000001,0.0000000
64117,0.0000317,0.0000001,0.0000000
64118,0.0000316,0.0000001,0.0000000
64119,0.0000316,0.0000001,0.0000000
64120,0.0000316,0.0000001,0.0000000
64121,0.0000316,0.0000001,0.0000000
64122,0.0000316,0.0000001,0.0000000
64123,0.0000316,0.0000001,0.0000000
64124,0.0000316,0.0000001,0.0000000
64125,0.0000316,0.0000001,0.0000000
64126,0.0000316,0.0000001,0.0000000
64127,0.0000316,0.0000001,0.0000000
64128,0.0000316,0.0000001,0.0000000
64129,0.0000316,0.0000001,0.0000000
64130,0.0000316,0.0000001,0.0000000
64131,0.0000316,0.0000001,0.0000000
64132,0.0000316,0.0000001,0.0000000
64133,0.0000316,0.0000001,0.0000000
64134,0.0000316,0.0000001,0.0000000
64135,0.0000316,0.0000001,0.0000000
64136,0.0000316,0.0000001,0.0000000
64137,0.0000316,0.0000001,0.0000000
64138,0.0000316,0.0000001,0.0000000
64139,0.0000316,0.0000001,0.0000000
64140,0.0000316,0.0000001,0.0000000
64141,0.0000316,0.0000001,0.0000000
64142,0.0000316,0.0000001,0.0000000
64143,0.0000316,0.0000001,0.0000000
64144,0.0000316,0.0000001,0.0000000
64145,0.0000316,0.0000001,0.0000000
64146,0.0000316,0.0000001,0.0000000
64147,0.0000316,0.0000001,0.0000000
64148,0.0000316,0.0000001,0.0000000
64149,0.0000316,0.0000001,0.0000000
64150,0.0000316,0.0000001,0.0000000
64151,0.0000316,0.0000001,0.0000000
64152,0.0000316,0.0000001,0.0000000
64153,0.0000316,0.0000001,0.0000000
64154,0.0000316,0.0000001,0.0000000
64155,0.0000316,0.0000001,0.0000000
64156,0.0000316,0.0000001,0.0000000
64157,0.0000316,0.0000001,0.0000000
64158,0.0000316,0.0000001,0.0000000
64159,0.0000316,0.0000001,0.0000000
64160,0.0000316,0.0000001,0.0000000
64161,0.0000316,0.0000001,0.0000000
64162,0.0000316,0.0000001,0.0000000
64163,0.0000316,0.0000001,0.0000000
64164,0.0000316,0.0000001,0.0000000
64165,0.0000316,0.0000001,0.0000000
64166,0.0000316,0.0000001,0.0000000
64167,0.0000316,0.0000001,0.0000000
64168,0.0000316,0.0000001,0.0000000
64169,0.0000316,0.0000001,0.0000000
64170,0.0000316,0.0000001,0.0000000
64171,0.0000316,0.0000001,0.0000000
64172,0.0000316,0.0000001,0.0000000
64173,0.0000316,0.0000001,0.0000000
64174,0.0000316,0.0000001,0.0000000
64175,0.0000316,0.0000001,0.0000000
64176,0.0000316,0.0000001,0.0000000
64177,0.0000316,0.0000001,0.0000000
64178,0.0000316,0.0000001,0.0000000
64179,0.0000316,0.0000001,0.0000000
64180,0.0000316,0.0000001,0.0000000
64181,0.0000316,0.0000001,0.0000000
64182,0.0000316,0.0000001,0.0000000
64183,0.0000316,0.0000001,0.0000000
64184,0.0000316,0.0000001,0.0000000
64185,0.0000316,0.0000001,0.0000000
64186,0.0000316,0.0000001,0.0000000
64187,0.0000316,0.0000001,0.0000000
64188,0.0000315,0.0000001,0.0000000
64189,0.0000315,0.0000001,0.0000000
64190,0.0000315,0.0000001,0.0000000
64191,0.0000315,0.0000001,0.0000000
64192,0.0000315,0.0000001,0.0000000
64193,0.0000315,0.0000001,0.0000000
64194,0.0000315,0.0000001,0.0000000
64195,0.0000315,0.0000001,0.0000000
64196,0.0000315,0.0000001,0.0000000
64197,0.0000315,0.0000001,0.0000000
64198,0.0000315,0.0000001,0.0000000
64199,0.0000315,0.0000001,0.0000000
64200,0.0000315,0.0000001,0.0000000
64201,0.0000315,0.0000001,0.0000000
64202,0.0000315,0.0000001,0.0000000
64203,0.0000315,0.0000001,0.0000000
64204,0.0000315,0.0000001,0.0000000
64205,0.0000315,0.0000001,0.0000000
64206,0.0000315,0.0000001,0.0000000
64207,0.0000315,0.0000001,0.0000000
64208,0.0000315,0.0000001,0.0000000
64209,0.0000315,0.0000001,0.0000000
64210,0.0000315,0.0000001,0.0000000
64211,0.0000315,0.0000001,0.0000000
64212,0.0000315,0.0000001,0.0000000
64213,0.0000315,0.0000001,0.0000000
64214,0.0000315,0.0000001,0.0000000
64215,0.0000315,0.0000001,0.0000000
64216,0.0000315,0.0000001,0.0000000
64217,0.0000315,0.0000001,0.0000000
64218,0.0000315,0.0000001,0.0000000
64219,0.0000315,0.0000001,0.0000000
64220,0.0000315,0.0000001,0.0000000
64221,0.0000315,0.0000001,0.0000000
64222,0.0000315,0.0000001,0.0000000
64223,0.0000315,0.0000001,0.0000000
64224,0.0000315,0.0000001,0.0000000
64225,0.0000315,0.0000001,0.0000000
64226,0.0000315,0.0000001,0.0000000
64227,0.0000315,0.0000001,0.0000000
64228,0.0000315,0.0000001,0.0000000
64229,0.0000315,0.0000001,0.0000000
64230,0.0000315,0.0000001,0.0000000
64231,0.0000315,0.0000001,0.0000000
64232,0.0000315,0.0000001,0.0000000
64233,0.0000315,0.0000001,0.0000000
64234,0.0000315,0.0000001,0.0000000
64235,0.0000315,0.0000001,0.0000000
64236,0.0000315,0.0000001,0.0000000
64237,0.0000315,0.0000001,0.0000000
64238,0.0000315,0.0000001,0.0000000
64239,0.0000315,0.0000001,0.0000000
64240,0.0000315,0.0000001,0.0000000
64241,0.0000315,0.0000001,0.0000000
64242,0.0000315,0.0000001,0.0000000
64243,0.0000315,0.0000001,0.0000000
64244,0.0000315,0.0000001,0.0000000
64245,0.0000315,0.0000001,0.0000000
64246,0.0000315,0.0000001,0.0000000
64247,0.0000315,0.0000001,0.0000000
64248,0.0000315,0.0000001,0.0000000
64249,0.0000315,0.0000001,0.0000000
64250,0.0000315,0.0000001,0.0000000
64251,0.0000315,0.0000001,0.0000000
64252,0.0000315,0.0000001,0.0000000
64253,0.0000315,0.0000001,0.0000000
64254,0.0000315,0.0000001,0.0000000
64255,0.0000315,0.0000001,0.0000000
64256,0.0000315,0.0000001,0.0000000
64257,0.0000315,0.0000001,0.0000000
64258,0.0000315,0.0000001,0.0000000
64259,0.0000314,0.0000001,0.0000000
64260,0.0000314,0.0000001,0.0000000
64261,0.0000314,0.0000001,0.0000000
64262,0.0000314,0.0000001,0.0000000
64263,0.0000314,0.0000001,0.0000000
64264,0.0000314,0.0000001,0.0000000
64265,0.0000314,0.0000001,0.0000000
64266,0.0000314,0.0000001,0.0000000
64267,0.0000314,0.0000001,0.0000000
64268,0.0000314,0.0000001,0.0000000
64269,0.0000314,0.0000001,0.0000000
64270,0.0000314,0.0000001,0.0000000
64271,0.0000314,0.0000001,0.0000000
64272,0.0000314,0.0000001,0.0000000
64273,0.0000314,0.0000001,0.0000000
64274,0.0000314,0.0000001,0.0000000
64275,0.0000314,0.0000001,0.0000000
64276,0.0000314,0.0000001,0.0000000
64277,0.0000314,0.0000001,0.0000000
64278,0.0000314,0.0000001,0.0000000
64279,0.0000314,0.0000001,0.0000000
64280,0.0000314,0.0000001,0.0000000
64281,0.0000314,0.0000001,0.0000000
64282,0.0000314,0.0000001,0.0000000
64283,0.0000314,0.0000001,0.0000000
64284,0.0000314,0.0000001,0.0000000
64285,0.0000314,0.0000001,0.0000000
64286,0.0000314,0.0000001,0.0000000
64287,0.0000314,0.0000001,0.0000000
64288,0.0000314,0.0000001,0.0000000
64289,0.0000314,0.0000001,0.0000000
64290,0.0000314,0.0000001,0.0000000
64291,0.0000314,0.0000001,0.0000000
64292,0.0000314,0.0000001,0.0000000
64293,0.0000314,0.0000001,0.0000000
64294,0.0000314,0.0000001,0.0000000
64295,0.0000314,0.0000001,0.0000000
64296,0.0000314,0.0000001,0.0000000
64297,0.0000314,0.0000001,0.0000000
64298,0.0000314,0.0000001,0.0000000
64299,0.0000314,0.0000001,0.0000000
64300,0.0000314,0.0000001,0.0000000
64301,0.0000314,0.0000001,0.0000000
64302,0.0000314,0.0000001,0.0000000
64303,0.0000314,0.0000001,0.0000000
64304,0.0000314,0.0000001,0.0000000
64305,0.0000314,0.0000001,0.0000000
64306,0.0000314,0.0000001,0.0000000
64307,0.0000314,0.0000001,0.0000000
64308,0.0000314,0.0000001,0.0000000
64309,0.0000314,0.0000001,0.0000000
64310,0.0000314,0.0000001,0.0000000
64311,0.0000314,0.0000001,0.0000000
64312,0.0000314,0.0000001,0.0000000
64313,0.0000314,0.0000001,0.0000000
64314,0.0000314,0.0000001,0.0000000
64315,0.0000314,0.0000001,0.0000000
64316,0.0000314,0.0000001,0.0000000
64317,0.0000314,0.0000001,0.0000000
64318,0.0000314,0.0000001,0.0000000
64319,0.0000314,0.0000001,0.0000000
64320,0.0000314,0.0000001,0.0000000
64321,0.0000314,0.0000001,0.0000000
64322,0.0000314,0.0000001,0.0000000
64323,0.0000314,0.0000001,0.0000000
64324,0.0000314,0.0000001,0.0000000
64325,0.0000314,0.0000001,0.0000000
64326,0.0000314,0.0000001,0.0000000
64327,0.0000314,0.0000001,0.0000000
64328,0.0000314,0.0000001,0.0000000
64329,0.0000314,0.0000001,0.0000000
64330,0.0000313,0.0000001,0.0000000
64331,0.0000313,0.0000001,0.0000000
64332,0.0000313,0.0000001,0.0000000
64333,0.0000313,0.0000001,0.0000000
64334,0.0000313,0.0000001,0.0000000
64335,0.0000313,0.0000001,0.0000000
64336,0.0000313,0.0000001,0.0000000
64337,0.0000313,0.0000001,0.0000000
64338,0.0000313,0.0000001,0.0000000
64339,0.0000313,0.0000001,0.0000000
64340,0.0000313,0.0000001,0.0000000
64341,0.0000313,0.0000001,0.0000000
64342,0.0000313,0.0000001,0.0000000
64343,0.0000313,0.0000001,0.0000000
64344,0.0000313,0.0000001,0.0000000
64345,0.0000313,0.0000001,0.0000000
64346,0.0000313,0.0000001,0.0000000
64347,0.0000313,0.0000001,0.0000000
64348,0.0000313,0.0000001,0.0000000
64349,0.0000313,0.0000001,0.0000000
64350,0.0000313,0.0000001,0.0000000
64351,0.0000313,0.0000001,0.0000000
64352,0.0000313,0.0000001,0.0000000
64353,0.0000313,0.0000001,0.0000000
64354,0.0000313,0.0000001,0.0000000
64355,0.0000313,0.0000001,0.0000000
64356,0.0000313,0.0000001,0.0000000
64357,0.0000313,0.0000001,0.0000000
64358,0.0000313,0.0000001,0.0000000
64359,0.0000313,0.0000001,0.0000000
64360,0.0000313,0.0000001,0.0000000
64361,0.0000313,0.0000001,0.0000000
64362,0.0000313,0.0000001,0.0000000
64363,0.0000313,0.0000001,0.0000000
64364,0.0000313,0.0000001,0.0000000
64365,0.0000313,0.0000001,0.0000000
64366,0.0000313,0.0000001,0.0000000
64367,0.0000313,0.0000001,0.0000000
64368,0.0000313,0.0000001,0.0000000
64369,0.0000313,0.0000001,0.0000000
64370,0.0000313,0.0000001,0.0000000
64371,0.0000313,0.0000001,0.0000000
64372,0.0000313,0.0000001,0.0000000
64373,0.0000313,0.0000001,0.0000000
64374,0.0000313,0.0000001,0.0000000
64375,0.0000313,0.0000001,0.0000000
64376,0.0000313,0.0000001,0.0000000
64377,0.0000313,0.0000001,0.0000000
64378,0.0000313,0.0000001,0.0000000
64379,0.0000313,0.0000001,0.0000000
64380,0.0000313,0.0000001,0.0000000
64381,0.0000313,0.0000001,0.0000000
64382,0.0000313,0.0000001,0.0000000
64383,0.0000313,0.0000001,0.0000000
64384,0.0000313,0.0000001,0.0000000
64385,0.0000313,0.0000001,0.0000000
64386,0.0000313,0.0000001,0.0000000
64387,0.0000313,0.0000001,0.0000000
64388,0.0000313,0.0000001,0.0000000
64389,0.0000313,0.0000001,0.0000000
64390,0.0000313,0.0000001,0.0000000
64391,0.0000313,0.0000001,0.0000000
64392,0.0000313,0.0000001,0.0000000
64393,0.0000313,0.0000001,0.0000000
64394,0.0000313,0.0000001,0.0000000
64395,0.0000313,0.0000001,0.0000000
64396,0.0000313,0.0000001,0.0000000
64397,0.0000313,0.0000001,0.0000000
64398,0.0000313,0.0000001,0.0000000
64399,0.0000313,0.0000001,0.0000000
64400,0.0000313,0.0000001,0.0000000
64401,0.0000312,0.0000001,0.0000000
64402,0.0000312,0.0000001,0.0000000
64403,0.0000312,0.0000001,0.0000000
64404,0.0000312,0.0000001,0.0000000
64405,0.0000312,0.0000001,0.0000000
64406,0.0000312,0.0000001,0.0000000
64407,0.0000312,0.0000001,0.0000000
64408,0.0000312,0.0000001,0.0000000
64409,0.0000312,0.0000001,0.0000000
64410,0.0000312,0.0000001,0.0000000
64411,0.0000312,0.0000001,0.0000000
64412,0.0000312,0.0000001,0.0000000
64413,0.0000312,0.0000001,0.0000000
64414,0.0000312,0.0000001,0.0000000
64415,0.0000312,0.0000001,0.0000000
64416,0.0000312,0.0000001,0.0000000
64417,0.0000312,0.0000001,0.0000000
64418,0.0000312,0.0000001,0.0000000
64419,0.0000312,0.0000001,0.0000000
64420,0.0000312,0.0000001,0.0000000
64421,0.0000312,0.0000001,0.0000000
64422,0.0000312,0.0000001,0.0000000
64423,0.0000312,0.0000001,0.0000000
64424,0.0000312,0.0000001,0.0000000
64425,0.0000312,0.0000001,0.0000000
64426,0.0000312,0.0000001,0.0000000
64427,0.0000312,0.0000001,0.0000000
64428,0.0000312,0.0000001,0.0000000
64429,0.0000312,0.0000001,0.0000000
64430,0.0000312,0.0000001,0.0000000
64431,0.0000312,0.0000001,0.0000000
64432,0.0000312,0.0000001,0.0000000
64433,0.0000312,0.0000001,0.0000000
64434,0.0000312,0.0000001,0.0000000
64435,0.0000312,0.0000001,0.0000000
64436,0.0000312,0.0000001,0.0000000
64437,0.0000312,0.0000001,0.0000000
64438,0.0000312,0.0000001,0.0000000
64439,0.0000312,0.0000001,0.0000000
64440,0.0000312,0.0000001,0.0000000
64441,0.0000312,0.0000001,0.0000000
64442,0.0000312,0.0000001,0.0000000
64443,0.0000312,0.0000001,0.0000000
64444,0.0000312,0.0000001,0.0000000
64445,0.0000312,0.0000001,0.0000000
64446,0.0000312,0.0000001,0.0000000
64447,0.0000312,0.0000001,0.0000000
64448,0.0000312,0.0000001,0.0000000
64449,0.0000312,0.0000001,0.0000000
64450,0.0000312,0.0000001,0.0000000
64451,0.0000312,0.0000001,0.0000000
64452,0.0000312,0.0000001,0.0000000
64453,0.0000312,0.0000001,0.0000000
64454,0.0000312,0.0000001,0.0000000
64455,0.0000312,0.0000001,0.0000000
64456,0.0000312,0.0000001,0.0000000
64457,0.0000312,0.0000001,0.0000000
64458,0.0000312,0.0000001,0.0000000
64459,0.0000312,0.0000001,0.0000000
64460,0.0000312,0.0000001,0.0000000
64461,0.0000312,0.0000001,0.0000000
64462,0.0000312,0.0000001,0.0000000
64463,0.0000312,0.0000001,0.0000000
64464,0.0000312,0.0000001,0.0000000
64465,0.0000312,0.0000001,0.0000000
64466,0.0000312,0.0000001,0.0000000
64467,0.0000312,0.0000001,0.0000000
64468,0.0000312,0.0000001,0.0000000
64469,0.0000312,0.0000001,0.0000000
64470,0.0000312,0.0000001,0.0000000
64471,0.0000312,0.0000001,0.0000000
64472,0.0000311,0.0000001,0.0000000
64473,0.0000311,0.0000001,0.0000000
64474,0.0000311,0.0000001,0.0000000
64475,0.0000311,0.0000001,0.0000000
64476,0.0000311,0.0000001,0.0000000
64477,0.0000311,0.0000001,0.0000000
64478,0.0000311,0.0000001,0.0000000
64479,0.0000311,0.0000001,0.0000000
64480,0.0000311,0.0000001,0.0000000
64481,0.0000311,0.0000001,0.0000000
64482,0.0000311,0.0000001,0.0000000
64483,0.0000311,0.0000001,0.0000000
64484,0.0000311,0.0000001,0.0000000
64485,0.0000311,0.0000001,0.0000000
64486,0.0000311,0.0000001,0.0000000
64487,0.0000311,0.0000001,0.0000000
64488,0.0000311,0.0000001,0.0000000
64489,0.0000311,0.0000001,0.0000000
64490,0.0000311,0.0000001,0.0000000
64491,0.0000311,0.0000001,0.0000000
64492,0.0000311,0.0000001,0.0000000
64493,0.0000311,0.0000001,0.0000000
64494,0.0000311,0.0000001,0.0000000
64495,0.0000311,0.0000001,0.0000000
64496,0.0000311,0.0000001,0.0000000
64497,0.0000311,0.0000001,0.0000000
64498,0.0000311,0.0000001,0.0000000
64499,0.0000311,0.0000001,0.0000000
64500,0.0000311,0.0000001,0.0000000
64501,0.0000311,0.0000001,0.0000000
64502,0.0000311,0.0000001,0.0000000
64503,0.0000311,0.0000001,0.0000000
64504,0.0000311,0.0000001,0.0000000
64505,0.0000311,0.0000001,0.0000000
64506,0.0000311,0.0000001,0.0000000
64507,0.0000311,0.0000001,0.0000000
64508,0.0000311,0.0000001,0.0000000
64509,0.0000311,0.0000001,0.0000000
64510,0.0000311,0.0000001,0.0000000
64511,0.0000311,0.0000001,0.0000000
64512,0.0000311,0.0000001,0.0000000
64513,0.0000311,0.0000001,0.0000000
64514,0.0000311,0.0000001,0.0000000
64515,0.0000311,0.0000001,0.0000000
64516,0.0000311,0.0000001,0.0000000
64517,0.0000311,0.0000001,0.0000000
64518,0.0000311,0.0000001,0.0000000
64519,0.0000311,0.0000001,0.0000000
64520,0.0000311,0.0000001,0.0000000
64521,0.0000311,0.0000001,0.0000000
64522,0.0000311,0.0000001,0.0000000
64523,0.0000311,0.0000001,0.0000000
64524,0.0000311,0.0000001,0.0000000
64525,0.0000311,0.0000001,0.0000000
64526,0.0000311,0.0000001,0.0000000
64527,0.0000311,0.0000001,0.0000000
64528,0.0000311,0.0000001,0.0000000
64529,0.0000311,0.0000001,0.0000000
64530,0.0000311,0.0000001,0.0000000
64531,0.0000311,0.0000001,0.0000000
64532,0.0000311,0.0000001,0.0000000
64533,0.0000311,0.0000001,0.0000000
64534,0.0000311,0.0000001,0.0000000
64535,0.0000311,0.0000001,0.0000000
64536,0.0000311,0.0000001,0.0000000
64537,0.0000311,0.0000001,0.0000000
64538,0.0000311,0.0000001,0.0000000
64539,0.0000311,0.0000001,0.0000000
64540,0.0000311,0.0000001,0.0000000
64541,0.0000311,0.0000001,0.0000000
64542,0.0000311,0.0000001,0.0000000
64543,0.0000310,0.0000001,0.0000000
64544,0.0000310,0.0000001,0.0000000
64545,0.0000310,0.0000001,0.0000000
64546,0.0000310,0.0000001,0.0000000
64547,0.0000310,0.0000001,0.0000000
64548,0.0000310,0.0000001,0.0000000
64549,0.0000310,0.0000001,0.0000000
64550,0.0000310,0.0000001,0.0000000
64551,0.0000310,0.0000001,0.0000000
64552,0.0000310,0.0000001,0.0000000
64553,0.0000310,0.0000001,0.0000000
64554,0.0000310,0.0000001,0.0000000
64555,0.0000310,0.0000001,0.0000000
64556,0.0000310,0.0000001,0.0000000
64557,0.0000310,0.0000001,0.0000000
64558,0.0000310,0.0000001,0.0000000
64559,0.0000310,0.0000001,0.0000000
64560,0.0000310,0.0000001,0.0000000
64561,0.0000310,0.0000001,0.0000000
64562,0.0000310,0.0000001,0.0000000
64563,0.0000310,0.0000001,0.0000000
64564,0.0000310,0.0000001,0.0000000
64565,0.0000310,0.0000001,0.0000000
64566,0.0000310,0.0000001,0.0000000
64567,0.0000310,0.0000001,0.0000000
64568,0.0000310,0.0000001,0.0000000
64569,0.0000310,0.0000001,0.0000000
64570,0.0000310,0.0000001,0.0000000
64571,0.0000310,0.0000001,0.0000000
64572,0.0000310,0.0000001,0.0000000
64573,0.0000310,0.0000001,0.0000000
64574,0.0000310,0.0000001,0.0000000
64575,0.0000310,0.0000001,0.0000000
64576,0.0000310,0.0000001,0.0000000
64577,0.0000310,0.0000001,0.0000000
64578,0.0000310,0.0000001,0.0000000
64579,0.0000310,0.0000001,0.0000000
64580,0.0000310,0.0000001,0.0000000
64581,0.0000310,0.0000001,0.0000000
64582,0.0000310,0.0000001,0.0000000
64583,0.0000310,0.0000001,0.0000000
64584,0.0000310,0.0000001,0.0000000
64585,0.0000310,0.0000001,0.0000000
64586,0.0000310,0.0000001,0.0000000
64587,0.0000310,0.0000001,0.0000000
64588,0.0000310,0.0000001,0.0000000
64589,0.0000310,0.0000001,0.0000000
64590,0.0000310,0.0000001,0.0000000
64591,0.0000310,0.0000001,0.0000000
64592,0.0000310,0.0000001,0.0000000
64593,0.0000310,0.0000001,0.0000000
64594,0.0000310,0.0000001,0.0000000
64595,0.0000310,0.0000001,0.0000000
64596,0.0000310,0.0000001,0.0000000
64597,0.0000310,0.0000001,0.0000000
64598,0.0000310,0.0000001,0.0000000
64599,0.0000310,0.0000001,0.0000000
64600,0.0000310,0.0000001,0.0000000
64601,0.0000310,0.0000001,0.0000000
64602,0.0000310,0.0000001,0.0000000
64603,0.0000310,0.0000001,0.0000000
64604,0.0000310,0.0000001,0.0000000
64605,0.0000310,0.0000001,0.0000000
64606,0.0000310,0.0000001,0.0000000
64607,0.0000310,0.0000001,0.0000000
64608,0.0000310,0.0000001,0.0000000
64609,0.0000310,0.0000001,0.0000000
64610,0.0000310,0.0000001,0.0000000
64611,0.0000310,0.0000001,0.0000000
64612,0.0000310,0.0000001,0.0000000
64613,0.0000310,0.0000001,0.0000000
64614,0.0000310,0.0000001,0.0000000
64615,0.0000309,0.0000001,0.0000000
64616,0.0000309,0.0000001,0.0000000
64617,0.0000309,0.0000001,0.0000000
64618,0.0000309,0.0000001,0.0000000
64619,0.0000309,0.0000001,0.0000000
64620,0.0000309,0.0000001,0.0000000
64621,0.0000309,0.0000001,0.0000000
64622,0.0000309,0.0000001,0.0000000
64623,0.0000309,0.0000001,0.0000000
64624,0.0000309,0.0000001,0.0000000
64625,0.0000309,0.0000001,0.0000000
64626,0.0000309,0.0000001,0.0000000
64627,0.0000309,0.0000001,0.0000000
64628,0.0000309,0.0000001,0.0000000
64629,0.0000309,0.0000001,0.0000000
64630,0.0000309,0.0000001,0.0000000
64631,0.0000309,0.0000001,0.0000000
64632,0.0000309,0.0000001,0.0000000
64633,0.0000309,0.0000001,0.0000000
64634,0.0000309,0.0000001,0.0000000
64635,0.0000309,0.0000001,0.0000000
64636,0.0000309,0.0000001,0.0000000
64637,0.0000309,0.0000001,0.0000000
64638,0.0000309,0.0000001,0.0000000
64639,0.0000309,0.0000001,0.0000000
64640,0.0000309,0.0000001,0.0000000
64641,0.0000309,0.0000001,0.0000000
64642,0.0000309,0.0000001,0.0000000
64643,0.0000309,0.0000001,0.0000000
64644,0.0000309,0.0000001,0.0000000
64645,0.0000309,0.0000001,0.0000000
64646,0.0000309,0.0000001,0.0000000
64647,0.0000309,0.0000001,0.0000000
64648,0.0000309,0.0000001,0.0000000
64649,0.0000309,0.0000001,0.0000000
64650,0.0000309,0.0000001,0.0000000
64651,0.0000309,0.0000001,0.0000000
64652,0.0000309,0.0000001,0.0000000
64653,0.0000309,0.0000001,0.0000000
64654,0.0000309,0.0000001,0.0000000
64655,0.0000309,0.0000001,0.0000000
64656,0.0000309,0.0000001,0.0000000
64657,0.0000309,0.0000001,0.0000000
64658,0.0000309,0.0000001,0.0000000
64659,0.0000309,0.0000001,0.0000000
64660,0.0000309,0.0000001,0.0000000
64661,0.0000309,0.0000001,0.0000000
64662,0.0000309,0.0000001,0.0000000
64663,0.0000309,0.0000001,0.0000000
64664,0.0000309,0.0000001,0.0000000
64665,0.0000309,0.0000001,0.0000000
64666,0.0000309,0.0000001,0.0000000
64667,0.0000309,0.0000001,0.0000000
64668,0.0000309,0.0000001,0.0000000
64669,0.0000309,0.0000001,0.0000000
64670,0.0000309,0.0000001,0.0000000
64671,0.0000309,0.0000001,0.0000000
64672,0.0000309,0.0000001,0.0000000
64673,0.0000309,0.0000001,0.0000000
64674,0.0000309,0.0000001,0.0000000
64675,0.0000309,0.0000001,0.0000000
64676,0.0000309,0.0000001,0.0000000
64677,0.0000309,0.0000001,0.0000000
64678,0.0000309,0.0000001,0.0000000
64679,0.0000309,0.0000001,0.0000000
64680,0.0000309,0.0000001,0.0000000
64681,0.0000309,0.0000001,0.0000000
64682,0.0000309,0.0000001,0.0000000
64683,0.0000309,0.0000001,0.0000000
64684,0.0000309,0.0000001,0.0000000
64685,0.0000309,0.0000001,0.0000000
64686,0.0000309,0.0000001,0.0000000
64687,0.0000308,0.0000001,0.0000000
64688,0.0000308,0.0000001,0.0000000
64689,0.0000308,0.0000001,0.0000000
64690,0.0000308,0.0000001,0.0000000
64691,0.0000308,0.0000001,0.0000000
64692,0.0000308,0.0000001,0.0000000
64693,0.0000308,0.0000001,0.0000000
64694,0.0000308,0.0000001,0.0000000
64695,0.0000308,0.0000001,0.0000000
64696,0.0000308,0.0000001,0.0000000
64697,0.0000308,0.0000001,0.0000000
64698,0.0000308,0.0000001,0.0000000
64699,0.0000308,0.0000001,0.0000000
64700,0.0000308,0.0000001,0.0000000
64701,0.0000308,0.0000001,0.0000000
64702,0.0000308,0.0000001,0.0000000
64703,0.0000308,0.0000001,0.0000000
64704,0.0000308,0.0000001,0.0000000
64705,0.0000308,0.0000001,0.0000000
64706,0.0000308,0.0000001,0.0000000
64707,0.0000308,0.0000001,0.0000000
64708,0.0000308,0.0000001,0.0000000
64709,0.0000308,0.0000001,0.0000000
64710,0.0000308,0.0000001,0.0000000
64711,0.0000308,0.0000001,0.0000000
64712,0.0000308,0.0000001,0.0000000
64713,0.0000308,0.0000001,0.0000000
64714,0.0000308,0.0000001,0.0000000
64715,0.0000308,0.0000001,0.0000000
64716,0.0000308,0.0000001,0.0000000
64717,0.0000308,0.0000001,0.0000000
64718,0.0000308,0.0000001,0.0000000
64719,0.0000308,0.0000001,0.0000000
64720,0.0000308,0.0000001,0.0000000
64721,0.0000308,0.0000001,0.0000000
64722,0.0000308,0.0000001,0.0000000
64723,0.0000308,0.0000001,0.0000000
64724,0.0000308,0.0000001,0.0000000
64725,0.0000308,0.0000001,0.0000000
64726,0.0000308,0.0000001,0.0000000
64727,0.0000308,0.0000001,0.0000000
64728,0.0000308,0.0000001,0.0000000
64729,0.0000308,0.0000001,0.0000000
64730,0.0000308,0.0000001,0.0000000
64731,0.0000308,0.0000001,0.0000000
64732,0.0000308,0.0000001,0.0000000
64733,0.0000308,0.0000001,0.0000000
64734,0.0000308,0.0000001,0.0000000
64735,0.0000308,0.0000001,0.0000000
64736,0.0000308,0.0000001,0.0000000
64737,0.0000308,0.0000001,0.0000000
64738,0.0000308,0.0000001,0.0000000
64739,0.0000308,0.0000001,0.0000000
64740,0.0000308,0.0000001,0.0000000
64741,0.0000308,0.0000001,0.0000000
64742,0.0000308,0.0000001,0.0000000
64743,0.0000308,0.0000001,0.0000000
64744,0.0000308,0.0000001,0.0000000
64745,0.0000308,0.0000001,0.0000000
64746,0.0000308,0.0000001,0.0000000
64747,0.0000308,0.0000001,0.0000000
64748,0.0000308,0.0000001,0.0000000
64749,0.0000308,0.0000001,0.0000000
64750,0.0000308,0.0000001,0.0000000
64751,0.0000308,0.0000001,0.0000000
64752,0.0000308,0.0000001,0.0000000
64753,0.0000308,0.0000001,0.0000000
64754,0.0000308,0.0000001,0.0000000
64755,0.0000308,0.0000001,0.0000000
64756,0.0000308,0.0000001,0.0000000
64757,0.0000308,0.0000001,0.0000000
64758,0.0000308,0.0000001,0.0000000
64759,0.0000307,0.0000001,0.0000000
64760,0.0000307,0.0000001,0.0000000
64761,0.0000307,0.0000001,0.0000000
64762,0.0000307,0.0000001,0.0000000
64763,0.0000307,0.0000001,0.0000000
64764,0.0000307,0.0000001,0.0000000
64765,0.0000307,0.0000001,0.0000000
64766,0.0000307,0.0000001,0.0000000
64767,0.0000307,0.0000001,0.0000000
64768,0.0000307,0.0000001,0.0000000
64769,0.0000307,0.0000001,0.0000000
64770,0.0000307,0.0000001,0.0000000
64771,0.0000307,0.0000001,0.0000000
64772,0.0000307,0.0000001,0.0000000
64773,0.0000307,0.0000001,0.0000000
64774,0.0000307,0.0000001,0.0000000
64775,0.0000307,0.0000001,0.0000000
64776,0.0000307,0.0000001,0.0000000
64777,0.0000307,0.0000001,0.0000000
64778,0.0000307,0.0000001,0.0000000
64779,0.0000307,0.0000001,0.0000000
64780,0.0000307,0.0000001,0.0000000
64781,0.0000307,0.0000001,0.0000000
64782,0.0000307,0.0000001,0.0000000
64783,0.0000307,0.0000001,0.0000000
64784,0.0000307,0.0000001,0.0000000
64785,0.0000307,0.0000001,0.0000000
64786,0.0000307,0.0000001,0.0000000
64787,0.0000307,0.0000001,0.0000000
64788,0.0000307,0.0000001,0.0000000
64789,0.0000307,0.0000001,0.0000000
64790,0.0000307,0.0000001,0.0000000
64791,0.0000307,0.0000001,0.0000000
64792,0.0000307,0.0000001,0.0000000
64793,0.0000307,0.0000001,0.0000000
64794,0.0000307,0.0000001,0.0000000
64795,0.0000307,0.0000001,0.0000000
64796,0.0000307,0.0000001,0.0000000
64797,0.0000307,0.0000001,0.0000000
64798,0.0000307,0.0000001,0.0000000
64799,0.0000307,0.0000001,0.0000000
64800,0.0000307,0.0000001,0.0000000
64801,0.0000307,0.0000001,0.0000000
64802,0.0000307,0.0000001,0.0000000
64803,0.0000307,0.0000001,0.0000000
64804,0.0000307,0.0000001,0.0000000
64805,0.0000307,0.0000001,0.0000000
64806,0.0000307,0.0000001,0.0000000
64807,0.0000307,0.0000001,0.0000000
64808,0.0000307,0.0000001,0.0000000
64809,0.0000307,0.0000001,0.0000000
64810,0.0000307,0.0000001,0.0000000
64811,0.0000307,0.0000001,0.0000000
64812,0.0000307,0.0000001,0.0000000
64813,0.0000307,0.0000001,0.0000000
64814,0.0000307,0.0000001,0.0000000
64815,0.0000307,0.0000001,0.0000000
64816,0.0000307,0.0000001,0.0000000
64817,0.0000307,0.0000001,0.0000000
64818,0.0000307,0.0000001,0.0000000
64819,0.0000307,0.0000001,0.0000000
64820,0.0000307,0.0000001,0.0000000
64821,0.0000307,0.0000001,0.0000000
64822,0.0000307,0.0000001,0.0000000
64823,0.0000307,0.0000001,0.0000000
64824,0.0000307,0.0000001,0.0000000
64825,0.0000307,0.0000001,0.0000000
64826,0.0000307,0.0000001,0.0000000
64827,0.0000307,0.0000001,0.0000000
64828,0.0000307,0.0000001,0.0000000
64829,0.0000307,0.0000001,0.0000000
64830,0.0000307,0.0000001,0.0000000
64831,0.0000307,0.0000001,0.0000000
64832,0.0000306,0.0000001,0.0000000
64833,0.0000306,0.0000001,0.0000000
64834,0.0000306,0.0000001,0.0000000
64835,0.0000306,0.0000001,0.0000000
64836,0.0000306,0.0000001,0.0000000
64837,0.0000306,0.0000001,0.0000000
64838,0.0000306,0.0000001,0.0000000
64839,0.0000306,0.0000001,0.0000000
64840,0.0000306,0.0000001,0.0000000
64841,0.0000306,0.0000001,0.0000000
64842,0.0000306,0.0000001,0.0000000
64843,0.0000306,0.0000001,0.0000000
64844,0.0000306,0.0000001,0.0000000
64845,0.0000306,0.0000001,0.0000000
64846,0.0000306,0.0000001,0.0000000
64847,0.0000306,0.0000001,0.0000000
64848,0.0000306,0.0000001,0.0000000
64849,0.0000306,0.0000001,0.0000000
64850,0.0000306,0.0000001,0.0000000
64851,0.0000306,0.0000001,0.0000000
64852,0.0000306,0.0000001,0.0000000
64853,0.0000306,0.0000001,0.0000000
64854,0.0000306,0.0000001,0.0000000
64855,0.0000306,0.0000001,0.0000000
64856,0.0000306,0.0000001,0.0000000
64857,0.0000306,0.0000001,0.0000000
64858,0.0000306,0.0000001,0.0000000
64859,0.0000306,0.0000001,0.0000000
64860,0.0000306,0.0000001,0.0000000
64861,0.0000306,0.0000001,0.0000000
64862,0.0000306,0.0000001,0.0000000
64863,0.0000306,0.0000001,0.0000000
64864,0.0000306,0.0000001,0.0000000
64865,0.0000306,0.0000001,0.0000000
64866,0.0000306,0.0000001,0.0000000
64867,0.0000306,0.0000001,0.0000000
64868,0.0000306,0.0000001,0.0000000
64869,0.0000306,0.0000001,0.0000000
64870,0.0000306,0.0000001,0.0000000
64871,0.0000306,0.0000001,0.0000000
64872,0.0000306,0.0000001,0.0000000
64873,0.0000306,0.0000001,0.0000000
64874,0.0000306,0.0000001,0.0000000
64875,0.0000306,0.0000001,0.0000000
64876,0.0000306,0.0000001,0.0000000
64877,0.0000306,0.0000001,0.0000000
64878,0.0000306,0.0000001,0.0000000
64879,0.0000306,0.0000001,0.0000000
64880,0.0000306,0.0000001,0.0000000
64881,0.0000306,0.0000001,0.0000000
64882,0.0000306,0.0000001,0.0000000
64883,0.0000306,0.0000001,0.0000000
64884,0.0000306,0.0000001,0.0000000
64885,0.0000306,0.0000001,0.0000000
64886,0.0000306,0.0000001,0.0000000
64887,0.0000306,0.0000001,0.0000000
64888,0.0000306,0.0000001,0.0000000
64889,0.0000306,0.0000001,0.0000000
64890,0.0000306,0.0000001,0.0000000
64891,0.0000306,0.0000001,0.0000000
64892,0.0000306,0.0000001,0.0000000
64893,0.0000306,0.0000001,0.0000000
64894,0.0000306,0.0000001,0.0000000
64895,0.0000306,0.0000001,0.0000000
64896,0.0000306,0.0000001,0.0000000
64897,0.0000306,0.0000001,0.0000000
64898,0.0000306,0.0000001,0.0000000
64899,0.0000306,0.0000001,0.0000000
64900,0.0000306,0.0000001,0.0000000
64901,0.0000306,0.0000001,0.0000000
64902,0.0000306,0.0000001,0.0000000
64903,0.0000306,0.0000001,0.0000000
64904,0.0000306,0.0000001,0.0000000
64905,0.0000305,0.0000001,0.0000000
64906,0.0000305,0.0000001,0.0000000
64907,0.0000305,0.0000001,0.0000000
64908,0.0000305,0.0000001,0.0000000
64909,0.0000305,0.0000001,0.0000000
64910,0.0000305,0.0000001,0.0000000
64911,0.0000305,0.0000001,0.0000000
64912,0.0000305,0.0000001,0.0000000
64913,0.0000305,0.0000001,0.0000000
64914,0.0000305,0.0000001,0.0000000
64915,0.0000305,0.0000001,0.0000000
64916,0.0000305,0.0000001,0.0000000
64917,0.0000305,0.0000001,0.0000000
64918,0.0000305,0.0000001,0.0000000
64919,0.0000305,0.0000001,0.0000000
64920,0.0000305,0.0000001,0.0000000
64921,0.0000305,0.0000001,0.0000000
64922,0.0000305,0.0000001,0.0000000
64923,0.0000305,0.0000001,0.0000000
64924,0.0000305,0.0000001,0.0000000
64925,0.0000305,0.0000001,0.0000000
64926,0.0000305,0.0000001,0.0000000
64927,0.0000305,0.0000001,0.0000000
64928,0.0000305,0.0000001,0.0000000
64929,0.0000305,0.0000001,0.0000000
64930,0.0000305,0.0000001,0.0000000
64931,0.0000305,0.0000001,0.0000000
64932,0.0000305,0.0000001,0.0000000
64933,0.0000305,0.0000001,0.0000000
64934,0.0000305,0.0000001,0.0000000
64935,0.0000305,0.0000001,0.0000000
64936,0.0000305,0.0000001,0.0000000
64937,0.0000305,0.0000001,0.0000000
64938,0.0000305,0.0000001,0.0000000
64939,0.0000305,0.0000001,0.0000000
64940,0.0000305,0.0000001,0.0000000
64941,0.0000305,0.0000001,0.0000000
64942,0.0000305,0.0000001,0.0000000
64943,0.0000305,0.0000001,0.0000000
64944,0.0000305,0.0000001,0.0000000
64945,0.0000305,0.0000001,0.0000000
64946,0.0000305,0.0000001,0.0000000
64947,0.0000305,0.0000001,0.0000000
64948,0.0000305,0.0000001,0.0000000
64949,0.0000305,0.0000001,0.0000000
64950,0.0000305,0.0000001,0.0000000
64951,0.0000305,0.0000001,0.0000000
64952,0.0000305,0.0000001,0.0000000
64953,0.0000305,0.0000001,0.0000000
64954,0.0000305,0.0000001,0.0000000
64955,0.0000305,0.0000001,0.0000000
64956,0.0000305,0.0000001,0.0000000
64957,0.0000305,0.0000001,0.0000000
64958,0.0000305,0.0000001,0.0000000
64959,0.0000305,0.0000001,0.0000000
64960,0.0000305,0.0000001,0.0000000
64961,0.0000305,0.0000001,0.0000000
64962,0.0000305,0.0000001,0.0000000
64963,0.0000305,0.0000001,0.0000000
64964,0.0000305,0.0000001,0.0000000
64965,0.0000305,0.0000001,0.0000000
64966,0.0000305,0.0000001,0.0000000
64967,0.0000305,0.0000001,0.0000000
64968,0.0000305,0.0000001,0.0000000
64969,0.0000305,0.0000001,0.0000000
64970,0.0000305,0.0000001,0.0000000
64971,0.0000305,0.0000001,0.0000000
64972,0.0000305,0.0000001,0.0000000
64973,0.0000305,0.0000001,0.0000000
64974,0.0000305,0.0000001,0.0000000
64975,0.0000305,0.0000001,0.0000000
64976,0.0000305,0.0000001,0.0000000
64977,0.0000305,0.0000001,0.0000000
64978,0.0000304,0.0000001,0.0000000
64979,0.0000304,0.0000001,0.0000000
64980,0.0000304,0.0000001,0.0000000
64981,0.0000304,0.0000001,0.0000000
64982,0.0000304,0.0000001,0.0000000
64983,0.0000304,0.0000001,0.0000000
64984,0.0000304,0.0000001,0.0000000
64985,0.0000304,0.0000001,0.0000000
64986,0.0000304,0.0000001,0.0000000
64987,0.0000304,0.0000001,0.0000000
64988,0.0000304,0.0000001,0.0000000
64989,0.0000304,0.0000001,0.0000000
64990,0.0000304,0.0000001,0.0000000
64991,0.0000304,0.0000001,0.0000000
64992,0.0000304,0.0000001,0.0000000
64993,0.0000304,0.0000001,0.0000000
64994,0.0000304,0.0000001,0.0000000
64995,0.0000304,0.0000001,0.0000000
64996,0.0000304,0.0000001,0.0000000
64997,0.0000304,0.0000001,0.0000000
64998,0.0000304,0.0000001,0.0000000
64999,0.0000304,0.0000001,0.0000000
65000,0.0000304,0.0000001,0.0000000
65001,0.0000304,0.0000001,0.0000000
65002,0.0000304,0.0000001,0.0000000
65003,0.0000304,0.0000001,0.0000000
65004,0.0000304,0.0000001,0.0000000
65005,0.0000304,0.0000001,0.0000000
65006,0.0000304,0.0000001,0.0000000
65007,0.0000304,0.0000001,0.0000000
65008,0.0000304,0.0000001,0.0000000
65009,0.0000304,0.0000001,0.0000000
65010,0.0000304,0.0000001,0.0000000
65011,0.0000304,0.0000001,0.0000000
65012,0.0000304,0.0000001,0.0000000
65013,0.0000304,0.0000001,0.0000000
65014,0.0000304,0.0000001,0.0000000
65015,0.0000304,0.0000001,0.0000000
65016,0.0000304,0.0000001,0.0000000
65017,0.0000304,0.0000001,0.0000000
65018,0.0000304,0.0000001,0.0000000
65019,0.0000304,0.0000001,0.0000000
65020,0.0000304,0.0000001,0.0000000
65021,0.0000304,0.0000001,0.0000000
65022,0.0000304,0.0000001,0.0000000
65023,0.0000304,0.0000001,0.0000000
65024,0.0000304,0.0000001,0.0000000
65025,0.0000304,0.0000001,0.0000000
65026,0.0000304,0.0000001,0.0000000
65027,0.0000304,0.0000001,0.0000000
65028,0.0000304,0.0000001,0.0000000
65029,0.0000304,0.0000001,0.0000000
65030,0.0000304,0.0000001,0.0000000
65031,0.0000304,0.0000001,0.0000000
65032,0.0000304,0.0000001,0.0000000
65033,0.0000304,0.0000001,0.0000000
65034,0.0000304,0.0000001,0.0000000
65035,0.0000304,0.0000001,0.0000000
65036,0.0000304,0.0000001,0.0000000
65037,0.0000304,0.0000001,0.0000000
65038,0.0000304,0.0000001,0.0000000
65039,0.0000304,0.0000001,0.0000000
65040,0.0000304,0.0000001,0.0000000
65041,0.0000304,0.0000001,0.0000000
65042,0.0000304,0.0000001,0.0000000
65043,0.0000304,0.0000001,0.0000000
65044,0.0000304,0.0000001,0.0000000
65045,0.0000304,0.0000001,0.0000000
65046,0.0000304,0.0000001,0.0000000
65047,0.0000304,0.0000001,0.0000000
65048,0.0000304,0.0000001,0.0000000
65049,0.0000304,0.0000001,0.0000000
65050,0.0000304,0.0000001,0.0000000
65051,0.0000303,0.0000001,0.0000000
65052,0.0000303,0.0000001,0.0000000
65053,0.0000303,0.0000001,0.0000000
65054,0.0000303,0.0000001,0.0000000
65055,0.0000303,0.0000001,0.0000000
65056,0.0000303,0.0000001,0.0000000
65057,0.0000303,0.0000001,0.0000000
65058,0.0000303,0.0000001,0.0000000
65059,0.0000303,0.0000001,0.0000000
65060,0.0000303,0.0000001,0.0000000
65061,0.0000303,0.0000001,0.0000000
65062,0.0000303,0.0000001,0.0000000
65063,0.0000303,0.0000001,0.0000000
65064,0.0000303,0.0000001,0.0000000
65065,0.0000303,0.0000001,0.0000000
65066,0.0000303,0.0000001,0.0000000
65067,0.0000303,0.0000001,0.0000000
65068,0.0000303,0.0000001,0.0000000
65069,0.0000303,0.0000001,0.0000000
65070,0.0000303,0.0000001,0.0000000
65071,0.0000303,0.0000001,0.0000000
65072,0.0000303,0.0000001,0.0000000
65073,0.0000303,0.0000001,0.0000000
65074,0.0000303,0.0000001,0.0000000
65075,0.0000303,0.0000001,0.0000000
65076,0.0000303,0.0000001,0.0000000
65077,0.0000303,0.0000001,0.0000000
65078,0.0000303,0.0000001,0.0000000
65079,0.0000303,0.0000001,0.0000000
65080,0.0000303,0.0000001,0.0000000
65081,0.0000303,0.0000001,0.0000000
65082,0.0000303,0.0000001,0.0000000
65083,0.0000303,0.0000001,0.0000000
65084,0.0000303,0.0000001,0.0000000
65085,0.0000303,0.0000001,0.0000000
65086,0.0000303,0.0000001,0.0000000
65087,0.0000303,0.0000001,0.0000000
65088,0.0000303,0.0000001,0.0000000
65089,0.0000303,0.0000001,0.0000000
65090,0.0000303,0.0000001,0.0000000
65091,0.0000303,0.0000001,0.0000000
65092,0.0000303,0.0000001,0.0000000
65093,0.0000303,0.0000001,0.0000000
65094,0.0000303,0.0000001,0.0000000
65095,0.0000303,0.0000001,0.0000000
65096,0.0000303,0.0000001,0.0000000
65097,0.0000303,0.0000001,0.0000000
65098,0.0000303,0.0000001,0.0000000
65099,0.0000303,0.0000001,0.0000000
65100,0.0000303,0.0000001,0.0000000
65101,0.0000303,0.0000001,0.0000000
65102,0.0000303,0.0000001,0.0000000
65103,0.0000303,0.0000001,0.0000000
65104,0.0000303,0.0000001,0.0000000
65105,0.0000303,0.0000001,0.0000000
65106,0.0000303,0.0000001,0.0000000
65107,0.0000303,0.0000001,0.0000000
65108,0.0000303,0.0000001,0.0000000
65109,0.0000303,0.0000001,0.0000000
65110,0.0000303,0.0000001,0.0000000
65111,0.0000303,0.0000001,0.0000000
65112,0.0000303,0.0000001,0.0000000
65113,0.0000303,0.0000001,0.0000000
65114,0.0000303,0.0000001,0.0000000
65115,0.0000303,0.0000001,0.0000000
65116,0.0000303,0.0000001,0.0000000
65117,0.0000303,0.0000001,0.0000000
65118,0.0000303,0.0000001,0.0000000
65119,0.0000303,0.0000001,0.0000000
65120,0.0000303,0.0000001,0.0000000
65121,0.0000303,0.0000001,0.0000000
65122,0.0000303,0.0000001,0.0000000
65123,0.0000303,0.0000001,0.0000000
65124,0.0000302,0.0000001,0.0000000
65125,0.0000302,0.0000001,0.0000000
65126,0.0000302,0.0000001,0.0000000
65127,0.0000302,0.0000001,0.0000000
65128,0.0000302,0.0000001,0.0000000
65129,0.0000302,0.0000001,0.0000000
65130,0.0000302,0.0000001,0.0000000
65131,0.0000302,0.0000001,0.0000000
65132,0.0000302,0.0000001,0.0000000
65133,0.0000302,0.0000001,0.0000000
65134,0.0000302,0.0000001,0.0000000
65135,0.0000302,0.0000001,0.0000000
65136,0.0000302,0.0000001,0.0000000
65137,0.0000302,0.0000001,0.0000000
65138,0.0000302,0.0000001,0.0000000
65139,0.0000302,0.0000001,0.0000000
65140,0.0000302,0.0000001,0.0000000
65141,0.0000302,0.0000001,0.0000000
65142,0.0000302,0.0000001,0.0000000
65143,0.0000302,0.0000001,0.0000000
65144,0.0000302,0.0000001,0.0000000
65145,0.0000302,0.0000001,0.0000000
65146,0.0000302,0.0000001,0.0000000
65147,0.0000302,0.0000001,0.0000000
65148,0.0000302,0.0000001,0.0000000
65149,0.0000302,0.0000001,0.0000000
65150,0.0000302,0.0000001,0.0000000
65151,0.0000302,0.0000001,0.0000000
65152,0.0000302,0.0000001,0.0000000
65153,0.0000302,0.0000001,0.0000000
65154,0.0000302,0.0000001,0.0000000
65155,0.0000302,0.0000001,0.0000000
65156,0.0000302,0.0000001,0.0000000
65157,0.0000302,0.0000001,0.0000000
65158,0.0000302,0.0000001,0.0000000
65159,0.0000302,0.0000001,0.0000000
65160,0.0000302,0.0000001,0.0000000
65161,0.0000302,0.0000001,0.0000000
65162,0.0000302,0.0000001,0.0000000
65163,0.0000302,0.0000001,0.0000000
65164,0.0000302,0.0000001,0.0000000
65165,0.0000302,0.0000001,0.0000000
65166,0.0000302,0.0000001,0.0000000
65167,0.0000302,0.0000001,0.0000000
65168,0.0000302,0.0000001,0.0000000
65169,0.0000302,0.0000001,0.0000000
65170,0.0000302,0.0000001,0.0000000
65171,0.0000302,0.0000001,0.0000000
65172,0.0000302,0.0000001,0.0000000
65173,0.0000302,0.0000001,0.0000000
65174,0.0000302,0.0000001,0.0000000
65175,0.0000302,0.0000001,0.0000000
65176,0.0000302,0.0000001,0.0000000
65177,0.0000302,0.0000001,0.0000000
65178,0.0000302,0.0000001,0.0000000
65179,0.0000302,0.0000001,0.0000000
65180,0.0000302,0.0000001,0.0000000
65181,0.0000302,0.0000001,0.0000000
65182,0.0000302,0.0000001,0.0000000
65183,0.0000302,0.0000001,0.0000000
65184,0.0000302,0.0000001,0.0000000
65185,0.0000302,0.0000001,0.0000000
65186,0.0000302,0.0000001,0.0000000
65187,0.0000302,0.0000001,0.0000000
65188,0.0000302,0.0000001,0.0000000
65189,0.0000302,0.0000001,0.0000000
65190,0.0000302,0.0000001,0.0000000
65191,0.0000302,0.0000001,0.0000000
65192,0.0000302,0.0000001,0.0000000
65193,0.0000302,0.0000001,0.0000000
65194,0.0000302,0.0000001,0.0000000
65195,0.0000302,0.0000001,0.0000000
65196,0.0000302,0.0000001,0.0000000
65197,0.0000302,0.0000001,0.0000000
65198,0.0000301,0.0000001,0.0000000
65199,0.0000301,0.0000001,0.0000000
65200,0.0000301,0.0000001,0.0000000
65201,0.0000301,0.0000001,0.0000000
65202,0.0000301,0.0000001,0.0000000
65203,0.0000301,0.0000001,0.0000000
65204,0.0000301,0.0000001,0.0000000
65205,0.0000301,0.0000001,0.0000000
65206,0.0000301,0.0000001,0.0000000
65207,0.0000301,0.0000001,0.0000000
65208,0.0000301,0.0000001,0.0000000
65209,0.0000301,0.0000001,0.0000000
65210,0.0000301,0.0000001,0.0000000
65211,0.0000301,0.0000001,0.0000000
65212,0.0000301,0.0000001,0.0000000
65213,0.0000301,0.0000001,0.0000000
65214,0.0000301,0.0000001,0.0000000
65215,0.0000301,0.0000001,0.0000000
65216,0.0000301,0.0000001,0.0000000
65217,0.0000301,0.0000001,0.0000000
65218,0.0000301,0.0000001,0.0000000
65219,0.0000301,0.0000001,0.0000000
65220,0.0000301,0.0000001,0.0000000
65221,0.0000301,0.0000001,0.0000000
65222,0.0000301,0.0000001,0.0000000
65223,0.0000301,0.0000001,0.0000000
65224,0.0000301,0.0000001,0.0000000
65225,0.0000301,0.0000001,0.0000000
65226,0.0000301,0.0000001,0.0000000
65227,0.0000301,0.0000001,0.0000000
65228,0.0000301,0.0000001,0.0000000
65229,0.0000301,0.0000001,0.0000000
65230,0.0000301,0.0000001,0.0000000
65231,0.0000301,0.0000001,0.0000000
65232,0.0000301,0.0000001,0.0000000
65233,0.0000301,0.0000001,0.0000000
65234,0.0000301,0.0000001,0.0000000
65235,0.0000301,0.0000001,0.0000000
65236,0.0000301,0.0000001,0.0000000
65237,0.0000301,0.0000001,0.0000000
65238,0.0000301,0.0000001,0.0000000
65239,0.0000301,0.0000001,0.0000000
65240,0.0000301,0.0000001,0.0000000
65241,0.0000301,0.0000001,0.0000000
65242,0.0000301,0.0000001,0.0000000
65243,0.0000301,0.0000001,0.0000000
65244,0.0000301,0.0000001,0.0000000
65245,0.0000301,0.0000001,0.0000000
65246,0.0000301,0.0000001,0.0000000
65247,0.0000301,0.0000001,0.0000000
65248,0.0000301,0.0000001,0.0000000
65249,0.0000301,0.0000001,0.0000000
65250,0.0000301,0.0000001,0.0000000
65251,0.0000301,0.0000001,0.0000000
65252,0.0000301,0.0000001,0.0000000
65253,0.0000301,0.0000001,0.0000000
65254,0.0000301,0.0000001,0.0000000
65255,0.0000301,0.0000001,0.0000000
65256,0.0000301,0.0000001,0.0000000
65257,0.0000301,0.0000001,0.0000000
65258,0.0000301,0.0000001,0.0000000
65259,0.0000301,0.0000001,0.0000000
65260,0.0000301,0.0000001,0.0000000
65261,0.0000301,0.0000001,0.0000000
65262,0.0000301,0.0000001,0.0000000
65263,0.0000301,0.0000001,0.0000000
65264,0.0000301,0.0000001,0.0000000
65265,0.0000301,0.0000001,0.0000000
65266,0.0000301,0.0000001,0.0000000
65267,0.0000301,0.0000001,0.0000000
65268,0.0000301,0.0000001,0.0000000
65269,0.0000301,0.0000001,0.0000000
65270,0.0000301,0.0000001,0.0000000
65271,0.0000301,0.0000001,0.0000000
65272,0.0000300,0.0000001,0.0000000
65273,0.0000300,0.0000001,0.0000000
65274,0.0000300,0.0000001,0.0000000
65275,0.0000300,0.0000001,0.0000000
65276,0.0000300,0.0000001,0.0000000
65277,0.0000300,0.0000001,0.0000000
65278,0.0000300,0.0000001,0.0000000
65279,0.0000300,0.0000001,0.0000000
65280,0.0000300,0.0000001,0.0000000
65281,0.0000300,0.0000001,0.0000000
65282,0.0000300,0.0000001,0.0000000
65283,0.0000300,0.0000001,0.0000000
65284,0.0000300,0.0000001,0.0000000
65285,0.0000300,0.0000001,0.0000000
65286,0.0000300,0.0000001,0.0000000
65287,0.0000300,0.0000001,0.0000000
65288,0.0000300,0.0000001,0.0000000
65289,0.0000300,0.0000001,0.0000000
65290,0.0000300,0.0000001,0.0000000
65291,0.0000300,0.0000001,0.0000000
65292,0.0000300,0.0000001,0.0000000
65293,0.0000300,0.0000001,0.0000000
65294,0.0000300,0.0000001,0.0000000
65295,0.0000300,0.0000001,0.0000000
65296,0.0000300,0.0000001,0.0000000
65297,0.0000300,0.0000001,0.0000000
65298,0.0000300,0.0000001,0.0000000
65299,0.0000300,0.0000001,0.0000000
65300,0.0000300,0.0000001,0.0000000
65301,0.0000300,0.0000001,0.0000000
65302,0.0000300,0.0000001,0.0000000
65303,0.0000300,0.0000001,0.0000000
65304,0.0000300,0.0000001,0.0000000
65305,0.0000300,0.0000001,0.0000000
65306,0.0000300,0.0000001,0.0000000
65307,0.0000300,0.0000001,0.0000000
65308,0.0000300,0.0000001,0.0000000
65309,0.0000300,0.0000001,0.0000000
65310,0.0000300,0.0000001,0.0000000
65311,0.0000300,0.0000001,0.0000000
65312,0.0000300,0.0000001,0.0000000
65313,0.0000300,0.0000001,0.0000000
65314,0.0000300,0.0000001,0.0000000
65315,0.0000300,0.0000001,0.0000000
65316,0.0000300,0.0000001,0.0000000
65317,0.0000300,0.0000001,0.0000000
65318,0.0000300,0.0000001,0.0000000
65319,0.0000300,0.0000001,0.0000000
65320,0.0000300,0.0000001,0.0000000
65321,0.0000300,0.0000001,0.0000000
65322,0.0000300,0.0000001,0.0000000
65323,0.0000300,0.0000001,0.0000000
65324,0.0000300,0.0000001,0.0000000
65325,0.0000300,0.0000001,0.0000000
65326,0.0000300,0.0000001,0.0000000
65327,0.0000300,0.0000001,0.0000000
65328,0.0000300,0.0000001,0.0000000
65329,0.0000300,0.0000001,0.0000000
65330,0.0000300,0.0000001,0.0000000
65331,0.0000300,0.0000001,0.0000000
65332,0.0000300,0.0000001,0.0000000
65333,0.0000300,0.0000001,0.0000000
65334,0.0000300,0.0000001,0.0000000
65335,0.0000300,0.0000001,0.0000000
65336,0.0000300,0.0000001,0.0000000
65337,0.0000300,0.0000001,0.0000000
65338,0.0000300,0.0000001,0.0000000
65339,0.0000300,0.0000001,0.0000000
65340,0.0000300,0.0000001,0.0000000
65341,0.0000300,0.0000001,0.0000000
65342,0.0000300,0.0000001,0.0000000
65343,0.0000300,0.0000001,0.0000000
65344,0.0000300,0.0000001,0.0000000
65345,0.0000300,0.0000001,0.0000000
65346,0.0000300,0.0000001,0.0000000
65347,0.0000299,0.0000001,0.0000000
65348,0.0000299,0.0000001,0.0000000
65349,0.0000299,0.0000001,0.0000000
65350,0.0000299,0.0000001,0.0000000
65351,0.0000299,0.0000001,0.0000000
65352,0.0000299,0.0000001,0.0000000
65353,0.0000299,0.0000001,0.0000000
65354,0.0000299,0.0000001,0.0000000
65355,0.0000299,0.0000001,0.0000000
65356,0.0000299,0.0000001,0.0000000
65357,0.0000299,0.0000001,0.0000000
65358,0.0000299,0.0000001,0.0000000
65359,0.0000299,0.0000001,0.0000000
65360,0.0000299,0.0000001,0.0000000
65361,0.0000299,0.0000001,0.0000000
65362,0.0000299,0.0000001,0.0000000
65363,0.0000299,0.0000001,0.0000000
65364,0.0000299,0.0000001,0.0000000
65365,0.0000299,0.0000001,0.0000000
65366,0.0000299,0.0000001,0.0000000
65367,0.0000299,0.0000001,0.0000000
65368,0.0000299,0.0000001,0.0000000
65369,0.0000299,0.0000001,0.0000000
65370,0.0000299,0.0000001,0.0000000
65371,0.0000299,0.0000001,0.0000000
65372,0.0000299,0.0000001,0.0000000
65373,0.0000299,0.0000001,0.0000000
65374,0.0000299,0.0000001,0.0000000
65375,0.0000299,0.0000001,0.0000000
65376,0.0000299,0.0000001,0.0000000
65377,0.0000299,0.0000001,0.0000000
65378,0.0000299,0.0000001,0.0000000
65379,0.0000299,0.0000001,0.0000000
65380,0.0000299,0.0000001,0.0000000
65381,0.0000299,0.0000001,0.0000000
65382,0.0000299,0.0000001,0.0000000
65383,0.0000299,0.0000001,0.0000000
65384,0.0000299,0.0000001,0.0000000
65385,0.0000299,0.0000001,0.0000000
65386,0.0000299,0.0000001,0.0000000
65387,0.0000299,0.0000001,0.0000000
65388,0.0000299,0.0000001,0.0000000
65389,0.0000299,0.0000001,0.0000000
65390,0.0000299,0.0000001,0.0000000
65391,0.0000299,0.0000001,0.0000000
65392,0.0000299,0.0000001,0.0000000
65393,0.0000299,0.0000001,0.0000000
65394,0.0000299,0.0000001,0.0000000
65395,0.0000299,0.0000001,0.0000000
65396,0.0000299,0.0000001,0.0000000
65397,0.0000299,0.0000001,0.0000000
65398,0.0000299,0.0000001,0.0000000
65399,0.0000299,0.0000001,0.0000000
65400,0.0000299,0.0000001,0.0000000
65401,0.0000299,0.0000001,0.0000000
65402,0.0000299,0.0000001,0.0000000
65403,0.0000299,0.0000001,0.0000000
65404,0.0000299,0.0000001,0.0000000
65405,0.0000299,0.0000001,0.0000000
65406,0.0000299,0.0000001,0.0000000
65407,0.0000299,0.0000001,0.0000000
65408,0.0000299,0.0000001,0.0000000
65409,0.0000299,0.0000001,0.0000000
65410,0.0000299,0.0000001,0.0000000
65411,0.0000299,0.0000001,0.0000000
65412,0.0000299,0.0000001,0.0000000
65413,0.0000299,0.0000001,0.0000000
65414,0.0000299,0.0000001,0.0000000
65415,0.0000299,0.0000001,0.0000000
65416,0.0000299,0.0000001,0.0000000
65417,0.0000299,0.0000001,0.0000000
65418,0.0000299,0.0000001,0.0000000
65419,0.0000299,0.0000001,0.0000000
65420,0.0000299,0.0000001,0.0000000
65421,0.0000298,0.0000001,0.0000000
65422,0.0000298,0.0000001,0.0000000
65423,0.0000298,0.0000001,0.0000000
65424,0.0000298,0.0000001,0.0000000
65425,0.0000298,0.0000001,0.0000000
65426,0.0000298,0.0000001,0.0000000
65427,0.0000298,0.0000001,0.0000000
65428,0.0000298,0.0000001,0.0000000
65429,0.0000298,0.0000001,0.0000000
65430,0.0000298,0.0000001,0.0000000
65431,0.0000298,0.0000001,0.0000000
65432,0.0000298,0.0000001,0.0000000
65433,0.0000298,0.0000001,0.0000000
65434,0.0000298,0.0000001,0.0000000
65435,0.0000298,0.0000001,0.0000000
65436,0.0000298,0.0000001,0.0000000
65437,0.0000298,0.0000001,0.0000000
65438,0.0000298,0.0000001,0.0000000
65439,0.0000298,0.0000001,0.0000000
65440,0.0000298,0.0000001,0.0000000
65441,0.0000298,0.0000001,0.0000000
65442,0.0000298,0.0000001,0.0000000
65443,0.0000298,0.0000001,0.0000000
65444,0.0000298,0.0000001,0.0000000
65445,0.0000298,0.0000001,0.0000000
65446,0.0000298,0.0000001,0.0000000
65447,0.0000298,0.0000001,0.0000000
65448,0.0000298,0.0000001,0.0000000
65449,0.0000298,0.0000001,0.0000000
65450,0.0000298,0.0000001,0.0000000
65451,0.0000298,0.0000001,0.0000000
65452,0.0000298,0.0000001,0.0000000
65453,0.0000298,0.0000001,0.0000000
65454,0.0000298,0.0000001,0.0000000
65455,0.0000298,0.0000001,0.0000000
65456,0.0000298,0.0000001,0.0000000
65457,0.0000298,0.0000001,0.0000000
65458,0.0000298,0.0000001,0.0000000
65459,0.0000298,0.0000001,0.0000000
65460,0.0000298,0.0000001,0.0000000
65461,0.0000298,0.0000001,0.0000000
65462,0.0000298,0.0000001,0.0000000
65463,0.0000298,0.0000001,0.0000000
65464,0.0000298,0.0000001,0.0000000
65465,0.0000298,0.0000001,0.0000000
65466,0.0000298,0.0000001,0.0000000
65467,0.0000298,0.0000001,0.0000000
65468,0.0000298,0.0000001,0.0000000
65469,0.0000298,0.0000001,0.0000000
65470,0.0000298,0.0000001,0.0000000
65471,0.0000298,0.0000001,0.0000000
65472,0.0000298,0.0000001,0.0000000
65473,0.0000298,0.0000001,0.0000000
65474,0.0000298,0.0000001,0.0000000
65475,0.0000298,0.0000001,0.0000000
65476,0.0000298,0.0000001,0.0000000
65477,0.0000298,0.0000001,0.0000000
65478,0.0000298,0.0000001,0.0000000
65479,0.0000298,0.0000001,0.0000000
65480,0.0000298,0.0000001,0.0000000
65481,0.0000298,0.0000001,0.0000000
65482,0.0000298,0.0000001,0.0000000
65483,0.0000298,0.0000001,0.0000000
65484,0.0000298,0.0000001,0.0000000
65485,0.0000298,0.0000001,0.0000000
65486,0.0000298,0.0000001,0.0000000
65487,0.0000298,0.0000001,0.0000000
65488,0.0000298,0.0000001,0.0000000
65489,0.0000298,0.0000001,0.0000000
65490,0.0000298,0.0000001,0.0000000
65491,0.0000298,0.0000001,0.0000000
65492,0.0000298,0.0000001,0.0000000
65493,0.0000298,0.0000001,0.0000000
65494,0.0000298,0.0000001,0.0000000
65495,0.0000298,0.0000001,0.0000000
65496,0.0000297,0.0000001,0.0000000
65497,0.0000297,0.0000001,0.0000000
65498,0.0000297,0.0000001,0.0000000
65499,0.0000297,0.0000001,0.0000000
65500,0.0000297,0.0000001,0.0000000
65501,0.0000297,0.0000001,0.0000000
65502,0.0000297,0.0000001,0.0000000
65503,0.0000297,0.0000001,0.0000000
65504,0.0000297,0.0000001,0.0000000
65505,0.0000297,0.0000001,0.0000000
65506,0.0000297,0.0000001,0.0000000
65507,0.0000297,0.0000001,0.0000000
65508,0.0000297,0.0000001,0.0000000
65509,0.0000297,0.0000001,0.0000000
65510,0.0000297,0.0000001,0.0000000
65511,0.0000297,0.0000001,0.0000000
65512,0.0000297,0.0000001,0.0000000
65513,0.0000297,0.0000001,0.0000000
65514,0.0000297,0.0000001,0.0000000
65515,0.0000297,0.0000001,0.0000000
65516,0.0000297,0.0000001,0.0000000
65517,0.0000297,0.0000001,0.0000000
65518,0.0000297,0.0000001,0.0000000
65519,0.0000297,0.0000001,0.0000000
65520,0.0000297,0.0000001,0.0000000
65521,0.0000297,0.0000001,0.0000000
65522,0.0000297,0.0000001,0.0000000
65523,0.0000297,0.0000001,0.0000000
65524,0.0000297,0.0000001,0.0000000
65525,0.0000297,0.0000001,0.0000000
65526,0.0000297,0.0000001,0.0000000
65527,0.0000297,0.0000001,0.0000000
65528,0.0000297,0.0000001,0.0000000
65529,0.0000297,0.0000001,0.0000000
65530,0.0000297,0.0000001,0.0000000
65531,0.0000297,0.0000001,0.0000000
65532,0.0000297,0.0000001,0.0000000
65533,0.0000297,0.0000001,0.0000000
65534,0.0000297,0.0000001,0.0000000
65535,0.0000297,0.0000001,0.0000000
65536,0.0000297,0.0000001,0.0000000
65537,0.0000297,0.0000001,0.0000000
65538,0.0000297,0.0000001,0.0000000
65539,0.0000297,0.0000001,0.0000000
65540,0.0000297,0.0000001,0.0000000
65541,0.0000297,0.0000001,0.0000000
65542,0.0000297,0.0000001,0.0000000
65543,0.0000297,0.0000001,0.0000000
65544,0.0000297,0.0000001,0.0000000
65545,0.0000297,0.0000001,0.0000000
65546,0.0000297,0.0000001,0.0000000
65547,0.0000297,0.0000001,0.0000000
65548,0.0000297,0.0000001,0.0000000
65549,0.0000297,0.0000001,0.0000000
65550,0.0000297,0.0000001,0.0000000
65551,0.0000297,0.0000001,0.0000000
65552,0.0000297,0.0000001,0.0000000
65553,0.0000297,0.0000001,0.0000000
65554,0.0000297,0.0000001,0.0000000
65555,0.0000297,0.0000001,0.0000000
65556,0.0000297,0.0000001,0.0000000
65557,0.0000297,0.0000001,0.0000000
65558,0.0000297,0.0000001,0.0000000
65559,0.0000297,0.0000001,0.0000000
65560,0.0000297,0.0000001,0.0000000
65561,0.0000297,0.0000001,0.0000000
65562,0.0000297,0.0000001,0.0000000
65563,0.0000297,0.0000001,0.0000000
65564,0.0000297,0.0000001,0.0000000
65565,0.0000297,0.0000001,0.0000000
65566,0.0000297,0.0000001,0.0000000
65567,0.0000297,0.0000001,0.0000000
65568,0.0000297,0.0000001,0.0000000
65569,0.0000297,0.0000001,0.0000000
65570,0.0000297,0.0000001,0.0000000
65571,0.0000296,0.0000001,0.0000000
65572,0.0000296,0.0000001,0.0000000
65573,0.0000296,0.0000001,0.0000000
65574,0.0000296,0.0000001,0.0000000
65575,0.0000296,0.0000001,0.0000000
65576,0.0000296,0.0000001,0.0000000
65577,0.0000296,0.0000001,0.0000000
65578,0.0000296,0.0000001,0.0000000
65579,0.0000296,0.0000001,0.0000000
65580,0.0000296,0.0000001,0.0000000
65581,0.0000296,0.0000001,0.0000000
65582,0.0000296,0.0000001,0.0000000
65583,0.0000296,0.0000001,0.0000000
65584,0.0000296,0.0000001,0.0000000
65585,0.0000296,0.0000001,0.0000000
65586,0.0000296,0.0000001,0.0000000
65587,0.0000296,0.0000001,0.0000000
65588,0.0000296,0.0000001,0.0000000
65589,0.0000296,0.0000001,0.0000000
65590,0.0000296,0.0000001,0.0000000
65591,0.0000296,0.0000001,0.0000000
65592,0.0000296,0.0000001,0.0000000
65593,0.0000296,0.0000001,0.0000000
65594,0.0000296,0.0000001,0.0000000
65595,0.0000296,0.0000001,0.0000000
65596,0.0000296,0.0000001,0.0000000
65597,0.0000296,0.0000001,0.0000000
65598,0.0000296,0.0000001,0.0000000
65599,0.0000296,0.0000001,0.0000000
65600,0.0000296,0.0000001,0.0000000
65601,0.0000296,0.0000001,0.0000000
65602,0.0000296,0.0000001,0.0000000
65603,0.0000296,0.0000001,0.0000000
65604,0.0000296,0.0000001,0.0000000
65605,0.0000296,0.0000001,0.0000000
65606,0.0000296,0.0000001,0.0000000
65607,0.0000296,0.0000001,0.0000000
65608,0.0000296,0.0000001,0.0000000
65609,0.0000296,0.0000001,0.0000000
65610,0.0000296,0.0000001,0.0000000
65611,0.0000296,0.0000001,0.0000000
65612,0.0000296,0.0000001,0.0000000
65613,0.0000296,0.0000001,0.0000000
65614,0.0000296,0.0000001,0.0000000
65615,0.0000296,0.0000001,0.0000000
65616,0.0000296,0.0000001,0.0000000
65617,0.0000296,0.0000001,0.0000000
65618,0.0000296,0.0000001,0.0000000
65619,0.0000296,0.0000001,0.0000000
65620,0.0000296,0.0000001,0.0000000
65621,0.0000296,0.0000001,0.0000000
65622,0.0000296,0.0000001,0.0000000
65623,0.0000296,0.0000001,0.0000000
65624,0.0000296,0.0000001,0.0000000
65625,0.0000296,0.0000001,0.0000000
65626,0.0000296,0.0000001,0.0000000
65627,0.0000296,0.0000001,0.0000000
65628,0.0000296,0.0000001,0.0000000
65629,0.0000296,0.0000001,0.0000000
65630,0.0000296,0.0000001,0.0000000
65631,0.0000296,0.0000001,0.0000000
65632,0.0000296,0.0000001,0.0000000
65633,0.0000296,0.0000001,0.0000000
65634,0.0000296,0.0000001,0.0000000
65635,0.0000296,0.0000001,0.0000000
65636,0.0000296,0.0000001,0.0000000
65637,0.0000296,0.0000001,0.0000000
65638,0.0000296,0.0000001,0.0000000
65639,0.0000296,0.0000001,0.0000000
65640,0.0000296,0.0000001,0.0000000
65641,0.0000296,0.0000001,0.0000000
65642,0.0000296,0.0000001,0.0000000
65643,0.0000296,0.0000001,0.0000000
65644,0.0000296,0.0000001,0.0000000
65645,0.0000296,0.0000001,0.0000000
65646,0.0000296,0.0000001,0.0000000
65647,0.0000295,0.0000001,0.0000000
65648,0.0000295,0.0000001,0.0000000
65649,0.0000295,0.0000001,0.0000000
65650,0.0000295,0.0000001,0.0000000
65651,0.0000295,0.0000001,0.0000000
65652,0.0000295,0.0000001,0.0000000
65653,0.0000295,0.0000001,0.0000000
65654,0.0000295,0.0000001,0.0000000
65655,0.0000295,0.0000001,0.0000000
65656,0.0000295,0.0000001,0.0000000
65657,0.0000295,0.0000001,0.0000000
65658,0.0000295,0.0000001,0.0000000
65659,0.0000295,0.0000001,0.0000000
65660,0.0000295,0.0000001,0.0000000
65661,0.0000295,0.0000001,0.0000000
65662,0.0000295,0.0000001,0.0000000
65663,0.0000295,0.0000001,0.0000000
65664,0.0000295,0.0000001,0.0000000
65665,0.0000295,0.0000001,0.0000000
65666,0.0000295,0.0000001,0.0000000
65667,0.0000295,0.0000001,0.0000000
65668,0.0000295,0.0000001,0.0000000
65669,0.0000295,0.0000001,0.0000000
65670,0.0000295,0.0000001,0.0000000
65671,0.0000295,0.0000001,0.0000000
65672,0.0000295,0.0000001,0.0000000
65673,0.0000295,0.0000001,0.0000000
65674,0.0000295,0.0000001,0.0000000
65675,0.0000295,0.0000001,0.0000000
65676,0.0000295,0.0000001,0.0000000
65677,0.0000295,0.0000001,0.0000000
65678,0.0000295,0.0000001,0.0000000
65679,0.0000295,0.0000001,0.0000000
65680,0.0000295,0.0000001,0.0000000
65681,0.0000295,0.0000001,0.0000000
65682,0.0000295,0.0000001,0.0000000
65683,0.0000295,0.0000001,0.0000000
65684,0.0000295,0.0000001,0.0000000
65685,0.0000295,0.0000001,0.0000000
65686,0.0000295,0.0000001,0.0000000
65687,0.0000295,0.0000001,0.0000000
65688,0.0000295,0.0000001,0.0000000
65689,0.0000295,0.0000001,0.0000000
65690,0.0000295,0.0000001,0.0000000
65691,0.0000295,0.0000001,0.0000000
65692,0.0000295,0.0000001,0.0000000
65693,0.0000295,0.0000001,0.0000000
65694,0.0000295,0.0000001,0.0000000
65695,0.0000295,0.0000001,0.0000000
65696,0.0000295,0.0000001,0.0000000
65697,0.0000295,0.0000001,0.0000000
65698,0.0000295,0.0000001,0.0000000
65699,0.0000295,0.0000001,0.0000000
65700,0.0000295,0.0000001,0.0000000
65701,0.0000295,0.0000001,0.0000000
65702,0.0000295,0.0000001,0.0000000
65703,0.0000295,0.0000001,0.0000000
65704,0.0000295,0.0000001,0.0000000
65705,0.0000295,0.0000001,0.0000000
65706,0.0000295,0.0000001,0.0000000
65707,0.0000295,0.0000001,0.0000000
65708,0.0000295,0.0000001,0.0000000
65709,0.0000295,0.0000001,0.0000000
65710,0.0000295,0.0000001,0.0000000
65711,0.0000295,0.0000001,0.0000000
65712,0.0000295,0.0000001,0.0000000
65713,0.0000295,0.0000001,0.0000000
65714,0.0000295,0.0000001,0.0000000
65715,0.0000295,0.0000001,0.0000000
65716,0.0000295,0.0000001,0.0000000
65717,0.0000295,0.0000001,0.0000000
65718,0.0000295,0.0000001,0.0000000
65719,0.0000295,0.0000001,0.0000000
65720,0.0000295,0.0000001,0.0000000
65721,0.0000295,0.0000001,0.0000000
65722,0.0000294,0.0000001,0.0000000
65723,0.0000294,0.0000001,0.0000000
65724,0.0000294,0.0000001,0.0000000
65725,0.0000294,0.0000001,0.0000000
65726,0.0000294,0.0000001,0.0000000
65727,0.0000294,0.0000001,0.0000000
65728,0.0000294,0.0000001,0.0000000
65729,0.0000294,0.0000001,0.0000000
65730,0.0000294,0.0000001,0.0000000
65731,0.0000294,0.0000001,0.0000000
65732,0.0000294,0.0000001,0.0000000
65733,0.0000294,0.0000001,0.0000000
65734,0.0000294,0.0000001,0.0000000
65735,0.0000294,0.0000001,0.0000000
65736,0.0000294,0.0000001,0.0000000
65737,0.0000294,0.0000001,0.0000000
65738,0.0000294,0.0000001,0.0000000
65739,0.0000294,0.0000001,0.0000000
65740,0.0000294,0.0000001,0.0000000
65741,0.0000294,0.0000001,0.0000000
65742,0.0000294,0.0000001,0.0000000
65743,0.0000294,0.0000001,0.0000000
65744,0.0000294,0.0000001,0.0000000
65745,0.0000294,0.0000001,0.0000000
65746,0.0000294,0.0000001,0.0000000
65747,0.0000294,0.0000001,0.0000000
65748,0.0000294,0.0000001,0.0000000
65749,0.0000294,0.0000001,0.0000000
65750,0.0000294,0.0000001,0.0000000
65751,0.0000294,0.0000001,0.0000000
65752,0.0000294,0.0000001,0.0000000
65753,0.0000294,0.0000001,0.0000000
65754,0.0000294,0.0000001,0.0000000
65755,0.0000294,0.0000001,0.0000000
65756,0.0000294,0.0000001,0.0000000
65757,0.0000294,0.0000001,0.0000000
65758,0.0000294,0.0000001,0.0000000
65759,0.0000294,0.0000001,0.0000000
65760,0.0000294,0.0000001,0.0000000
65761,0.0000294,0.0000001,0.0000000
65762,0.0000294,0.0000001,0.0000000
65763,0.0000294,0.0000001,0.0000000
65764,0.0000294,0.0000001,0.0000000
65765,0.0000294,0.0000001,0.0000000
65766,0.0000294,0.0000001,0.0000000
65767,0.0000294,0.0000001,0.0000000
65768,0.0000294,0.0000001,0.0000000
65769,0.0000294,0.0000001,0.0000000
65770,0.0000294,0.0000001,0.0000000
65771,0.0000294,0.0000001,0.0000000
65772,0.0000294,0.0000001,0.0000000
65773,0.0000294,0.0000001,0.0000000
65774,0.0000294,0.0000001,0.0000000
65775,0.0000294,0.0000001,0.0000000
65776,0.0000294,0.0000001,0.0000000
65777,0.0000294,0.0000001,0.0000000
65778,0.0000294,0.0000001,0.0000000
65779,0.0000294,0.0000001,0.0000000
65780,0.0000294,0.0000001,0.0000000
65781,0.0000294,0.0000001,0.0000000
65782,0.0000294,0.0000001,0.0000000
65783,0.0000294,0.0000001,0.0000000
65784,0.0000294,0.0000001,0.0000000
65785,0.0000294,0.0000001,0.0000000
65786,0.0000294,0.0000001,0.0000000
65787,0.0000294,0.0000001,0.0000000
65788,0.0000294,0.0000001,0.0000000
65789,0.0000294,0.0000001,0.0000000
65790,0.0000294,0.0000001,0.0000000
65791,0.0000294,0.0000001,0.0000000
65792,0.0000294,0.0000001,0.0000000
65793,0.0000294,0.0000001,0.0000000
65794,0.0000294,0.0000001,0.0000000
65795,0.0000294,0.0000001,0.0000000
65796,0.0000294,0.0000001,0.0000000
65797,0.0000294,0.0000001,0.0000000
65798,0.0000293,0.0000001,0.0000000
65799,0.0000293,0.0000001,0.0000000
65800,0.0000293,0.0000001,0.0000000
65801,0.0000293,0.0000001,0.0000000
65802,0.0000293,0.0000001,0.0000000
65803,0.0000293,0.0000001,0.0000000
65804,0.0000293,0.0000001,0.0000000
65805,0.0000293,0.0000001,0.0000000
65806,0.0000293,0.0000001,0.0000000
65807,0.0000293,0.0000001,0.0000000
65808,0.0000293,0.0000001,0.0000000
65809,0.0000293,0.0000001,0.0000000
65810,0.0000293,0.0000001,0.0000000
65811,0.0000293,0.0000001,0.0000000
65812,0.0000293,0.0000001,0.0000000
65813,0.0000293,0.0000001,0.0000000
65814,0.0000293,0.0000001,0.0000000
65815,0.0000293,0.0000001,0.0000000
65816,0.0000293,0.0000001,0.0000000
65817,0.0000293,0.0000001,0.0000000
65818,0.0000293,0.0000001,0.0000000
65819,0.0000293,0.0000001,0.0000000
65820,0.0000293,0.0000001,0.0000000
65821,0.0000293,0.0000001,0.0000000
65822,0.0000293,0.0000001,0.0000000
65823,0.0000293,0.0000001,0.0000000
65824,0.0000293,0.0000001,0.0000000
65825,0.0000293,0.0000001,0.0000000
65826,0.0000293,0.0000001,0.0000000
65827,0.0000293,0.0000001,0.0000000
65828,0.0000293,0.0000001,0.0000000
65829,0.0000293,0.0000001,0.0000000
65830,0.0000293,0.0000001,0.0000000
65831,0.0000293,0.0000001,0.0000000
65832,0.0000293,0.0000001,0.0000000
65833,0.0000293,0.0000001,0.0000000
65834,0.0000293,0.0000001,0.0000000
65835,0.0000293,0.0000001,0.0000000
65836,0.0000293,0.0000001,0.0000000
65837,0.0000293,0.0000001,0.0000000
65838,0.0000293,0.0000001,0.0000000
65839,0.0000293,0.0000001,0.0000000
65840,0.0000293,0.0000001,0.0000000
65841,0.0000293,0.0000001,0.0000000
65842,0.0000293,0.0000001,0.0000000
65843,0.0000293,0.0000001,0.0000000
65844,0.0000293,0.0000001,0.0000000
65845,0.0000293,0.0000001,0.0000000
65846,0.0000293,0.0000001,0.0000000
65847,0.0000293,0.0000001,0.0000000
65848,0.0000293,0.0000001,0.0000000
65849,0.0000293,0.0000001,0.0000000
65850,0.0000293,0.0000001,0.0000000
65851,0.0000293,0.0000001,0.0000000
65852,0.0000293,0.0000001,0.0000000
65853,0.0000293,0.0000001,0.0000000
65854,0.0000293,0.0000001,0.0000000
65855,0.0000293,0.0000001,0.0000000
65856,0.0000293,0.0000001,0.0000000
65857,0.0000293,0.0000001,0.0000000
65858,0.0000293,0.0000001,0.0000000
65859,0.0000293,0.0000001,0.0000000
65860,0.0000293,0.0000001,0.0000000
65861,0.0000293,0.0000001,0.0000000
65862,0.0000293,0.0000001,0.0000000
65863,0.0000293,0.0000001,0.0000000
65864,0.0000293,0.0000001,0.0000000
65865,0.0000293,0.0000001,0.0000000
65866,0.0000293,0.0000001,0.0000000
65867,0.0000293,0.0000001,0.0000000
65868,0.0000293,0.0000001,0.0000000
65869,0.0000293,0.0000001,0.0000000
65870,0.0000293,0.0000001,0.0000000
65871,0.0000293,0.0000001,0.0000000
65872,0.0000293,0.0000001,0.0000000
65873,0.0000293,0.0000001,0.0000000
65874,0.0000293,0.0000001,0.0000000
65875,0.0000292,0.0000001,0.0000000
65876,0.0000292,0.0000001,0.0000000
65877,0.0000292,0.0000001,0.0000000
65878,0.0000292,0.0000001,0.0000000
65879,0.0000292,0.0000001,0.0000000
65880,0.0000292,0.0000001,0.0000000
65881,0.0000292,0.0000001,0.0000000
65882,0.0000292,0.0000001,0.0000000
65883,0.0000292,0.0000001,0.0000000
65884,0.0000292,0.0000001,0.0000000
65885,0.0000292,0.0000001,0.0000000
65886,0.0000292,0.0000001,0.0000000
65887,0.0000292,0.0000001,0.0000000
65888,0.0000292,0.0000001,0.0000000
65889,0.0000292,0.0000001,0.0000000
65890,0.0000292,0.0000001,0.0000000
65891,0.0000292,0.0000001,0.0000000
65892,0.0000292,0.0000001,0.0000000
65893,0.0000292,0.0000001,0.0000000
65894,0.0000292,0.0000001,0.0000000
65895,0.0000292,0.0000001,0.0000000
65896,0.0000292,0.0000001,0.0000000
65897,0.0000292,0.0000001,0.0000000
65898,0.0000292,0.0000001,0.0000000
65899,0.0000292,0.0000001,0.0000000
65900,0.0000292,0.0000001,0.0000000
65901,0.0000292,0.0000001,0.0000000
65902,0.0000292,0.0000001,0.0000000
65903,0.0000292,0.0000001,0.0000000
65904,0.0000292,0.0000001,0.0000000
65905,0.0000292,0.0000001,0.0000000
65906,0.0000292,0.0000001,0.0000000
65907,0.0000292,0.0000001,0.0000000
65908,0.0000292,0.0000001,0.0000000
65909,0.0000292,0.0000001,0.0000000
65910,0.0000292,0.0000001,0.0000000
65911,0.0000292,0.0000001,0.0000000
65912,0.0000292,0.0000001,0.0000000
65913,0.0000292,0.0000001,0.0000000
65914,0.0000292,0.0000001,0.0000000
65915,0.0000292,0.0000001,0.0000000
65916,0.0000292,0.0000001,0.0000000
65917,0.0000292,0.0000001,0.0000000
65918,0.0000292,0.0000001,0.0000000
65919,0.0000292,0.0000001,0.0000000
65920,0.0000292,0.0000001,0.0000000
65921,0.0000292,0.0000001,0.0000000
65922,0.0000292,0.0000001,0.0000000
65923,0.0000292,0.0000001,0.0000000
65924,0.0000292,0.0000001,0.0000000
65925,0.0000292,0.0000001,0.0000000
65926,0.0000292,0.0000001,0.0000000
65927,0.0000292,0.0000001,0.0000000
65928,0.0000292,0.0000001,0.0000000
65929,0.0000292,0.0000001,0.0000000
65930,0.0000292,0.0000001,0.0000000
65931,0.0000292,0.0000001,0.0000000
65932,0.0000292,0.0000001,0.0000000
65933,0.0000292,0.0000001,0.0000000
65934,0.0000292,0.0000001,0.0000000
65935,0.0000292,0.0000001,0.0000000
65936,0.0000292,0.0000001,0.0000000
65937,0.0000292,0.0000001,0.0000000
65938,0.0000292,0.0000001,0.0000000
65939,0.0000292,0.0000001,0.0000000
65940,0.0000292,0.0000001,0.0000000
65941,0.0000292,0.0000001,0.0000000
65942,0.0000292,0.0000001,0.0000000
65943,0.0000292,0.0000001,0.0000000
65944,0.0000292,0.0000001,0.0000000
65945,0.0000292,0.0000001,0.0000000
65946,0.0000292,0.0000001,0.0000000
65947,0.0000292,0.0000001,0.0000000
65948,0.0000292,0.0000001,0.0000000
65949,0.0000292,0.0000001,0.0000000
65950,0.0000292,0.0000001,0.0000000
65951,0.0000291,0.0000001,0.0000000
65952,0.0000291,0.0000001,0.0000000
65953,0.0000291,0.0000001,0.0000000
65954,0.0000291,0.0000001,0.0000000
65955,0.0000291,0.0000001,0.0000000
65956,0.0000291,0.0000001,0.0000000
65957,0.0000291,0.0000001,0.0000000
65958,0.0000291,0.0000001,0.0000000
65959,0.0000291,0.0000001,0.0000000
65960,0.0000291,0.0000001,0.0000000
65961,0.0000291,0.0000001,0.0000000
65962,0.0000291,0.0000001,0.0000000
65963,0.0000291,0.0000001,0.0000000
65964,0.0000291,0.0000001,0.0000000
65965,0.0000291,0.0000001,0.0000000
65966,0.0000291,0.0000001,0.0000000
65967,0.0000291,0.0000001,0.0000000
65968,0.0000291,0.0000001,0.0000000
65969,0.0000291,0.0000001,0.0000000
65970,0.0000291,0.0000001,0.0000000
65971,0.0000291,0.0000001,0.0000000
65972,0.0000291,0.0000001,0.0000000
65973,0.0000291,0.0000001,0.0000000
65974,0.0000291,0.0000001,0.0000000
65975,0.0000291,0.0000001,0.0000000
65976,0.0000291,0.0000001,0.0000000
65977,0.0000291,0.0000001,0.0000000
65978,0.0000291,0.0000001,0.0000000
65979,0.0000291,0.0000001,0.0000000
65980,0.0000291,0.0000001,0.0000000
65981,0.0000291,0.0000001,0.0000000
65982,0.0000291,0.0000001,0.0000000
65983,0.0000291,0.0000001,0.0000000
65984,0.0000291,0.0000001,0.0000000
65985,0.0000291,0.0000001,0.0000000
65986,0.0000291,0.0000001,0.0000000
65987,0.0000291,0.0000001,0.0000000
65988,0.0000291,0.0000001,0.0000000
65989,0.0000291,0.0000001,0.0000000
65990,0.0000291,0.0000001,0.0000000
65991,0.0000291,0.0000001,0.0000000
65992,0.0000291,0.0000001,0.0000000
65993,0.0000291,0.0000001,0.0000000
65994,0.0000291,0.0000001,0.0000000
65995,0.0000291,0.0000001,0.0000000
65996,0.0000291,0.0000001,0.0000000
65997,0.0000291,0.0000001,0.0000000
65998,0.0000291,0.0000001,0.0000000
65999,0.0000291,0.0000001,0.0000000
66000,0.0000291,0.0000001,0.0000000
66001,0.0000291,0.0000001,0.0000000
66002,0.0000291,0.0000001,0.0000000
66003,0.0000291,0.0000001,0.0000000
66004,0.0000291,0.0000001,0.0000000
66005,0.0000291,0.0000001,0.0000000
66006,0.0000291,0.0000001,0.0000000
66007,0.0000291,0.0000001,0.0000000
66008,0.0000291,0.0000001,0.0000000
66009,0.0000291,0.0000001,0.0000000
66010,0.0000291,0.0000001,0.0000000
66011,0.0000291,0.0000001,0.0000000
66012,0.0000291,0.0000001,0.0000000
66013,0.0000291,0.0000001,0.0000000
66014,0.0000291,0.0000001,0.0000000
66015,0.0000291,0.0000001,0.0000000
66016,0.0000291,0.0000001,0.0000000
66017,0.0000291,0.0000001,0.0000000
66018,0.0000291,0.0000001,0.0000000
66019,0.0000291,0.0000001,0.0000000
66020,0.0000291,0.0000001,0.0000000
66021,0.0000291,0.0000001,0.0000000
66022,0.0000291,0.0000001,0.0000000
66023,0.0000291,0.0000001,0.0000000
66024,0.0000291,0.0000001,0.0000000
66025,0.0000291,0.0000001,0.0000000
66026,0.0000291,0.0000001,0.0000000
66027,0.0000291,0.0000001,0.0000000
66028,0.0000290,0.0000001,0.0000000
66029,0.0000290,0.0000001,0.0000000
66030,0.0000290,0.0000001,0.0000000
66031,0.0000290,0.0000001,0.0000000
66032,0.0000290,0.0000001,0.0000000
66033,0.0000290,0.0000001,0.0000000
66034,0.0000290,0.0000001,0.0000000
66035,0.0000290,0.0000001,0.0000000
66036,0.0000290,0.0000001,0.0000000
66037,0.0000290,0.0000001,0.0000000
66038,0.0000290,0.0000001,0.0000000
66039,0.0000290,0.0000001,0.0000000
66040,0.0000290,0.0000001,0.0000000
66041,0.0000290,0.0000001,0.0000000
66042,0.0000290,0.0000001,0.0000000
66043,0.0000290,0.0000001,0.0000000
66044,0.0000290,0.0000001,0.0000000
66045,0.0000290,0.0000001,0.0000000
66046,0.0000290,0.0000001,0.0000000
66047,0.0000290,0.0000001,0.0000000
66048,0.0000290,0.0000001,0.0000000
66049,0.0000290,0.0000001,0.0000000
66050,0.0000290,0.0000001,0.0000000
66051,0.0000290,0.0000001,0.0000000
66052,0.0000290,0.0000001,0.0000000
66053,0.0000290,0.0000001,0.0000000
66054,0.0000290,0.0000001,0.0000000
66055,0.0000290,0.0000001,0.0000000
66056,0.0000290,0.0000001,0.0000000
66057,0.0000290,0.0000001,0.0000000
66058,0.0000290,0.0000001,0.0000000
66059,0.0000290,0.0000001,0.0000000
66060,0.0000290,0.0000001,0.0000000
66061,0.0000290,0.0000001,0.0000000
66062,0.0000290,0.0000001,0.0000000
66063,0.0000290,0.0000001,0.0000000
66064,0.0000290,0.0000001,0.0000000
66065,0.0000290,0.0000001,0.0000000
66066,0.0000290,0.0000001,0.0000000
66067,0.0000290,0.0000001,0.0000000
66068,0.0000290,0.0000001,0.0000000
66069,0.0000290,0.0000001,0.0000000
66070,0.0000290,0.0000001,0.0000000
66071,0.0000290,0.0000001,0.0000000
66072,0.0000290,0.0000001,0.0000000
66073,0.0000290,0.0000001,0.0000000
66074,0.0000290,0.0000001,0.0000000
66075,0.0000290,0.0000001,0.0000000
66076,0.0000290,0.0000001,0.0000000
66077,0.0000290,0.0000001,0.0000000
66078,0.0000290,0.0000001,0.0000000
66079,0.0000290,0.0000001,0.0000000
66080,0.0000290,0.0000001,0.0000000
66081,0.0000290,0.0000001,0.0000000
66082,0.0000290,0.0000001,0.0000000
66083,0.0000290,0.0000001,0.0000000
66084,0.0000290,0.0000001,0.0000000
66085,0.0000290,0.0000001,0.0000000
66086,0.0000290,0.0000001,0.0000000
66087,0.0000290,0.0000001,0.0000000
66088,0.0000290,0.0000001,0.0000000
66089,0.0000290,0.0000001,0.0000000
66090,0.0000290,0.0000001,0.0000000
66091,0.0000290,0.0000001,0.0000000
66092,0.0000290,0.0000001,0.0000000
66093,0.0000290,0.0000001,0.0000000
66094,0.0000290,0.0000001,0.0000000
66095,0.0000290,0.0000001,0.0000000
66096,0.0000290,0.0000001,0.0000000
66097,0.0000290,0.0000001,0.0000000
66098,0.0000290,0.0000001,0.0000000
66099,0.0000290,0.0000001,0.0000000
66100,0.0000290,0.0000001,0.0000000
66101,0.0000290,0.0000001,0.0000000
66102,0.0000290,0.0000001,0.0000000
66103,0.0000290,0.0000001,0.0000000
66104,0.0000290,0.0000001,0.0000000
66105,0.0000289,0.0000001,0.0000000
66106,0.0000289,0.0000001,0.0000000
66107,0.0000289,0.0000001,0.0000000
66108,0.0000289,0.0000001,0.0000000
66109,0.0000289,0.0000001,0.0000000
66110,0.0000289,0.0000001,0.0000000
66111,0.0000289,0.0000001,0.0000000
66112,0.0000289,0.0000001,0.0000000
66113,0.0000289,0.0000001,0.0000000
66114,0.0000289,0.0000001,0.0000000
66115,0.0000289,0.0000001,0.0000000
66116,0.0000289,0.0000001,0.0000000
66117,0.0000289,0.0000001,0.0000000
66118,0.0000289,0.0000001,0.0000000
66119,0.0000289,0.0000001,0.0000000
66120,0.0000289,0.0000001,0.0000000
66121,0.0000289,0.0000001,0.0000000
66122,0.0000289,0.0000001,0.0000000
66123,0.0000289,0.0000001,0.0000000
66124,0.0000289,0.0000001,0.0000000
66125,0.0000289,0.0000001,0.0000000
66126,0.0000289,0.0000001,0.0000000
66127,0.0000289,0.0000001,0.0000000
66128,0.0000289,0.0000001,0.0000000
66129,0.0000289,0.0000001,0.0000000
66130,0.0000289,0.0000001,0.0000000
66131,0.0000289,0.0000001,0.0000000
66132,0.0000289,0.0000001,0.0000000
66133,0.0000289,0.0000001,0.0000000
66134,0.0000289,0.0000001,0.0000000
66135,0.0000289,0.0000001,0.0000000
66136,0.0000289,0.0000001,0.0000000
66137,0.0000289,0.0000001,0.0000000
66138,0.0000289,0.0000001,0.0000000
66139,0.0000289,0.0000001,0.0000000
66140,0.0000289,0.0000001,0.0000000
66141,0.0000289,0.0000001,0.0000000
66142,0.0000289,0.0000001,0.0000000
66143,0.0000289,0.0000001,0.0000000
66144,0.0000289,0.0000001,0.0000000
66145,0.0000289,0.0000001,0.0000000
66146,0.0000289,0.0000001,0.0000000
66147,0.0000289,0.0000001,0.0000000
66148,0.0000289,0.0000001,0.0000000
66149,0.0000289,0.0000001,0.0000000
66150,0.0000289,0.0000001,0.0000000
66151,0.0000289,0.0000001,0.0000000
66152,0.0000289,0.0000001,0.0000000
66153,0.0000289,0.0000001,0.0000000
66154,0.0000289,0.0000001,0.0000000
66155,0.0000289,0.0000001,0.0000000
66156,0.0000289,0.0000001,0.0000000
66157,0.0000289,0.0000001,0.0000000
66158,0.0000289,0.0000001,0.0000000
66159,0.0000289,0.0000001,0.0000000
66160,0.0000289,0.0000001,0.0000000
66161,0.0000289,0.0000001,0.0000000
66162,0.0000289,0.0000001,0.0000000
66163,0.0000289,0.0000001,0.0000000
66164,0.0000289,0.0000001,0.0000000
66165,0.0000289,0.0000001,0.0000000
66166,0.0000289,0.0000001,0.0000000
66167,0.0000289,0.0000001,0.0000000
66168,0.0000289,0.0000001,0.0000000
66169,0.0000289,0.0000001,0.0000000
66170,0.0000289,0.0000001,0.0000000
66171,0.0000289,0.0000001,0.0000000
66172,0.0000289,0.0000001,0.0000000
66173,0.0000289,0.0000001,0.0000000
66174,0.0000289,0.0000001,0.0000000
66175,0.0000289,0.0000001,0.0000000
66176,0.0000289,0.0000001,0.0000000
66177,0.0000289,0.0000001,0.0000000
66178,0.0000289,0.0000001,0.0000000
66179,0.0000289,0.0000001,0.0000000
66180,0.0000289,0.0000001,0.0000000
66181,0.0000289,0.0000001,0.0000000
66182,0.0000289,0.0000001,0.0000000
66183,0.0000288,0.0000001,0.0000000
66184,0.0000288,0.0000001,0.0000000
66185,0.0000288,0.0000001,0.0000000
66186,0.0000288,0.0000001,0.0000000
66187,0.0000288,0.0000001,0.0000000
66188,0.0000288,0.0000001,0.0000000
66189,0.0000288,0.0000001,0.0000000
66190,0.0000288,0.0000001,0.0000000
66191,0.0000288,0.0000001,0.0000000
66192,0.0000288,0.0000001,0.0000000
66193,0.0000288,0.0000001,0.0000000
66194,0.0000288,0.0000001,0.0000000
66195,0.0000288,0.0000001,0.0000000
66196,0.0000288,0.0000001,0.0000000
66197,0.0000288,0.0000001,0.0000000
66198,0.0000288,0.0000001,0.0000000
66199,0.0000288,0.0000001,0.0000000
66200,0.0000288,0.0000001,0.0000000
66201,0.0000288,0.0000001,0.0000000
66202,0.0000288,0.0000001,0.0000000
66203,0.0000288,0.0000001,0.0000000
66204,0.0000288,0.0000001,0.0000000
66205,0.0000288,0.0000001,0.0000000
66206,0.0000288,0.0000001,0.0000000
66207,0.0000288,0.0000001,0.0000000
66208,0.0000288,0.0000001,0.0000000
66209,0.0000288,0.0000001,0.0000000
66210,0.0000288,0.0000001,0.0000000
66211,0.0000288,0.0000001,0.0000000
66212,0.0000288,0.0000001,0.0000000
66213,0.0000288,0.0000001,0.0000000
66214,0.0000288,0.0000001,0.0000000
66215,0.0000288,0.0000001,0.0000000
66216,0.0000288,0.0000001,0.0000000
66217,0.0000288,0.0000001,0.0000000
66218,0.0000288,0.0000001,0.0000000
66219,0.0000288,0.0000001,0.0000000
66220,0.0000288,0.0000001,0.0000000
66221,0.0000288,0.0000001,0.0000000
66222,0.0000288,0.0000001,0.0000000
66223,0.0000288,0.0000001,0.0000000
66224,0.0000288,0.0000001,0.0000000
66225,0.0000288,0.0000001,0.0000000
66226,0.0000288,0.0000001,0.0000000
66227,0.0000288,0.0000001,0.0000000
66228,0.0000288,0.0000001,0.0000000
66229,0.0000288,0.0000001,0.0000000
66230,0.0000288,0.0000001,0.0000000
66231,0.0000288,0.0000001,0.0000000
66232,0.0000288,0.0000001,0.0000000
66233,0.0000288,0.0000001,0.0000000
66234,0.0000288,0.0000001,0.0000000
66235,0.0000288,0.0000001,0.0000000
66236,0.0000288,0.0000001,0.0000000
66237,0.0000288,0.0000001,0.0000000
66238,0.0000288,0.0000001,0.0000000
66239,0.0000288,0.0000001,0.0000000
66240,0.0000288,0.0000001,0.0000000
66241,0.0000288,0.0000001,0.0000000
66242,0.0000288,0.0000001,0.0000000
66243,0.0000288,0.0000001,0.0000000
66244,0.0000288,0.0000001,0.0000000
66245,0.0000288,0.0000001,0.0000000
66246,0.0000288,0.0000001,0.0000000
66247,0.0000288,0.0000001,0.0000000
66248,0.0000288,0.0000001,0.0000000
66249,0.0000288,0.0000001,0.0000000
66250,0.0000288,0.0000001,0.0000000
66251,0.0000288,0.0000001,0.0000000
66252,0.0000288,0.0000001,0.0000000
66253,0.0000288,0.0000001,0.0000000
66254,0.0000288,0.0000001,0.0000000
66255,0.0000288,0.0000001,0.0000000
66256,0.0000288,0.0000001,0.0000000
66257,0.0000288,0.0000001,0.0000000
66258,0.0000288,0.0000001,0.0000000
66259,0.0000288,0.0000001,0.0000000
66260,0.0000288,0.0000001,0.0000000
66261,0.0000287,0.0000001,0.0000000
66262,0.0000287,0.0000001,0.0000000
66263,0.0000287,0.0000001,0.0000000
66264,0.0000287,0.0000001,0.0000000
66265,0.0000287,0.0000001,0.0000000
66266,0.0000287,0.0000001,0.0000000
66267,0.0000287,0.0000001,0.0000000
66268,0.0000287,0.0000001,0.0000000
66269,0.0000287,0.0000001,0.0000000
66270,0.0000287,0.0000001,0.0000000
66271,0.0000287,0.0000001,0.0000000
66272,0.0000287,0.0000001,0.0000000
66273,0.0000287,0.0000001,0.0000000
66274,0.0000287,0.0000001,0.0000000
66275,0.0000287,0.0000001,0.0000000
66276,0.0000287,0.0000001,0.0000000
66277,0.0000287,0.0000001,0.0000000
66278,0.0000287,0.0000001,0.0000000
66279,0.0000287,0.0000001,0.0000000
66280,0.0000287,0.0000001,0.0000000
66281,0.0000287,0.0000001,0.0000000
66282,0.0000287,0.0000001,0.0000000
66283,0.0000287,0.0000001,0.0000000
66284,0.0000287,0.0000001,0.0000000
66285,0.0000287,0.0000001,0.0000000
66286,0.0000287,0.0000001,0.0000000
66287,0.0000287,0.0000001,0.0000000
66288,0.0000287,0.0000001,0.0000000
66289,0.0000287,0.0000001,0.0000000
66290,0.0000287,0.0000001,0.0000000
66291,0.0000287,0.0000001,0.0000000
66292,0.0000287,0.0000001,0.0000000
66293,0.0000287,0.0000001,0.0000000
66294,0.0000287,0.0000001,0.0000000
66295,0.0000287,0.0000001,0.0000000
66296,0.0000287,0.0000001,0.0000000
66297,0.0000287,0.0000001,0.0000000
66298,0.0000287,0.0000001,0.0000000
66299,0.0000287,0.0000001,0.0000000
66300,0.0000287,0.0000001,0.0000000
66301,0.0000287,0.0000001,0.0000000
66302,0.0000287,0.0000001,0.0000000
66303,0.0000287,0.0000001,0.0000000
66304,0.0000287,0.0000001,0.0000000
66305,0.0000287,0.0000001,0.0000000
66306,0.0000287,0.0000001,0.0000000
66307,0.0000287,0.0000001,0.0000000
66308,0.0000287,0.0000001,0.0000000
66309,0.0000287,0.0000001,0.0000000
66310,0.0000287,0.0000001,0.0000000
66311,0.0000287,0.0000001,0.0000000
66312,0.0000287,0.0000001,0.0000000
66313,0.0000287,0.0000001,0.0000000
66314,0.0000287,0.0000001,0.0000000
66315,0.0000287,0.0000001,0.0000000
66316,0.0000287,0.0000001,0.0000000
66317,0.0000287,0.0000001,0.0000000
66318,0.0000287,0.0000001,0.0000000
66319,0.0000287,0.0000001,0.0000000
66320,0.0000287,0.0000001,0.0000000
66321,0.0000287,0.0000001,0.0000000
66322,0.0000287,0.0000001,0.0000000
66323,0.0000287,0.0000001,0.0000000
66324,0.0000287,0.0000001,0.0000000
66325,0.0000287,0.0000001,0.0000000
66326,0.0000287,0.0000001,0.0000000
66327,0.0000287,0.0000001,0.0000000
66328,0.0000287,0.0000001,0.0000000
66329,0.0000287,0.0000001,0.0000000
66330,0.0000287,0.0000001,0.0000000
66331,0.0000287,0.0000001,0.0000000
66332,0.0000287,0.0000001,0.0000000
66333,0.0000287,0.0000001,0.0000000
66334,0.0000287,0.0000001,0.0000000
66335,0.0000287,0.0000001,0.0000000
66336,0.0000287,0.0000001,0.0000000
66337,0.0000287,0.0000001,0.0000000
66338,0.0000287,0.0000001,0.0000000
66339,0.0000286,0.0000001,0.0000000
66340,0.0000286,0.0000001,0.0000000
66341,0.0000286,0.0000001,0.0000000
66342,0.0000286,0.0000001,0.0000000
66343,0.0000286,0.0000001,0.0000000
66344,0.0000286,0.0000001,0.0000000
66345,0.0000286,0.0000001,0.0000000
66346,0.0000286,0.0000001,0.0000000
66347,0.0000286,0.0000001,0.0000000
66348,0.0000286,0.0000001,0.0000000
66349,0.0000286,0.0000001,0.0000000
66350,0.0000286,0.0000001,0.0000000
66351,0.0000286,0.0000001,0.0000000
66352,0.0000286,0.0000001,0.0000000
66353,0.0000286,0.0000001,0.0000000
66354,0.0000286,0.0000001,0.0000000
66355,0.0000286,0.0000001,0.0000000
66356,0.0000286,0.0000001,0.0000000
66357,0.0000286,0.0000001,0.0000000
66358,0.0000286,0.0000001,0.0000000
66359,0.0000286,0.0000001,0.0000000
66360,0.0000286,0.0000001,0.0000000
66361,0.0000286,0.0000001,0.0000000
66362,0.0000286,0.0000001,0.0000000
66363,0.0000286,0.0000001,0.0000000
66364,0.0000286,0.0000001,0.0000000
66365,0.0000286,0.0000001,0.0000000
66366,0.0000286,0.0000001,0.0000000
66367,0.0000286,0.0000001,0.0000000
66368,0.0000286,0.0000001,0.0000000
66369,0.0000286,0.0000001,0.0000000
66370,0.0000286,0.0000001,0.0000000
66371,0.0000286,0.0000001,0.0000000
66372,0.0000286,0.0000001,0.0000000
66373,0.0000286,0.0000001,0.0000000
66374,0.0000286,0.0000001,0.0000000
66375,0.0000286,0.0000001,0.0000000
66376,0.0000286,0.0000001,0.0000000
66377,0.0000286,0.0000001,0.0000000
66378,0.0000286,0.0000001,0.0000000
66379,0.0000286,0.0000001,0.0000000
66380,0.0000286,0.0000001,0.0000000
66381,0.0000286,0.0000001,0.0000000
66382,0.0000286,0.0000001,0.0000000
66383,0.0000286,0.0000001,0.0000000
66384,0.0000286,0.0000001,0.0000000
66385,0.0000286,0.0000001,0.0000000
66386,0.0000286,0.0000001,0.0000000
66387,0.0000286,0.0000001,0.0000000
66388,0.0000286,0.0000001,0.0000000
66389,0.0000286,0.0000001,0.0000000
66390,0.0000286,0.0000001,0.0000000
66391,0.0000286,0.0000001,0.0000000
66392,0.0000286,0.0000001,0.0000000
66393,0.0000286,0.0000001,0.0000000
66394,0.0000286,0.0000001,0.0000000
66395,0.0000286,0.0000001,0.0000000
66396,0.0000286,0.0000001,0.0000000
66397,0.0000286,0.0000001,0.0000000
66398,0.0000286,0.0000001,0.0000000
66399,0.0000286,0.0000001,0.0000000
66400,0.0000286,0.0000001,0.0000000
66401,0.0000286,0.0000001,0.0000000
66402,0.0000286,0.0000001,0.0000000
66403,0.0000286,0.0000001,0.0000000
66404,0.0000286,0.0000001,0.0000000
66405,0.0000286,0.0000001,0.0000000
66406,0.0000286,0.0000001,0.0000000
66407,0.0000286,0.0000001,0.0000000
66408,0.0000286,0.0000001,0.0000000
66409,0.0000286,0.0000001,0.0000000
66410,0.0000286,0.0000001,0.0000000
66411,0.0000286,0.0000001,0.0000000
66412,0.0000286,0.0000001,0.0000000
66413,0.0000286,0.0000001,0.0000000
66414,0.0000286,0.0000001,0.0000000
66415,0.0000286,0.0000001,0.0000000
66416,0.0000286,0.0000001,0.0000000
66417,0.0000285,0.0000001,0.0000000
66418,0.0000285,0.0000001,0.0000000
66419,0.0000285,0.0000001,0.0000000
66420,0.0000285,0.0000001,0.0000000
66421,0.0000285,0.0000001,0.0000000
66422,0.0000285,0.0000001,0.0000000
66423,0.0000285,0.0000001,0.0000000
66424,0.0000285,0.0000001,0.0000000
66425,0.0000285,0.0000001,0.0000000
66426,0.0000285,0.0000001,0.0000000
66427,0.0000285,0.0000001,0.0000000
66428,0.0000285,0.0000001,0.0000000
66429,0.0000285,0.0000001,0.0000000
66430,0.0000285,0.0000001,0.0000000
66431,0.0000285,0.0000001,0.0000000
66432,0.0000285,0.0000001,0.0000000
66433,0.0000285,0.0000001,0.0000000
66434,0.0000285,0.0000001,0.0000000
66435,0.0000285,0.0000001,0.0000000
66436,0.0000285,0.0000001,0.0000000
66437,0.0000285,0.0000001,0.0000000
66438,0.0000285,0.0000001,0.0000000
66439,0.0000285,0.0000001,0.0000000
66440,0.0000285,0.0000001,0.0000000
66441,0.0000285,0.0000001,0.0000000
66442,0.0000285,0.0000001,0.0000000
66443,0.0000285,0.0000001,0.0000000
66444,0.0000285,0.0000001,0.0000000
66445,0.0000285,0.0000001,0.0000000
66446,0.0000285,0.0000001,0.0000000
66447,0.0000285,0.0000001,0.0000000
66448,0.0000285,0.0000001,0.0000000
66449,0.0000285,0.0000001,0.0000000
66450,0.0000285,0.0000001,0.0000000
66451,0.0000285,0.0000001,0.0000000
66452,0.0000285,0.0000001,0.0000000
66453,0.0000285,0.0000001,0.0000000
66454,0.0000285,0.0000001,0.0000000
66455,0.0000285,0.0000001,0.0000000
66456,0.0000285,0.0000001,0.0000000
66457,0.0000285,0.0000001,0.0000000
66458,0.0000285,0.0000001,0.0000000
66459,0.0000285,0.0000001,0.0000000
66460,0.0000285,0.0000001,0.0000000
66461,0.0000285,0.0000001,0.0000000
66462,0.0000285,0.0000001,0.0000000
66463,0.0000285,0.0000001,0.0000000
66464,0.0000285,0.0000001,0.0000000
66465,0.0000285,0.0000001,0.0000000
66466,0.0000285,0.0000001,0.0000000
66467,0.0000285,0.0000001,0.0000000
66468,0.0000285,0.0000001,0.0000000
66469,0.0000285,0.0000001,0.0000000
66470,0.0000285,0.0000001,0.0000000
66471,0.0000285,0.0000001,0.0000000
66472,0.0000285,0.0000001,0.0000000
66473,0.0000285,0.0000001,0.0000000
66474,0.0000285,0.0000001,0.0000000
66475,0.0000285,0.0000001,0.0000000
66476,0.0000285,0.0000001,0.0000000
66477,0.0000285,0.0000001,0.0000000
66478,0.0000285,0.0000001,0.0000000
66479,0.0000285,0.0000001,0.0000000
66480,0.0000285,0.0000001,0.0000000
66481,0.0000285,0.0000001,0.0000000
66482,0.0000285,0.0000001,0.0000000
66483,0.0000285,0.0000001,0.0000000
66484,0.0000285,0.0000001,0.0000000
66485,0.0000285,0.0000001,0.0000000
66486,0.0000285,0.0000001,0.0000000
66487,0.0000285,0.0000001,0.0000000
66488,0.0000285,0.0000001,0.0000000
66489,0.0000285,0.0000001,0.0000000
66490,0.0000285,0.0000001,0.0000000
66491,0.0000285,0.0000001,0.0000000
66492,0.0000285,0.0000001,0.0000000
66493,0.0000285,0.0000001,0.0000000
66494,0.0000285,0.0000001,0.0000000
66495,0.0000284,0.0000001,0.0000000
66496,0.0000284,0.0000001,0.0000000
66497,0.0000284,0.0000001,0.0000000
66498,0.0000284,0.0000001,0.0000000
66499,0.0000284,0.0000001,0.0000000
66500,0.0000284,0.0000001,0.0000000
66501,0.0000284,0.0000001,0.0000000
66502,0.0000284,0.0000001,0.0000000
66503,0.0000284,0.0000001,0.0000000
66504,0.0000284,0.0000001,0.0000000
66505,0.0000284,0.0000001,0.0000000
66506,0.0000284,0.0000001,0.0000000
66507,0.0000284,0.0000001,0.0000000
66508,0.0000284,0.0000001,0.0000000
66509,0.0000284,0.0000001,0.0000000
66510,0.0000284,0.0000001,0.0000000
66511,0.0000284,0.0000001,0.0000000
66512,0.0000284,0.0000001,0.0000000
66513,0.0000284,0.0000001,0.0000000
66514,0.0000284,0.0000001,0.0000000
66515,0.0000284,0.0000001,0.0000000
66516,0.0000284,0.0000001,0.0000000
66517,0.0000284,0.0000001,0.0000000
66518,0.0000284,0.0000001,0.0000000
66519,0.0000284,0.0000001,0.0000000
66520,0.0000284,0.0000001,0.0000000
66521,0.0000284,0.0000001,0.0000000
66522,0.0000284,0.0000001,0.0000000
66523,0.0000284,0.0000001,0.0000000
66524,0.0000284,0.0000001,0.0000000
66525,0.0000284,0.0000001,0.0000000
66526,0.0000284,0.0000001,0.0000000
66527,0.0000284,0.0000001,0.0000000
66528,0.0000284,0.0000001,0.0000000
66529,0.0000284,0.0000001,0.0000000
66530,0.0000284,0.0000001,0.0000000
66531,0.0000284,0.0000001,0.0000000
66532,0.0000284,0.0000001,0.0000000
66533,0.0000284,0.0000001,0.0000000
66534,0.0000284,0.0000001,0.0000000
66535,0.0000284,0.0000001,0.0000000
66536,0.0000284,0.0000001,0.0000000
66537,0.0000284,0.0000001,0.0000000
66538,0.0000284,0.0000001,0.0000000
66539,0.0000284,0.0000001,0.0000000
66540,0.0000284,0.0000001,0.0000000
66541,0.0000284,0.0000001,0.0000000
66542,0.0000284,0.0000001,0.0000000
66543,0.0000284,0.0000001,0.0000000
66544,0.0000284,0.0000001,0.0000000
66545,0.0000284,0.0000001,0.0000000
66546,0.0000284,0.0000001,0.0000000
66547,0.0000284,0.0000001,0.0000000
66548,0.0000284,0.0000001,0.0000000
66549,0.0000284,0.0000001,0.0000000
66550,0.0000284,0.0000001,0.0000000
66551,0.0000284,0.0000001,0.0000000
66552,0.0000284,0.0000001,0.0000000
66553,0.0000284,0.0000001,0.0000000
66554,0.0000284,0.0000001,0.0000000
66555,0.0000284,0.0000001,0.0000000
66556,0.0000284,0.0000001,0.0000000
66557,0.0000284,0.0000001,0.0000000
66558,0.0000284,0.0000001,0.0000000
66559,0.0000284,0.0000001,0.0000000
66560,0.0000284,0.0000001,0.0000000
66561,0.0000284,0.0000001,0.0000000
66562,0.0000284,0.0000001,0.0000000
66563,0.0000284,0.0000001,0.0000000
66564,0.0000284,0.0000001,0.0000000
66565,0.0000284,0.0000001,0.0000000
66566,0.0000284,0.0000001,0.0000000
66567,0.0000284,0.0000001,0.0000000
66568,0.0000284,0.0000001,0.0000000
66569,0.0000284,0.0000001,0.0000000
66570,0.0000284,0.0000001,0.0000000
66571,0.0000284,0.0000001,0.0000000
66572,0.0000284,0.0000001,0.0000000
66573,0.0000284,0.0000001,0.0000000
66574,0.0000283,0.0000001,0.0000000
66575,0.0000283,0.0000001,0.0000000
66576,0.0000283,0.0000001,0.0000000
66577,0.0000283,0.0000001,0.0000000
66578,0.0000283,0.0000001,0.0000000
66579,0.0000283,0.0000001,0.0000000
66580,0.0000283,0.0000001,0.0000000
66581,0.0000283,0.0000001,0.0000000
66582,0.0000283,0.0000001,0.0000000
66583,0.0000283,0.0000001,0.0000000
66584,0.0000283,0.0000001,0.0000000
66585,0.0000283,0.0000001,0.0000000
66586,0.0000283,0.0000001,0.0000000
66587,0.0000283,0.0000001,0.0000000
66588,0.0000283,0.0000001,0.0000000
66589,0.0000283,0.0000001,0.0000000
66590,0.0000283,0.0000001,0.0000000
66591,0.0000283,0.0000001,0.0000000
66592,0.0000283,0.0000001,0.0000000
66593,0.0000283,0.0000001,0.0000000
66594,0.0000283,0.0000001,0.0000000
66595,0.0000283,0.0000001,0.0000000
66596,0.0000283,0.0000001,0.0000000
66597,0.0000283,0.0000001,0.0000000
66598,0.0000283,0.0000001,0.0000000
66599,0.0000283,0.0000001,0.0000000
66600,0.0000283,0.0000001,0.0000000
66601,0.0000283,0.0000001,0.0000000
66602,0.0000283,0.0000001,0.0000000
66603,0.0000283,0.0000001,0.0000000
66604,0.0000283,0.0000001,0.0000000
66605,0.0000283,0.0000001,0.0000000
66606,0.0000283,0.0000001,0.0000000
66607,0.0000283,0.0000001,0.0000000
66608,0.0000283,0.0000001,0.0000000
66609,0.0000283,0.0000001,0.0000000
66610,0.0000283,0.0000001,0.0000000
66611,0.0000283,0.0000001,0.0000000
66612,0.0000283,0.0000001,0.0000000
66613,0.0000283,0.0000001,0.0000000
66614,0.0000283,0.0000001,0.0000000
66615,0.0000283,0.0000001,0.0000000
66616,0.0000283,0.0000001,0.0000000
66617,0.0000283,0.0000001,0.0000000
66618,0.0000283,0.0000001,0.0000000
66619,0.0000283,0.0000001,0.0000000
66620,0.0000283,0.0000001,0.0000000
66621,0.0000283,0.0000001,0.0000000
66622,0.0000283,0.0000001,0.0000000
66623,0.0000283,0.0000001,0.0000000
66624,0.0000283,0.0000001,0.0000000
66625,0.0000283,0.0000001,0.0000000
66626,0.0000283,0.0000001,0.0000000
66627,0.0000283,0.0000001,0.0000000
66628,0.0000283,0.0000001,0.0000000
66629,0.0000283,0.0000001,0.0000000
66630,0.0000283,0.0000001,0.0000000
66631,0.0000283,0.0000001,0.0000000
66632,0.0000283,0.0000001,0.0000000
66633,0.0000283,0.0000001,0.0000000
66634,0.0000283,0.0000001,0.0000000
66635,0.0000283,0.0000001,0.0000000
66636,0.0000283,0.0000001,0.0000000
66637,0.0000283,0.0000001,0.0000000
66638,0.0000283,0.0000001,0.0000000
66639,0.0000283,0.0000001,0.0000000
66640,0.0000283,0.0000001,0.0000000
66641,0.0000283,0.0000001,0.0000000
66642,0.0000283,0.0000001,0.0000000
66643,0.0000283,0.0000001,0.0000000
66644,0.0000283,0.0000001,0.0000000
66645,0.0000283,0.0000001,0.0000000
66646,0.0000283,0.0000001,0.0000000
66647,0.0000283,0.0000001,0.0000000
66648,0.0000283,0.0000001,0.0000000
66649,0.0000283,0.0000001,0.0000000
66650,0.0000283,0.0000001,0.0000000
66651,0.0000283,0.0000001,0.0000000
66652,0.0000283,0.0000001,0.0000000
66653,0.0000282,0.0000001,0.0000000
66654,0.0000282,0.0000001,0.0000000
66655,0.0000282,0.0000001,0.0000000
66656,0.0000282,0.0000001,0.0000000
66657,0.0000282,0.0000001,0.0000000
66658,0.0000282,0.0000001,0.0000000
66659,0.0000282,0.0000001,0.0000000
66660,0.0000282,0.0000001,0.0000000
66661,0.0000282,0.0000001,0.0000000
66662,0.0000282,0.0000001,0.0000000
66663,0.0000282,0.0000001,0.0000000
66664,0.0000282,0.0000001,0.0000000
66665,0.0000282,0.0000001,0.0000000
66666,0.0000282,0.0000001,0.0000000
66667,0.0000282,0.0000001,0.0000000
66668,0.0000282,0.0000001,0.0000000
66669,0.0000282,0.0000001,0.0000000
66670,0.0000282,0.0000001,0.0000000
66671,0.0000282,0.0000001,0.0000000
66672,0.0000282,0.0000001,0.0000000
66673,0.0000282,0.0000001,0.0000000
66674,0.0000282,0.0000001,0.0000000
66675,0.0000282,0.0000001,0.0000000
66676,0.0000282,0.0000001,0.0000000
66677,0.0000282,0.0000001,0.0000000
66678,0.0000282,0.0000001,0.0000000
66679,0.0000282,0.0000001,0.0000000
66680,0.0000282,0.0000001,0.0000000
66681,0.0000282,0.0000001,0.0000000
66682,0.0000282,0.0000001,0.0000000
66683,0.0000282,0.0000001,0.0000000
66684,0.0000282,0.0000001,0.0000000
66685,0.0000282,0.0000001,0.0000000
66686,0.0000282,0.0000001,0.0000000
66687,0.0000282,0.0000001,0.0000000
66688,0.0000282,0.0000001,0.0000000
66689,0.0000282,0.0000001,0.0000000
66690,0.0000282,0.0000001,0.0000000
66691,0.0000282,0.0000001,0.0000000
66692,0.0000282,0.0000001,0.0000000
66693,0.0000282,0.0000001,0.0000000
66694,0.0000282,0.0000001,0.0000000
66695,0.0000282,0.0000001,0.0000000
66696,0.0000282,0.0000001,0.0000000
66697,0.0000282,0.0000001,0.0000000
66698,0.0000282,0.0000001,0.0000000
66699,0.0000282,0.0000001,0.0000000
66700,0.0000282,0.0000001,0.0000000
66701,0.0000282,0.0000001,0.0000000
66702,0.0000282,0.0000001,0.0000000
66703,0.0000282,0.0000001,0.0000000
66704,0.0000282,0.0000001,0.0000000
66705,0.0000282,0.0000001,0.0000000
66706,0.0000282,0.0000001,0.0000000
66707,0.0000282,0.0000001,0.0000000
66708,0.0000282,0.0000001,0.0000000
66709,0.0000282,0.0000001,0.0000000
66710,0.0000282,0.0000001,0.0000000
66711,0.0000282,0.0000001,0.0000000
66712,0.0000282,0.0000001,0.0000000
66713,0.0000282,0.0000001,0.0000000
66714,0.0000282,0.0000001,0.0000000
66715,0.0000282,0.0000001,0.0000000
66716,0.0000282,0.0000001,0.0000000
66717,0.0000282,0.0000001,0.0000000
66718,0.0000282,0.0000001,0.0000000
66719,0.0000282,0.0000001,0.0000000
66720,0.0000282,0.0000001,0.0000000
66721,0.0000282,0.0000001,0.0000000
66722,0.0000282,0.0000001,0.0000000
66723,0.0000282,0.0000001,0.0000000
66724,0.0000282,0.0000001,0.0000000
66725,0.0000282,0.0000001,0.0000000
66726,0.0000282,0.0000001,0.0000000
66727,0.0000282,0.0000001,0.0000000
66728,0.0000282,0.0000001,0.0000000
66729,0.0000282,0.0000001,0.0000000
66730,0.0000282,0.0000001,0.0000000
66731,0.0000282,0.0000001,0.0000000
66732,0.0000282,0.0000001,0.0000000
66733,0.0000281,0.0000001,0.0000000
66734,0.0000281,0.0000001,0.0000000
66735,0.0000281,0.0000001,0.0000000
66736,0.0000281,0.0000001,0.0000000
66737,0.0000281,0.0000001,0.0000000
66738,0.0000281,0.0000001,0.0000000
66739,0.0000281,0.0000001,0.0000000
66740,0.0000281,0.0000001,0.0000000
66741,0.0000281,0.0000001,0.0000000
66742,0.0000281,0.0000001,0.0000000
66743,0.0000281,0.0000001,0.0000000
66744,0.0000281,0.0000001,0.0000000
66745,0.0000281,0.0000001,0.0000000
66746,0.0000281,0.0000001,0.0000000
66747,0.0000281,0.0000001,0.0000000
66748,0.0000281,0.0000001,0.0000000
66749,0.0000281,0.0000001,0.0000000
66750,0.0000281,0.0000001,0.0000000
66751,0.0000281,0.0000001,0.0000000
66752,0.0000281,0.0000001,0.0000000
66753,0.0000281,0.0000001,0.0000000
66754,0.0000281,0.0000001,0.0000000
66755,0.0000281,0.0000001,0.0000000
66756,0.0000281,0.0000001,0.0000000
66757,0.0000281,0.0000001,0.0000000
66758,0.0000281,0.0000001,0.0000000
66759,0.0000281,0.0000001,0.0000000
66760,0.0000281,0.0000001,0.0000000
66761,0.0000281,0.0000001,0.0000000
66762,0.0000281,0.0000001,0.0000000
66763,0.0000281,0.0000001,0.0000000
66764,0.0000281,0.0000001,0.0000000
66765,0.0000281,0.0000001,0.0000000
66766,0.0000281,0.0000001,0.0000000
66767,0.0000281,0.0000001,0.0000000
66768,0.0000281,0.0000001,0.0000000
66769,0.0000281,0.0000001,0.0000000
66770,0.0000281,0.0000001,0.0000000
66771,0.0000281,0.0000001,0.0000000
66772,0.0000281,0.0000001,0.0000000
66773,0.0000281,0.0000001,0.0000000
66774,0.0000281,0.0000001,0.0000000
66775,0.0000281,0.0000001,0.0000000
66776,0.0000281,0.0000001,0.0000000
66777,0.0000281,0.0000001,0.0000000
66778,0.0000281,0.0000001,0.0000000
66779,0.0000281,0.0000001,0.0000000
66780,0.0000281,0.0000001,0.0000000
66781,0.0000281,0.0000001,0.0000000
66782,0.0000281,0.0000001,0.0000000
66783,0.0000281,0.0000001,0.0000000
66784,0.0000281,0.0000001,0.0000000
66785,0.0000281,0.0000001,0.0000000
66786,0.0000281,0.0000001,0.0000000
66787,0.0000281,0.0000001,0.0000000
66788,0.0000281,0.0000001,0.0000000
66789,0.0000281,0.0000001,0.0000000
66790,0.0000281,0.0000001,0.0000000
66791,0.0000281,0.0000001,0.0000000
66792,0.0000281,0.0000001,0.0000000
66793,0.0000281,0.0000001,0.0000000
66794,0.0000281,0.0000001,0.0000000
66795,0.0000281,0.0000001,0.0000000
66796,0.0000281,0.0000001,0.0000000
66797,0.0000281,0.0000001,0.0000000
66798,0.0000281,0.0000001,0.0000000
66799,0.0000281,0.0000001,0.0000000
66800,0.0000281,0.0000001,0.0000000
66801,0.0000281,0.0000001,0.0000000
66802,0.0000281,0.0000001,0.0000000
66803,0.0000281,0.0000001,0.0000000
66804,0.0000281,0.0000001,0.0000000
66805,0.0000281,0.0000001,0.0000000
66806,0.0000281,0.0000001,0.0000000
66807,0.0000281,0.0000001,0.0000000
66808,0.0000281,0.0000001,0.0000000
66809,0.0000281,0.0000001,0.0000000
66810,0.0000281,0.0000001,0.0000000
66811,0.0000281,0.0000001,0.0000000
66812,0.0000280,0.0000001,0.0000000
66813,0.0000280,0.0000001,0.0000000
66814,0.0000280,0.0000001,0.0000000
66815,0.0000280,0.0000001,0.0000000
66816,0.0000280,0.0000001,0.0000000
66817,0.0000280,0.0000001,0.0000000
66818,0.0000280,0.0000001,0.0000000
66819,0.0000280,0.0000001,0.0000000
66820,0.0000280,0.0000001,0.0000000
66821,0.0000280,0.0000001,0.0000000
66822,0.0000280,0.0000001,0.0000000
66823,0.0000280,0.0000001,0.0000000
66824,0.0000280,0.0000001,0.0000000
66825,0.0000280,0.0000001,0.0000000
66826,0.0000280,0.0000001,0.0000000
66827,0.0000280,0.0000001,0.0000000
66828,0.0000280,0.0000001,0.0000000
66829,0.0000280,0.0000001,0.0000000
66830,0.0000280,0.0000001,0.0000000
66831,0.0000280,0.0000001,0.0000000
66832,0.0000280,0.0000001,0.0000000
66833,0.0000280,0.0000001,0.0000000
66834,0.0000280,0.0000001,0.0000000
66835,0.0000280,0.0000001,0.0000000
66836,0.0000280,0.0000001,0.0000000
66837,0.0000280,0.0000001,0.0000000
66838,0.0000280,0.0000001,0.0000000
66839,0.0000280,0.0000001,0.0000000
66840,0.0000280,0.0000001,0.0000000
66841,0.0000280,0.0000001,0.0000000
66842,0.0000280,0.0000001,0.0000000
66843,0.0000280,0.0000001,0.0000000
66844,0.0000280,0.0000001,0.0000000
66845,0.0000280,0.0000001,0.0000000
66846,0.0000280,0.0000001,0.0000000
66847,0.0000280,0.0000001,0.0000000
66848,0.0000280,0.0000001,0.0000000
66849,0.0000280,0.0000001,0.0000000
66850,0.0000280,0.0000001,0.0000000
66851,0.0000280,0.0000001,0.0000000
66852,0.0000280,0.0000001,0.0000000
66853,0.0000280,0.0000001,0.0000000
66854,0.0000280,0.0000001,0.0000000
66855,0.0000280,0.0000001,0.0000000
66856,0.0000280,0.0000001,0.0000000
66857,0.0000280,0.0000001,0.0000000
66858,0.0000280,0.0000001,0.0000000
66859,0.0000280,0.0000001,0.0000000
66860,0.0000280,0.0000001,0.0000000
66861,0.0000280,0.0000001,0.0000000
66862,0.0000280,0.0000001,0.0000000
66863,0.0000280,0.0000001,0.0000000
66864,0.0000280,0.0000001,0.0000000
66865,0.0000280,0.0000001,0.0000000
66866,0.0000280,0.0000001,0.0000000
66867,0.0000280,0.0000001,0.0000000
66868,0.0000280,0.0000001,0.0000000
66869,0.0000280,0.0000001,0.0000000
66870,0.0000280,0.0000001,0.0000000
66871,0.0000280,0.0000001,0.0000000
66872,0.0000280,0.0000001,0.0000000
66873,0.0000280,0.0000001,0.0000000
66874,0.0000280,0.0000001,0.0000000
66875,0.0000280,0.0000001,0.0000000
66876,0.0000280,0.0000001,0.0000000
66877,0.0000280,0.0000001,0.0000000
66878,0.0000280,0.0000001,0.0000000
66879,0.0000280,0.0000001,0.0000000
66880,0.0000280,0.0000001,0.0000000
66881,0.0000280,0.0000001,0.0000000
66882,0.0000280,0.0000001,0.0000000
66883,0.0000280,0.0000001,0.0000000
66884,0.0000280,0.0000001,0.0000000
66885,0.0000280,0.0000001,0.0000000
66886,0.0000280,0.0000001,0.0000000
66887,0.0000280,0.0000001,0.0000000
66888,0.0000280,0.0000001,0.0000000
66889,0.0000280,0.0000001,0.0000000
66890,0.0000280,0.0000001,0.0000000
66891,0.0000280,0.0000001,0.0000000
66892,0.0000279,0.0000001,0.0000000
66893,0.0000279,0.0000001,0.0000000
66894,0.0000279,0.0000001,0.0000000
66895,0.0000279,0.0000001,0.0000000
66896,0.0000279,0.0000001,0.0000000
66897,0.0000279,0.0000001,0.0000000
66898,0.0000279,0.0000001,0.0000000
66899,0.0000279,0.0000001,0.0000000
66900,0.0000279,0.0000001,0.0000000
66901,0.0000279,0.0000001,0.0000000
66902,0.0000279,0.0000001,0.0000000
66903,0.0000279,0.0000001,0.0000000
66904,0.0000279,0.0000001,0.0000000
66905,0.0000279,0.0000001,0.0000000
66906,0.0000279,0.0000001,0.0000000
66907,0.0000279,0.0000001,0.0000000
66908,0.0000279,0.0000001,0.0000000
66909,0.0000279,0.0000001,0.0000000
66910,0.0000279,0.0000001,0.0000000
66911,0.0000279,0.0000001,0.0000000
66912,0.0000279,0.0000001,0.0000000
66913,0.0000279,0.0000001,0.0000000
66914,0.0000279,0.0000001,0.0000000
66915,0.0000279,0.0000001,0.0000000
66916,0.0000279,0.0000001,0.0000000
66917,0.0000279,0.0000001,0.0000000
66918,0.0000279,0.0000001,0.0000000
66919,0.0000279,0.0000001,0.0000000
66920,0.0000279,0.0000001,0.0000000
66921,0.0000279,0.0000001,0.0000000
66922,0.0000279,0.0000001,0.0000000
66923,0.0000279,0.0000001,0.0000000
66924,0.0000279,0.0000001,0.0000000
66925,0.0000279,0.0000001,0.0000000
66926,0.0000279,0.0000001,0.0000000
66927,0.0000279,0.0000001,0.0000000
66928,0.0000279,0.0000001,0.0000000
66929,0.0000279,0.0000001,0.0000000
66930,0.0000279,0.0000001,0.0000000
66931,0.0000279,0.0000001,0.0000000
66932,0.0000279,0.0000001,0.0000000
66933,0.0000279,0.0000001,0.0000000
66934,0.0000279,0.0000001,0.0000000
66935,0.0000279,0.0000001,0.0000000
66936,0.0000279,0.0000001,0.0000000
66937,0.0000279,0.0000001,0.0000000
66938,0.0000279,0.0000001,0.0000000
66939,0.0000279,0.0000001,0.0000000
66940,0.0000279,0.0000001,0.0000000
66941,0.0000279,0.0000001,0.0000000
66942,0.0000279,0.0000001,0.0000000
66943,0.0000279,0.0000001,0.0000000
66944,0.0000279,0.0000001,0.0000000
66945,0.0000279,0.0000001,0.0000000
66946,0.0000279,0.0000001,0.0000000
66947,0.0000279,0.0000001,0.0000000
66948,0.0000279,0.0000001,0.0000000
66949,0.0000279,0.0000001,0.0000000
66950,0.0000279,0.0000001,0.0000000
66951,0.0000279,0.0000001,0.0000000
66952,0.0000279,0.0000001,0.0000000
66953,0.0000279,0.0000001,0.0000000
66954,0.0000279,0.0000001,0.0000000
66955,0.0000279,0.0000001,0.0000000
66956,0.0000279,0.0000001,0.0000000
66957,0.0000279,0.0000001,0.0000000
66958,0.0000279,0.0000001,0.0000000
66959,0.0000279,0.0000001,0.0000000
66960,0.0000279,0.0000001,0.0000000
66961,0.0000279,0.0000001,0.0000000
66962,0.0000279,0.0000001,0.0000000
66963,0.0000279,0.0000001,0.0000000
66964,0.0000279,0.0000001,0.0000000
66965,0.0000279,0.0000001,0.0000000
66966,0.0000279,0.0000001,0.0000000
66967,0.0000279,0.0000001,0.0000000
66968,0.0000279,0.0000001,0.0000000
66969,0.0000279,0.0000001,0.0000000
66970,0.0000279,0.0000001,0.0000000
66971,0.0000279,0.0000001,0.0000000
66972,0.0000278,0.0000001,0.0000000
66973,0.0000278,0.0000001,0.0000000
66974,0.0000278,0.0000001,0.0000000
66975,0.0000278,0.0000001,0.0000000
66976,0.0000278,0.0000001,0.0000000
66977,0.0000278,0.0000001,0.0000000
66978,0.0000278,0.0000001,0.0000000
66979,0.0000278,0.0000001,0.0000000
66980,0.0000278,0.0000001,0.0000000
66981,0.0000278,0.0000001,0.0000000
66982,0.0000278,0.0000001,0.0000000
66983,0.0000278,0.0000001,0.0000000
66984,0.0000278,0.0000001,0.0000000
66985,0.0000278,0.0000001,0.0000000
66986,0.0000278,0.0000001,0.0000000
66987,0.0000278,0.0000001,0.0000000
66988,0.0000278,0.0000001,0.0000000
66989,0.0000278,0.0000001,0.0000000
66990,0.0000278,0.0000001,0.0000000
66991,0.0000278,0.0000001,0.0000000
66992,0.0000278,0.0000001,0.0000000
66993,0.0000278,0.0000001,0.0000000
66994,0.0000278,0.0000001,0.0000000
66995,0.0000278,0.0000001,0.0000000
66996,0.0000278,0.0000001,0.0000000
66997,0.0000278,0.0000001,0.0000000
66998,0.0000278,0.0000001,0.0000000
66999,0.0000278,0.0000001,0.0000000
67000,0.0000278,0.0000001,0.0000000
67001,0.0000278,0.0000001,0.0000000
67002,0.0000278,0.0000001,0.0000000
67003,0.0000278,0.0000001,0.0000000
67004,0.0000278,0.0000001,0.0000000
67005,0.0000278,0.0000001,0.0000000
67006,0.0000278,0.0000001,0.0000000
67007,0.0000278,0.0000001,0.0000000
67008,0.0000278,0.0000001,0.0000000
67009,0.0000278,0.0000001,0.0000000
67010,0.0000278,0.0000001,0.0000000
67011,0.0000278,0.0000001,0.0000000
67012,0.0000278,0.0000001,0.0000000
67013,0.0000278,0.0000001,0.0000000
67014,0.0000278,0.0000001,0.0000000
67015,0.0000278,0.0000001,0.0000000
67016,0.0000278,0.0000001,0.0000000
67017,0.0000278,0.0000001,0.0000000
67018,0.0000278,0.0000001,0.0000000
67019,0.0000278,0.0000001,0.0000000
67020,0.0000278,0.0000001,0.0000000
67021,0.0000278,0.0000001,0.0000000
67022,0.0000278,0.0000001,0.0000000
67023,0.0000278,0.0000001,0.0000000
67024,0.0000278,0.0000001,0.0000000
67025,0.0000278,0.0000001,0.0000000
67026,0.0000278,0.0000001,0.0000000
67027,0.0000278,0.0000001,0.0000000
67028,0.0000278,0.0000001,0.0000000
67029,0.0000278,0.0000001,0.0000000
67030,0.0000278,0.0000001,0.0000000
67031,0.0000278,0.0000001,0.0000000
67032,0.0000278,0.0000001,0.0000000
67033,0.0000278,0.0000001,0.0000000
67034,0.0000278,0.0000001,0.0000000
67035,0.0000278,0.0000001,0.0000000
67036,0.0000278,0.0000001,0.0000000
67037,0.0000278,0.0000001,0.0000000
67038,0.0000278,0.0000001,0.0000000
67039,0.0000278,0.0000001,0.0000000
67040,0.0000278,0.0000001,0.0000000
67041,0.0000278,0.0000001,0.0000000
67042,0.0000278,0.0000001,0.0000000
67043,0.0000278,0.0000001,0.0000000
67044,0.0000278,0.0000001,0.0000000
67045,0.0000278,0.0000001,0.0000000
67046,0.0000278,0.0000001,0.0000000
67047,0.0000278,0.0000001,0.0000000
67048,0.0000278,0.0000001,0.0000000
67049,0.0000278,0.0000001,0.0000000
67050,0.0000278,0.0000001,0.0000000
67051,0.0000278,0.0000001,0.0000000
67052,0.0000278,0.0000001,0.0000000
67053,0.0000277,0.0000001,0.0000000
67054,0.0000277,0.0000001,0.0000000
67055,0.0000277,0.0000001,0.0000000
67056,0.0000277,0.0000001,0.0000000
67057,0.0000277,0.0000001,0.0000000
67058,0.0000277,0.0000001,0.0000000
67059,0.0000277,0.0000001,0.0000000
67060,0.0000277,0.0000001,0.0000000
67061,0.0000277,0.0000001,0.0000000
67062,0.0000277,0.0000001,0.0000000
67063,0.0000277,0.0000001,0.0000000
67064,0.0000277,0.0000001,0.0000000
67065,0.0000277,0.0000001,0.0000000
67066,0.0000277,0.0000001,0.0000000
67067,0.0000277,0.0000001,0.0000000
67068,0.0000277,0.0000001,0.0000000
67069,0.0000277,0.0000001,0.0000000
67070,0.0000277,0.0000001,0.0000000
67071,0.0000277,0.0000001,0.0000000
67072,0.0000277,0.0000001,0.0000000
67073,0.0000277,0.0000001,0.0000000
67074,0.0000277,0.0000001,0.0000000
67075,0.0000277,0.0000001,0.0000000
67076,0.0000277,0.0000001,0.0000000
67077,0.0000277,0.0000001,0.0000000
67078,0.0000277,0.0000001,0.0000000
67079,0.0000277,0.0000001,0.0000000
67080,0.0000277,0.0000001,0.0000000
67081,0.0000277,0.0000001,0.0000000
67082,0.0000277,0.0000001,0.0000000
67083,0.0000277,0.0000001,0.0000000
67084,0.0000277,0.0000001,0.0000000
67085,0.0000277,0.0000001,0.0000000
67086,0.0000277,0.0000001,0.0000000
67087,0.0000277,0.0000001,0.0000000
67088,0.0000277,0.0000001,0.0000000
67089,0.0000277,0.0000001,0.0000000
67090,0.0000277,0.0000001,0.0000000
67091,0.0000277,0.0000001,0.0000000
67092,0.0000277,0.0000001,0.0000000
67093,0.0000277,0.0000001,0.0000000
67094,0.0000277,0.0000001,0.0000000
67095,0.0000277,0.0000001,0.0000000
67096,0.0000277,0.0000001,0.0000000
67097,0.0000277,0.0000001,0.0000000
67098,0.0000277,0.0000001,0.0000000
67099,0.0000277,0.0000001,0.0000000
67100,0.0000277,0.0000001,0.0000000
67101,0.0000277,0.0000001,0.0000000
67102,0.0000277,0.0000001,0.0000000
67103,0.0000277,0.0000001,0.0000000
67104,0.0000277,0.0000001,0.0000000
67105,0.0000277,0.0000001,0.0000000
67106,0.0000277,0.0000001,0.0000000
67107,0.0000277,0.0000001,0.0000000
67108,0.0000277,0.0000001,0.0000000
67109,0.0000277,0.0000001,0.0000000
67110,0.0000277,0.0000001,0.0000000
67111,0.0000277,0.0000001,0.0000000
67112,0.0000277,0.0000001,0.0000000
67113,0.0000277,0.0000001,0.0000000
67114,0.0000277,0.0000001,0.0000000
67115,0.0000277,0.0000001,0.0000000
67116,0.0000277,0.0000001,0.0000000
67117,0.0000277,0.0000001,0.0000000
67118,0.0000277,0.0000001,0.0000000
67119,0.0000277,0.0000001,0.0000000
67120,0.0000277,0.0000001,0.0000000
67121,0.0000277,0.0000001,0.0000000
67122,0.0000277,0.0000001,0.0000000
67123,0.0000277,0.0000001,0.0000000
67124,0.0000277,0.0000001,0.0000000
67125,0.0000277,0.0000001,0.0000000
67126,0.0000277,0.0000001,0.0000000
67127,0.0000277,0.0000001,0.0000000
67128,0.0000277,0.0000001,0.0000000
67129,0.0000277,0.0000001,0.0000000
67130,0.0000277,0.0000001,0.0000000
67131,0.0000277,0.0000001,0.0000000
67132,0.0000277,0.0000001,0.0000000
67133,0.0000277,0.0000001,0.0000000
67134,0.0000276,0.0000001,0.0000000
67135,0.0000276,0.0000001,0.0000000
67136,0.0000276,0.0000001,0.0000000
67137,0.0000276,0.0000001,0.0000000
67138,0.0000276,0.0000001,0.0000000
67139,0.0000276,0.0000001,0.0000000
67140,0.0000276,0.0000001,0.0000000
67141,0.0000276,0.0000001,0.0000000
67142,0.0000276,0.0000001,0.0000000
67143,0.0000276,0.0000001,0.0000000
67144,0.0000276,0.0000001,0.0000000
67145,0.0000276,0.0000001,0.0000000
67146,0.0000276,0.0000001,0.0000000
67147,0.0000276,0.0000001,0.0000000
67148,0.0000276,0.0000001,0.0000000
67149,0.0000276,0.0000001,0.0000000
67150,0.0000276,0.0000001,0.0000000
67151,0.0000276,0.0000001,0.0000000
67152,0.0000276,0.0000001,0.0000000
67153,0.0000276,0.0000001,0.0000000
67154,0.0000276,0.0000001,0.0000000
67155,0.0000276,0.0000001,0.0000000
67156,0.0000276,0.0000001,0.0000000
67157,0.0000276,0.0000001,0.0000000
67158,0.0000276,0.0000001,0.0000000
67159,0.0000276,0.0000001,0.0000000
67160,0.0000276,0.0000001,0.0000000
67161,0.0000276,0.0000001,0.0000000
67162,0.0000276,0.0000001,0.0000000
67163,0.0000276,0.0000001,0.0000000
67164,0.0000276,0.0000001,0.0000000
67165,0.0000276,0.0000001,0.0000000
67166,0.0000276,0.0000001,0.0000000
67167,0.0000276,0.0000001,0.0000000
67168,0.0000276,0.0000001,0.0000000
67169,0.0000276,0.0000001,0.0000000
67170,0.0000276,0.0000001,0.0000000
67171,0.0000276,0.0000001,0.0000000
67172,0.0000276,0.0000001,0.0000000
67173,0.0000276,0.0000001,0.0000000
67174,0.0000276,0.0000001,0.0000000
67175,0.0000276,0.0000001,0.0000000
67176,0.0000276,0.0000001,0.0000000
67177,0.0000276,0.0000001,0.0000000
67178,0.0000276,0.0000001,0.0000000
67179,0.0000276,0.0000001,0.0000000
67180,0.0000276,0.0000001,0.0000000
67181,0.0000276,0.0000001,0.0000000
67182,0.0000276,0.0000001,0.0000000
67183,0.0000276,0.0000001,0.0000000
67184,0.0000276,0.0000001,0.0000000
67185,0.0000276,0.0000001,0.0000000
67186,0.0000276,0.0000001,0.0000000
67187,0.0000276,0.0000001,0.0000000
67188,0.0000276,0.0000001,0.0000000
67189,0.0000276,0.0000001,0.0000000
67190,0.0000276,0.0000001,0.0000000
67191,0.0000276,0.0000001,0.0000000
67192,0.0000276,0.0000001,0.0000000
67193,0.0000276,0.0000001,0.0000000
67194,0.0000276,0.0000001,0.0000000
67195,0.0000276,0.0000001,0.0000000
67196,0.0000276,0.0000001,0.0000000
67197,0.0000276,0.0000001,0.0000000
67198,0.0000276,0.0000001,0.0000000
67199,0.0000276,0.0000001,0.0000000
67200,0.0000276,0.0000001,0.0000000
67201,0.0000276,0.0000001,0.0000000
67202,0.0000276,0.0000001,0.0000000
67203,0.0000276,0.0000001,0.0000000
67204,0.0000276,0.0000001,0.0000000
67205,0.0000276,0.0000001,0.0000000
67206,0.0000276,0.0000001,0.0000000
67207,0.0000276,0.0000001,0.0000000
67208,0.0000276,0.0000001,0.0000000
67209,0.0000276,0.0000001,0.0000000
67210,0.0000276,0.0000001,0.0000000
67211,0.0000276,0.0000001,0.0000000
67212,0.0000276,0.0000001,0.0000000
67213,0.0000276,0.0000001,0.0000000
67214,0.0000276,0.0000001,0.0000000
67215,0.0000275,0.0000001,0.0000000
67216,0.0000275,0.0000001,0.0000000
67217,0.0000275,0.0000001,0.0000000
67218,0.0000275,0.0000001,0.0000000
67219,0.0000275,0.0000001,0.0000000
67220,0.0000275,0.0000001,0.0000000
67221,0.0000275,0.0000001,0.0000000
67222,0.0000275,0.0000001,0.0000000
67223,0.0000275,0.0000001,0.0000000
67224,0.0000275,0.0000001,0.0000000
67225,0.0000275,0.0000001,0.0000000
67226,0.0000275,0.0000001,0.0000000
67227,0.0000275,0.0000001,0.0000000
67228,0.0000275,0.0000001,0.0000000
67229,0.0000275,0.0000001,0.0000000
67230,0.0000275,0.0000001,0.0000000
67231,0.0000275,0.0000001,0.0000000
67232,0.0000275,0.0000001,0.0000000
67233,0.0000275,0.0000001,0.0000000
67234,0.0000275,0.0000001,0.0000000
67235,0.0000275,0.0000001,0.0000000
67236,0.0000275,0.0000001,0.0000000
67237,0.0000275,0.0000001,0.0000000
67238,0.0000275,0.0000001,0.0000000
67239,0.0000275,0.0000001,0.0000000
67240,0.0000275,0.0000001,0.0000000
67241,0.0000275,0.0000001,0.0000000
67242,0.0000275,0.0000001,0.0000000
67243,0.0000275,0.0000001,0.0000000
67244,0.0000275,0.0000001,0.0000000
67245,0.0000275,0.0000001,0.0000000
67246,0.0000275,0.0000001,0.0000000
67247,0.0000275,0.0000001,0.0000000
67248,0.0000275,0.0000001,0.0000000
67249,0.0000275,0.0000001,0.0000000
67250,0.0000275,0.0000001,0.0000000
67251,0.0000275,0.0000001,0.0000000
67252,0.0000275,0.0000001,0.0000000
67253,0.0000275,0.0000001,0.0000000
67254,0.0000275,0.0000001,0.0000000
67255,0.0000275,0.0000001,0.0000000
67256,0.0000275,0.0000001,0.0000000
67257,0.0000275,0.0000001,0.0000000
67258,0.0000275,0.0000001,0.0000000
67259,0.0000275,0.0000001,0.0000000
67260,0.0000275,0.0000001,0.0000000
67261,0.0000275,0.0000001,0.0000000
67262,0.0000275,0.0000001,0.0000000
67263,0.0000275,0.0000001,0.0000000
67264,0.0000275,0.0000001,0.0000000
67265,0.0000275,0.0000001,0.0000000
67266,0.0000275,0.0000001,0.0000000
67267,0.0000275,0.0000001,0.0000000
67268,0.0000275,0.0000001,0.0000000
67269,0.0000275,0.0000001,0.0000000
67270,0.0000275,0.0000001,0.0000000
67271,0.0000275,0.0000001,0.0000000
67272,0.0000275,0.0000001,0.0000000
67273,0.0000275,0.0000001,0.0000000
67274,0.0000275,0.0000001,0.0000000
67275,0.0000275,0.0000001,0.0000000
67276,0.0000275,0.0000001,0.0000000
67277,0.0000275,0.0000001,0.0000000
67278,0.0000275,0.0000001,0.0000000
67279,0.0000275,0.0000001,0.0000000
67280,0.0000275,0.0000001,0.0000000
67281,0.0000275,0.0000001,0.0000000
67282,0.0000275,0.0000001,0.0000000
67283,0.0000275,0.0000001,0.0000000
67284,0.0000275,0.0000001,0.0000000
67285,0.0000275,0.0000001,0.0000000
67286,0.0000275,0.0000001,0.0000000
67287,0.0000275,0.0000001,0.0000000
67288,0.0000275,0.0000001,0.0000000
67289,0.0000275,0.0000001,0.0000000
67290,0.0000275,0.0000001,0.0000000
67291,0.0000275,0.0000001,0.0000000
67292,0.0000275,0.0000001,0.0000000
67293,0.0000275,0.0000001,0.0000000
67294,0.0000275,0.0000001,0.0000000
67295,0.0000275,0.0000001,0.0000000
67296,0.0000274,0.0000001,0.0000000
67297,0.0000274,0.0000001,0.0000000
67298,0.0000274,0.0000001,0.0000000
67299,0.0000274,0.0000001,0.0000000
67300,0.0000274,0.0000001,0.0000000
67301,0.0000274,0.0000001,0.0000000
67302,0.0000274,0.0000001,0.0000000
67303,0.0000274,0.0000001,0.0000000
67304,0.0000274,0.0000001,0.0000000
67305,0.0000274,0.0000001,0.0000000
67306,0.0000274,0.0000001,0.0000000
67307,0.0000274,0.0000001,0.0000000
67308,0.0000274,0.0000001,0.0000000
67309,0.0000274,0.0000001,0.0000000
67310,0.0000274,0.0000001,0.0000000
67311,0.0000274,0.0000001,0.0000000
67312,0.0000274,0.0000001,0.0000000
67313,0.0000274,0.0000001,0.0000000
67314,0.0000274,0.0000001,0.0000000
67315,0.0000274,0.0000001,0.0000000
67316,0.0000274,0.0000001,0.0000000
67317,0.0000274,0.0000001,0.0000000
67318,0.0000274,0.0000001,0.0000000
67319,0.0000274,0.0000001,0.0000000
67320,0.0000274,0.0000001,0.0000000
67321,0.0000274,0.0000001,0.0000000
67322,0.0000274,0.0000001,0.0000000
67323,0.0000274,0.0000001,0.0000000
67324,0.0000274,0.0000001,0.0000000
67325,0.0000274,0.0000001,0.0000000
67326,0.0000274,0.0000001,0.0000000
67327,0.0000274,0.0000001,0.0000000
67328,0.0000274,0.0000001,0.0000000
67329,0.0000274,0.0000001,0.0000000
67330,0.0000274,0.0000001,0.0000000
67331,0.0000274,0.0000001,0.0000000
67332,0.0000274,0.0000001,0.0000000
67333,0.0000274,0.0000001,0.0000000
67334,0.0000274,0.0000001,0.0000000
67335,0.0000274,0.0000001,0.0000000
67336,0.0000274,0.0000001,0.0000000
67337,0.0000274,0.0000001,0.0000000
67338,0.0000274,0.0000001,0.0000000
67339,0.0000274,0.0000001,0.0000000
67340,0.0000274,0.0000001,0.0000000
67341,0.0000274,0.0000001,0.0000000
67342,0.0000274,0.0000001,0.0000000
67343,0.0000274,0.0000001,0.0000000
67344,0.0000274,0.0000001,0.0000000
67345,0.0000274,0.0000001,0.0000000
67346,0.0000274,0.0000001,0.0000000
67347,0.0000274,0.0000001,0.0000000
67348,0.0000274,0.0000001,0.0000000
67349,0.0000274,0.0000001,0.0000000
67350,0.0000274,0.0000001,0.0000000
67351,0.0000274,0.0000001,0.0000000
67352,0.0000274,0.0000001,0.0000000
67353,0.0000274,0.0000001,0.0000000
67354,0.0000274,0.0000001,0.0000000
67355,0.0000274,0.0000001,0.0000000
67356,0.0000274,0.0000001,0.0000000
67357,0.0000274,0.0000001,0.0000000
67358,0.0000274,0.0000001,0.0000000
67359,0.0000274,0.0000001,0.0000000
67360,0.0000274,0.0000001,0.0000000
67361,0.0000274,0.0000001,0.0000000
67362,0.0000274,0.0000001,0.0000000
67363,0.0000274,0.0000001,0.0000000
67364,0.0000274,0.0000001,0.0000000
67365,0.0000274,0.0000001,0.0000000
67366,0.0000274,0.0000001,0.0000000
67367,0.0000274,0.0000001,0.0000000
67368,0.0000274,0.0000001,0.0000000
67369,0.0000274,0.0000001,0.0000000
67370,0.0000274,0.0000001,0.0000000
67371,0.0000274,0.0000001,0.0000000
67372,0.0000274,0.0000001,0.0000000
67373,0.0000274,0.0000001,0.0000000
67374,0.0000274,0.0000001,0.0000000
67375,0.0000274,0.0000001,0.0000000
67376,0.0000274,0.0000001,0.0000000
67377,0.0000273,0.0000001,0.0000000
67378,0.0000273,0.0000001,0.0000000
67379,0.0000273,0.0000001,0.0000000
67380,0.0000273,0.0000001,0.0000000
67381,0.0000273,0.0000001,0.0000000
67382,0.0000273,0.0000001,0.0000000
67383,0.0000273,0.0000001,0.0000000
67384,0.0000273,0.0000001,0.0000000
67385,0.0000273,0.0000001,0.0000000
67386,0.0000273,0.0000001,0.0000000
67387,0.0000273,0.0000001,0.0000000
67388,0.0000273,0.0000001,0.0000000
67389,0.0000273,0.0000001,0.0000000
67390,0.0000273,0.0000001,0.0000000
67391,0.0000273,0.0000001,0.0000000
67392,0.0000273,0.0000001,0.0000000
67393,0.0000273,0.0000001,0.0000000
67394,0.0000273,0.0000001,0.0000000
67395,0.0000273,0.0000001,0.0000000
67396,0.0000273,0.0000001,0.0000000
67397,0.0000273,0.0000001,0.0000000
67398,0.0000273,0.0000001,0.0000000
67399,0.0000273,0.0000001,0.0000000
67400,0.0000273,0.0000001,0.0000000
67401,0.0000273,0.0000001,0.0000000
67402,0.0000273,0.0000001,0.0000000
67403,0.0000273,0.0000001,0.0000000
67404,0.0000273,0.0000001,0.0000000
67405,0.0000273,0.0000001,0.0000000
67406,0.0000273,0.0000001,0.0000000
67407,0.0000273,0.0000001,0.0000000
67408,0.0000273,0.0000001,0.0000000
67409,0.0000273,0.0000001,0.0000000
67410,0.0000273,0.0000001,0.0000000
67411,0.0000273,0.0000001,0.0000000
67412,0.0000273,0.0000001,0.0000000
67413,0.0000273,0.0000001,0.0000000
67414,0.0000273,0.0000001,0.0000000
67415,0.0000273,0.0000001,0.0000000
67416,0.0000273,0.0000001,0.0000000
67417,0.0000273,0.0000001,0.0000000
67418,0.0000273,0.0000001,0.0000000
67419,0.0000273,0.0000001,0.0000000
67420,0.0000273,0.0000001,0.0000000
67421,0.0000273,0.0000001,0.0000000
67422,0.0000273,0.0000001,0.0000000
67423,0.0000273,0.0000001,0.0000000
67424,0.0000273,0.0000001,0.0000000
67425,0.0000273,0.0000001,0.0000000
67426,0.0000273,0.0000001,0.0000000
67427,0.0000273,0.0000001,0.0000000
67428,0.0000273,0.0000001,0.0000000
67429,0.0000273,0.0000001,0.0000000
67430,0.0000273,0.0000001,0.0000000
67431,0.0000273,0.0000001,0.0000000
67432,0.0000273,0.0000001,0.0000000
67433,0.0000273,0.0000001,0.0000000
67434,0.0000273,0.0000001,0.0000000
67435,0.0000273,0.0000001,0.0000000
67436,0.0000273,0.0000001,0.0000000
67437,0.0000273,0.0000001,0.0000000
67438,0.0000273,0.0000001,0.0000000
67439,0.0000273,0.0000001,0.0000000
67440,0.0000273,0.0000001,0.0000000
67441,0.0000273,0.0000001,0.0000000
67442,0.0000273,0.0000001,0.0000000
67443,0.0000273,0.0000001,0.0000000
67444,0.0000273,0.0000001,0.0000000
67445,0.0000273,0.0000001,0.0000000
67446,0.0000273,0.0000001,0.0000000
67447,0.0000273,0.0000001,0.0000000
67448,0.0000273,0.0000001,0.0000000
67449,0.0000273,0.0000001,0.0000000
67450,0.0000273,0.0000001,0.0000000
67451,0.0000273,0.0000001,0.0000000
67452,0.0000273,0.0000001,0.0000000
67453,0.0000273,0.0000001,0.0000000
67454,0.0000273,0.0000001,0.0000000
67455,0.0000273,0.0000001,0.0000000
67456,0.0000273,0.0000001,0.0000000
67457,0.0000273,0.0000001,0.0000000
67458,0.0000273,0.0000001,0.0000000
67459,0.0000272,0.0000001,0.0000000
67460,0.0000272,0.0000001,0.0000000
67461,0.0000272,0.0000001,0.0000000
67462,0.0000272,0.0000001,0.0000000
67463,0.0000272,0.0000001,0.0000000
67464,0.0000272,0.0000001,0.0000000
67465,0.0000272,0.0000001,0.0000000
67466,0.0000272,0.0000001,0.0000000
67467,0.0000272,0.0000001,0.0000000
67468,0.0000272,0.0000001,0.0000000
67469,0.0000272,0.0000001,0.0000000
67470,0.0000272,0.0000001,0.0000000
67471,0.0000272,0.0000001,0.0000000
67472,0.0000272,0.0000001,0.0000000
67473,0.0000272,0.0000001,0.0000000
67474,0.0000272,0.0000001,0.0000000
67475,0.0000272,0.0000001,0.0000000
67476,0.0000272,0.0000001,0.0000000
67477,0.0000272,0.0000001,0.0000000
67478,0.0000272,0.0000001,0.0000000
67479,0.0000272,0.0000001,0.0000000
67480,0.0000272,0.0000001,0.0000000
67481,0.0000272,0.0000001,0.0000000
67482,0.0000272,0.0000001,0.0000000
67483,0.0000272,0.0000001,0.0000000
67484,0.0000272,0.0000001,0.0000000
67485,0.0000272,0.0000001,0.0000000
67486,0.0000272,0.0000001,0.0000000
67487,0.0000272,0.0000001,0.0000000
67488,0.0000272,0.0000001,0.0000000
67489,0.0000272,0.0000001,0.0000000
67490,0.0000272,0.0000001,0.0000000
67491,0.0000272,0.0000001,0.0000000
67492,0.0000272,0.0000001,0.0000000
67493,0.0000272,0.0000001,0.0000000
67494,0.0000272,0.0000001,0.0000000
67495,0.0000272,0.0000001,0.0000000
67496,0.0000272,0.0000001,0.0000000
67497,0.0000272,0.0000001,0.0000000
67498,0.0000272,0.0000001,0.0000000
67499,0.0000272,0.0000001,0.0000000
67500,0.0000272,0.0000001,0.0000000
67501,0.0000272,0.0000001,0.0000000
67502,0.0000272,0.0000001,0.0000000
67503,0.0000272,0.0000001,0.0000000
67504,0.0000272,0.0000001,0.0000000
67505,0.0000272,0.0000001,0.0000000
67506,0.0000272,0.0000001,0.0000000
67507,0.0000272,0.0000001,0.0000000
67508,0.0000272,0.0000001,0.0000000
67509,0.0000272,0.0000001,0.0000000
67510,0.0000272,0.0000001,0.0000000
67511,0.0000272,0.0000001,0.0000000
67512,0.0000272,0.0000001,0.0000000
67513,0.0000272,0.0000001,0.0000000
67514,0.0000272,0.0000001,0.0000000
67515,0.0000272,0.0000001,0.0000000
67516,0.0000272,0.0000001,0.0000000
67517,0.0000272,0.0000001,0.0000000
67518,0.0000272,0.0000001,0.0000000
67519,0.0000272,0.0000001,0.0000000
67520,0.0000272,0.0000001,0.0000000
67521,0.0000272,0.0000001,0.0000000
67522,0.0000272,0.0000001,0.0000000
67523,0.0000272,0.0000001,0.0000000
67524,0.0000272,0.0000001,0.0000000
67525,0.0000272,0.0000001,0.0000000
67526,0.0000272,0.0000001,0.0000000
67527,0.0000272,0.0000001,0.0000000
67528,0.0000272,0.0000001,0.0000000
67529,0.0000272,0.0000001,0.0000000
67530,0.0000272,0.0000001,0.0000000
67531,0.0000272,0.0000001,0.0000000
67532,0.0000272,0.0000001,0.0000000
67533,0.0000272,0.0000001,0.0000000
67534,0.0000272,0.0000001,0.0000000
67535,0.0000272,0.0000001,0.0000000
67536,0.0000272,0.0000001,0.0000000
67537,0.0000272,0.0000001,0.0000000
67538,0.0000272,0.0000001,0.0000000
67539,0.0000272,0.0000001,0.0000000
67540,0.0000272,0.0000001,0.0000000
67541,0.0000271,0.0000001,0.0000000
67542,0.0000271,0.0000001,0.0000000
67543,0.0000271,0.0000001,0.0000000
67544,0.0000271,0.0000001,0.0000000
67545,0.0000271,0.0000001,0.0000000
67546,0.0000271,0.0000001,0.0000000
67547,0.0000271,0.0000001,0.0000000
67548,0.0000271,0.0000001,0.0000000
67549,0.0000271,0.0000001,0.0000000
67550,0.0000271,0.0000001,0.0000000
67551,0.0000271,0.0000001,0.0000000
67552,0.0000271,0.0000001,0.0000000
67553,0.0000271,0.0000001,0.0000000
67554,0.0000271,0.0000001,0.0000000
67555,0.0000271,0.0000001,0.0000000
67556,0.0000271,0.0000001,0.0000000
67557,0.0000271,0.0000001,0.0000000
67558,0.0000271,0.0000001,0.0000000
67559,0.0000271,0.0000001,0.0000000
67560,0.0000271,0.0000001,0.0000000
67561,0.0000271,0.0000001,0.0000000
67562,0.0000271,0.0000001,0.0000000
67563,0.0000271,0.0000001,0.0000000
67564,0.0000271,0.0000001,0.0000000
67565,0.0000271,0.0000001,0.0000000
67566,0.0000271,0.0000001,0.0000000
67567,0.0000271,0.0000001,0.0000000
67568,0.0000271,0.0000001,0.0000000
67569,0.0000271,0.0000001,0.0000000
67570,0.0000271,0.0000001,0.0000000
67571,0.0000271,0.0000001,0.0000000
67572,0.0000271,0.0000001,0.0000000
67573,0.0000271,0.0000001,0.0000000
67574,0.0000271,0.0000001,0.0000000
67575,0.0000271,0.0000001,0.0000000
67576,0.0000271,0.0000001,0.0000000
67577,0.0000271,0.0000001,0.0000000
67578,0.0000271,0.0000001,0.0000000
67579,0.0000271,0.0000001,0.0000000
67580,0.0000271,0.0000001,0.0000000
67581,0.0000271,0.0000001,0.0000000
67582,0.0000271,0.0000001,0.0000000
67583,0.0000271,0.0000001,0.0000000
67584,0.0000271,0.0000001,0.0000000
67585,0.0000271,0.0000001,0.0000000
67586,0.0000271,0.0000001,0.0000000
67587,0.0000271,0.0000001,0.0000000
67588,0.0000271,0.0000001,0.0000000
67589,0.0000271,0.0000001,0.0000000
67590,0.0000271,0.0000001,0.0000000
67591,0.0000271,0.0000001,0.0000000
67592,0.0000271,0.0000001,0.0000000
67593,0.0000271,0.0000001,0.0000000
67594,0.0000271,0.0000001,0.0000000
67595,0.0000271,0.0000001,0.0000000
67596,0.0000271,0.0000001,0.0000000
67597,0.0000271,0.0000001,0.0000000
67598,0.0000271,0.0000001,0.0000000
67599,0.0000271,0.0000001,0.0000000
67600,0.0000271,0.0000001,0.0000000
67601,0.0000271,0.0000001,0.0000000
67602,0.0000271,0.0000001,0.0000000
67603,0.0000271,0.0000001,0.0000000
67604,0.0000271,0.0000001,0.0000000
67605,0.0000271,0.0000001,0.0000000
67606,0.0000271,0.0000001,0.0000000
67607,0.0000271,0.0000001,0.0000000
67608,0.0000271,0.0000001,0.0000000
67609,0.0000271,0.0000001,0.0000000
67610,0.0000271,0.0000001,0.0000000
67611,0.0000271,0.0000001,0.0000000
67612,0.0000271,0.0000001,0.0000000
67613,0.0000271,0.0000001,0.0000000
67614,0.0000271,0.0000001,0.0000000
67615,0.0000271,0.0000001,0.0000000
67616,0.0000271,0.0000001,0.0000000
67617,0.0000271,0.0000001,0.0000000
67618,0.0000271,0.0000001,0.0000000
67619,0.0000271,0.0000001,0.0000000
67620,0.0000271,0.0000001,0.0000000
67621,0.0000271,0.0000001,0.0000000
67622,0.0000271,0.0000001,0.0000000
67623,0.0000271,0.0000001,0.0000000
67624,0.0000270,0.0000001,0.0000000
67625,0.0000270,0.0000001,0.0000000
67626,0.0000270,0.0000001,0.0000000
67627,0.0000270,0.0000001,0.0000000
67628,0.0000270,0.0000001,0.0000000
67629,0.0000270,0.0000001,0.0000000
67630,0.0000270,0.0000001,0.0000000
67631,0.0000270,0.0000001,0.0000000
67632,0.0000270,0.0000001,0.0000000
67633,0.0000270,0.0000001,0.0000000
67634,0.0000270,0.0000001,0.0000000
67635,0.0000270,0.0000001,0.0000000
67636,0.0000270,0.0000001,0.0000000
67637,0.0000270,0.0000001,0.0000000
67638,0.0000270,0.0000001,0.0000000
67639,0.0000270,0.0000001,0.0000000
67640,0.0000270,0.0000001,0.0000000
67641,0.0000270,0.0000001,0.0000000
67642,0.0000270,0.0000001,0.0000000
67643,0.0000270,0.0000001,0.0000000
67644,0.0000270,0.0000001,0.0000000
67645,0.0000270,0.0000001,0.0000000
67646,0.0000270,0.0000001,0.0000000
67647,0.0000270,0.0000001,0.0000000
67648,0.0000270,0.0000001,0.0000000
67649,0.0000270,0.0000001,0.0000000
67650,0.0000270,0.0000001,0.0000000
67651,0.0000270,0.0000001,0.0000000
67652,0.0000270,0.0000001,0.0000000
67653,0.0000270,0.0000001,0.0000000
67654,0.0000270,0.0000001,0.0000000
67655,0.0000270,0.0000001,0.0000000
67656,0.0000270,0.0000001,0.0000000
67657,0.0000270,0.0000001,0.0000000
67658,0.0000270,0.0000001,0.0000000
67659,0.0000270,0.0000001,0.0000000
67660,0.0000270,0.0000001,0.0000000
67661,0.0000270,0.0000001,0.0000000
67662,0.0000270,0.0000001,0.0000000
67663,0.0000270,0.0000001,0.0000000
67664,0.0000270,0.0000001,0.0000000
67665,0.0000270,0.0000001,0.0000000
67666,0.0000270,0.0000001,0.0000000
67667,0.0000270,0.0000001,0.0000000
67668,0.0000270,0.0000001,0.0000000
67669,0.0000270,0.0000001,0.0000000
67670,0.0000270,0.0000001,0.0000000
67671,0.0000270,0.0000001,0.0000000
67672,0.0000270,0.0000001,0.0000000
67673,0.0000270,0.0000001,0.0000000
67674,0.0000270,0.0000001,0.0000000
67675,0.0000270,0.0000001,0.0000000
67676,0.0000270,0.0000001,0.0000000
67677,0.0000270,0.0000001,0.0000000
67678,0.0000270,0.0000001,0.0000000
67679,0.0000270,0.0000001,0.0000000
67680,0.0000270,0.0000001,0.0000000
67681,0.0000270,0.0000001,0.0000000
67682,0.0000270,0.0000001,0.0000000
67683,0.0000270,0.0000001,0.0000000
67684,0.0000270,0.0000001,0.0000000
67685,0.0000270,0.0000001,0.0000000
67686,0.0000270,0.0000001,0.0000000
67687,0.0000270,0.0000001,0.0000000
67688,0.0000270,0.0000001,0.0000000
67689,0.0000270,0.0000001,0.0000000
67690,0.0000270,0.0000001,0.0000000
67691,0.0000270,0.0000001,0.0000000
67692,0.0000270,0.0000001,0.0000000
67693,0.0000270,0.0000001,0.0000000
67694,0.0000270,0.0000001,0.0000000
67695,0.0000270,0.0000001,0.0000000
67696,0.0000270,0.0000001,0.0000000
67697,0.0000270,0.0000001,0.0000000
67698,0.0000270,0.0000001,0.0000000
67699,0.0000270,0.0000001,0.0000000
67700,0.0000270,0.0000001,0.0000000
67701,0.0000270,0.0000001,0.0000000
67702,0.0000270,0.0000001,0.0000000
67703,0.0000270,0.0000001,0.0000000
67704,0.0000270,0.0000001,0.0000000
67705,0.0000270,0.0000001,0.0000000
67706,0.0000269,0.0000001,0.0000000
67707,0.0000269,0.0000001,0.0000000
67708,0.0000269,0.0000001,0.0000000
67709,0.0000269,0.0000001,0.0000000
67710,0.0000269,0.0000001,0.0000000
67711,0.0000269,0.0000001,0.0000000
67712,0.0000269,0.0000001,0.0000000
67713,0.0000269,0.0000001,0.0000000
67714,0.0000269,0.0000001,0.0000000
67715,0.0000269,0.0000001,0.0000000
67716,0.0000269,0.0000001,0.0000000
67717,0.0000269,0.0000001,0.0000000
67718,0.0000269,0.0000001,0.0000000
67719,0.0000269,0.0000001,0.0000000
67720,0.0000269,0.0000001,0.0000000
67721,0.0000269,0.0000001,0.0000000
67722,0.0000269,0.0000001,0.0000000
67723,0.0000269,0.0000001,0.0000000
67724,0.0000269,0.0000001,0.0000000
67725,0.0000269,0.0000001,0.0000000
67726,0.0000269,0.0000001,0.0000000
67727,0.0000269,0.0000001,0.0000000
67728,0.0000269,0.0000001,0.0000000
67729,0.0000269,0.0000001,0.0000000
67730,0.0000269,0.0000001,0.0000000
67731,0.0000269,0.0000001,0.0000000
67732,0.0000269,0.0000001,0.0000000
67733,0.0000269,0.0000001,0.0000000
67734,0.0000269,0.0000001,0.0000000
67735,0.0000269,0.0000001,0.0000000
67736,0.0000269,0.0000001,0.0000000
67737,0.0000269,0.0000001,0.0000000
67738,0.0000269,0.0000001,0.0000000
67739,0.0000269,0.0000001,0.0000000
67740,0.0000269,0.0000001,0.0000000
67741,0.0000269,0.0000001,0.0000000
67742,0.0000269,0.0000001,0.0000000
67743,0.0000269,0.0000001,0.0000000
67744,0.0000269,0.0000001,0.0000000
67745,0.0000269,0.0000001,0.0000000
67746,0.0000269,0.0000001,0.0000000
67747,0.0000269,0.0000001,0.0000000
67748,0.0000269,0.0000001,0.0000000
67749,0.0000269,0.0000001,0.0000000
67750,0.0000269,0.0000001,0.0000000
67751,0.0000269,0.0000001,0.0000000
67752,0.0000269,0.0000001,0.0000000
67753,0.0000269,0.0000001,0.0000000
67754,0.0000269,0.0000001,0.0000000
67755,0.0000269,0.0000001,0.0000000
67756,0.0000269,0.0000001,0.0000000
67757,0.0000269,0.0000001,0.0000000
67758,0.0000269,0.0000001,0.0000000
67759,0.0000269,0.0000001,0.0000000
67760,0.0000269,0.0000001,0.0000000
67761,0.0000269,0.0000001,0.0000000
67762,0.0000269,0.0000001,0.0000000
67763,0.0000269,0.0000001,0.0000000
67764,0.0000269,0.0000001,0.0000000
67765,0.0000269,0.0000001,0.0000000
67766,0.0000269,0.0000001,0.0000000
67767,0.0000269,0.0000001,0.0000000
67768,0.0000269,0.0000001,0.0000000
67769,0.0000269,0.0000001,0.0000000
67770,0.0000269,0.0000001,0.0000000
67771,0.0000269,0.0000001,0.0000000
67772,0.0000269,0.0000001,0.0000000
67773,0.0000269,0.0000001,0.0000000
67774,0.0000269,0.0000001,0.0000000
67775,0.0000269,0.0000001,0.0000000
67776,0.0000269,0.0000001,0.0000000
67777,0.0000269,0.0000001,0.0000000
67778,0.0000269,0.0000001,0.0000000
67779,0.0000269,0.0000001,0.0000000
67780,0.0000269,0.0000001,0.0000000
67781,0.0000269,0.0000001,0.0000000
67782,0.0000269,0.0000001,0.0000000
67783,0.0000269,0.0000001,0.0000000
67784,0.0000269,0.0000001,0.0000000
67785,0.0000269,0.0000001,0.0000000
67786,0.0000269,0.0000001,0.0000000
67787,0.0000269,0.0000001,0.0000000
67788,0.0000269,0.0000001,0.0000000
67789,0.0000268,0.0000001,0.0000000
67790,0.0000268,0.0000001,0.0000000
67791,0.0000268,0.0000001,0.0000000
67792,0.0000268,0.0000001,0.0000000
67793,0.0000268,0.0000001,0.0000000
67794,0.0000268,0.0000001,0.0000000
67795,0.0000268,0.0000001,0.0000000
67796,0.0000268,0.0000001,0.0000000
67797,0.0000268,0.0000001,0.0000000
67798,0.0000268,0.0000001,0.0000000
67799,0.0000268,0.0000001,0.0000000
67800,0.0000268,0.0000001,0.0000000
67801,0.0000268,0.0000001,0.0000000
67802,0.0000268,0.0000001,0.0000000
67803,0.0000268,0.0000001,0.0000000
67804,0.0000268,0.0000001,0.0000000
67805,0.0000268,0.0000001,0.0000000
67806,0.0000268,0.0000001,0.0000000
67807,0.0000268,0.0000001,0.0000000
67808,0.0000268,0.0000001,0.0000000
67809,0.0000268,0.0000001,0.0000000
67810,0.0000268,0.0000001,0.0000000
67811,0.0000268,0.0000001,0.0000000
67812,0.0000268,0.0000001,0.0000000
67813,0.0000268,0.0000001,0.0000000
67814,0.0000268,0.0000001,0.0000000
67815,0.0000268,0.0000001,0.0000000
67816,0.0000268,0.0000001,0.0000000
67817,0.0000268,0.0000001,0.0000000
67818,0.0000268,0.0000001,0.0000000
67819,0.0000268,0.0000001,0.0000000
67820,0.0000268,0.0000001,0.0000000
67821,0.0000268,0.0000001,0.0000000
67822,0.0000268,0.0000001,0.0000000
67823,0.0000268,0.0000001,0.0000000
67824,0.0000268,0.0000001,0.0000000
67825,0.0000268,0.0000001,0.0000000
67826,0.0000268,0.0000001,0.0000000
67827,0.0000268,0.0000001,0.0000000
67828,0.0000268,0.0000001,0.0000000
67829,0.0000268,0.0000001,0.0000000
67830,0.0000268,0.0000001,0.0000000
67831,0.0000268,0.0000001,0.0000000
67832,0.0000268,0.0000001,0.0000000
67833,0.0000268,0.0000001,0.0000000
67834,0.0000268,0.0000001,0.0000000
67835,0.0000268,0.0000001,0.0000000
67836,0.0000268,0.0000001,0.0000000
67837,0.0000268,0.0000001,0.0000000
67838,0.0000268,0.0000001,0.0000000
67839,0.0000268,0.0000001,0.0000000
67840,0.0000268,0.0000001,0.0000000
67841,0.0000268,0.0000001,0.0000000
67842,0.0000268,0.0000001,0.0000000
67843,0.0000268,0.0000001,0.0000000
67844,0.0000268,0.0000001,0.0000000
67845,0.0000268,0.0000001,0.0000000
67846,0.0000268,0.0000001,0.0000000
67847,0.0000268,0.0000001,0.0000000
67848,0.0000268,0.0000001,0.0000000
67849,0.0000268,0.0000001,0.0000000
67850,0.0000268,0.0000001,0.0000000
67851,0.0000268,0.0000001,0.0000000
67852,0.0000268,0.0000001,0.0000000
67853,0.0000268,0.0000001,0.0000000
67854,0.0000268,0.0000001,0.0000000
67855,0.0000268,0.0000001,0.0000000
67856,0.0000268,0.0000001,0.0000000
67857,0.0000268,0.0000001,0.0000000
67858,0.0000268,0.0000001,0.0000000
67859,0.0000268,0.0000001,0.0000000
67860,0.0000268,0.0000001,0.0000000
67861,0.0000268,0.0000001,0.0000000
67862,0.0000268,0.0000001,0.0000000
67863,0.0000268,0.0000001,0.0000000
67864,0.0000268,0.0000001,0.0000000
67865,0.0000268,0.0000001,0.0000000
67866,0.0000268,0.0000001,0.0000000
67867,0.0000268,0.0000001,0.0000000
67868,0.0000268,0.0000001,0.0000000
67869,0.0000268,0.0000001,0.0000000
67870,0.0000268,0.0000001,0.0000000
67871,0.0000268,0.0000001,0.0000000
67872,0.0000268,0.0000001,0.0000000
67873,0.0000267,0.0000001,0.0000000
67874,0.0000267,0.0000001,0.0000000
67875,0.0000267,0.0000001,0.0000000
67876,0.0000267,0.0000001,0.0000000
67877,0.0000267,0.0000001,0.0000000
67878,0.0000267,0.0000001,0.0000000
67879,0.0000267,0.0000001,0.0000000
67880,0.0000267,0.0000001,0.0000000
67881,0.0000267,0.0000001,0.0000000
67882,0.0000267,0.0000001,0.0000000
67883,0.0000267,0.0000001,0.0000000
67884,0.0000267,0.0000001,0.0000000
67885,0.0000267,0.0000001,0.0000000
67886,0.0000267,0.0000001,0.0000000
67887,0.0000267,0.0000001,0.0000000
67888,0.0000267,0.0000001,0.0000000
67889,0.0000267,0.0000001,0.0000000
67890,0.0000267,0.0000001,0.0000000
67891,0.0000267,0.0000001,0.0000000
67892,0.0000267,0.0000001,0.0000000
67893,0.0000267,0.0000001,0.0000000
67894,0.0000267,0.0000001,0.0000000
67895,0.0000267,0.0000001,0.0000000
67896,0.0000267,0.0000001,0.0000000
67897,0.0000267,0.0000001,0.0000000
67898,0.0000267,0.0000001,0.0000000
67899,0.0000267,0.0000001,0.0000000
67900,0.0000267,0.0000001,0.0000000
67901,0.0000267,0.0000001,0.0000000
67902,0.0000267,0.0000001,0.0000000
67903,0.0000267,0.0000001,0.0000000
67904,0.0000267,0.0000001,0.0000000
67905,0.0000267,0.0000001,0.0000000
67906,0.0000267,0.0000001,0.0000000
67907,0.0000267,0.0000001,0.0000000
67908,0.0000267,0.0000001,0.0000000
67909,0.0000267,0.0000001,0.0000000
67910,0.0000267,0.0000001,0.0000000
67911,0.0000267,0.0000001,0.0000000
67912,0.0000267,0.0000001,0.0000000
67913,0.0000267,0.0000001,0.0000000
67914,0.0000267,0.0000001,0.0000000
67915,0.0000267,0.0000001,0.0000000
67916,0.0000267,0.0000001,0.0000000
67917,0.0000267,0.0000001,0.0000000
67918,0.0000267,0.0000001,0.0000000
67919,0.0000267,0.0000001,0.0000000
67920,0.0000267,0.0000001,0.0000000
67921,0.0000267,0.0000001,0.0000000
67922,0.0000267,0.0000001,0.0000000
67923,0.0000267,0.0000001,0.0000000
67924,0.0000267,0.0000001,0.0000000
67925,0.0000267,0.0000001,0.0000000
67926,0.0000267,0.0000001,0.0000000
67927,0.0000267,0.0000001,0.0000000
67928,0.0000267,0.0000001,0.0000000
67929,0.0000267,0.0000001,0.0000000
67930,0.0000267,0.0000001,0.0000000
67931,0.0000267,0.0000001,0.0000000
67932,0.0000267,0.0000001,0.0000000
67933,0.0000267,0.0000001,0.0000000
67934,0.0000267,0.0000001,0.0000000
67935,0.0000267,0.0000001,0.0000000
67936,0.0000267,0.0000001,0.0000000
67937,0.0000267,0.0000001,0.0000000
67938,0.0000267,0.0000001,0.0000000
67939,0.0000267,0.0000001,0.0000000
67940,0.0000267,0.0000001,0.0000000
67941,0.0000267,0.0000001,0.0000000
67942,0.0000267,0.0000001,0.0000000
67943,0.0000267,0.0000001,0.0000000
67944,0.0000267,0.0000001,0.0000000
67945,0.0000267,0.0000001,0.0000000
67946,0.0000267,0.0000001,0.0000000
67947,0.0000267,0.0000001,0.0000000
67948,0.0000267,0.0000001,0.0000000
67949,0.0000267,0.0000001,0.0000000
67950,0.0000267,0.0000001,0.0000000
67951,0.0000267,0.0000001,0.0000000
67952,0.0000267,0.0000001,0.0000000
67953,0.0000267,0.0000001,0.0000000
67954,0.0000267,0.0000001,0.0000000
67955,0.0000267,0.0000001,0.0000000
67956,0.0000266,0.0000001,0.0000000
67957,0.0000266,0.0000001,0.0000000
67958,0.0000266,0.0000001,0.0000000
67959,0.0000266,0.0000001,0.0000000
67960,0.0000266,0.0000001,0.0000000
67961,0.0000266,0.0000001,0.0000000
67962,0.0000266,0.0000001,0.0000000
67963,0.0000266,0.0000001,0.0000000
67964,0.0000266,0.0000001,0.0000000
67965,0.0000266,0.0000001,0.0000000
67966,0.0000266,0.0000001,0.0000000
67967,0.0000266,0.0000001,0.0000000
67968,0.0000266,0.0000001,0.0000000
67969,0.0000266,0.0000001,0.0000000
67970,0.0000266,0.0000001,0.0000000
67971,0.0000266,0.0000001,0.0000000
67972,0.0000266,0.0000001,0.0000000
67973,0.0000266,0.0000001,0.0000000
67974,0.0000266,0.0000001,0.0000000
67975,0.0000266,0.0000001,0.0000000
67976,0.0000266,0.0000001,0.0000000
67977,0.0000266,0.0000001,0.0000000
67978,0.0000266,0.0000001,0.0000000
67979,0.0000266,0.0000001,0.0000000
67980,0.0000266,0.0000001,0.0000000
67981,0.0000266,0.0000001,0.0000000
67982,0.0000266,0.0000001,0.0000000
67983,0.0000266,0.0000001,0.0000000
67984,0.0000266,0.0000001,0.0000000
67985,0.0000266,0.0000001,0.0000000
67986,0.0000266,0.0000001,0.0000000
67987,0.0000266,0.0000001,0.0000000
67988,0.0000266,0.0000001,0.0000000
67989,0.0000266,0.0000001,0.0000000
67990,0.0000266,0.0000001,0.0000000
67991,0.0000266,0.0000001,0.0000000
67992,0.0000266,0.0000001,0.0000000
67993,0.0000266,0.0000001,0.0000000
67994,0.0000266,0.0000001,0.0000000
67995,0.0000266,0.0000001,0.0000000
67996,0.0000266,0.0000001,0.0000000
67997,0.0000266,0.0000001,0.0000000
67998,0.0000266,0.0000001,0.0000000
67999,0.0000266,0.0000001,0.0000000
68000,0.0000266,0.0000001,0.0000000
68001,0.0000266,0.0000001,0.0000000
68002,0.0000266,0.0000001,0.0000000
68003,0.0000266,0.0000001,0.0000000
68004,0.0000266,0.0000001,0.0000000
68005,0.0000266,0.0000001,0.0000000
68006,0.0000266,0.0000001,0.0000000
68007,0.0000266,0.0000001,0.0000000
68008,0.0000266,0.0000001,0.0000000
68009,0.0000266,0.0000001,0.0000000
68010,0.0000266,0.0000001,0.0000000
68011,0.0000266,0.0000001,0.0000000
68012,0.0000266,0.0000001,0.0000000
68013,0.0000266,0.0000001,0.0000000
68014,0.0000266,0.0000001,0.0000000
68015,0.0000266,0.0000001,0.0000000
68016,0.0000266,0.0000001,0.0000000
68017,0.0000266,0.0000001,0.0000000
68018,0.0000266,0.0000001,0.0000000
68019,0.0000266,0.0000001,0.0000000
68020,0.0000266,0.0000001,0.0000000
68021,0.0000266,0.0000001,0.0000000
68022,0.0000266,0.0000001,0.0000000
68023,0.0000266,0.0000001,0.0000000
68024,0.0000266,0.0000001,0.0000000
68025,0.0000266,0.0000001,0.0000000
68026,0.0000266,0.0000001,0.0000000
68027,0.0000266,0.0000001,0.0000000
68028,0.0000266,0.0000001,0.0000000
68029,0.0000266,0.0000001,0.0000000
68030,0.0000266,0.0000001,0.0000000
68031,0.0000266,0.0000001,0.0000000
68032,0.0000266,0.0000001,0.0000000
68033,0.0000266,0.0000001,0.0000000
68034,0.0000266,0.0000001,0.0000000
68035,0.0000266,0.0000001,0.0000000
68036,0.0000266,0.0000001,0.0000000
68037,0.0000266,0.0000001,0.0000000
68038,0.0000266,0.0000001,0.0000000
68039,0.0000266,0.0000001,0.0000000
68040,0.0000265,0.0000001,0.0000000
68041,0.0000265,0.0000001,0.0000000
68042,0.0000265,0.0000001,0.0000000
68043,0.0000265,0.0000001,0.0000000
68044,0.0000265,0.0000001,0.0000000
68045,0.0000265,0.0000001,0.0000000
68046,0.0000265,0.0000001,0.0000000
68047,0.0000265,0.0000001,0.0000000
68048,0.0000265,0.0000001,0.0000000
68049,0.0000265,0.0000001,0.0000000
68050,0.0000265,0.0000001,0.0000000
68051,0.0000265,0.0000001,0.0000000
68052,0.0000265,0.0000001,0.0000000
68053,0.0000265,0.0000001,0.0000000
68054,0.0000265,0.0000001,0.0000000
68055,0.0000265,0.0000001,0.0000000
68056,0.0000265,0.0000001,0.0000000
68057,0.0000265,0.0000001,0.0000000
68058,0.0000265,0.0000001,0.0000000
68059,0.0000265,0.0000001,0.0000000
68060,0.0000265,0.0000001,0.0000000
68061,0.0000265,0.0000001,0.0000000
68062,0.0000265,0.0000001,0.0000000
68063,0.0000265,0.0000001,0.0000000
68064,0.0000265,0.0000001,0.0000000
68065,0.0000265,0.0000001,0.0000000
68066,0.0000265,0.0000001,0.0000000
68067,0.0000265,0.0000001,0.0000000
68068,0.0000265,0.0000001,0.0000000
68069,0.0000265,0.0000001,0.0000000
68070,0.0000265,0.0000001,0.0000000
68071,0.0000265,0.0000001,0.0000000
68072,0.0000265,0.0000001,0.0000000
68073,0.0000265,0.0000001,0.0000000
68074,0.0000265,0.0000001,0.0000000
68075,0.0000265,0.0000001,0.0000000
68076,0.0000265,0.0000001,0.0000000
68077,0.0000265,0.0000001,0.0000000
68078,0.0000265,0.0000001,0.0000000
68079,0.0000265,0.0000001,0.0000000
68080,0.0000265,0.0000001,0.0000000
68081,0.0000265,0.0000001,0.0000000
68082,0.0000265,0.0000001,0.0000000
68083,0.0000265,0.0000001,0.0000000
68084,0.0000265,0.0000001,0.0000000
68085,0.0000265,0.0000001,0.0000000
68086,0.0000265,0.0000001,0.0000000
68087,0.0000265,0.0000001,0.0000000
68088,0.0000265,0.0000001,0.0000000
68089,0.0000265,0.0000001,0.0000000
68090,0.0000265,0.0000001,0.0000000
68091,0.0000265,0.0000001,0.0000000
68092,0.0000265,0.0000001,0.0000000
68093,0.0000265,0.0000001,0.0000000
68094,0.0000265,0.0000001,0.0000000
68095,0.0000265,0.0000001,0.0000000
68096,0.0000265,0.0000001,0.0000000
68097,0.0000265,0.0000001,0.0000000
68098,0.0000265,0.0000001,0.0000000
68099,0.0000265,0.0000001,0.0000000
68100,0.0000265,0.0000001,0.0000000
68101,0.0000265,0.0000001,0.0000000
68102,0.0000265,0.0000001,0.0000000
68103,0.0000265,0.0000001,0.0000000
68104,0.0000265,0.0000001,0.0000000
68105,0.0000265,0.0000001,0.0000000
68106,0.0000265,0.0000001,0.0000000
68107,0.0000265,0.0000001,0.0000000
68108,0.0000265,0.0000001,0.0000000
68109,0.0000265,0.0000001,0.0000000
68110,0.0000265,0.0000001,0.0000000
68111,0.0000265,0.0000001,0.0000000
68112,0.0000265,0.0000001,0.0000000
68113,0.0000265,0.0000001,0.0000000
68114,0.0000265,0.0000001,0.0000000
68115,0.0000265,0.0000001,0.0000000
68116,0.0000265,0.0000001,0.0000000
68117,0.0000265,0.0000001,0.0000000
68118,0.0000265,0.0000001,0.0000000
68119,0.0000265,0.0000001,0.0000000
68120,0.0000265,0.0000001,0.0000000
68121,0.0000265,0.0000001,0.0000000
68122,0.0000265,0.0000001,0.0000000
68123,0.0000265,0.0000001,0.0000000
68124,0.0000264,0.0000001,0.0000000
68125,0.0000264,0.0000001,0.0000000
68126,0.0000264,0.0000001,0.0000000
68127,0.0000264,0.0000001,0.0000000
68128,0.0000264,0.0000001,0.0000000
68129,0.0000264,0.0000001,0.0000000
68130,0.0000264,0.0000001,0.0000000
68131,0.0000264,0.0000001,0.0000000
68132,0.0000264,0.0000001,0.0000000
68133,0.0000264,0.0000001,0.0000000
68134,0.0000264,0.0000001,0.0000000
68135,0.0000264,0.0000001,0.0000000
68136,0.0000264,0.0000001,0.0000000
68137,0.0000264,0.0000001,0.0000000
68138,0.0000264,0.0000001,0.0000000
68139,0.0000264,0.0000001,0.0000000
68140,0.0000264,0.0000001,0.0000000
68141,0.0000264,0.0000001,0.0000000
68142,0.0000264,0.0000001,0.0000000
68143,0.0000264,0.0000001,0.0000000
68144,0.0000264,0.0000001,0.0000000
68145,0.0000264,0.0000001,0.0000000
68146,0.0000264,0.0000001,0.0000000
68147,0.0000264,0.0000001,0.0000000
68148,0.0000264,0.0000001,0.0000000
68149,0.0000264,0.0000001,0.0000000
68150,0.0000264,0.0000001,0.0000000
68151,0.0000264,0.0000001,0.0000000
68152,0.0000264,0.0000001,0.0000000
68153,0.0000264,0.0000001,0.0000000
68154,0.0000264,0.0000001,0.0000000
68155,0.0000264,0.0000001,0.0000000
68156,0.0000264,0.0000001,0.0000000
68157,0.0000264,0.0000001,0.0000000
68158,0.0000264,0.0000001,0.0000000
68159,0.0000264,0.0000001,0.0000000
68160,0.0000264,0.0000001,0.0000000
68161,0.0000264,0.0000001,0.0000000
68162,0.0000264,0.0000001,0.0000000
68163,0.0000264,0.0000001,0.0000000
68164,0.0000264,0.0000001,0.0000000
68165,0.0000264,0.0000001,0.0000000
68166,0.0000264,0.0000001,0.0000000
68167,0.0000264,0.0000001,0.0000000
68168,0.0000264,0.0000001,0.0000000
68169,0.0000264,0.0000001,0.0000000
68170,0.0000264,0.0000001,0.0000000
68171,0.0000264,0.0000001,0.0000000
68172,0.0000264,0.0000001,0.0000000
68173,0.0000264,0.0000001,0.0000000
68174,0.0000264,0.0000001,0.0000000
68175,0.0000264,0.0000001,0.0000000
68176,0.0000264,0.0000001,0.0000000
68177,0.0000264,0.0000001,0.0000000
68178,0.0000264,0.0000001,0.0000000
68179,0.0000264,0.0000001,0.0000000
68180,0.0000264,0.0000001,0.0000000
68181,0.0000264,0.0000001,0.0000000
68182,0.0000264,0.0000001,0.0000000
68183,0.0000264,0.0000001,0.0000000
68184,0.0000264,0.0000001,0.0000000
68185,0.0000264,0.0000001,0.0000000
68186,0.0000264,0.0000001,0.0000000
68187,0.0000264,0.0000001,0.0000000
68188,0.0000264,0.0000001,0.0000000
68189,0.0000264,0.0000001,0.0000000
68190,0.0000264,0.0000001,0.0000000
68191,0.0000264,0.0000001,0.0000000
68192,0.0000264,0.0000001,0.0000000
68193,0.0000264,0.0000001,0.0000000
68194,0.0000264,0.0000001,0.0000000
68195,0.0000264,0.0000001,0.0000000
68196,0.0000264,0.0000001,0.0000000
68197,0.0000264,0.0000001,0.0000000
68198,0.0000264,0.0000001,0.0000000
68199,0.0000264,0.0000001,0.0000000
68200,0.0000264,0.0000001,0.0000000
68201,0.0000264,0.0000001,0.0000000
68202,0.0000264,0.0000001,0.0000000
68203,0.0000264,0.0000001,0.0000000
68204,0.0000264,0.0000001,0.0000000
68205,0.0000264,0.0000001,0.0000000
68206,0.0000264,0.0000001,0.0000000
68207,0.0000264,0.0000001,0.0000000
68208,0.0000264,0.0000001,0.0000000
68209,0.0000263,0.0000001,0.0000000
68210,0.0000263,0.0000001,0.0000000
68211,0.0000263,0.0000001,0.0000000
68212,0.0000263,0.0000001,0.0000000
68213,0.0000263,0.0000001,0.0000000
68214,0.0000263,0.0000001,0.0000000
68215,0.0000263,0.0000001,0.0000000
68216,0.0000263,0.0000001,0.0000000
68217,0.0000263,0.0000001,0.0000000
68218,0.0000263,0.0000001,0.0000000
68219,0.0000263,0.0000001,0.0000000
68220,0.0000263,0.0000001,0.0000000
68221,0.0000263,0.0000001,0.0000000
68222,0.0000263,0.0000001,0.0000000
68223,0.0000263,0.0000001,0.0000000
68224,0.0000263,0.0000001,0.0000000
68225,0.0000263,0.0000001,0.0000000
68226,0.0000263,0.0000001,0.0000000
68227,0.0000263,0.0000001,0.0000000
68228,0.0000263,0.0000001,0.0000000
68229,0.0000263,0.0000001,0.0000000
68230,0.0000263,0.0000001,0.0000000
68231,0.0000263,0.0000001,0.0000000
68232,0.0000263,0.0000001,0.0000000
68233,0.0000263,0.0000001,0.0000000
68234,0.0000263,0.0000001,0.0000000
68235,0.0000263,0.0000001,0.0000000
68236,0.0000263,0.0000001,0.0000000
68237,0.0000263,0.0000001,0.0000000
68238,0.0000263,0.0000001,0.0000000
68239,0.0000263,0.0000001,0.0000000
68240,0.0000263,0.0000001,0.0000000
68241,0.0000263,0.0000001,0.0000000
68242,0.0000263,0.0000001,0.0000000
68243,0.0000263,0.0000001,0.0000000
68244,0.0000263,0.0000001,0.0000000
68245,0.0000263,0.0000001,0.0000000
68246,0.0000263,0.0000001,0.0000000
68247,0.0000263,0.0000001,0.0000000
68248,0.0000263,0.0000001,0.0000000
68249,0.0000263,0.0000001,0.0000000
68250,0.0000263,0.0000001,0.0000000
68251,0.0000263,0.0000001,0.0000000
68252,0.0000263,0.0000001,0.0000000
68253,0.0000263,0.0000001,0.0000000
68254,0.0000263,0.0000001,0.0000000
68255,0.0000263,0.0000001,0.0000000
68256,0.0000263,0.0000001,0.0000000
68257,0.0000263,0.0000001,0.0000000
68258,0.0000263,0.0000001,0.0000000
68259,0.0000263,0.0000001,0.0000000
68260,0.0000263,0.0000001,0.0000000
68261,0.0000263,0.0000001,0.0000000
68262,0.0000263,0.0000001,0.0000000
68263,0.0000263,0.0000001,0.0000000
68264,0.0000263,0.0000001,0.0000000
68265,0.0000263,0.0000001,0.0000000
68266,0.0000263,0.0000001,0.0000000
68267,0.0000263,0.0000001,0.0000000
68268,0.0000263,0.0000001,0.0000000
68269,0.0000263,0.0000001,0.0000000
68270,0.0000263,0.0000001,0.0000000
68271,0.0000263,0.0000001,0.0000000
68272,0.0000263,0.0000001,0.0000000
68273,0.0000263,0.0000001,0.0000000
68274,0.0000263,0.0000001,0.0000000
68275,0.0000263,0.0000001,0.0000000
68276,0.0000263,0.0000001,0.0000000
68277,0.0000263,0.0000001,0.0000000
68278,0.0000263,0.0000001,0.0000000
68279,0.0000263,0.0000001,0.0000000
68280,0.0000263,0.0000001,0.0000000
68281,0.0000263,0.0000001,0.0000000
68282,0.0000263,0.0000001,0.0000000
68283,0.0000263,0.0000001,0.0000000
68284,0.0000263,0.0000001,0.0000000
68285,0.0000263,0.0000001,0.0000000
68286,0.0000263,0.0000001,0.0000000
68287,0.0000263,0.0000001,0.0000000
68288,0.0000263,0.0000001,0.0000000
68289,0.0000263,0.0000001,0.0000000
68290,0.0000263,0.0000001,0.0000000
68291,0.0000263,0.0000001,0.0000000
68292,0.0000263,0.0000001,0.0000000
68293,0.0000262,0.0000001,0.0000000
68294,0.0000262,0.0000001,0.0000000
68295,0.0000262,0.0000001,0.0000000
68296,0.0000262,0.0000001,0.0000000
68297,0.0000262,0.0000001,0.0000000
68298,0.0000262,0.0000001,0.0000000
68299,0.0000262,0.0000001,0.0000000
68300,0.0000262,0.0000001,0.0000000
68301,0.0000262,0.0000001,0.0000000
68302,0.0000262,0.0000001,0.0000000
68303,0.0000262,0.0000001,0.0000000
68304,0.0000262,0.0000001,0.0000000
68305,0.0000262,0.0000001,0.0000000
68306,0.0000262,0.0000001,0.0000000
68307,0.0000262,0.0000001,0.0000000
68308,0.0000262,0.0000001,0.0000000
68309,0.0000262,0.0000001,0.0000000
68310,0.0000262,0.0000001,0.0000000
68311,0.0000262,0.0000001,0.0000000
68312,0.0000262,0.0000001,0.0000000
68313,0.0000262,0.0000001,0.0000000
68314,0.0000262,0.0000001,0.0000000
68315,0.0000262,0.0000001,0.0000000
68316,0.0000262,0.0000001,0.0000000
68317,0.0000262,0.0000001,0.0000000
68318,0.0000262,0.0000001,0.0000000
68319,0.0000262,0.0000001,0.0000000
68320,0.0000262,0.0000001,0.0000000
68321,0.0000262,0.0000001,0.0000000
68322,0.0000262,0.0000001,0.0000000
68323,0.0000262,0.0000001,0.0000000
68324,0.0000262,0.0000001,0.0000000
68325,0.0000262,0.0000001,0.0000000
68326,0.0000262,0.0000001,0.0000000
68327,0.0000262,0.0000001,0.0000000
68328,0.0000262,0.0000001,0.0000000
68329,0.0000262,0.0000001,0.0000000
68330,0.0000262,0.0000001,0.0000000
68331,0.0000262,0.0000001,0.0000000
68332,0.0000262,0.0000001,0.0000000
68333,0.0000262,0.0000001,0.0000000
68334,0.0000262,0.0000001,0.0000000
68335,0.0000262,0.0000001,0.0000000
68336,0.0000262,0.0000001,0.0000000
68337,0.0000262,0.0000001,0.0000000
68338,0.0000262,0.0000001,0.0000000
68339,0.0000262,0.0000001,0.0000000
68340,0.0000262,0.0000001,0.0000000
68341,0.0000262,0.0000001,0.0000000
68342,0.0000262,0.0000001,0.0000000
68343,0.0000262,0.0000001,0.0000000
68344,0.0000262,0.0000001,0.0000000
68345,0.0000262,0.0000001,0.0000000
68346,0.0000262,0.0000001,0.0000000
68347,0.0000262,0.0000001,0.0000000
68348,0.0000262,0.0000001,0.0000000
68349,0.0000262,0.0000001,0.0000000
68350,0.0000262,0.0000001,0.0000000
68351,0.0000262,0.0000001,0.0000000
68352,0.0000262,0.0000001,0.0000000
68353,0.0000262,0.0000001,0.0000000
68354,0.0000262,0.0000001,0.0000000
68355,0.0000262,0.0000001,0.0000000
68356,0.0000262,0.0000001,0.0000000
68357,0.0000262,0.0000001,0.0000000
68358,0.0000262,0.0000001,0.0000000
68359,0.0000262,0.0000001,0.0000000
68360,0.0000262,0.0000001,0.0000000
68361,0.0000262,0.0000001,0.0000000
68362,0.0000262,0.0000001,0.0000000
68363,0.0000262,0.0000001,0.0000000
68364,0.0000262,0.0000001,0.0000000
68365,0.0000262,0.0000001,0.0000000
68366,0.0000262,0.0000001,0.0000000
68367,0.0000262,0.0000001,0.0000000
68368,0.0000262,0.0000001,0.0000000
68369,0.0000262,0.0000001,0.0000000
68370,0.0000262,0.0000001,0.0000000
68371,0.0000262,0.0000001,0.0000000
68372,0.0000262,0.0000001,0.0000000
68373,0.0000262,0.0000001,0.0000000
68374,0.0000262,0.0000001,0.0000000
68375,0.0000262,0.0000001,0.0000000
68376,0.0000262,0.0000001,0.0000000
68377,0.0000262,0.0000001,0.0000000
68378,0.0000261,0.0000001,0.0000000
68379,0.0000261,0.0000001,0.0000000
68380,0.0000261,0.0000001,0.0000000
68381,0.0000261,0.0000001,0.0000000
68382,0.0000261,0.0000001,0.0000000
68383,0.0000261,0.0000001,0.0000000
68384,0.0000261,0.0000001,0.0000000
68385,0.0000261,0.0000001,0.0000000
68386,0.0000261,0.0000001,0.0000000
68387,0.0000261,0.0000001,0.0000000
68388,0.0000261,0.0000001,0.0000000
68389,0.0000261,0.0000001,0.0000000
68390,0.0000261,0.0000001,0.0000000
68391,0.0000261,0.0000001,0.0000000
68392,0.0000261,0.0000001,0.0000000
68393,0.0000261,0.0000001,0.0000000
68394,0.0000261,0.0000001,0.0000000
68395,0.0000261,0.0000001,0.0000000
68396,0.0000261,0.0000001,0.0000000
68397,0.0000261,0.0000001,0.0000000
68398,0.0000261,0.0000001,0.0000000
68399,0.0000261,0.0000001,0.0000000
68400,0.0000261,0.0000001,0.0000000
68401,0.0000261,0.0000001,0.0000000
68402,0.0000261,0.0000001,0.0000000
68403,0.0000261,0.0000001,0.0000000
68404,0.0000261,0.0000001,0.0000000
68405,0.0000261,0.0000001,0.0000000
68406,0.0000261,0.0000001,0.0000000
68407,0.0000261,0.0000001,0.0000000
68408,0.0000261,0.0000001,0.0000000
68409,0.0000261,0.0000001,0.0000000
68410,0.0000261,0.0000001,0.0000000
68411,0.0000261,0.0000001,0.0000000
68412,0.0000261,0.0000001,0.0000000
68413,0.0000261,0.0000001,0.0000000
68414,0.0000261,0.0000001,0.0000000
68415,0.0000261,0.0000001,0.0000000
68416,0.0000261,0.0000001,0.0000000
68417,0.0000261,0.0000001,0.0000000
68418,0.0000261,0.0000001,0.0000000
68419,0.0000261,0.0000001,0.0000000
68420,0.0000261,0.0000001,0.0000000
68421,0.0000261,0.0000001,0.0000000
68422,0.0000261,0.0000001,0.0000000
68423,0.0000261,0.0000001,0.0000000
68424,0.0000261,0.0000001,0.0000000
68425,0.0000261,0.0000001,0.0000000
68426,0.0000261,0.0000001,0.0000000
68427,0.0000261,0.0000001,0.0000000
68428,0.0000261,0.0000001,0.0000000
68429,0.0000261,0.0000001,0.0000000
68430,0.0000261,0.0000001,0.0000000
68431,0.0000261,0.0000001,0.0000000
68432,0.0000261,0.0000001,0.0000000
68433,0.0000261,0.0000001,0.0000000
68434,0.0000261,0.0000001,0.0000000
68435,0.0000261,0.0000001,0.0000000
68436,0.0000261,0.0000001,0.0000000
68437,0.0000261,0.0000001,0.0000000
68438,0.0000261,0.0000001,0.0000000
68439,0.0000261,0.0000001,0.0000000
68440,0.0000261,0.0000001,0.0000000
68441,0.0000261,0.0000001,0.0000000
68442,0.0000261,0.0000001,0.0000000
68443,0.0000261,0.0000001,0.0000000
68444,0.0000261,0.0000001,0.0000000
68445,0.0000261,0.0000001,0.0000000
68446,0.0000261,0.0000001,0.0000000
68447,0.0000261,0.0000001,0.0000000
68448,0.0000261,0.0000001,0.0000000
68449,0.0000261,0.0000001,0.0000000
68450,0.0000261,0.0000001,0.0000000
68451,0.0000261,0.0000001,0.0000000
68452,0.0000261,0.0000001,0.0000000
68453,0.0000261,0.0000001,0.0000000
68454,0.0000261,0.0000001,0.0000000
68455,0.0000261,0.0000001,0.0000000
68456,0.0000261,0.0000001,0.0000000
68457,0.0000261,0.0000001,0.0000000
68458,0.0000261,0.0000001,0.0000000
68459,0.0000261,0.0000001,0.0000000
68460,0.0000261,0.0000001,0.0000000
68461,0.0000261,0.0000001,0.0000000
68462,0.0000261,0.0000001,0.0000000
68463,0.0000261,0.0000001,0.0000000
68464,0.0000260,0.0000001,0.0000000
68465,0.0000260,0.0000001,0.0000000
68466,0.0000260,0.0000001,0.0000000
68467,0.0000260,0.0000001,0.0000000
68468,0.0000260,0.0000001,0.0000000
68469,0.0000260,0.0000001,0.0000000
68470,0.0000260,0.0000001,0.0000000
68471,0.0000260,0.0000001,0.0000000
68472,0.0000260,0.0000001,0.0000000
68473,0.0000260,0.0000001,0.0000000
68474,0.0000260,0.0000001,0.0000000
68475,0.0000260,0.0000001,0.0000000
68476,0.0000260,0.0000001,0.0000000
68477,0.0000260,0.0000001,0.0000000
68478,0.0000260,0.0000001,0.0000000
68479,0.0000260,0.0000001,0.0000000
68480,0.0000260,0.0000001,0.0000000
68481,0.0000260,0.0000001,0.0000000
68482,0.0000260,0.0000001,0.0000000
68483,0.0000260,0.0000001,0.0000000
68484,0.0000260,0.0000001,0.0000000
68485,0.0000260,0.0000001,0.0000000
68486,0.0000260,0.0000001,0.0000000
68487,0.0000260,0.0000001,0.0000000
68488,0.0000260,0.0000001,0.0000000
68489,0.0000260,0.0000001,0.0000000
68490,0.0000260,0.0000001,0.0000000
68491,0.0000260,0.0000001,0.0000000
68492,0.0000260,0.0000001,0.0000000
68493,0.0000260,0.0000001,0.0000000
68494,0.0000260,0.0000001,0.0000000
68495,0.0000260,0.0000001,0.0000000
68496,0.0000260,0.0000001,0.0000000
68497,0.0000260,0.0000001,0.0000000
68498,0.0000260,0.0000001,0.0000000
68499,0.0000260,0.0000001,0.0000000
68500,0.0000260,0.0000001,0.0000000
68501,0.0000260,0.0000001,0.0000000
68502,0.0000260,0.0000001,0.0000000
68503,0.0000260,0.0000001,0.0000000
68504,0.0000260,0.0000001,0.0000000
68505,0.0000260,0.0000001,0.0000000
68506,0.0000260,0.0000001,0.0000000
68507,0.0000260,0.0000001,0.0000000
68508,0.0000260,0.0000001,0.0000000
68509,0.0000260,0.0000001,0.0000000
68510,0.0000260,0.0000001,0.0000000
68511,0.0000260,0.0000001,0.0000000
68512,0.0000260,0.0000001,0.0000000
68513,0.0000260,0.0000001,0.0000000
68514,0.0000260,0.0000001,0.0000000
68515,0.0000260,0.0000001,0.0000000
68516,0.0000260,0.0000001,0.0000000
68517,0.0000260,0.0000001,0.0000000
68518,0.0000260,0.0000001,0.0000000
68519,0.0000260,0.0000001,0.0000000
68520,0.0000260,0.0000001,0.0000000
68521,0.0000260,0.0000001,0.0000000
68522,0.0000260,0.0000001,0.0000000
68523,0.0000260,0.0000001,0.0000000
68524,0.0000260,0.0000001,0.0000000
68525,0.0000260,0.0000001,0.0000000
68526,0.0000260,0.0000001,0.0000000
68527,0.0000260,0.0000001,0.0000000
68528,0.0000260,0.0000001,0.0000000
68529,0.0000260,0.0000001,0.0000000
68530,0.0000260,0.0000001,0.0000000
68531,0.0000260,0.0000001,0.0000000
68532,0.0000260,0.0000001,0.0000000
68533,0.0000260,0.0000001,0.0000000
68534,0.0000260,0.0000001,0.0000000
68535,0.0000260,0.0000001,0.0000000
68536,0.0000260,0.0000001,0.0000000
68537,0.0000260,0.0000001,0.0000000
68538,0.0000260,0.0000001,0.0000000
68539,0.0000260,0.0000001,0.0000000
68540,0.0000260,0.0000001,0.0000000
68541,0.0000260,0.0000001,0.0000000
68542,0.0000260,0.0000001,0.0000000
68543,0.0000260,0.0000001,0.0000000
68544,0.0000260,0.0000001,0.0000000
68545,0.0000260,0.0000001,0.0000000
68546,0.0000260,0.0000001,0.0000000
68547,0.0000260,0.0000001,0.0000000
68548,0.0000260,0.0000001,0.0000000
68549,0.0000260,0.0000001,0.0000000
68550,0.0000259,0.0000001,0.0000000
68551,0.0000259,0.0000001,0.0000000
68552,0.0000259,0.0000001,0.0000000
68553,0.0000259,0.0000001,0.0000000
68554,0.0000259,0.0000001,0.0000000
68555,0.0000259,0.0000001,0.0000000
68556,0.0000259,0.0000001,0.0000000
68557,0.0000259,0.0000001,0.0000000
68558,0.0000259,0.0000001,0.0000000
68559,0.0000259,0.0000001,0.0000000
68560,0.0000259,0.0000001,0.0000000
68561,0.0000259,0.0000001,0.0000000
68562,0.0000259,0.0000001,0.0000000
68563,0.0000259,0.0000001,0.0000000
68564,0.0000259,0.0000001,0.0000000
68565,0.0000259,0.0000001,0.0000000
68566,0.0000259,0.0000001,0.0000000
68567,0.0000259,0.0000001,0.0000000
68568,0.0000259,0.0000001,0.0000000
68569,0.0000259,0.0000001,0.0000000
68570,0.0000259,0.0000001,0.0000000
68571,0.0000259,0.0000001,0.0000000
68572,0.0000259,0.0000001,0.0000000
68573,0.0000259,0.0000001,0.0000000
68574,0.0000259,0.0000001,0.0000000
68575,0.0000259,0.0000001,0.0000000
68576,0.0000259,0.0000001,0.0000000
68577,0.0000259,0.0000001,0.0000000
68578,0.0000259,0.0000001,0.0000000
68579,0.0000259,0.0000001,0.0000000
68580,0.0000259,0.0000001,0.0000000
68581,0.0000259,0.0000001,0.0000000
68582,0.0000259,0.0000001,0.0000000
68583,0.0000259,0.0000001,0.0000000
68584,0.0000259,0.0000001,0.0000000
68585,0.0000259,0.0000001,0.0000000
68586,0.0000259,0.0000001,0.0000000
68587,0.0000259,0.0000001,0.0000000
68588,0.0000259,0.0000001,0.0000000
68589,0.0000259,0.0000001,0.0000000
68590,0.0000259,0.0000001,0.0000000
68591,0.0000259,0.0000001,0.0000000
68592,0.0000259,0.0000001,0.0000000
68593,0.0000259,0.0000001,0.0000000
68594,0.0000259,0.0000001,0.0000000
68595,0.0000259,0.0000001,0.0000000
68596,0.0000259,0.0000001,0.0000000
68597,0.0000259,0.0000001,0.0000000
68598,0.0000259,0.0000001,0.0000000
68599,0.0000259,0.0000001,0.0000000
68600,0.0000259,0.0000001,0.0000000
68601,0.0000259,0.0000001,0.0000000
68602,0.0000259,0.0000001,0.0000000
68603,0.0000259,0.0000001,0.0000000
68604,0.0000259,0.0000001,0.0000000
68605,0.0000259,0.0000001,0.0000000
68606,0.0000259,0.0000001,0.0000000
68607,0.0000259,0.0000001,0.0000000
68608,0.0000259,0.0000001,0.0000000
68609,0.0000259,0.0000001,0.0000000
68610,0.0000259,0.0000001,0.0000000
68611,0.0000259,0.0000001,0.0000000
68612,0.0000259,0.0000001,0.0000000
68613,0.0000259,0.0000001,0.0000000
68614,0.0000259,0.0000001,0.0000000
68615,0.0000259,0.0000001,0.0000000
68616,0.0000259,0.0000001,0.0000000
68617,0.0000259,0.0000001,0.0000000
68618,0.0000259,0.0000001,0.0000000
68619,0.0000259,0.0000001,0.0000000
68620,0.0000259,0.0000001,0.0000000
68621,0.0000259,0.0000001,0.0000000
68622,0.0000259,0.0000001,0.0000000
68623,0.0000259,0.0000001,0.0000000
68624,0.0000259,0.0000001,0.0000000
68625,0.0000259,0.0000001,0.0000000
68626,0.0000259,0.0000001,0.0000000
68627,0.0000259,0.0000001,0.0000000
68628,0.0000259,0.0000001,0.0000000
68629,0.0000259,0.0000001,0.0000000
68630,0.0000259,0.0000001,0.0000000
68631,0.0000259,0.0000001,0.0000000
68632,0.0000259,0.0000001,0.0000000
68633,0.0000259,0.0000001,0.0000000
68634,0.0000259,0.0000001,0.0000000
68635,0.0000259,0.0000001,0.0000000
68636,0.0000258,0.0000001,0.0000000
68637,0.0000258,0.0000001,0.0000000
68638,0.0000258,0.0000001,0.0000000
68639,0.0000258,0.0000001,0.0000000
68640,0.0000258,0.0000001,0.0000000
68641,0.0000258,0.0000001,0.0000000
68642,0.0000258,0.0000001,0.0000000
68643,0.0000258,0.0000001,0.0000000
68644,0.0000258,0.0000001,0.0000000
68645,0.0000258,0.0000001,0.0000000
68646,0.0000258,0.0000001,0.0000000
68647,0.0000258,0.0000001,0.0000000
68648,0.0000258,0.0000001,0.0000000
68649,0.0000258,0.0000001,0.0000000
68650,0.0000258,0.0000001,0.0000000
68651,0.0000258,0.0000001,0.0000000
68652,0.0000258,0.0000001,0.0000000
68653,0.0000258,0.0000001,0.0000000
68654,0.0000258,0.0000001,0.0000000
68655,0.0000258,0.0000001,0.0000000
68656,0.0000258,0.0000001,0.0000000
68657,0.0000258,0.0000001,0.0000000
68658,0.0000258,0.0000001,0.0000000
68659,0.0000258,0.0000001,0.0000000
68660,0.0000258,0.0000001,0.0000000
68661,0.0000258,0.0000001,0.0000000
68662,0.0000258,0.0000001,0.0000000
68663,0.0000258,0.0000001,0.0000000
68664,0.0000258,0.0000001,0.0000000
68665,0.0000258,0.0000001,0.0000000
68666,0.0000258,0.0000001,0.0000000
68667,0.0000258,0.0000001,0.0000000
68668,0.0000258,0.0000001,0.0000000
68669,0.0000258,0.0000001,0.0000000
68670,0.0000258,0.0000001,0.0000000
68671,0.0000258,0.0000001,0.0000000
68672,0.0000258,0.0000001,0.0000000
68673,0.0000258,0.0000001,0.0000000
68674,0.0000258,0.0000001,0.0000000
68675,0.0000258,0.0000001,0.0000000
68676,0.0000258,0.0000001,0.0000000
68677,0.0000258,0.0000001,0.0000000
68678,0.0000258,0.0000001,0.0000000
68679,0.0000258,0.0000001,0.0000000
68680,0.0000258,0.0000001,0.0000000
68681,0.0000258,0.0000001,0.0000000
68682,0.0000258,0.0000001,0.0000000
68683,0.0000258,0.0000001,0.0000000
68684,0.0000258,0.0000001,0.0000000
68685,0.0000258,0.0000001,0.0000000
68686,0.0000258,0.0000001,0.0000000
68687,0.0000258,0.0000001,0.0000000
68688,0.0000258,0.0000001,0.0000000
68689,0.0000258,0.0000001,0.0000000
68690,0.0000258,0.0000001,0.0000000
68691,0.0000258,0.0000001,0.0000000
68692,0.0000258,0.0000001,0.0000000
68693,0.0000258,0.0000001,0.0000000
68694,0.0000258,0.0000001,0.0000000
68695,0.0000258,0.0000001,0.0000000
68696,0.0000258,0.0000001,0.0000000
68697,0.0000258,0.0000001,0.0000000
68698,0.0000258,0.0000001,0.0000000
68699,0.0000258,0.0000001,0.0000000
68700,0.0000258,0.0000001,0.0000000
68701,0.0000258,0.0000001,0.0000000
68702,0.0000258,0.0000001,0.0000000
68703,0.0000258,0.0000001,0.0000000
68704,0.0000258,0.0000001,0.0000000
68705,0.0000258,0.0000001,0.0000000
68706,0.0000258,0.0000001,0.0000000
68707,0.0000258,0.0000001,0.0000000
68708,0.0000258,0.0000001,0.0000000
68709,0.0000258,0.0000001,0.0000000
68710,0.0000258,0.0000001,0.0000000
68711,0.0000258,0.0000001,0.0000000
68712,0.0000258,0.0000001,0.0000000
68713,0.0000258,0.0000001,0.0000000
68714,0.0000258,0.0000001,0.0000000
68715,0.0000258,0.0000001,0.0000000
68716,0.0000258,0.0000001,0.0000000
68717,0.0000258,0.0000001,0.0000000
68718,0.0000258,0.0000001,0.0000000
68719,0.0000258,0.0000001,0.0000000
68720,0.0000258,0.0000001,0.0000000
68721,0.0000258,0.0000001,0.0000000
68722,0.0000257,0.0000001,0.0000000
68723,0.0000257,0.0000001,0.0000000
68724,0.0000257,0.0000001,0.0000000
68725,0.0000257,0.0000001,0.0000000
68726,0.0000257,0.0000001,0.0000000
68727,0.0000257,0.0000001,0.0000000
68728,0.0000257,0.0000001,0.0000000
68729,0.0000257,0.0000001,0.0000000
68730,0.0000257,0.0000001,0.0000000
68731,0.0000257,0.0000001,0.0000000
68732,0.0000257,0.0000001,0.0000000
68733,0.0000257,0.0000001,0.0000000
68734,0.0000257,0.0000001,0.0000000
68735,0.0000257,0.0000001,0.0000000
68736,0.0000257,0.0000001,0.0000000
68737,0.0000257,0.0000001,0.0000000
68738,0.0000257,0.0000001,0.0000000
68739,0.0000257,0.0000001,0.0000000
68740,0.0000257,0.0000001,0.0000000
68741,0.0000257,0.0000001,0.0000000
68742,0.0000257,0.0000001,0.0000000
68743,0.0000257,0.0000001,0.0000000
68744,0.0000257,0.0000001,0.0000000
68745,0.0000257,0.0000001,0.0000000
68746,0.0000257,0.0000001,0.0000000
68747,0.0000257,0.0000001,0.0000000
68748,0.0000257,0.0000001,0.0000000
68749,0.0000257,0.0000001,0.0000000
68750,0.0000257,0.0000001,0.0000000
68751,0.0000257,0.0000001,0.0000000
68752,0.0000257,0.0000001,0.0000000
68753,0.0000257,0.0000001,0.0000000
68754,0.0000257,0.0000001,0.0000000
68755,0.0000257,0.0000001,0.0000000
68756,0.0000257,0.0000001,0.0000000
68757,0.0000257,0.0000001,0.0000000
68758,0.0000257,0.0000001,0.0000000
68759,0.0000257,0.0000001,0.0000000
68760,0.0000257,0.0000001,0.0000000
68761,0.0000257,0.0000001,0.0000000
68762,0.0000257,0.0000001,0.0000000
68763,0.0000257,0.0000001,0.0000000
68764,0.0000257,0.0000001,0.0000000
68765,0.0000257,0.0000001,0.0000000
68766,0.0000257,0.0000001,0.0000000
68767,0.0000257,0.0000001,0.0000000
68768,0.0000257,0.0000001,0.0000000
68769,0.0000257,0.0000001,0.0000000
68770,0.0000257,0.0000001,0.0000000
68771,0.0000257,0.0000001,0.0000000
68772,0.0000257,0.0000001,0.0000000
68773,0.0000257,0.0000001,0.0000000
68774,0.0000257,0.0000001,0.0000000
68775,0.0000257,0.0000001,0.0000000
68776,0.0000257,0.0000001,0.0000000
68777,0.0000257,0.0000001,0.0000000
68778,0.0000257,0.0000001,0.0000000
68779,0.0000257,0.0000001,0.0000000
68780,0.0000257,0.0000001,0.0000000
68781,0.0000257,0.0000001,0.0000000
68782,0.0000257,0.0000001,0.0000000
68783,0.0000257,0.0000001,0.0000000
68784,0.0000257,0.0000001,0.0000000
68785,0.0000257,0.0000001,0.0000000
68786,0.0000257,0.0000001,0.0000000
68787,0.0000257,0.0000001,0.0000000
68788,0.0000257,0.0000001,0.0000000
68789,0.0000257,0.0000001,0.0000000
68790,0.0000257,0.0000001,0.0000000
68791,0.0000257,0.0000001,0.0000000
68792,0.0000257,0.0000001,0.0000000
68793,0.0000257,0.0000001,0.0000000
68794,0.0000257,0.0000001,0.0000000
68795,0.0000257,0.0000001,0.0000000
68796,0.0000257,0.0000001,0.0000000
68797,0.0000257,0.0000001,0.0000000
68798,0.0000257,0.0000001,0.0000000
68799,0.0000257,0.0000001,0.0000000
68800,0.0000257,0.0000001,0.0000000
68801,0.0000257,0.0000001,0.0000000
68802,0.0000257,0.0000001,0.0000000
68803,0.0000257,0.0000001,0.0000000
68804,0.0000257,0.0000001,0.0000000
68805,0.0000257,0.0000001,0.0000000
68806,0.0000257,0.0000001,0.0000000
68807,0.0000257,0.0000001,0.0000000
68808,0.0000257,0.0000001,0.0000000
68809,0.0000256,0.0000001,0.0000000
68810,0.0000256,0.0000001,0.0000000
68811,0.0000256,0.0000001,0.0000000
68812,0.0000256,0.0000001,0.0000000
68813,0.0000256,0.0000001,0.0000000
68814,0.0000256,0.0000001,0.0000000
68815,0.0000256,0.0000001,0.0000000
68816,0.0000256,0.0000001,0.0000000
68817,0.0000256,0.0000001,0.0000000
68818,0.0000256,0.0000001,0.0000000
68819,0.0000256,0.0000001,0.0000000
68820,0.0000256,0.0000001,0.0000000
68821,0.0000256,0.0000001,0.0000000
68822,0.0000256,0.0000001,0.0000000
68823,0.0000256,0.0000001,0.0000000
68824,0.0000256,0.0000001,0.0000000
68825,0.0000256,0.0000001,0.0000000
68826,0.0000256,0.0000001,0.0000000
68827,0.0000256,0.0000001,0.0000000
68828,0.0000256,0.0000001,0.0000000
68829,0.0000256,0.0000001,0.0000000
68830,0.0000256,0.0000001,0.0000000
68831,0.0000256,0.0000001,0.0000000
68832,0.0000256,0.0000001,0.0000000
68833,0.0000256,0.0000001,0.0000000
68834,0.0000256,0.0000001,0.0000000
68835,0.0000256,0.0000001,0.0000000
68836,0.0000256,0.0000001,0.0000000
68837,0.0000256,0.0000001,0.0000000
68838,0.0000256,0.0000001,0.0000000
68839,0.0000256,0.0000001,0.0000000
68840,0.0000256,0.0000001,0.0000000
68841,0.0000256,0.0000001,0.0000000
68842,0.0000256,0.0000001,0.0000000
68843,0.0000256,0.0000001,0.0000000
68844,0.0000256,0.0000001,0.0000000
68845,0.0000256,0.0000001,0.0000000
68846,0.0000256,0.0000001,0.0000000
68847,0.0000256,0.0000001,0.0000000
68848,0.0000256,0.0000001,0.0000000
68849,0.0000256,0.0000001,0.0000000
68850,0.0000256,0.0000001,0.0000000
68851,0.0000256,0.0000001,0.0000000
68852,0.0000256,0.0000001,0.0000000
68853,0.0000256,0.0000001,0.0000000
68854,0.0000256,0.0000001,0.0000000
68855,0.0000256,0.0000001,0.0000000
68856,0.0000256,0.0000001,0.0000000
68857,0.0000256,0.0000001,0.0000000
68858,0.0000256,0.0000001,0.0000000
68859,0.0000256,0.0000001,0.0000000
68860,0.0000256,0.0000001,0.0000000
68861,0.0000256,0.0000001,0.0000000
68862,0.0000256,0.0000001,0.0000000
68863,0.0000256,0.0000001,0.0000000
68864,0.0000256,0.0000001,0.0000000
68865,0.0000256,0.0000001,0.0000000
68866,0.0000256,0.0000001,0.0000000
68867,0.0000256,0.0000001,0.0000000
68868,0.0000256,0.0000001,0.0000000
68869,0.0000256,0.0000001,0.0000000
68870,0.0000256,0.0000001,0.0000000
68871,0.0000256,0.0000001,0.0000000
68872,0.0000256,0.0000001,0.0000000
68873,0.0000256,0.0000001,0.0000000
68874,0.0000256,0.0000001,0.0000000
68875,0.0000256,0.0000001,0.0000000
68876,0.0000256,0.0000001,0.0000000
68877,0.0000256,0.0000001,0.0000000
68878,0.0000256,0.0000001,0.0000000
68879,0.0000256,0.0000001,0.0000000
68880,0.0000256,0.0000001,0.0000000
68881,0.0000256,0.0000001,0.0000000
68882,0.0000256,0.0000001,0.0000000
68883,0.0000256,0.0000001,0.0000000
68884,0.0000256,0.0000001,0.0000000
68885,0.0000256,0.0000001,0.0000000
68886,0.0000256,0.0000001,0.0000000
68887,0.0000256,0.0000001,0.0000000
68888,0.0000256,0.0000001,0.0000000
68889,0.0000256,0.0000001,0.0000000
68890,0.0000256,0.0000001,0.0000000
68891,0.0000256,0.0000001,0.0000000
68892,0.0000256,0.0000001,0.0000000
68893,0.0000256,0.0000001,0.0000000
68894,0.0000256,0.0000001,0.0000000
68895,0.0000256,0.0000001,0.0000000
68896,0.0000255,0.0000001,0.0000000
68897,0.0000255,0.0000001,0.0000000
68898,0.0000255,0.0000001,0.0000000
68899,0.0000255,0.0000001,0.0000000
68900,0.0000255,0.0000001,0.0000000
68901,0.0000255,0.0000001,0.0000000
68902,0.0000255,0.0000001,0.0000000
68903,0.0000255,0.0000001,0.0000000
68904,0.0000255,0.0000001,0.0000000
68905,0.0000255,0.0000001,0.0000000
68906,0.0000255,0.0000001,0.0000000
68907,0.0000255,0.0000001,0.0000000
68908,0.0000255,0.0000001,0.0000000
68909,0.0000255,0.0000001,0.0000000
68910,0.0000255,0.0000001,0.0000000
68911,0.0000255,0.0000001,0.0000000
68912,0.0000255,0.0000001,0.0000000
68913,0.0000255,0.0000001,0.0000000
68914,0.0000255,0.0000001,0.0000000
68915,0.0000255,0.0000001,0.0000000
68916,0.0000255,0.0000001,0.0000000
68917,0.0000255,0.0000001,0.0000000
68918,0.0000255,0.0000001,0.0000000
68919,0.0000255,0.0000001,0.0000000
68920,0.0000255,0.0000001,0.0000000
68921,0.0000255,0.0000001,0.0000000
68922,0.0000255,0.0000001,0.0000000
68923,0.0000255,0.0000001,0.0000000
68924,0.0000255,0.0000001,0.0000000
68925,0.0000255,0.0000001,0.0000000
68926,0.0000255,0.0000001,0.0000000
68927,0.0000255,0.0000001,0.0000000
68928,0.0000255,0.0000001,0.0000000
68929,0.0000255,0.0000001,0.0000000
68930,0.0000255,0.0000001,0.0000000
68931,0.0000255,0.0000001,0.0000000
68932,0.0000255,0.0000001,0.0000000
68933,0.0000255,0.0000001,0.0000000
68934,0.0000255,0.0000001,0.0000000
68935,0.0000255,0.0000001,0.0000000
68936,0.0000255,0.0000001,0.0000000
68937,0.0000255,0.0000001,0.0000000
68938,0.0000255,0.0000001,0.0000000
68939,0.0000255,0.0000001,0.0000000
68940,0.0000255,0.0000001,0.0000000
68941,0.0000255,0.0000001,0.0000000
68942,0.0000255,0.0000001,0.0000000
68943,0.0000255,0.0000001,0.0000000
68944,0.0000255,0.0000001,0.0000000
68945,0.0000255,0.0000001,0.0000000
68946,0.0000255,0.0000001,0.0000000
68947,0.0000255,0.0000001,0.0000000
68948,0.0000255,0.0000001,0.0000000
68949,0.0000255,0.0000001,0.0000000
68950,0.0000255,0.0000001,0.0000000
68951,0.0000255,0.0000001,0.0000000
68952,0.0000255,0.0000001,0.0000000
68953,0.0000255,0.0000001,0.0000000
68954,0.0000255,0.0000001,0.0000000
68955,0.0000255,0.0000001,0.0000000
68956,0.0000255,0.0000001,0.0000000
68957,0.0000255,0.0000001,0.0000000
68958,0.0000255,0.0000001,0.0000000
68959,0.0000255,0.0000001,0.0000000
68960,0.0000255,0.0000001,0.0000000
68961,0.0000255,0.0000001,0.0000000
68962,0.0000255,0.0000001,0.0000000
68963,0.0000255,0.0000001,0.0000000
68964,0.0000255,0.0000001,0.0000000
68965,0.0000255,0.0000001,0.0000000
68966,0.0000255,0.0000001,0.0000000
68967,0.0000255,0.0000001,0.0000000
68968,0.0000255,0.0000001,0.0000000
68969,0.0000255,0.0000001,0.0000000
68970,0.0000255,0.0000001,0.0000000
68971,0.0000255,0.0000001,0.0000000
68972,0.0000255,0.0000001,0.0000000
68973,0.0000255,0.0000001,0.0000000
68974,0.0000255,0.0000001,0.0000000
68975,0.0000255,0.0000001,0.0000000
68976,0.0000255,0.0000001,0.0000000
68977,0.0000255,0.0000001,0.0000000
68978,0.0000255,0.0000001,0.0000000
68979,0.0000255,0.0000001,0.0000000
68980,0.0000255,0.0000001,0.0000000
68981,0.0000255,0.0000001,0.0000000
68982,0.0000255,0.0000001,0.0000000
68983,0.0000254,0.0000001,0.0000000
68984,0.0000254,0.0000001,0.0000000
68985,0.0000254,0.0000001,0.0000000
68986,0.0000254,0.0000001,0.0000000
68987,0.0000254,0.0000001,0.0000000
68988,0.0000254,0.0000001,0.0000000
68989,0.0000254,0.0000001,0.0000000
68990,0.0000254,0.0000001,0.0000000
68991,0.0000254,0.0000001,0.0000000
68992,0.0000254,0.0000001,0.0000000
68993,0.0000254,0.0000001,0.0000000
68994,0.0000254,0.0000001,0.0000000
68995,0.0000254,0.0000001,0.0000000
68996,0.0000254,0.0000001,0.0000000
68997,0.0000254,0.0000001,0.0000000
68998,0.0000254,0.0000001,0.0000000
68999,0.0000254,0.0000001,0.0000000
69000,0.0000254,0.0000001,0.0000000
69001,0.0000254,0.0000001,0.0000000
69002,0.0000254,0.0000001,0.0000000
69003,0.0000254,0.0000001,0.0000000
69004,0.0000254,0.0000001,0.0000000
69005,0.0000254,0.0000001,0.0000000
69006,0.0000254,0.0000001,0.0000000
69007,0.0000254,0.0000001,0.0000000
69008,0.0000254,0.0000001,0.0000000
69009,0.0000254,0.0000001,0.0000000
69010,0.0000254,0.0000001,0.0000000
69011,0.0000254,0.0000001,0.0000000
69012,0.0000254,0.0000001,0.0000000
69013,0.0000254,0.0000001,0.0000000
69014,0.0000254,0.0000001,0.0000000
69015,0.0000254,0.0000001,0.0000000
69016,0.0000254,0.0000001,0.0000000
69017,0.0000254,0.0000001,0.0000000
69018,0.0000254,0.0000001,0.0000000
69019,0.0000254,0.0000001,0.0000000
69020,0.0000254,0.0000001,0.0000000
69021,0.0000254,0.0000001,0.0000000
69022,0.0000254,0.0000001,0.0000000
69023,0.0000254,0.0000001,0.0000000
69024,0.0000254,0.0000001,0.0000000
69025,0.0000254,0.0000001,0.0000000
69026,0.0000254,0.0000001,0.0000000
69027,0.0000254,0.0000001,0.0000000
69028,0.0000254,0.0000001,0.0000000
69029,0.0000254,0.0000001,0.0000000
69030,0.0000254,0.0000001,0.0000000
69031,0.0000254,0.0000001,0.0000000
69032,0.0000254,0.0000001,0.0000000
69033,0.0000254,0.0000001,0.0000000
69034,0.0000254,0.0000001,0.0000000
69035,0.0000254,0.0000001,0.0000000
69036,0.0000254,0.0000001,0.0000000
69037,0.0000254,0.0000001,0.0000000
69038,0.0000254,0.0000001,0.0000000
69039,0.0000254,0.0000001,0.0000000
69040,0.0000254,0.0000001,0.0000000
69041,0.0000254,0.0000001,0.0000000
69042,0.0000254,0.0000001,0.0000000
69043,0.0000254,0.0000001,0.0000000
69044,0.0000254,0.0000001,0.0000000
69045,0.0000254,0.0000001,0.0000000
69046,0.0000254,0.0000001,0.0000000
69047,0.0000254,0.0000001,0.0000000
69048,0.0000254,0.0000001,0.0000000
69049,0.0000254,0.0000001,0.0000000
69050,0.0000254,0.0000001,0.0000000
69051,0.0000254,0.0000001,0.0000000
69052,0.0000254,0.0000001,0.0000000
69053,0.0000254,0.0000001,0.0000000
69054,0.0000254,0.0000001,0.0000000
69055,0.0000254,0.0000001,0.0000000
69056,0.0000254,0.0000001,0.0000000
69057,0.0000254,0.0000001,0.0000000
69058,0.0000254,0.0000001,0.0000000
69059,0.0000254,0.0000001,0.0000000
69060,0.0000254,0.0000001,0.0000000
69061,0.0000254,0.0000001,0.0000000
69062,0.0000254,0.0000001,0.0000000
69063,0.0000254,0.0000001,0.0000000
69064,0.0000254,0.0000001,0.0000000
69065,0.0000254,0.0000001,0.0000000
69066,0.0000254,0.0000001,0.0000000
69067,0.0000254,0.0000001,0.0000000
69068,0.0000254,0.0000001,0.0000000
69069,0.0000254,0.0000001,0.0000000
69070,0.0000254,0.0000001,0.0000000
69071,0.0000253,0.0000001,0.0000000
69072,0.0000253,0.0000001,0.0000000
69073,0.0000253,0.0000001,0.0000000
69074,0.0000253,0.0000001,0.0000000
69075,0.0000253,0.0000001,0.0000000
69076,0.0000253,0.0000001,0.0000000
69077,0.0000253,0.0000001,0.0000000
69078,0.0000253,0.0000001,0.0000000
69079,0.0000253,0.0000001,0.0000000
69080,0.0000253,0.0000001,0.0000000
69081,0.0000253,0.0000001,0.0000000
69082,0.0000253,0.0000001,0.0000000
69083,0.0000253,0.0000001,0.0000000
69084,0.0000253,0.0000001,0.0000000
69085,0.0000253,0.0000001,0.0000000
69086,0.0000253,0.0000001,0.0000000
69087,0.0000253,0.0000001,0.0000000
69088,0.0000253,0.0000001,0.0000000
69089,0.0000253,0.0000001,0.0000000
69090,0.0000253,0.0000001,0.0000000
69091,0.0000253,0.0000001,0.0000000
69092,0.0000253,0.0000001,0.0000000
69093,0.0000253,0.0000001,0.0000000
69094,0.0000253,0.0000001,0.0000000
69095,0.0000253,0.0000001,0.0000000
69096,0.0000253,0.0000001,0.0000000
69097,0.0000253,0.0000001,0.0000000
69098,0.0000253,0.0000001,0.0000000
69099,0.0000253,0.0000001,0.0000000
69100,0.0000253,0.0000001,0.0000000
69101,0.0000253,0.0000001,0.0000000
69102,0.0000253,0.0000001,0.0000000
69103,0.0000253,0.0000001,0.0000000
69104,0.0000253,0.0000001,0.0000000
69105,0.0000253,0.0000001,0.0000000
69106,0.0000253,0.0000001,0.0000000
69107,0.0000253,0.0000001,0.0000000
69108,0.0000253,0.0000001,0.0000000
69109,0.0000253,0.0000001,0.0000000
69110,0.0000253,0.0000001,0.0000000
69111,0.0000253,0.0000001,0.0000000
69112,0.0000253,0.0000001,0.0000000
69113,0.0000253,0.0000001,0.0000000
69114,0.0000253,0.0000001,0.0000000
69115,0.0000253,0.0000001,0.0000000
69116,0.0000253,0.0000001,0.0000000
69117,0.0000253,0.0000001,0.0000000
69118,0.0000253,0.0000001,0.0000000
69119,0.0000253,0.0000001,0.0000000
69120,0.0000253,0.0000001,0.0000000
69121,0.0000253,0.0000001,0.0000000
69122,0.0000253,0.0000001,0.0000000
69123,0.0000253,0.0000001,0.0000000
69124,0.0000253,0.0000001,0.0000000
69125,0.0000253,0.0000001,0.0000000
69126,0.0000253,0.0000001,0.0000000
69127,0.0000253,0.0000001,0.0000000
69128,0.0000253,0.0000001,0.0000000
69129,0.0000253,0.0000001,0.0000000
69130,0.0000253,0.0000001,0.0000000
69131,0.0000253,0.0000001,0.0000000
69132,0.0000253,0.0000001,0.0000000
69133,0.0000253,0.0000001,0.0000000
69134,0.0000253,0.0000001,0.0000000
69135,0.0000253,0.0000001,0.0000000
69136,0.0000253,0.0000001,0.0000000
69137,0.0000253,0.0000001,0.0000000
69138,0.0000253,0.0000001,0.0000000
69139,0.0000253,0.0000001,0.0000000
69140,0.0000253,0.0000001,0.0000000
69141,0.0000253,0.0000001,0.0000000
69142,0.0000253,0.0000001,0.0000000
69143,0.0000253,0.0000001,0.0000000
69144,0.0000253,0.0000001,0.0000000
69145,0.0000253,0.0000001,0.0000000
69146,0.0000253,0.0000001,0.0000000
69147,0.0000253,0.0000001,0.0000000
69148,0.0000253,0.0000001,0.0000000
69149,0.0000253,0.0000001,0.0000000
69150,0.0000253,0.0000001,0.0000000
69151,0.0000253,0.0000001,0.0000000
69152,0.0000253,0.0000001,0.0000000
69153,0.0000253,0.0000001,0.0000000
69154,0.0000253,0.0000001,0.0000000
69155,0.0000253,0.0000001,0.0000000
69156,0.0000253,0.0000001,0.0000000
69157,0.0000253,0.0000001,0.0000000
69158,0.0000253,0.0000001,0.0000000
69159,0.0000252,0.0000001,0.0000000
69160,0.0000252,0.0000001,0.0000000
69161,0.0000252,0.0000001,0.0000000
69162,0.0000252,0.0000001,0.0000000
69163,0.0000252,0.0000001,0.0000000
69164,0.0000252,0.0000001,0.0000000
69165,0.0000252,0.0000001,0.0000000
69166,0.0000252,0.0000001,0.0000000
69167,0.0000252,0.0000001,0.0000000
69168,0.0000252,0.0000001,0.0000000
69169,0.0000252,0.0000001,0.0000000
69170,0.0000252,0.0000001,0.0000000
69171,0.0000252,0.0000001,0.0000000
69172,0.0000252,0.0000001,0.0000000
69173,0.0000252,0.0000001,0.0000000
69174,0.0000252,0.0000001,0.0000000
69175,0.0000252,0.0000001,0.0000000
69176,0.0000252,0.0000001,0.0000000
69177,0.0000252,0.0000001,0.0000000
69178,0.0000252,0.0000001,0.0000000
69179,0.0000252,0.0000001,0.0000000
69180,0.0000252,0.0000001,0.0000000
69181,0.0000252,0.0000001,0.0000000
69182,0.0000252,0.0000001,0.0000000
69183,0.0000252,0.0000001,0.0000000
69184,0.0000252,0.0000001,0.0000000
69185,0.0000252,0.0000001,0.0000000
69186,0.0000252,0.0000001,0.0000000
69187,0.0000252,0.0000001,0.0000000
69188,0.0000252,0.0000001,0.0000000
69189,0.0000252,0.0000001,0.0000000
69190,0.0000252,0.0000001,0.0000000
69191,0.0000252,0.0000001,0.0000000
69192,0.0000252,0.0000001,0.0000000
69193,0.0000252,0.0000001,0.0000000
69194,0.0000252,0.0000001,0.0000000
69195,0.0000252,0.0000001,0.0000000
69196,0.0000252,0.0000001,0.0000000
69197,0.0000252,0.0000001,0.0000000
69198,0.0000252,0.0000001,0.0000000
69199,0.0000252,0.0000001,0.0000000
69200,0.0000252,0.0000001,0.0000000
69201,0.0000252,0.0000001,0.0000000
69202,0.0000252,0.0000001,0.0000000
69203,0.0000252,0.0000001,0.0000000
69204,0.0000252,0.0000001,0.0000000
69205,0.0000252,0.0000001,0.0000000
69206,0.0000252,0.0000001,0.0000000
69207,0.0000252,0.0000001,0.0000000
69208,0.0000252,0.0000001,0.0000000
69209,0.0000252,0.0000001,0.0000000
69210,0.0000252,0.0000001,0.0000000
69211,0.0000252,0.0000001,0.0000000
69212,0.0000252,0.0000001,0.0000000
69213,0.0000252,0.0000001,0.0000000
69214,0.0000252,0.0000001,0.0000000
69215,0.0000252,0.0000001,0.0000000
69216,0.0000252,0.0000001,0.0000000
69217,0.0000252,0.0000001,0.0000000
69218,0.0000252,0.0000001,0.0000000
69219,0.0000252,0.0000001,0.0000000
69220,0.0000252,0.0000001,0.0000000
69221,0.0000252,0.0000001,0.0000000
69222,0.0000252,0.0000001,0.0000000
69223,0.0000252,0.0000001,0.0000000
69224,0.0000252,0.0000001,0.0000000
69225,0.0000252,0.0000001,0.0000000
69226,0.0000252,0.0000001,0.0000000
69227,0.0000252,0.0000001,0.0000000
69228,0.0000252,0.0000001,0.0000000
69229,0.0000252,0.0000001,0.0000000
69230,0.0000252,0.0000001,0.0000000
69231,0.0000252,0.0000001,0.0000000
69232,0.0000252,0.0000001,0.0000000
69233,0.0000252,0.0000001,0.0000000
69234,0.0000252,0.0000001,0.0000000
69235,0.0000252,0.0000001,0.0000000
69236,0.0000252,0.0000001,0.0000000
69237,0.0000252,0.0000001,0.0000000
69238,0.0000252,0.0000001,0.0000000
69239,0.0000252,0.0000001,0.0000000
69240,0.0000252,0.0000001,0.0000000
69241,0.0000252,0.0000001,0.0000000
69242,0.0000252,0.0000001,0.0000000
69243,0.0000252,0.0000001,0.0000000
69244,0.0000252,0.0000001,0.0000000
69245,0.0000252,0.0000001,0.0000000
69246,0.0000252,0.0000001,0.0000000
69247,0.0000252,0.0000001,0.0000000
69248,0.0000251,0.0000001,0.0000000
69249,0.0000251,0.0000001,0.0000000
69250,0.0000251,0.0000001,0.0000000
69251,0.0000251,0.0000001,0.0000000
69252,0.0000251,0.0000001,0.0000000
69253,0.0000251,0.0000001,0.0000000
69254,0.0000251,0.0000001,0.0000000
69255,0.0000251,0.0000001,0.0000000
69256,0.0000251,0.0000001,0.0000000
69257,0.0000251,0.0000001,0.0000000
69258,0.0000251,0.0000001,0.0000000
69259,0.0000251,0.0000001,0.0000000
69260,0.0000251,0.0000001,0.0000000
69261,0.0000251,0.0000001,0.0000000
69262,0.0000251,0.0000001,0.0000000
69263,0.0000251,0.0000001,0.0000000
69264,0.0000251,0.0000001,0.0000000
69265,0.0000251,0.0000001,0.0000000
69266,0.0000251,0.0000001,0.0000000
69267,0.0000251,0.0000001,0.0000000
69268,0.0000251,0.0000001,0.0000000
69269,0.0000251,0.0000001,0.0000000
69270,0.0000251,0.0000001,0.0000000
69271,0.0000251,0.0000001,0.0000000
69272,0.0000251,0.0000001,0.0000000
69273,0.0000251,0.0000001,0.0000000
69274,0.0000251,0.0000001,0.0000000
69275,0.0000251,0.0000001,0.0000000
69276,0.0000251,0.0000001,0.0000000
69277,0.0000251,0.0000001,0.0000000
69278,0.0000251,0.0000001,0.0000000
69279,0.0000251,0.0000001,0.0000000
69280,0.0000251,0.0000001,0.0000000
69281,0.0000251,0.0000001,0.0000000
69282,0.0000251,0.0000001,0.0000000
69283,0.0000251,0.0000001,0.0000000
69284,0.0000251,0.0000001,0.0000000
69285,0.0000251,0.0000001,0.0000000
69286,0.0000251,0.0000001,0.0000000
69287,0.0000251,0.0000001,0.0000000
69288,0.0000251,0.0000001,0.0000000
69289,0.0000251,0.0000001,0.0000000
69290,0.0000251,0.0000001,0.0000000
69291,0.0000251,0.0000001,0.0000000
69292,0.0000251,0.0000001,0.0000000
69293,0.0000251,0.0000001,0.0000000
69294,0.0000251,0.0000001,0.0000000
69295,0.0000251,0.0000001,0.0000000
69296,0.0000251,0.0000001,0.0000000
69297,0.0000251,0.0000001,0.0000000
69298,0.0000251,0.0000001,0.0000000
69299,0.0000251,0.0000001,0.0000000
69300,0.0000251,0.0000001,0.0000000
69301,0.0000251,0.0000001,0.0000000
69302,0.0000251,0.0000001,0.0000000
69303,0.0000251,0.0000001,0.0000000
69304,0.0000251,0.0000001,0.0000000
69305,0.0000251,0.0000001,0.0000000
69306,0.0000251,0.0000001,0.0000000
69307,0.0000251,0.0000001,0.0000000
69308,0.0000251,0.0000001,0.0000000
69309,0.0000251,0.0000001,0.0000000
69310,0.0000251,0.0000001,0.0000000
69311,0.0000251,0.0000001,0.0000000
69312,0.0000251,0.0000001,0.0000000
69313,0.0000251,0.0000001,0.0000000
69314,0.0000251,0.0000001,0.0000000
69315,0.0000251,0.0000001,0.0000000
69316,0.0000251,0.0000001,0.0000000
69317,0.0000251,0.0000001,0.0000000
69318,0.0000251,0.0000001,0.0000000
69319,0.0000251,0.0000001,0.0000000
69320,0.0000251,0.0000001,0.0000000
69321,0.0000251,0.0000001,0.0000000
69322,0.0000251,0.0000001,0.0000000
69323,0.0000251,0.0000001,0.0000000
69324,0.0000251,0.0000001,0.0000000
69325,0.0000251,0.0000001,0.0000000
69326,0.0000251,0.0000001,0.0000000
69327,0.0000251,0.0000001,0.0000000
69328,0.0000251,0.0000001,0.0000000
69329,0.0000251,0.0000001,0.0000000
69330,0.0000251,0.0000001,0.0000000
69331,0.0000251,0.0000001,0.0000000
69332,0.0000251,0.0000001,0.0000000
69333,0.0000251,0.0000001,0.0000000
69334,0.0000251,0.0000001,0.0000000
69335,0.0000251,0.0000001,0.0000000
69336,0.0000251,0.0000001,0.0000000
69337,0.0000250,0.0000001,0.0000000
69338,0.0000250,0.0000001,0.0000000
69339,0.0000250,0.0000001,0.0000000
69340,0.0000250,0.0000001,0.0000000
69341,0.0000250,0.0000001,0.0000000
69342,0.0000250,0.0000001,0.0000000
69343,0.0000250,0.0000001,0.0000000
69344,0.0000250,0.0000001,0.0000000
69345,0.0000250,0.0000001,0.0000000
69346,0.0000250,0.0000001,0.0000000
69347,0.0000250,0.0000001,0.0000000
69348,0.0000250,0.0000001,0.0000000
69349,0.0000250,0.0000001,0.0000000
69350,0.0000250,0.0000001,0.0000000
69351,0.0000250,0.0000001,0.0000000
69352,0.0000250,0.0000001,0.0000000
69353,0.0000250,0.0000001,0.0000000
69354,0.0000250,0.0000001,0.0000000
69355,0.0000250,0.0000001,0.0000000
69356,0.0000250,0.0000001,0.0000000
69357,0.0000250,0.0000001,0.0000000
69358,0.0000250,0.0000001,0.0000000
69359,0.0000250,0.0000001,0.0000000
69360,0.0000250,0.0000001,0.0000000
69361,0.0000250,0.0000001,0.0000000
69362,0.0000250,0.0000001,0.0000000
69363,0.0000250,0.0000001,0.0000000
69364,0.0000250,0.0000001,0.0000000
69365,0.0000250,0.0000001,0.0000000
69366,0.0000250,0.0000001,0.0000000
69367,0.0000250,0.0000001,0.0000000
69368,0.0000250,0.0000001,0.0000000
69369,0.0000250,0.0000001,0.0000000
69370,0.0000250,0.0000001,0.0000000
69371,0.0000250,0.0000001,0.0000000
69372,0.0000250,0.0000001,0.0000000
69373,0.0000250,0.0000001,0.0000000
69374,0.0000250,0.0000001,0.0000000
69375,0.0000250,0.0000001,0.0000000
69376,0.0000250,0.0000001,0.0000000
69377,0.0000250,0.0000001,0.0000000
69378,0.0000250,0.0000001,0.0000000
69379,0.0000250,0.0000001,0.0000000
69380,0.0000250,0.0000001,0.0000000
69381,0.0000250,0.0000001,0.0000000
69382,0.0000250,0.0000001,0.0000000
69383,0.0000250,0.0000001,0.0000000
69384,0.0000250,0.0000001,0.0000000
69385,0.0000250,0.0000001,0.0000000
69386,0.0000250,0.0000001,0.0000000
69387,0.0000250,0.0000001,0.0000000
69388,0.0000250,0.0000001,0.0000000
69389,0.0000250,0.0000001,0.0000000
69390,0.0000250,0.0000001,0.0000000
69391,0.0000250,0.0000001,0.0000000
69392,0.0000250,0.0000001,0.0000000
69393,0.0000250,0.0000001,0.0000000
69394,0.0000250,0.0000001,0.0000000
69395,0.0000250,0.0000001,0.0000000
69396,0.0000250,0.0000001,0.0000000
69397,0.0000250,0.0000001,0.0000000
69398,0.0000250,0.0000001,0.0000000
69399,0.0000250,0.0000001,0.0000000
69400,0.0000250,0.0000001,0.0000000
69401,0.0000250,0.0000001,0.0000000
69402,0.0000250,0.0000001,0.0000000
69403,0.0000250,0.0000001,0.0000000
69404,0.0000250,0.0000001,0.0000000
69405,0.0000250,0.0000001,0.0000000
69406,0.0000250,0.0000001,0.0000000
69407,0.0000250,0.0000001,0.0000000
69408,0.0000250,0.0000001,0.0000000
69409,0.0000250,0.0000001,0.0000000
69410,0.0000250,0.0000001,0.0000000
69411,0.0000250,0.0000001,0.0000000
69412,0.0000250,0.0000001,0.0000000
69413,0.0000250,0.0000001,0.0000000
69414,0.0000250,0.0000001,0.0000000
69415,0.0000250,0.0000001,0.0000000
69416,0.0000250,0.0000001,0.0000000
69417,0.0000250,0.0000001,0.0000000
69418,0.0000250,0.0000001,0.0000000
69419,0.0000250,0.0000001,0.0000000
69420,0.0000250,0.0000001,0.0000000
69421,0.0000250,0.0000001,0.0000000
69422,0.0000250,0.0000001,0.0000000
69423,0.0000250,0.0000001,0.0000000
69424,0.0000250,0.0000001,0.0000000
69425,0.0000250,0.0000001,0.0000000
69426,0.0000249,0.0000001,0.0000000
69427,0.0000249,0.0000001,0.0000000
69428,0.0000249,0.0000001,0.0000000
69429,0.0000249,0.0000001,0.0000000
69430,0.0000249,0.0000001,0.0000000
69431,0.0000249,0.0000001,0.0000000
69432,0.0000249,0.0000001,0.0000000
69433,0.0000249,0.0000001,0.0000000
69434,0.0000249,0.0000001,0.0000000
69435,0.0000249,0.0000001,0.0000000
69436,0.0000249,0.0000001,0.0000000
69437,0.0000249,0.0000001,0.0000000
69438,0.0000249,0.0000001,0.0000000
69439,0.0000249,0.0000001,0.0000000
69440,0.0000249,0.0000001,0.0000000
69441,0.0000249,0.0000001,0.0000000
69442,0.0000249,0.0000001,0.0000000
69443,0.0000249,0.0000001,0.0000000
69444,0.0000249,0.0000001,0.0000000
69445,0.0000249,0.0000001,0.0000000
69446,0.0000249,0.0000001,0.0000000
69447,0.0000249,0.0000001,0.0000000
69448,0.0000249,0.0000001,0.0000000
69449,0.0000249,0.0000001,0.0000000
69450,0.0000249,0.0000001,0.0000000
69451,0.0000249,0.0000001,0.0000000
69452,0.0000249,0.0000001,0.0000000
69453,0.0000249,0.0000001,0.0000000
69454,0.0000249,0.0000001,0.0000000
69455,0.0000249,0.0000001,0.0000000
69456,0.0000249,0.0000001,0.0000000
69457,0.0000249,0.0000001,0.0000000
69458,0.0000249,0.0000001,0.0000000
69459,0.0000249,0.0000001,0.0000000
69460,0.0000249,0.0000001,0.0000000
69461,0.0000249,0.0000001,0.0000000
69462,0.0000249,0.0000001,0.0000000
69463,0.0000249,0.0000001,0.0000000
69464,0.0000249,0.0000001,0.0000000
69465,0.0000249,0.0000001,0.0000000
69466,0.0000249,0.0000001,0.0000000
69467,0.0000249,0.0000001,0.0000000
69468,0.0000249,0.0000001,0.0000000
69469,0.0000249,0.0000001,0.0000000
69470,0.0000249,0.0000001,0.0000000
69471,0.0000249,0.0000001,0.0000000
69472,0.0000249,0.0000001,0.0000000
69473,0.0000249,0.0000001,0.0000000
69474,0.0000249,0.0000001,0.0000000
69475,0.0000249,0.0000001,0.0000000
69476,0.0000249,0.0000001,0.0000000
69477,0.0000249,0.0000001,0.0000000
69478,0.0000249,0.0000001,0.0000000
69479,0.0000249,0.0000001,0.0000000
69480,0.0000249,0.0000001,0.0000000
69481,0.0000249,0.0000001,0.0000000
69482,0.0000249,0.0000001,0.0000000
69483,0.0000249,0.0000001,0.0000000
69484,0.0000249,0.0000001,0.0000000
69485,0.0000249,0.0000001,0.0000000
69486,0.0000249,0.0000001,0.0000000
69487,0.0000249,0.0000001,0.0000000
69488,0.0000249,0.0000001,0.0000000
69489,0.0000249,0.0000001,0.0000000
69490,0.0000249,0.0000001,0.0000000
69491,0.0000249,0.0000001,0.0000000
69492,0.0000249,0.0000001,0.0000000
69493,0.0000249,0.0000001,0.0000000
69494,0.0000249,0.0000001,0.0000000
69495,0.0000249,0.0000001,0.0000000
69496,0.0000249,0.0000001,0.0000000
69497,0.0000249,0.0000001,0.0000000
69498,0.0000249,0.0000001,0.0000000
69499,0.0000249,0.0000001,0.0000000
69500,0.0000249,0.0000001,0.0000000
69501,0.0000249,0.0000001,0.0000000
69502,0.0000249,0.0000001,0.0000000
69503,0.0000249,0.0000001,0.0000000
69504,0.0000249,0.0000001,0.0000000
69505,0.0000249,0.0000001,0.0000000
69506,0.0000249,0.0000001,0.0000000
69507,0.0000249,0.0000001,0.0000000
69508,0.0000249,0.0000001,0.0000000
69509,0.0000249,0.0000001,0.0000000
69510,0.0000249,0.0000001,0.0000000
69511,0.0000249,0.0000001,0.0000000
69512,0.0000249,0.0000001,0.0000000
69513,0.0000249,0.0000001,0.0000000
69514,0.0000249,0.0000001,0.0000000
69515,0.0000248,0.0000001,0.0000000
69516,0.0000248,0.0000001,0.0000000
69517,0.0000248,0.0000001,0.0000000
69518,0.0000248,0.0000001,0.0000000
69519,0.0000248,0.0000001,0.0000000
69520,0.0000248,0.0000001,0.0000000
69521,0.0000248,0.0000001,0.0000000
69522,0.0000248,0.0000001,0.0000000
69523,0.0000248,0.0000001,0.0000000
69524,0.0000248,0.0000001,0.0000000
69525,0.0000248,0.0000001,0.0000000
69526,0.0000248,0.0000001,0.0000000
69527,0.0000248,0.0000001,0.0000000
69528,0.0000248,0.0000001,0.0000000
69529,0.0000248,0.0000001,0.0000000
69530,0.0000248,0.0000001,0.0000000
69531,0.0000248,0.0000001,0.0000000
69532,0.0000248,0.0000001,0.0000000
69533,0.0000248,0.0000001,0.0000000
69534,0.0000248,0.0000001,0.0000000
69535,0.0000248,0.0000001,0.0000000
69536,0.0000248,0.0000001,0.0000000
69537,0.0000248,0.0000001,0.0000000
69538,0.0000248,0.0000001,0.0000000
69539,0.0000248,0.0000001,0.0000000
69540,0.0000248,0.0000001,0.0000000
69541,0.0000248,0.0000001,0.0000000
69542,0.0000248,0.0000001,0.0000000
69543,0.0000248,0.0000001,0.0000000
69544,0.0000248,0.0000001,0.0000000
69545,0.0000248,0.0000001,0.0000000
69546,0.0000248,0.0000001,0.0000000
69547,0.0000248,0.0000001,0.0000000
69548,0.0000248,0.0000001,0.0000000
69549,0.0000248,0.0000001,0.0000000
69550,0.0000248,0.0000001,0.0000000
69551,0.0000248,0.0000001,0.0000000
69552,0.0000248,0.0000001,0.0000000
69553,0.0000248,0.0000001,0.0000000
69554,0.0000248,0.0000001,0.0000000
69555,0.0000248,0.0000001,0.0000000
69556,0.0000248,0.0000001,0.0000000
69557,0.0000248,0.0000001,0.0000000
69558,0.0000248,0.0000001,0.0000000
69559,0.0000248,0.0000001,0.0000000
69560,0.0000248,0.0000001,0.0000000
69561,0.0000248,0.0000001,0.0000000
69562,0.0000248,0.0000001,0.0000000
69563,0.0000248,0.0000001,0.0000000
69564,0.0000248,0.0000001,0.0000000
69565,0.0000248,0.0000001,0.0000000
69566,0.0000248,0.0000001,0.0000000
69567,0.0000248,0.0000001,0.0000000
69568,0.0000248,0.0000001,0.0000000
69569,0.0000248,0.0000001,0.0000000
69570,0.0000248,0.0000001,0.0000000
69571,0.0000248,0.0000001,0.0000000
69572,0.0000248,0.0000001,0.0000000
69573,0.0000248,0.0000001,0.0000000
69574,0.0000248,0.0000001,0.0000000
69575,0.0000248,0.0000001,0.0000000
69576,0.0000248,0.0000001,0.0000000
69577,0.0000248,0.0000001,0.0000000
69578,0.0000248,0.0000001,0.0000000
69579,0.0000248,0.0000001,0.0000000
69580,0.0000248,0.0000001,0.0000000
69581,0.0000248,0.0000001,0.0000000
69582,0.0000248,0.0000001,0.0000000
69583,0.0000248,0.0000001,0.0000000
69584,0.0000248,0.0000001,0.0000000
69585,0.0000248,0.0000001,0.0000000
69586,0.0000248,0.0000001,0.0000000
69587,0.0000248,0.0000001,0.0000000
69588,0.0000248,0.0000001,0.0000000
69589,0.0000248,0.0000001,0.0000000
69590,0.0000248,0.0000001,0.0000000
69591,0.0000248,0.0000001,0.0000000
69592,0.0000248,0.0000001,0.0000000
69593,0.0000248,0.0000001,0.0000000
69594,0.0000248,0.0000001,0.0000000
69595,0.0000248,0.0000001,0.0000000
69596,0.0000248,0.0000001,0.0000000
69597,0.0000248,0.0000001,0.0000000
69598,0.0000248,0.0000001,0.0000000
69599,0.0000248,0.0000001,0.0000000
69600,0.0000248,0.0000001,0.0000000
69601,0.0000248,0.0000001,0.0000000
69602,0.0000248,0.0000001,0.0000000
69603,0.0000248,0.0000001,0.0000000
69604,0.0000248,0.0000001,0.0000000
69605,0.0000248,0.0000001,0.0000000
69606,0.0000247,0.0000001,0.0000000
69607,0.0000247,0.0000001,0.0000000
69608,0.0000247,0.0000001,0.0000000
69609,0.0000247,0.0000001,0.0000000
69610,0.0000247,0.0000001,0.0000000
69611,0.0000247,0.0000001,0.0000000
69612,0.0000247,0.0000001,0.0000000
69613,0.0000247,0.0000001,0.0000000
69614,0.0000247,0.0000001,0.0000000
69615,0.0000247,0.0000001,0.0000000
69616,0.0000247,0.0000001,0.0000000
69617,0.0000247,0.0000001,0.0000000
69618,0.0000247,0.0000001,0.0000000
69619,0.0000247,0.0000001,0.0000000
69620,0.0000247,0.0000001,0.0000000
69621,0.0000247,0.0000001,0.0000000
69622,0.0000247,0.0000001,0.0000000
69623,0.0000247,0.0000001,0.0000000
69624,0.0000247,0.0000001,0.0000000
69625,0.0000247,0.0000001,0.0000000
69626,0.0000247,0.0000001,0.0000000
69627,0.0000247,0.0000001,0.0000000
69628,0.0000247,0.0000001,0.0000000
69629,0.0000247,0.0000001,0.0000000
69630,0.0000247,0.0000001,0.0000000
69631,0.0000247,0.0000001,0.0000000
69632,0.0000247,0.0000001,0.0000000
69633,0.0000247,0.0000001,0.0000000
69634,0.0000247,0.0000001,0.0000000
69635,0.0000247,0.0000001,0.0000000
69636,0.0000247,0.0000001,0.0000000
69637,0.0000247,0.0000001,0.0000000
69638,0.0000247,0.0000001,0.0000000
69639,0.0000247,0.0000001,0.0000000
69640,0.0000247,0.0000001,0.0000000
69641,0.0000247,0.0000001,0.0000000
69642,0.0000247,0.0000001,0.0000000
69643,0.0000247,0.0000001,0.0000000
69644,0.0000247,0.0000001,0.0000000
69645,0.0000247,0.0000001,0.0000000
69646,0.0000247,0.0000001,0.0000000
69647,0.0000247,0.0000001,0.0000000
69648,0.0000247,0.0000001,0.0000000
69649,0.0000247,0.0000001,0.0000000
69650,0.0000247,0.0000001,0.0000000
69651,0.0000247,0.0000001,0.0000000
69652,0.0000247,0.0000001,0.0000000
69653,0.0000247,0.0000001,0.0000000
69654,0.0000247,0.0000001,0.0000000
69655,0.0000247,0.0000001,0.0000000
69656,0.0000247,0.0000001,0.0000000
69657,0.0000247,0.0000001,0.0000000
69658,0.0000247,0.0000001,0.0000000
69659,0.0000247,0.0000001,0.0000000
69660,0.0000247,0.0000001,0.0000000
69661,0.0000247,0.0000001,0.0000000
69662,0.0000247,0.0000001,0.0000000
69663,0.0000247,0.0000001,0.0000000
69664,0.0000247,0.0000001,0.0000000
69665,0.0000247,0.0000001,0.0000000
69666,0.0000247,0.0000001,0.0000000
69667,0.0000247,0.0000001,0.0000000
69668,0.0000247,0.0000001,0.0000000
69669,0.0000247,0.0000001,0.0000000
69670,0.0000247,0.0000001,0.0000000
69671,0.0000247,0.0000001,0.0000000
69672,0.0000247,0.0000001,0.0000000
69673,0.0000247,0.0000001,0.0000000
69674,0.0000247,0.0000001,0.0000000
69675,0.0000247,0.0000001,0.0000000
69676,0.0000247,0.0000001,0.0000000
69677,0.0000247,0.0000001,0.0000000
69678,0.0000247,0.0000001,0.0000000
69679,0.0000247,0.0000001,0.0000000
69680,0.0000247,0.0000001,0.0000000
69681,0.0000247,0.0000001,0.0000000
69682,0.0000247,0.0000001,0.0000000
69683,0.0000247,0.0000001,0.0000000
69684,0.0000247,0.0000001,0.0000000
69685,0.0000247,0.0000001,0.0000000
69686,0.0000247,0.0000001,0.0000000
69687,0.0000247,0.0000001,0.0000000
69688,0.0000247,0.0000001,0.0000000
69689,0.0000247,0.0000001,0.0000000
69690,0.0000247,0.0000001,0.0000000
69691,0.0000247,0.0000001,0.0000000
69692,0.0000247,0.0000001,0.0000000
69693,0.0000247,0.0000001,0.0000000
69694,0.0000247,0.0000001,0.0000000
69695,0.0000247,0.0000001,0.0000000
69696,0.0000246,0.0000001,0.0000000
69697,0.0000246,0.0000001,0.0000000
69698,0.0000246,0.0000001,0.0000000
69699,0.0000246,0.0000001,0.0000000
69700,0.0000246,0.0000001,0.0000000
69701,0.0000246,0.0000001,0.0000000
69702,0.0000246,0.0000001,0.0000000
69703,0.0000246,0.0000001,0.0000000
69704,0.0000246,0.0000001,0.0000000
69705,0.0000246,0.0000001,0.0000000
69706,0.0000246,0.0000001,0.0000000
69707,0.0000246,0.0000001,0.0000000
69708,0.0000246,0.0000001,0.0000000
69709,0.0000246,0.0000001,0.0000000
69710,0.0000246,0.0000001,0.0000000
69711,0.0000246,0.0000001,0.0000000
69712,0.0000246,0.0000001,0.0000000
69713,0.0000246,0.0000001,0.0000000
69714,0.0000246,0.0000001,0.0000000
69715,0.0000246,0.0000001,0.0000000
69716,0.0000246,0.0000001,0.0000000
69717,0.0000246,0.0000001,0.0000000
69718,0.0000246,0.0000001,0.0000000
69719,0.0000246,0.0000001,0.0000000
69720,0.0000246,0.0000001,0.0000000
69721,0.0000246,0.0000001,0.0000000
69722,0.0000246,0.0000001,0.0000000
69723,0.0000246,0.0000001,0.0000000
69724,0.0000246,0.0000001,0.0000000
69725,0.0000246,0.0000001,0.0000000
69726,0.0000246,0.0000001,0.0000000
69727,0.0000246,0.0000001,0.0000000
69728,0.0000246,0.0000001,0.0000000
69729,0.0000246,0.0000001,0.0000000
69730,0.0000246,0.0000001,0.0000000
69731,0.0000246,0.0000001,0.0000000
69732,0.0000246,0.0000001,0.0000000
69733,0.0000246,0.0000001,0.0000000
69734,0.0000246,0.0000001,0.0000000
69735,0.0000246,0.0000001,0.0000000
69736,0.0000246,0.0000001,0.0000000
69737,0.0000246,0.0000001,0.0000000
69738,0.0000246,0.0000001,0.0000000
69739,0.0000246,0.0000001,0.0000000
69740,0.0000246,0.0000001,0.0000000
69741,0.0000246,0.0000001,0.0000000
69742,0.0000246,0.0000001,0.0000000
69743,0.0000246,0.0000001,0.0000000
69744,0.0000246,0.0000001,0.0000000
69745,0.0000246,0.0000001,0.0000000
69746,0.0000246,0.0000001,0.0000000
69747,0.0000246,0.0000001,0.0000000
69748,0.0000246,0.0000001,0.0000000
69749,0.0000246,0.0000001,0.0000000
69750,0.0000246,0.0000001,0.0000000
69751,0.0000246,0.0000001,0.0000000
69752,0.0000246,0.0000001,0.0000000
69753,0.0000246,0.0000001,0.0000000
69754,0.0000246,0.0000001,0.0000000
69755,0.0000246,0.0000001,0.0000000
69756,0.0000246,0.0000001,0.0000000
69757,0.0000246,0.0000001,0.0000000
69758,0.0000246,0.0000001,0.0000000
69759,0.0000246,0.0000001,0.0000000
69760,0.0000246,0.0000001,0.0000000
69761,0.0000246,0.0000001,0.0000000
69762,0.0000246,0.0000001,0.0000000
69763,0.0000246,0.0000001,0.0000000
69764,0.0000246,0.0000001,0.0000000
69765,0.0000246,0.0000001,0.0000000
69766,0.0000246,0.0000001,0.0000000
69767,0.0000246,0.0000001,0.0000000
69768,0.0000246,0.0000001,0.0000000
69769,0.0000246,0.0000001,0.0000000
69770,0.0000246,0.0000001,0.0000000
69771,0.0000246,0.0000001,0.0000000
69772,0.0000246,0.0000001,0.0000000
69773,0.0000246,0.0000001,0.0000000
69774,0.0000246,0.0000001,0.0000000
69775,0.0000246,0.0000001,0.0000000
69776,0.0000246,0.0000001,0.0000000
69777,0.0000246,0.0000001,0.0000000
69778,0.0000246,0.0000001,0.0000000
69779,0.0000246,0.0000001,0.0000000
69780,0.0000246,0.0000001,0.0000000
69781,0.0000246,0.0000001,0.0000000
69782,0.0000246,0.0000001,0.0000000
69783,0.0000246,0.0000001,0.0000000
69784,0.0000246,0.0000001,0.0000000
69785,0.0000246,0.0000001,0.0000000
69786,0.0000246,0.0000001,0.0000000
69787,0.0000245,0.0000001,0.0000000
69788,0.0000245,0.0000001,0.0000000
69789,0.0000245,0.0000001,0.0000000
69790,0.0000245,0.0000001,0.0000000
69791,0.0000245,0.0000001,0.0000000
69792,0.0000245,0.0000001,0.0000000
69793,0.0000245,0.0000001,0.0000000
69794,0.0000245,0.0000001,0.0000000
69795,0.0000245,0.0000001,0.0000000
69796,0.0000245,0.0000001,0.0000000
69797,0.0000245,0.0000001,0.0000000
69798,0.0000245,0.0000001,0.0000000
69799,0.0000245,0.0000001,0.0000000
69800,0.0000245,0.0000001,0.0000000
69801,0.0000245,0.0000001,0.0000000
69802,0.0000245,0.0000001,0.0000000
69803,0.0000245,0.0000001,0.0000000
69804,0.0000245,0.0000001,0.0000000
69805,0.0000245,0.0000001,0.0000000
69806,0.0000245,0.0000001,0.0000000
69807,0.0000245,0.0000001,0.0000000
69808,0.0000245,0.0000001,0.0000000
69809,0.0000245,0.0000001,0.0000000
69810,0.0000245,0.0000001,0.0000000
69811,0.0000245,0.0000001,0.0000000
69812,0.0000245,0.0000001,0.0000000
69813,0.0000245,0.0000001,0.0000000
69814,0.0000245,0.0000001,0.0000000
69815,0.0000245,0.0000001,0.0000000
69816,0.0000245,0.0000001,0.0000000
69817,0.0000245,0.0000001,0.0000000
69818,0.0000245,0.0000001,0.0000000
69819,0.0000245,0.0000001,0.0000000
69820,0.0000245,0.0000001,0.0000000
69821,0.0000245,0.0000001,0.0000000
69822,0.0000245,0.0000001,0.0000000
69823,0.0000245,0.0000001,0.0000000
69824,0.0000245,0.0000001,0.0000000
69825,0.0000245,0.0000001,0.0000000
69826,0.0000245,0.0000001,0.0000000
69827,0.0000245,0.0000001,0.0000000
69828,0.0000245,0.0000001,0.0000000
69829,0.0000245,0.0000001,0.0000000
69830,0.0000245,0.0000001,0.0000000
69831,0.0000245,0.0000001,0.0000000
69832,0.0000245,0.0000001,0.0000000
69833,0.0000245,0.0000001,0.0000000
69834,0.0000245,0.0000001,0.0000000
69835,0.0000245,0.0000001,0.0000000
69836,0.0000245,0.0000001,0.0000000
69837,0.0000245,0.0000001,0.0000000
69838,0.0000245,0.0000001,0.0000000
69839,0.0000245,0.0000001,0.0000000
69840,0.0000245,0.0000001,0.0000000
69841,0.0000245,0.0000001,0.0000000
69842,0.0000245,0.0000001,0.0000000
69843,0.0000245,0.0000001,0.0000000
69844,0.0000245,0.0000001,0.0000000
69845,0.0000245,0.0000001,0.0000000
69846,0.0000245,0.0000001,0.0000000
69847,0.0000245,0.0000001,0.0000000
69848,0.0000245,0.0000001,0.0000000
69849,0.0000245,0.0000001,0.0000000
69850,0.0000245,0.0000001,0.0000000
69851,0.0000245,0.0000001,0.0000000
69852,0.0000245,0.0000001,0.0000000
69853,0.0000245,0.0000001,0.0000000
69854,0.0000245,0.0000001,0.0000000
69855,0.0000245,0.0000001,0.0000000
69856,0.0000245,0.0000001,0.0000000
69857,0.0000245,0.0000001,0.0000000
69858,0.0000245,0.0000001,0.0000000
69859,0.0000245,0.0000001,0.0000000
69860,0.0000245,0.0000001,0.0000000
69861,0.0000245,0.0000001,0.0000000
69862,0.0000245,0.0000001,0.0000000
69863,0.0000245,0.0000001,0.0000000
69864,0.0000245,0.0000001,0.0000000
69865,0.0000245,0.0000001,0.0000000
69866,0.0000245,0.0000001,0.0000000
69867,0.0000245,0.0000001,0.0000000
69868,0.0000245,0.0000001,0.0000000
69869,0.0000245,0.0000001,0.0000000
69870,0.0000245,0.0000001,0.0000000
69871,0.0000245,0.0000001,0.0000000
69872,0.0000245,0.0000001,0.0000000
69873,0.0000245,0.0000001,0.0000000
69874,0.0000245,0.0000001,0.0000000
69875,0.0000245,0.0000001,0.0000000
69876,0.0000245,0.0000001,0.0000000
69877,0.0000245,0.0000001,0.0000000
69878,0.0000244,0.0000001,0.0000000
69879,0.0000244,0.0000001,0.0000000
69880,0.0000244,0.0000001,0.0000000
69881,0.0000244,0.0000001,0.0000000
69882,0.0000244,0.0000001,0.0000000
69883,0.0000244,0.0000001,0.0000000
69884,0.0000244,0.0000001,0.0000000
69885,0.0000244,0.0000001,0.0000000
69886,0.0000244,0.0000001,0.0000000
69887,0.0000244,0.0000001,0.0000000
69888,0.0000244,0.0000001,0.0000000
69889,0.0000244,0.0000001,0.0000000
69890,0.0000244,0.0000001,0.0000000
69891,0.0000244,0.0000001,0.0000000
69892,0.0000244,0.0000001,0.0000000
69893,0.0000244,0.0000001,0.0000000
69894,0.0000244,0.0000001,0.0000000
69895,0.0000244,0.0000001,0.0000000
69896,0.0000244,0.0000001,0.0000000
69897,0.0000244,0.0000001,0.0000000
69898,0.0000244,0.0000001,0.0000000
69899,0.0000244,0.0000001,0.0000000
69900,0.0000244,0.0000001,0.0000000
69901,0.0000244,0.0000001,0.0000000
69902,0.0000244,0.0000001,0.0000000
69903,0.0000244,0.0000001,0.0000000
69904,0.0000244,0.0000001,0.0000000
69905,0.0000244,0.0000001,0.0000000
69906,0.0000244,0.0000001,0.0000000
69907,0.0000244,0.0000001,0.0000000
69908,0.0000244,0.0000001,0.0000000
69909,0.0000244,0.0000001,0.0000000
69910,0.0000244,0.0000001,0.0000000
69911,0.0000244,0.0000001,0.0000000
69912,0.0000244,0.0000001,0.0000000
69913,0.0000244,0.0000001,0.0000000
69914,0.0000244,0.0000001,0.0000000
69915,0.0000244,0.0000001,0.0000000
69916,0.0000244,0.0000001,0.0000000
69917,0.0000244,0.0000001,0.0000000
69918,0.0000244,0.0000001,0.0000000
69919,0.0000244,0.0000001,0.0000000
69920,0.0000244,0.0000001,0.0000000
69921,0.0000244,0.0000001,0.0000000
69922,0.0000244,0.0000001,0.0000000
69923,0.0000244,0.0000001,0.0000000
69924,0.0000244,0.0000001,0.0000000
69925,0.0000244,0.0000001,0.0000000
69926,0.0000244,0.0000001,0.0000000
69927,0.0000244,0.0000001,0.0000000
69928,0.0000244,0.0000001,0.0000000
69929,0.0000244,0.0000001,0.0000000
69930,0.0000244,0.0000001,0.0000000
69931,0.0000244,0.0000001,0.0000000
69932,0.0000244,0.0000001,0.0000000
69933,0.0000244,0.0000001,0.0000000
69934,0.0000244,0.0000001,0.0000000
69935,0.0000244,0.0000001,0.0000000
69936,0.0000244,0.0000001,0.0000000
69937,0.0000244,0.0000001,0.0000000
69938,0.0000244,0.0000001,0.0000000
69939,0.0000244,0.0000001,0.0000000
69940,0.0000244,0.0000001,0.0000000
69941,0.0000244,0.0000001,0.0000000
69942,0.0000244,0.0000001,0.0000000
69943,0.0000244,0.0000001,0.0000000
69944,0.0000244,0.0000001,0.0000000
69945,0.0000244,0.0000001,0.0000000
69946,0.0000244,0.0000001,0.0000000
69947,0.0000244,0.0000001,0.0000000
69948,0.0000244,0.0000001,0.0000000
69949,0.0000244,0.0000001,0.0000000
69950,0.0000244,0.0000001,0.0000000
69951,0.0000244,0.0000001,0.0000000
69952,0.0000244,0.0000001,0.0000000
69953,0.0000244,0.0000001,0.0000000
69954,0.0000244,0.0000001,0.0000000
69955,0.0000244,0.0000001,0.0000000
69956,0.0000244,0.0000001,0.0000000
69957,0.0000244,0.0000001,0.0000000
69958,0.0000244,0.0000001,0.0000000
69959,0.0000244,0.0000001,0.0000000
69960,0.0000244,0.0000001,0.0000000
69961,0.0000244,0.0000001,0.0000000
69962,0.0000244,0.0000001,0.0000000
69963,0.0000244,0.0000001,0.0000000
69964,0.0000244,0.0000001,0.0000000
69965,0.0000244,0.0000001,0.0000000
69966,0.0000244,0.0000001,0.0000000
69967,0.0000244,0.0000001,0.0000000
69968,0.0000244,0.0000001,0.0000000
69969,0.0000244,0.0000001,0.0000000
69970,0.0000243,0.0000001,0.0000000
69971,0.0000243,0.0000001,0.0000000
69972,0.0000243,0.0000001,0.0000000
69973,0.0000243,0.0000001,0.0000000
69974,0.0000243,0.0000001,0.0000000
69975,0.0000243,0.0000001,0.0000000
69976,0.0000243,0.0000001,0.0000000
69977,0.0000243,0.0000001,0.0000000
69978,0.0000243,0.0000001,0.0000000
69979,0.0000243,0.0000001,0.0000000
69980,0.0000243,0.0000001,0.0000000
69981,0.0000243,0.0000001,0.0000000
69982,0.0000243,0.0000001,0.0000000
69983,0.0000243,0.0000001,0.0000000
69984,0.0000243,0.0000001,0.0000000
69985,0.0000243,0.0000001,0.0000000
69986,0.0000243,0.0000001,0.0000000
69987,0.0000243,0.0000001,0.0000000
69988,0.0000243,0.0000001,0.0000000
69989,0.0000243,0.0000001,0.0000000
69990,0.0000243,0.0000001,0.0000000
69991,0.0000243,0.0000001,0.0000000
69992,0.0000243,0.0000001,0.0000000
69993,0.0000243,0.0000001,0.0000000
69994,0.0000243,0.0000001,0.0000000
69995,0.0000243,0.0000001,0.0000000
69996,0.0000243,0.0000001,0.0000000
69997,0.0000243,0.0000001,0.0000000
69998,0.0000243,0.0000001,0.0000000
69999,0.0000243,0.0000001,0.0000000
70000,0.0000243,0.0000001,0.0000000
70001,0.0000243,0.0000001,0.0000000
70002,0.0000243,0.0000001,0.0000000
70003,0.0000243,0.0000001,0.0000000
70004,0.0000243,0.0000001,0.0000000
70005,0.0000243,0.0000001,0.0000000
70006,0.0000243,0.0000001,0.0000000
70007,0.0000243,0.0000001,0.0000000
70008,0.0000243,0.0000001,0.0000000
70009,0.0000243,0.0000001,0.0000000
70010,0.0000243,0.0000001,0.0000000
70011,0.0000243,0.0000001,0.0000000
70012,0.0000243,0.0000001,0.0000000
70013,0.0000243,0.0000001,0.0000000
70014,0.0000243,0.0000001,0.0000000
70015,0.0000243,0.0000001,0.0000000
70016,0.0000243,0.0000001,0.0000000
70017,0.0000243,0.0000001,0.0000000
70018,0.0000243,0.0000001,0.0000000
70019,0.0000243,0.0000001,0.0000000
70020,0.0000243,0.0000001,0.0000000
70021,0.0000243,0.0000001,0.0000000
70022,0.0000243,0.0000001,0.0000000
70023,0.0000243,0.0000001,0.0000000
70024,0.0000243,0.0000001,0.0000000
70025,0.0000243,0.0000001,0.0000000
70026,0.0000243,0.0000001,0.0000000
70027,0.0000243,0.0000001,0.0000000
70028,0.0000243,0.0000001,0.0000000
70029,0.0000243,0.0000001,0.0000000
70030,0.0000243,0.0000001,0.0000000
70031,0.0000243,0.0000001,0.0000000
70032,0.0000243,0.0000001,0.0000000
70033,0.0000243,0.0000001,0.0000000
70034,0.0000243,0.0000001,0.0000000
70035,0.0000243,0.0000001,0.0000000
70036,0.0000243,0.0000001,0.0000000
70037,0.0000243,0.0000001,0.0000000
70038,0.0000243,0.0000001,0.0000000
70039,0.0000243,0.0000001,0.0000000
70040,0.0000243,0.0000001,0.0000000
70041,0.0000243,0.0000001,0.0000000
70042,0.0000243,0.0000001,0.0000000
70043,0.0000243,0.0000001,0.0000000
70044,0.0000243,0.0000001,0.0000000
70045,0.0000243,0.0000001,0.0000000
70046,0.0000243,0.0000001,0.0000000
70047,0.0000243,0.0000001,0.0000000
70048,0.0000243,0.0000001,0.0000000
70049,0.0000243,0.0000001,0.0000000
70050,0.0000243,0.0000001,0.0000000
70051,0.0000243,0.0000001,0.0000000
70052,0.0000243,0.0000001,0.0000000
70053,0.0000243,0.0000001,0.0000000
70054,0.0000243,0.0000001,0.0000000
70055,0.0000243,0.0000001,0.0000000
70056,0.0000243,0.0000001,0.0000000
70057,0.0000243,0.0000001,0.0000000
70058,0.0000243,0.0000001,0.0000000
70059,0.0000243,0.0000001,0.0000000
70060,0.0000243,0.0000001,0.0000000
70061,0.0000243,0.0000001,0.0000000
70062,0.0000242,0.0000001,0.0000000
70063,0.0000242,0.0000001,0.0000000
70064,0.0000242,0.0000001,0.0000000
70065,0.0000242,0.0000001,0.0000000
70066,0.0000242,0.0000001,0.0000000
70067,0.0000242,0.0000001,0.0000000
70068,0.0000242,0.0000001,0.0000000
70069,0.0000242,0.0000001,0.0000000
70070,0.0000242,0.0000001,0.0000000
70071,0.0000242,0.0000001,0.0000000
70072,0.0000242,0.0000001,0.0000000
70073,0.0000242,0.0000001,0.0000000
70074,0.0000242,0.0000001,0.0000000
70075,0.0000242,0.0000001,0.0000000
70076,0.0000242,0.0000001,0.0000000
70077,0.0000242,0.0000001,0.0000000
70078,0.0000242,0.0000001,0.0000000
70079,0.0000242,0.0000001,0.0000000
70080,0.0000242,0.0000001,0.0000000
70081,0.0000242,0.0000001,0.0000000
70082,0.0000242,0.0000001,0.0000000
70083,0.0000242,0.0000001,0.0000000
70084,0.0000242,0.0000001,0.0000000
70085,0.0000242,0.0000001,0.0000000
70086,0.0000242,0.0000001,0.0000000
70087,0.0000242,0.0000001,0.0000000
70088,0.0000242,0.0000001,0.0000000
70089,0.0000242,0.0000001,0.0000000
70090,0.0000242,0.0000001,0.0000000
70091,0.0000242,0.0000001,0.0000000
70092,0.0000242,0.0000001,0.0000000
70093,0.0000242,0.0000001,0.0000000
70094,0.0000242,0.0000001,0.0000000
70095,0.0000242,0.0000001,0.0000000
70096,0.0000242,0.0000001,0.0000000
70097,0.0000242,0.0000001,0.0000000
70098,0.0000242,0.0000001,0.0000000
70099,0.0000242,0.0000001,0.0000000
70100,0.0000242,0.0000001,0.0000000
70101,0.0000242,0.0000001,0.0000000
70102,0.0000242,0.0000001,0.0000000
70103,0.0000242,0.0000001,0.0000000
70104,0.0000242,0.0000001,0.0000000
70105,0.0000242,0.0000001,0.0000000
70106,0.0000242,0.0000001,0.0000000
70107,0.0000242,0.0000001,0.0000000
70108,0.0000242,0.0000001,0.0000000
70109,0.0000242,0.0000001,0.0000000
70110,0.0000242,0.0000001,0.0000000
70111,0.0000242,0.0000001,0.0000000
70112,0.0000242,0.0000001,0.0000000
70113,0.0000242,0.0000001,0.0000000
70114,0.0000242,0.0000001,0.0000000
70115,0.0000242,0.0000001,0.0000000
70116,0.0000242,0.0000001,0.0000000
70117,0.0000242,0.0000001,0.0000000
70118,0.0000242,0.0000001,0.0000000
70119,0.0000242,0.0000001,0.0000000
70120,0.0000242,0.0000001,0.0000000
70121,0.0000242,0.0000001,0.0000000
70122,0.0000242,0.0000001,0.0000000
70123,0.0000242,0.0000001,0.0000000
70124,0.0000242,0.0000001,0.0000000
70125,0.0000242,0.0000001,0.0000000
70126,0.0000242,0.0000001,0.0000000
70127,0.0000242,0.0000001,0.0000000
70128,0.0000242,0.0000001,0.0000000
70129,0.0000242,0.0000001,0.0000000
70130,0.0000242,0.0000001,0.0000000
70131,0.0000242,0.0000001,0.0000000
70132,0.0000242,0.0000001,0.0000000
70133,0.0000242,0.0000001,0.0000000
70134,0.0000242,0.0000001,0.0000000
70135,0.0000242,0.0000001,0.0000000
70136,0.0000242,0.0000001,0.0000000
70137,0.0000242,0.0000001,0.0000000
70138,0.0000242,0.0000001,0.0000000
70139,0.0000242,0.0000001,0.0000000
70140,0.0000242,0.0000001,0.0000000
70141,0.0000242,0.0000001,0.0000000
70142,0.0000242,0.0000001,0.0000000
70143,0.0000242,0.0000001,0.0000000
70144,0.0000242,0.0000001,0.0000000
70145,0.0000242,0.0000001,0.0000000
70146,0.0000242,0.0000001,0.0000000
70147,0.0000242,0.0000001,0.0000000
70148,0.0000242,0.0000001,0.0000000
70149,0.0000242,0.0000001,0.0000000
70150,0.0000242,0.0000001,0.0000000
70151,0.0000242,0.0000001,0.0000000
70152,0.0000242,0.0000001,0.0000000
70153,0.0000242,0.0000001,0.0000000
70154,0.0000241,0.0000001,0.0000000
70155,0.0000241,0.0000001,0.0000000
70156,0.0000241,0.0000001,0.0000000
70157,0.0000241,0.0000001,0.0000000
70158,0.0000241,0.0000001,0.0000000
70159,0.0000241,0.0000001,0.0000000
70160,0.0000241,0.0000001,0.0000000
70161,0.0000241,0.0000001,0.0000000
70162,0.0000241,0.0000001,0.0000000
70163,0.0000241,0.0000001,0.0000000
70164,0.0000241,0.0000001,0.0000000
70165,0.0000241,0.0000001,0.0000000
70166,0.0000241,0.0000001,0.0000000
70167,0.0000241,0.0000001,0.0000000
70168,0.0000241,0.0000001,0.0000000
70169,0.0000241,0.0000001,0.0000000
70170,0.0000241,0.0000001,0.0000000
70171,0.0000241,0.0000001,0.0000000
70172,0.0000241,0.0000001,0.0000000
70173,0.0000241,0.0000001,0.0000000
70174,0.0000241,0.0000001,0.0000000
70175,0.0000241,0.0000001,0.0000000
70176,0.0000241,0.0000001,0.0000000
70177,0.0000241,0.0000001,0.0000000
70178,0.0000241,0.0000001,0.0000000
70179,0.0000241,0.0000001,0.0000000
70180,0.0000241,0.0000001,0.0000000
70181,0.0000241,0.0000001,0.0000000
70182,0.0000241,0.0000001,0.0000000
70183,0.0000241,0.0000001,0.0000000
70184,0.0000241,0.0000001,0.0000000
70185,0.0000241,0.0000001,0.0000000
70186,0.0000241,0.0000001,0.0000000
70187,0.0000241,0.0000001,0.0000000
70188,0.0000241,0.0000001,0.0000000
70189,0.0000241,0.0000001,0.0000000
70190,0.0000241,0.0000001,0.0000000
70191,0.0000241,0.0000001,0.0000000
70192,0.0000241,0.0000001,0.0000000
70193,0.0000241,0.0000001,0.0000000
70194,0.0000241,0.0000001,0.0000000
70195,0.0000241,0.0000001,0.0000000
70196,0.0000241,0.0000001,0.0000000
70197,0.0000241,0.0000001,0.0000000
70198,0.0000241,0.0000001,0.0000000
70199,0.0000241,0.0000001,0.0000000
70200,0.0000241,0.0000001,0.0000000
70201,0.0000241,0.0000001,0.0000000
70202,0.0000241,0.0000001,0.0000000
70203,0.0000241,0.0000001,0.0000000
70204,0.0000241,0.0000001,0.0000000
70205,0.0000241,0.0000001,0.0000000
70206,0.0000241,0.0000001,0.0000000
70207,0.0000241,0.0000001,0.0000000
70208,0.0000241,0.0000001,0.0000000
70209,0.0000241,0.0000001,0.0000000
70210,0.0000241,0.0000001,0.0000000
70211,0.0000241,0.0000001,0.0000000
70212,0.0000241,0.0000001,0.0000000
70213,0.0000241,0.0000001,0.0000000
70214,0.0000241,0.0000001,0.0000000
70215,0.0000241,0.0000001,0.0000000
70216,0.0000241,0.0000001,0.0000000
70217,0.0000241,0.0000001,0.0000000
70218,0.0000241,0.0000001,0.0000000
70219,0.0000241,0.0000001,0.0000000
70220,0.0000241,0.0000001,0.0000000
70221,0.0000241,0.0000001,0.0000000
70222,0.0000241,0.0000001,0.0000000
70223,0.0000241,0.0000001,0.0000000
70224,0.0000241,0.0000001,0.0000000
70225,0.0000241,0.0000001,0.0000000
70226,0.0000241,0.0000001,0.0000000
70227,0.0000241,0.0000001,0.0000000
70228,0.0000241,0.0000001,0.0000000
70229,0.0000241,0.0000001,0.0000000
70230,0.0000241,0.0000001,0.0000000
70231,0.0000241,0.0000001,0.0000000
70232,0.0000241,0.0000001,0.0000000
70233,0.0000241,0.0000001,0.0000000
70234,0.0000241,0.0000001,0.0000000
70235,0.0000241,0.0000001,0.0000000
70236,0.0000241,0.0000001,0.0000000
70237,0.0000241,0.0000001,0.0000000
70238,0.0000241,0.0000001,0.0000000
70239,0.0000241,0.0000001,0.0000000
70240,0.0000241,0.0000001,0.0000000
70241,0.0000241,0.0000001,0.0000000
70242,0.0000241,0.0000001,0.0000000
70243,0.0000241,0.0000001,0.0000000
70244,0.0000241,0.0000001,0.0000000
70245,0.0000241,0.0000001,0.0000000
70246,0.0000241,0.0000001,0.0000000
70247,0.0000240,0.0000001,0.0000000
70248,0.0000240,0.0000001,0.0000000
70249,0.0000240,0.0000001,0.0000000
70250,0.0000240,0.0000001,0.0000000
70251,0.0000240,0.0000001,0.0000000
70252,0.0000240,0.0000001,0.0000000
70253,0.0000240,0.0000001,0.0000000
70254,0.0000240,0.0000001,0.0000000
70255,0.0000240,0.0000001,0.0000000
70256,0.0000240,0.0000001,0.0000000
70257,0.0000240,0.0000001,0.0000000
70258,0.0000240,0.0000001,0.0000000
70259,0.0000240,0.0000001,0.0000000
70260,0.0000240,0.0000001,0.0000000
70261,0.0000240,0.0000001,0.0000000
70262,0.0000240,0.0000001,0.0000000
70263,0.0000240,0.0000001,0.0000000
70264,0.0000240,0.0000001,0.0000000
70265,0.0000240,0.0000001,0.0000000
70266,0.0000240,0.0000001,0.0000000
70267,0.0000240,0.0000001,0.0000000
70268,0.0000240,0.0000001,0.0000000
70269,0.0000240,0.0000001,0.0000000
70270,0.0000240,0.0000001,0.0000000
70271,0.0000240,0.0000001,0.0000000
70272,0.0000240,0.0000001,0.0000000
70273,0.0000240,0.0000001,0.0000000
70274,0.0000240,0.0000001,0.0000000
70275,0.0000240,0.0000001,0.0000000
70276,0.0000240,0.0000001,0.0000000
70277,0.0000240,0.0000001,0.0000000
70278,0.0000240,0.0000001,0.0000000
70279,0.0000240,0.0000001,0.0000000
70280,0.0000240,0.0000001,0.0000000
70281,0.0000240,0.0000001,0.0000000
70282,0.0000240,0.0000001,0.0000000
70283,0.0000240,0.0000001,0.0000000
70284,0.0000240,0.0000001,0.0000000
70285,0.0000240,0.0000001,0.0000000
70286,0.0000240,0.0000001,0.0000000
70287,0.0000240,0.0000001,0.0000000
70288,0.0000240,0.0000001,0.0000000
70289,0.0000240,0.0000001,0.0000000
70290,0.0000240,0.0000001,0.0000000
70291,0.0000240,0.0000001,0.0000000
70292,0.0000240,0.0000001,0.0000000
70293,0.0000240,0.0000001,0.0000000
70294,0.0000240,0.0000001,0.0000000
70295,0.0000240,0.0000001,0.0000000
70296,0.0000240,0.0000001,0.0000000
70297,0.0000240,0.0000001,0.0000000
70298,0.0000240,0.0000001,0.0000000
70299,0.0000240,0.0000001,0.0000000
70300,0.0000240,0.0000001,0.0000000
70301,0.0000240,0.0000001,0.0000000
70302,0.0000240,0.0000001,0.0000000
70303,0.0000240,0.0000001,0.0000000
70304,0.0000240,0.0000001,0.0000000
70305,0.0000240,0.0000001,0.0000000
70306,0.0000240,0.0000001,0.0000000
70307,0.0000240,0.0000001,0.0000000
70308,0.0000240,0.0000001,0.0000000
70309,0.0000240,0.0000001,0.0000000
70310,0.0000240,0.0000001,0.0000000
70311,0.0000240,0.0000001,0.0000000
70312,0.0000240,0.0000001,0.0000000
70313,0.0000240,0.0000001,0.0000000
70314,0.0000240,0.0000001,0.0000000
70315,0.0000240,0.0000001,0.0000000
70316,0.0000240,0.0000001,0.0000000
70317,0.0000240,0.0000001,0.0000000
70318,0.0000240,0.0000001,0.0000000
70319,0.0000240,0.0000001,0.0000000
70320,0.0000240,0.0000001,0.0000000
70321,0.0000240,0.0000001,0.0000000
70322,0.0000240,0.0000001,0.0000000
70323,0.0000240,0.0000001,0.0000000
70324,0.0000240,0.0000001,0.0000000
70325,0.0000240,0.0000001,0.0000000
70326,0.0000240,0.0000001,0.0000000
70327,0.0000240,0.0000001,0.0000000
70328,0.0000240,0.0000001,0.0000000
70329,0.0000240,0.0000001,0.0000000
70330,0.0000240,0.0000001,0.0000000
70331,0.0000240,0.0000001,0.0000000
70332,0.0000240,0.0000001,0.0000000
70333,0.0000240,0.0000001,0.0000000
70334,0.0000240,0.0000001,0.0000000
70335,0.0000240,0.0000001,0.0000000
70336,0.0000240,0.0000001,0.0000000
70337,0.0000240,0.0000001,0.0000000
70338,0.0000240,0.0000001,0.0000000
70339,0.0000240,0.0000001,0.0000000
70340,0.0000239,0.0000001,0.0000000
70341,0.0000239,0.0000001,0.0000000
70342,0.0000239,0.0000001,0.0000000
70343,0.0000239,0.0000001,0.0000000
70344,0.0000239,0.0000001,0.0000000
70345,0.0000239,0.0000001,0.0000000
70346,0.0000239,0.0000001,0.0000000
70347,0.0000239,0.0000001,0.0000000
70348,0.0000239,0.0000001,0.0000000
70349,0.0000239,0.0000001,0.0000000
70350,0.0000239,0.0000001,0.0000000
70351,0.0000239,0.0000001,0.0000000
70352,0.0000239,0.0000001,0.0000000
70353,0.0000239,0.0000001,0.0000000
70354,0.0000239,0.0000001,0.0000000
70355,0.0000239,0.0000001,0.0000000
70356,0.0000239,0.0000001,0.0000000
70357,0.0000239,0.0000001,0.0000000
70358,0.0000239,0.0000001,0.0000000
70359,0.0000239,0.0000001,0.0000000
70360,0.0000239,0.0000001,0.0000000
70361,0.0000239,0.0000001,0.0000000
70362,0.0000239,0.0000001,0.0000000
70363,0.0000239,0.0000001,0.0000000
70364,0.0000239,0.0000001,0.0000000
70365,0.0000239,0.0000001,0.0000000
70366,0.0000239,0.0000001,0.0000000
70367,0.0000239,0.0000001,0.0000000
70368,0.0000239,0.0000001,0.0000000
70369,0.0000239,0.0000001,0.0000000
70370,0.0000239,0.0000001,0.0000000
70371,0.0000239,0.0000001,0.0000000
70372,0.0000239,0.0000001,0.0000000
70373,0.0000239,0.0000001,0.0000000
70374,0.0000239,0.0000001,0.0000000
70375,0.0000239,0.0000001,0.0000000
70376,0.0000239,0.0000001,0.0000000
70377,0.0000239,0.0000001,0.0000000
70378,0.0000239,0.0000001,0.0000000
70379,0.0000239,0.0000001,0.0000000
70380,0.0000239,0.0000001,0.0000000
70381,0.0000239,0.0000001,0.0000000
70382,0.0000239,0.0000001,0.0000000
70383,0.0000239,0.0000001,0.0000000
70384,0.0000239,0.0000001,0.0000000
70385,0.0000239,0.0000001,0.0000000
70386,0.0000239,0.0000001,0.0000000
70387,0.0000239,0.0000001,0.0000000
70388,0.0000239,0.0000001,0.0000000
70389,0.0000239,0.0000001,0.0000000
70390,0.0000239,0.0000001,0.0000000
70391,0.0000239,0.0000001,0.0000000
70392,0.0000239,0.0000001,0.0000000
70393,0.0000239,0.0000001,0.0000000
70394,0.0000239,0.0000001,0.0000000
70395,0.0000239,0.0000001,0.0000000
70396,0.0000239,0.0000001,0.0000000
70397,0.0000239,0.0000001,0.0000000
70398,0.0000239,0.0000001,0.0000000
70399,0.0000239,0.0000001,0.0000000
70400,0.0000239,0.0000001,0.0000000
70401,0.0000239,0.0000001,0.0000000
70402,0.0000239,0.0000001,0.0000000
70403,0.0000239,0.0000001,0.0000000
70404,0.0000239,0.0000001,0.0000000
70405,0.0000239,0.0000001,0.0000000
70406,0.0000239,0.0000001,0.0000000
70407,0.0000239,0.0000001,0.0000000
70408,0.0000239,0.0000001,0.0000000
70409,0.0000239,0.0000001,0.0000000
70410,0.0000239,0.0000001,0.0000000
70411,0.0000239,0.0000001,0.0000000
70412,0.0000239,0.0000001,0.0000000
70413,0.0000239,0.0000001,0.0000000
70414,0.0000239,0.0000001,0.0000000
70415,0.0000239,0.0000001,0.0000000
70416,0.0000239,0.0000001,0.0000000
70417,0.0000239,0.0000001,0.0000000
70418,0.0000239,0.0000001,0.0000000
70419,0.0000239,0.0000001,0.0000000
70420,0.0000239,0.0000001,0.0000000
70421,0.0000239,0.0000001,0.0000000
70422,0.0000239,0.0000001,0.0000000
70423,0.0000239,0.0000001,0.0000000
70424,0.0000239,0.0000001,0.0000000
70425,0.0000239,0.0000001,0.0000000
70426,0.0000239,0.0000001,0.0000000
70427,0.0000239,0.0000001,0.0000000
70428,0.0000239,0.0000001,0.0000000
70429,0.0000239,0.0000001,0.0000000
70430,0.0000239,0.0000001,0.0000000
70431,0.0000239,0.0000001,0.0000000
70432,0.0000239,0.0000001,0.0000000
70433,0.0000239,0.0000001,0.0000000
70434,0.0000238,0.0000001,0.0000000
70435,0.0000238,0.0000001,0.0000000
70436,0.0000238,0.0000001,0.0000000
70437,0.0000238,0.0000001,0.0000000
70438,0.0000238,0.0000001,0.0000000
70439,0.0000238,0.0000001,0.0000000
70440,0.0000238,0.0000001,0.0000000
70441,0.0000238,0.0000001,0.0000000
70442,0.0000238,0.0000001,0.0000000
70443,0.0000238,0.0000001,0.0000000
70444,0.0000238,0.0000001,0.0000000
70445,0.0000238,0.0000001,0.0000000
70446,0.0000238,0.0000001,0.0000000
70447,0.0000238,0.0000001,0.0000000
70448,0.0000238,0.0000001,0.0000000
70449,0.0000238,0.0000001,0.0000000
70450,0.0000238,0.0000001,0.0000000
70451,0.0000238,0.0000001,0.0000000
70452,0.0000238,0.0000001,0.0000000
70453,0.0000238,0.0000001,0.0000000
70454,0.0000238,0.0000001,0.0000000
70455,0.0000238,0.0000001,0.0000000
70456,0.0000238,0.0000001,0.0000000
70457,0.0000238,0.0000001,0.0000000
70458,0.0000238,0.0000001,0.0000000
70459,0.0000238,0.0000001,0.0000000
70460,0.0000238,0.0000001,0.0000000
70461,0.0000238,0.0000001,0.0000000
70462,0.0000238,0.0000001,0.0000000
70463,0.0000238,0.0000001,0.0000000
70464,0.0000238,0.0000001,0.0000000
70465,0.0000238,0.0000001,0.0000000
70466,0.0000238,0.0000001,0.0000000
70467,0.0000238,0.0000001,0.0000000
70468,0.0000238,0.0000001,0.0000000
70469,0.0000238,0.0000001,0.0000000
70470,0.0000238,0.0000001,0.0000000
70471,0.0000238,0.0000001,0.0000000
70472,0.0000238,0.0000001,0.0000000
70473,0.0000238,0.0000001,0.0000000
70474,0.0000238,0.0000001,0.0000000
70475,0.0000238,0.0000001,0.0000000
70476,0.0000238,0.0000001,0.0000000
70477,0.0000238,0.0000001,0.0000000
70478,0.0000238,0.0000001,0.0000000
70479,0.0000238,0.0000001,0.0000000
70480,0.0000238,0.0000001,0.0000000
70481,0.0000238,0.0000001,0.0000000
70482,0.0000238,0.0000001,0.0000000
70483,0.0000238,0.0000001,0.0000000
70484,0.0000238,0.0000001,0.0000000
70485,0.0000238,0.0000001,0.0000000
70486,0.0000238,0.0000001,0.0000000
70487,0.0000238,0.0000001,0.0000000
70488,0.0000238,0.0000001,0.0000000
70489,0.0000238,0.0000001,0.0000000
70490,0.0000238,0.0000001,0.0000000
70491,0.0000238,0.0000001,0.0000000
70492,0.0000238,0.0000001,0.0000000
70493,0.0000238,0.0000001,0.0000000
70494,0.0000238,0.0000001,0.0000000
70495,0.0000238,0.0000001,0.0000000
70496,0.0000238,0.0000001,0.0000000
70497,0.0000238,0.0000001,0.0000000
70498,0.0000238,0.0000001,0.0000000
70499,0.0000238,0.0000001,0.0000000
70500,0.0000238,0.0000001,0.0000000
70501,0.0000238,0.0000001,0.0000000
70502,0.0000238,0.0000001,0.0000000
70503,0.0000238,0.0000001,0.0000000
70504,0.0000238,0.0000001,0.0000000
70505,0.0000238,0.0000001,0.0000000
70506,0.0000238,0.0000001,0.0000000
70507,0.0000238,0.0000001,0.0000000
70508,0.0000238,0.0000001,0.0000000
70509,0.0000238,0.0000001,0.0000000
70510,0.0000238,0.0000001,0.0000000
70511,0.0000238,0.0000001,0.0000000
70512,0.0000238,0.0000001,0.0000000
70513,0.0000238,0.0000001,0.0000000
70514,0.0000238,0.0000001,0.0000000
70515,0.0000238,0.0000001,0.0000000
70516,0.0000238,0.0000001,0.0000000
70517,0.0000238,0.0000001,0.0000000
70518,0.0000238,0.0000001,0.0000000
70519,0.0000238,0.0000001,0.0000000
70520,0.0000238,0.0000001,0.0000000
70521,0.0000238,0.0000001,0.0000000
70522,0.0000238,0.0000001,0.0000000
70523,0.0000238,0.0000001,0.0000000
70524,0.0000238,0.0000001,0.0000000
70525,0.0000238,0.0000001,0.0000000
70526,0.0000238,0.0000001,0.0000000
70527,0.0000238,0.0000001,0.0000000
70528,0.0000237,0.0000001,0.0000000
70529,0.0000237,0.0000001,0.0000000
70530,0.0000237,0.0000001,0.0000000
70531,0.0000237,0.0000001,0.0000000
70532,0.0000237,0.0000001,0.0000000
70533,0.0000237,0.0000001,0.0000000
70534,0.0000237,0.0000001,0.0000000
70535,0.0000237,0.0000001,0.0000000
70536,0.0000237,0.0000001,0.0000000
70537,0.0000237,0.0000001,0.0000000
70538,0.0000237,0.0000001,0.0000000
70539,0.0000237,0.0000001,0.0000000
70540,0.0000237,0.0000001,0.0000000
70541,0.0000237,0.0000001,0.0000000
70542,0.0000237,0.0000001,0.0000000
70543,0.0000237,0.0000001,0.0000000
70544,0.0000237,0.0000001,0.0000000
70545,0.0000237,0.0000001,0.0000000
70546,0.0000237,0.0000001,0.0000000
70547,0.0000237,0.0000001,0.0000000
70548,0.0000237,0.0000001,0.0000000
70549,0.0000237,0.0000001,0.0000000
70550,0.0000237,0.0000001,0.0000000
70551,0.0000237,0.0000001,0.0000000
70552,0.0000237,0.0000001,0.0000000
70553,0.0000237,0.0000001,0.0000000
70554,0.0000237,0.0000001,0.0000000
70555,0.0000237,0.0000001,0.0000000
70556,0.0000237,0.0000001,0.0000000
70557,0.0000237,0.0000001,0.0000000
70558,0.0000237,0.0000001,0.0000000
70559,0.0000237,0.0000001,0.0000000
70560,0.0000237,0.0000001,0.0000000
70561,0.0000237,0.0000001,0.0000000
70562,0.0000237,0.0000001,0.0000000
70563,0.0000237,0.0000001,0.0000000
70564,0.0000237,0.0000001,0.0000000
70565,0.0000237,0.0000001,0.0000000
70566,0.0000237,0.0000001,0.0000000
70567,0.0000237,0.0000001,0.0000000
70568,0.0000237,0.0000001,0.0000000
70569,0.0000237,0.0000001,0.0000000
70570,0.0000237,0.0000001,0.0000000
70571,0.0000237,0.0000001,0.0000000
70572,0.0000237,0.0000001,0.0000000
70573,0.0000237,0.0000001,0.0000000
70574,0.0000237,0.0000001,0.0000000
70575,0.0000237,0.0000001,0.0000000
70576,0.0000237,0.0000001,0.0000000
70577,0.0000237,0.0000001,0.0000000
70578,0.0000237,0.0000001,0.0000000
70579,0.0000237,0.0000001,0.0000000
70580,0.0000237,0.0000001,0.0000000
70581,0.0000237,0.0000001,0.0000000
70582,0.0000237,0.0000001,0.0000000
70583,0.0000237,0.0000001,0.0000000
70584,0.0000237,0.0000001,0.0000000
70585,0.0000237,0.0000001,0.0000000
70586,0.0000237,0.0000001,0.0000000
70587,0.0000237,0.0000001,0.0000000
70588,0.0000237,0.0000001,0.0000000
70589,0.0000237,0.0000001,0.0000000
70590,0.0000237,0.0000001,0.0000000
70591,0.0000237,0.0000001,0.0000000
70592,0.0000237,0.0000001,0.0000000
70593,0.0000237,0.0000001,0.0000000
70594,0.0000237,0.0000001,0.0000000
70595,0.0000237,0.0000001,0.0000000
70596,0.0000237,0.0000001,0.0000000
70597,0.0000237,0.0000001,0.0000000
70598,0.0000237,0.0000001,0.0000000
70599,0.0000237,0.0000001,0.0000000
70600,0.0000237,0.0000001,0.0000000
70601,0.0000237,0.0000001,0.0000000
70602,0.0000237,0.0000001,0.0000000
70603,0.0000237,0.0000001,0.0000000
70604,0.0000237,0.0000001,0.0000000
70605,0.0000237,0.0000001,0.0000000
70606,0.0000237,0.0000001,0.0000000
70607,0.0000237,0.0000001,0.0000000
70608,0.0000237,0.0000001,0.0000000
70609,0.0000237,0.0000001,0.0000000
70610,0.0000237,0.0000001,0.0000000
70611,0.0000237,0.0000001,0.0000000
70612,0.0000237,0.0000001,0.0000000
70613,0.0000237,0.0000001,0.0000000
70614,0.0000237,0.0000001,0.0000000
70615,0.0000237,0.0000001,0.0000000
70616,0.0000237,0.0000001,0.0000000
70617,0.0000237,0.0000001,0.0000000
70618,0.0000237,0.0000001,0.0000000
70619,0.0000237,0.0000001,0.0000000
70620,0.0000237,0.0000001,0.0000000
70621,0.0000237,0.0000001,0.0000000
70622,0.0000236,0.0000001,0.0000000
70623,0.0000236,0.0000001,0.0000000
70624,0.0000236,0.0000001,0.0000000
70625,0.0000236,0.0000001,0.0000000
70626,0.0000236,0.0000001,0.0000000
70627,0.0000236,0.0000001,0.0000000
70628,0.0000236,0.0000001,0.0000000
70629,0.0000236,0.0000001,0.0000000
70630,0.0000236,0.0000001,0.0000000
70631,0.0000236,0.0000001,0.0000000
70632,0.0000236,0.0000001,0.0000000
70633,0.0000236,0.0000001,0.0000000
70634,0.0000236,0.0000001,0.0000000
70635,0.0000236,0.0000001,0.0000000
70636,0.0000236,0.0000001,0.0000000
70637,0.0000236,0.0000001,0.0000000
70638,0.0000236,0.0000001,0.0000000
70639,0.0000236,0.0000001,0.0000000
70640,0.0000236,0.0000001,0.0000000
70641,0.0000236,0.0000001,0.0000000
70642,0.0000236,0.0000001,0.0000000
70643,0.0000236,0.0000001,0.0000000
70644,0.0000236,0.0000001,0.0000000
70645,0.0000236,0.0000001,0.0000000
70646,0.0000236,0.0000001,0.0000000
70647,0.0000236,0.0000001,0.0000000
70648,0.0000236,0.0000001,0.0000000
70649,0.0000236,0.0000001,0.0000000
70650,0.0000236,0.0000001,0.0000000
70651,0.0000236,0.0000001,0.0000000
70652,0.0000236,0.0000001,0.0000000
70653,0.0000236,0.0000001,0.0000000
70654,0.0000236,0.0000001,0.0000000
70655,0.0000236,0.0000001,0.0000000
70656,0.0000236,0.0000001,0.0000000
70657,0.0000236,0.0000001,0.0000000
70658,0.0000236,0.0000001,0.0000000
70659,0.0000236,0.0000001,0.0000000
70660,0.0000236,0.0000001,0.0000000
70661,0.0000236,0.0000001,0.0000000
70662,0.0000236,0.0000001,0.0000000
70663,0.0000236,0.0000001,0.0000000
70664,0.0000236,0.0000001,0.0000000
70665,0.0000236,0.0000001,0.0000000
70666,0.0000236,0.0000001,0.0000000
70667,0.0000236,0.0000001,0.0000000
70668,0.0000236,0.0000001,0.0000000
70669,0.0000236,0.0000001,0.0000000
70670,0.0000236,0.0000001,0.0000000
70671,0.0000236,0.0000001,0.0000000
70672,0.0000236,0.0000001,0.0000000
70673,0.0000236,0.0000001,0.0000000
70674,0.0000236,0.0000001,0.0000000
70675,0.0000236,0.0000001,0.0000000
70676,0.0000236,0.0000001,0.0000000
70677,0.0000236,0.0000001,0.0000000
70678,0.0000236,0.0000001,0.0000000
70679,0.0000236,0.0000001,0.0000000
70680,0.0000236,0.0000001,0.0000000
70681,0.0000236,0.0000001,0.0000000
70682,0.0000236,0.0000001,0.0000000
70683,0.0000236,0.0000001,0.0000000
70684,0.0000236,0.0000001,0.0000000
70685,0.0000236,0.0000001,0.0000000
70686,0.0000236,0.0000001,0.0000000
70687,0.0000236,0.0000001,0.0000000
70688,0.0000236,0.0000001,0.0000000
70689,0.0000236,0.0000001,0.0000000
70690,0.0000236,0.0000001,0.0000000
70691,0.0000236,0.0000001,0.0000000
70692,0.0000236,0.0000001,0.0000000
70693,0.0000236,0.0000001,0.0000000
70694,0.0000236,0.0000001,0.0000000
70695,0.0000236,0.0000001,0.0000000
70696,0.0000236,0.0000001,0.0000000
70697,0.0000236,0.0000001,0.0000000
70698,0.0000236,0.0000001,0.0000000
70699,0.0000236,0.0000001,0.0000000
70700,0.0000236,0.0000001,0.0000000
70701,0.0000236,0.0000001,0.0000000
70702,0.0000236,0.0000001,0.0000000
70703,0.0000236,0.0000001,0.0000000
70704,0.0000236,0.0000001,0.0000000
70705,0.0000236,0.0000001,0.0000000
70706,0.0000236,0.0000001,0.0000000
70707,0.0000236,0.0000001,0.0000000
70708,0.0000236,0.0000001,0.0000000
70709,0.0000236,0.0000001,0.0000000
70710,0.0000236,0.0000001,0.0000000
70711,0.0000236,0.0000001,0.0000000
70712,0.0000236,0.0000001,0.0000000
70713,0.0000236,0.0000001,0.0000000
70714,0.0000236,0.0000001,0.0000000
70715,0.0000236,0.0000001,0.0000000
70716,0.0000236,0.0000001,0.0000000
70717,0.0000235,0.0000001,0.0000000
70718,0.0000235,0.0000001,0.0000000
70719,0.0000235,0.0000001,0.0000000
70720,0.0000235,0.0000001,0.0000000
70721,0.0000235,0.0000001,0.0000000
70722,0.0000235,0.0000001,0.0000000
70723,0.0000235,0.0000001,0.0000000
70724,0.0000235,0.0000001,0.0000000
70725,0.0000235,0.0000001,0.0000000
70726,0.0000235,0.0000001,0.0000000
70727,0.0000235,0.0000001,0.0000000
70728,0.0000235,0.0000001,0.0000000
70729,0.0000235,0.0000001,0.0000000
70730,0.0000235,0.0000001,0.0000000
70731,0.0000235,0.0000001,0.0000000
70732,0.0000235,0.0000001,0.0000000
70733,0.0000235,0.0000001,0.0000000
70734,0.0000235,0.0000001,0.0000000
70735,0.0000235,0.0000001,0.0000000
70736,0.0000235,0.0000001,0.0000000
70737,0.0000235,0.0000001,0.0000000
70738,0.0000235,0.0000001,0.0000000
70739,0.0000235,0.0000001,0.0000000
70740,0.0000235,0.0000001,0.0000000
70741,0.0000235,0.0000001,0.0000000
70742,0.0000235,0.0000001,0.0000000
70743,0.0000235,0.0000001,0.0000000
70744,0.0000235,0.0000001,0.0000000
70745,0.0000235,0.0000001,0.0000000
70746,0.0000235,0.0000001,0.0000000
70747,0.0000235,0.0000001,0.0000000
70748,0.0000235,0.0000001,0.0000000
70749,0.0000235,0.0000001,0.0000000
70750,0.0000235,0.0000001,0.0000000
70751,0.0000235,0.0000001,0.0000000
70752,0.0000235,0.0000001,0.0000000
70753,0.0000235,0.0000001,0.0000000
70754,0.0000235,0.0000001,0.0000000
70755,0.0000235,0.0000001,0.0000000
70756,0.0000235,0.0000001,0.0000000
70757,0.0000235,0.0000001,0.0000000
70758,0.0000235,0.0000001,0.0000000
70759,0.0000235,0.0000001,0.0000000
70760,0.0000235,0.0000001,0.0000000
70761,0.0000235,0.0000001,0.0000000
70762,0.0000235,0.0000001,0.0000000
70763,0.0000235,0.0000001,0.0000000
70764,0.0000235,0.0000001,0.0000000
70765,0.0000235,0.0000001,0.0000000
70766,0.0000235,0.0000001,0.0000000
70767,0.0000235,0.0000001,0.0000000
70768,0.0000235,0.0000001,0.0000000
70769,0.0000235,0.0000001,0.0000000
70770,0.0000235,0.0000001,0.0000000
70771,0.0000235,0.0000001,0.0000000
70772,0.0000235,0.0000001,0.0000000
70773,0.0000235,0.0000001,0.0000000
70774,0.0000235,0.0000001,0.0000000
70775,0.0000235,0.0000001,0.0000000
70776,0.0000235,0.0000001,0.0000000
70777,0.0000235,0.0000001,0.0000000
70778,0.0000235,0.0000001,0.0000000
70779,0.0000235,0.0000001,0.0000000
70780,0.0000235,0.0000001,0.0000000
70781,0.0000235,0.0000001,0.0000000
70782,0.0000235,0.0000001,0.0000000
70783,0.0000235,0.0000001,0.0000000
70784,0.0000235,0.0000001,0.0000000
70785,0.0000235,0.0000001,0.0000000
70786,0.0000235,0.0000001,0.0000000
70787,0.0000235,0.0000001,0.0000000
70788,0.0000235,0.0000001,0.0000000
70789,0.0000235,0.0000001,0.0000000
70790,0.0000235,0.0000001,0.0000000
70791,0.0000235,0.0000001,0.0000000
70792,0.0000235,0.0000001,0.0000000
70793,0.0000235,0.0000001,0.0000000
70794,0.0000235,0.0000001,0.0000000
70795,0.0000235,0.0000001,0.0000000
70796,0.0000235,0.0000001,0.0000000
70797,0.0000235,0.0000001,0.0000000
70798,0.0000235,0.0000001,0.0000000
70799,0.0000235,0.0000001,0.0000000
70800,0.0000235,0.0000001,0.0000000
70801,0.0000235,0.0000001,0.0000000
70802,0.0000235,0.0000001,0.0000000
70803,0.0000235,0.0000001,0.0000000
70804,0.0000235,0.0000001,0.0000000
70805,0.0000235,0.0000001,0.0000000
70806,0.0000235,0.0000001,0.0000000
70807,0.0000235,0.0000001,0.0000000
70808,0.0000235,0.0000001,0.0000000
70809,0.0000235,0.0000001,0.0000000
70810,0.0000235,0.0000001,0.0000000
70811,0.0000235,0.0000001,0.0000000
70812,0.0000234,0.0000001,0.0000000
70813,0.0000234,0.0000001,0.0000000
70814,0.0000234,0.0000001,0.0000000
70815,0.0000234,0.0000001,0.0000000
70816,0.0000234,0.0000001,0.0000000
70817,0.0000234,0.0000001,0.0000000
70818,0.0000234,0.0000001,0.0000000
70819,0.0000234,0.0000001,0.0000000
70820,0.0000234,0.0000001,0.0000000
70821,0.0000234,0.0000001,0.0000000
70822,0.0000234,0.0000001,0.0000000
70823,0.0000234,0.0000001,0.0000000
70824,0.0000234,0.0000001,0.0000000
70825,0.0000234,0.0000001,0.0000000
70826,0.0000234,0.0000001,0.0000000
70827,0.0000234,0.0000001,0.0000000
70828,0.0000234,0.0000001,0.0000000
70829,0.0000234,0.0000001,0.0000000
70830,0.0000234,0.0000001,0.0000000
70831,0.0000234,0.0000001,0.0000000
70832,0.0000234,0.0000001,0.0000000
70833,0.0000234,0.0000001,0.0000000
70834,0.0000234,0.0000001,0.0000000
70835,0.0000234,0.0000001,0.0000000
70836,0.0000234,0.0000001,0.0000000
70837,0.0000234,0.0000001,0.0000000
70838,0.0000234,0.0000001,0.0000000
70839,0.0000234,0.0000001,0.0000000
70840,0.0000234,0.0000001,0.0000000
70841,0.0000234,0.0000001,0.0000000
70842,0.0000234,0.0000001,0.0000000
70843,0.0000234,0.0000001,0.0000000
70844,0.0000234,0.0000001,0.0000000
70845,0.0000234,0.0000001,0.0000000
70846,0.0000234,0.0000001,0.0000000
70847,0.0000234,0.0000001,0.0000000
70848,0.0000234,0.0000001,0.0000000
70849,0.0000234,0.0000001,0.0000000
70850,0.0000234,0.0000001,0.0000000
70851,0.0000234,0.0000001,0.0000000
70852,0.0000234,0.0000001,0.0000000
70853,0.0000234,0.0000001,0.0000000
70854,0.0000234,0.0000001,0.0000000
70855,0.0000234,0.0000001,0.0000000
70856,0.0000234,0.0000001,0.0000000
70857,0.0000234,0.0000001,0.0000000
70858,0.0000234,0.0000001,0.0000000
70859,0.0000234,0.0000001,0.0000000
70860,0.0000234,0.0000001,0.0000000
70861,0.0000234,0.0000001,0.0000000
70862,0.0000234,0.0000001,0.0000000
70863,0.0000234,0.0000001,0.0000000
70864,0.0000234,0.0000001,0.0000000
70865,0.0000234,0.0000001,0.0000000
70866,0.0000234,0.0000001,0.0000000
70867,0.0000234,0.0000001,0.0000000
70868,0.0000234,0.0000001,0.0000000
70869,0.0000234,0.0000001,0.0000000
70870,0.0000234,0.0000001,0.0000000
70871,0.0000234,0.0000001,0.0000000
70872,0.0000234,0.0000001,0.0000000
70873,0.0000234,0.0000001,0.0000000
70874,0.0000234,0.0000001,0.0000000
70875,0.0000234,0.0000001,0.0000000
70876,0.0000234,0.0000001,0.0000000
70877,0.0000234,0.0000001,0.0000000
70878,0.0000234,0.0000001,0.0000000
70879,0.0000234,0.0000001,0.0000000
70880,0.0000234,0.0000001,0.0000000
70881,0.0000234,0.0000001,0.0000000
70882,0.0000234,0.0000001,0.0000000
70883,0.0000234,0.0000001,0.0000000
70884,0.0000234,0.0000001,0.0000000
70885,0.0000234,0.0000001,0.0000000
70886,0.0000234,0.0000001,0.0000000
70887,0.0000234,0.0000001,0.0000000
70888,0.0000234,0.0000001,0.0000000
70889,0.0000234,0.0000001,0.0000000
70890,0.0000234,0.0000001,0.0000000
70891,0.0000234,0.0000001,0.0000000
70892,0.0000234,0.0000001,0.0000000
70893,0.0000234,0.0000001,0.0000000
70894,0.0000234,0.0000001,0.0000000
70895,0.0000234,0.0000001,0.0000000
70896,0.0000234,0.0000001,0.0000000
70897,0.0000234,0.0000001,0.0000000
70898,0.0000234,0.0000001,0.0000000
70899,0.0000234,0.0000001,0.0000000
70900,0.0000234,0.0000001,0.0000000
70901,0.0000234,0.0000001,0.0000000
70902,0.0000234,0.0000001,0.0000000
70903,0.0000234,0.0000001,0.0000000
70904,0.0000234,0.0000001,0.0000000
70905,0.0000234,0.0000001,0.0000000
70906,0.0000234,0.0000001,0.0000000
70907,0.0000234,0.0000001,0.0000000
70908,0.0000233,0.0000001,0.0000000
70909,0.0000233,0.0000001,0.0000000
70910,0.0000233,0.0000001,0.0000000
70911,0.0000233,0.0000001,0.0000000
70912,0.0000233,0.0000001,0.0000000
70913,0.0000233,0.0000001,0.0000000
70914,0.0000233,0.0000001,0.0000000
70915,0.0000233,0.0000001,0.0000000
70916,0.0000233,0.0000001,0.0000000
70917,0.0000233,0.0000001,0.0000000
70918,0.0000233,0.0000001,0.0000000
70919,0.0000233,0.0000001,0.0000000
70920,0.0000233,0.0000001,0.0000000
70921,0.0000233,0.0000001,0.0000000
70922,0.0000233,0.0000001,0.0000000
70923,0.0000233,0.0000001,0.0000000
70924,0.0000233,0.0000001,0.0000000
70925,0.0000233,0.0000001,0.0000000
70926,0.0000233,0.0000001,0.0000000
70927,0.0000233,0.0000001,0.0000000
70928,0.0000233,0.0000001,0.0000000
70929,0.0000233,0.0000001,0.0000000
70930,0.0000233,0.0000001,0.0000000
70931,0.0000233,0.0000001,0.0000000
70932,0.0000233,0.0000001,0.0000000
70933,0.0000233,0.0000001,0.0000000
70934,0.0000233,0.0000001,0.0000000
70935,0.0000233,0.0000001,0.0000000
70936,0.0000233,0.0000001,0.0000000
70937,0.0000233,0.0000001,0.0000000
70938,0.0000233,0.0000001,0.0000000
70939,0.0000233,0.0000001,0.0000000
70940,0.0000233,0.0000001,0.0000000
70941,0.0000233,0.0000001,0.0000000
70942,0.0000233,0.0000001,0.0000000
70943,0.0000233,0.0000001,0.0000000
70944,0.0000233,0.0000001,0.0000000
70945,0.0000233,0.0000001,0.0000000
70946,0.0000233,0.0000001,0.0000000
70947,0.0000233,0.0000001,0.0000000
70948,0.0000233,0.0000001,0.0000000
70949,0.0000233,0.0000001,0.0000000
70950,0.0000233,0.0000001,0.0000000
70951,0.0000233,0.0000001,0.0000000
70952,0.0000233,0.0000001,0.0000000
70953,0.0000233,0.0000001,0.0000000
70954,0.0000233,0.0000001,0.0000000
70955,0.0000233,0.0000001,0.0000000
70956,0.0000233,0.0000001,0.0000000
70957,0.0000233,0.0000001,0.0000000
70958,0.0000233,0.0000001,0.0000000
70959,0.0000233,0.0000001,0.0000000
70960,0.0000233,0.0000001,0.0000000
70961,0.0000233,0.0000001,0.0000000
70962,0.0000233,0.0000001,0.0000000
70963,0.0000233,0.0000001,0.0000000
70964,0.0000233,0.0000001,0.0000000
70965,0.0000233,0.0000001,0.0000000
70966,0.0000233,0.0000001,0.0000000
70967,0.0000233,0.0000001,0.0000000
70968,0.0000233,0.0000001,0.0000000
70969,0.0000233,0.0000001,0.0000000
70970,0.0000233,0.0000001,0.0000000
70971,0.0000233,0.0000001,0.0000000
70972,0.0000233,0.0000001,0.0000000
70973,0.0000233,0.0000001,0.0000000
70974,0.0000233,0.0000001,0.0000000
70975,0.0000233,0.0000001,0.0000000
70976,0.0000233,0.0000001,0.0000000
70977,0.0000233,0.0000001,0.0000000
70978,0.0000233,0.0000001,0.0000000
70979,0.0000233,0.0000001,0.0000000
70980,0.0000233,0.0000001,0.0000000
70981,0.0000233,0.0000001,0.0000000
70982,0.0000233,0.0000001,0.0000000
70983,0.0000233,0.0000001,0.0000000
70984,0.0000233,0.0000001,0.0000000
70985,0.0000233,0.0000001,0.0000000
70986,0.0000233,0.0000001,0.0000000
70987,0.0000233,0.0000001,0.0000000
70988,0.0000233,0.0000001,0.0000000
70989,0.0000233,0.0000001,0.0000000
70990,0.0000233,0.0000001,0.0000000
70991,0.0000233,0.0000001,0.0000000
70992,0.0000233,0.0000001,0.0000000
70993,0.0000233,0.0000001,0.0000000
70994,0.0000233,0.0000001,0.0000000
70995,0.0000233,0.0000001,0.0000000
70996,0.0000233,0.0000001,0.0000000
70997,0.0000233,0.0000001,0.0000000
70998,0.0000233,0.0000001,0.0000000
70999,0.0000233,0.0000001,0.0000000
71000,0.0000233,0.0000001,0.0000000
71001,0.0000233,0.0000001,0.0000000
71002,0.0000233,0.0000001,0.0000000
71003,0.0000233,0.0000001,0.0000000
71004,0.0000232,0.0000001,0.0000000
71005,0.0000232,0.0000001,0.0000000
71006,0.0000232,0.0000001,0.0000000
71007,0.0000232,0.0000001,0.0000000
71008,0.0000232,0.0000001,0.0000000
71009,0.0000232,0.0000001,0.0000000
71010,0.0000232,0.0000001,0.0000000
71011,0.0000232,0.0000001,0.0000000
71012,0.0000232,0.0000001,0.0000000
71013,0.0000232,0.0000001,0.0000000
71014,0.0000232,0.0000001,0.0000000
71015,0.0000232,0.0000001,0.0000000
71016,0.0000232,0.0000001,0.0000000
71017,0.0000232,0.0000001,0.0000000
71018,0.0000232,0.0000001,0.0000000
71019,0.0000232,0.0000001,0.0000000
71020,0.0000232,0.0000001,0.0000000
71021,0.0000232,0.0000001,0.0000000
71022,0.0000232,0.0000001,0.0000000
71023,0.0000232,0.0000001,0.0000000
71024,0.0000232,0.0000001,0.0000000
71025,0.0000232,0.0000001,0.0000000
71026,0.0000232,0.0000001,0.0000000
71027,0.0000232,0.0000001,0.0000000
71028,0.0000232,0.0000001,0.0000000
71029,0.0000232,0.0000001,0.0000000
71030,0.0000232,0.0000001,0.0000000
71031,0.0000232,0.0000001,0.0000000
71032,0.0000232,0.0000001,0.0000000
71033,0.0000232,0.0000001,0.0000000
71034,0.0000232,0.0000001,0.0000000
71035,0.0000232,0.0000001,0.0000000
71036,0.0000232,0.0000001,0.0000000
71037,0.0000232,0.0000001,0.0000000
71038,0.0000232,0.0000001,0.0000000
71039,0.0000232,0.0000001,0.0000000
71040,0.0000232,0.0000001,0.0000000
71041,0.0000232,0.0000001,0.0000000
71042,0.0000232,0.0000001,0.0000000
71043,0.0000232,0.0000001,0.0000000
71044,0.0000232,0.0000001,0.0000000
71045,0.0000232,0.0000001,0.0000000
71046,0.0000232,0.0000001,0.0000000
71047,0.0000232,0.0000001,0.0000000
71048,0.0000232,0.0000001,0.0000000
71049,0.0000232,0.0000001,0.0000000
71050,0.0000232,0.0000001,0.0000000
71051,0.0000232,0.0000001,0.0000000
71052,0.0000232,0.0000001,0.0000000
71053,0.0000232,0.0000001,0.0000000
71054,0.0000232,0.0000001,0.0000000
71055,0.0000232,0.0000001,0.0000000
71056,0.0000232,0.0000001,0.0000000
71057,0.0000232,0.0000001,0.0000000
71058,0.0000232,0.0000001,0.0000000
71059,0.0000232,0.0000001,0.0000000
71060,0.0000232,0.0000001,0.0000000
71061,0.0000232,0.0000001,0.0000000
71062,0.0000232,0.0000001,0.0000000
71063,0.0000232,0.0000001,0.0000000
71064,0.0000232,0.0000001,0.0000000
71065,0.0000232,0.0000001,0.0000000
71066,0.0000232,0.0000001,0.0000000
71067,0.0000232,0.0000001,0.0000000
71068,0.0000232,0.0000001,0.0000000
71069,0.0000232,0.0000001,0.0000000
71070,0.0000232,0.0000001,0.0000000
71071,0.0000232,0.0000001,0.0000000
71072,0.0000232,0.0000001,0.0000000
71073,0.0000232,0.0000001,0.0000000
71074,0.0000232,0.0000001,0.0000000
71075,0.0000232,0.0000001,0.0000000
71076,0.0000232,0.0000001,0.0000000
71077,0.0000232,0.0000001,0.0000000
71078,0.0000232,0.0000001,0.0000000
71079,0.0000232,0.0000001,0.0000000
71080,0.0000232,0.0000001,0.0000000
71081,0.0000232,0.0000001,0.0000000
71082,0.0000232,0.0000001,0.0000000
71083,0.0000232,0.0000001,0.0000000
71084,0.0000232,0.0000001,0.0000000
71085,0.0000232,0.0000001,0.0000000
71086,0.0000232,0.0000001,0.0000000
71087,0.0000232,0.0000001,0.0000000
71088,0.0000232,0.0000001,0.0000000
71089,0.0000232,0.0000001,0.0000000
71090,0.0000232,0.0000001,0.0000000
71091,0.0000232,0.0000001,0.0000000
71092,0.0000232,0.0000001,0.0000000
71093,0.0000232,0.0000001,0.0000000
71094,0.0000232,0.0000001,0.0000000
71095,0.0000232,0.0000001,0.0000000
71096,0.0000232,0.0000001,0.0000000
71097,0.0000232,0.0000001,0.0000000
71098,0.0000232,0.0000001,0.0000000
71099,0.0000232,0.0000001,0.0000000
71100,0.0000231,0.0000001,0.0000000
71101,0.0000231,0.0000001,0.0000000
71102,0.0000231,0.0000001,0.0000000
71103,0.0000231,0.0000001,0.0000000
71104,0.0000231,0.0000001,0.0000000
71105,0.0000231,0.0000001,0.0000000
71106,0.0000231,0.0000001,0.0000000
71107,0.0000231,0.0000001,0.0000000
71108,0.0000231,0.0000001,0.0000000
71109,0.0000231,0.0000001,0.0000000
71110,0.0000231,0.0000001,0.0000000
71111,0.0000231,0.0000001,0.0000000
71112,0.0000231,0.0000001,0.0000000
71113,0.0000231,0.0000001,0.0000000
71114,0.0000231,0.0000001,0.0000000
71115,0.0000231,0.0000001,0.0000000
71116,0.0000231,0.0000001,0.0000000
71117,0.0000231,0.0000001,0.0000000
71118,0.0000231,0.0000001,0.0000000
71119,0.0000231,0.0000001,0.0000000
71120,0.0000231,0.0000001,0.0000000
71121,0.0000231,0.0000001,0.0000000
71122,0.0000231,0.0000001,0.0000000
71123,0.0000231,0.0000001,0.0000000
71124,0.0000231,0.0000001,0.0000000
71125,0.0000231,0.0000001,0.0000000
71126,0.0000231,0.0000001,0.0000000
71127,0.0000231,0.0000001,0.0000000
71128,0.0000231,0.0000001,0.0000000
71129,0.0000231,0.0000001,0.0000000
71130,0.0000231,0.0000001,0.0000000
71131,0.0000231,0.0000001,0.0000000
71132,0.0000231,0.0000001,0.0000000
71133,0.0000231,0.0000001,0.0000000
71134,0.0000231,0.0000001,0.0000000
71135,0.0000231,0.0000001,0.0000000
71136,0.0000231,0.0000001,0.0000000
71137,0.0000231,0.0000001,0.0000000
71138,0.0000231,0.0000001,0.0000000
71139,0.0000231,0.0000001,0.0000000
71140,0.0000231,0.0000001,0.0000000
71141,0.0000231,0.0000001,0.0000000
71142,0.0000231,0.0000001,0.0000000
71143,0.0000231,0.0000001,0.0000000
71144,0.0000231,0.0000001,0.0000000
71145,0.0000231,0.0000001,0.0000000
71146,0.0000231,0.0000001,0.0000000
71147,0.0000231,0.0000001,0.0000000
71148,0.0000231,0.0000001,0.0000000
71149,0.0000231,0.0000001,0.0000000
71150,0.0000231,0.0000001,0.0000000
71151,0.0000231,0.0000001,0.0000000
71152,0.0000231,0.0000001,0.0000000
71153,0.0000231,0.0000001,0.0000000
71154,0.0000231,0.0000001,0.0000000
71155,0.0000231,0.0000001,0.0000000
71156,0.0000231,0.0000001,0.0000000
71157,0.0000231,0.0000001,0.0000000
71158,0.0000231,0.0000001,0.0000000
71159,0.0000231,0.0000001,0.0000000
71160,0.0000231,0.0000001,0.0000000
71161,0.0000231,0.0000001,0.0000000
71162,0.0000231,0.0000001,0.0000000
71163,0.0000231,0.0000001,0.0000000
71164,0.0000231,0.0000001,0.0000000
71165,0.0000231,0.0000001,0.0000000
71166,0.0000231,0.0000001,0.0000000
71167,0.0000231,0.0000001,0.0000000
71168,0.0000231,0.0000001,0.0000000
71169,0.0000231,0.0000001,0.0000000
71170,0.0000231,0.0000001,0.0000000
71171,0.0000231,0.0000001,0.0000000
71172,0.0000231,0.0000001,0.0000000
71173,0.0000231,0.0000001,0.0000000
71174,0.0000231,0.0000001,0.0000000
71175,0.0000231,0.0000001,0.0000000
71176,0.0000231,0.0000001,0.0000000
71177,0.0000231,0.0000001,0.0000000
71178,0.0000231,0.0000001,0.0000000
71179,0.0000231,0.0000001,0.0000000
71180,0.0000231,0.0000001,0.0000000
71181,0.0000231,0.0000001,0.0000000
71182,0.0000231,0.0000001,0.0000000
71183,0.0000231,0.0000001,0.0000000
71184,0.0000231,0.0000001,0.0000000
71185,0.0000231,0.0000001,0.0000000
71186,0.0000231,0.0000001,0.0000000
71187,0.0000231,0.0000001,0.0000000
71188,0.0000231,0.0000001,0.0000000
71189,0.0000231,0.0000001,0.0000000
71190,0.0000231,0.0000001,0.0000000
71191,0.0000231,0.0000001,0.0000000
71192,0.0000231,0.0000001,0.0000000
71193,0.0000231,0.0000001,0.0000000
71194,0.0000231,0.0000001,0.0000000
71195,0.0000231,0.0000001,0.0000000
71196,0.0000231,0.0000001,0.0000000
71197,0.0000230,0.0000001,0.0000000
71198,0.0000230,0.0000001,0.0000000
71199,0.0000230,0.0000001,0.0000000
71200,0.0000230,0.0000001,0.0000000
71201,0.0000230,0.0000001,0.0000000
71202,0.0000230,0.0000001,0.0000000
71203,0.0000230,0.0000001,0.0000000
71204,0.0000230,0.0000001,0.0000000
71205,0.0000230,0.0000001,0.0000000
71206,0.0000230,0.0000001,0.0000000
71207,0.0000230,0.0000001,0.0000000
71208,0.0000230,0.0000001,0.0000000
71209,0.0000230,0.0000001,0.0000000
71210,0.0000230,0.0000001,0.0000000
71211,0.0000230,0.0000001,0.0000000
71212,0.0000230,0.0000001,0.0000000
71213,0.0000230,0.0000001,0.0000000
71214,0.0000230,0.0000001,0.0000000
71215,0.0000230,0.0000001,0.0000000
71216,0.0000230,0.0000001,0.0000000
71217,0.0000230,0.0000001,0.0000000
71218,0.0000230,0.0000001,0.0000000
71219,0.0000230,0.0000001,0.0000000
71220,0.0000230,0.0000001,0.0000000
71221,0.0000230,0.0000001,0.0000000
71222,0.0000230,0.0000001,0.0000000
71223,0.0000230,0.0000001,0.0000000
71224,0.0000230,0.0000001,0.0000000
71225,0.0000230,0.0000001,0.0000000
71226,0.0000230,0.0000001,0.0000000
71227,0.0000230,0.0000001,0.0000000
71228,0.0000230,0.0000001,0.0000000
71229,0.0000230,0.0000001,0.0000000
71230,0.0000230,0.0000001,0.0000000
71231,0.0000230,0.0000001,0.0000000
71232,0.0000230,0.0000001,0.0000000
71233,0.0000230,0.0000001,0.0000000
71234,0.0000230,0.0000001,0.0000000
71235,0.0000230,0.0000001,0.0000000
71236,0.0000230,0.0000001,0.0000000
71237,0.0000230,0.0000001,0.0000000
71238,0.0000230,0.0000001,0.0000000
71239,0.0000230,0.0000001,0.0000000
71240,0.0000230,0.0000001,0.0000000
71241,0.0000230,0.0000001,0.0000000
71242,0.0000230,0.0000001,0.0000000
71243,0.0000230,0.0000001,0.0000000
71244,0.0000230,0.0000001,0.0000000
71245,0.0000230,0.0000001,0.0000000
71246,0.0000230,0.0000001,0.0000000
71247,0.0000230,0.0000001,0.0000000
71248,0.0000230,0.0000001,0.0000000
71249,0.0000230,0.0000001,0.0000000
71250,0.0000230,0.0000001,0.0000000
71251,0.0000230,0.0000001,0.0000000
71252,0.0000230,0.0000001,0.0000000
71253,0.0000230,0.0000001,0.0000000
71254,0.0000230,0.0000001,0.0000000
71255,0.0000230,0.0000001,0.0000000
71256,0.0000230,0.0000001,0.0000000
71257,0.0000230,0.0000001,0.0000000
71258,0.0000230,0.0000001,0.0000000
71259,0.0000230,0.0000001,0.0000000
71260,0.0000230,0.0000001,0.0000000
71261,0.0000230,0.0000001,0.0000000
71262,0.0000230,0.0000001,0.0000000
71263,0.0000230,0.0000001,0.0000000
71264,0.0000230,0.0000001,0.0000000
71265,0.0000230,0.0000001,0.0000000
71266,0.0000230,0.0000001,0.0000000
71267,0.0000230,0.0000001,0.0000000
71268,0.0000230,0.0000001,0.0000000
71269,0.0000230,0.0000001,0.0000000
71270,0.0000230,0.0000001,0.0000000
71271,0.0000230,0.0000001,0.0000000
71272,0.0000230,0.0000001,0.0000000
71273,0.0000230,0.0000001,0.0000000
71274,0.0000230,0.0000001,0.0000000
71275,0.0000230,0.0000001,0.0000000
71276,0.0000230,0.0000001,0.0000000
71277,0.0000230,0.0000001,0.0000000
71278,0.0000230,0.0000001,0.0000000
71279,0.0000230,0.0000001,0.0000000
71280,0.0000230,0.0000001,0.0000000
71281,0.0000230,0.0000001,0.0000000
71282,0.0000230,0.0000001,0.0000000
71283,0.0000230,0.0000001,0.0000000
71284,0.0000230,0.0000001,0.0000000
71285,0.0000230,0.0000001,0.0000000
71286,0.0000230,0.0000001,0.0000000
71287,0.0000230,0.0000001,0.0000000
71288,0.0000230,0.0000001,0.0000000
71289,0.0000230,0.0000001,0.0000000
71290,0.0000230,0.0000001,0.0000000
71291,0.0000230,0.0000001,0.0000000
71292,0.0000230,0.0000001,0.0000000
71293,0.0000230,0.0000001,0.0000000
71294,0.0000229,0.0000001,0.0000000
71295,0.0000229,0.0000001,0.0000000
71296,0.0000229,0.0000001,0.0000000
71297,0.0000229,0.0000001,0.0000000
71298,0.0000229,0.0000001,0.0000000
71299,0.0000229,0.0000001,0.0000000
71300,0.0000229,0.0000001,0.0000000
71301,0.0000229,0.0000001,0.0000000
71302,0.0000229,0.0000001,0.0000000
71303,0.0000229,0.0000001,0.0000000
71304,0.0000229,0.0000001,0.0000000
71305,0.0000229,0.0000001,0.0000000
71306,0.0000229,0.0000001,0.0000000
71307,0.0000229,0.0000001,0.0000000
71308,0.0000229,0.0000001,0.0000000
71309,0.0000229,0.0000001,0.0000000
71310,0.0000229,0.0000001,0.0000000
71311,0.0000229,0.0000001,0.0000000
71312,0.0000229,0.0000001,0.0000000
71313,0.0000229,0.0000001,0.0000000
71314,0.0000229,0.0000001,0.0000000
71315,0.0000229,0.0000001,0.0000000
71316,0.0000229,0.0000001,0.0000000
71317,0.0000229,0.0000001,0.0000000
71318,0.0000229,0.0000001,0.0000000
71319,0.0000229,0.0000001,0.0000000
71320,0.0000229,0.0000001,0.0000000
71321,0.0000229,0.0000001,0.0000000
71322,0.0000229,0.0000001,0.0000000
71323,0.0000229,0.0000001,0.0000000
71324,0.0000229,0.0000001,0.0000000
71325,0.0000229,0.0000001,0.0000000
71326,0.0000229,0.0000001,0.0000000
71327,0.0000229,0.0000001,0.0000000
71328,0.0000229,0.0000001,0.0000000
71329,0.0000229,0.0000001,0.0000000
71330,0.0000229,0.0000001,0.0000000
71331,0.0000229,0.0000001,0.0000000
71332,0.0000229,0.0000001,0.0000000
71333,0.0000229,0.0000001,0.0000000
71334,0.0000229,0.0000001,0.0000000
71335,0.0000229,0.0000001,0.0000000
71336,0.0000229,0.0000001,0.0000000
71337,0.0000229,0.0000001,0.0000000
71338,0.0000229,0.0000001,0.0000000
71339,0.0000229,0.0000001,0.0000000
71340,0.0000229,0.0000001,0.0000000
71341,0.0000229,0.0000001,0.0000000
71342,0.0000229,0.0000001,0.0000000
71343,0.0000229,0.0000001,0.0000000
71344,0.0000229,0.0000001,0.0000000
71345,0.0000229,0.0000001,0.0000000
71346,0.0000229,0.0000001,0.0000000
71347,0.0000229,0.0000001,0.0000000
71348,0.0000229,0.0000001,0.0000000
71349,0.0000229,0.0000001,0.0000000
71350,0.0000229,0.0000001,0.0000000
71351,0.0000229,0.0000001,0.0000000
71352,0.0000229,0.0000001,0.0000000
71353,0.0000229,0.0000001,0.0000000
71354,0.0000229,0.0000001,0.0000000
71355,0.0000229,0.0000001,0.0000000
71356,0.0000229,0.0000001,0.0000000
71357,0.0000229,0.0000001,0.0000000
71358,0.0000229,0.0000001,0.0000000
71359,0.0000229,0.0000001,0.0000000
71360,0.0000229,0.0000001,0.0000000
71361,0.0000229,0.0000001,0.0000000
71362,0.0000229,0.0000001,0.0000000
71363,0.0000229,0.0000001,0.0000000
71364,0.0000229,0.0000001,0.0000000
71365,0.0000229,0.0000001,0.0000000
71366,0.0000229,0.0000001,0.0000000
71367,0.0000229,0.0000001,0.0000000
71368,0.0000229,0.0000001,0.0000000
71369,0.0000229,0.0000001,0.0000000
71370,0.0000229,0.0000001,0.0000000
71371,0.0000229,0.0000001,0.0000000
71372,0.0000229,0.0000001,0.0000000
71373,0.0000229,0.0000001,0.0000000
71374,0.0000229,0.0000001,0.0000000
71375,0.0000229,0.0000001,0.0000000
71376,0.0000229,0.0000001,0.0000000
71377,0.0000229,0.0000001,0.0000000
71378,0.0000229,0.0000001,0.0000000
71379,0.0000229,0.0000001,0.0000000
71380,0.0000229,0.0000001,0.0000000
71381,0.0000229,0.0000001,0.0000000
71382,0.0000229,0.0000001,0.0000000
71383,0.0000229,0.0000001,0.0000000
71384,0.0000229,0.0000001,0.0000000
71385,0.0000229,0.0000001,0.0000000
71386,0.0000229,0.0000001,0.0000000
71387,0.0000229,0.0000001,0.0000000
71388,0.0000229,0.0000001,0.0000000
71389,0.0000229,0.0000001,0.0000000
71390,0.0000229,0.0000001,0.0000000
71391,0.0000229,0.0000001,0.0000000
71392,0.0000228,0.0000001,0.0000000
71393,0.0000228,0.0000001,0.0000000
71394,0.0000228,0.0000001,0.0000000
71395,0.0000228,0.0000001,0.0000000
71396,0.0000228,0.0000001,0.0000000
71397,0.0000228,0.0000001,0.0000000
71398,0.0000228,0.0000001,0.0000000
71399,0.0000228,0.0000001,0.0000000
71400,0.0000228,0.0000001,0.0000000
71401,0.0000228,0.0000001,0.0000000
71402,0.0000228,0.0000001,0.0000000
71403,0.0000228,0.0000001,0.0000000
71404,0.0000228,0.0000001,0.0000000
71405,0.0000228,0.0000001,0.0000000
71406,0.0000228,0.0000001,0.0000000
71407,0.0000228,0.0000001,0.0000000
71408,0.0000228,0.0000001,0.0000000
71409,0.0000228,0.0000001,0.0000000
71410,0.0000228,0.0000001,0.0000000
71411,0.0000228,0.0000001,0.0000000
71412,0.0000228,0.0000001,0.0000000
71413,0.0000228,0.0000001,0.0000000
71414,0.0000228,0.0000001,0.0000000
71415,0.0000228,0.0000001,0.0000000
71416,0.0000228,0.0000001,0.0000000
71417,0.0000228,0.0000001,0.0000000
71418,0.0000228,0.0000001,0.0000000
71419,0.0000228,0.0000001,0.0000000
71420,0.0000228,0.0000001,0.0000000
71421,0.0000228,0.0000001,0.0000000
71422,0.0000228,0.0000001,0.0000000
71423,0.0000228,0.0000001,0.0000000
71424,0.0000228,0.0000001,0.0000000
71425,0.0000228,0.0000001,0.0000000
71426,0.0000228,0.0000001,0.0000000
71427,0.0000228,0.0000001,0.0000000
71428,0.0000228,0.0000001,0.0000000
71429,0.0000228,0.0000001,0.0000000
71430,0.0000228,0.0000001,0.0000000
71431,0.0000228,0.0000001,0.0000000
71432,0.0000228,0.0000001,0.0000000
71433,0.0000228,0.0000001,0.0000000
71434,0.0000228,0.0000001,0.0000000
71435,0.0000228,0.0000001,0.0000000
71436,0.0000228,0.0000001,0.0000000
71437,0.0000228,0.0000001,0.0000000
71438,0.0000228,0.0000001,0.0000000
71439,0.0000228,0.0000001,0.0000000
71440,0.0000228,0.0000001,0.0000000
71441,0.0000228,0.0000001,0.0000000
71442,0.0000228,0.0000001,0.0000000
71443,0.0000228,0.0000001,0.0000000
71444,0.0000228,0.0000001,0.0000000
71445,0.0000228,0.0000001,0.0000000
71446,0.0000228,0.0000001,0.0000000
71447,0.0000228,0.0000001,0.0000000
71448,0.0000228,0.0000001,0.0000000
71449,0.0000228,0.0000001,0.0000000
71450,0.0000228,0.0000001,0.0000000
71451,0.0000228,0.0000001,0.0000000
71452,0.0000228,0.0000001,0.0000000
71453,0.0000228,0.0000001,0.0000000
71454,0.0000228,0.0000001,0.0000000
71455,0.0000228,0.0000001,0.0000000
71456,0.0000228,0.0000001,0.0000000
71457,0.0000228,0.0000001,0.0000000
71458,0.0000228,0.0000001,0.0000000
71459,0.0000228,0.0000001,0.0000000
71460,0.0000228,0.0000001,0.0000000
71461,0.0000228,0.0000001,0.0000000
71462,0.0000228,0.0000001,0.0000000
71463,0.0000228,0.0000001,0.0000000
71464,0.0000228,0.0000001,0.0000000
71465,0.0000228,0.0000001,0.0000000
71466,0.0000228,0.0000001,0.0000000
71467,0.0000228,0.0000001,0.0000000
71468,0.0000228,0.0000001,0.0000000
71469,0.0000228,0.0000001,0.0000000
71470,0.0000228,0.0000001,0.0000000
71471,0.0000228,0.0000001,0.0000000
71472,0.0000228,0.0000001,0.0000000
71473,0.0000228,0.0000001,0.0000000
71474,0.0000228,0.0000001,0.0000000
71475,0.0000228,0.0000001,0.0000000
71476,0.0000228,0.0000001,0.0000000
71477,0.0000228,0.0000001,0.0000000
71478,0.0000228,0.0000001,0.0000000
71479,0.0000228,0.0000001,0.0000000
71480,0.0000228,0.0000001,0.0000000
71481,0.0000228,0.0000001,0.0000000
71482,0.0000228,0.0000001,0.0000000
71483,0.0000228,0.0000001,0.0000000
71484,0.0000228,0.0000001,0.0000000
71485,0.0000228,0.0000001,0.0000000
71486,0.0000228,0.0000001,0.0000000
71487,0.0000228,0.0000001,0.0000000
71488,0.0000228,0.0000001,0.0000000
71489,0.0000228,0.0000001,0.0000000
71490,0.0000227,0.0000001,0.0000000
71491,0.0000227,0.0000001,0.0000000
71492,0.0000227,0.0000001,0.0000000
71493,0.0000227,0.0000001,0.0000000
71494,0.0000227,0.0000001,0.0000000
71495,0.0000227,0.0000001,0.0000000
71496,0.0000227,0.0000001,0.0000000
71497,0.0000227,0.0000001,0.0000000
71498,0.0000227,0.0000001,0.0000000
71499,0.0000227,0.0000001,0.0000000
71500,0.0000227,0.0000001,0.0000000
71501,0.0000227,0.0000001,0.0000000
71502,0.0000227,0.0000001,0.0000000
71503,0.0000227,0.0000001,0.0000000
71504,0.0000227,0.0000001,0.0000000
71505,0.0000227,0.0000001,0.0000000
71506,0.0000227,0.0000001,0.0000000
71507,0.0000227,0.0000001,0.0000000
71508,0.0000227,0.0000001,0.0000000
71509,0.0000227,0.0000001,0.0000000
71510,0.0000227,0.0000001,0.0000000
71511,0.0000227,0.0000001,0.0000000
71512,0.0000227,0.0000001,0.0000000
71513,0.0000227,0.0000001,0.0000000
71514,0.0000227,0.0000001,0.0000000
71515,0.0000227,0.0000001,0.0000000
71516,0.0000227,0.0000001,0.0000000
71517,0.0000227,0.0000001,0.0000000
71518,0.0000227,0.0000001,0.0000000
71519,0.0000227,0.0000001,0.0000000
71520,0.0000227,0.0000001,0.0000000
71521,0.0000227,0.0000001,0.0000000
71522,0.0000227,0.0000001,0.0000000
71523,0.0000227,0.0000001,0.0000000
71524,0.0000227,0.0000001,0.0000000
71525,0.0000227,0.0000001,0.0000000
71526,0.0000227,0.0000001,0.0000000
71527,0.0000227,0.0000001,0.0000000
71528,0.0000227,0.0000001,0.0000000
71529,0.0000227,0.0000001,0.0000000
71530,0.0000227,0.0000001,0.0000000
71531,0.0000227,0.0000001,0.0000000
71532,0.0000227,0.0000001,0.0000000
71533,0.0000227,0.0000001,0.0000000
71534,0.0000227,0.0000001,0.0000000
71535,0.0000227,0.0000001,0.0000000
71536,0.0000227,0.0000001,0.0000000
71537,0.0000227,0.0000001,0.0000000
71538,0.0000227,0.0000001,0.0000000
71539,0.0000227,0.0000001,0.0000000
71540,0.0000227,0.0000001,0.0000000
71541,0.0000227,0.0000001,0.0000000
71542,0.0000227,0.0000001,0.0000000
71543,0.0000227,0.0000001,0.0000000
71544,0.0000227,0.0000001,0.0000000
71545,0.0000227,0.0000001,0.0000000
71546,0.0000227,0.0000001,0.0000000
71547,0.0000227,0.0000001,0.0000000
71548,0.0000227,0.0000001,0.0000000
71549,0.0000227,0.0000001,0.0000000
71550,0.0000227,0.0000001,0.0000000
71551,0.0000227,0.0000001,0.0000000
71552,0.0000227,0.0000001,0.0000000
71553,0.0000227,0.0000001,0.0000000
71554,0.0000227,0.0000001,0.0000000
71555,0.0000227,0.0000001,0.0000000
71556,0.0000227,0.0000001,0.0000000
71557,0.0000227,0.0000001,0.0000000
71558,0.0000227,0.0000001,0.0000000
71559,0.0000227,0.0000001,0.0000000
71560,0.0000227,0.0000001,0.0000000
71561,0.0000227,0.0000001,0.0000000
71562,0.0000227,0.0000001,0.0000000
71563,0.0000227,0.0000001,0.0000000
71564,0.0000227,0.0000001,0.0000000
71565,0.0000227,0.0000001,0.0000000
71566,0.0000227,0.0000001,0.0000000
71567,0.0000227,0.0000001,0.0000000
71568,0.0000227,0.0000001,0.0000000
71569,0.0000227,0.0000001,0.0000000
71570,0.0000227,0.0000001,0.0000000
71571,0.0000227,0.0000001,0.0000000
71572,0.0000227,0.0000001,0.0000000
71573,0.0000227,0.0000001,0.0000000
71574,0.0000227,0.0000001,0.0000000
71575,0.0000227,0.0000001,0.0000000
71576,0.0000227,0.0000001,0.0000000
71577,0.0000227,0.0000001,0.0000000
71578,0.0000227,0.0000001,0.0000000
71579,0.0000227,0.0000001,0.0000000
71580,0.0000227,0.0000001,0.0000000
71581,0.0000227,0.0000001,0.0000000
71582,0.0000227,0.0000001,0.0000000
71583,0.0000227,0.0000001,0.0000000
71584,0.0000227,0.0000001,0.0000000
71585,0.0000227,0.0000001,0.0000000
71586,0.0000227,0.0000001,0.0000000
71587,0.0000227,0.0000001,0.0000000
71588,0.0000227,0.0000001,0.0000000
71589,0.0000226,0.0000001,0.0000000
71590,0.0000226,0.0000001,0.0000000
71591,0.0000226,0.0000001,0.0000000
71592,0.0000226,0.0000001,0.0000000
71593,0.0000226,0.0000001,0.0000000
71594,0.0000226,0.0000001,0.0000000
71595,0.0000226,0.0000001,0.0000000
71596,0.0000226,0.0000001,0.0000000
71597,0.0000226,0.0000001,0.0000000
71598,0.0000226,0.0000001,0.0000000
71599,0.0000226,0.0000001,0.0000000
71600,0.0000226,0.0000001,0.0000000
71601,0.0000226,0.0000001,0.0000000
71602,0.0000226,0.0000001,0.0000000
71603,0.0000226,0.0000001,0.0000000
71604,0.0000226,0.0000001,0.0000000
71605,0.0000226,0.0000001,0.0000000
71606,0.0000226,0.0000001,0.0000000
71607,0.0000226,0.0000001,0.0000000
71608,0.0000226,0.0000001,0.0000000
71609,0.0000226,0.0000001,0.0000000
71610,0.0000226,0.0000001,0.0000000
71611,0.0000226,0.0000001,0.0000000
71612,0.0000226,0.0000001,0.0000000
71613,0.0000226,0.0000001,0.0000000
71614,0.0000226,0.0000001,0.0000000
71615,0.0000226,0.0000001,0.0000000
71616,0.0000226,0.0000001,0.0000000
71617,0.0000226,0.0000001,0.0000000
71618,0.0000226,0.0000001,0.0000000
71619,0.0000226,0.0000001,0.0000000
71620,0.0000226,0.0000001,0.0000000
71621,0.0000226,0.0000001,0.0000000
71622,0.0000226,0.0000001,0.0000000
71623,0.0000226,0.0000001,0.0000000
71624,0.0000226,0.0000001,0.0000000
71625,0.0000226,0.0000001,0.0000000
71626,0.0000226,0.0000001,0.0000000
71627,0.0000226,0.0000001,0.0000000
71628,0.0000226,0.0000001,0.0000000
71629,0.0000226,0.0000001,0.0000000
71630,0.0000226,0.0000001,0.0000000
71631,0.0000226,0.0000001,0.0000000
71632,0.0000226,0.0000001,0.0000000
71633,0.0000226,0.0000001,0.0000000
71634,0.0000226,0.0000001,0.0000000
71635,0.0000226,0.0000001,0.0000000
71636,0.0000226,0.0000001,0.0000000
71637,0.0000226,0.0000001,0.0000000
71638,0.0000226,0.0000001,0.0000000
71639,0.0000226,0.0000001,0.0000000
71640,0.0000226,0.0000001,0.0000000
71641,0.0000226,0.0000001,0.0000000
71642,0.0000226,0.0000001,0.0000000
71643,0.0000226,0.0000001,0.0000000
71644,0.0000226,0.0000001,0.0000000
71645,0.0000226,0.0000001,0.0000000
71646,0.0000226,0.0000001,0.0000000
71647,0.0000226,0.0000001,0.0000000
71648,0.0000226,0.0000001,0.0000000
71649,0.0000226,0.0000001,0.0000000
71650,0.0000226,0.0000001,0.0000000
71651,0.0000226,0.0000001,0.0000000
71652,0.0000226,0.0000001,0.0000000
71653,0.0000226,0.0000001,0.0000000
71654,0.0000226,0.0000001,0.0000000
71655,0.0000226,0.0000001,0.0000000
71656,0.0000226,0.0000001,0.0000000
71657,0.0000226,0.0000001,0.0000000
71658,0.0000226,0.0000001,0.0000000
71659,0.0000226,0.0000001,0.0000000
71660,0.0000226,0.0000001,0.0000000
71661,0.0000226,0.0000001,0.0000000
71662,0.0000226,0.0000001,0.0000000
71663,0.0000226,0.0000001,0.0000000
71664,0.0000226,0.0000001,0.0000000
71665,0.0000226,0.0000001,0.0000000
71666,0.0000226,0.0000001,0.0000000
71667,0.0000226,0.0000001,0.0000000
71668,0.0000226,0.0000001,0.0000000
71669,0.0000226,0.0000001,0.0000000
71670,0.0000226,0.0000001,0.0000000
71671,0.0000226,0.0000001,0.0000000
71672,0.0000226,0.0000001,0.0000000
71673,0.0000226,0.0000001,0.0000000
71674,0.0000226,0.0000001,0.0000000
71675,0.0000226,0.0000001,0.0000000
71676,0.0000226,0.0000001,0.0000000
71677,0.0000226,0.0000001,0.0000000
71678,0.0000226,0.0000001,0.0000000
71679,0.0000226,0.0000001,0.0000000
71680,0.0000226,0.0000001,0.0000000
71681,0.0000226,0.0000001,0.0000000
71682,0.0000226,0.0000001,0.0000000
71683,0.0000226,0.0000001,0.0000000
71684,0.0000226,0.0000001,0.0000000
71685,0.0000226,0.0000001,0.0000000
71686,0.0000226,0.0000001,0.0000000
71687,0.0000225,0.0000001,0.0000000
71688,0.0000225,0.0000001,0.0000000
71689,0.0000225,0.0000001,0.0000000
71690,0.0000225,0.0000001,0.0000000
71691,0.0000225,0.0000001,0.0000000
71692,0.0000225,0.0000001,0.0000000
71693,0.0000225,0.0000001,0.0000000
71694,0.0000225,0.0000001,0.0000000
71695,0.0000225,0.0000001,0.0000000
71696,0.0000225,0.0000001,0.0000000
71697,0.0000225,0.0000001,0.0000000
71698,0.0000225,0.0000001,0.0000000
71699,0.0000225,0.0000001,0.0000000
71700,0.0000225,0.0000001,0.0000000
71701,0.0000225,0.0000001,0.0000000
71702,0.0000225,0.0000001,0.0000000
71703,0.0000225,0.0000001,0.0000000
71704,0.0000225,0.0000001,0.0000000
71705,0.0000225,0.0000001,0.0000000
71706,0.0000225,0.0000001,0.0000000
71707,0.0000225,0.0000001,0.0000000
71708,0.0000225,0.0000001,0.0000000
71709,0.0000225,0.0000001,0.0000000
71710,0.0000225,0.0000001,0.0000000
71711,0.0000225,0.0000001,0.0000000
71712,0.0000225,0.0000001,0.0000000
71713,0.0000225,0.0000001,0.0000000
71714,0.0000225,0.0000001,0.0000000
71715,0.0000225,0.0000001,0.0000000
71716,0.0000225,0.0000001,0.0000000
71717,0.0000225,0.0000001,0.0000000
71718,0.0000225,0.0000001,0.0000000
71719,0.0000225,0.0000001,0.0000000
71720,0.0000225,0.0000001,0.0000000
71721,0.0000225,0.0000001,0.0000000
71722,0.0000225,0.0000001,0.0000000
71723,0.0000225,0.0000001,0.0000000
71724,0.0000225,0.0000001,0.0000000
71725,0.0000225,0.0000001,0.0000000
71726,0.0000225,0.0000001,0.0000000
71727,0.0000225,0.0000001,0.0000000
71728,0.0000225,0.0000001,0.0000000
71729,0.0000225,0.0000001,0.0000000
71730,0.0000225,0.0000001,0.0000000
71731,0.0000225,0.0000001,0.0000000
71732,0.0000225,0.0000001,0.0000000
71733,0.0000225,0.0000001,0.0000000
71734,0.0000225,0.0000001,0.0000000
71735,0.0000225,0.0000001,0.0000000
71736,0.0000225,0.0000001,0.0000000
71737,0.0000225,0.0000001,0.0000000
71738,0.0000225,0.0000001,0.0000000
71739,0.0000225,0.0000001,0.0000000
71740,0.0000225,0.0000001,0.0000000
71741,0.0000225,0.0000001,0.0000000
71742,0.0000225,0.0000001,0.0000000
71743,0.0000225,0.0000001,0.0000000
71744,0.0000225,0.0000001,0.0000000
71745,0.0000225,0.0000001,0.0000000
71746,0.0000225,0.0000001,0.0000000
71747,0.0000225,0.0000001,0.0000000
71748,0.0000225,0.0000001,0.0000000
71749,0.0000225,0.0000001,0.0000000
71750,0.0000225,0.0000001,0.0000000
71751,0.0000225,0.0000001,0.0000000
71752,0.0000225,0.0000001,0.0000000
71753,0.0000225,0.0000001,0.0000000
71754,0.0000225,0.0000001,0.0000000
71755,0.0000225,0.0000001,0.0000000
71756,0.0000225,0.0000001,0.0000000
71757,0.0000225,0.0000001,0.0000000
71758,0.0000225,0.0000001,0.0000000
71759,0.0000225,0.0000001,0.0000000
71760,0.0000225,0.0000001,0.0000000
71761,0.0000225,0.0000001,0.0000000
71762,0.0000225,0.0000001,0.0000000
71763,0.0000225,0.0000001,0.0000000
71764,0.0000225,0.0000001,0.0000000
71765,0.0000225,0.0000001,0.0000000
71766,0.0000225,0.0000001,0.0000000
71767,0.0000225,0.0000001,0.0000000
71768,0.0000225,0.0000001,0.0000000
71769,0.0000225,0.0000001,0.0000000
71770,0.0000225,0.0000001,0.0000000
71771,0.0000225,0.0000001,0.0000000
71772,0.0000225,0.0000001,0.0000000
71773,0.0000225,0.0000001,0.0000000
71774,0.0000225,0.0000001,0.0000000
71775,0.0000225,0.0000001,0.0000000
71776,0.0000225,0.0000001,0.0000000
71777,0.0000225,0.0000001,0.0000000
71778,0.0000225,0.0000001,0.0000000
71779,0.0000225,0.0000001,0.0000000
71780,0.0000225,0.0000001,0.0000000
71781,0.0000225,0.0000001,0.0000000
71782,0.0000225,0.0000001,0.0000000
71783,0.0000225,0.0000001,0.0000000
71784,0.0000225,0.0000001,0.0000000
71785,0.0000225,0.0000001,0.0000000
71786,0.0000225,0.0000001,0.0000000
71787,0.0000224,0.0000001,0.0000000
71788,0.0000224,0.0000001,0.0000000
71789,0.0000224,0.0000001,0.0000000
71790,0.0000224,0.0000001,0.0000000
71791,0.0000224,0.0000001,0.0000000
71792,0.0000224,0.0000001,0.0000000
71793,0.0000224,0.0000001,0.0000000
71794,0.0000224,0.0000001,0.0000000
71795,0.0000224,0.0000001,0.0000000
71796,0.0000224,0.0000001,0.0000000
71797,0.0000224,0.0000001,0.0000000
71798,0.0000224,0.0000001,0.0000000
71799,0.0000224,0.0000001,0.0000000
71800,0.0000224,0.0000001,0.0000000
71801,0.0000224,0.0000001,0.0000000
71802,0.0000224,0.0000001,0.0000000
71803,0.0000224,0.0000001,0.0000000
71804,0.0000224,0.0000001,0.0000000
71805,0.0000224,0.0000001,0.0000000
71806,0.0000224,0.0000001,0.0000000
71807,0.0000224,0.0000001,0.0000000
71808,0.0000224,0.0000001,0.0000000
71809,0.0000224,0.0000001,0.0000000
71810,0.0000224,0.0000001,0.0000000
71811,0.0000224,0.0000001,0.0000000
71812,0.0000224,0.0000001,0.0000000
71813,0.0000224,0.0000001,0.0000000
71814,0.0000224,0.0000001,0.0000000
71815,0.0000224,0.0000001,0.0000000
71816,0.0000224,0.0000001,0.0000000
71817,0.0000224,0.0000001,0.0000000
71818,0.0000224,0.0000001,0.0000000
71819,0.0000224,0.0000001,0.0000000
71820,0.0000224,0.0000001,0.0000000
71821,0.0000224,0.0000001,0.0000000
71822,0.0000224,0.0000001,0.0000000
71823,0.0000224,0.0000001,0.0000000
71824,0.0000224,0.0000001,0.0000000
71825,0.0000224,0.0000001,0.0000000
71826,0.0000224,0.0000001,0.0000000
71827,0.0000224,0.0000001,0.0000000
71828,0.0000224,0.0000001,0.0000000
71829,0.0000224,0.0000001,0.0000000
71830,0.0000224,0.0000001,0.0000000
71831,0.0000224,0.0000001,0.0000000
71832,0.0000224,0.0000001,0.0000000
71833,0.0000224,0.0000001,0.0000000
71834,0.0000224,0.0000001,0.0000000
71835,0.0000224,0.0000001,0.0000000
71836,0.0000224,0.0000001,0.0000000
71837,0.0000224,0.0000001,0.0000000
71838,0.0000224,0.0000001,0.0000000
71839,0.0000224,0.0000001,0.0000000
71840,0.0000224,0.0000001,0.0000000
71841,0.0000224,0.0000001,0.0000000
71842,0.0000224,0.0000001,0.0000000
71843,0.0000224,0.0000001,0.0000000
71844,0.0000224,0.0000001,0.0000000
71845,0.0000224,0.0000001,0.0000000
71846,0.0000224,0.0000001,0.0000000
71847,0.0000224,0.0000001,0.0000000
71848,0.0000224,0.0000001,0.0000000
71849,0.0000224,0.0000001,0.0000000
71850,0.0000224,0.0000001,0.0000000
71851,0.0000224,0.0000001,0.0000000
71852,0.0000224,0.0000001,0.0000000
71853,0.0000224,0.0000001,0.0000000
71854,0.0000224,0.0000001,0.0000000
71855,0.0000224,0.0000001,0.0000000
71856,0.0000224,0.0000001,0.0000000
71857,0.0000224,0.0000001,0.0000000
71858,0.0000224,0.0000001,0.0000000
71859,0.0000224,0.0000001,0.0000000
71860,0.0000224,0.0000001,0.0000000
71861,0.0000224,0.0000001,0.0000000
71862,0.0000224,0.0000001,0.0000000
71863,0.0000224,0.0000001,0.0000000
71864,0.0000224,0.0000001,0.0000000
71865,0.0000224,0.0000001,0.0000000
71866,0.0000224,0.0000001,0.0000000
71867,0.0000224,0.0000001,0.0000000
71868,0.0000224,0.0000001,0.0000000
71869,0.0000224,0.0000001,0.0000000
71870,0.0000224,0.0000001,0.0000000
71871,0.0000224,0.0000001,0.0000000
71872,0.0000224,0.0000001,0.0000000
71873,0.0000224,0.0000001,0.0000000
71874,0.0000224,0.0000001,0.0000000
71875,0.0000224,0.0000001,0.0000000
71876,0.0000224,0.0000001,0.0000000
71877,0.0000224,0.0000001,0.0000000
71878,0.0000224,0.0000001,0.0000000
71879,0.0000224,0.0000001,0.0000000
71880,0.0000224,0.0000001,0.0000000
71881,0.0000224,0.0000001,0.0000000
71882,0.0000224,0.0000001,0.0000000
71883,0.0000224,0.0000001,0.0000000
71884,0.0000224,0.0000001,0.0000000
71885,0.0000224,0.0000001,0.0000000
71886,0.0000224,0.0000001,0.0000000
71887,0.0000223,0.0000001,0.0000000
71888,0.0000223,0.0000001,0.0000000
71889,0.0000223,0.0000001,0.0000000
71890,0.0000223,0.0000001,0.0000000
71891,0.0000223,0.0000001,0.0000000
71892,0.0000223,0.0000001,0.0000000
71893,0.0000223,0.0000001,0.0000000
71894,0.0000223,0.0000001,0.0000000
71895,0.0000223,0.0000001,0.0000000
71896,0.0000223,0.0000001,0.0000000
71897,0.0000223,0.0000001,0.0000000
71898,0.0000223,0.0000001,0.0000000
71899,0.0000223,0.0000001,0.0000000
71900,0.0000223,0.0000001,0.0000000
71901,0.0000223,0.0000001,0.0000000
71902,0.0000223,0.0000001,0.0000000
71903,0.0000223,0.0000001,0.0000000
71904,0.0000223,0.0000001,0.0000000
71905,0.0000223,0.0000001,0.0000000
71906,0.0000223,0.0000001,0.0000000
71907,0.0000223,0.0000001,0.0000000
71908,0.0000223,0.0000001,0.0000000
71909,0.0000223,0.0000001,0.0000000
71910,0.0000223,0.0000001,0.0000000
71911,0.0000223,0.0000001,0.0000000
71912,0.0000223,0.0000001,0.0000000
71913,0.0000223,0.0000001,0.0000000
71914,0.0000223,0.0000001,0.0000000
71915,0.0000223,0.0000001,0.0000000
71916,0.0000223,0.0000001,0.0000000
71917,0.0000223,0.0000001,0.0000000
71918,0.0000223,0.0000001,0.0000000
71919,0.0000223,0.0000001,0.0000000
71920,0.0000223,0.0000001,0.0000000
71921,0.0000223,0.0000001,0.0000000
71922,0.0000223,0.0000001,0.0000000
71923,0.0000223,0.0000001,0.0000000
71924,0.0000223,0.0000001,0.0000000
71925,0.0000223,0.0000001,0.0000000
71926,0.0000223,0.0000001,0.0000000
71927,0.0000223,0.0000001,0.0000000
71928,0.0000223,0.0000001,0.0000000
71929,0.0000223,0.0000001,0.0000000
71930,0.0000223,0.0000001,0.0000000
71931,0.0000223,0.0000001,0.0000000
71932,0.0000223,0.0000001,0.0000000
71933,0.0000223,0.0000001,0.0000000
71934,0.0000223,0.0000001,0.0000000
71935,0.0000223,0.0000001,0.0000000
71936,0.0000223,0.0000001,0.0000000
71937,0.0000223,0.0000001,0.0000000
71938,0.0000223,0.0000001,0.0000000
71939,0.0000223,0.0000001,0.0000000
71940,0.0000223,0.0000001,0.0000000
71941,0.0000223,0.0000001,0.0000000
71942,0.0000223,0.0000001,0.0000000
71943,0.0000223,0.0000001,0.0000000
71944,0.0000223,0.0000001,0.0000000
71945,0.0000223,0.0000001,0.0000000
71946,0.0000223,0.0000001,0.0000000
71947,0.0000223,0.0000001,0.0000000
71948,0.0000223,0.0000001,0.0000000
71949,0.0000223,0.0000001,0.0000000
71950,0.0000223,0.0000001,0.0000000
71951,0.0000223,0.0000001,0.0000000
71952,0.0000223,0.0000001,0.0000000
71953,0.0000223,0.0000001,0.0000000
71954,0.0000223,0.0000001,0.0000000
71955,0.0000223,0.0000001,0.0000000
71956,0.0000223,0.0000001,0.0000000
71957,0.0000223,0.0000001,0.0000000
71958,0.0000223,0.0000001,0.0000000
71959,0.0000223,0.0000001,0.0000000
71960,0.0000223,0.0000001,0.0000000
71961,0.0000223,0.0000001,0.0000000
71962,0.0000223,0.0000001,0.0000000
71963,0.0000223,0.0000001,0.0000000
71964,0.0000223,0.0000001,0.0000000
71965,0.0000223,0.0000001,0.0000000
71966,0.0000223,0.0000001,0.0000000
71967,0.0000223,0.0000001,0.0000000
71968,0.0000223,0.0000001,0.0000000
71969,0.0000223,0.0000001,0.0000000
71970,0.0000223,0.0000001,0.0000000
71971,0.0000223,0.0000001,0.0000000
71972,0.0000223,0.0000001,0.0000000
71973,0.0000223,0.0000001,0.0000000
71974,0.0000223,0.0000001,0.0000000
71975,0.0000223,0.0000001,0.0000000
71976,0.0000223,0.0000001,0.0000000
71977,0.0000223,0.0000001,0.0000000
71978,0.0000223,0.0000001,0.0000000
71979,0.0000223,0.0000001,0.0000000
71980,0.0000223,0.0000001,0.0000000
71981,0.0000223,0.0000001,0.0000000
71982,0.0000223,0.0000001,0.0000000
71983,0.0000223,0.0000001,0.0000000
71984,0.0000223,0.0000001,0.0000000
71985,0.0000223,0.0000001,0.0000000
71986,0.0000223,0.0000001,0.0000000
71987,0.0000222,0.0000001,0.0000000
71988,0.0000222,0.0000001,0.0000000
71989,0.0000222,0.0000001,0.0000000
71990,0.0000222,0.0000001,0.0000000
71991,0.0000222,0.0000001,0.0000000
71992,0.0000222,0.0000001,0.0000000
71993,0.0000222,0.0000001,0.0000000
71994,0.0000222,0.0000001,0.0000000
71995,0.0000222,0.0000001,0.0000000
71996,0.0000222,0.0000001,0.0000000
71997,0.0000222,0.0000001,0.0000000
71998,0.0000222,0.0000001,0.0000000
71999,0.0000222,0.0000001,0.0000000
72000,0.0000222,0.0000001,0.0000000
72001,0.0000222,0.0000001,0.0000000
72002,0.0000222,0.0000001,0.0000000
72003,0.0000222,0.0000001,0.0000000
72004,0.0000222,0.0000001,0.0000000
72005,0.0000222,0.0000001,0.0000000
72006,0.0000222,0.0000001,0.0000000
72007,0.0000222,0.0000001,0.0000000
72008,0.0000222,0.0000001,0.0000000
72009,0.0000222,0.0000001,0.0000000
72010,0.0000222,0.0000001,0.0000000
72011,0.0000222,0.0000001,0.0000000
72012,0.0000222,0.0000001,0.0000000
72013,0.0000222,0.0000001,0.0000000
72014,0.0000222,0.0000001,0.0000000
72015,0.0000222,0.0000001,0.0000000
72016,0.0000222,0.0000001,0.0000000
72017,0.0000222,0.0000001,0.0000000
72018,0.0000222,0.0000001,0.0000000
72019,0.0000222,0.0000001,0.0000000
72020,0.0000222,0.0000001,0.0000000
72021,0.0000222,0.0000001,0.0000000
72022,0.0000222,0.0000001,0.0000000
72023,0.0000222,0.0000001,0.0000000
72024,0.0000222,0.0000001,0.0000000
72025,0.0000222,0.0000001,0.0000000
72026,0.0000222,0.0000001,0.0000000
72027,0.0000222,0.0000001,0.0000000
72028,0.0000222,0.0000001,0.0000000
72029,0.0000222,0.0000001,0.0000000
72030,0.0000222,0.0000001,0.0000000
72031,0.0000222,0.0000001,0.0000000
72032,0.0000222,0.0000001,0.0000000
72033,0.0000222,0.0000001,0.0000000
72034,0.0000222,0.0000001,0.0000000
72035,0.0000222,0.0000001,0.0000000
72036,0.0000222,0.0000001,0.0000000
72037,0.0000222,0.0000001,0.0000000
72038,0.0000222,0.0000001,0.0000000
72039,0.0000222,0.0000001,0.0000000
72040,0.0000222,0.0000001,0.0000000
72041,0.0000222,0.0000001,0.0000000
72042,0.0000222,0.0000001,0.0000000
72043,0.0000222,0.0000001,0.0000000
72044,0.0000222,0.0000001,0.0000000
72045,0.0000222,0.0000001,0.0000000
72046,0.0000222,0.0000001,0.0000000
72047,0.0000222,0.0000001,0.0000000
72048,0.0000222,0.0000001,0.0000000
72049,0.0000222,0.0000001,0.0000000
72050,0.0000222,0.0000001,0.0000000
72051,0.0000222,0.0000001,0.0000000
72052,0.0000222,0.0000001,0.0000000
72053,0.0000222,0.0000001,0.0000000
72054,0.0000222,0.0000001,0.0000000
72055,0.0000222,0.0000001,0.0000000
72056,0.0000222,0.0000001,0.0000000
72057,0.0000222,0.0000001,0.0000000
72058,0.0000222,0.0000001,0.0000000
72059,0.0000222,0.0000001,0.0000000
72060,0.0000222,0.0000001,0.0000000
72061,0.0000222,0.0000001,0.0000000
72062,0.0000222,0.0000001,0.0000000
72063,0.0000222,0.0000001,0.0000000
72064,0.0000222,0.0000001,0.0000000
72065,0.0000222,0.0000001,0.0000000
72066,0.0000222,0.0000001,0.0000000
72067,0.0000222,0.0000001,0.0000000
72068,0.0000222,0.0000001,0.0000000
72069,0.0000222,0.0000001,0.0000000
72070,0.0000222,0.0000001,0.0000000
72071,0.0000222,0.0000001,0.0000000
72072,0.0000222,0.0000001,0.0000000
72073,0.0000222,0.0000001,0.0000000
72074,0.0000222,0.0000001,0.0000000
72075,0.0000222,0.0000001,0.0000000
72076,0.0000222,0.0000001,0.0000000
72077,0.0000222,0.0000001,0.0000000
72078,0.0000222,0.0000001,0.0000000
72079,0.0000222,0.0000001,0.0000000
72080,0.0000222,0.0000001,0.0000000
72081,0.0000222,0.0000001,0.0000000
72082,0.0000222,0.0000001,0.0000000
72083,0.0000222,0.0000001,0.0000000
72084,0.0000222,0.0000001,0.0000000
72085,0.0000222,0.0000001,0.0000000
72086,0.0000222,0.0000001,0.0000000
72087,0.0000221,0.0000001,0.0000000
72088,0.0000221,0.0000001,0.0000000
72089,0.0000221,0.0000001,0.0000000
72090,0.0000221,0.0000001,0.0000000
72091,0.0000221,0.0000001,0.0000000
72092,0.0000221,0.0000001,0.0000000
72093,0.0000221,0.0000001,0.0000000
72094,0.0000221,0.0000001,0.0000000
72095,0.0000221,0.0000001,0.0000000
72096,0.0000221,0.0000001,0.0000000
72097,0.0000221,0.0000001,0.0000000
72098,0.0000221,0.0000001,0.0000000
72099,0.0000221,0.0000001,0.0000000
72100,0.0000221,0.0000001,0.0000000
72101,0.0000221,0.0000001,0.0000000
72102,0.0000221,0.0000001,0.0000000
72103,0.0000221,0.0000001,0.0000000
72104,0.0000221,0.0000001,0.0000000
72105,0.0000221,0.0000001,0.0000000
72106,0.0000221,0.0000001,0.0000000
72107,0.0000221,0.0000001,0.0000000
72108,0.0000221,0.0000001,0.0000000
72109,0.0000221,0.0000001,0.0000000
72110,0.0000221,0.0000001,0.0000000
72111,0.0000221,0.0000001,0.0000000
72112,0.0000221,0.0000001,0.0000000
72113,0.0000221,0.0000001,0.0000000
72114,0.0000221,0.0000001,0.0000000
72115,0.0000221,0.0000001,0.0000000
72116,0.0000221,0.0000001,0.0000000
72117,0.0000221,0.0000001,0.0000000
72118,0.0000221,0.0000001,0.0000000
72119,0.0000221,0.0000001,0.0000000
72120,0.0000221,0.0000001,0.0000000
72121,0.0000221,0.0000001,0.0000000
72122,0.0000221,0.0000001,0.0000000
72123,0.0000221,0.0000001,0.0000000
72124,0.0000221,0.0000001,0.0000000
72125,0.0000221,0.0000001,0.0000000
72126,0.0000221,0.0000001,0.0000000
72127,0.0000221,0.0000001,0.0000000
72128,0.0000221,0.0000001,0.0000000
72129,0.0000221,0.0000001,0.0000000
72130,0.0000221,0.0000001,0.0000000
72131,0.0000221,0.0000001,0.0000000
72132,0.0000221,0.0000001,0.0000000
72133,0.0000221,0.0000001,0.0000000
72134,0.0000221,0.0000001,0.0000000
72135,0.0000221,0.0000001,0.0000000
72136,0.0000221,0.0000001,0.0000000
72137,0.0000221,0.0000001,0.0000000
72138,0.0000221,0.0000001,0.0000000
72139,0.0000221,0.0000001,0.0000000
72140,0.0000221,0.0000001,0.0000000
72141,0.0000221,0.0000001,0.0000000
72142,0.0000221,0.0000001,0.0000000
72143,0.0000221,0.0000001,0.0000000
72144,0.0000221,0.0000001,0.0000000
72145,0.0000221,0.0000001,0.0000000
72146,0.0000221,0.0000001,0.0000000
72147,0.0000221,0.0000001,0.0000000
72148,0.0000221,0.0000001,0.0000000
72149,0.0000221,0.0000001,0.0000000
72150,0.0000221,0.0000001,0.0000000
72151,0.0000221,0.0000001,0.0000000
72152,0.0000221,0.0000001,0.0000000
72153,0.0000221,0.0000001,0.0000000
72154,0.0000221,0.0000001,0.0000000
72155,0.0000221,0.0000001,0.0000000
72156,0.0000221,0.0000001,0.0000000
72157,0.0000221,0.0000001,0.0000000
72158,0.0000221,0.0000001,0.0000000
72159,0.0000221,0.0000001,0.0000000
72160,0.0000221,0.0000001,0.0000000
72161,0.0000221,0.0000001,0.0000000
72162,0.0000221,0.0000001,0.0000000
72163,0.0000221,0.0000001,0.0000000
72164,0.0000221,0.0000001,0.0000000
72165,0.0000221,0.0000001,0.0000000
72166,0.0000221,0.0000001,0.0000000
72167,0.0000221,0.0000001,0.0000000
72168,0.0000221,0.0000001,0.0000000
72169,0.0000221,0.0000001,0.0000000
72170,0.0000221,0.0000001,0.0000000
72171,0.0000221,0.0000001,0.0000000
72172,0.0000221,0.0000001,0.0000000
72173,0.0000221,0.0000001,0.0000000
72174,0.0000221,0.0000001,0.0000000
72175,0.0000221,0.0000001,0.0000000
72176,0.0000221,0.0000001,0.0000000
72177,0.0000221,0.0000001,0.0000000
72178,0.0000221,0.0000001,0.0000000
72179,0.0000221,0.0000001,0.0000000
72180,0.0000221,0.0000001,0.0000000
72181,0.0000221,0.0000001,0.0000000
72182,0.0000221,0.0000001,0.0000000
72183,0.0000221,0.0000001,0.0000000
72184,0.0000221,0.0000001,0.0000000
72185,0.0000221,0.0000001,0.0000000
72186,0.0000221,0.0000001,0.0000000
72187,0.0000221,0.0000001,0.0000000
72188,0.0000221,0.0000001,0.0000000
72189,0.0000220,0.0000001,0.0000000
72190,0.0000220,0.0000001,0.0000000
72191,0.0000220,0.0000001,0.0000000
72192,0.0000220,0.0000001,0.0000000
72193,0.0000220,0.0000001,0.0000000
72194,0.0000220,0.0000001,0.0000000
72195,0.0000220,0.0000001,0.0000000
72196,0.0000220,0.0000001,0.0000000
72197,0.0000220,0.0000001,0.0000000
72198,0.0000220,0.0000001,0.0000000
72199,0.0000220,0.0000001,0.0000000
72200,0.0000220,0.0000001,0.0000000
72201,0.0000220,0.0000001,0.0000000
72202,0.0000220,0.0000001,0.0000000
72203,0.0000220,0.0000001,0.0000000
72204,0.0000220,0.0000001,0.0000000
72205,0.0000220,0.0000001,0.0000000
72206,0.0000220,0.0000001,0.0000000
72207,0.0000220,0.0000001,0.0000000
72208,0.0000220,0.0000001,0.0000000
72209,0.0000220,0.0000001,0.0000000
72210,0.0000220,0.0000001,0.0000000
72211,0.0000220,0.0000001,0.0000000
72212,0.0000220,0.0000001,0.0000000
72213,0.0000220,0.0000001,0.0000000
72214,0.0000220,0.0000001,0.0000000
72215,0.0000220,0.0000001,0.0000000
72216,0.0000220,0.0000001,0.0000000
72217,0.0000220,0.0000001,0.0000000
72218,0.0000220,0.0000001,0.0000000
72219,0.0000220,0.0000001,0.0000000
72220,0.0000220,0.0000001,0.0000000
72221,0.0000220,0.0000001,0.0000000
72222,0.0000220,0.0000001,0.0000000
72223,0.0000220,0.0000001,0.0000000
72224,0.0000220,0.0000001,0.0000000
72225,0.0000220,0.0000001,0.0000000
72226,0.0000220,0.0000001,0.0000000
72227,0.0000220,0.0000001,0.0000000
72228,0.0000220,0.0000001,0.0000000
72229,0.0000220,0.0000001,0.0000000
72230,0.0000220,0.0000001,0.0000000
72231,0.0000220,0.0000001,0.0000000
72232,0.0000220,0.0000001,0.0000000
72233,0.0000220,0.0000001,0.0000000
72234,0.0000220,0.0000001,0.0000000
72235,0.0000220,0.0000001,0.0000000
72236,0.0000220,0.0000001,0.0000000
72237,0.0000220,0.0000001,0.0000000
72238,0.0000220,0.0000001,0.0000000
72239,0.0000220,0.0000001,0.0000000
72240,0.0000220,0.0000001,0.0000000
72241,0.0000220,0.0000001,0.0000000
72242,0.0000220,0.0000001,0.0000000
72243,0.0000220,0.0000001,0.0000000
72244,0.0000220,0.0000001,0.0000000
72245,0.0000220,0.0000001,0.0000000
72246,0.0000220,0.0000001,0.0000000
72247,0.0000220,0.0000001,0.0000000
72248,0.0000220,0.0000001,0.0000000
72249,0.0000220,0.0000001,0.0000000
72250,0.0000220,0.0000001,0.0000000
72251,0.0000220,0.0000001,0.0000000
72252,0.0000220,0.0000001,0.0000000
72253,0.0000220,0.0000001,0.0000000
72254,0.0000220,0.0000001,0.0000000
72255,0.0000220,0.0000001,0.0000000
72256,0.0000220,0.0000001,0.0000000
72257,0.0000220,0.0000001,0.0000000
72258,0.0000220,0.0000001,0.0000000
72259,0.0000220,0.0000001,0.0000000
72260,0.0000220,0.0000001,0.0000000
72261,0.0000220,0.0000001,0.0000000
72262,0.0000220,0.0000001,0.0000000
72263,0.0000220,0.0000001,0.0000000
72264,0.0000220,0.0000001,0.0000000
72265,0.0000220,0.0000001,0.0000000
72266,0.0000220,0.0000001,0.0000000
72267,0.0000220,0.0000001,0.0000000
72268,0.0000220,0.0000001,0.0000000
72269,0.0000220,0.0000001,0.0000000
72270,0.0000220,0.0000001,0.0000000
72271,0.0000220,0.0000001,0.0000000
72272,0.0000220,0.0000001,0.0000000
72273,0.0000220,0.0000001,0.0000000
72274,0.0000220,0.0000001,0.0000000
72275,0.0000220,0.0000001,0.0000000
72276,0.0000220,0.0000001,0.0000000
72277,0.0000220,0.0000001,0.0000000
72278,0.0000220,0.0000001,0.0000000
72279,0.0000220,0.0000001,0.0000000
72280,0.0000220,0.0000001,0.0000000
72281,0.0000220,0.0000001,0.0000000
72282,0.0000220,0.0000001,0.0000000
72283,0.0000220,0.0000001,0.0000000
72284,0.0000220,0.0000001,0.0000000
72285,0.0000220,0.0000001,0.0000000
72286,0.0000220,0.0000001,0.0000000
72287,0.0000220,0.0000001,0.0000000
72288,0.0000220,0.0000001,0.0000000
72289,0.0000220,0.0000001,0.0000000
72290,0.0000219,0.0000001,0.0000000
72291,0.0000219,0.0000001,0.0000000
72292,0.0000219,0.0000001,0.0000000
72293,0.0000219,0.0000001,0.0000000
72294,0.0000219,0.0000001,0.0000000
72295,0.0000219,0.0000001,0.0000000
72296,0.0000219,0.0000001,0.0000000
72297,0.0000219,0.0000001,0.0000000
72298,0.0000219,0.0000001,0.0000000
72299,0.0000219,0.0000001,0.0000000
72300,0.0000219,0.0000001,0.0000000
72301,0.0000219,0.0000001,0.0000000
72302,0.0000219,0.0000001,0.0000000
72303,0.0000219,0.0000001,0.0000000
72304,0.0000219,0.0000001,0.0000000
72305,0.0000219,0.0000001,0.0000000
72306,0.0000219,0.0000001,0.0000000
72307,0.0000219,0.0000001,0.0000000
72308,0.0000219,0.0000001,0.0000000
72309,0.0000219,0.0000001,0.0000000
72310,0.0000219,0.0000001,0.0000000
72311,0.0000219,0.0000001,0.0000000
72312,0.0000219,0.0000001,0.0000000
72313,0.0000219,0.0000001,0.0000000
72314,0.0000219,0.0000001,0.0000000
72315,0.0000219,0.0000001,0.0000000
72316,0.0000219,0.0000001,0.0000000
72317,0.0000219,0.0000001,0.0000000
72318,0.0000219,0.0000001,0.0000000
72319,0.0000219,0.0000001,0.0000000
72320,0.0000219,0.0000001,0.0000000
72321,0.0000219,0.0000001,0.0000000
72322,0.0000219,0.0000001,0.0000000
72323,0.0000219,0.0000001,0.0000000
72324,0.0000219,0.0000001,0.0000000
72325,0.0000219,0.0000001,0.0000000
72326,0.0000219,0.0000001,0.0000000
72327,0.0000219,0.0000001,0.0000000
72328,0.0000219,0.0000001,0.0000000
72329,0.0000219,0.0000001,0.0000000
72330,0.0000219,0.0000001,0.0000000
72331,0.0000219,0.0000001,0.0000000
72332,0.0000219,0.0000001,0.0000000
72333,0.0000219,0.0000001,0.0000000
72334,0.0000219,0.0000001,0.0000000
72335,0.0000219,0.0000001,0.0000000
72336,0.0000219,0.0000001,0.0000000
72337,0.0000219,0.0000001,0.0000000
72338,0.0000219,0.0000001,0.0000000
72339,0.0000219,0.0000001,0.0000000
72340,0.0000219,0.0000001,0.0000000
72341,0.0000219,0.0000001,0.0000000
72342,0.0000219,0.0000001,0.0000000
72343,0.0000219,0.0000001,0.0000000
72344,0.0000219,0.0000001,0.0000000
72345,0.0000219,0.0000001,0.0000000
72346,0.0000219,0.0000001,0.0000000
72347,0.0000219,0.0000001,0.0000000
72348,0.0000219,0.0000001,0.0000000
72349,0.0000219,0.0000001,0.0000000
72350,0.0000219,0.0000001,0.0000000
72351,0.0000219,0.0000001,0.0000000
72352,0.0000219,0.0000001,0.0000000
72353,0.0000219,0.0000001,0.0000000
72354,0.0000219,0.0000001,0.0000000
72355,0.0000219,0.0000001,0.0000000
72356,0.0000219,0.0000001,0.0000000
72357,0.0000219,0.0000001,0.0000000
72358,0.0000219,0.0000001,0.0000000
72359,0.0000219,0.0000001,0.0000000
72360,0.0000219,0.0000001,0.0000000
72361,0.0000219,0.0000001,0.0000000
72362,0.0000219,0.0000001,0.0000000
72363,0.0000219,0.0000001,0.0000000
72364,0.0000219,0.0000001,0.0000000
72365,0.0000219,0.0000001,0.0000000
72366,0.0000219,0.0000001,0.0000000
72367,0.0000219,0.0000001,0.0000000
72368,0.0000219,0.0000001,0.0000000
72369,0.0000219,0.0000001,0.0000000
72370,0.0000219,0.0000001,0.0000000
72371,0.0000219,0.0000001,0.0000000
72372,0.0000219,0.0000001,0.0000000
72373,0.0000219,0.0000001,0.0000000
72374,0.0000219,0.0000001,0.0000000
72375,0.0000219,0.0000001,0.0000000
72376,0.0000219,0.0000001,0.0000000
72377,0.0000219,0.0000001,0.0000000
72378,0.0000219,0.0000001,0.0000000
72379,0.0000219,0.0000001,0.0000000
72380,0.0000219,0.0000001,0.0000000
72381,0.0000219,0.0000001,0.0000000
72382,0.0000219,0.0000001,0.0000000
72383,0.0000219,0.0000001,0.0000000
72384,0.0000219,0.0000001,0.0000000
72385,0.0000219,0.0000001,0.0000000
72386,0.0000219,0.0000001,0.0000000
72387,0.0000219,0.0000001,0.0000000
72388,0.0000219,0.0000001,0.0000000
72389,0.0000219,0.0000001,0.0000000
72390,0.0000219,0.0000001,0.0000000
72391,0.0000219,0.0000001,0.0000000
72392,0.0000218,0.0000001,0.0000000
72393,0.0000218,0.0000001,0.0000000
72394,0.0000218,0.0000001,0.0000000
72395,0.0000218,0.0000001,0.0000000
72396,0.0000218,0.0000001,0.0000000
72397,0.0000218,0.0000001,0.0000000
72398,0.0000218,0.0000001,0.0000000
72399,0.0000218,0.0000001,0.0000000
72400,0.0000218,0.0000001,0.0000000
72401,0.0000218,0.0000001,0.0000000
72402,0.0000218,0.0000001,0.0000000
72403,0.0000218,0.0000001,0.0000000
72404,0.0000218,0.0000001,0.0000000
72405,0.0000218,0.0000001,0.0000000
72406,0.0000218,0.0000001,0.0000000
72407,0.0000218,0.0000001,0.0000000
72408,0.0000218,0.0000001,0.0000000
72409,0.0000218,0.0000001,0.0000000
72410,0.0000218,0.0000001,0.0000000
72411,0.0000218,0.0000001,0.0000000
72412,0.0000218,0.0000001,0.0000000
72413,0.0000218,0.0000001,0.0000000
72414,0.0000218,0.0000001,0.0000000
72415,0.0000218,0.0000001,0.0000000
72416,0.0000218,0.0000001,0.0000000
72417,0.0000218,0.0000001,0.0000000
72418,0.0000218,0.0000001,0.0000000
72419,0.0000218,0.0000001,0.0000000
72420,0.0000218,0.0000001,0.0000000
72421,0.0000218,0.0000001,0.0000000
72422,0.0000218,0.0000001,0.0000000
72423,0.0000218,0.0000001,0.0000000
72424,0.0000218,0.0000001,0.0000000
72425,0.0000218,0.0000001,0.0000000
72426,0.0000218,0.0000001,0.0000000
72427,0.0000218,0.0000001,0.0000000
72428,0.0000218,0.0000001,0.0000000
72429,0.0000218,0.0000001,0.0000000
72430,0.0000218,0.0000001,0.0000000
72431,0.0000218,0.0000001,0.0000000
72432,0.0000218,0.0000001,0.0000000
72433,0.0000218,0.0000001,0.0000000
72434,0.0000218,0.0000001,0.0000000
72435,0.0000218,0.0000001,0.0000000
72436,0.0000218,0.0000001,0.0000000
72437,0.0000218,0.0000001,0.0000000
72438,0.0000218,0.0000001,0.0000000
72439,0.0000218,0.0000001,0.0000000
72440,0.0000218,0.0000001,0.0000000
72441,0.0000218,0.0000001,0.0000000
72442,0.0000218,0.0000001,0.0000000
72443,0.0000218,0.0000001,0.0000000
72444,0.0000218,0.0000001,0.0000000
72445,0.0000218,0.0000001,0.0000000
72446,0.0000218,0.0000001,0.0000000
72447,0.0000218,0.0000001,0.0000000
72448,0.0000218,0.0000001,0.0000000
72449,0.0000218,0.0000001,0.0000000
72450,0.0000218,0.0000001,0.0000000
72451,0.0000218,0.0000001,0.0000000
72452,0.0000218,0.0000001,0.0000000
72453,0.0000218,0.0000001,0.0000000
72454,0.0000218,0.0000001,0.0000000
72455,0.0000218,0.0000001,0.0000000
72456,0.0000218,0.0000001,0.0000000
72457,0.0000218,0.0000001,0.0000000
72458,0.0000218,0.0000001,0.0000000
72459,0.0000218,0.0000001,0.0000000
72460,0.0000218,0.0000001,0.0000000
72461,0.0000218,0.0000001,0.0000000
72462,0.0000218,0.0000001,0.0000000
72463,0.0000218,0.0000001,0.0000000
72464,0.0000218,0.0000001,0.0000000
72465,0.0000218,0.0000001,0.0000000
72466,0.0000218,0.0000001,0.0000000
72467,0.0000218,0.0000001,0.0000000
72468,0.0000218,0.0000001,0.0000000
72469,0.0000218,0.0000001,0.0000000
72470,0.0000218,0.0000001,0.0000000
72471,0.0000218,0.0000001,0.0000000
72472,0.0000218,0.0000001,0.0000000
72473,0.0000218,0.0000001,0.0000000
72474,0.0000218,0.0000001,0.0000000
72475,0.0000218,0.0000001,0.0000000
72476,0.0000218,0.0000001,0.0000000
72477,0.0000218,0.0000001,0.0000000
72478,0.0000218,0.0000001,0.0000000
72479,0.0000218,0.0000001,0.0000000
72480,0.0000218,0.0000001,0.0000000
72481,0.0000218,0.0000001,0.0000000
72482,0.0000218,0.0000001,0.0000000
72483,0.0000218,0.0000001,0.0000000
72484,0.0000218,0.0000001,0.0000000
72485,0.0000218,0.0000001,0.0000000
72486,0.0000218,0.0000001,0.0000000
72487,0.0000218,0.0000001,0.0000000
72488,0.0000218,0.0000001,0.0000000
72489,0.0000218,0.0000001,0.0000000
72490,0.0000218,0.0000001,0.0000000
72491,0.0000218,0.0000001,0.0000000
72492,0.0000218,0.0000001,0.0000000
72493,0.0000218,0.0000001,0.0000000
72494,0.0000217,0.0000001,0.0000000
72495,0.0000217,0.0000001,0.0000000
72496,0.0000217,0.0000001,0.0000000
72497,0.0000217,0.0000001,0.0000000
72498,0.0000217,0.0000001,0.0000000
72499,0.0000217,0.0000001,0.0000000
72500,0.0000217,0.0000001,0.0000000
72501,0.0000217,0.0000001,0.0000000
72502,0.0000217,0.0000001,0.0000000
72503,0.0000217,0.0000001,0.0000000
72504,0.0000217,0.0000001,0.0000000
72505,0.0000217,0.0000001,0.0000000
72506,0.0000217,0.0000001,0.0000000
72507,0.0000217,0.0000001,0.0000000
72508,0.0000217,0.0000001,0.0000000
72509,0.0000217,0.0000001,0.0000000
72510,0.0000217,0.0000001,0.0000000
72511,0.0000217,0.0000001,0.0000000
72512,0.0000217,0.0000001,0.0000000
72513,0.0000217,0.0000001,0.0000000
72514,0.0000217,0.0000001,0.0000000
72515,0.0000217,0.0000001,0.0000000
72516,0.0000217,0.0000001,0.0000000
72517,0.0000217,0.0000001,0.0000000
72518,0.0000217,0.0000001,0.0000000
72519,0.0000217,0.0000001,0.0000000
72520,0.0000217,0.0000001,0.0000000
72521,0.0000217,0.0000001,0.0000000
72522,0.0000217,0.0000001,0.0000000
72523,0.0000217,0.0000001,0.0000000
72524,0.0000217,0.0000001,0.0000000
72525,0.0000217,0.0000001,0.0000000
72526,0.0000217,0.0000001,0.0000000
72527,0.0000217,0.0000001,0.0000000
72528,0.0000217,0.0000001,0.0000000
72529,0.0000217,0.0000001,0.0000000
72530,0.0000217,0.0000001,0.0000000
72531,0.0000217,0.0000001,0.0000000
72532,0.0000217,0.0000001,0.0000000
72533,0.0000217,0.0000001,0.0000000
72534,0.0000217,0.0000001,0.0000000
72535,0.0000217,0.0000001,0.0000000
72536,0.0000217,0.0000001,0.0000000
72537,0.0000217,0.0000001,0.0000000
72538,0.0000217,0.0000001,0.0000000
72539,0.0000217,0.0000001,0.0000000
72540,0.0000217,0.0000001,0.0000000
72541,0.0000217,0.0000001,0.0000000
72542,0.0000217,0.0000001,0.0000000
72543,0.0000217,0.0000001,0.0000000
72544,0.0000217,0.0000001,0.0000000
72545,0.0000217,0.0000001,0.0000000
72546,0.0000217,0.0000001,0.0000000
72547,0.0000217,0.0000001,0.0000000
72548,0.0000217,0.0000001,0.0000000
72549,0.0000217,0.0000001,0.0000000
72550,0.0000217,0.0000001,0.0000000
72551,0.0000217,0.0000001,0.0000000
72552,0.0000217,0.0000001,0.0000000
72553,0.0000217,0.0000001,0.0000000
72554,0.0000217,0.0000001,0.0000000
72555,0.0000217,0.0000001,0.0000000
72556,0.0000217,0.0000001,0.0000000
72557,0.0000217,0.0000001,0.0000000
72558,0.0000217,0.0000001,0.0000000
72559,0.0000217,0.0000001,0.0000000
72560,0.0000217,0.0000001,0.0000000
72561,0.0000217,0.0000001,0.0000000
72562,0.0000217,0.0000001,0.0000000
72563,0.0000217,0.0000001,0.0000000
72564,0.0000217,0.0000001,0.0000000
72565,0.0000217,0.0000001,0.0000000
72566,0.0000217,0.0000001,0.0000000
72567,0.0000217,0.0000001,0.0000000
72568,0.0000217,0.0000001,0.0000000
72569,0.0000217,0.0000001,0.0000000
72570,0.0000217,0.0000001,0.0000000
72571,0.0000217,0.0000001,0.0000000
72572,0.0000217,0.0000001,0.0000000
72573,0.0000217,0.0000001,0.0000000
72574,0.0000217,0.0000001,0.0000000
72575,0.0000217,0.0000001,0.0000000
72576,0.0000217,0.0000001,0.0000000
72577,0.0000217,0.0000001,0.0000000
72578,0.0000217,0.0000001,0.0000000
72579,0.0000217,0.0000001,0.0000000
72580,0.0000217,0.0000001,0.0000000
72581,0.0000217,0.0000001,0.0000000
72582,0.0000217,0.0000001,0.0000000
72583,0.0000217,0.0000001,0.0000000
72584,0.0000217,0.0000001,0.0000000
72585,0.0000217,0.0000001,0.0000000
72586,0.0000217,0.0000001,0.0000000
72587,0.0000217,0.0000001,0.0000000
72588,0.0000217,0.0000001,0.0000000
72589,0.0000217,0.0000001,0.0000000
72590,0.0000217,0.0000001,0.0000000
72591,0.0000217,0.0000001,0.0000000
72592,0.0000217,0.0000001,0.0000000
72593,0.0000217,0.0000001,0.0000000
72594,0.0000217,0.0000001,0.0000000
72595,0.0000217,0.0000001,0.0000000
72596,0.0000217,0.0000001,0.0000000
72597,0.0000216,0.0000001,0.0000000
72598,0.0000216,0.0000001,0.0000000
72599,0.0000216,0.0000001,0.0000000
72600,0.0000216,0.0000001,0.0000000
72601,0.0000216,0.0000001,0.0000000
72602,0.0000216,0.0000001,0.0000000
72603,0.0000216,0.0000001,0.0000000
72604,0.0000216,0.0000001,0.0000000
72605,0.0000216,0.0000001,0.0000000
72606,0.0000216,0.0000001,0.0000000
72607,0.0000216,0.0000001,0.0000000
72608,0.0000216,0.0000001,0.0000000
72609,0.0000216,0.0000001,0.0000000
72610,0.0000216,0.0000001,0.0000000
72611,0.0000216,0.0000001,0.0000000
72612,0.0000216,0.0000001,0.0000000
72613,0.0000216,0.0000001,0.0000000
72614,0.0000216,0.0000001,0.0000000
72615,0.0000216,0.0000001,0.0000000
72616,0.0000216,0.0000001,0.0000000
72617,0.0000216,0.0000001,0.0000000
72618,0.0000216,0.0000001,0.0000000
72619,0.0000216,0.0000001,0.0000000
72620,0.0000216,0.0000001,0.0000000
72621,0.0000216,0.0000001,0.0000000
72622,0.0000216,0.0000001,0.0000000
72623,0.0000216,0.0000001,0.0000000
72624,0.0000216,0.0000001,0.0000000
72625,0.0000216,0.0000001,0.0000000
72626,0.0000216,0.0000001,0.0000000
72627,0.0000216,0.0000001,0.0000000
72628,0.0000216,0.0000001,0.0000000
72629,0.0000216,0.0000001,0.0000000
72630,0.0000216,0.0000001,0.0000000
72631,0.0000216,0.0000001,0.0000000
72632,0.0000216,0.0000001,0.0000000
72633,0.0000216,0.0000001,0.0000000
72634,0.0000216,0.0000001,0.0000000
72635,0.0000216,0.0000001,0.0000000
72636,0.0000216,0.0000001,0.0000000
72637,0.0000216,0.0000001,0.0000000
72638,0.0000216,0.0000001,0.0000000
72639,0.0000216,0.0000001,0.0000000
72640,0.0000216,0.0000001,0.0000000
72641,0.0000216,0.0000001,0.0000000
72642,0.0000216,0.0000001,0.0000000
72643,0.0000216,0.0000001,0.0000000
72644,0.0000216,0.0000001,0.0000000
72645,0.0000216,0.0000001,0.0000000
72646,0.0000216,0.0000001,0.0000000
72647,0.0000216,0.0000001,0.0000000
72648,0.0000216,0.0000001,0.0000000
72649,0.0000216,0.0000001,0.0000000
72650,0.0000216,0.0000001,0.0000000
72651,0.0000216,0.0000001,0.0000000
72652,0.0000216,0.0000001,0.0000000
72653,0.0000216,0.0000001,0.0000000
72654,0.0000216,0.0000001,0.0000000
72655,0.0000216,0.0000001,0.0000000
72656,0.0000216,0.0000001,0.0000000
72657,0.0000216,0.0000001,0.0000000
72658,0.0000216,0.0000001,0.0000000
72659,0.0000216,0.0000001,0.0000000
72660,0.0000216,0.0000001,0.0000000
72661,0.0000216,0.0000001,0.0000000
72662,0.0000216,0.0000001,0.0000000
72663,0.0000216,0.0000001,0.0000000
72664,0.0000216,0.0000001,0.0000000
72665,0.0000216,0.0000001,0.0000000
72666,0.0000216,0.0000001,0.0000000
72667,0.0000216,0.0000001,0.0000000
72668,0.0000216,0.0000001,0.0000000
72669,0.0000216,0.0000001,0.0000000
72670,0.0000216,0.0000001,0.0000000
72671,0.0000216,0.0000001,0.0000000
72672,0.0000216,0.0000001,0.0000000
72673,0.0000216,0.0000001,0.0000000
72674,0.0000216,0.0000001,0.0000000
72675,0.0000216,0.0000001,0.0000000
72676,0.0000216,0.0000001,0.0000000
72677,0.0000216,0.0000001,0.0000000
72678,0.0000216,0.0000001,0.0000000
72679,0.0000216,0.0000001,0.0000000
72680,0.0000216,0.0000001,0.0000000
72681,0.0000216,0.0000001,0.0000000
72682,0.0000216,0.0000001,0.0000000
72683,0.0000216,0.0000001,0.0000000
72684,0.0000216,0.0000001,0.0000000
72685,0.0000216,0.0000001,0.0000000
72686,0.0000216,0.0000001,0.0000000
72687,0.0000216,0.0000001,0.0000000
72688,0.0000216,0.0000001,0.0000000
72689,0.0000216,0.0000001,0.0000000
72690,0.0000216,0.0000001,0.0000000
72691,0.0000216,0.0000001,0.0000000
72692,0.0000216,0.0000001,0.0000000
72693,0.0000216,0.0000001,0.0000000
72694,0.0000216,0.0000001,0.0000000
72695,0.0000216,0.0000001,0.0000000
72696,0.0000216,0.0000001,0.0000000
72697,0.0000216,0.0000001,0.0000000
72698,0.0000216,0.0000001,0.0000000
72699,0.0000216,0.0000001,0.0000000
72700,0.0000216,0.0000001,0.0000000
72701,0.0000215,0.0000001,0.0000000
72702,0.0000215,0.0000001,0.0000000
72703,0.0000215,0.0000001,0.0000000
72704,0.0000215,0.0000001,0.0000000
72705,0.0000215,0.0000001,0.0000000
72706,0.0000215,0.0000001,0.0000000
72707,0.0000215,0.0000001,0.0000000
72708,0.0000215,0.0000001,0.0000000
72709,0.0000215,0.0000001,0.0000000
72710,0.0000215,0.0000001,0.0000000
72711,0.0000215,0.0000001,0.0000000
72712,0.0000215,0.0000001,0.0000000
72713,0.0000215,0.0000001,0.0000000
72714,0.0000215,0.0000001,0.0000000
72715,0.0000215,0.0000001,0.0000000
72716,0.0000215,0.0000001,0.0000000
72717,0.0000215,0.0000001,0.0000000
72718,0.0000215,0.0000001,0.0000000
72719,0.0000215,0.0000001,0.0000000
72720,0.0000215,0.0000001,0.0000000
72721,0.0000215,0.0000001,0.0000000
72722,0.0000215,0.0000001,0.0000000
72723,0.0000215,0.0000001,0.0000000
72724,0.0000215,0.0000001,0.0000000
72725,0.0000215,0.0000001,0.0000000
72726,0.0000215,0.0000001,0.0000000
72727,0.0000215,0.0000001,0.0000000
72728,0.0000215,0.0000001,0.0000000
72729,0.0000215,0.0000001,0.0000000
72730,0.0000215,0.0000001,0.0000000
72731,0.0000215,0.0000001,0.0000000
72732,0.0000215,0.0000001,0.0000000
72733,0.0000215,0.0000001,0.0000000
72734,0.0000215,0.0000001,0.0000000
72735,0.0000215,0.0000001,0.0000000
72736,0.0000215,0.0000001,0.0000000
72737,0.0000215,0.0000001,0.0000000
72738,0.0000215,0.0000001,0.0000000
72739,0.0000215,0.0000001,0.0000000
72740,0.0000215,0.0000001,0.0000000
72741,0.0000215,0.0000001,0.0000000
72742,0.0000215,0.0000001,0.0000000
72743,0.0000215,0.0000001,0.0000000
72744,0.0000215,0.0000001,0.0000000
72745,0.0000215,0.0000001,0.0000000
72746,0.0000215,0.0000001,0.0000000
72747,0.0000215,0.0000001,0.0000000
72748,0.0000215,0.0000001,0.0000000
72749,0.0000215,0.0000001,0.0000000
72750,0.0000215,0.0000001,0.0000000
72751,0.0000215,0.0000001,0.0000000
72752,0.0000215,0.0000001,0.0000000
72753,0.0000215,0.0000001,0.0000000
72754,0.0000215,0.0000001,0.0000000
72755,0.0000215,0.0000001,0.0000000
72756,0.0000215,0.0000001,0.0000000
72757,0.0000215,0.0000001,0.0000000
72758,0.0000215,0.0000001,0.0000000
72759,0.0000215,0.0000001,0.0000000
72760,0.0000215,0.0000001,0.0000000
72761,0.0000215,0.0000001,0.0000000
72762,0.0000215,0.0000001,0.0000000
72763,0.0000215,0.0000001,0.0000000
72764,0.0000215,0.0000001,0.0000000
72765,0.0000215,0.0000001,0.0000000
72766,0.0000215,0.0000001,0.0000000
72767,0.0000215,0.0000001,0.0000000
72768,0.0000215,0.0000001,0.0000000
72769,0.0000215,0.0000001,0.0000000
72770,0.0000215,0.0000001,0.0000000
72771,0.0000215,0.0000001,0.0000000
72772,0.0000215,0.0000001,0.0000000
72773,0.0000215,0.0000001,0.0000000
72774,0.0000215,0.0000001,0.0000000
72775,0.0000215,0.0000001,0.0000000
72776,0.0000215,0.0000001,0.0000000
72777,0.0000215,0.0000001,0.0000000
72778,0.0000215,0.0000001,0.0000000
72779,0.0000215,0.0000001,0.0000000
72780,0.0000215,0.0000001,0.0000000
72781,0.0000215,0.0000001,0.0000000
72782,0.0000215,0.0000001,0.0000000
72783,0.0000215,0.0000001,0.0000000
72784,0.0000215,0.0000001,0.0000000
72785,0.0000215,0.0000001,0.0000000
72786,0.0000215,0.0000001,0.0000000
72787,0.0000215,0.0000001,0.0000000
72788,0.0000215,0.0000001,0.0000000
72789,0.0000215,0.0000001,0.0000000
72790,0.0000215,0.0000001,0.0000000
72791,0.0000215,0.0000001,0.0000000
72792,0.0000215,0.0000001,0.0000000
72793,0.0000215,0.0000001,0.0000000
72794,0.0000215,0.0000001,0.0000000
72795,0.0000215,0.0000001,0.0000000
72796,0.0000215,0.0000001,0.0000000
72797,0.0000215,0.0000001,0.0000000
72798,0.0000215,0.0000001,0.0000000
72799,0.0000215,0.0000001,0.0000000
72800,0.0000215,0.0000001,0.0000000
72801,0.0000215,0.0000001,0.0000000
72802,0.0000215,0.0000001,0.0000000
72803,0.0000215,0.0000001,0.0000000
72804,0.0000215,0.0000001,0.0000000
72805,0.0000214,0.0000001,0.0000000
72806,0.0000214,0.0000001,0.0000000
72807,0.0000214,0.0000001,0.0000000
72808,0.0000214,0.0000001,0.0000000
72809,0.0000214,0.0000001,0.0000000
72810,0.0000214,0.0000001,0.0000000
72811,0.0000214,0.0000001,0.0000000
72812,0.0000214,0.0000001,0.0000000
72813,0.0000214,0.0000001,0.0000000
72814,0.0000214,0.0000001,0.0000000
72815,0.0000214,0.0000001,0.0000000
72816,0.0000214,0.0000001,0.0000000
72817,0.0000214,0.0000001,0.0000000
72818,0.0000214,0.0000001,0.0000000
72819,0.0000214,0.0000001,0.0000000
72820,0.0000214,0.0000001,0.0000000
72821,0.0000214,0.0000001,0.0000000
72822,0.0000214,0.0000001,0.0000000
72823,0.0000214,0.0000001,0.0000000
72824,0.0000214,0.0000001,0.0000000
72825,0.0000214,0.0000001,0.0000000
72826,0.0000214,0.0000001,0.0000000
72827,0.0000214,0.0000001,0.0000000
72828,0.0000214,0.0000001,0.0000000
72829,0.0000214,0.0000001,0.0000000
72830,0.0000214,0.0000001,0.0000000
72831,0.0000214,0.0000001,0.0000000
72832,0.0000214,0.0000001,0.0000000
72833,0.0000214,0.0000001,0.0000000
72834,0.0000214,0.0000001,0.0000000
72835,0.0000214,0.0000001,0.0000000
72836,0.0000214,0.0000001,0.0000000
72837,0.0000214,0.0000001,0.0000000
72838,0.0000214,0.0000001,0.0000000
72839,0.0000214,0.0000001,0.0000000
72840,0.0000214,0.0000001,0.0000000
72841,0.0000214,0.0000001,0.0000000
72842,0.0000214,0.0000001,0.0000000
72843,0.0000214,0.0000001,0.0000000
72844,0.0000214,0.0000001,0.0000000
72845,0.0000214,0.0000001,0.0000000
72846,0.0000214,0.0000001,0.0000000
72847,0.0000214,0.0000001,0.0000000
72848,0.0000214,0.0000001,0.0000000
72849,0.0000214,0.0000001,0.0000000
72850,0.0000214,0.0000001,0.0000000
72851,0.0000214,0.0000001,0.0000000
72852,0.0000214,0.0000001,0.0000000
72853,0.0000214,0.0000001,0.0000000
72854,0.0000214,0.0000001,0.0000000
72855,0.0000214,0.0000001,0.0000000
72856,0.0000214,0.0000001,0.0000000
72857,0.0000214,0.0000001,0.0000000
72858,0.0000214,0.0000001,0.0000000
72859,0.0000214,0.0000001,0.0000000
72860,0.0000214,0.0000001,0.0000000
72861,0.0000214,0.0000001,0.0000000
72862,0.0000214,0.0000001,0.0000000
72863,0.0000214,0.0000001,0.0000000
72864,0.0000214,0.0000001,0.0000000
72865,0.0000214,0.0000001,0.0000000
72866,0.0000214,0.0000001,0.0000000
72867,0.0000214,0.0000001,0.0000000
72868,0.0000214,0.0000001,0.0000000
72869,0.0000214,0.0000001,0.0000000
72870,0.0000214,0.0000001,0.0000000
72871,0.0000214,0.0000001,0.0000000
72872,0.0000214,0.0000001,0.0000000
72873,0.0000214,0.0000001,0.0000000
72874,0.0000214,0.0000001,0.0000000
72875,0.0000214,0.0000001,0.0000000
72876,0.0000214,0.0000001,0.0000000
72877,0.0000214,0.0000001,0.0000000
72878,0.0000214,0.0000001,0.0000000
72879,0.0000214,0.0000001,0.0000000
72880,0.0000214,0.0000001,0.0000000
72881,0.0000214,0.0000001,0.0000000
72882,0.0000214,0.0000001,0.0000000
72883,0.0000214,0.0000001,0.0000000
72884,0.0000214,0.0000001,0.0000000
72885,0.0000214,0.0000001,0.0000000
72886,0.0000214,0.0000001,0.0000000
72887,0.0000214,0.0000001,0.0000000
72888,0.0000214,0.0000001,0.0000000
72889,0.0000214,0.0000001,0.0000000
72890,0.0000214,0.0000001,0.0000000
72891,0.0000214,0.0000001,0.0000000
72892,0.0000214,0.0000001,0.0000000
72893,0.0000214,0.0000001,0.0000000
72894,0.0000214,0.0000001,0.0000000
72895,0.0000214,0.0000001,0.0000000
72896,0.0000214,0.0000001,0.0000000
72897,0.0000214,0.0000001,0.0000000
72898,0.0000214,0.0000001,0.0000000
72899,0.0000214,0.0000001,0.0000000
72900,0.0000214,0.0000001,0.0000000
72901,0.0000214,0.0000001,0.0000000
72902,0.0000214,0.0000001,0.0000000
72903,0.0000214,0.0000001,0.0000000
72904,0.0000214,0.0000001,0.0000000
72905,0.0000214,0.0000001,0.0000000
72906,0.0000214,0.0000001,0.0000000
72907,0.0000214,0.0000001,0.0000000
72908,0.0000214,0.0000001,0.0000000
72909,0.0000213,0.0000001,0.0000000
72910,0.0000213,0.0000001,0.0000000
72911,0.0000213,0.0000001,0.0000000
72912,0.0000213,0.0000001,0.0000000
72913,0.0000213,0.0000001,0.0000000
72914,0.0000213,0.0000001,0.0000000
72915,0.0000213,0.0000001,0.0000000
72916,0.0000213,0.0000001,0.0000000
72917,0.0000213,0.0000001,0.0000000
72918,0.0000213,0.0000001,0.0000000
72919,0.0000213,0.0000001,0.0000000
72920,0.0000213,0.0000001,0.0000000
72921,0.0000213,0.0000001,0.0000000
72922,0.0000213,0.0000001,0.0000000
72923,0.0000213,0.0000001,0.0000000
72924,0.0000213,0.0000001,0.0000000
72925,0.0000213,0.0000001,0.0000000
72926,0.0000213,0.0000001,0.0000000
72927,0.0000213,0.0000001,0.0000000
72928,0.0000213,0.0000001,0.0000000
72929,0.0000213,0.0000001,0.0000000
72930,0.0000213,0.0000001,0.0000000
72931,0.0000213,0.0000001,0.0000000
72932,0.0000213,0.0000001,0.0000000
72933,0.0000213,0.0000001,0.0000000
72934,0.0000213,0.0000001,0.0000000
72935,0.0000213,0.0000001,0.0000000
72936,0.0000213,0.0000001,0.0000000
72937,0.0000213,0.0000001,0.0000000
72938,0.0000213,0.0000001,0.0000000
72939,0.0000213,0.0000001,0.0000000
72940,0.0000213,0.0000001,0.0000000
72941,0.0000213,0.0000001,0.0000000
72942,0.0000213,0.0000001,0.0000000
72943,0.0000213,0.0000001,0.0000000
72944,0.0000213,0.0000001,0.0000000
72945,0.0000213,0.0000001,0.0000000
72946,0.0000213,0.0000001,0.0000000
72947,0.0000213,0.0000001,0.0000000
72948,0.0000213,0.0000001,0.0000000
72949,0.0000213,0.0000001,0.0000000
72950,0.0000213,0.0000001,0.0000000
72951,0.0000213,0.0000001,0.0000000
72952,0.0000213,0.0000001,0.0000000
72953,0.0000213,0.0000001,0.0000000
72954,0.0000213,0.0000001,0.0000000
72955,0.0000213,0.0000001,0.0000000
72956,0.0000213,0.0000001,0.0000000
72957,0.0000213,0.0000001,0.0000000
72958,0.0000213,0.0000001,0.0000000
72959,0.0000213,0.0000001,0.0000000
72960,0.0000213,0.0000001,0.0000000
72961,0.0000213,0.0000001,0.0000000
72962,0.0000213,0.0000001,0.0000000
72963,0.0000213,0.0000001,0.0000000
72964,0.0000213,0.0000001,0.0000000
72965,0.0000213,0.0000001,0.0000000
72966,0.0000213,0.0000001,0.0000000
72967,0.0000213,0.0000001,0.0000000
72968,0.0000213,0.0000001,0.0000000
72969,0.0000213,0.0000001,0.0000000
72970,0.0000213,0.0000001,0.0000000
72971,0.0000213,0.0000001,0.0000000
72972,0.0000213,0.0000001,0.0000000
72973,0.0000213,0.0000001,0.0000000
72974,0.0000213,0.0000001,0.0000000
72975,0.0000213,0.0000001,0.0000000
72976,0.0000213,0.0000001,0.0000000
72977,0.0000213,0.0000001,0.0000000
72978,0.0000213,0.0000001,0.0000000
72979,0.0000213,0.0000001,0.0000000
72980,0.0000213,0.0000001,0.0000000
72981,0.0000213,0.0000001,0.0000000
72982,0.0000213,0.0000001,0.0000000
72983,0.0000213,0.0000001,0.0000000
72984,0.0000213,0.0000001,0.0000000
72985,0.0000213,0.0000001,0.0000000
72986,0.0000213,0.0000001,0.0000000
72987,0.0000213,0.0000001,0.0000000
72988,0.0000213,0.0000001,0.0000000
72989,0.0000213,0.0000001,0.0000000
72990,0.0000213,0.0000001,0.0000000
72991,0.0000213,0.0000001,0.0000000
72992,0.0000213,0.0000001,0.0000000
72993,0.0000213,0.0000001,0.0000000
72994,0.0000213,0.0000001,0.0000000
72995,0.0000213,0.0000001,0.0000000
72996,0.0000213,0.0000001,0.0000000
72997,0.0000213,0.0000001,0.0000000
72998,0.0000213,0.0000001,0.0000000
72999,0.0000213,0.0000001,0.0000000
73000,0.0000213,0.0000001,0.0000000
73001,0.0000213,0.0000001,0.0000000
73002,0.0000213,0.0000001,0.0000000
73003,0.0000213,0.0000001,0.0000000
73004,0.0000213,0.0000001,0.0000000
73005,0.0000213,0.0000001,0.0000000
73006,0.0000213,0.0000001,0.0000000
73007,0.0000213,0.0000001,0.0000000
73008,0.0000213,0.0000001,0.0000000
73009,0.0000213,0.0000001,0.0000000
73010,0.0000213,0.0000001,0.0000000
73011,0.0000213,0.0000001,0.0000000
73012,0.0000213,0.0000001,0.0000000
73013,0.0000213,0.0000001,0.0000000
73014,0.0000212,0.0000001,0.0000000
73015,0.0000212,0.0000001,0.0000000
73016,0.0000212,0.0000001,0.0000000
73017,0.0000212,0.0000001,0.0000000
73018,0.0000212,0.0000001,0.0000000
73019,0.0000212,0.0000001,0.0000000
73020,0.0000212,0.0000001,0.0000000
73021,0.0000212,0.0000001,0.0000000
73022,0.0000212,0.0000001,0.0000000
73023,0.0000212,0.0000001,0.0000000
73024,0.0000212,0.0000001,0.0000000
73025,0.0000212,0.0000001,0.0000000
73026,0.0000212,0.0000001,0.0000000
73027,0.0000212,0.0000001,0.0000000
73028,0.0000212,0.0000001,0.0000000
73029,0.0000212,0.0000001,0.0000000
73030,0.0000212,0.0000001,0.0000000
73031,0.0000212,0.0000001,0.0000000
73032,0.0000212,0.0000001,0.0000000
73033,0.0000212,0.0000001,0.0000000
73034,0.0000212,0.0000001,0.0000000
73035,0.0000212,0.0000001,0.0000000
73036,0.0000212,0.0000001,0.0000000
73037,0.0000212,0.0000001,0.0000000
73038,0.0000212,0.0000001,0.0000000
73039,0.0000212,0.0000001,0.0000000
73040,0.0000212,0.0000001,0.0000000
73041,0.0000212,0.0000001,0.0000000
73042,0.0000212,0.0000001,0.0000000
73043,0.0000212,0.0000001,0.0000000
73044,0.0000212,0.0000001,0.0000000
73045,0.0000212,0.0000001,0.0000000
73046,0.0000212,0.0000001,0.0000000
73047,0.0000212,0.0000001,0.0000000
73048,0.0000212,0.0000001,0.0000000
73049,0.0000212,0.0000001,0.0000000
73050,0.0000212,0.0000001,0.0000000
73051,0.0000212,0.0000001,0.0000000
73052,0.0000212,0.0000001,0.0000000
73053,0.0000212,0.0000001,0.0000000
73054,0.0000212,0.0000001,0.0000000
73055,0.0000212,0.0000001,0.0000000
73056,0.0000212,0.0000001,0.0000000
73057,0.0000212,0.0000001,0.0000000
73058,0.0000212,0.0000001,0.0000000
73059,0.0000212,0.0000001,0.0000000
73060,0.0000212,0.0000001,0.0000000
73061,0.0000212,0.0000001,0.0000000
73062,0.0000212,0.0000001,0.0000000
73063,0.0000212,0.0000001,0.0000000
73064,0.0000212,0.0000001,0.0000000
73065,0.0000212,0.0000001,0.0000000
73066,0.0000212,0.0000001,0.0000000
73067,0.0000212,0.0000001,0.0000000
73068,0.0000212,0.0000001,0.0000000
73069,0.0000212,0.0000001,0.0000000
73070,0.0000212,0.0000001,0.0000000
73071,0.0000212,0.0000001,0.0000000
73072,0.0000212,0.0000001,0.0000000
73073,0.0000212,0.0000001,0.0000000
73074,0.0000212,0.0000001,0.0000000
73075,0.0000212,0.0000001,0.0000000
73076,0.0000212,0.0000001,0.0000000
73077,0.0000212,0.0000001,0.0000000
73078,0.0000212,0.0000001,0.0000000
73079,0.0000212,0.0000001,0.0000000
73080,0.0000212,0.0000001,0.0000000
73081,0.0000212,0.0000001,0.0000000
73082,0.0000212,0.0000001,0.0000000
73083,0.0000212,0.0000001,0.0000000
73084,0.0000212,0.0000001,0.0000000
73085,0.0000212,0.0000001,0.0000000
73086,0.0000212,0.0000001,0.0000000
73087,0.0000212,0.0000001,0.0000000
73088,0.0000212,0.0000001,0.0000000
73089,0.0000212,0.0000001,0.0000000
73090,0.0000212,0.0000001,0.0000000
73091,0.0000212,0.0000001,0.0000000
73092,0.0000212,0.0000001,0.0000000
73093,0.0000212,0.0000001,0.0000000
73094,0.0000212,0.0000001,0.0000000
73095,0.0000212,0.0000001,0.0000000
73096,0.0000212,0.0000001,0.0000000
73097,0.0000212,0.0000001,0.0000000
73098,0.0000212,0.0000001,0.0000000
73099,0.0000212,0.0000001,0.0000000
73100,0.0000212,0.0000001,0.0000000
73101,0.0000212,0.0000001,0.0000000
73102,0.0000212,0.0000001,0.0000000
73103,0.0000212,0.0000001,0.0000000
73104,0.0000212,0.0000001,0.0000000
73105,0.0000212,0.0000001,0.0000000
73106,0.0000212,0.0000001,0.0000000
73107,0.0000212,0.0000001,0.0000000
73108,0.0000212,0.0000001,0.0000000
73109,0.0000212,0.0000001,0.0000000
73110,0.0000212,0.0000001,0.0000000
73111,0.0000212,0.0000001,0.0000000
73112,0.0000212,0.0000001,0.0000000
73113,0.0000212,0.0000001,0.0000000
73114,0.0000212,0.0000001,0.0000000
73115,0.0000212,0.0000001,0.0000000
73116,0.0000212,0.0000001,0.0000000
73117,0.0000212,0.0000001,0.0000000
73118,0.0000212,0.0000001,0.0000000
73119,0.0000211,0.0000001,0.0000000
73120,0.0000211,0.0000001,0.0000000
73121,0.0000211,0.0000001,0.0000000
73122,0.0000211,0.0000001,0.0000000
73123,0.0000211,0.0000001,0.0000000
73124,0.0000211,0.0000001,0.0000000
73125,0.0000211,0.0000001,0.0000000
73126,0.0000211,0.0000001,0.0000000
73127,0.0000211,0.0000001,0.0000000
73128,0.0000211,0.0000001,0.0000000
73129,0.0000211,0.0000001,0.0000000
73130,0.0000211,0.0000001,0.0000000
73131,0.0000211,0.0000001,0.0000000
73132,0.0000211,0.0000001,0.0000000
73133,0.0000211,0.0000001,0.0000000
73134,0.0000211,0.0000001,0.0000000
73135,0.0000211,0.0000001,0.0000000
73136,0.0000211,0.0000001,0.0000000
73137,0.0000211,0.0000001,0.0000000
73138,0.0000211,0.0000001,0.0000000
73139,0.0000211,0.0000001,0.0000000
73140,0.0000211,0.0000001,0.0000000
73141,0.0000211,0.0000001,0.0000000
73142,0.0000211,0.0000001,0.0000000
73143,0.0000211,0.0000001,0.0000000
73144,0.0000211,0.0000001,0.0000000
73145,0.0000211,0.0000001,0.0000000
73146,0.0000211,0.0000001,0.0000000
73147,0.0000211,0.0000001,0.0000000
73148,0.0000211,0.0000001,0.0000000
73149,0.0000211,0.0000001,0.0000000
73150,0.0000211,0.0000001,0.0000000
73151,0.0000211,0.0000001,0.0000000
73152,0.0000211,0.0000001,0.0000000
73153,0.0000211,0.0000001,0.0000000
73154,0.0000211,0.0000001,0.0000000
73155,0.0000211,0.0000001,0.0000000
73156,0.0000211,0.0000001,0.0000000
73157,0.0000211,0.0000001,0.0000000
73158,0.0000211,0.0000001,0.0000000
73159,0.0000211,0.0000001,0.0000000
73160,0.0000211,0.0000001,0.0000000
73161,0.0000211,0.0000001,0.0000000
73162,0.0000211,0.0000001,0.0000000
73163,0.0000211,0.0000001,0.0000000
73164,0.0000211,0.0000001,0.0000000
73165,0.0000211,0.0000001,0.0000000
73166,0.0000211,0.0000001,0.0000000
73167,0.0000211,0.0000001,0.0000000
73168,0.0000211,0.0000001,0.0000000
73169,0.0000211,0.0000001,0.0000000
73170,0.0000211,0.0000001,0.0000000
73171,0.0000211,0.0000001,0.0000000
73172,0.0000211,0.0000001,0.0000000
73173,0.0000211,0.0000001,0.0000000
73174,0.0000211,0.0000001,0.0000000
73175,0.0000211,0.0000001,0.0000000
73176,0.0000211,0.0000001,0.0000000
73177,0.0000211,0.0000001,0.0000000
73178,0.0000211,0.0000001,0.0000000
73179,0.0000211,0.0000001,0.0000000
73180,0.0000211,0.0000001,0.0000000
73181,0.0000211,0.0000001,0.0000000
73182,0.0000211,0.0000001,0.0000000
73183,0.0000211,0.0000001,0.0000000
73184,0.0000211,0.0000001,0.0000000
73185,0.0000211,0.0000001,0.0000000
73186,0.0000211,0.0000001,0.0000000
73187,0.0000211,0.0000001,0.0000000
73188,0.0000211,0.0000001,0.0000000
73189,0.0000211,0.0000001,0.0000000
73190,0.0000211,0.0000001,0.0000000
73191,0.0000211,0.0000001,0.0000000
73192,0.0000211,0.0000001,0.0000000
73193,0.0000211,0.0000001,0.0000000
73194,0.0000211,0.0000001,0.0000000
73195,0.0000211,0.0000001,0.0000000
73196,0.0000211,0.0000001,0.0000000
73197,0.0000211,0.0000001,0.0000000
73198,0.0000211,0.0000001,0.0000000
73199,0.0000211,0.0000001,0.0000000
73200,0.0000211,0.0000001,0.0000000
73201,0.0000211,0.0000001,0.0000000
73202,0.0000211,0.0000001,0.0000000
73203,0.0000211,0.0000001,0.0000000
73204,0.0000211,0.0000001,0.0000000
73205,0.0000211,0.0000001,0.0000000
73206,0.0000211,0.0000001,0.0000000
73207,0.0000211,0.0000001,0.0000000
73208,0.0000211,0.0000001,0.0000000
73209,0.0000211,0.0000001,0.0000000
73210,0.0000211,0.0000001,0.0000000
73211,0.0000211,0.0000001,0.0000000
73212,0.0000211,0.0000001,0.0000000
73213,0.0000211,0.0000001,0.0000000
73214,0.0000211,0.0000001,0.0000000
73215,0.0000211,0.0000001,0.0000000
73216,0.0000211,0.0000001,0.0000000
73217,0.0000211,0.0000001,0.0000000
73218,0.0000211,0.0000001,0.0000000
73219,0.0000211,0.0000001,0.0000000
73220,0.0000211,0.0000001,0.0000000
73221,0.0000211,0.0000001,0.0000000
73222,0.0000211,0.0000001,0.0000000
73223,0.0000211,0.0000001,0.0000000
73224,0.0000211,0.0000001,0.0000000
73225,0.0000210,0.0000001,0.0000000
73226,0.0000210,0.0000001,0.0000000
73227,0.0000210,0.0000001,0.0000000
73228,0.0000210,0.0000001,0.0000000
73229,0.0000210,0.0000001,0.0000000
73230,0.0000210,0.0000001,0.0000000
73231,0.0000210,0.0000001,0.0000000
73232,0.0000210,0.0000001,0.0000000
73233,0.0000210,0.0000001,0.0000000
73234,0.0000210,0.0000001,0.0000000
73235,0.0000210,0.0000001,0.0000000
73236,0.0000210,0.0000001,0.0000000
73237,0.0000210,0.0000001,0.0000000
73238,0.0000210,0.0000001,0.0000000
73239,0.0000210,0.0000001,0.0000000
73240,0.0000210,0.0000001,0.0000000
73241,0.0000210,0.0000001,0.0000000
73242,0.0000210,0.0000001,0.0000000
73243,0.0000210,0.0000001,0.0000000
73244,0.0000210,0.0000001,0.0000000
73245,0.0000210,0.0000001,0.0000000
73246,0.0000210,0.0000001,0.0000000
73247,0.0000210,0.0000001,0.0000000
73248,0.0000210,0.0000001,0.0000000
73249,0.0000210,0.0000001,0.0000000
73250,0.0000210,0.0000001,0.0000000
73251,0.0000210,0.0000001,0.0000000
73252,0.0000210,0.0000001,0.0000000
73253,0.0000210,0.0000001,0.0000000
73254,0.0000210,0.0000001,0.0000000
73255,0.0000210,0.0000001,0.0000000
73256,0.0000210,0.0000001,0.0000000
73257,0.0000210,0.0000001,0.0000000
73258,0.0000210,0.0000001,0.0000000
73259,0.0000210,0.0000001,0.0000000
73260,0.0000210,0.0000001,0.0000000
73261,0.0000210,0.0000001,0.0000000
73262,0.0000210,0.0000001,0.0000000
73263,0.0000210,0.0000001,0.0000000
73264,0.0000210,0.0000001,0.0000000
73265,0.0000210,0.0000001,0.0000000
73266,0.0000210,0.0000001,0.0000000
73267,0.0000210,0.0000001,0.0000000
73268,0.0000210,0.0000001,0.0000000
73269,0.0000210,0.0000001,0.0000000
73270,0.0000210,0.0000001,0.0000000
73271,0.0000210,0.0000001,0.0000000
73272,0.0000210,0.0000001,0.0000000
73273,0.0000210,0.0000001,0.0000000
73274,0.0000210,0.0000001,0.0000000
73275,0.0000210,0.0000001,0.0000000
73276,0.0000210,0.0000001,0.0000000
73277,0.0000210,0.0000001,0.0000000
73278,0.0000210,0.0000001,0.0000000
73279,0.0000210,0.0000001,0.0000000
73280,0.0000210,0.0000001,0.0000000
73281,0.0000210,0.0000001,0.0000000
73282,0.0000210,0.0000001,0.0000000
73283,0.0000210,0.0000001,0.0000000
73284,0.0000210,0.0000001,0.0000000
73285,0.0000210,0.0000001,0.0000000
73286,0.0000210,0.0000001,0.0000000
73287,0.0000210,0.0000001,0.0000000
73288,0.0000210,0.0000001,0.0000000
73289,0.0000210,0.0000001,0.0000000
73290,0.0000210,0.0000001,0.0000000
73291,0.0000210,0.0000001,0.0000000
73292,0.0000210,0.0000001,0.0000000
73293,0.0000210,0.0000001,0.0000000
73294,0.0000210,0.0000001,0.0000000
73295,0.0000210,0.0000001,0.0000000
73296,0.0000210,0.0000001,0.0000000
73297,0.0000210,0.0000001,0.0000000
73298,0.0000210,0.0000001,0.0000000
73299,0.0000210,0.0000001,0.0000000
73300,0.0000210,0.0000001,0.0000000
73301,0.0000210,0.0000001,0.0000000
73302,0.0000210,0.0000001,0.0000000
73303,0.0000210,0.0000001,0.0000000
73304,0.0000210,0.0000001,0.0000000
73305,0.0000210,0.0000001,0.0000000
73306,0.0000210,0.0000001,0.0000000
73307,0.0000210,0.0000001,0.0000000
73308,0.0000210,0.0000001,0.0000000
73309,0.0000210,0.0000001,0.0000000
73310,0.0000210,0.0000001,0.0000000
73311,0.0000210,0.0000001,0.0000000
73312,0.0000210,0.0000001,0.0000000
73313,0.0000210,0.0000001,0.0000000
73314,0.0000210,0.0000001,0.0000000
73315,0.0000210,0.0000001,0.0000000
73316,0.0000210,0.0000001,0.0000000
73317,0.0000210,0.0000001,0.0000000
73318,0.0000210,0.0000001,0.0000000
73319,0.0000210,0.0000001,0.0000000
73320,0.0000210,0.0000001,0.0000000
73321,0.0000210,0.0000001,0.0000000
73322,0.0000210,0.0000001,0.0000000
73323,0.0000210,0.0000001,0.0000000
73324,0.0000210,0.0000001,0.0000000
73325,0.0000210,0.0000001,0.0000000
73326,0.0000210,0.0000001,0.0000000
73327,0.0000210,0.0000001,0.0000000
73328,0.0000210,0.0000001,0.0000000
73329,0.0000210,0.0000001,0.0000000
73330,0.0000210,0.0000001,0.0000000
73331,0.0000209,0.0000001,0.0000000
73332,0.0000209,0.0000001,0.0000000
73333,0.0000209,0.0000001,0.0000000
73334,0.0000209,0.0000001,0.0000000
73335,0.0000209,0.0000001,0.0000000
73336,0.0000209,0.0000001,0.0000000
73337,0.0000209,0.0000001,0.0000000
73338,0.0000209,0.0000001,0.0000000
73339,0.0000209,0.0000001,0.0000000
73340,0.0000209,0.0000001,0.0000000
73341,0.0000209,0.0000001,0.0000000
73342,0.0000209,0.0000001,0.0000000
73343,0.0000209,0.0000001,0.0000000
73344,0.0000209,0.0000001,0.0000000
73345,0.0000209,0.0000001,0.0000000
73346,0.0000209,0.0000001,0.0000000
73347,0.0000209,0.0000001,0.0000000
73348,0.0000209,0.0000001,0.0000000
73349,0.0000209,0.0000001,0.0000000
73350,0.0000209,0.0000001,0.0000000
73351,0.0000209,0.0000001,0.0000000
73352,0.0000209,0.0000001,0.0000000
73353,0.0000209,0.0000001,0.0000000
73354,0.0000209,0.0000001,0.0000000
73355,0.0000209,0.0000001,0.0000000
73356,0.0000209,0.0000001,0.0000000
73357,0.0000209,0.0000001,0.0000000
73358,0.0000209,0.0000001,0.0000000
73359,0.0000209,0.0000001,0.0000000
73360,0.0000209,0.0000001,0.0000000
73361,0.0000209,0.0000001,0.0000000
73362,0.0000209,0.0000001,0.0000000
73363,0.0000209,0.0000001,0.0000000
73364,0.0000209,0.0000001,0.0000000
73365,0.0000209,0.0000001,0.0000000
73366,0.0000209,0.0000001,0.0000000
73367,0.0000209,0.0000001,0.0000000
73368,0.0000209,0.0000001,0.0000000
73369,0.0000209,0.0000001,0.0000000
73370,0.0000209,0.0000001,0.0000000
73371,0.0000209,0.0000001,0.0000000
73372,0.0000209,0.0000001,0.0000000
73373,0.0000209,0.0000001,0.0000000
73374,0.0000209,0.0000001,0.0000000
73375,0.0000209,0.0000001,0.0000000
73376,0.0000209,0.0000001,0.0000000
73377,0.0000209,0.0000001,0.0000000
73378,0.0000209,0.0000001,0.0000000
73379,0.0000209,0.0000001,0.0000000
73380,0.0000209,0.0000001,0.0000000
73381,0.0000209,0.0000001,0.0000000
73382,0.0000209,0.0000001,0.0000000
73383,0.0000209,0.0000001,0.0000000
73384,0.0000209,0.0000001,0.0000000
73385,0.0000209,0.0000001,0.0000000
73386,0.0000209,0.0000001,0.0000000
73387,0.0000209,0.0000001,0.0000000
73388,0.0000209,0.0000001,0.0000000
73389,0.0000209,0.0000001,0.0000000
73390,0.0000209,0.0000001,0.0000000
73391,0.0000209,0.0000001,0.0000000
73392,0.0000209,0.0000001,0.0000000
73393,0.0000209,0.0000001,0.0000000
73394,0.0000209,0.0000001,0.0000000
73395,0.0000209,0.0000001,0.0000000
73396,0.0000209,0.0000001,0.0000000
73397,0.0000209,0.0000001,0.0000000
73398,0.0000209,0.0000001,0.0000000
73399,0.0000209,0.0000001,0.0000000
73400,0.0000209,0.0000001,0.0000000
73401,0.0000209,0.0000001,0.0000000
73402,0.0000209,0.0000001,0.0000000
73403,0.0000209,0.0000001,0.0000000
73404,0.0000209,0.0000001,0.0000000
73405,0.0000209,0.0000001,0.0000000
73406,0.0000209,0.0000001,0.0000000
73407,0.0000209,0.0000001,0.0000000
73408,0.0000209,0.0000001,0.0000000
73409,0.0000209,0.0000001,0.0000000
73410,0.0000209,0.0000001,0.0000000
73411,0.0000209,0.0000001,0.0000000
73412,0.0000209,0.0000001,0.0000000
73413,0.0000209,0.0000001,0.0000000
73414,0.0000209,0.0000001,0.0000000
73415,0.0000209,0.0000001,0.0000000
73416,0.0000209,0.0000001,0.0000000
73417,0.0000209,0.0000001,0.0000000
73418,0.0000209,0.0000001,0.0000000
73419,0.0000209,0.0000001,0.0000000
73420,0.0000209,0.0000001,0.0000000
73421,0.0000209,0.0000001,0.0000000
73422,0.0000209,0.0000001,0.0000000
73423,0.0000209,0.0000001,0.0000000
73424,0.0000209,0.0000001,0.0000000
73425,0.0000209,0.0000001,0.0000000
73426,0.0000209,0.0000001,0.0000000
73427,0.0000209,0.0000001,0.0000000
73428,0.0000209,0.0000001,0.0000000
73429,0.0000209,0.0000001,0.0000000
73430,0.0000209,0.0000001,0.0000000
73431,0.0000209,0.0000001,0.0000000
73432,0.0000209,0.0000001,0.0000000
73433,0.0000209,0.0000001,0.0000000
73434,0.0000209,0.0000001,0.0000000
73435,0.0000209,0.0000001,0.0000000
73436,0.0000209,0.0000001,0.0000000
73437,0.0000209,0.0000001,0.0000000
73438,0.0000208,0.0000001,0.0000000
73439,0.0000208,0.0000001,0.0000000
73440,0.0000208,0.0000001,0.0000000
73441,0.0000208,0.0000001,0.0000000
73442,0.0000208,0.0000001,0.0000000
73443,0.0000208,0.0000001,0.0000000
73444,0.0000208,0.0000001,0.0000000
73445,0.0000208,0.0000001,0.0000000
73446,0.0000208,0.0000001,0.0000000
73447,0.0000208,0.0000001,0.0000000
73448,0.0000208,0.0000001,0.0000000
73449,0.0000208,0.0000001,0.0000000
73450,0.0000208,0.0000001,0.0000000
73451,0.0000208,0.0000001,0.0000000
73452,0.0000208,0.0000001,0.0000000
73453,0.0000208,0.0000001,0.0000000
73454,0.0000208,0.0000001,0.0000000
73455,0.0000208,0.0000001,0.0000000
73456,0.0000208,0.0000001,0.0000000
73457,0.0000208,0.0000001,0.0000000
73458,0.0000208,0.0000001,0.0000000
73459,0.0000208,0.0000001,0.0000000
73460,0.0000208,0.0000001,0.0000000
73461,0.0000208,0.0000001,0.0000000
73462,0.0000208,0.0000001,0.0000000
73463,0.0000208,0.0000001,0.0000000
73464,0.0000208,0.0000001,0.0000000
73465,0.0000208,0.0000001,0.0000000
73466,0.0000208,0.0000001,0.0000000
73467,0.0000208,0.0000001,0.0000000
73468,0.0000208,0.0000001,0.0000000
73469,0.0000208,0.0000001,0.0000000
73470,0.0000208,0.0000001,0.0000000
73471,0.0000208,0.0000001,0.0000000
73472,0.0000208,0.0000001,0.0000000
73473,0.0000208,0.0000001,0.0000000
73474,0.0000208,0.0000001,0.0000000
73475,0.0000208,0.0000001,0.0000000
73476,0.0000208,0.0000001,0.0000000
73477,0.0000208,0.0000001,0.0000000
73478,0.0000208,0.0000001,0.0000000
73479,0.0000208,0.0000001,0.0000000
73480,0.0000208,0.0000001,0.0000000
73481,0.0000208,0.0000001,0.0000000
73482,0.0000208,0.0000001,0.0000000
73483,0.0000208,0.0000001,0.0000000
73484,0.0000208,0.0000001,0.0000000
73485,0.0000208,0.0000001,0.0000000
73486,0.0000208,0.0000001,0.0000000
73487,0.0000208,0.0000001,0.0000000
73488,0.0000208,0.0000001,0.0000000
73489,0.0000208,0.0000001,0.0000000
73490,0.0000208,0.0000001,0.0000000
73491,0.0000208,0.0000001,0.0000000
73492,0.0000208,0.0000001,0.0000000
73493,0.0000208,0.0000001,0.0000000
73494,0.0000208,0.0000001,0.0000000
73495,0.0000208,0.0000001,0.0000000
73496,0.0000208,0.0000001,0.0000000
73497,0.0000208,0.0000001,0.0000000
73498,0.0000208,0.0000001,0.0000000
73499,0.0000208,0.0000001,0.0000000
73500,0.0000208,0.0000001,0.0000000
73501,0.0000208,0.0000001,0.0000000
73502,0.0000208,0.0000001,0.0000000
73503,0.0000208,0.0000001,0.0000000
73504,0.0000208,0.0000001,0.0000000
73505,0.0000208,0.0000001,0.0000000
73506,0.0000208,0.0000001,0.0000000
73507,0.0000208,0.0000001,0.0000000
73508,0.0000208,0.0000001,0.0000000
73509,0.0000208,0.0000001,0.0000000
73510,0.0000208,0.0000001,0.0000000
73511,0.0000208,0.0000001,0.0000000
73512,0.0000208,0.0000001,0.0000000
73513,0.0000208,0.0000001,0.0000000
73514,0.0000208,0.0000001,0.0000000
73515,0.0000208,0.0000001,0.0000000
73516,0.0000208,0.0000001,0.0000000
73517,0.0000208,0.0000001,0.0000000
73518,0.0000208,0.0000001,0.0000000
73519,0.0000208,0.0000001,0.0000000
73520,0.0000208,0.0000001,0.0000000
73521,0.0000208,0.0000001,0.0000000
73522,0.0000208,0.0000001,0.0000000
73523,0.0000208,0.0000001,0.0000000
73524,0.0000208,0.0000001,0.0000000
73525,0.0000208,0.0000001,0.0000000
73526,0.0000208,0.0000001,0.0000000
73527,0.0000208,0.0000001,0.0000000
73528,0.0000208,0.0000001,0.0000000
73529,0.0000208,0.0000001,0.0000000
73530,0.0000208,0.0000001,0.0000000
73531,0.0000208,0.0000001,0.0000000
73532,0.0000208,0.0000001,0.0000000
73533,0.0000208,0.0000001,0.0000000
73534,0.0000208,0.0000001,0.0000000
73535,0.0000208,0.0000001,0.0000000
73536,0.0000208,0.0000001,0.0000000
73537,0.0000208,0.0000001,0.0000000
73538,0.0000208,0.0000001,0.0000000
73539,0.0000208,0.0000001,0.0000000
73540,0.0000208,0.0000001,0.0000000
73541,0.0000208,0.0000001,0.0000000
73542,0.0000208,0.0000001,0.0000000
73543,0.0000208,0.0000001,0.0000000
73544,0.0000208,0.0000001,0.0000000
73545,0.0000207,0.0000001,0.0000000
73546,0.0000207,0.0000001,0.0000000
73547,0.0000207,0.0000001,0.0000000
73548,0.0000207,0.0000001,0.0000000
73549,0.0000207,0.0000001,0.0000000
73550,0.0000207,0.0000001,0.0000000
73551,0.0000207,0.0000001,0.0000000
73552,0.0000207,0.0000001,0.0000000
73553,0.0000207,0.0000001,0.0000000
73554,0.0000207,0.0000001,0.0000000
73555,0.0000207,0.0000001,0.0000000
73556,0.0000207,0.0000001,0.0000000
73557,0.0000207,0.0000001,0.0000000
73558,0.0000207,0.0000001,0.0000000
73559,0.0000207,0.0000001,0.0000000
73560,0.0000207,0.0000001,0.0000000
73561,0.0000207,0.0000001,0.0000000
73562,0.0000207,0.0000001,0.0000000
73563,0.0000207,0.0000001,0.0000000
73564,0.0000207,0.0000001,0.0000000
73565,0.0000207,0.0000001,0.0000000
73566,0.0000207,0.0000001,0.0000000
73567,0.0000207,0.0000001,0.0000000
73568,0.0000207,0.0000001,0.0000000
73569,0.0000207,0.0000001,0.0000000
73570,0.0000207,0.0000001,0.0000000
73571,0.0000207,0.0000001,0.0000000
73572,0.0000207,0.0000001,0.0000000
73573,0.0000207,0.0000001,0.0000000
73574,0.0000207,0.0000001,0.0000000
73575,0.0000207,0.0000001,0.0000000
73576,0.0000207,0.0000001,0.0000000
73577,0.0000207,0.0000001,0.0000000
73578,0.0000207,0.0000001,0.0000000
73579,0.0000207,0.0000001,0.0000000
73580,0.0000207,0.0000001,0.0000000
73581,0.0000207,0.0000001,0.0000000
73582,0.0000207,0.0000001,0.0000000
73583,0.0000207,0.0000001,0.0000000
73584,0.0000207,0.0000001,0.0000000
73585,0.0000207,0.0000001,0.0000000
73586,0.0000207,0.0000001,0.0000000
73587,0.0000207,0.0000001,0.0000000
73588,0.0000207,0.0000001,0.0000000
73589,0.0000207,0.0000001,0.0000000
73590,0.0000207,0.0000001,0.0000000
73591,0.0000207,0.0000001,0.0000000
73592,0.0000207,0.0000001,0.0000000
73593,0.0000207,0.0000001,0.0000000
73594,0.0000207,0.0000001,0.0000000
73595,0.0000207,0.0000001,0.0000000
73596,0.0000207,0.0000001,0.0000000
73597,0.0000207,0.0000001,0.0000000
73598,0.0000207,0.0000001,0.0000000
73599,0.0000207,0.0000001,0.0000000
73600,0.0000207,0.0000001,0.0000000
73601,0.0000207,0.0000001,0.0000000
73602,0.0000207,0.0000001,0.0000000
73603,0.0000207,0.0000001,0.0000000
73604,0.0000207,0.0000001,0.0000000
73605,0.0000207,0.0000001,0.0000000
73606,0.0000207,0.0000001,0.0000000
73607,0.0000207,0.0000001,0.0000000
73608,0.0000207,0.0000001,0.0000000
73609,0.0000207,0.0000001,0.0000000
73610,0.0000207,0.0000001,0.0000000
73611,0.0000207,0.0000001,0.0000000
73612,0.0000207,0.0000001,0.0000000
73613,0.0000207,0.0000001,0.0000000
73614,0.0000207,0.0000001,0.0000000
73615,0.0000207,0.0000001,0.0000000
73616,0.0000207,0.0000001,0.0000000
73617,0.0000207,0.0000001,0.0000000
73618,0.0000207,0.0000001,0.0000000
73619,0.0000207,0.0000001,0.0000000
73620,0.0000207,0.0000001,0.0000000
73621,0.0000207,0.0000001,0.0000000
73622,0.0000207,0.0000001,0.0000000
73623,0.0000207,0.0000001,0.0000000
73624,0.0000207,0.0000001,0.0000000
73625,0.0000207,0.0000001,0.0000000
73626,0.0000207,0.0000001,0.0000000
73627,0.0000207,0.0000001,0.0000000
73628,0.0000207,0.0000001,0.0000000
73629,0.0000207,0.0000001,0.0000000
73630,0.0000207,0.0000001,0.0000000
73631,0.0000207,0.0000001,0.0000000
73632,0.0000207,0.0000001,0.0000000
73633,0.0000207,0.0000001,0.0000000
73634,0.0000207,0.0000001,0.0000000
73635,0.0000207,0.0000001,0.0000000
73636,0.0000207,0.0000001,0.0000000
73637,0.0000207,0.0000001,0.0000000
73638,0.0000207,0.0000001,0.0000000
73639,0.0000207,0.0000001,0.0000000
73640,0.0000207,0.0000001,0.0000000
73641,0.0000207,0.0000001,0.0000000
73642,0.0000207,0.0000001,0.0000000
73643,0.0000207,0.0000001,0.0000000
73644,0.0000207,0.0000001,0.0000000
73645,0.0000207,0.0000001,0.0000000
73646,0.0000207,0.0000001,0.0000000
73647,0.0000207,0.0000001,0.0000000
73648,0.0000207,0.0000001,0.0000000
73649,0.0000207,0.0000001,0.0000000
73650,0.0000207,0.0000001,0.0000000
73651,0.0000207,0.0000001,0.0000000
73652,0.0000207,0.0000001,0.0000000
73653,0.0000206,0.0000001,0.0000000
73654,0.0000206,0.0000001,0.0000000
73655,0.0000206,0.0000001,0.0000000
73656,0.0000206,0.0000001,0.0000000
73657,0.0000206,0.0000001,0.0000000
73658,0.0000206,0.0000001,0.0000000
73659,0.0000206,0.0000001,0.0000000
73660,0.0000206,0.0000001,0.0000000
73661,0.0000206,0.0000001,0.0000000
73662,0.0000206,0.0000001,0.0000000
73663,0.0000206,0.0000001,0.0000000
73664,0.0000206,0.0000001,0.0000000
73665,0.0000206,0.0000001,0.0000000
73666,0.0000206,0.0000001,0.0000000
73667,0.0000206,0.0000001,0.0000000
73668,0.0000206,0.0000001,0.0000000
73669,0.0000206,0.0000001,0.0000000
73670,0.0000206,0.0000001,0.0000000
73671,0.0000206,0.0000001,0.0000000
73672,0.0000206,0.0000001,0.0000000
73673,0.0000206,0.0000001,0.0000000
73674,0.0000206,0.0000001,0.0000000
73675,0.0000206,0.0000001,0.0000000
73676,0.0000206,0.0000001,0.0000000
73677,0.0000206,0.0000001,0.0000000
73678,0.0000206,0.0000001,0.0000000
73679,0.0000206,0.0000001,0.0000000
73680,0.0000206,0.0000001,0.0000000
73681,0.0000206,0.0000001,0.0000000
73682,0.0000206,0.0000001,0.0000000
73683,0.0000206,0.0000001,0.0000000
73684,0.0000206,0.0000001,0.0000000
73685,0.0000206,0.0000001,0.0000000
73686,0.0000206,0.0000001,0.0000000
73687,0.0000206,0.0000001,0.0000000
73688,0.0000206,0.0000001,0.0000000
73689,0.0000206,0.0000001,0.0000000
73690,0.0000206,0.0000001,0.0000000
73691,0.0000206,0.0000001,0.0000000
73692,0.0000206,0.0000001,0.0000000
73693,0.0000206,0.0000001,0.0000000
73694,0.0000206,0.0000001,0.0000000
73695,0.0000206,0.0000001,0.0000000
73696,0.0000206,0.0000001,0.0000000
73697,0.0000206,0.0000001,0.0000000
73698,0.0000206,0.0000001,0.0000000
73699,0.0000206,0.0000001,0.0000000
73700,0.0000206,0.0000001,0.0000000
73701,0.0000206,0.0000001,0.0000000
73702,0.0000206,0.0000001,0.0000000
73703,0.0000206,0.0000001,0.0000000
73704,0.0000206,0.0000001,0.0000000
73705,0.0000206,0.0000001,0.0000000
73706,0.0000206,0.0000001,0.0000000
73707,0.0000206,0.0000001,0.0000000
73708,0.0000206,0.0000001,0.0000000
73709,0.0000206,0.0000001,0.0000000
73710,0.0000206,0.0000001,0.0000000
73711,0.0000206,0.0000001,0.0000000
73712,0.0000206,0.0000001,0.0000000
73713,0.0000206,0.0000001,0.0000000
73714,0.0000206,0.0000001,0.0000000
73715,0.0000206,0.0000001,0.0000000
73716,0.0000206,0.0000001,0.0000000
73717,0.0000206,0.0000001,0.0000000
73718,0.0000206,0.0000001,0.0000000
73719,0.0000206,0.0000001,0.0000000
73720,0.0000206,0.0000001,0.0000000
73721,0.0000206,0.0000001,0.0000000
73722,0.0000206,0.0000001,0.0000000
73723,0.0000206,0.0000001,0.0000000
73724,0.0000206,0.0000001,0.0000000
73725,0.0000206,0.0000001,0.0000000
73726,0.0000206,0.0000001,0.0000000
73727,0.0000206,0.0000001,0.0000000
73728,0.0000206,0.0000001,0.0000000
73729,0.0000206,0.0000001,0.0000000
73730,0.0000206,0.0000001,0.0000000
73731,0.0000206,0.0000001,0.0000000
73732,0.0000206,0.0000001,0.0000000
73733,0.0000206,0.0000001,0.0000000
73734,0.0000206,0.0000001,0.0000000
73735,0.0000206,0.0000001,0.0000000
73736,0.0000206,0.0000001,0.0000000
73737,0.0000206,0.0000001,0.0000000
73738,0.0000206,0.0000001,0.0000000
73739,0.0000206,0.0000001,0.0000000
73740,0.0000206,0.0000001,0.0000000
73741,0.0000206,0.0000001,0.0000000
73742,0.0000206,0.0000001,0.0000000
73743,0.0000206,0.0000001,0.0000000
73744,0.0000206,0.0000001,0.0000000
73745,0.0000206,0.0000001,0.0000000
73746,0.0000206,0.0000001,0.0000000
73747,0.0000206,0.0000001,0.0000000
73748,0.0000206,0.0000001,0.0000000
73749,0.0000206,0.0000001,0.0000000
73750,0.0000206,0.0000001,0.0000000
73751,0.0000206,0.0000001,0.0000000
73752,0.0000206,0.0000001,0.0000000
73753,0.0000206,0.0000001,0.0000000
73754,0.0000206,0.0000001,0.0000000
73755,0.0000206,0.0000001,0.0000000
73756,0.0000206,0.0000001,0.0000000
73757,0.0000206,0.0000001,0.0000000
73758,0.0000206,0.0000001,0.0000000
73759,0.0000206,0.0000001,0.0000000
73760,0.0000206,0.0000001,0.0000000
73761,0.0000206,0.0000001,0.0000000
73762,0.0000205,0.0000001,0.0000000
73763,0.0000205,0.0000001,0.0000000
73764,0.0000205,0.0000001,0.0000000
73765,0.0000205,0.0000001,0.0000000
73766,0.0000205,0.0000001,0.0000000
73767,0.0000205,0.0000001,0.0000000
73768,0.0000205,0.0000001,0.0000000
73769,0.0000205,0.0000001,0.0000000
73770,0.0000205,0.0000001,0.0000000
73771,0.0000205,0.0000001,0.0000000
73772,0.0000205,0.0000001,0.0000000
73773,0.0000205,0.0000001,0.0000000
73774,0.0000205,0.0000001,0.0000000
73775,0.0000205,0.0000001,0.0000000
73776,0.0000205,0.0000001,0.0000000
73777,0.0000205,0.0000001,0.0000000
73778,0.0000205,0.0000001,0.0000000
73779,0.0000205,0.0000001,0.0000000
73780,0.0000205,0.0000001,0.0000000
73781,0.0000205,0.0000001,0.0000000
73782,0.0000205,0.0000001,0.0000000
73783,0.0000205,0.0000001,0.0000000
73784,0.0000205,0.0000001,0.0000000
73785,0.0000205,0.0000001,0.0000000
73786,0.0000205,0.0000001,0.0000000
73787,0.0000205,0.0000001,0.0000000
73788,0.0000205,0.0000001,0.0000000
73789,0.0000205,0.0000001,0.0000000
73790,0.0000205,0.0000001,0.0000000
73791,0.0000205,0.0000001,0.0000000
73792,0.0000205,0.0000001,0.0000000
73793,0.0000205,0.0000001,0.0000000
73794,0.0000205,0.0000001,0.0000000
73795,0.0000205,0.0000001,0.0000000
73796,0.0000205,0.0000001,0.0000000
73797,0.0000205,0.0000001,0.0000000
73798,0.0000205,0.0000001,0.0000000
73799,0.0000205,0.0000001,0.0000000
73800,0.0000205,0.0000001,0.0000000
73801,0.0000205,0.0000001,0.0000000
73802,0.0000205,0.0000001,0.0000000
73803,0.0000205,0.0000001,0.0000000
73804,0.0000205,0.0000001,0.0000000
73805,0.0000205,0.0000001,0.0000000
73806,0.0000205,0.0000001,0.0000000
73807,0.0000205,0.0000001,0.0000000
73808,0.0000205,0.0000001,0.0000000
73809,0.0000205,0.0000001,0.0000000
73810,0.0000205,0.0000001,0.0000000
73811,0.0000205,0.0000001,0.0000000
73812,0.0000205,0.0000001,0.0000000
73813,0.0000205,0.0000001,0.0000000
73814,0.0000205,0.0000001,0.0000000
73815,0.0000205,0.0000001,0.0000000
73816,0.0000205,0.0000001,0.0000000
73817,0.0000205,0.0000001,0.0000000
73818,0.0000205,0.0000001,0.0000000
73819,0.0000205,0.0000001,0.0000000
73820,0.0000205,0.0000001,0.0000000
73821,0.0000205,0.0000001,0.0000000
73822,0.0000205,0.0000001,0.0000000
73823,0.0000205,0.0000001,0.0000000
73824,0.0000205,0.0000001,0.0000000
73825,0.0000205,0.0000001,0.0000000
73826,0.0000205,0.0000001,0.0000000
73827,0.0000205,0.0000001,0.0000000
73828,0.0000205,0.0000001,0.0000000
73829,0.0000205,0.0000001,0.0000000
73830,0.0000205,0.0000001,0.0000000
73831,0.0000205,0.0000001,0.0000000
73832,0.0000205,0.0000001,0.0000000
73833,0.0000205,0.0000001,0.0000000
73834,0.0000205,0.0000001,0.0000000
73835,0.0000205,0.0000001,0.0000000
73836,0.0000205,0.0000001,0.0000000
73837,0.0000205,0.0000001,0.0000000
73838,0.0000205,0.0000001,0.0000000
73839,0.0000205,0.0000001,0.0000000
73840,0.0000205,0.0000001,0.0000000
73841,0.0000205,0.0000001,0.0000000
73842,0.0000205,0.0000001,0.0000000
73843,0.0000205,0.0000001,0.0000000
73844,0.0000205,0.0000001,0.0000000
73845,0.0000205,0.0000001,0.0000000
73846,0.0000205,0.0000001,0.0000000
73847,0.0000205,0.0000001,0.0000000
73848,0.0000205,0.0000001,0.0000000
73849,0.0000205,0.0000001,0.0000000
73850,0.0000205,0.0000001,0.0000000
73851,0.0000205,0.0000001,0.0000000
73852,0.0000205,0.0000001,0.0000000
73853,0.0000205,0.0000001,0.0000000
73854,0.0000205,0.0000001,0.0000000
73855,0.0000205,0.0000001,0.0000000
73856,0.0000205,0.0000001,0.0000000
73857,0.0000205,0.0000001,0.0000000
73858,0.0000205,0.0000001,0.0000000
73859,0.0000205,0.0000001,0.0000000
73860,0.0000205,0.0000001,0.0000000
73861,0.0000205,0.0000001,0.0000000
73862,0.0000205,0.0000001,0.0000000
73863,0.0000205,0.0000001,0.0000000
73864,0.0000205,0.0000001,0.0000000
73865,0.0000205,0.0000001,0.0000000
73866,0.0000205,0.0000001,0.0000000
73867,0.0000205,0.0000001,0.0000000
73868,0.0000205,0.0000001,0.0000000
73869,0.0000205,0.0000001,0.0000000
73870,0.0000205,0.0000001,0.0000000
73871,0.0000204,0.0000001,0.0000000
73872,0.0000204,0.0000001,0.0000000
73873,0.0000204,0.0000001,0.0000000
73874,0.0000204,0.0000001,0.0000000
73875,0.0000204,0.0000001,0.0000000
73876,0.0000204,0.0000001,0.0000000
73877,0.0000204,0.0000001,0.0000000
73878,0.0000204,0.0000001,0.0000000
73879,0.0000204,0.0000001,0.0000000
73880,0.0000204,0.0000001,0.0000000
73881,0.0000204,0.0000001,0.0000000
73882,0.0000204,0.0000001,0.0000000
73883,0.0000204,0.0000001,0.0000000
73884,0.0000204,0.0000001,0.0000000
73885,0.0000204,0.0000001,0.0000000
73886,0.0000204,0.0000001,0.0000000
73887,0.0000204,0.0000001,0.0000000
73888,0.0000204,0.0000001,0.0000000
73889,0.0000204,0.0000001,0.0000000
73890,0.0000204,0.0000001,0.0000000
73891,0.0000204,0.0000001,0.0000000
73892,0.0000204,0.0000001,0.0000000
73893,0.0000204,0.0000001,0.0000000
73894,0.0000204,0.0000001,0.0000000
73895,0.0000204,0.0000001,0.0000000
73896,0.0000204,0.0000001,0.0000000
73897,0.0000204,0.0000001,0.0000000
73898,0.0000204,0.0000001,0.0000000
73899,0.0000204,0.0000001,0.0000000
73900,0.0000204,0.0000001,0.0000000
73901,0.0000204,0.0000001,0.0000000
73902,0.0000204,0.0000001,0.0000000
73903,0.0000204,0.0000001,0.0000000
73904,0.0000204,0.0000001,0.0000000
73905,0.0000204,0.0000001,0.0000000
73906,0.0000204,0.0000001,0.0000000
73907,0.0000204,0.0000001,0.0000000
73908,0.0000204,0.0000001,0.0000000
73909,0.0000204,0.0000001,0.0000000
73910,0.0000204,0.0000001,0.0000000
73911,0.0000204,0.0000001,0.0000000
73912,0.0000204,0.0000001,0.0000000
73913,0.0000204,0.0000001,0.0000000
73914,0.0000204,0.0000001,0.0000000
73915,0.0000204,0.0000001,0.0000000
73916,0.0000204,0.0000001,0.0000000
73917,0.0000204,0.0000001,0.0000000
73918,0.0000204,0.0000001,0.0000000
73919,0.0000204,0.0000001,0.0000000
73920,0.0000204,0.0000001,0.0000000
73921,0.0000204,0.0000001,0.0000000
73922,0.0000204,0.0000001,0.0000000
73923,0.0000204,0.0000001,0.0000000
73924,0.0000204,0.0000001,0.0000000
73925,0.0000204,0.0000001,0.0000000
73926,0.0000204,0.0000001,0.0000000
73927,0.0000204,0.0000001,0.0000000
73928,0.0000204,0.0000001,0.0000000
73929,0.0000204,0.0000001,0.0000000
73930,0.0000204,0.0000001,0.0000000
73931,0.0000204,0.0000001,0.0000000
73932,0.0000204,0.0000001,0.0000000
73933,0.0000204,0.0000001,0.0000000
73934,0.0000204,0.0000001,0.0000000
73935,0.0000204,0.0000001,0.0000000
73936,0.0000204,0.0000001,0.0000000
73937,0.0000204,0.0000001,0.0000000
73938,0.0000204,0.0000001,0.0000000
73939,0.0000204,0.0000001,0.0000000
73940,0.0000204,0.0000001,0.0000000
73941,0.0000204,0.0000001,0.0000000
73942,0.0000204,0.0000001,0.0000000
73943,0.0000204,0.0000001,0.0000000
73944,0.0000204,0.0000001,0.0000000
73945,0.0000204,0.0000001,0.0000000
73946,0.0000204,0.0000001,0.0000000
73947,0.0000204,0.0000001,0.0000000
73948,0.0000204,0.0000001,0.0000000
73949,0.0000204,0.0000001,0.0000000
73950,0.0000204,0.0000001,0.0000000
73951,0.0000204,0.0000001,0.0000000
73952,0.0000204,0.0000001,0.0000000
73953,0.0000204,0.0000001,0.0000000
73954,0.0000204,0.0000001,0.0000000
73955,0.0000204,0.0000001,0.0000000
73956,0.0000204,0.0000001,0.0000000
73957,0.0000204,0.0000001,0.0000000
73958,0.0000204,0.0000001,0.0000000
73959,0.0000204,0.0000001,0.0000000
73960,0.0000204,0.0000001,0.0000000
73961,0.0000204,0.0000001,0.0000000
73962,0.0000204,0.0000001,0.0000000
73963,0.0000204,0.0000001,0.0000000
73964,0.0000204,0.0000001,0.0000000
73965,0.0000204,0.0000001,0.0000000
73966,0.0000204,0.0000001,0.0000000
73967,0.0000204,0.0000001,0.0000000
73968,0.0000204,0.0000001,0.0000000
73969,0.0000204,0.0000001,0.0000000
73970,0.0000204,0.0000001,0.0000000
73971,0.0000204,0.0000001,0.0000000
73972,0.0000204,0.0000001,0.0000000
73973,0.0000204,0.0000001,0.0000000
73974,0.0000204,0.0000001,0.0000000
73975,0.0000204,0.0000001,0.0000000
73976,0.0000204,0.0000001,0.0000000
73977,0.0000204,0.0000001,0.0000000
73978,0.0000204,0.0000001,0.0000000
73979,0.0000204,0.0000001,0.0000000
73980,0.0000204,0.0000001,0.0000000
73981,0.0000203,0.0000001,0.0000000
73982,0.0000203,0.0000001,0.0000000
73983,0.0000203,0.0000001,0.0000000
73984,0.0000203,0.0000001,0.0000000
73985,0.0000203,0.0000001,0.0000000
73986,0.0000203,0.0000001,0.0000000
73987,0.0000203,0.0000001,0.0000000
73988,0.0000203,0.0000001,0.0000000
73989,0.0000203,0.0000001,0.0000000
73990,0.0000203,0.0000001,0.0000000
73991,0.0000203,0.0000001,0.0000000
73992,0.0000203,0.0000001,0.0000000
73993,0.0000203,0.0000001,0.0000000
73994,0.0000203,0.0000001,0.0000000
73995,0.0000203,0.0000001,0.0000000
73996,0.0000203,0.0000001,0.0000000
73997,0.0000203,0.0000001,0.0000000
73998,0.0000203,0.0000001,0.0000000
73999,0.0000203,0.0000001,0.0000000
74000,0.0000203,0.0000001,0.0000000
74001,0.0000203,0.0000001,0.0000000
74002,0.0000203,0.0000001,0.0000000
74003,0.0000203,0.0000001,0.0000000
74004,0.0000203,0.0000001,0.0000000
74005,0.0000203,0.0000001,0.0000000
74006,0.0000203,0.0000001,0.0000000
74007,0.0000203,0.0000001,0.0000000
74008,0.0000203,0.0000001,0.0000000
74009,0.0000203,0.0000001,0.0000000
74010,0.0000203,0.0000001,0.0000000
74011,0.0000203,0.0000001,0.0000000
74012,0.0000203,0.0000001,0.0000000
74013,0.0000203,0.0000001,0.0000000
74014,0.0000203,0.0000001,0.0000000
74015,0.0000203,0.0000001,0.0000000
74016,0.0000203,0.0000001,0.0000000
74017,0.0000203,0.0000001,0.0000000
74018,0.0000203,0.0000001,0.0000000
74019,0.0000203,0.0000001,0.0000000
74020,0.0000203,0.0000001,0.0000000
74021,0.0000203,0.0000001,0.0000000
74022,0.0000203,0.0000001,0.0000000
74023,0.0000203,0.0000001,0.0000000
74024,0.0000203,0.0000001,0.0000000
74025,0.0000203,0.0000001,0.0000000
74026,0.0000203,0.0000001,0.0000000
74027,0.0000203,0.0000001,0.0000000
74028,0.0000203,0.0000001,0.0000000
74029,0.0000203,0.0000001,0.0000000
74030,0.0000203,0.0000001,0.0000000
74031,0.0000203,0.0000001,0.0000000
74032,0.0000203,0.0000001,0.0000000
74033,0.0000203,0.0000001,0.0000000
74034,0.0000203,0.0000001,0.0000000
74035,0.0000203,0.0000001,0.0000000
74036,0.0000203,0.0000001,0.0000000
74037,0.0000203,0.0000001,0.0000000
74038,0.0000203,0.0000001,0.0000000
74039,0.0000203,0.0000001,0.0000000
74040,0.0000203,0.0000001,0.0000000
74041,0.0000203,0.0000001,0.0000000
74042,0.0000203,0.0000001,0.0000000
74043,0.0000203,0.0000001,0.0000000
74044,0.0000203,0.0000001,0.0000000
74045,0.0000203,0.0000001,0.0000000
74046,0.0000203,0.0000001,0.0000000
74047,0.0000203,0.0000001,0.0000000
74048,0.0000203,0.0000001,0.0000000
74049,0.0000203,0.0000001,0.0000000
74050,0.0000203,0.0000001,0.0000000
74051,0.0000203,0.0000001,0.0000000
74052,0.0000203,0.0000001,0.0000000
74053,0.0000203,0.0000001,0.0000000
74054,0.0000203,0.0000001,0.0000000
74055,0.0000203,0.0000001,0.0000000
74056,0.0000203,0.0000001,0.0000000
74057,0.0000203,0.0000001,0.0000000
74058,0.0000203,0.0000001,0.0000000
74059,0.0000203,0.0000001,0.0000000
74060,0.0000203,0.0000001,0.0000000
74061,0.0000203,0.0000001,0.0000000
74062,0.0000203,0.0000001,0.0000000
74063,0.0000203,0.0000001,0.0000000
74064,0.0000203,0.0000001,0.0000000
74065,0.0000203,0.0000001,0.0000000
74066,0.0000203,0.0000001,0.0000000
74067,0.0000203,0.0000001,0.0000000
74068,0.0000203,0.0000001,0.0000000
74069,0.0000203,0.0000001,0.0000000
74070,0.0000203,0.0000001,0.0000000
74071,0.0000203,0.0000001,0.0000000
74072,0.0000203,0.0000001,0.0000000
74073,0.0000203,0.0000001,0.0000000
74074,0.0000203,0.0000001,0.0000000
74075,0.0000203,0.0000001,0.0000000
74076,0.0000203,0.0000001,0.0000000
74077,0.0000203,0.0000001,0.0000000
74078,0.0000203,0.0000001,0.0000000
74079,0.0000203,0.0000001,0.0000000
74080,0.0000203,0.0000001,0.0000000
74081,0.0000203,0.0000001,0.0000000
74082,0.0000203,0.0000001,0.0000000
74083,0.0000203,0.0000001,0.0000000
74084,0.0000203,0.0000001,0.0000000
74085,0.0000203,0.0000001,0.0000000
74086,0.0000203,0.0000001,0.0000000
74087,0.0000203,0.0000001,0.0000000
74088,0.0000203,0.0000001,0.0000000
74089,0.0000203,0.0000001,0.0000000
74090,0.0000203,0.0000001,0.0000000
74091,0.0000202,0.0000001,0.0000000
74092,0.0000202,0.0000001,0.0000000
74093,0.0000202,0.0000001,0.0000000
74094,0.0000202,0.0000001,0.0000000
74095,0.0000202,0.0000001,0.0000000
74096,0.0000202,0.0000001,0.0000000
74097,0.0000202,0.0000001,0.0000000
74098,0.0000202,0.0000001,0.0000000
74099,0.0000202,0.0000001,0.0000000
74100,0.0000202,0.0000001,0.0000000
74101,0.0000202,0.0000001,0.0000000
74102,0.0000202,0.0000001,0.0000000
74103,0.0000202,0.0000001,0.0000000
74104,0.0000202,0.0000001,0.0000000
74105,0.0000202,0.0000001,0.0000000
74106,0.0000202,0.0000001,0.0000000
74107,0.0000202,0.0000001,0.0000000
74108,0.0000202,0.0000001,0.0000000
74109,0.0000202,0.0000001,0.0000000
74110,0.0000202,0.0000001,0.0000000
74111,0.0000202,0.0000001,0.0000000
74112,0.0000202,0.0000001,0.0000000
74113,0.0000202,0.0000001,0.0000000
74114,0.0000202,0.0000001,0.0000000
74115,0.0000202,0.0000001,0.0000000
74116,0.0000202,0.0000001,0.0000000
74117,0.0000202,0.0000001,0.0000000
74118,0.0000202,0.0000001,0.0000000
74119,0.0000202,0.0000001,0.0000000
74120,0.0000202,0.0000001,0.0000000
74121,0.0000202,0.0000001,0.0000000
74122,0.0000202,0.0000001,0.0000000
74123,0.0000202,0.0000001,0.0000000
74124,0.0000202,0.0000001,0.0000000
74125,0.0000202,0.0000001,0.0000000
74126,0.0000202,0.0000001,0.0000000
74127,0.0000202,0.0000001,0.0000000
74128,0.0000202,0.0000001,0.0000000
74129,0.0000202,0.0000001,0.0000000
74130,0.0000202,0.0000001,0.0000000
74131,0.0000202,0.0000001,0.0000000
74132,0.0000202,0.0000001,0.0000000
74133,0.0000202,0.0000001,0.0000000
74134,0.0000202,0.0000001,0.0000000
74135,0.0000202,0.0000001,0.0000000
74136,0.0000202,0.0000001,0.0000000
74137,0.0000202,0.0000001,0.0000000
74138,0.0000202,0.0000001,0.0000000
74139,0.0000202,0.0000001,0.0000000
74140,0.0000202,0.0000001,0.0000000
74141,0.0000202,0.0000001,0.0000000
74142,0.0000202,0.0000001,0.0000000
74143,0.0000202,0.0000001,0.0000000
74144,0.0000202,0.0000001,0.0000000
74145,0.0000202,0.0000001,0.0000000
74146,0.0000202,0.0000001,0.0000000
74147,0.0000202,0.0000001,0.0000000
74148,0.0000202,0.0000001,0.0000000
74149,0.0000202,0.0000001,0.0000000
74150,0.0000202,0.0000001,0.0000000
74151,0.0000202,0.0000001,0.0000000
74152,0.0000202,0.0000001,0.0000000
74153,0.0000202,0.0000001,0.0000000
74154,0.0000202,0.0000001,0.0000000
74155,0.0000202,0.0000001,0.0000000
74156,0.0000202,0.0000001,0.0000000
74157,0.0000202,0.0000001,0.0000000
74158,0.0000202,0.0000001,0.0000000
74159,0.0000202,0.0000001,0.0000000
74160,0.0000202,0.0000001,0.0000000
74161,0.0000202,0.0000001,0.0000000
74162,0.0000202,0.0000001,0.0000000
74163,0.0000202,0.0000001,0.0000000
74164,0.0000202,0.0000001,0.0000000
74165,0.0000202,0.0000001,0.0000000
74166,0.0000202,0.0000001,0.0000000
74167,0.0000202,0.0000001,0.0000000
74168,0.0000202,0.0000001,0.0000000
74169,0.0000202,0.0000001,0.0000000
74170,0.0000202,0.0000001,0.0000000
74171,0.0000202,0.0000001,0.0000000
74172,0.0000202,0.0000001,0.0000000
74173,0.0000202,0.0000001,0.0000000
74174,0.0000202,0.0000001,0.0000000
74175,0.0000202,0.0000001,0.0000000
74176,0.0000202,0.0000001,0.0000000
74177,0.0000202,0.0000001,0.0000000
74178,0.0000202,0.0000001,0.0000000
74179,0.0000202,0.0000001,0.0000000
74180,0.0000202,0.0000001,0.0000000
74181,0.0000202,0.0000001,0.0000000
74182,0.0000202,0.0000001,0.0000000
74183,0.0000202,0.0000001,0.0000000
74184,0.0000202,0.0000001,0.0000000
74185,0.0000202,0.0000001,0.0000000
74186,0.0000202,0.0000001,0.0000000
74187,0.0000202,0.0000001,0.0000000
74188,0.0000202,0.0000001,0.0000000
74189,0.0000202,0.0000001,0.0000000
74190,0.0000202,0.0000001,0.0000000
74191,0.0000202,0.0000001,0.0000000
74192,0.0000202,0.0000001,0.0000000
74193,0.0000202,0.0000001,0.0000000
74194,0.0000202,0.0000001,0.0000000
74195,0.0000202,0.0000001,0.0000000
74196,0.0000202,0.0000001,0.0000000
74197,0.0000202,0.0000001,0.0000000
74198,0.0000202,0.0000001,0.0000000
74199,0.0000202,0.0000001,0.0000000
74200,0.0000202,0.0000001,0.0000000
74201,0.0000201,0.0000001,0.0000000
74202,0.0000201,0.0000001,0.0000000
74203,0.0000201,0.0000001,0.0000000
74204,0.0000201,0.0000001,0.0000000
74205,0.0000201,0.0000001,0.0000000
74206,0.0000201,0.0000001,0.0000000
74207,0.0000201,0.0000001,0.0000000
74208,0.0000201,0.0000001,0.0000000
74209,0.0000201,0.0000001,0.0000000
74210,0.0000201,0.0000001,0.0000000
74211,0.0000201,0.0000001,0.0000000
74212,0.0000201,0.0000001,0.0000000
74213,0.0000201,0.0000001,0.0000000
74214,0.0000201,0.0000001,0.0000000
74215,0.0000201,0.0000001,0.0000000
74216,0.0000201,0.0000001,0.0000000
74217,0.0000201,0.0000001,0.0000000
74218,0.0000201,0.0000001,0.0000000
74219,0.0000201,0.0000001,0.0000000
74220,0.0000201,0.0000001,0.0000000
74221,0.0000201,0.0000001,0.0000000
74222,0.0000201,0.0000001,0.0000000
74223,0.0000201,0.0000001,0.0000000
74224,0.0000201,0.0000001,0.0000000
74225,0.0000201,0.0000001,0.0000000
74226,0.0000201,0.0000001,0.0000000
74227,0.0000201,0.0000001,0.0000000
74228,0.0000201,0.0000001,0.0000000
74229,0.0000201,0.0000001,0.0000000
74230,0.0000201,0.0000001,0.0000000
74231,0.0000201,0.0000001,0.0000000
74232,0.0000201,0.0000001,0.0000000
74233,0.0000201,0.0000001,0.0000000
74234,0.0000201,0.0000001,0.0000000
74235,0.0000201,0.0000001,0.0000000
74236,0.0000201,0.0000001,0.0000000
74237,0.0000201,0.0000001,0.0000000
74238,0.0000201,0.0000001,0.0000000
74239,0.0000201,0.0000001,0.0000000
74240,0.0000201,0.0000001,0.0000000
74241,0.0000201,0.0000001,0.0000000
74242,0.0000201,0.0000001,0.0000000
74243,0.0000201,0.0000001,0.0000000
74244,0.0000201,0.0000001,0.0000000
74245,0.0000201,0.0000001,0.0000000
74246,0.0000201,0.0000001,0.0000000
74247,0.0000201,0.0000001,0.0000000
74248,0.0000201,0.0000001,0.0000000
74249,0.0000201,0.0000001,0.0000000
74250,0.0000201,0.0000001,0.0000000
74251,0.0000201,0.0000001,0.0000000
74252,0.0000201,0.0000001,0.0000000
74253,0.0000201,0.0000001,0.0000000
74254,0.0000201,0.0000001,0.0000000
74255,0.0000201,0.0000001,0.0000000
74256,0.0000201,0.0000001,0.0000000
74257,0.0000201,0.0000001,0.0000000
74258,0.0000201,0.0000001,0.0000000
74259,0.0000201,0.0000001,0.0000000
74260,0.0000201,0.0000001,0.0000000
74261,0.0000201,0.0000001,0.0000000
74262,0.0000201,0.0000001,0.0000000
74263,0.0000201,0.0000001,0.0000000
74264,0.0000201,0.0000001,0.0000000
74265,0.0000201,0.0000001,0.0000000
74266,0.0000201,0.0000001,0.0000000
74267,0.0000201,0.0000001,0.0000000
74268,0.0000201,0.0000001,0.0000000
74269,0.0000201,0.0000001,0.0000000
74270,0.0000201,0.0000001,0.0000000
74271,0.0000201,0.0000001,0.0000000
74272,0.0000201,0.0000001,0.0000000
74273,0.0000201,0.0000001,0.0000000
74274,0.0000201,0.0000001,0.0000000
74275,0.0000201,0.0000001,0.0000000
74276,0.0000201,0.0000001,0.0000000
74277,0.0000201,0.0000001,0.0000000
74278,0.0000201,0.0000001,0.0000000
74279,0.0000201,0.0000001,0.0000000
74280,0.0000201,0.0000001,0.0000000
74281,0.0000201,0.0000001,0.0000000
74282,0.0000201,0.0000001,0.0000000
74283,0.0000201,0.0000001,0.0000000
74284,0.0000201,0.0000001,0.0000000
74285,0.0000201,0.0000001,0.0000000
74286,0.0000201,0.0000001,0.0000000
74287,0.0000201,0.0000001,0.0000000
74288,0.0000201,0.0000001,0.0000000
74289,0.0000201,0.0000001,0.0000000
74290,0.0000201,0.0000001,0.0000000
74291,0.0000201,0.0000001,0.0000000
74292,0.0000201,0.0000001,0.0000000
74293,0.0000201,0.0000001,0.0000000
74294,0.0000201,0.0000001,0.0000000
74295,0.0000201,0.0000001,0.0000000
74296,0.0000201,0.0000001,0.0000000
74297,0.0000201,0.0000001,0.0000000
74298,0.0000201,0.0000001,0.0000000
74299,0.0000201,0.0000001,0.0000000
74300,0.0000201,0.0000001,0.0000000
74301,0.0000201,0.0000001,0.0000000
74302,0.0000201,0.0000001,0.0000000
74303,0.0000201,0.0000001,0.0000000
74304,0.0000201,0.0000001,0.0000000
74305,0.0000201,0.0000001,0.0000000
74306,0.0000201,0.0000001,0.0000000
74307,0.0000201,0.0000001,0.0000000
74308,0.0000201,0.0000001,0.0000000
74309,0.0000201,0.0000001,0.0000000
74310,0.0000201,0.0000001,0.0000000
74311,0.0000201,0.0000001,0.0000000
74312,0.0000201,0.0000001,0.0000000
74313,0.0000200,0.0000001,0.0000000
74314,0.0000200,0.0000001,0.0000000
74315,0.0000200,0.0000001,0.0000000
74316,0.0000200,0.0000001,0.0000000
74317,0.0000200,0.0000001,0.0000000
74318,0.0000200,0.0000001,0.0000000
74319,0.0000200,0.0000001,0.0000000
74320,0.0000200,0.0000001,0.0000000
74321,0.0000200,0.0000001,0.0000000
74322,0.0000200,0.0000001,0.0000000
74323,0.0000200,0.0000001,0.0000000
74324,0.0000200,0.0000001,0.0000000
74325,0.0000200,0.0000001,0.0000000
74326,0.0000200,0.0000001,0.0000000
74327,0.0000200,0.0000001,0.0000000
74328,0.0000200,0.0000001,0.0000000
74329,0.0000200,0.0000001,0.0000000
74330,0.0000200,0.0000001,0.0000000
74331,0.0000200,0.0000001,0.0000000
74332,0.0000200,0.0000001,0.0000000
74333,0.0000200,0.0000001,0.0000000
74334,0.0000200,0.0000001,0.0000000
74335,0.0000200,0.0000001,0.0000000
74336,0.0000200,0.0000001,0.0000000
74337,0.0000200,0.0000001,0.0000000
74338,0.0000200,0.0000001,0.0000000
74339,0.0000200,0.0000001,0.0000000
74340,0.0000200,0.0000001,0.0000000
74341,0.0000200,0.0000001,0.0000000
74342,0.0000200,0.0000001,0.0000000
74343,0.0000200,0.0000001,0.0000000
74344,0.0000200,0.0000001,0.0000000
74345,0.0000200,0.0000001,0.0000000
74346,0.0000200,0.0000001,0.0000000
74347,0.0000200,0.0000001,0.0000000
74348,0.0000200,0.0000001,0.0000000
74349,0.0000200,0.0000001,0.0000000
74350,0.0000200,0.0000001,0.0000000
74351,0.0000200,0.0000001,0.0000000
74352,0.0000200,0.0000001,0.0000000
74353,0.0000200,0.0000001,0.0000000
74354,0.0000200,0.0000001,0.0000000
74355,0.0000200,0.0000001,0.0000000
74356,0.0000200,0.0000001,0.0000000
74357,0.0000200,0.0000001,0.0000000
74358,0.0000200,0.0000001,0.0000000
74359,0.0000200,0.0000001,0.0000000
74360,0.0000200,0.0000001,0.0000000
74361,0.0000200,0.0000001,0.0000000
74362,0.0000200,0.0000001,0.0000000
74363,0.0000200,0.0000001,0.0000000
74364,0.0000200,0.0000001,0.0000000
74365,0.0000200,0.0000001,0.0000000
74366,0.0000200,0.0000001,0.0000000
74367,0.0000200,0.0000001,0.0000000
74368,0.0000200,0.0000001,0.0000000
74369,0.0000200,0.0000001,0.0000000
74370,0.0000200,0.0000001,0.0000000
74371,0.0000200,0.0000001,0.0000000
74372,0.0000200,0.0000001,0.0000000
74373,0.0000200,0.0000001,0.0000000
74374,0.0000200,0.0000001,0.0000000
74375,0.0000200,0.0000001,0.0000000
74376,0.0000200,0.0000001,0.0000000
74377,0.0000200,0.0000001,0.0000000
74378,0.0000200,0.0000001,0.0000000
74379,0.0000200,0.0000001,0.0000000
74380,0.0000200,0.0000001,0.0000000
74381,0.0000200,0.0000001,0.0000000
74382,0.0000200,0.0000001,0.0000000
74383,0.0000200,0.0000001,0.0000000
74384,0.0000200,0.0000001,0.0000000
74385,0.0000200,0.0000001,0.0000000
74386,0.0000200,0.0000001,0.0000000
74387,0.0000200,0.0000001,0.0000000
74388,0.0000200,0.0000001,0.0000000
74389,0.0000200,0.0000001,0.0000000
74390,0.0000200,0.0000001,0.0000000
74391,0.0000200,0.0000001,0.0000000
74392,0.0000200,0.0000001,0.0000000
74393,0.0000200,0.0000001,0.0000000
74394,0.0000200,0.0000001,0.0000000
74395,0.0000200,0.0000001,0.0000000
74396,0.0000200,0.0000001,0.0000000
74397,0.0000200,0.0000001,0.0000000
74398,0.0000200,0.0000001,0.0000000
74399,0.0000200,0.0000001,0.0000000
74400,0.0000200,0.0000001,0.0000000
74401,0.0000200,0.0000001,0.0000000
74402,0.0000200,0.0000001,0.0000000
74403,0.0000200,0.0000001,0.0000000
74404,0.0000200,0.0000001,0.0000000
74405,0.0000200,0.0000001,0.0000000
74406,0.0000200,0.0000001,0.0000000
74407,0.0000200,0.0000001,0.0000000
74408,0.0000200,0.0000001,0.0000000
74409,0.0000200,0.0000001,0.0000000
74410,0.0000200,0.0000001,0.0000000
74411,0.0000200,0.0000001,0.0000000
74412,0.0000200,0.0000001,0.0000000
74413,0.0000200,0.0000001,0.0000000
74414,0.0000200,0.0000001,0.0000000
74415,0.0000200,0.0000001,0.0000000
74416,0.0000200,0.0000001,0.0000000
74417,0.0000200,0.0000001,0.0000000
74418,0.0000200,0.0000001,0.0000000
74419,0.0000200,0.0000001,0.0000000
74420,0.0000200,0.0000001,0.0000000
74421,0.0000200,0.0000001,0.0000000
74422,0.0000200,0.0000001,0.0000000
74423,0.0000200,0.0000001,0.0000000
74424,0.0000199,0.0000001,0.0000000
74425,0.0000199,0.0000001,0.0000000
74426,0.0000199,0.0000001,0.0000000
74427,0.0000199,0.0000001,0.0000000
74428,0.0000199,0.0000001,0.0000000
74429,0.0000199,0.0000001,0.0000000
74430,0.0000199,0.0000001,0.0000000
74431,0.0000199,0.0000001,0.0000000
74432,0.0000199,0.0000001,0.0000000
74433,0.0000199,0.0000001,0.0000000
74434,0.0000199,0.0000001,0.0000000
74435,0.0000199,0.0000001,0.0000000
74436,0.0000199,0.0000001,0.0000000
74437,0.0000199,0.0000001,0.0000000
74438,0.0000199,0.0000001,0.0000000
74439,0.0000199,0.0000001,0.0000000
74440,0.0000199,0.0000001,0.0000000
74441,0.0000199,0.0000001,0.0000000
74442,0.0000199,0.0000001,0.0000000
74443,0.0000199,0.0000001,0.0000000
74444,0.0000199,0.0000001,0.0000000
74445,0.0000199,0.0000001,0.0000000
74446,0.0000199,0.0000001,0.0000000
74447,0.0000199,0.0000001,0.0000000
74448,0.0000199,0.0000001,0.0000000
74449,0.0000199,0.0000001,0.0000000
74450,0.0000199,0.0000001,0.0000000
74451,0.0000199,0.0000001,0.0000000
74452,0.0000199,0.0000001,0.0000000
74453,0.0000199,0.0000001,0.0000000
74454,0.0000199,0.0000001,0.0000000
74455,0.0000199,0.0000001,0.0000000
74456,0.0000199,0.0000001,0.0000000
74457,0.0000199,0.0000001,0.0000000
74458,0.0000199,0.0000001,0.0000000
74459,0.0000199,0.0000001,0.0000000
74460,0.0000199,0.0000001,0.0000000
74461,0.0000199,0.0000001,0.0000000
74462,0.0000199,0.0000001,0.0000000
74463,0.0000199,0.0000001,0.0000000
74464,0.0000199,0.0000001,0.0000000
74465,0.0000199,0.0000001,0.0000000
74466,0.0000199,0.0000001,0.0000000
74467,0.0000199,0.0000001,0.0000000
74468,0.0000199,0.0000001,0.0000000
74469,0.0000199,0.0000001,0.0000000
74470,0.0000199,0.0000001,0.0000000
74471,0.0000199,0.0000001,0.0000000
74472,0.0000199,0.0000001,0.0000000
74473,0.0000199,0.0000001,0.0000000
74474,0.0000199,0.0000001,0.0000000
74475,0.0000199,0.0000001,0.0000000
74476,0.0000199,0.0000001,0.0000000
74477,0.0000199,0.0000001,0.0000000
74478,0.0000199,0.0000001,0.0000000
74479,0.0000199,0.0000001,0.0000000
74480,0.0000199,0.0000001,0.0000000
74481,0.0000199,0.0000001,0.0000000
74482,0.0000199,0.0000001,0.0000000
74483,0.0000199,0.0000001,0.0000000
74484,0.0000199,0.0000001,0.0000000
74485,0.0000199,0.0000001,0.0000000
74486,0.0000199,0.0000001,0.0000000
74487,0.0000199,0.0000001,0.0000000
74488,0.0000199,0.0000001,0.0000000
74489,0.0000199,0.0000001,0.0000000
74490,0.0000199,0.0000001,0.0000000
74491,0.0000199,0.0000001,0.0000000
74492,0.0000199,0.0000001,0.0000000
74493,0.0000199,0.0000001,0.0000000
74494,0.0000199,0.0000001,0.0000000
74495,0.0000199,0.0000001,0.0000000
74496,0.0000199,0.0000001,0.0000000
74497,0.0000199,0.0000001,0.0000000
74498,0.0000199,0.0000001,0.0000000
74499,0.0000199,0.0000001,0.0000000
74500,0.0000199,0.0000001,0.0000000
74501,0.0000199,0.0000001,0.0000000
74502,0.0000199,0.0000001,0.0000000
74503,0.0000199,0.0000001,0.0000000
74504,0.0000199,0.0000001,0.0000000
74505,0.0000199,0.0000001,0.0000000
74506,0.0000199,0.0000001,0.0000000
74507,0.0000199,0.0000001,0.0000000
74508,0.0000199,0.0000001,0.0000000
74509,0.0000199,0.0000001,0.0000000
74510,0.0000199,0.0000001,0.0000000
74511,0.0000199,0.0000001,0.0000000
74512,0.0000199,0.0000001,0.0000000
74513,0.0000199,0.0000001,0.0000000
74514,0.0000199,0.0000001,0.0000000
74515,0.0000199,0.0000001,0.0000000
74516,0.0000199,0.0000001,0.0000000
74517,0.0000199,0.0000001,0.0000000
74518,0.0000199,0.0000001,0.0000000
74519,0.0000199,0.0000001,0.0000000
74520,0.0000199,0.0000001,0.0000000
74521,0.0000199,0.0000001,0.0000000
74522,0.0000199,0.0000001,0.0000000
74523,0.0000199,0.0000001,0.0000000
74524,0.0000199,0.0000001,0.0000000
74525,0.0000199,0.0000001,0.0000000
74526,0.0000199,0.0000001,0.0000000
74527,0.0000199,0.0000001,0.0000000
74528,0.0000199,0.0000001,0.0000000
74529,0.0000199,0.0000001,0.0000000
74530,0.0000199,0.0000001,0.0000000
74531,0.0000199,0.0000001,0.0000000
74532,0.0000199,0.0000001,0.0000000
74533,0.0000199,0.0000001,0.0000000
74534,0.0000199,0.0000001,0.0000000
74535,0.0000199,0.0000001,0.0000000
74536,0.0000199,0.0000001,0.0000000
74537,0.0000198,0.0000001,0.0000000
74538,0.0000198,0.0000001,0.0000000
74539,0.0000198,0.0000001,0.0000000
74540,0.0000198,0.0000001,0.0000000
74541,0.0000198,0.0000001,0.0000000
74542,0.0000198,0.0000001,0.0000000
74543,0.0000198,0.0000001,0.0000000
74544,0.0000198,0.0000001,0.0000000
74545,0.0000198,0.0000001,0.0000000
74546,0.0000198,0.0000001,0.0000000
74547,0.0000198,0.0000001,0.0000000
74548,0.0000198,0.0000001,0.0000000
74549,0.0000198,0.0000001,0.0000000
74550,0.0000198,0.0000001,0.0000000
74551,0.0000198,0.0000001,0.0000000
74552,0.0000198,0.0000001,0.0000000
74553,0.0000198,0.0000001,0.0000000
74554,0.0000198,0.0000001,0.0000000
74555,0.0000198,0.0000001,0.0000000
74556,0.0000198,0.0000001,0.0000000
74557,0.0000198,0.0000001,0.0000000
74558,0.0000198,0.0000001,0.0000000
74559,0.0000198,0.0000001,0.0000000
74560,0.0000198,0.0000001,0.0000000
74561,0.0000198,0.0000001,0.0000000
74562,0.0000198,0.0000001,0.0000000
74563,0.0000198,0.0000001,0.0000000
74564,0.0000198,0.0000001,0.0000000
74565,0.0000198,0.0000001,0.0000000
74566,0.0000198,0.0000001,0.0000000
74567,0.0000198,0.0000001,0.0000000
74568,0.0000198,0.0000001,0.0000000
74569,0.0000198,0.0000001,0.0000000
74570,0.0000198,0.0000001,0.0000000
74571,0.0000198,0.0000001,0.0000000
74572,0.0000198,0.0000001,0.0000000
74573,0.0000198,0.0000001,0.0000000
74574,0.0000198,0.0000001,0.0000000
74575,0.0000198,0.0000001,0.0000000
74576,0.0000198,0.0000001,0.0000000
74577,0.0000198,0.0000001,0.0000000
74578,0.0000198,0.0000001,0.0000000
74579,0.0000198,0.0000001,0.0000000
74580,0.0000198,0.0000001,0.0000000
74581,0.0000198,0.0000001,0.0000000
74582,0.0000198,0.0000001,0.0000000
74583,0.0000198,0.0000001,0.0000000
74584,0.0000198,0.0000001,0.0000000
74585,0.0000198,0.0000001,0.0000000
74586,0.0000198,0.0000001,0.0000000
74587,0.0000198,0.0000001,0.0000000
74588,0.0000198,0.0000001,0.0000000
74589,0.0000198,0.0000001,0.0000000
74590,0.0000198,0.0000001,0.0000000
74591,0.0000198,0.0000001,0.0000000
74592,0.0000198,0.0000001,0.0000000
74593,0.0000198,0.0000001,0.0000000
74594,0.0000198,0.0000001,0.0000000
74595,0.0000198,0.0000001,0.0000000
74596,0.0000198,0.0000001,0.0000000
74597,0.0000198,0.0000001,0.0000000
74598,0.0000198,0.0000001,0.0000000
74599,0.0000198,0.0000001,0.0000000
74600,0.0000198,0.0000001,0.0000000
74601,0.0000198,0.0000001,0.0000000
74602,0.0000198,0.0000001,0.0000000
74603,0.0000198,0.0000001,0.0000000
74604,0.0000198,0.0000001,0.0000000
74605,0.0000198,0.0000001,0.0000000
74606,0.0000198,0.0000001,0.0000000
74607,0.0000198,0.0000001,0.0000000
74608,0.0000198,0.0000001,0.0000000
74609,0.0000198,0.0000001,0.0000000
74610,0.0000198,0.0000001,0.0000000
74611,0.0000198,0.0000001,0.0000000
74612,0.0000198,0.0000001,0.0000000
74613,0.0000198,0.0000001,0.0000000
74614,0.0000198,0.0000001,0.0000000
74615,0.0000198,0.0000001,0.0000000
74616,0.0000198,0.0000001,0.0000000
74617,0.0000198,0.0000001,0.0000000
74618,0.0000198,0.0000001,0.0000000
74619,0.0000198,0.0000001,0.0000000
74620,0.0000198,0.0000001,0.0000000
74621,0.0000198,0.0000001,0.0000000
74622,0.0000198,0.0000001,0.0000000
74623,0.0000198,0.0000001,0.0000000
74624,0.0000198,0.0000001,0.0000000
74625,0.0000198,0.0000001,0.0000000
74626,0.0000198,0.0000001,0.0000000
74627,0.0000198,0.0000001,0.0000000
74628,0.0000198,0.0000001,0.0000000
74629,0.0000198,0.0000001,0.0000000
74630,0.0000198,0.0000001,0.0000000
74631,0.0000198,0.0000001,0.0000000
74632,0.0000198,0.0000001,0.0000000
74633,0.0000198,0.0000001,0.0000000
74634,0.0000198,0.0000001,0.0000000
74635,0.0000198,0.0000001,0.0000000
74636,0.0000198,0.0000001,0.0000000
74637,0.0000198,0.0000001,0.0000000
74638,0.0000198,0.0000001,0.0000000
74639,0.0000198,0.0000001,0.0000000
74640,0.0000198,0.0000001,0.0000000
74641,0.0000198,0.0000001,0.0000000
74642,0.0000198,0.0000001,0.0000000
74643,0.0000198,0.0000001,0.0000000
74644,0.0000198,0.0000001,0.0000000
74645,0.0000198,0.0000001,0.0000000
74646,0.0000198,0.0000001,0.0000000
74647,0.0000198,0.0000001,0.0000000
74648,0.0000198,0.0000001,0.0000000
74649,0.0000198,0.0000001,0.0000000
74650,0.0000197,0.0000001,0.0000000
74651,0.0000197,0.0000001,0.0000000
74652,0.0000197,0.0000001,0.0000000
74653,0.0000197,0.0000001,0.0000000
74654,0.0000197,0.0000001,0.0000000
74655,0.0000197,0.0000001,0.0000000
74656,0.0000197,0.0000001,0.0000000
74657,0.0000197,0.0000001,0.0000000
74658,0.0000197,0.0000001,0.0000000
74659,0.0000197,0.0000001,0.0000000
74660,0.0000197,0.0000001,0.0000000
74661,0.0000197,0.0000001,0.0000000
74662,0.0000197,0.0000001,0.0000000
74663,0.0000197,0.0000001,0.0000000
74664,0.0000197,0.0000001,0.0000000
74665,0.0000197,0.0000001,0.0000000
74666,0.0000197,0.0000001,0.0000000
74667,0.0000197,0.0000001,0.0000000
74668,0.0000197,0.0000001,0.0000000
74669,0.0000197,0.0000001,0.0000000
74670,0.0000197,0.0000001,0.0000000
74671,0.0000197,0.0000001,0.0000000
74672,0.0000197,0.0000001,0.0000000
74673,0.0000197,0.0000001,0.0000000
74674,0.0000197,0.0000001,0.0000000
74675,0.0000197,0.0000001,0.0000000
74676,0.0000197,0.0000001,0.0000000
74677,0.0000197,0.0000001,0.0000000
74678,0.0000197,0.0000001,0.0000000
74679,0.0000197,0.0000001,0.0000000
74680,0.0000197,0.0000001,0.0000000
74681,0.0000197,0.0000001,0.0000000
74682,0.0000197,0.0000001,0.0000000
74683,0.0000197,0.0000001,0.0000000
74684,0.0000197,0.0000001,0.0000000
74685,0.0000197,0.0000001,0.0000000
74686,0.0000197,0.0000000,0.0000000
74687,0.0000197,0.0000000,0.0000000
74688,0.0000197,0.0000000,0.0000000
74689,0.0000197,0.0000000,0.0000000
74690,0.0000197,0.0000000,0.0000000
74691,0.0000197,0.0000000,0.0000000
74692,0.0000197,0.0000000,0.0000000
74693,0.0000197,0.0000000,0.0000000
74694,0.0000197,0.0000000,0.0000000
74695,0.0000197,0.0000000,0.0000000
74696,0.0000197,0.0000000,0.0000000
74697,0.0000197,0.0000000,0.0000000
74698,0.0000197,0.0000000,0.0000000
74699,0.0000197,0.0000000,0.0000000
74700,0.0000197,0.0000000,0.0000000
74701,0.0000197,0.0000000,0.0000000
74702,0.0000197,0.0000000,0.0000000
74703,0.0000197,0.0000000,0.0000000
74704,0.0000197,0.0000000,0.0000000
74705,0.0000197,0.0000000,0.0000000
74706,0.0000197,0.0000000,0.0000000
74707,0.0000197,0.0000000,0.0000000
74708,0.0000197,0.0000000,0.0000000
74709,0.0000197,0.0000000,0.0000000
74710,0.0000197,0.0000000,0.0000000
74711,0.0000197,0.0000000,0.0000000
74712,0.0000197,0.0000000,0.0000000
74713,0.0000197,0.0000000,0.0000000
74714,0.0000197,0.0000000,0.0000000
74715,0.0000197,0.0000000,0.0000000
74716,0.0000197,0.0000000,0.0000000
74717,0.0000197,0.0000000,0.0000000
74718,0.0000197,0.0000000,0.0000000
74719,0.0000197,0.0000000,0.0000000
74720,0.0000197,0.0000000,0.0000000
74721,0.0000197,0.0000000,0.0000000
74722,0.0000197,0.0000000,0.0000000
74723,0.0000197,0.0000000,0.0000000
74724,0.0000197,0.0000000,0.0000000
74725,0.0000197,0.0000000,0.0000000
74726,0.0000197,0.0000000,0.0000000
74727,0.0000197,0.0000000,0.0000000
74728,0.0000197,0.0000000,0.0000000
74729,0.0000197,0.0000000,0.0000000
74730,0.0000197,0.0000000,0.0000000
74731,0.0000197,0.0000000,0.0000000
74732,0.0000197,0.0000000,0.0000000
74733,0.0000197,0.0000000,0.0000000
74734,0.0000197,0.0000000,0.0000000
74735,0.0000197,0.0000000,0.0000000
74736,0.0000197,0.0000000,0.0000000
74737,0.0000197,0.0000000,0.0000000
74738,0.0000197,0.0000000,0.0000000
74739,0.0000197,0.0000000,0.0000000
74740,0.0000197,0.0000000,0.0000000
74741,0.0000197,0.0000000,0.0000000
74742,0.0000197,0.0000000,0.0000000
74743,0.0000197,0.0000000,0.0000000
74744,0.0000197,0.0000000,0.0000000
74745,0.0000197,0.0000000,0.0000000
74746,0.0000197,0.0000000,0.0000000
74747,0.0000197,0.0000000,0.0000000
74748,0.0000197,0.0000000,0.0000000
74749,0.0000197,0.0000000,0.0000000
74750,0.0000197,0.0000000,0.0000000
74751,0.0000197,0.0000000,0.0000000
74752,0.0000197,0.0000000,0.0000000
74753,0.0000197,0.0000000,0.0000000
74754,0.0000197,0.0000000,0.0000000
74755,0.0000197,0.0000000,0.0000000
74756,0.0000197,0.0000000,0.0000000
74757,0.0000197,0.0000000,0.0000000
74758,0.0000197,0.0000000,0.0000000
74759,0.0000197,0.0000000,0.0000000
74760,0.0000197,0.0000000,0.0000000
74761,0.0000197,0.0000000,0.0000000
74762,0.0000197,0.0000000,0.0000000
74763,0.0000197,0.0000000,0.0000000
74764,0.0000196,0.0000000,0.0000000
74765,0.0000196,0.0000000,0.0000000
74766,0.0000196,0.0000000,0.0000000
74767,0.0000196,0.0000000,0.0000000
74768,0.0000196,0.0000000,0.0000000
74769,0.0000196,0.0000000,0.0000000
74770,0.0000196,0.0000000,0.0000000
74771,0.0000196,0.0000000,0.0000000
74772,0.0000196,0.0000000,0.0000000
74773,0.0000196,0.0000000,0.0000000
74774,0.0000196,0.0000000,0.0000000
74775,0.0000196,0.0000000,0.0000000
74776,0.0000196,0.0000000,0.0000000
74777,0.0000196,0.0000000,0.0000000
74778,0.0000196,0.0000000,0.0000000
74779,0.0000196,0.0000000,0.0000000
74780,0.0000196,0.0000000,0.0000000
74781,0.0000196,0.0000000,0.0000000
74782,0.0000196,0.0000000,0.0000000
74783,0.0000196,0.0000000,0.0000000
74784,0.0000196,0.0000000,0.0000000
74785,0.0000196,0.0000000,0.0000000
74786,0.0000196,0.0000000,0.0000000
74787,0.0000196,0.0000000,0.0000000
74788,0.0000196,0.0000000,0.0000000
74789,0.0000196,0.0000000,0.0000000
74790,0.0000196,0.0000000,0.0000000
74791,0.0000196,0.0000000,0.0000000
74792,0.0000196,0.0000000,0.0000000
74793,0.0000196,0.0000000,0.0000000
74794,0.0000196,0.0000000,0.0000000
74795,0.0000196,0.0000000,0.0000000
74796,0.0000196,0.0000000,0.0000000
74797,0.0000196,0.0000000,0.0000000
74798,0.0000196,0.0000000,0.0000000
74799,0.0000196,0.0000000,0.0000000
74800,0.0000196,0.0000000,0.0000000
74801,0.0000196,0.0000000,0.0000000
74802,0.0000196,0.0000000,0.0000000
74803,0.0000196,0.0000000,0.0000000
74804,0.0000196,0.0000000,0.0000000
74805,0.0000196,0.0000000,0.0000000
74806,0.0000196,0.0000000,0.0000000
74807,0.0000196,0.0000000,0.0000000
74808,0.0000196,0.0000000,0.0000000
74809,0.0000196,0.0000000,0.0000000
74810,0.0000196,0.0000000,0.0000000
74811,0.0000196,0.0000000,0.0000000
74812,0.0000196,0.0000000,0.0000000
74813,0.0000196,0.0000000,0.0000000
74814,0.0000196,0.0000000,0.0000000
74815,0.0000196,0.0000000,0.0000000
74816,0.0000196,0.0000000,0.0000000
74817,0.0000196,0.0000000,0.0000000
74818,0.0000196,0.0000000,0.0000000
74819,0.0000196,0.0000000,0.0000000
74820,0.0000196,0.0000000,0.0000000
74821,0.0000196,0.0000000,0.0000000
74822,0.0000196,0.0000000,0.0000000
74823,0.0000196,0.0000000,0.0000000
74824,0.0000196,0.0000000,0.0000000
74825,0.0000196,0.0000000,0.0000000
74826,0.0000196,0.0000000,0.0000000
74827,0.0000196,0.0000000,0.0000000
74828,0.0000196,0.0000000,0.0000000
74829,0.0000196,0.0000000,0.0000000
74830,0.0000196,0.0000000,0.0000000
74831,0.0000196,0.0000000,0.0000000
74832,0.0000196,0.0000000,0.0000000
74833,0.0000196,0.0000000,0.0000000
74834,0.0000196,0.0000000,0.0000000
74835,0.0000196,0.0000000,0.0000000
74836,0.0000196,0.0000000,0.0000000
74837,0.0000196,0.0000000,0.0000000
74838,0.0000196,0.0000000,0.0000000
74839,0.0000196,0.0000000,0.0000000
74840,0.0000196,0.0000000,0.0000000
74841,0.0000196,0.0000000,0.0000000
74842,0.0000196,0.0000000,0.0000000
74843,0.0000196,0.0000000,0.0000000
74844,0.0000196,0.0000000,0.0000000
74845,0.0000196,0.0000000,0.0000000
74846,0.0000196,0.0000000,0.0000000
74847,0.0000196,0.0000000,0.0000000
74848,0.0000196,0.0000000,0.0000000
74849,0.0000196,0.0000000,0.0000000
74850,0.0000196,0.0000000,0.0000000
74851,0.0000196,0.0000000,0.0000000
74852,0.0000196,0.0000000,0.0000000
74853,0.0000196,0.0000000,0.0000000
74854,0.0000196,0.0000000,0.0000000
74855,0.0000196,0.0000000,0.0000000
74856,0.0000196,0.0000000,0.0000000
74857,0.0000196,0.0000000,0.0000000
74858,0.0000196,0.0000000,0.0000000
74859,0.0000196,0.0000000,0.0000000
74860,0.0000196,0.0000000,0.0000000
74861,0.0000196,0.0000000,0.0000000
74862,0.0000196,0.0000000,0.0000000
74863,0.0000196,0.0000000,0.0000000
74864,0.0000196,0.0000000,0.0000000
74865,0.0000196,0.0000000,0.0000000
74866,0.0000196,0.0000000,0.0000000
74867,0.0000196,0.0000000,0.0000000
74868,0.0000196,0.0000000,0.0000000
74869,0.0000196,0.0000000,0.0000000
74870,0.0000196,0.0000000,0.0000000
74871,0.0000196,0.0000000,0.0000000
74872,0.0000196,0.0000000,0.0000000
74873,0.0000196,0.0000000,0.0000000
74874,0.0000196,0.0000000,0.0000000
74875,0.0000196,0.0000000,0.0000000
74876,0.0000196,0.0000000,0.0000000
74877,0.0000196,0.0000000,0.0000000
74878,0.0000195,0.0000000,0.0000000
74879,0.0000195,0.0000000,0.0000000
74880,0.0000195,0.0000000,0.0000000
74881,0.0000195,0.0000000,0.0000000
74882,0.0000195,0.0000000,0.0000000
74883,0.0000195,0.0000000,0.0000000
74884,0.0000195,0.0000000,0.0000000
74885,0.0000195,0.0000000,0.0000000
74886,0.0000195,0.0000000,0.0000000
74887,0.0000195,0.0000000,0.0000000
74888,0.0000195,0.0000000,0.0000000
74889,0.0000195,0.0000000,0.0000000
74890,0.0000195,0.0000000,0.0000000
74891,0.0000195,0.0000000,0.0000000
74892,0.0000195,0.0000000,0.0000000
74893,0.0000195,0.0000000,0.0000000
74894,0.0000195,0.0000000,0.0000000
74895,0.0000195,0.0000000,0.0000000
74896,0.0000195,0.0000000,0.0000000
74897,0.0000195,0.0000000,0.0000000
74898,0.0000195,0.0000000,0.0000000
74899,0.0000195,0.0000000,0.0000000
74900,0.0000195,0.0000000,0.0000000
74901,0.0000195,0.0000000,0.0000000
74902,0.0000195,0.0000000,0.0000000
74903,0.0000195,0.0000000,0.0000000
74904,0.0000195,0.0000000,0.0000000
74905,0.0000195,0.0000000,0.0000000
74906,0.0000195,0.0000000,0.0000000
74907,0.0000195,0.0000000,0.0000000
74908,0.0000195,0.0000000,0.0000000
74909,0.0000195,0.0000000,0.0000000
74910,0.0000195,0.0000000,0.0000000
74911,0.0000195,0.0000000,0.0000000
74912,0.0000195,0.0000000,0.0000000
74913,0.0000195,0.0000000,0.0000000
74914,0.0000195,0.0000000,0.0000000
74915,0.0000195,0.0000000,0.0000000
74916,0.0000195,0.0000000,0.0000000
74917,0.0000195,0.0000000,0.0000000
74918,0.0000195,0.0000000,0.0000000
74919,0.0000195,0.0000000,0.0000000
74920,0.0000195,0.0000000,0.0000000
74921,0.0000195,0.0000000,0.0000000
74922,0.0000195,0.0000000,0.0000000
74923,0.0000195,0.0000000,0.0000000
74924,0.0000195,0.0000000,0.0000000
74925,0.0000195,0.0000000,0.0000000
74926,0.0000195,0.0000000,0.0000000
74927,0.0000195,0.0000000,0.0000000
74928,0.0000195,0.0000000,0.0000000
74929,0.0000195,0.0000000,0.0000000
74930,0.0000195,0.0000000,0.0000000
74931,0.0000195,0.0000000,0.0000000
74932,0.0000195,0.0000000,0.0000000
74933,0.0000195,0.0000000,0.0000000
74934,0.0000195,0.0000000,0.0000000
74935,0.0000195,0.0000000,0.0000000
74936,0.0000195,0.0000000,0.0000000
74937,0.0000195,0.0000000,0.0000000
74938,0.0000195,0.0000000,0.0000000
74939,0.0000195,0.0000000,0.0000000
74940,0.0000195,0.0000000,0.0000000
74941,0.0000195,0.0000000,0.0000000
74942,0.0000195,0.0000000,0.0000000
74943,0.0000195,0.0000000,0.0000000
74944,0.0000195,0.0000000,0.0000000
74945,0.0000195,0.0000000,0.0000000
74946,0.0000195,0.0000000,0.0000000
74947,0.0000195,0.0000000,0.0000000
74948,0.0000195,0.0000000,0.0000000
74949,0.0000195,0.0000000,0.0000000
74950,0.0000195,0.0000000,0.0000000
74951,0.0000195,0.0000000,0.0000000
74952,0.0000195,0.0000000,0.0000000
74953,0.0000195,0.0000000,0.0000000
74954,0.0000195,0.0000000,0.0000000
74955,0.0000195,0.0000000,0.0000000
74956,0.0000195,0.0000000,0.0000000
74957,0.0000195,0.0000000,0.0000000
74958,0.0000195,0.0000000,0.0000000
74959,0.0000195,0.0000000,0.0000000
74960,0.0000195,0.0000000,0.0000000
74961,0.0000195,0.0000000,0.0000000
74962,0.0000195,0.0000000,0.0000000
74963,0.0000195,0.0000000,0.0000000
74964,0.0000195,0.0000000,0.0000000
74965,0.0000195,0.0000000,0.0000000
74966,0.0000195,0.0000000,0.0000000
74967,0.0000195,0.0000000,0.0000000
74968,0.0000195,0.0000000,0.0000000
74969,0.0000195,0.0000000,0.0000000
74970,0.0000195,0.0000000,0.0000000
74971,0.0000195,0.0000000,0.0000000
74972,0.0000195,0.0000000,0.0000000
74973,0.0000195,0.0000000,0.0000000
74974,0.0000195,0.0000000,0.0000000
74975,0.0000195,0.0000000,0.0000000
74976,0.0000195,0.0000000,0.0000000
74977,0.0000195,0.0000000,0.0000000
74978,0.0000195,0.0000000,0.0000000
74979,0.0000195,0.0000000,0.0000000
74980,0.0000195,0.0000000,0.0000000
74981,0.0000195,0.0000000,0.0000000
74982,0.0000195,0.0000000,0.0000000
74983,0.0000195,0.0000000,0.0000000
74984,0.0000195,0.0000000,0.0000000
74985,0.0000195,0.0000000,0.0000000
74986,0.0000195,0.0000000,0.0000000
74987,0.0000195,0.0000000,0.0000000
74988,0.0000195,0.0000000,0.0000000
74989,0.0000195,0.0000000,0.0000000
74990,0.0000195,0.0000000,0.0000000
74991,0.0000195,0.0000000,0.0000000
74992,0.0000194,0.0000000,0.0000000
74993,0.0000194,0.0000000,0.0000000
74994,0.0000194,0.0000000,0.0000000
74995,0.0000194,0.0000000,0.0000000
74996,0.0000194,0.0000000,0.0000000
74997,0.0000194,0.0000000,0.0000000
74998,0.0000194,0.0000000,0.0000000
74999,0.0000194,0.0000000,0.0000000
75000,0.0000194,0.0000000,0.0000000
75001,0.0000194,0.0000000,0.0000000
75002,0.0000194,0.0000000,0.0000000
75003,0.0000194,0.0000000,0.0000000
75004,0.0000194,0.0000000,0.0000000
75005,0.0000194,0.0000000,0.0000000
75006,0.0000194,0.0000000,0.0000000
75007,0.0000194,0.0000000,0.0000000
75008,0.0000194,0.0000000,0.0000000
75009,0.0000194,0.0000000,0.0000000
75010,0.0000194,0.0000000,0.0000000
75011,0.0000194,0.0000000,0.0000000
75012,0.0000194,0.0000000,0.0000000
75013,0.0000194,0.0000000,0.0000000
75014,0.0000194,0.0000000,0.0000000
75015,0.0000194,0.0000000,0.0000000
75016,0.0000194,0.0000000,0.0000000
75017,0.0000194,0.0000000,0.0000000
75018,0.0000194,0.0000000,0.0000000
75019,0.0000194,0.0000000,0.0000000
75020,0.0000194,0.0000000,0.0000000
75021,0.0000194,0.0000000,0.0000000
75022,0.0000194,0.0000000,0.0000000
75023,0.0000194,0.0000000,0.0000000
75024,0.0000194,0.0000000,0.0000000
75025,0.0000194,0.0000000,0.0000000
75026,0.0000194,0.0000000,0.0000000
75027,0.0000194,0.0000000,0.0000000
75028,0.0000194,0.0000000,0.0000000
75029,0.0000194,0.0000000,0.0000000
75030,0.0000194,0.0000000,0.0000000
75031,0.0000194,0.0000000,0.0000000
75032,0.0000194,0.0000000,0.0000000
75033,0.0000194,0.0000000,0.0000000
75034,0.0000194,0.0000000,0.0000000
75035,0.0000194,0.0000000,0.0000000
75036,0.0000194,0.0000000,0.0000000
75037,0.0000194,0.0000000,0.0000000
75038,0.0000194,0.0000000,0.0000000
75039,0.0000194,0.0000000,0.0000000
75040,0.0000194,0.0000000,0.0000000
75041,0.0000194,0.0000000,0.0000000
75042,0.0000194,0.0000000,0.0000000
75043,0.0000194,0.0000000,0.0000000
75044,0.0000194,0.0000000,0.0000000
75045,0.0000194,0.0000000,0.0000000
75046,0.0000194,0.0000000,0.0000000
75047,0.0000194,0.0000000,0.0000000
75048,0.0000194,0.0000000,0.0000000
75049,0.0000194,0.0000000,0.0000000
75050,0.0000194,0.0000000,0.0000000
75051,0.0000194,0.0000000,0.0000000
75052,0.0000194,0.0000000,0.0000000
75053,0.0000194,0.0000000,0.0000000
75054,0.0000194,0.0000000,0.0000000
75055,0.0000194,0.0000000,0.0000000
75056,0.0000194,0.0000000,0.0000000
75057,0.0000194,0.0000000,0.0000000
75058,0.0000194,0.0000000,0.0000000
75059,0.0000194,0.0000000,0.0000000
75060,0.0000194,0.0000000,0.0000000
75061,0.0000194,0.0000000,0.0000000
75062,0.0000194,0.0000000,0.0000000
75063,0.0000194,0.0000000,0.0000000
75064,0.0000194,0.0000000,0.0000000
75065,0.0000194,0.0000000,0.0000000
75066,0.0000194,0.0000000,0.0000000
75067,0.0000194,0.0000000,0.0000000
75068,0.0000194,0.0000000,0.0000000
75069,0.0000194,0.0000000,0.0000000
75070,0.0000194,0.0000000,0.0000000
75071,0.0000194,0.0000000,0.0000000
75072,0.0000194,0.0000000,0.0000000
75073,0.0000194,0.0000000,0.0000000
75074,0.0000194,0.0000000,0.0000000
75075,0.0000194,0.0000000,0.0000000
75076,0.0000194,0.0000000,0.0000000
75077,0.0000194,0.0000000,0.0000000
75078,0.0000194,0.0000000,0.0000000
75079,0.0000194,0.0000000,0.0000000
75080,0.0000194,0.0000000,0.0000000
75081,0.0000194,0.0000000,0.0000000
75082,0.0000194,0.0000000,0.0000000
75083,0.0000194,0.0000000,0.0000000
75084,0.0000194,0.0000000,0.0000000
75085,0.0000194,0.0000000,0.0000000
75086,0.0000194,0.0000000,0.0000000
75087,0.0000194,0.0000000,0.0000000
75088,0.0000194,0.0000000,0.0000000
75089,0.0000194,0.0000000,0.0000000
75090,0.0000194,0.0000000,0.0000000
75091,0.0000194,0.0000000,0.0000000
75092,0.0000194,0.0000000,0.0000000
75093,0.0000194,0.0000000,0.0000000
75094,0.0000194,0.0000000,0.0000000
75095,0.0000194,0.0000000,0.0000000
75096,0.0000194,0.0000000,0.0000000
75097,0.0000194,0.0000000,0.0000000
75098,0.0000194,0.0000000,0.0000000
75099,0.0000194,0.0000000,0.0000000
75100,0.0000194,0.0000000,0.0000000
75101,0.0000194,0.0000000,0.0000000
75102,0.0000194,0.0000000,0.0000000
75103,0.0000194,0.0000000,0.0000000
75104,0.0000194,0.0000000,0.0000000
75105,0.0000194,0.0000000,0.0000000
75106,0.0000194,0.0000000,0.0000000
75107,0.0000194,0.0000000,0.0000000
75108,0.0000193,0.0000000,0.0000000
75109,0.0000193,0.0000000,0.0000000
75110,0.0000193,0.0000000,0.0000000
75111,0.0000193,0.0000000,0.0000000
75112,0.0000193,0.0000000,0.0000000
75113,0.0000193,0.0000000,0.0000000
75114,0.0000193,0.0000000,0.0000000
75115,0.0000193,0.0000000,0.0000000
75116,0.0000193,0.0000000,0.0000000
75117,0.0000193,0.0000000,0.0000000
75118,0.0000193,0.0000000,0.0000000
75119,0.0000193,0.0000000,0.0000000
75120,0.0000193,0.0000000,0.0000000
75121,0.0000193,0.0000000,0.0000000
75122,0.0000193,0.0000000,0.0000000
75123,0.0000193,0.0000000,0.0000000
75124,0.0000193,0.0000000,0.0000000
75125,0.0000193,0.0000000,0.0000000
75126,0.0000193,0.0000000,0.0000000
75127,0.0000193,0.0000000,0.0000000
75128,0.0000193,0.0000000,0.0000000
75129,0.0000193,0.0000000,0.0000000
75130,0.0000193,0.0000000,0.0000000
75131,0.0000193,0.0000000,0.0000000
75132,0.0000193,0.0000000,0.0000000
75133,0.0000193,0.0000000,0.0000000
75134,0.0000193,0.0000000,0.0000000
75135,0.0000193,0.0000000,0.0000000
75136,0.0000193,0.0000000,0.0000000
75137,0.0000193,0.0000000,0.0000000
75138,0.0000193,0.0000000,0.0000000
75139,0.0000193,0.0000000,0.0000000
75140,0.0000193,0.0000000,0.0000000
75141,0.0000193,0.0000000,0.0000000
75142,0.0000193,0.0000000,0.0000000
75143,0.0000193,0.0000000,0.0000000
75144,0.0000193,0.0000000,0.0000000
75145,0.0000193,0.0000000,0.0000000
75146,0.0000193,0.0000000,0.0000000
75147,0.0000193,0.0000000,0.0000000
75148,0.0000193,0.0000000,0.0000000
75149,0.0000193,0.0000000,0.0000000
75150,0.0000193,0.0000000,0.0000000
75151,0.0000193,0.0000000,0.0000000
75152,0.0000193,0.0000000,0.0000000
75153,0.0000193,0.0000000,0.0000000
75154,0.0000193,0.0000000,0.0000000
75155,0.0000193,0.0000000,0.0000000
75156,0.0000193,0.0000000,0.0000000
75157,0.0000193,0.0000000,0.0000000
75158,0.0000193,0.0000000,0.0000000
75159,0.0000193,0.0000000,0.0000000
75160,0.0000193,0.0000000,0.0000000
75161,0.0000193,0.0000000,0.0000000
75162,0.0000193,0.0000000,0.0000000
75163,0.0000193,0.0000000,0.0000000
75164,0.0000193,0.0000000,0.0000000
75165,0.0000193,0.0000000,0.0000000
75166,0.0000193,0.0000000,0.0000000
75167,0.0000193,0.0000000,0.0000000
75168,0.0000193,0.0000000,0.0000000
75169,0.0000193,0.0000000,0.0000000
75170,0.0000193,0.0000000,0.0000000
75171,0.0000193,0.0000000,0.0000000
75172,0.0000193,0.0000000,0.0000000
75173,0.0000193,0.0000000,0.0000000
75174,0.0000193,0.0000000,0.0000000
75175,0.0000193,0.0000000,0.0000000
75176,0.0000193,0.0000000,0.0000000
75177,0.0000193,0.0000000,0.0000000
75178,0.0000193,0.0000000,0.0000000
75179,0.0000193,0.0000000,0.0000000
75180,0.0000193,0.0000000,0.0000000
75181,0.0000193,0.0000000,0.0000000
75182,0.0000193,0.0000000,0.0000000
75183,0.0000193,0.0000000,0.0000000
75184,0.0000193,0.0000000,0.0000000
75185,0.0000193,0.0000000,0.0000000
75186,0.0000193,0.0000000,0.0000000
75187,0.0000193,0.0000000,0.0000000
75188,0.0000193,0.0000000,0.0000000
75189,0.0000193,0.0000000,0.0000000
75190,0.0000193,0.0000000,0.0000000
75191,0.0000193,0.0000000,0.0000000
75192,0.0000193,0.0000000,0.0000000
75193,0.0000193,0.0000000,0.0000000
75194,0.0000193,0.0000000,0.0000000
75195,0.0000193,0.0000000,0.0000000
75196,0.0000193,0.0000000,0.0000000
75197,0.0000193,0.0000000,0.0000000
75198,0.0000193,0.0000000,0.0000000
75199,0.0000193,0.0000000,0.0000000
75200,0.0000193,0.0000000,0.0000000
75201,0.0000193,0.0000000,0.0000000
75202,0.0000193,0.0000000,0.0000000
75203,0.0000193,0.0000000,0.0000000
75204,0.0000193,0.0000000,0.0000000
75205,0.0000193,0.0000000,0.0000000
75206,0.0000193,0.0000000,0.0000000
75207,0.0000193,0.0000000,0.0000000
75208,0.0000193,0.0000000,0.0000000
75209,0.0000193,0.0000000,0.0000000
75210,0.0000193,0.0000000,0.0000000
75211,0.0000193,0.0000000,0.0000000
75212,0.0000193,0.0000000,0.0000000
75213,0.0000193,0.0000000,0.0000000
75214,0.0000193,0.0000000,0.0000000
75215,0.0000193,0.0000000,0.0000000
75216,0.0000193,0.0000000,0.0000000
75217,0.0000193,0.0000000,0.0000000
75218,0.0000193,0.0000000,0.0000000
75219,0.0000193,0.0000000,0.0000000
75220,0.0000193,0.0000000,0.0000000
75221,0.0000193,0.0000000,0.0000000
75222,0.0000193,0.0000000,0.0000000
75223,0.0000193,0.0000000,0.0000000
75224,0.0000192,0.0000000,0.0000000
75225,0.0000192,0.0000000,0.0000000
75226,0.0000192,0.0000000,0.0000000
75227,0.0000192,0.0000000,0.0000000
75228,0.0000192,0.0000000,0.0000000
75229,0.0000192,0.0000000,0.0000000
75230,0.0000192,0.0000000,0.0000000
75231,0.0000192,0.0000000,0.0000000
75232,0.0000192,0.0000000,0.0000000
75233,0.0000192,0.0000000,0.0000000
75234,0.0000192,0.0000000,0.0000000
75235,0.0000192,0.0000000,0.0000000
75236,0.0000192,0.0000000,0.0000000
75237,0.0000192,0.0000000,0.0000000
75238,0.0000192,0.0000000,0.0000000
75239,0.0000192,0.0000000,0.0000000
75240,0.0000192,0.0000000,0.0000000
75241,0.0000192,0.0000000,0.0000000
75242,0.0000192,0.0000000,0.0000000
75243,0.0000192,0.0000000,0.0000000
75244,0.0000192,0.0000000,0.0000000
75245,0.0000192,0.0000000,0.0000000
75246,0.0000192,0.0000000,0.0000000
75247,0.0000192,0.0000000,0.0000000
75248,0.0000192,0.0000000,0.0000000
75249,0.0000192,0.0000000,0.0000000
75250,0.0000192,0.0000000,0.0000000
75251,0.0000192,0.0000000,0.0000000
75252,0.0000192,0.0000000,0.0000000
75253,0.0000192,0.0000000,0.0000000
75254,0.0000192,0.0000000,0.0000000
75255,0.0000192,0.0000000,0.0000000
75256,0.0000192,0.0000000,0.0000000
75257,0.0000192,0.0000000,0.0000000
75258,0.0000192,0.0000000,0.0000000
75259,0.0000192,0.0000000,0.0000000
75260,0.0000192,0.0000000,0.0000000
75261,0.0000192,0.0000000,0.0000000
75262,0.0000192,0.0000000,0.0000000
75263,0.0000192,0.0000000,0.0000000
75264,0.0000192,0.0000000,0.0000000
75265,0.0000192,0.0000000,0.0000000
75266,0.0000192,0.0000000,0.0000000
75267,0.0000192,0.0000000,0.0000000
75268,0.0000192,0.0000000,0.0000000
75269,0.0000192,0.0000000,0.0000000
75270,0.0000192,0.0000000,0.0000000
75271,0.0000192,0.0000000,0.0000000
75272,0.0000192,0.0000000,0.0000000
75273,0.0000192,0.0000000,0.0000000
75274,0.0000192,0.0000000,0.0000000
75275,0.0000192,0.0000000,0.0000000
75276,0.0000192,0.0000000,0.0000000
75277,0.0000192,0.0000000,0.0000000
75278,0.0000192,0.0000000,0.0000000
75279,0.0000192,0.0000000,0.0000000
75280,0.0000192,0.0000000,0.0000000
75281,0.0000192,0.0000000,0.0000000
75282,0.0000192,0.0000000,0.0000000
75283,0.0000192,0.0000000,0.0000000
75284,0.0000192,0.0000000,0.0000000
75285,0.0000192,0.0000000,0.0000000
75286,0.0000192,0.0000000,0.0000000
75287,0.0000192,0.0000000,0.0000000
75288,0.0000192,0.0000000,0.0000000
75289,0.0000192,0.0000000,0.0000000
75290,0.0000192,0.0000000,0.0000000
75291,0.0000192,0.0000000,0.0000000
75292,0.0000192,0.0000000,0.0000000
75293,0.0000192,0.0000000,0.0000000
75294,0.0000192,0.0000000,0.0000000
75295,0.0000192,0.0000000,0.0000000
75296,0.0000192,0.0000000,0.0000000
75297,0.0000192,0.0000000,0.0000000
75298,0.0000192,0.0000000,0.0000000
75299,0.0000192,0.0000000,0.0000000
75300,0.0000192,0.0000000,0.0000000
75301,0.0000192,0.0000000,0.0000000
75302,0.0000192,0.0000000,0.0000000
75303,0.0000192,0.0000000,0.0000000
75304,0.0000192,0.0000000,0.0000000
75305,0.0000192,0.0000000,0.0000000
75306,0.0000192,0.0000000,0.0000000
75307,0.0000192,0.0000000,0.0000000
75308,0.0000192,0.0000000,0.0000000
75309,0.0000192,0.0000000,0.0000000
75310,0.0000192,0.0000000,0.0000000
75311,0.0000192,0.0000000,0.0000000
75312,0.0000192,0.0000000,0.0000000
75313,0.0000192,0.0000000,0.0000000
75314,0.0000192,0.0000000,0.0000000
75315,0.0000192,0.0000000,0.0000000
75316,0.0000192,0.0000000,0.0000000
75317,0.0000192,0.0000000,0.0000000
75318,0.0000192,0.0000000,0.0000000
75319,0.0000192,0.0000000,0.0000000
75320,0.0000192,0.0000000,0.0000000
75321,0.0000192,0.0000000,0.0000000
75322,0.0000192,0.0000000,0.0000000
75323,0.0000192,0.0000000,0.0000000
75324,0.0000192,0.0000000,0.0000000
75325,0.0000192,0.0000000,0.0000000
75326,0.0000192,0.0000000,0.0000000
75327,0.0000192,0.0000000,0.0000000
75328,0.0000192,0.0000000,0.0000000
75329,0.0000192,0.0000000,0.0000000
75330,0.0000192,0.0000000,0.0000000
75331,0.0000192,0.0000000,0.0000000
75332,0.0000192,0.0000000,0.0000000
75333,0.0000192,0.0000000,0.0000000
75334,0.0000192,0.0000000,0.0000000
75335,0.0000192,0.0000000,0.0000000
75336,0.0000192,0.0000000,0.0000000
75337,0.0000192,0.0000000,0.0000000
75338,0.0000192,0.0000000,0.0000000
75339,0.0000192,0.0000000,0.0000000
75340,0.0000191,0.0000000,0.0000000
75341,0.0000191,0.0000000,0.0000000
75342,0.0000191,0.0000000,0.0000000
75343,0.0000191,0.0000000,0.0000000
75344,0.0000191,0.0000000,0.0000000
75345,0.0000191,0.0000000,0.0000000
75346,0.0000191,0.0000000,0.0000000
75347,0.0000191,0.0000000,0.0000000
75348,0.0000191,0.0000000,0.0000000
75349,0.0000191,0.0000000,0.0000000
75350,0.0000191,0.0000000,0.0000000
75351,0.0000191,0.0000000,0.0000000
75352,0.0000191,0.0000000,0.0000000
75353,0.0000191,0.0000000,0.0000000
75354,0.0000191,0.0000000,0.0000000
75355,0.0000191,0.0000000,0.0000000
75356,0.0000191,0.0000000,0.0000000
75357,0.0000191,0.0000000,0.0000000
75358,0.0000191,0.0000000,0.0000000
75359,0.0000191,0.0000000,0.0000000
75360,0.0000191,0.0000000,0.0000000
75361,0.0000191,0.0000000,0.0000000
75362,0.0000191,0.0000000,0.0000000
75363,0.0000191,0.0000000,0.0000000
75364,0.0000191,0.0000000,0.0000000
75365,0.0000191,0.0000000,0.0000000
75366,0.0000191,0.0000000,0.0000000
75367,0.0000191,0.0000000,0.0000000
75368,0.0000191,0.0000000,0.0000000
75369,0.0000191,0.0000000,0.0000000
75370,0.0000191,0.0000000,0.0000000
75371,0.0000191,0.0000000,0.0000000
75372,0.0000191,0.0000000,0.0000000
75373,0.0000191,0.0000000,0.0000000
75374,0.0000191,0.0000000,0.0000000
75375,0.0000191,0.0000000,0.0000000
75376,0.0000191,0.0000000,0.0000000
75377,0.0000191,0.0000000,0.0000000
75378,0.0000191,0.0000000,0.0000000
75379,0.0000191,0.0000000,0.0000000
75380,0.0000191,0.0000000,0.0000000
75381,0.0000191,0.0000000,0.0000000
75382,0.0000191,0.0000000,0.0000000
75383,0.0000191,0.0000000,0.0000000
75384,0.0000191,0.0000000,0.0000000
75385,0.0000191,0.0000000,0.0000000
75386,0.0000191,0.0000000,0.0000000
75387,0.0000191,0.0000000,0.0000000
75388,0.0000191,0.0000000,0.0000000
75389,0.0000191,0.0000000,0.0000000
75390,0.0000191,0.0000000,0.0000000
75391,0.0000191,0.0000000,0.0000000
75392,0.0000191,0.0000000,0.0000000
75393,0.0000191,0.0000000,0.0000000
75394,0.0000191,0.0000000,0.0000000
75395,0.0000191,0.0000000,0.0000000
75396,0.0000191,0.0000000,0.0000000
75397,0.0000191,0.0000000,0.0000000
75398,0.0000191,0.0000000,0.0000000
75399,0.0000191,0.0000000,0.0000000
75400,0.0000191,0.0000000,0.0000000
75401,0.0000191,0.0000000,0.0000000
75402,0.0000191,0.0000000,0.0000000
75403,0.0000191,0.0000000,0.0000000
75404,0.0000191,0.0000000,0.0000000
75405,0.0000191,0.0000000,0.0000000
75406,0.0000191,0.0000000,0.0000000
75407,0.0000191,0.0000000,0.0000000
75408,0.0000191,0.0000000,0.0000000
75409,0.0000191,0.0000000,0.0000000
75410,0.0000191,0.0000000,0.0000000
75411,0.0000191,0.0000000,0.0000000
75412,0.0000191,0.0000000,0.0000000
75413,0.0000191,0.0000000,0.0000000
75414,0.0000191,0.0000000,0.0000000
75415,0.0000191,0.0000000,0.0000000
75416,0.0000191,0.0000000,0.0000000
75417,0.0000191,0.0000000,0.0000000
75418,0.0000191,0.0000000,0.0000000
75419,0.0000191,0.0000000,0.0000000
75420,0.0000191,0.0000000,0.0000000
75421,0.0000191,0.0000000,0.0000000
75422,0.0000191,0.0000000,0.0000000
75423,0.0000191,0.0000000,0.0000000
75424,0.0000191,0.0000000,0.0000000
75425,0.0000191,0.0000000,0.0000000
75426,0.0000191,0.0000000,0.0000000
75427,0.0000191,0.0000000,0.0000000
75428,0.0000191,0.0000000,0.0000000
75429,0.0000191,0.0000000,0.0000000
75430,0.0000191,0.0000000,0.0000000
75431,0.0000191,0.0000000,0.0000000
75432,0.0000191,0.0000000,0.0000000
75433,0.0000191,0.0000000,0.0000000
75434,0.0000191,0.0000000,0.0000000
75435,0.0000191,0.0000000,0.0000000
75436,0.0000191,0.0000000,0.0000000
75437,0.0000191,0.0000000,0.0000000
75438,0.0000191,0.0000000,0.0000000
75439,0.0000191,0.0000000,0.0000000
75440,0.0000191,0.0000000,0.0000000
75441,0.0000191,0.0000000,0.0000000
75442,0.0000191,0.0000000,0.0000000
75443,0.0000191,0.0000000,0.0000000
75444,0.0000191,0.0000000,0.0000000
75445,0.0000191,0.0000000,0.0000000
75446,0.0000191,0.0000000,0.0000000
75447,0.0000191,0.0000000,0.0000000
75448,0.0000191,0.0000000,0.0000000
75449,0.0000191,0.0000000,0.0000000
75450,0.0000191,0.0000000,0.0000000
75451,0.0000191,0.0000000,0.0000000
75452,0.0000191,0.0000000,0.0000000
75453,0.0000191,0.0000000,0.0000000
75454,0.0000191,0.0000000,0.0000000
75455,0.0000191,0.0000000,0.0000000
75456,0.0000191,0.0000000,0.0000000
75457,0.0000191,0.0000000,0.0000000
75458,0.0000190,0.0000000,0.0000000
75459,0.0000190,0.0000000,0.0000000
75460,0.0000190,0.0000000,0.0000000
75461,0.0000190,0.0000000,0.0000000
75462,0.0000190,0.0000000,0.0000000
75463,0.0000190,0.0000000,0.0000000
75464,0.0000190,0.0000000,0.0000000
75465,0.0000190,0.0000000,0.0000000
75466,0.0000190,0.0000000,0.0000000
75467,0.0000190,0.0000000,0.0000000
75468,0.0000190,0.0000000,0.0000000
75469,0.0000190,0.0000000,0.0000000
75470,0.0000190,0.0000000,0.0000000
75471,0.0000190,0.0000000,0.0000000
75472,0.0000190,0.0000000,0.0000000
75473,0.0000190,0.0000000,0.0000000
75474,0.0000190,0.0000000,0.0000000
75475,0.0000190,0.0000000,0.0000000
75476,0.0000190,0.0000000,0.0000000
75477,0.0000190,0.0000000,0.0000000
75478,0.0000190,0.0000000,0.0000000
75479,0.0000190,0.0000000,0.0000000
75480,0.0000190,0.0000000,0.0000000
75481,0.0000190,0.0000000,0.0000000
75482,0.0000190,0.0000000,0.0000000
75483,0.0000190,0.0000000,0.0000000
75484,0.0000190,0.0000000,0.0000000
75485,0.0000190,0.0000000,0.0000000
75486,0.0000190,0.0000000,0.0000000
75487,0.0000190,0.0000000,0.0000000
75488,0.0000190,0.0000000,0.0000000
75489,0.0000190,0.0000000,0.0000000
75490,0.0000190,0.0000000,0.0000000
75491,0.0000190,0.0000000,0.0000000
75492,0.0000190,0.0000000,0.0000000
75493,0.0000190,0.0000000,0.0000000
75494,0.0000190,0.0000000,0.0000000
75495,0.0000190,0.0000000,0.0000000
75496,0.0000190,0.0000000,0.0000000
75497,0.0000190,0.0000000,0.0000000
75498,0.0000190,0.0000000,0.0000000
75499,0.0000190,0.0000000,0.0000000
75500,0.0000190,0.0000000,0.0000000
75501,0.0000190,0.0000000,0.0000000
75502,0.0000190,0.0000000,0.0000000
75503,0.0000190,0.0000000,0.0000000
75504,0.0000190,0.0000000,0.0000000
75505,0.0000190,0.0000000,0.0000000
75506,0.0000190,0.0000000,0.0000000
75507,0.0000190,0.0000000,0.0000000
75508,0.0000190,0.0000000,0.0000000
75509,0.0000190,0.0000000,0.0000000
75510,0.0000190,0.0000000,0.0000000
75511,0.0000190,0.0000000,0.0000000
75512,0.0000190,0.0000000,0.0000000
75513,0.0000190,0.0000000,0.0000000
75514,0.0000190,0.0000000,0.0000000
75515,0.0000190,0.0000000,0.0000000
75516,0.0000190,0.0000000,0.0000000
75517,0.0000190,0.0000000,0.0000000
75518,0.0000190,0.0000000,0.0000000
75519,0.0000190,0.0000000,0.0000000
75520,0.0000190,0.0000000,0.0000000
75521,0.0000190,0.0000000,0.0000000
75522,0.0000190,0.0000000,0.0000000
75523,0.0000190,0.0000000,0.0000000
75524,0.0000190,0.0000000,0.0000000
75525,0.0000190,0.0000000,0.0000000
75526,0.0000190,0.0000000,0.0000000
75527,0.0000190,0.0000000,0.0000000
75528,0.0000190,0.0000000,0.0000000
75529,0.0000190,0.0000000,0.0000000
75530,0.0000190,0.0000000,0.0000000
75531,0.0000190,0.0000000,0.0000000
75532,0.0000190,0.0000000,0.0000000
75533,0.0000190,0.0000000,0.0000000
75534,0.0000190,0.0000000,0.0000000
75535,0.0000190,0.0000000,0.0000000
75536,0.0000190,0.0000000,0.0000000
75537,0.0000190,0.0000000,0.0000000
75538,0.0000190,0.0000000,0.0000000
75539,0.0000190,0.0000000,0.0000000
75540,0.0000190,0.0000000,0.0000000
75541,0.0000190,0.0000000,0.0000000
75542,0.0000190,0.0000000,0.0000000
75543,0.0000190,0.0000000,0.0000000
75544,0.0000190,0.0000000,0.0000000
75545,0.0000190,0.0000000,0.0000000
75546,0.0000190,0.0000000,0.0000000
75547,0.0000190,0.0000000,0.0000000
75548,0.0000190,0.0000000,0.0000000
75549,0.0000190,0.0000000,0.0000000
75550,0.0000190,0.0000000,0.0000000
75551,0.0000190,0.0000000,0.0000000
75552,0.0000190,0.0000000,0.0000000
75553,0.0000190,0.0000000,0.0000000
75554,0.0000190,0.0000000,0.0000000
75555,0.0000190,0.0000000,0.0000000
75556,0.0000190,0.0000000,0.0000000
75557,0.0000190,0.0000000,0.0000000
75558,0.0000190,0.0000000,0.0000000
75559,0.0000190,0.0000000,0.0000000
75560,0.0000190,0.0000000,0.0000000
75561,0.0000190,0.0000000,0.0000000
75562,0.0000190,0.0000000,0.0000000
75563,0.0000190,0.0000000,0.0000000
75564,0.0000190,0.0000000,0.0000000
75565,0.0000190,0.0000000,0.0000000
75566,0.0000190,0.0000000,0.0000000
75567,0.0000190,0.0000000,0.0000000
75568,0.0000190,0.0000000,0.0000000
75569,0.0000190,0.0000000,0.0000000
75570,0.0000190,0.0000000,0.0000000
75571,0.0000190,0.0000000,0.0000000
75572,0.0000190,0.0000000,0.0000000
75573,0.0000190,0.0000000,0.0000000
75574,0.0000190,0.0000000,0.0000000
75575,0.0000189,0.0000000,0.0000000
75576,0.0000189,0.0000000,0.0000000
75577,0.0000189,0.0000000,0.0000000
75578,0.0000189,0.0000000,0.0000000
75579,0.0000189,0.0000000,0.0000000
75580,0.0000189,0.0000000,0.0000000
75581,0.0000189,0.0000000,0.0000000
75582,0.0000189,0.0000000,0.0000000
75583,0.0000189,0.0000000,0.0000000
75584,0.0000189,0.0000000,0.0000000
75585,0.0000189,0.0000000,0.0000000
75586,0.0000189,0.0000000,0.0000000
75587,0.0000189,0.0000000,0.0000000
75588,0.0000189,0.0000000,0.0000000
75589,0.0000189,0.0000000,0.0000000
75590,0.0000189,0.0000000,0.0000000
75591,0.0000189,0.0000000,0.0000000
75592,0.0000189,0.0000000,0.0000000
75593,0.0000189,0.0000000,0.0000000
75594,0.0000189,0.0000000,0.0000000
75595,0.0000189,0.0000000,0.0000000
75596,0.0000189,0.0000000,0.0000000
75597,0.0000189,0.0000000,0.0000000
75598,0.0000189,0.0000000,0.0000000
75599,0.0000189,0.0000000,0.0000000
75600,0.0000189,0.0000000,0.0000000
75601,0.0000189,0.0000000,0.0000000
75602,0.0000189,0.0000000,0.0000000
75603,0.0000189,0.0000000,0.0000000
75604,0.0000189,0.0000000,0.0000000
75605,0.0000189,0.0000000,0.0000000
75606,0.0000189,0.0000000,0.0000000
75607,0.0000189,0.0000000,0.0000000
75608,0.0000189,0.0000000,0.0000000
75609,0.0000189,0.0000000,0.0000000
75610,0.0000189,0.0000000,0.0000000
75611,0.0000189,0.0000000,0.0000000
75612,0.0000189,0.0000000,0.0000000
75613,0.0000189,0.0000000,0.0000000
75614,0.0000189,0.0000000,0.0000000
75615,0.0000189,0.0000000,0.0000000
75616,0.0000189,0.0000000,0.0000000
75617,0.0000189,0.0000000,0.0000000
75618,0.0000189,0.0000000,0.0000000
75619,0.0000189,0.0000000,0.0000000
75620,0.0000189,0.0000000,0.0000000
75621,0.0000189,0.0000000,0.0000000
75622,0.0000189,0.0000000,0.0000000
75623,0.0000189,0.0000000,0.0000000
75624,0.0000189,0.0000000,0.0000000
75625,0.0000189,0.0000000,0.0000000
75626,0.0000189,0.0000000,0.0000000
75627,0.0000189,0.0000000,0.0000000
75628,0.0000189,0.0000000,0.0000000
75629,0.0000189,0.0000000,0.0000000
75630,0.0000189,0.0000000,0.0000000
75631,0.0000189,0.0000000,0.0000000
75632,0.0000189,0.0000000,0.0000000
75633,0.0000189,0.0000000,0.0000000
75634,0.0000189,0.0000000,0.0000000
75635,0.0000189,0.0000000,0.0000000
75636,0.0000189,0.0000000,0.0000000
75637,0.0000189,0.0000000,0.0000000
75638,0.0000189,0.0000000,0.0000000
75639,0.0000189,0.0000000,0.0000000
75640,0.0000189,0.0000000,0.0000000
75641,0.0000189,0.0000000,0.0000000
75642,0.0000189,0.0000000,0.0000000
75643,0.0000189,0.0000000,0.0000000
75644,0.0000189,0.0000000,0.0000000
75645,0.0000189,0.0000000,0.0000000
75646,0.0000189,0.0000000,0.0000000
75647,0.0000189,0.0000000,0.0000000
75648,0.0000189,0.0000000,0.0000000
75649,0.0000189,0.0000000,0.0000000
75650,0.0000189,0.0000000,0.0000000
75651,0.0000189,0.0000000,0.0000000
75652,0.0000189,0.0000000,0.0000000
75653,0.0000189,0.0000000,0.0000000
75654,0.0000189,0.0000000,0.0000000
75655,0.0000189,0.0000000,0.0000000
75656,0.0000189,0.0000000,0.0000000
75657,0.0000189,0.0000000,0.0000000
75658,0.0000189,0.0000000,0.0000000
75659,0.0000189,0.0000000,0.0000000
75660,0.0000189,0.0000000,0.0000000
75661,0.0000189,0.0000000,0.0000000
75662,0.0000189,0.0000000,0.0000000
75663,0.0000189,0.0000000,0.0000000
75664,0.0000189,0.0000000,0.0000000
75665,0.0000189,0.0000000,0.0000000
75666,0.0000189,0.0000000,0.0000000
75667,0.0000189,0.0000000,0.0000000
75668,0.0000189,0.0000000,0.0000000
75669,0.0000189,0.0000000,0.0000000
75670,0.0000189,0.0000000,0.0000000
75671,0.0000189,0.0000000,0.0000000
75672,0.0000189,0.0000000,0.0000000
75673,0.0000189,0.0000000,0.0000000
75674,0.0000189,0.0000000,0.0000000
75675,0.0000189,0.0000000,0.0000000
75676,0.0000189,0.0000000,0.0000000
75677,0.0000189,0.0000000,0.0000000
75678,0.0000189,0.0000000,0.0000000
75679,0.0000189,0.0000000,0.0000000
75680,0.0000189,0.0000000,0.0000000
75681,0.0000189,0.0000000,0.0000000
75682,0.0000189,0.0000000,0.0000000
75683,0.0000189,0.0000000,0.0000000
75684,0.0000189,0.0000000,0.0000000
75685,0.0000189,0.0000000,0.0000000
75686,0.0000189,0.0000000,0.0000000
75687,0.0000189,0.0000000,0.0000000
75688,0.0000189,0.0000000,0.0000000
75689,0.0000189,0.0000000,0.0000000
75690,0.0000189,0.0000000,0.0000000
75691,0.0000189,0.0000000,0.0000000
75692,0.0000189,0.0000000,0.0000000
75693,0.0000189,0.0000000,0.0000000
75694,0.0000188,0.0000000,0.0000000
75695,0.0000188,0.0000000,0.0000000
75696,0.0000188,0.0000000,0.0000000
75697,0.0000188,0.0000000,0.0000000
75698,0.0000188,0.0000000,0.0000000
75699,0.0000188,0.0000000,0.0000000
75700,0.0000188,0.0000000,0.0000000
75701,0.0000188,0.0000000,0.0000000
75702,0.0000188,0.0000000,0.0000000
75703,0.0000188,0.0000000,0.0000000
75704,0.0000188,0.0000000,0.0000000
75705,0.0000188,0.0000000,0.0000000
75706,0.0000188,0.0000000,0.0000000
75707,0.0000188,0.0000000,0.0000000
75708,0.0000188,0.0000000,0.0000000
75709,0.0000188,0.0000000,0.0000000
75710,0.0000188,0.0000000,0.0000000
75711,0.0000188,0.0000000,0.0000000
75712,0.0000188,0.0000000,0.0000000
75713,0.0000188,0.0000000,0.0000000
75714,0.0000188,0.0000000,0.0000000
75715,0.0000188,0.0000000,0.0000000
75716,0.0000188,0.0000000,0.0000000
75717,0.0000188,0.0000000,0.0000000
75718,0.0000188,0.0000000,0.0000000
75719,0.0000188,0.0000000,0.0000000
75720,0.0000188,0.0000000,0.0000000
75721,0.0000188,0.0000000,0.0000000
75722,0.0000188,0.0000000,0.0000000
75723,0.0000188,0.0000000,0.0000000
75724,0.0000188,0.0000000,0.0000000
75725,0.0000188,0.0000000,0.0000000
75726,0.0000188,0.0000000,0.0000000
75727,0.0000188,0.0000000,0.0000000
75728,0.0000188,0.0000000,0.0000000
75729,0.0000188,0.0000000,0.0000000
75730,0.0000188,0.0000000,0.0000000
75731,0.0000188,0.0000000,0.0000000
75732,0.0000188,0.0000000,0.0000000
75733,0.0000188,0.0000000,0.0000000
75734,0.0000188,0.0000000,0.0000000
75735,0.0000188,0.0000000,0.0000000
75736,0.0000188,0.0000000,0.0000000
75737,0.0000188,0.0000000,0.0000000
75738,0.0000188,0.0000000,0.0000000
75739,0.0000188,0.0000000,0.0000000
75740,0.0000188,0.0000000,0.0000000
75741,0.0000188,0.0000000,0.0000000
75742,0.0000188,0.0000000,0.0000000
75743,0.0000188,0.0000000,0.0000000
75744,0.0000188,0.0000000,0.0000000
75745,0.0000188,0.0000000,0.0000000
75746,0.0000188,0.0000000,0.0000000
75747,0.0000188,0.0000000,0.0000000
75748,0.0000188,0.0000000,0.0000000
75749,0.0000188,0.0000000,0.0000000
75750,0.0000188,0.0000000,0.0000000
75751,0.0000188,0.0000000,0.0000000
75752,0.0000188,0.0000000,0.0000000
75753,0.0000188,0.0000000,0.0000000
75754,0.0000188,0.0000000,0.0000000
75755,0.0000188,0.0000000,0.0000000
75756,0.0000188,0.0000000,0.0000000
75757,0.0000188,0.0000000,0.0000000
75758,0.0000188,0.0000000,0.0000000
75759,0.0000188,0.0000000,0.0000000
75760,0.0000188,0.0000000,0.0000000
75761,0.0000188,0.0000000,0.0000000
75762,0.0000188,0.0000000,0.0000000
75763,0.0000188,0.0000000,0.0000000
75764,0.0000188,0.0000000,0.0000000
75765,0.0000188,0.0000000,0.0000000
75766,0.0000188,0.0000000,0.0000000
75767,0.0000188,0.0000000,0.0000000
75768,0.0000188,0.0000000,0.0000000
75769,0.0000188,0.0000000,0.0000000
75770,0.0000188,0.0000000,0.0000000
75771,0.0000188,0.0000000,0.0000000
75772,0.0000188,0.0000000,0.0000000
75773,0.0000188,0.0000000,0.0000000
75774,0.0000188,0.0000000,0.0000000
75775,0.0000188,0.0000000,0.0000000
75776,0.0000188,0.0000000,0.0000000
75777,0.0000188,0.0000000,0.0000000
75778,0.0000188,0.0000000,0.0000000
75779,0.0000188,0.0000000,0.0000000
75780,0.0000188,0.0000000,0.0000000
75781,0.0000188,0.0000000,0.0000000
75782,0.0000188,0.0000000,0.0000000
75783,0.0000188,0.0000000,0.0000000
75784,0.0000188,0.0000000,0.0000000
75785,0.0000188,0.0000000,0.0000000
75786,0.0000188,0.0000000,0.0000000
75787,0.0000188,0.0000000,0.0000000
75788,0.0000188,0.0000000,0.0000000
75789,0.0000188,0.0000000,0.0000000
75790,0.0000188,0.0000000,0.0000000
75791,0.0000188,0.0000000,0.0000000
75792,0.0000188,0.0000000,0.0000000
75793,0.0000188,0.0000000,0.0000000
75794,0.0000188,0.0000000,0.0000000
75795,0.0000188,0.0000000,0.0000000
75796,0.0000188,0.0000000,0.0000000
75797,0.0000188,0.0000000,0.0000000
75798,0.0000188,0.0000000,0.0000000
75799,0.0000188,0.0000000,0.0000000
75800,0.0000188,0.0000000,0.0000000
75801,0.0000188,0.0000000,0.0000000
75802,0.0000188,0.0000000,0.0000000
75803,0.0000188,0.0000000,0.0000000
75804,0.0000188,0.0000000,0.0000000
75805,0.0000188,0.0000000,0.0000000
75806,0.0000188,0.0000000,0.0000000
75807,0.0000188,0.0000000,0.0000000
75808,0.0000188,0.0000000,0.0000000
75809,0.0000188,0.0000000,0.0000000
75810,0.0000188,0.0000000,0.0000000
75811,0.0000188,0.0000000,0.0000000
75812,0.0000188,0.0000000,0.0000000
75813,0.0000187,0.0000000,0.0000000
75814,0.0000187,0.0000000,0.0000000
75815,0.0000187,0.0000000,0.0000000
75816,0.0000187,0.0000000,0.0000000
75817,0.0000187,0.0000000,0.0000000
75818,0.0000187,0.0000000,0.0000000
75819,0.0000187,0.0000000,0.0000000
75820,0.0000187,0.0000000,0.0000000
75821,0.0000187,0.0000000,0.0000000
75822,0.0000187,0.0000000,0.0000000
75823,0.0000187,0.0000000,0.0000000
75824,0.0000187,0.0000000,0.0000000
75825,0.0000187,0.0000000,0.0000000
75826,0.0000187,0.0000000,0.0000000
75827,0.0000187,0.0000000,0.0000000
75828,0.0000187,0.0000000,0.0000000
75829,0.0000187,0.0000000,0.0000000
75830,0.0000187,0.0000000,0.0000000
75831,0.0000187,0.0000000,0.0000000
75832,0.0000187,0.0000000,0.0000000
75833,0.0000187,0.0000000,0.0000000
75834,0.0000187,0.0000000,0.0000000
75835,0.0000187,0.0000000,0.0000000
75836,0.0000187,0.0000000,0.0000000
75837,0.0000187,0.0000000,0.0000000
75838,0.0000187,0.0000000,0.0000000
75839,0.0000187,0.0000000,0.0000000
75840,0.0000187,0.0000000,0.0000000
75841,0.0000187,0.0000000,0.0000000
75842,0.0000187,0.0000000,0.0000000
75843,0.0000187,0.0000000,0.0000000
75844,0.0000187,0.0000000,0.0000000
75845,0.0000187,0.0000000,0.0000000
75846,0.0000187,0.0000000,0.0000000
75847,0.0000187,0.0000000,0.0000000
75848,0.0000187,0.0000000,0.0000000
75849,0.0000187,0.0000000,0.0000000
75850,0.0000187,0.0000000,0.0000000
75851,0.0000187,0.0000000,0.0000000
75852,0.0000187,0.0000000,0.0000000
75853,0.0000187,0.0000000,0.0000000
75854,0.0000187,0.0000000,0.0000000
75855,0.0000187,0.0000000,0.0000000
75856,0.0000187,0.0000000,0.0000000
75857,0.0000187,0.0000000,0.0000000
75858,0.0000187,0.0000000,0.0000000
75859,0.0000187,0.0000000,0.0000000
75860,0.0000187,0.0000000,0.0000000
75861,0.0000187,0.0000000,0.0000000
75862,0.0000187,0.0000000,0.0000000
75863,0.0000187,0.0000000,0.0000000
75864,0.0000187,0.0000000,0.0000000
75865,0.0000187,0.0000000,0.0000000
75866,0.0000187,0.0000000,0.0000000
75867,0.0000187,0.0000000,0.0000000
75868,0.0000187,0.0000000,0.0000000
75869,0.0000187,0.0000000,0.0000000
75870,0.0000187,0.0000000,0.0000000
75871,0.0000187,0.0000000,0.0000000
75872,0.0000187,0.0000000,0.0000000
75873,0.0000187,0.0000000,0.0000000
75874,0.0000187,0.0000000,0.0000000
75875,0.0000187,0.0000000,0.0000000
75876,0.0000187,0.0000000,0.0000000
75877,0.0000187,0.0000000,0.0000000
75878,0.0000187,0.0000000,0.0000000
75879,0.0000187,0.0000000,0.0000000
75880,0.0000187,0.0000000,0.0000000
75881,0.0000187,0.0000000,0.0000000
75882,0.0000187,0.0000000,0.0000000
75883,0.0000187,0.0000000,0.0000000
75884,0.0000187,0.0000000,0.0000000
75885,0.0000187,0.0000000,0.0000000
75886,0.0000187,0.0000000,0.0000000
75887,0.0000187,0.0000000,0.0000000
75888,0.0000187,0.0000000,0.0000000
75889,0.0000187,0.0000000,0.0000000
75890,0.0000187,0.0000000,0.0000000
75891,0.0000187,0.0000000,0.0000000
75892,0.0000187,0.0000000,0.0000000
75893,0.0000187,0.0000000,0.0000000
75894,0.0000187,0.0000000,0.0000000
75895,0.0000187,0.0000000,0.0000000
75896,0.0000187,0.0000000,0.0000000
75897,0.0000187,0.0000000,0.0000000
75898,0.0000187,0.0000000,0.0000000
75899,0.0000187,0.0000000,0.0000000
75900,0.0000187,0.0000000,0.0000000
75901,0.0000187,0.0000000,0.0000000
75902,0.0000187,0.0000000,0.0000000
75903,0.0000187,0.0000000,0.0000000
75904,0.0000187,0.0000000,0.0000000
75905,0.0000187,0.0000000,0.0000000
75906,0.0000187,0.0000000,0.0000000
75907,0.0000187,0.0000000,0.0000000
75908,0.0000187,0.0000000,0.0000000
75909,0.0000187,0.0000000,0.0000000
75910,0.0000187,0.0000000,0.0000000
75911,0.0000187,0.0000000,0.0000000
75912,0.0000187,0.0000000,0.0000000
75913,0.0000187,0.0000000,0.0000000
75914,0.0000187,0.0000000,0.0000000
75915,0.0000187,0.0000000,0.0000000
75916,0.0000187,0.0000000,0.0000000
75917,0.0000187,0.0000000,0.0000000
75918,0.0000187,0.0000000,0.0000000
75919,0.0000187,0.0000000,0.0000000
75920,0.0000187,0.0000000,0.0000000
75921,0.0000187,0.0000000,0.0000000
75922,0.0000187,0.0000000,0.0000000
75923,0.0000187,0.0000000,0.0000000
75924,0.0000187,0.0000000,0.0000000
75925,0.0000187,0.0000000,0.0000000
75926,0.0000187,0.0000000,0.0000000
75927,0.0000187,0.0000000,0.0000000
75928,0.0000187,0.0000000,0.0000000
75929,0.0000187,0.0000000,0.0000000
75930,0.0000187,0.0000000,0.0000000
75931,0.0000187,0.0000000,0.0000000
75932,0.0000186,0.0000000,0.0000000
75933,0.0000186,0.0000000,0.0000000
75934,0.0000186,0.0000000,0.0000000
75935,0.0000186,0.0000000,0.0000000
75936,0.0000186,0.0000000,0.0000000
75937,0.0000186,0.0000000,0.0000000
75938,0.0000186,0.0000000,0.0000000
75939,0.0000186,0.0000000,0.0000000
75940,0.0000186,0.0000000,0.0000000
75941,0.0000186,0.0000000,0.0000000
75942,0.0000186,0.0000000,0.0000000
75943,0.0000186,0.0000000,0.0000000
75944,0.0000186,0.0000000,0.0000000
75945,0.0000186,0.0000000,0.0000000
75946,0.0000186,0.0000000,0.0000000
75947,0.0000186,0.0000000,0.0000000
75948,0.0000186,0.0000000,0.0000000
75949,0.0000186,0.0000000,0.0000000
75950,0.0000186,0.0000000,0.0000000
75951,0.0000186,0.0000000,0.0000000
75952,0.0000186,0.0000000,0.0000000
75953,0.0000186,0.0000000,0.0000000
75954,0.0000186,0.0000000,0.0000000
75955,0.0000186,0.0000000,0.0000000
75956,0.0000186,0.0000000,0.0000000
75957,0.0000186,0.0000000,0.0000000
75958,0.0000186,0.0000000,0.0000000
75959,0.0000186,0.0000000,0.0000000
75960,0.0000186,0.0000000,0.0000000
75961,0.0000186,0.0000000,0.0000000
75962,0.0000186,0.0000000,0.0000000
75963,0.0000186,0.0000000,0.0000000
75964,0.0000186,0.0000000,0.0000000
75965,0.0000186,0.0000000,0.0000000
75966,0.0000186,0.0000000,0.0000000
75967,0.0000186,0.0000000,0.0000000
75968,0.0000186,0.0000000,0.0000000
75969,0.0000186,0.0000000,0.0000000
75970,0.0000186,0.0000000,0.0000000
75971,0.0000186,0.0000000,0.0000000
75972,0.0000186,0.0000000,0.0000000
75973,0.0000186,0.0000000,0.0000000
75974,0.0000186,0.0000000,0.0000000
75975,0.0000186,0.0000000,0.0000000
75976,0.0000186,0.0000000,0.0000000
75977,0.0000186,0.0000000,0.0000000
75978,0.0000186,0.0000000,0.0000000
75979,0.0000186,0.0000000,0.0000000
75980,0.0000186,0.0000000,0.0000000
75981,0.0000186,0.0000000,0.0000000
75982,0.0000186,0.0000000,0.0000000
75983,0.0000186,0.0000000,0.0000000
75984,0.0000186,0.0000000,0.0000000
75985,0.0000186,0.0000000,0.0000000
75986,0.0000186,0.0000000,0.0000000
75987,0.0000186,0.0000000,0.0000000
75988,0.0000186,0.0000000,0.0000000
75989,0.0000186,0.0000000,0.0000000
75990,0.0000186,0.0000000,0.0000000
75991,0.0000186,0.0000000,0.0000000
75992,0.0000186,0.0000000,0.0000000
75993,0.0000186,0.0000000,0.0000000
75994,0.0000186,0.0000000,0.0000000
75995,0.0000186,0.0000000,0.0000000
75996,0.0000186,0.0000000,0.0000000
75997,0.0000186,0.0000000,0.0000000
75998,0.0000186,0.0000000,0.0000000
75999,0.0000186,0.0000000,0.0000000
76000,0.0000186,0.0000000,0.0000000
76001,0.0000186,0.0000000,0.0000000
76002,0.0000186,0.0000000,0.0000000
76003,0.0000186,0.0000000,0.0000000
76004,0.0000186,0.0000000,0.0000000
76005,0.0000186,0.0000000,0.0000000
76006,0.0000186,0.0000000,0.0000000
76007,0.0000186,0.0000000,0.0000000
76008,0.0000186,0.0000000,0.0000000
76009,0.0000186,0.0000000,0.0000000
76010,0.0000186,0.0000000,0.0000000
76011,0.0000186,0.0000000,0.0000000
76012,0.0000186,0.0000000,0.0000000
76013,0.0000186,0.0000000,0.0000000
76014,0.0000186,0.0000000,0.0000000
76015,0.0000186,0.0000000,0.0000000
76016,0.0000186,0.0000000,0.0000000
76017,0.0000186,0.0000000,0.0000000
76018,0.0000186,0.0000000,0.0000000
76019,0.0000186,0.0000000,0.0000000
76020,0.0000186,0.0000000,0.0000000
76021,0.0000186,0.0000000,0.0000000
76022,0.0000186,0.0000000,0.0000000
76023,0.0000186,0.0000000,0.0000000
76024,0.0000186,0.0000000,0.0000000
76025,0.0000186,0.0000000,0.0000000
76026,0.0000186,0.0000000,0.0000000
76027,0.0000186,0.0000000,0.0000000
76028,0.0000186,0.0000000,0.0000000
76029,0.0000186,0.0000000,0.0000000
76030,0.0000186,0.0000000,0.0000000
76031,0.0000186,0.0000000,0.0000000
76032,0.0000186,0.0000000,0.0000000
76033,0.0000186,0.0000000,0.0000000
76034,0.0000186,0.0000000,0.0000000
76035,0.0000186,0.0000000,0.0000000
76036,0.0000186,0.0000000,0.0000000
76037,0.0000186,0.0000000,0.0000000
76038,0.0000186,0.0000000,0.0000000
76039,0.0000186,0.0000000,0.0000000
76040,0.0000186,0.0000000,0.0000000
76041,0.0000186,0.0000000,0.0000000
76042,0.0000186,0.0000000,0.0000000
76043,0.0000186,0.0000000,0.0000000
76044,0.0000186,0.0000000,0.0000000
76045,0.0000186,0.0000000,0.0000000
76046,0.0000186,0.0000000,0.0000000
76047,0.0000186,0.0000000,0.0000000
76048,0.0000186,0.0000000,0.0000000
76049,0.0000186,0.0000000,0.0000000
76050,0.0000186,0.0000000,0.0000000
76051,0.0000186,0.0000000,0.0000000
76052,0.0000186,0.0000000,0.0000000
76053,0.0000185,0.0000000,0.0000000
76054,0.0000185,0.0000000,0.0000000
76055,0.0000185,0.0000000,0.0000000
76056,0.0000185,0.0000000,0.0000000
76057,0.0000185,0.0000000,0.0000000
76058,0.0000185,0.0000000,0.0000000
76059,0.0000185,0.0000000,0.0000000
76060,0.0000185,0.0000000,0.0000000
76061,0.0000185,0.0000000,0.0000000
76062,0.0000185,0.0000000,0.0000000
76063,0.0000185,0.0000000,0.0000000
76064,0.0000185,0.0000000,0.0000000
76065,0.0000185,0.0000000,0.0000000
76066,0.0000185,0.0000000,0.0000000
76067,0.0000185,0.0000000,0.0000000
76068,0.0000185,0.0000000,0.0000000
76069,0.0000185,0.0000000,0.0000000
76070,0.0000185,0.0000000,0.0000000
76071,0.0000185,0.0000000,0.0000000
76072,0.0000185,0.0000000,0.0000000
76073,0.0000185,0.0000000,0.0000000
76074,0.0000185,0.0000000,0.0000000
76075,0.0000185,0.0000000,0.0000000
76076,0.0000185,0.0000000,0.0000000
76077,0.0000185,0.0000000,0.0000000
76078,0.0000185,0.0000000,0.0000000
76079,0.0000185,0.0000000,0.0000000
76080,0.0000185,0.0000000,0.0000000
76081,0.0000185,0.0000000,0.0000000
76082,0.0000185,0.0000000,0.0000000
76083,0.0000185,0.0000000,0.0000000
76084,0.0000185,0.0000000,0.0000000
76085,0.0000185,0.0000000,0.0000000
76086,0.0000185,0.0000000,0.0000000
76087,0.0000185,0.0000000,0.0000000
76088,0.0000185,0.0000000,0.0000000
76089,0.0000185,0.0000000,0.0000000
76090,0.0000185,0.0000000,0.0000000
76091,0.0000185,0.0000000,0.0000000
76092,0.0000185,0.0000000,0.0000000
76093,0.0000185,0.0000000,0.0000000
76094,0.0000185,0.0000000,0.0000000
76095,0.0000185,0.0000000,0.0000000
76096,0.0000185,0.0000000,0.0000000
76097,0.0000185,0.0000000,0.0000000
76098,0.0000185,0.0000000,0.0000000
76099,0.0000185,0.0000000,0.0000000
76100,0.0000185,0.0000000,0.0000000
76101,0.0000185,0.0000000,0.0000000
76102,0.0000185,0.0000000,0.0000000
76103,0.0000185,0.0000000,0.0000000
76104,0.0000185,0.0000000,0.0000000
76105,0.0000185,0.0000000,0.0000000
76106,0.0000185,0.0000000,0.0000000
76107,0.0000185,0.0000000,0.0000000
76108,0.0000185,0.0000000,0.0000000
76109,0.0000185,0.0000000,0.0000000
76110,0.0000185,0.0000000,0.0000000
76111,0.0000185,0.0000000,0.0000000
76112,0.0000185,0.0000000,0.0000000
76113,0.0000185,0.0000000,0.0000000
76114,0.0000185,0.0000000,0.0000000
76115,0.0000185,0.0000000,0.0000000
76116,0.0000185,0.0000000,0.0000000
76117,0.0000185,0.0000000,0.0000000
76118,0.0000185,0.0000000,0.0000000
76119,0.0000185,0.0000000,0.0000000
76120,0.0000185,0.0000000,0.0000000
76121,0.0000185,0.0000000,0.0000000
76122,0.0000185,0.0000000,0.0000000
76123,0.0000185,0.0000000,0.0000000
76124,0.0000185,0.0000000,0.0000000
76125,0.0000185,0.0000000,0.0000000
76126,0.0000185,0.0000000,0.0000000
76127,0.0000185,0.0000000,0.0000000
76128,0.0000185,0.0000000,0.0000000
76129,0.0000185,0.0000000,0.0000000
76130,0.0000185,0.0000000,0.0000000
76131,0.0000185,0.0000000,0.0000000
76132,0.0000185,0.0000000,0.0000000
76133,0.0000185,0.0000000,0.0000000
76134,0.0000185,0.0000000,0.0000000
76135,0.0000185,0.0000000,0.0000000
76136,0.0000185,0.0000000,0.0000000
76137,0.0000185,0.0000000,0.0000000
76138,0.0000185,0.0000000,0.0000000
76139,0.0000185,0.0000000,0.0000000
76140,0.0000185,0.0000000,0.0000000
76141,0.0000185,0.0000000,0.0000000
76142,0.0000185,0.0000000,0.0000000
76143,0.0000185,0.0000000,0.0000000
76144,0.0000185,0.0000000,0.0000000
76145,0.0000185,0.0000000,0.0000000
76146,0.0000185,0.0000000,0.0000000
76147,0.0000185,0.0000000,0.0000000
76148,0.0000185,0.0000000,0.0000000
76149,0.0000185,0.0000000,0.0000000
76150,0.0000185,0.0000000,0.0000000
76151,0.0000185,0.0000000,0.0000000
76152,0.0000185,0.0000000,0.0000000
76153,0.0000185,0.0000000,0.0000000
76154,0.0000185,0.0000000,0.0000000
76155,0.0000185,0.0000000,0.0000000
76156,0.0000185,0.0000000,0.0000000
76157,0.0000185,0.0000000,0.0000000
76158,0.0000185,0.0000000,0.0000000
76159,0.0000185,0.0000000,0.0000000
76160,0.0000185,0.0000000,0.0000000
76161,0.0000185,0.0000000,0.0000000
76162,0.0000185,0.0000000,0.0000000
76163,0.0000185,0.0000000,0.0000000
76164,0.0000185,0.0000000,0.0000000
76165,0.0000185,0.0000000,0.0000000
76166,0.0000185,0.0000000,0.0000000
76167,0.0000185,0.0000000,0.0000000
76168,0.0000185,0.0000000,0.0000000
76169,0.0000185,0.0000000,0.0000000
76170,0.0000185,0.0000000,0.0000000
76171,0.0000185,0.0000000,0.0000000
76172,0.0000185,0.0000000,0.0000000
76173,0.0000185,0.0000000,0.0000000
76174,0.0000184,0.0000000,0.0000000
76175,0.0000184,0.0000000,0.0000000
76176,0.0000184,0.0000000,0.0000000
76177,0.0000184,0.0000000,0.0000000
76178,0.0000184,0.0000000,0.0000000
76179,0.0000184,0.0000000,0.0000000
76180,0.0000184,0.0000000,0.0000000
76181,0.0000184,0.0000000,0.0000000
76182,0.0000184,0.0000000,0.0000000
76183,0.0000184,0.0000000,0.0000000
76184,0.0000184,0.0000000,0.0000000
76185,0.0000184,0.0000000,0.0000000
76186,0.0000184,0.0000000,0.0000000
76187,0.0000184,0.0000000,0.0000000
76188,0.0000184,0.0000000,0.0000000
76189,0.0000184,0.0000000,0.0000000
76190,0.0000184,0.0000000,0.0000000
76191,0.0000184,0.0000000,0.0000000
76192,0.0000184,0.0000000,0.0000000
76193,0.0000184,0.0000000,0.0000000
76194,0.0000184,0.0000000,0.0000000
76195,0.0000184,0.0000000,0.0000000
76196,0.0000184,0.0000000,0.0000000
76197,0.0000184,0.0000000,0.0000000
76198,0.0000184,0.0000000,0.0000000
76199,0.0000184,0.0000000,0.0000000
76200,0.0000184,0.0000000,0.0000000
76201,0.0000184,0.0000000,0.0000000
76202,0.0000184,0.0000000,0.0000000
76203,0.0000184,0.0000000,0.0000000
76204,0.0000184,0.0000000,0.0000000
76205,0.0000184,0.0000000,0.0000000
76206,0.0000184,0.0000000,0.0000000
76207,0.0000184,0.0000000,0.0000000
76208,0.0000184,0.0000000,0.0000000
76209,0.0000184,0.0000000,0.0000000
76210,0.0000184,0.0000000,0.0000000
76211,0.0000184,0.0000000,0.0000000
76212,0.0000184,0.0000000,0.0000000
76213,0.0000184,0.0000000,0.0000000
76214,0.0000184,0.0000000,0.0000000
76215,0.0000184,0.0000000,0.0000000
76216,0.0000184,0.0000000,0.0000000
76217,0.0000184,0.0000000,0.0000000
76218,0.0000184,0.0000000,0.0000000
76219,0.0000184,0.0000000,0.0000000
76220,0.0000184,0.0000000,0.0000000
76221,0.0000184,0.0000000,0.0000000
76222,0.0000184,0.0000000,0.0000000
76223,0.0000184,0.0000000,0.0000000
76224,0.0000184,0.0000000,0.0000000
76225,0.0000184,0.0000000,0.0000000
76226,0.0000184,0.0000000,0.0000000
76227,0.0000184,0.0000000,0.0000000
76228,0.0000184,0.0000000,0.0000000
76229,0.0000184,0.0000000,0.0000000
76230,0.0000184,0.0000000,0.0000000
76231,0.0000184,0.0000000,0.0000000
76232,0.0000184,0.0000000,0.0000000
76233,0.0000184,0.0000000,0.0000000
76234,0.0000184,0.0000000,0.0000000
76235,0.0000184,0.0000000,0.0000000
76236,0.0000184,0.0000000,0.0000000
76237,0.0000184,0.0000000,0.0000000
76238,0.0000184,0.0000000,0.0000000
76239,0.0000184,0.0000000,0.0000000
76240,0.0000184,0.0000000,0.0000000
76241,0.0000184,0.0000000,0.0000000
76242,0.0000184,0.0000000,0.0000000
76243,0.0000184,0.0000000,0.0000000
76244,0.0000184,0.0000000,0.0000000
76245,0.0000184,0.0000000,0.0000000
76246,0.0000184,0.0000000,0.0000000
76247,0.0000184,0.0000000,0.0000000
76248,0.0000184,0.0000000,0.0000000
76249,0.0000184,0.0000000,0.0000000
76250,0.0000184,0.0000000,0.0000000
76251,0.0000184,0.0000000,0.0000000
76252,0.0000184,0.0000000,0.0000000
76253,0.0000184,0.0000000,0.0000000
76254,0.0000184,0.0000000,0.0000000
76255,0.0000184,0.0000000,0.0000000
76256,0.0000184,0.0000000,0.0000000
76257,0.0000184,0.0000000,0.0000000
76258,0.0000184,0.0000000,0.0000000
76259,0.0000184,0.0000000,0.0000000
76260,0.0000184,0.0000000,0.0000000
76261,0.0000184,0.0000000,0.0000000
76262,0.0000184,0.0000000,0.0000000
76263,0.0000184,0.0000000,0.0000000
76264,0.0000184,0.0000000,0.0000000
76265,0.0000184,0.0000000,0.0000000
76266,0.0000184,0.0000000,0.0000000
76267,0.0000184,0.0000000,0.0000000
76268,0.0000184,0.0000000,0.0000000
76269,0.0000184,0.0000000,0.0000000
76270,0.0000184,0.0000000,0.0000000
76271,0.0000184,0.0000000,0.0000000
76272,0.0000184,0.0000000,0.0000000
76273,0.0000184,0.0000000,0.0000000
76274,0.0000184,0.0000000,0.0000000
76275,0.0000184,0.0000000,0.0000000
76276,0.0000184,0.0000000,0.0000000
76277,0.0000184,0.0000000,0.0000000
76278,0.0000184,0.0000000,0.0000000
76279,0.0000184,0.0000000,0.0000000
76280,0.0000184,0.0000000,0.0000000
76281,0.0000184,0.0000000,0.0000000
76282,0.0000184,0.0000000,0.0000000
76283,0.0000184,0.0000000,0.0000000
76284,0.0000184,0.0000000,0.0000000
76285,0.0000184,0.0000000,0.0000000
76286,0.0000184,0.0000000,0.0000000
76287,0.0000184,0.0000000,0.0000000
76288,0.0000184,0.0000000,0.0000000
76289,0.0000184,0.0000000,0.0000000
76290,0.0000184,0.0000000,0.0000000
76291,0.0000184,0.0000000,0.0000000
76292,0.0000184,0.0000000,0.0000000
76293,0.0000184,0.0000000,0.0000000
76294,0.0000184,0.0000000,0.0000000
76295,0.0000183,0.0000000,0.0000000
76296,0.0000183,0.0000000,0.0000000
76297,0.0000183,0.0000000,0.0000000
76298,0.0000183,0.0000000,0.0000000
76299,0.0000183,0.0000000,0.0000000
76300,0.0000183,0.0000000,0.0000000
76301,0.0000183,0.0000000,0.0000000
76302,0.0000183,0.0000000,0.0000000
76303,0.0000183,0.0000000,0.0000000
76304,0.0000183,0.0000000,0.0000000
76305,0.0000183,0.0000000,0.0000000
76306,0.0000183,0.0000000,0.0000000
76307,0.0000183,0.0000000,0.0000000
76308,0.0000183,0.0000000,0.0000000
76309,0.0000183,0.0000000,0.0000000
76310,0.0000183,0.0000000,0.0000000
76311,0.0000183,0.0000000,0.0000000
76312,0.0000183,0.0000000,0.0000000
76313,0.0000183,0.0000000,0.0000000
76314,0.0000183,0.0000000,0.0000000
76315,0.0000183,0.0000000,0.0000000
76316,0.0000183,0.0000000,0.0000000
76317,0.0000183,0.0000000,0.0000000
76318,0.0000183,0.0000000,0.0000000
76319,0.0000183,0.0000000,0.0000000
76320,0.0000183,0.0000000,0.0000000
76321,0.0000183,0.0000000,0.0000000
76322,0.0000183,0.0000000,0.0000000
76323,0.0000183,0.0000000,0.0000000
76324,0.0000183,0.0000000,0.0000000
76325,0.0000183,0.0000000,0.0000000
76326,0.0000183,0.0000000,0.0000000
76327,0.0000183,0.0000000,0.0000000
76328,0.0000183,0.0000000,0.0000000
76329,0.0000183,0.0000000,0.0000000
76330,0.0000183,0.0000000,0.0000000
76331,0.0000183,0.0000000,0.0000000
76332,0.0000183,0.0000000,0.0000000
76333,0.0000183,0.0000000,0.0000000
76334,0.0000183,0.0000000,0.0000000
76335,0.0000183,0.0000000,0.0000000
76336,0.0000183,0.0000000,0.0000000
76337,0.0000183,0.0000000,0.0000000
76338,0.0000183,0.0000000,0.0000000
76339,0.0000183,0.0000000,0.0000000
76340,0.0000183,0.0000000,0.0000000
76341,0.0000183,0.0000000,0.0000000
76342,0.0000183,0.0000000,0.0000000
76343,0.0000183,0.0000000,0.0000000
76344,0.0000183,0.0000000,0.0000000
76345,0.0000183,0.0000000,0.0000000
76346,0.0000183,0.0000000,0.0000000
76347,0.0000183,0.0000000,0.0000000
76348,0.0000183,0.0000000,0.0000000
76349,0.0000183,0.0000000,0.0000000
76350,0.0000183,0.0000000,0.0000000
76351,0.0000183,0.0000000,0.0000000
76352,0.0000183,0.0000000,0.0000000
76353,0.0000183,0.0000000,0.0000000
76354,0.0000183,0.0000000,0.0000000
76355,0.0000183,0.0000000,0.0000000
76356,0.0000183,0.0000000,0.0000000
76357,0.0000183,0.0000000,0.0000000
76358,0.0000183,0.0000000,0.0000000
76359,0.0000183,0.0000000,0.0000000
76360,0.0000183,0.0000000,0.0000000
76361,0.0000183,0.0000000,0.0000000
76362,0.0000183,0.0000000,0.0000000
76363,0.0000183,0.0000000,0.0000000
76364,0.0000183,0.0000000,0.0000000
76365,0.0000183,0.0000000,0.0000000
76366,0.0000183,0.0000000,0.0000000
76367,0.0000183,0.0000000,0.0000000
76368,0.0000183,0.0000000,0.0000000
76369,0.0000183,0.0000000,0.0000000
76370,0.0000183,0.0000000,0.0000000
76371,0.0000183,0.0000000,0.0000000
76372,0.0000183,0.0000000,0.0000000
76373,0.0000183,0.0000000,0.0000000
76374,0.0000183,0.0000000,0.0000000
76375,0.0000183,0.0000000,0.0000000
76376,0.0000183,0.0000000,0.0000000
76377,0.0000183,0.0000000,0.0000000
76378,0.0000183,0.0000000,0.0000000
76379,0.0000183,0.0000000,0.0000000
76380,0.0000183,0.0000000,0.0000000
76381,0.0000183,0.0000000,0.0000000
76382,0.0000183,0.0000000,0.0000000
76383,0.0000183,0.0000000,0.0000000
76384,0.0000183,0.0000000,0.0000000
76385,0.0000183,0.0000000,0.0000000
76386,0.0000183,0.0000000,0.0000000
76387,0.0000183,0.0000000,0.0000000
76388,0.0000183,0.0000000,0.0000000
76389,0.0000183,0.0000000,0.0000000
76390,0.0000183,0.0000000,0.0000000
76391,0.0000183,0.0000000,0.0000000
76392,0.0000183,0.0000000,0.0000000
76393,0.0000183,0.0000000,0.0000000
76394,0.0000183,0.0000000,0.0000000
76395,0.0000183,0.0000000,0.0000000
76396,0.0000183,0.0000000,0.0000000
76397,0.0000183,0.0000000,0.0000000
76398,0.0000183,0.0000000,0.0000000
76399,0.0000183,0.0000000,0.0000000
76400,0.0000183,0.0000000,0.0000000
76401,0.0000183,0.0000000,0.0000000
76402,0.0000183,0.0000000,0.0000000
76403,0.0000183,0.0000000,0.0000000
76404,0.0000183,0.0000000,0.0000000
76405,0.0000183,0.0000000,0.0000000
76406,0.0000183,0.0000000,0.0000000
76407,0.0000183,0.0000000,0.0000000
76408,0.0000183,0.0000000,0.0000000
76409,0.0000183,0.0000000,0.0000000
76410,0.0000183,0.0000000,0.0000000
76411,0.0000183,0.0000000,0.0000000
76412,0.0000183,0.0000000,0.0000000
76413,0.0000183,0.0000000,0.0000000
76414,0.0000183,0.0000000,0.0000000
76415,0.0000183,0.0000000,0.0000000
76416,0.0000183,0.0000000,0.0000000
76417,0.0000182,0.0000000,0.0000000
76418,0.0000182,0.0000000,0.0000000
76419,0.0000182,0.0000000,0.0000000
76420,0.0000182,0.0000000,0.0000000
76421,0.0000182,0.0000000,0.0000000
76422,0.0000182,0.0000000,0.0000000
76423,0.0000182,0.0000000,0.0000000
76424,0.0000182,0.0000000,0.0000000
76425,0.0000182,0.0000000,0.0000000
76426,0.0000182,0.0000000,0.0000000
76427,0.0000182,0.0000000,0.0000000
76428,0.0000182,0.0000000,0.0000000
76429,0.0000182,0.0000000,0.0000000
76430,0.0000182,0.0000000,0.0000000
76431,0.0000182,0.0000000,0.0000000
76432,0.0000182,0.0000000,0.0000000
76433,0.0000182,0.0000000,0.0000000
76434,0.0000182,0.0000000,0.0000000
76435,0.0000182,0.0000000,0.0000000
76436,0.0000182,0.0000000,0.0000000
76437,0.0000182,0.0000000,0.0000000
76438,0.0000182,0.0000000,0.0000000
76439,0.0000182,0.0000000,0.0000000
76440,0.0000182,0.0000000,0.0000000
76441,0.0000182,0.0000000,0.0000000
76442,0.0000182,0.0000000,0.0000000
76443,0.0000182,0.0000000,0.0000000
76444,0.0000182,0.0000000,0.0000000
76445,0.0000182,0.0000000,0.0000000
76446,0.0000182,0.0000000,0.0000000
76447,0.0000182,0.0000000,0.0000000
76448,0.0000182,0.0000000,0.0000000
76449,0.0000182,0.0000000,0.0000000
76450,0.0000182,0.0000000,0.0000000
76451,0.0000182,0.0000000,0.0000000
76452,0.0000182,0.0000000,0.0000000
76453,0.0000182,0.0000000,0.0000000
76454,0.0000182,0.0000000,0.0000000
76455,0.0000182,0.0000000,0.0000000
76456,0.0000182,0.0000000,0.0000000
76457,0.0000182,0.0000000,0.0000000
76458,0.0000182,0.0000000,0.0000000
76459,0.0000182,0.0000000,0.0000000
76460,0.0000182,0.0000000,0.0000000
76461,0.0000182,0.0000000,0.0000000
76462,0.0000182,0.0000000,0.0000000
76463,0.0000182,0.0000000,0.0000000
76464,0.0000182,0.0000000,0.0000000
76465,0.0000182,0.0000000,0.0000000
76466,0.0000182,0.0000000,0.0000000
76467,0.0000182,0.0000000,0.0000000
76468,0.0000182,0.0000000,0.0000000
76469,0.0000182,0.0000000,0.0000000
76470,0.0000182,0.0000000,0.0000000
76471,0.0000182,0.0000000,0.0000000
76472,0.0000182,0.0000000,0.0000000
76473,0.0000182,0.0000000,0.0000000
76474,0.0000182,0.0000000,0.0000000
76475,0.0000182,0.0000000,0.0000000
76476,0.0000182,0.0000000,0.0000000
76477,0.0000182,0.0000000,0.0000000
76478,0.0000182,0.0000000,0.0000000
76479,0.0000182,0.0000000,0.0000000
76480,0.0000182,0.0000000,0.0000000
76481,0.0000182,0.0000000,0.0000000
76482,0.0000182,0.0000000,0.0000000
76483,0.0000182,0.0000000,0.0000000
76484,0.0000182,0.0000000,0.0000000
76485,0.0000182,0.0000000,0.0000000
76486,0.0000182,0.0000000,0.0000000
76487,0.0000182,0.0000000,0.0000000
76488,0.0000182,0.0000000,0.0000000
76489,0.0000182,0.0000000,0.0000000
76490,0.0000182,0.0000000,0.0000000
76491,0.0000182,0.0000000,0.0000000
76492,0.0000182,0.0000000,0.0000000
76493,0.0000182,0.0000000,0.0000000
76494,0.0000182,0.0000000,0.0000000
76495,0.0000182,0.0000000,0.0000000
76496,0.0000182,0.0000000,0.0000000
76497,0.0000182,0.0000000,0.0000000
76498,0.0000182,0.0000000,0.0000000
76499,0.0000182,0.0000000,0.0000000
76500,0.0000182,0.0000000,0.0000000
76501,0.0000182,0.0000000,0.0000000
76502,0.0000182,0.0000000,0.0000000
76503,0.0000182,0.0000000,0.0000000
76504,0.0000182,0.0000000,0.0000000
76505,0.0000182,0.0000000,0.0000000
76506,0.0000182,0.0000000,0.0000000
76507,0.0000182,0.0000000,0.0000000
76508,0.0000182,0.0000000,0.0000000
76509,0.0000182,0.0000000,0.0000000
76510,0.0000182,0.0000000,0.0000000
76511,0.0000182,0.0000000,0.0000000
76512,0.0000182,0.0000000,0.0000000
76513,0.0000182,0.0000000,0.0000000
76514,0.0000182,0.0000000,0.0000000
76515,0.0000182,0.0000000,0.0000000
76516,0.0000182,0.0000000,0.0000000
76517,0.0000182,0.0000000,0.0000000
76518,0.0000182,0.0000000,0.0000000
76519,0.0000182,0.0000000,0.0000000
76520,0.0000182,0.0000000,0.0000000
76521,0.0000182,0.0000000,0.0000000
76522,0.0000182,0.0000000,0.0000000
76523,0.0000182,0.0000000,0.0000000
76524,0.0000182,0.0000000,0.0000000
76525,0.0000182,0.0000000,0.0000000
76526,0.0000182,0.0000000,0.0000000
76527,0.0000182,0.0000000,0.0000000
76528,0.0000182,0.0000000,0.0000000
76529,0.0000182,0.0000000,0.0000000
76530,0.0000182,0.0000000,0.0000000
76531,0.0000182,0.0000000,0.0000000
76532,0.0000182,0.0000000,0.0000000
76533,0.0000182,0.0000000,0.0000000
76534,0.0000182,0.0000000,0.0000000
76535,0.0000182,0.0000000,0.0000000
76536,0.0000182,0.0000000,0.0000000
76537,0.0000182,0.0000000,0.0000000
76538,0.0000182,0.0000000,0.0000000
76539,0.0000182,0.0000000,0.0000000
76540,0.0000181,0.0000000,0.0000000
76541,0.0000181,0.0000000,0.0000000
76542,0.0000181,0.0000000,0.0000000
76543,0.0000181,0.0000000,0.0000000
76544,0.0000181,0.0000000,0.0000000
76545,0.0000181,0.0000000,0.0000000
76546,0.0000181,0.0000000,0.0000000
76547,0.0000181,0.0000000,0.0000000
76548,0.0000181,0.0000000,0.0000000
76549,0.0000181,0.0000000,0.0000000
76550,0.0000181,0.0000000,0.0000000
76551,0.0000181,0.0000000,0.0000000
76552,0.0000181,0.0000000,0.0000000
76553,0.0000181,0.0000000,0.0000000
76554,0.0000181,0.0000000,0.0000000
76555,0.0000181,0.0000000,0.0000000
76556,0.0000181,0.0000000,0.0000000
76557,0.0000181,0.0000000,0.0000000
76558,0.0000181,0.0000000,0.0000000
76559,0.0000181,0.0000000,0.0000000
76560,0.0000181,0.0000000,0.0000000
76561,0.0000181,0.0000000,0.0000000
76562,0.0000181,0.0000000,0.0000000
76563,0.0000181,0.0000000,0.0000000
76564,0.0000181,0.0000000,0.0000000
76565,0.0000181,0.0000000,0.0000000
76566,0.0000181,0.0000000,0.0000000
76567,0.0000181,0.0000000,0.0000000
76568,0.0000181,0.0000000,0.0000000
76569,0.0000181,0.0000000,0.0000000
76570,0.0000181,0.0000000,0.0000000
76571,0.0000181,0.0000000,0.0000000
76572,0.0000181,0.0000000,0.0000000
76573,0.0000181,0.0000000,0.0000000
76574,0.0000181,0.0000000,0.0000000
76575,0.0000181,0.0000000,0.0000000
76576,0.0000181,0.0000000,0.0000000
76577,0.0000181,0.0000000,0.0000000
76578,0.0000181,0.0000000,0.0000000
76579,0.0000181,0.0000000,0.0000000
76580,0.0000181,0.0000000,0.0000000
76581,0.0000181,0.0000000,0.0000000
76582,0.0000181,0.0000000,0.0000000
76583,0.0000181,0.0000000,0.0000000
76584,0.0000181,0.0000000,0.0000000
76585,0.0000181,0.0000000,0.0000000
76586,0.0000181,0.0000000,0.0000000
76587,0.0000181,0.0000000,0.0000000
76588,0.0000181,0.0000000,0.0000000
76589,0.0000181,0.0000000,0.0000000
76590,0.0000181,0.0000000,0.0000000
76591,0.0000181,0.0000000,0.0000000
76592,0.0000181,0.0000000,0.0000000
76593,0.0000181,0.0000000,0.0000000
76594,0.0000181,0.0000000,0.0000000
76595,0.0000181,0.0000000,0.0000000
76596,0.0000181,0.0000000,0.0000000
76597,0.0000181,0.0000000,0.0000000
76598,0.0000181,0.0000000,0.0000000
76599,0.0000181,0.0000000,0.0000000
76600,0.0000181,0.0000000,0.0000000
76601,0.0000181,0.0000000,0.0000000
76602,0.0000181,0.0000000,0.0000000
76603,0.0000181,0.0000000,0.0000000
76604,0.0000181,0.0000000,0.0000000
76605,0.0000181,0.0000000,0.0000000
76606,0.0000181,0.0000000,0.0000000
76607,0.0000181,0.0000000,0.0000000
76608,0.0000181,0.0000000,0.0000000
76609,0.0000181,0.0000000,0.0000000
76610,0.0000181,0.0000000,0.0000000
76611,0.0000181,0.0000000,0.0000000
76612,0.0000181,0.0000000,0.0000000
76613,0.0000181,0.0000000,0.0000000
76614,0.0000181,0.0000000,0.0000000
76615,0.0000181,0.0000000,0.0000000
76616,0.0000181,0.0000000,0.0000000
76617,0.0000181,0.0000000,0.0000000
76618,0.0000181,0.0000000,0.0000000
76619,0.0000181,0.0000000,0.0000000
76620,0.0000181,0.0000000,0.0000000
76621,0.0000181,0.0000000,0.0000000
76622,0.0000181,0.0000000,0.0000000
76623,0.0000181,0.0000000,0.0000000
76624,0.0000181,0.0000000,0.0000000
76625,0.0000181,0.0000000,0.0000000
76626,0.0000181,0.0000000,0.0000000
76627,0.0000181,0.0000000,0.0000000
76628,0.0000181,0.0000000,0.0000000
76629,0.0000181,0.0000000,0.0000000
76630,0.0000181,0.0000000,0.0000000
76631,0.0000181,0.0000000,0.0000000
76632,0.0000181,0.0000000,0.0000000
76633,0.0000181,0.0000000,0.0000000
76634,0.0000181,0.0000000,0.0000000
76635,0.0000181,0.0000000,0.0000000
76636,0.0000181,0.0000000,0.0000000
76637,0.0000181,0.0000000,0.0000000
76638,0.0000181,0.0000000,0.0000000
76639,0.0000181,0.0000000,0.0000000
76640,0.0000181,0.0000000,0.0000000
76641,0.0000181,0.0000000,0.0000000
76642,0.0000181,0.0000000,0.0000000
76643,0.0000181,0.0000000,0.0000000
76644,0.0000181,0.0000000,0.0000000
76645,0.0000181,0.0000000,0.0000000
76646,0.0000181,0.0000000,0.0000000
76647,0.0000181,0.0000000,0.0000000
76648,0.0000181,0.0000000,0.0000000
76649,0.0000181,0.0000000,0.0000000
76650,0.0000181,0.0000000,0.0000000
76651,0.0000181,0.0000000,0.0000000
76652,0.0000181,0.0000000,0.0000000
76653,0.0000181,0.0000000,0.0000000
76654,0.0000181,0.0000000,0.0000000
76655,0.0000181,0.0000000,0.0000000
76656,0.0000181,0.0000000,0.0000000
76657,0.0000181,0.0000000,0.0000000
76658,0.0000181,0.0000000,0.0000000
76659,0.0000181,0.0000000,0.0000000
76660,0.0000181,0.0000000,0.0000000
76661,0.0000181,0.0000000,0.0000000
76662,0.0000181,0.0000000,0.0000000
76663,0.0000181,0.0000000,0.0000000
76664,0.0000180,0.0000000,0.0000000
76665,0.0000180,0.0000000,0.0000000
76666,0.0000180,0.0000000,0.0000000
76667,0.0000180,0.0000000,0.0000000
76668,0.0000180,0.0000000,0.0000000
76669,0.0000180,0.0000000,0.0000000
76670,0.0000180,0.0000000,0.0000000
76671,0.0000180,0.0000000,0.0000000
76672,0.0000180,0.0000000,0.0000000
76673,0.0000180,0.0000000,0.0000000
76674,0.0000180,0.0000000,0.0000000
76675,0.0000180,0.0000000,0.0000000
76676,0.0000180,0.0000000,0.0000000
76677,0.0000180,0.0000000,0.0000000
76678,0.0000180,0.0000000,0.0000000
76679,0.0000180,0.0000000,0.0000000
76680,0.0000180,0.0000000,0.0000000
76681,0.0000180,0.0000000,0.0000000
76682,0.0000180,0.0000000,0.0000000
76683,0.0000180,0.0000000,0.0000000
76684,0.0000180,0.0000000,0.0000000
76685,0.0000180,0.0000000,0.0000000
76686,0.0000180,0.0000000,0.0000000
76687,0.0000180,0.0000000,0.0000000
76688,0.0000180,0.0000000,0.0000000
76689,0.0000180,0.0000000,0.0000000
76690,0.0000180,0.0000000,0.0000000
76691,0.0000180,0.0000000,0.0000000
76692,0.0000180,0.0000000,0.0000000
76693,0.0000180,0.0000000,0.0000000
76694,0.0000180,0.0000000,0.0000000
76695,0.0000180,0.0000000,0.0000000
76696,0.0000180,0.0000000,0.0000000
76697,0.0000180,0.0000000,0.0000000
76698,0.0000180,0.0000000,0.0000000
76699,0.0000180,0.0000000,0.0000000
76700,0.0000180,0.0000000,0.0000000
76701,0.0000180,0.0000000,0.0000000
76702,0.0000180,0.0000000,0.0000000
76703,0.0000180,0.0000000,0.0000000
76704,0.0000180,0.0000000,0.0000000
76705,0.0000180,0.0000000,0.0000000
76706,0.0000180,0.0000000,0.0000000
76707,0.0000180,0.0000000,0.0000000
76708,0.0000180,0.0000000,0.0000000
76709,0.0000180,0.0000000,0.0000000
76710,0.0000180,0.0000000,0.0000000
76711,0.0000180,0.0000000,0.0000000
76712,0.0000180,0.0000000,0.0000000
76713,0.0000180,0.0000000,0.0000000
76714,0.0000180,0.0000000,0.0000000
76715,0.0000180,0.0000000,0.0000000
76716,0.0000180,0.0000000,0.0000000
76717,0.0000180,0.0000000,0.0000000
76718,0.0000180,0.0000000,0.0000000
76719,0.0000180,0.0000000,0.0000000
76720,0.0000180,0.0000000,0.0000000
76721,0.0000180,0.0000000,0.0000000
76722,0.0000180,0.0000000,0.0000000
76723,0.0000180,0.0000000,0.0000000
76724,0.0000180,0.0000000,0.0000000
76725,0.0000180,0.0000000,0.0000000
76726,0.0000180,0.0000000,0.0000000
76727,0.0000180,0.0000000,0.0000000
76728,0.0000180,0.0000000,0.0000000
76729,0.0000180,0.0000000,0.0000000
76730,0.0000180,0.0000000,0.0000000
76731,0.0000180,0.0000000,0.0000000
76732,0.0000180,0.0000000,0.0000000
76733,0.0000180,0.0000000,0.0000000
76734,0.0000180,0.0000000,0.0000000
76735,0.0000180,0.0000000,0.0000000
76736,0.0000180,0.0000000,0.0000000
76737,0.0000180,0.0000000,0.0000000
76738,0.0000180,0.0000000,0.0000000
76739,0.0000180,0.0000000,0.0000000
76740,0.0000180,0.0000000,0.0000000
76741,0.0000180,0.0000000,0.0000000
76742,0.0000180,0.0000000,0.0000000
76743,0.0000180,0.0000000,0.0000000
76744,0.0000180,0.0000000,0.0000000
76745,0.0000180,0.0000000,0.0000000
76746,0.0000180,0.0000000,0.0000000
76747,0.0000180,0.0000000,0.0000000
76748,0.0000180,0.0000000,0.0000000
76749,0.0000180,0.0000000,0.0000000
76750,0.0000180,0.0000000,0.0000000
76751,0.0000180,0.0000000,0.0000000
76752,0.0000180,0.0000000,0.0000000
76753,0.0000180,0.0000000,0.0000000
76754,0.0000180,0.0000000,0.0000000
76755,0.0000180,0.0000000,0.0000000
76756,0.0000180,0.0000000,0.0000000
76757,0.0000180,0.0000000,0.0000000
76758,0.0000180,0.0000000,0.0000000
76759,0.0000180,0.0000000,0.0000000
76760,0.0000180,0.0000000,0.0000000
76761,0.0000180,0.0000000,0.0000000
76762,0.0000180,0.0000000,0.0000000
76763,0.0000180,0.0000000,0.0000000
76764,0.0000180,0.0000000,0.0000000
76765,0.0000180,0.0000000,0.0000000
76766,0.0000180,0.0000000,0.0000000
76767,0.0000180,0.0000000,0.0000000
76768,0.0000180,0.0000000,0.0000000
76769,0.0000180,0.0000000,0.0000000
76770,0.0000180,0.0000000,0.0000000
76771,0.0000180,0.0000000,0.0000000
76772,0.0000180,0.0000000,0.0000000
76773,0.0000180,0.0000000,0.0000000
76774,0.0000180,0.0000000,0.0000000
76775,0.0000180,0.0000000,0.0000000
76776,0.0000180,0.0000000,0.0000000
76777,0.0000180,0.0000000,0.0000000
76778,0.0000180,0.0000000,0.0000000
76779,0.0000180,0.0000000,0.0000000
76780,0.0000180,0.0000000,0.0000000
76781,0.0000180,0.0000000,0.0000000
76782,0.0000180,0.0000000,0.0000000
76783,0.0000180,0.0000000,0.0000000
76784,0.0000180,0.0000000,0.0000000
76785,0.0000180,0.0000000,0.0000000
76786,0.0000180,0.0000000,0.0000000
76787,0.0000180,0.0000000,0.0000000
76788,0.0000179,0.0000000,0.0000000
76789,0.0000179,0.0000000,0.0000000
76790,0.0000179,0.0000000,0.0000000
76791,0.0000179,0.0000000,0.0000000
76792,0.0000179,0.0000000,0.0000000
76793,0.0000179,0.0000000,0.0000000
76794,0.0000179,0.0000000,0.0000000
76795,0.0000179,0.0000000,0.0000000
76796,0.0000179,0.0000000,0.0000000
76797,0.0000179,0.0000000,0.0000000
76798,0.0000179,0.0000000,0.0000000
76799,0.0000179,0.0000000,0.0000000
76800,0.0000179,0.0000000,0.0000000
76801,0.0000179,0.0000000,0.0000000
76802,0.0000179,0.0000000,0.0000000
76803,0.0000179,0.0000000,0.0000000
76804,0.0000179,0.0000000,0.0000000
76805,0.0000179,0.0000000,0.0000000
76806,0.0000179,0.0000000,0.0000000
76807,0.0000179,0.0000000,0.0000000
76808,0.0000179,0.0000000,0.0000000
76809,0.0000179,0.0000000,0.0000000
76810,0.0000179,0.0000000,0.0000000
76811,0.0000179,0.0000000,0.0000000
76812,0.0000179,0.0000000,0.0000000
76813,0.0000179,0.0000000,0.0000000
76814,0.0000179,0.0000000,0.0000000
76815,0.0000179,0.0000000,0.0000000
76816,0.0000179,0.0000000,0.0000000
76817,0.0000179,0.0000000,0.0000000
76818,0.0000179,0.0000000,0.0000000
76819,0.0000179,0.0000000,0.0000000
76820,0.0000179,0.0000000,0.0000000
76821,0.0000179,0.0000000,0.0000000
76822,0.0000179,0.0000000,0.0000000
76823,0.0000179,0.0000000,0.0000000
76824,0.0000179,0.0000000,0.0000000
76825,0.0000179,0.0000000,0.0000000
76826,0.0000179,0.0000000,0.0000000
76827,0.0000179,0.0000000,0.0000000
76828,0.0000179,0.0000000,0.0000000
76829,0.0000179,0.0000000,0.0000000
76830,0.0000179,0.0000000,0.0000000
76831,0.0000179,0.0000000,0.0000000
76832,0.0000179,0.0000000,0.0000000
76833,0.0000179,0.0000000,0.0000000
76834,0.0000179,0.0000000,0.0000000
76835,0.0000179,0.0000000,0.0000000
76836,0.0000179,0.0000000,0.0000000
76837,0.0000179,0.0000000,0.0000000
76838,0.0000179,0.0000000,0.0000000
76839,0.0000179,0.0000000,0.0000000
76840,0.0000179,0.0000000,0.0000000
76841,0.0000179,0.0000000,0.0000000
76842,0.0000179,0.0000000,0.0000000
76843,0.0000179,0.0000000,0.0000000
76844,0.0000179,0.0000000,0.0000000
76845,0.0000179,0.0000000,0.0000000
76846,0.0000179,0.0000000,0.0000000
76847,0.0000179,0.0000000,0.0000000
76848,0.0000179,0.0000000,0.0000000
76849,0.0000179,0.0000000,0.0000000
76850,0.0000179,0.0000000,0.0000000
76851,0.0000179,0.0000000,0.0000000
76852,0.0000179,0.0000000,0.0000000
76853,0.0000179,0.0000000,0.0000000
76854,0.0000179,0.0000000,0.0000000
76855,0.0000179,0.0000000,0.0000000
76856,0.0000179,0.0000000,0.0000000
76857,0.0000179,0.0000000,0.0000000
76858,0.0000179,0.0000000,0.0000000
76859,0.0000179,0.0000000,0.0000000
76860,0.0000179,0.0000000,0.0000000
76861,0.0000179,0.0000000,0.0000000
76862,0.0000179,0.0000000,0.0000000
76863,0.0000179,0.0000000,0.0000000
76864,0.0000179,0.0000000,0.0000000
76865,0.0000179,0.0000000,0.0000000
76866,0.0000179,0.0000000,0.0000000
76867,0.0000179,0.0000000,0.0000000
76868,0.0000179,0.0000000,0.0000000
76869,0.0000179,0.0000000,0.0000000
76870,0.0000179,0.0000000,0.0000000
76871,0.0000179,0.0000000,0.0000000
76872,0.0000179,0.0000000,0.0000000
76873,0.0000179,0.0000000,0.0000000
76874,0.0000179,0.0000000,0.0000000
76875,0.0000179,0.0000000,0.0000000
76876,0.0000179,0.0000000,0.0000000
76877,0.0000179,0.0000000,0.0000000
76878,0.0000179,0.0000000,0.0000000
76879,0.0000179,0.0000000,0.0000000
76880,0.0000179,0.0000000,0.0000000
76881,0.0000179,0.0000000,0.0000000
76882,0.0000179,0.0000000,0.0000000
76883,0.0000179,0.0000000,0.0000000
76884,0.0000179,0.0000000,0.0000000
76885,0.0000179,0.0000000,0.0000000
76886,0.0000179,0.0000000,0.0000000
76887,0.0000179,0.0000000,0.0000000
76888,0.0000179,0.0000000,0.0000000
76889,0.0000179,0.0000000,0.0000000
76890,0.0000179,0.0000000,0.0000000
76891,0.0000179,0.0000000,0.0000000
76892,0.0000179,0.0000000,0.0000000
76893,0.0000179,0.0000000,0.0000000
76894,0.0000179,0.0000000,0.0000000
76895,0.0000179,0.0000000,0.0000000
76896,0.0000179,0.0000000,0.0000000
76897,0.0000179,0.0000000,0.0000000
76898,0.0000179,0.0000000,0.0000000
76899,0.0000179,0.0000000,0.0000000
76900,0.0000179,0.0000000,0.0000000
76901,0.0000179,0.0000000,0.0000000
76902,0.0000179,0.0000000,0.0000000
76903,0.0000179,0.0000000,0.0000000
76904,0.0000179,0.0000000,0.0000000
76905,0.0000179,0.0000000,0.0000000
76906,0.0000179,0.0000000,0.0000000
76907,0.0000179,0.0000000,0.0000000
76908,0.0000179,0.0000000,0.0000000
76909,0.0000179,0.0000000,0.0000000
76910,0.0000179,0.0000000,0.0000000
76911,0.0000179,0.0000000,0.0000000
76912,0.0000179,0.0000000,0.0000000
76913,0.0000178,0.0000000,0.0000000
76914,0.0000178,0.0000000,0.0000000
76915,0.0000178,0.0000000,0.0000000
76916,0.0000178,0.0000000,0.0000000
76917,0.0000178,0.0000000,0.0000000
76918,0.0000178,0.0000000,0.0000000
76919,0.0000178,0.0000000,0.0000000
76920,0.0000178,0.0000000,0.0000000
76921,0.0000178,0.0000000,0.0000000
76922,0.0000178,0.0000000,0.0000000
76923,0.0000178,0.0000000,0.0000000
76924,0.0000178,0.0000000,0.0000000
76925,0.0000178,0.0000000,0.0000000
76926,0.0000178,0.0000000,0.0000000
76927,0.0000178,0.0000000,0.0000000
76928,0.0000178,0.0000000,0.0000000
76929,0.0000178,0.0000000,0.0000000
76930,0.0000178,0.0000000,0.0000000
76931,0.0000178,0.0000000,0.0000000
76932,0.0000178,0.0000000,0.0000000
76933,0.0000178,0.0000000,0.0000000
76934,0.0000178,0.0000000,0.0000000
76935,0.0000178,0.0000000,0.0000000
76936,0.0000178,0.0000000,0.0000000
76937,0.0000178,0.0000000,0.0000000
76938,0.0000178,0.0000000,0.0000000
76939,0.0000178,0.0000000,0.0000000
76940,0.0000178,0.0000000,0.0000000
76941,0.0000178,0.0000000,0.0000000
76942,0.0000178,0.0000000,0.0000000
76943,0.0000178,0.0000000,0.0000000
76944,0.0000178,0.0000000,0.0000000
76945,0.0000178,0.0000000,0.0000000
76946,0.0000178,0.0000000,0.0000000
76947,0.0000178,0.0000000,0.0000000
76948,0.0000178,0.0000000,0.0000000
76949,0.0000178,0.0000000,0.0000000
76950,0.0000178,0.0000000,0.0000000
76951,0.0000178,0.0000000,0.0000000
76952,0.0000178,0.0000000,0.0000000
76953,0.0000178,0.0000000,0.0000000
76954,0.0000178,0.0000000,0.0000000
76955,0.0000178,0.0000000,0.0000000
76956,0.0000178,0.0000000,0.0000000
76957,0.0000178,0.0000000,0.0000000
76958,0.0000178,0.0000000,0.0000000
76959,0.0000178,0.0000000,0.0000000
76960,0.0000178,0.0000000,0.0000000
76961,0.0000178,0.0000000,0.0000000
76962,0.0000178,0.0000000,0.0000000
76963,0.0000178,0.0000000,0.0000000
76964,0.0000178,0.0000000,0.0000000
76965,0.0000178,0.0000000,0.0000000
76966,0.0000178,0.0000000,0.0000000
76967,0.0000178,0.0000000,0.0000000
76968,0.0000178,0.0000000,0.0000000
76969,0.0000178,0.0000000,0.0000000
76970,0.0000178,0.0000000,0.0000000
76971,0.0000178,0.0000000,0.0000000
76972,0.0000178,0.0000000,0.0000000
76973,0.0000178,0.0000000,0.0000000
76974,0.0000178,0.0000000,0.0000000
76975,0.0000178,0.0000000,0.0000000
76976,0.0000178,0.0000000,0.0000000
76977,0.0000178,0.0000000,0.0000000
76978,0.0000178,0.0000000,0.0000000
76979,0.0000178,0.0000000,0.0000000
76980,0.0000178,0.0000000,0.0000000
76981,0.0000178,0.0000000,0.0000000
76982,0.0000178,0.0000000,0.0000000
76983,0.0000178,0.0000000,0.0000000
76984,0.0000178,0.0000000,0.0000000
76985,0.0000178,0.0000000,0.0000000
76986,0.0000178,0.0000000,0.0000000
76987,0.0000178,0.0000000,0.0000000
76988,0.0000178,0.0000000,0.0000000
76989,0.0000178,0.0000000,0.0000000
76990,0.0000178,0.0000000,0.0000000
76991,0.0000178,0.0000000,0.0000000
76992,0.0000178,0.0000000,0.0000000
76993,0.0000178,0.0000000,0.0000000
76994,0.0000178,0.0000000,0.0000000
76995,0.0000178,0.0000000,0.0000000
76996,0.0000178,0.0000000,0.0000000
76997,0.0000178,0.0000000,0.0000000
76998,0.0000178,0.0000000,0.0000000
76999,0.0000178,0.0000000,0.0000000
77000,0.0000178,0.0000000,0.0000000
77001,0.0000178,0.0000000,0.0000000
77002,0.0000178,0.0000000,0.0000000
77003,0.0000178,0.0000000,0.0000000
77004,0.0000178,0.0000000,0.0000000
77005,0.0000178,0.0000000,0.0000000
77006,0.0000178,0.0000000,0.0000000
77007,0.0000178,0.0000000,0.0000000
77008,0.0000178,0.0000000,0.0000000
77009,0.0000178,0.0000000,0.0000000
77010,0.0000178,0.0000000,0.0000000
77011,0.0000178,0.0000000,0.0000000
77012,0.0000178,0.0000000,0.0000000
77013,0.0000178,0.0000000,0.0000000
77014,0.0000178,0.0000000,0.0000000
77015,0.0000178,0.0000000,0.0000000
77016,0.0000178,0.0000000,0.0000000
77017,0.0000178,0.0000000,0.0000000
77018,0.0000178,0.0000000,0.0000000
77019,0.0000178,0.0000000,0.0000000
77020,0.0000178,0.0000000,0.0000000
77021,0.0000178,0.0000000,0.0000000
77022,0.0000178,0.0000000,0.0000000
77023,0.0000178,0.0000000,0.0000000
77024,0.0000178,0.0000000,0.0000000
77025,0.0000178,0.0000000,0.0000000
77026,0.0000178,0.0000000,0.0000000
77027,0.0000178,0.0000000,0.0000000
77028,0.0000178,0.0000000,0.0000000
77029,0.0000178,0.0000000,0.0000000
77030,0.0000178,0.0000000,0.0000000
77031,0.0000178,0.0000000,0.0000000
77032,0.0000178,0.0000000,0.0000000
77033,0.0000178,0.0000000,0.0000000
77034,0.0000178,0.0000000,0.0000000
77035,0.0000178,0.0000000,0.0000000
77036,0.0000178,0.0000000,0.0000000
77037,0.0000178,0.0000000,0.0000000
77038,0.0000177,0.0000000,0.0000000
77039,0.0000177,0.0000000,0.0000000
77040,0.0000177,0.0000000,0.0000000
77041,0.0000177,0.0000000,0.0000000
77042,0.0000177,0.0000000,0.0000000
77043,0.0000177,0.0000000,0.0000000
77044,0.0000177,0.0000000,0.0000000
77045,0.0000177,0.0000000,0.0000000
77046,0.0000177,0.0000000,0.0000000
77047,0.0000177,0.0000000,0.0000000
77048,0.0000177,0.0000000,0.0000000
77049,0.0000177,0.0000000,0.0000000
77050,0.0000177,0.0000000,0.0000000
77051,0.0000177,0.0000000,0.0000000
77052,0.0000177,0.0000000,0.0000000
77053,0.0000177,0.0000000,0.0000000
77054,0.0000177,0.0000000,0.0000000
77055,0.0000177,0.0000000,0.0000000
77056,0.0000177,0.0000000,0.0000000
77057,0.0000177,0.0000000,0.0000000
77058,0.0000177,0.0000000,0.0000000
77059,0.0000177,0.0000000,0.0000000
77060,0.0000177,0.0000000,0.0000000
77061,0.0000177,0.0000000,0.0000000
77062,0.0000177,0.0000000,0.0000000
77063,0.0000177,0.0000000,0.0000000
77064,0.0000177,0.0000000,0.0000000
77065,0.0000177,0.0000000,0.0000000
77066,0.0000177,0.0000000,0.0000000
77067,0.0000177,0.0000000,0.0000000
77068,0.0000177,0.0000000,0.0000000
77069,0.0000177,0.0000000,0.0000000
77070,0.0000177,0.0000000,0.0000000
77071,0.0000177,0.0000000,0.0000000
77072,0.0000177,0.0000000,0.0000000
77073,0.0000177,0.0000000,0.0000000
77074,0.0000177,0.0000000,0.0000000
77075,0.0000177,0.0000000,0.0000000
77076,0.0000177,0.0000000,0.0000000
77077,0.0000177,0.0000000,0.0000000
77078,0.0000177,0.0000000,0.0000000
77079,0.0000177,0.0000000,0.0000000
77080,0.0000177,0.0000000,0.0000000
77081,0.0000177,0.0000000,0.0000000
77082,0.0000177,0.0000000,0.0000000
77083,0.0000177,0.0000000,0.0000000
77084,0.0000177,0.0000000,0.0000000
77085,0.0000177,0.0000000,0.0000000
77086,0.0000177,0.0000000,0.0000000
77087,0.0000177,0.0000000,0.0000000
77088,0.0000177,0.0000000,0.0000000
77089,0.0000177,0.0000000,0.0000000
77090,0.0000177,0.0000000,0.0000000
77091,0.0000177,0.0000000,0.0000000
77092,0.0000177,0.0000000,0.0000000
77093,0.0000177,0.0000000,0.0000000
77094,0.0000177,0.0000000,0.0000000
77095,0.0000177,0.0000000,0.0000000
77096,0.0000177,0.0000000,0.0000000
77097,0.0000177,0.0000000,0.0000000
77098,0.0000177,0.0000000,0.0000000
77099,0.0000177,0.0000000,0.0000000
77100,0.0000177,0.0000000,0.0000000
77101,0.0000177,0.0000000,0.0000000
77102,0.0000177,0.0000000,0.0000000
77103,0.0000177,0.0000000,0.0000000
77104,0.0000177,0.0000000,0.0000000
77105,0.0000177,0.0000000,0.0000000
77106,0.0000177,0.0000000,0.0000000
77107,0.0000177,0.0000000,0.0000000
77108,0.0000177,0.0000000,0.0000000
77109,0.0000177,0.0000000,0.0000000
77110,0.0000177,0.0000000,0.0000000
77111,0.0000177,0.0000000,0.0000000
77112,0.0000177,0.0000000,0.0000000
77113,0.0000177,0.0000000,0.0000000
77114,0.0000177,0.0000000,0.0000000
77115,0.0000177,0.0000000,0.0000000
77116,0.0000177,0.0000000,0.0000000
77117,0.0000177,0.0000000,0.0000000
77118,0.0000177,0.0000000,0.0000000
77119,0.0000177,0.0000000,0.0000000
77120,0.0000177,0.0000000,0.0000000
77121,0.0000177,0.0000000,0.0000000
77122,0.0000177,0.0000000,0.0000000
77123,0.0000177,0.0000000,0.0000000
77124,0.0000177,0.0000000,0.0000000
77125,0.0000177,0.0000000,0.0000000
77126,0.0000177,0.0000000,0.0000000
77127,0.0000177,0.0000000,0.0000000
77128,0.0000177,0.0000000,0.0000000
77129,0.0000177,0.0000000,0.0000000
77130,0.0000177,0.0000000,0.0000000
77131,0.0000177,0.0000000,0.0000000
77132,0.0000177,0.0000000,0.0000000
77133,0.0000177,0.0000000,0.0000000
77134,0.0000177,0.0000000,0.0000000
77135,0.0000177,0.0000000,0.0000000
77136,0.0000177,0.0000000,0.0000000
77137,0.0000177,0.0000000,0.0000000
77138,0.0000177,0.0000000,0.0000000
77139,0.0000177,0.0000000,0.0000000
77140,0.0000177,0.0000000,0.0000000
77141,0.0000177,0.0000000,0.0000000
77142,0.0000177,0.0000000,0.0000000
77143,0.0000177,0.0000000,0.0000000
77144,0.0000177,0.0000000,0.0000000
77145,0.0000177,0.0000000,0.0000000
77146,0.0000177,0.0000000,0.0000000
77147,0.0000177,0.0000000,0.0000000
77148,0.0000177,0.0000000,0.0000000
77149,0.0000177,0.0000000,0.0000000
77150,0.0000177,0.0000000,0.0000000
77151,0.0000177,0.0000000,0.0000000
77152,0.0000177,0.0000000,0.0000000
77153,0.0000177,0.0000000,0.0000000
77154,0.0000177,0.0000000,0.0000000
77155,0.0000177,0.0000000,0.0000000
77156,0.0000177,0.0000000,0.0000000
77157,0.0000177,0.0000000,0.0000000
77158,0.0000177,0.0000000,0.0000000
77159,0.0000177,0.0000000,0.0000000
77160,0.0000177,0.0000000,0.0000000
77161,0.0000177,0.0000000,0.0000000
77162,0.0000177,0.0000000,0.0000000
77163,0.0000177,0.0000000,0.0000000
77164,0.0000177,0.0000000,0.0000000
77165,0.0000176,0.0000000,0.0000000
77166,0.0000176,0.0000000,0.0000000
77167,0.0000176,0.0000000,0.0000000
77168,0.0000176,0.0000000,0.0000000
77169,0.0000176,0.0000000,0.0000000
77170,0.0000176,0.0000000,0.0000000
77171,0.0000176,0.0000000,0.0000000
77172,0.0000176,0.0000000,0.0000000
77173,0.0000176,0.0000000,0.0000000
77174,0.0000176,0.0000000,0.0000000
77175,0.0000176,0.0000000,0.0000000
77176,0.0000176,0.0000000,0.0000000
77177,0.0000176,0.0000000,0.0000000
77178,0.0000176,0.0000000,0.0000000
77179,0.0000176,0.0000000,0.0000000
77180,0.0000176,0.0000000,0.0000000
77181,0.0000176,0.0000000,0.0000000
77182,0.0000176,0.0000000,0.0000000
77183,0.0000176,0.0000000,0.0000000
77184,0.0000176,0.0000000,0.0000000
77185,0.0000176,0.0000000,0.0000000
77186,0.0000176,0.0000000,0.0000000
77187,0.0000176,0.0000000,0.0000000
77188,0.0000176,0.0000000,0.0000000
77189,0.0000176,0.0000000,0.0000000
77190,0.0000176,0.0000000,0.0000000
77191,0.0000176,0.0000000,0.0000000
77192,0.0000176,0.0000000,0.0000000
77193,0.0000176,0.0000000,0.0000000
77194,0.0000176,0.0000000,0.0000000
77195,0.0000176,0.0000000,0.0000000
77196,0.0000176,0.0000000,0.0000000
77197,0.0000176,0.0000000,0.0000000
77198,0.0000176,0.0000000,0.0000000
77199,0.0000176,0.0000000,0.0000000
77200,0.0000176,0.0000000,0.0000000
77201,0.0000176,0.0000000,0.0000000
77202,0.0000176,0.0000000,0.0000000
77203,0.0000176,0.0000000,0.0000000
77204,0.0000176,0.0000000,0.0000000
77205,0.0000176,0.0000000,0.0000000
77206,0.0000176,0.0000000,0.0000000
77207,0.0000176,0.0000000,0.0000000
77208,0.0000176,0.0000000,0.0000000
77209,0.0000176,0.0000000,0.0000000
77210,0.0000176,0.0000000,0.0000000
77211,0.0000176,0.0000000,0.0000000
77212,0.0000176,0.0000000,0.0000000
77213,0.0000176,0.0000000,0.0000000
77214,0.0000176,0.0000000,0.0000000
77215,0.0000176,0.0000000,0.0000000
77216,0.0000176,0.0000000,0.0000000
77217,0.0000176,0.0000000,0.0000000
77218,0.0000176,0.0000000,0.0000000
77219,0.0000176,0.0000000,0.0000000
77220,0.0000176,0.0000000,0.0000000
77221,0.0000176,0.0000000,0.0000000
77222,0.0000176,0.0000000,0.0000000
77223,0.0000176,0.0000000,0.0000000
77224,0.0000176,0.0000000,0.0000000
77225,0.0000176,0.0000000,0.0000000
77226,0.0000176,0.0000000,0.0000000
77227,0.0000176,0.0000000,0.0000000
77228,0.0000176,0.0000000,0.0000000
77229,0.0000176,0.0000000,0.0000000
77230,0.0000176,0.0000000,0.0000000
77231,0.0000176,0.0000000,0.0000000
77232,0.0000176,0.0000000,0.0000000
77233,0.0000176,0.0000000,0.0000000
77234,0.0000176,0.0000000,0.0000000
77235,0.0000176,0.0000000,0.0000000
77236,0.0000176,0.0000000,0.0000000
77237,0.0000176,0.0000000,0.0000000
77238,0.0000176,0.0000000,0.0000000
77239,0.0000176,0.0000000,0.0000000
77240,0.0000176,0.0000000,0.0000000
77241,0.0000176,0.0000000,0.0000000
77242,0.0000176,0.0000000,0.0000000
77243,0.0000176,0.0000000,0.0000000
77244,0.0000176,0.0000000,0.0000000
77245,0.0000176,0.0000000,0.0000000
77246,0.0000176,0.0000000,0.0000000
77247,0.0000176,0.0000000,0.0000000
77248,0.0000176,0.0000000,0.0000000
77249,0.0000176,0.0000000,0.0000000
77250,0.0000176,0.0000000,0.0000000
77251,0.0000176,0.0000000,0.0000000
77252,0.0000176,0.0000000,0.0000000
77253,0.0000176,0.0000000,0.0000000
77254,0.0000176,0.0000000,0.0000000
77255,0.0000176,0.0000000,0.0000000
77256,0.0000176,0.0000000,0.0000000
77257,0.0000176,0.0000000,0.0000000
77258,0.0000176,0.0000000,0.0000000
77259,0.0000176,0.0000000,0.0000000
77260,0.0000176,0.0000000,0.0000000
77261,0.0000176,0.0000000,0.0000000
77262,0.0000176,0.0000000,0.0000000
77263,0.0000176,0.0000000,0.0000000
77264,0.0000176,0.0000000,0.0000000
77265,0.0000176,0.0000000,0.0000000
77266,0.0000176,0.0000000,0.0000000
77267,0.0000176,0.0000000,0.0000000
77268,0.0000176,0.0000000,0.0000000
77269,0.0000176,0.0000000,0.0000000
77270,0.0000176,0.0000000,0.0000000
77271,0.0000176,0.0000000,0.0000000
77272,0.0000176,0.0000000,0.0000000
77273,0.0000176,0.0000000,0.0000000
77274,0.0000176,0.0000000,0.0000000
77275,0.0000176,0.0000000,0.0000000
77276,0.0000176,0.0000000,0.0000000
77277,0.0000176,0.0000000,0.0000000
77278,0.0000176,0.0000000,0.0000000
77279,0.0000176,0.0000000,0.0000000
77280,0.0000176,0.0000000,0.0000000
77281,0.0000176,0.0000000,0.0000000
77282,0.0000176,0.0000000,0.0000000
77283,0.0000176,0.0000000,0.0000000
77284,0.0000176,0.0000000,0.0000000
77285,0.0000176,0.0000000,0.0000000
77286,0.0000176,0.0000000,0.0000000
77287,0.0000176,0.0000000,0.0000000
77288,0.0000176,0.0000000,0.0000000
77289,0.0000176,0.0000000,0.0000000
77290,0.0000176,0.0000000,0.0000000
77291,0.0000176,0.0000000,0.0000000
77292,0.0000175,0.0000000,0.0000000
77293,0.0000175,0.0000000,0.0000000
77294,0.0000175,0.0000000,0.0000000
77295,0.0000175,0.0000000,0.0000000
77296,0.0000175,0.0000000,0.0000000
77297,0.0000175,0.0000000,0.0000000
77298,0.0000175,0.0000000,0.0000000
77299,0.0000175,0.0000000,0.0000000
77300,0.0000175,0.0000000,0.0000000
77301,0.0000175,0.0000000,0.0000000
77302,0.0000175,0.0000000,0.0000000
77303,0.0000175,0.0000000,0.0000000
77304,0.0000175,0.0000000,0.0000000
77305,0.0000175,0.0000000,0.0000000
77306,0.0000175,0.0000000,0.0000000
77307,0.0000175,0.0000000,0.0000000
77308,0.0000175,0.0000000,0.0000000
77309,0.0000175,0.0000000,0.0000000
77310,0.0000175,0.0000000,0.0000000
77311,0.0000175,0.0000000,0.0000000
77312,0.0000175,0.0000000,0.0000000
77313,0.0000175,0.0000000,0.0000000
77314,0.0000175,0.0000000,0.0000000
77315,0.0000175,0.0000000,0.0000000
77316,0.0000175,0.0000000,0.0000000
77317,0.0000175,0.0000000,0.0000000
77318,0.0000175,0.0000000,0.0000000
77319,0.0000175,0.0000000,0.0000000
77320,0.0000175,0.0000000,0.0000000
77321,0.0000175,0.0000000,0.0000000
77322,0.0000175,0.0000000,0.0000000
77323,0.0000175,0.0000000,0.0000000
77324,0.0000175,0.0000000,0.0000000
77325,0.0000175,0.0000000,0.0000000
77326,0.0000175,0.0000000,0.0000000
77327,0.0000175,0.0000000,0.0000000
77328,0.0000175,0.0000000,0.0000000
77329,0.0000175,0.0000000,0.0000000
77330,0.0000175,0.0000000,0.0000000
77331,0.0000175,0.0000000,0.0000000
77332,0.0000175,0.0000000,0.0000000
77333,0.0000175,0.0000000,0.0000000
77334,0.0000175,0.0000000,0.0000000
77335,0.0000175,0.0000000,0.0000000
77336,0.0000175,0.0000000,0.0000000
77337,0.0000175,0.0000000,0.0000000
77338,0.0000175,0.0000000,0.0000000
77339,0.0000175,0.0000000,0.0000000
77340,0.0000175,0.0000000,0.0000000
77341,0.0000175,0.0000000,0.0000000
77342,0.0000175,0.0000000,0.0000000
77343,0.0000175,0.0000000,0.0000000
77344,0.0000175,0.0000000,0.0000000
77345,0.0000175,0.0000000,0.0000000
77346,0.0000175,0.0000000,0.0000000
77347,0.0000175,0.0000000,0.0000000
77348,0.0000175,0.0000000,0.0000000
77349,0.0000175,0.0000000,0.0000000
77350,0.0000175,0.0000000,0.0000000
77351,0.0000175,0.0000000,0.0000000
77352,0.0000175,0.0000000,0.0000000
77353,0.0000175,0.0000000,0.0000000
77354,0.0000175,0.0000000,0.0000000
77355,0.0000175,0.0000000,0.0000000
77356,0.0000175,0.0000000,0.0000000
77357,0.0000175,0.0000000,0.0000000
77358,0.0000175,0.0000000,0.0000000
77359,0.0000175,0.0000000,0.0000000
77360,0.0000175,0.0000000,0.0000000
77361,0.0000175,0.0000000,0.0000000
77362,0.0000175,0.0000000,0.0000000
77363,0.0000175,0.0000000,0.0000000
77364,0.0000175,0.0000000,0.0000000
77365,0.0000175,0.0000000,0.0000000
77366,0.0000175,0.0000000,0.0000000
77367,0.0000175,0.0000000,0.0000000
77368,0.0000175,0.0000000,0.0000000
77369,0.0000175,0.0000000,0.0000000
77370,0.0000175,0.0000000,0.0000000
77371,0.0000175,0.0000000,0.0000000
77372,0.0000175,0.0000000,0.0000000
77373,0.0000175,0.0000000,0.0000000
77374,0.0000175,0.0000000,0.0000000
77375,0.0000175,0.0000000,0.0000000
77376,0.0000175,0.0000000,0.0000000
77377,0.0000175,0.0000000,0.0000000
77378,0.0000175,0.0000000,0.0000000
77379,0.0000175,0.0000000,0.0000000
77380,0.0000175,0.0000000,0.0000000
77381,0.0000175,0.0000000,0.0000000
77382,0.0000175,0.0000000,0.0000000
77383,0.0000175,0.0000000,0.0000000
77384,0.0000175,0.0000000,0.0000000
77385,0.0000175,0.0000000,0.0000000
77386,0.0000175,0.0000000,0.0000000
77387,0.0000175,0.0000000,0.0000000
77388,0.0000175,0.0000000,0.0000000
77389,0.0000175,0.0000000,0.0000000
77390,0.0000175,0.0000000,0.0000000
77391,0.0000175,0.0000000,0.0000000
77392,0.0000175,0.0000000,0.0000000
77393,0.0000175,0.0000000,0.0000000
77394,0.0000175,0.0000000,0.0000000
77395,0.0000175,0.0000000,0.0000000
77396,0.0000175,0.0000000,0.0000000
77397,0.0000175,0.0000000,0.0000000
77398,0.0000175,0.0000000,0.0000000
77399,0.0000175,0.0000000,0.0000000
77400,0.0000175,0.0000000,0.0000000
77401,0.0000175,0.0000000,0.0000000
77402,0.0000175,0.0000000,0.0000000
77403,0.0000175,0.0000000,0.0000000
77404,0.0000175,0.0000000,0.0000000
77405,0.0000175,0.0000000,0.0000000
77406,0.0000175,0.0000000,0.0000000
77407,0.0000175,0.0000000,0.0000000
77408,0.0000175,0.0000000,0.0000000
77409,0.0000175,0.0000000,0.0000000
77410,0.0000175,0.0000000,0.0000000
77411,0.0000175,0.0000000,0.0000000
77412,0.0000175,0.0000000,0.0000000
77413,0.0000175,0.0000000,0.0000000
77414,0.0000175,0.0000000,0.0000000
77415,0.0000175,0.0000000,0.0000000
77416,0.0000175,0.0000000,0.0000000
77417,0.0000175,0.0000000,0.0000000
77418,0.0000175,0.0000000,0.0000000
77419,0.0000175,0.0000000,0.0000000
77420,0.0000174,0.0000000,0.0000000
77421,0.0000174,0.0000000,0.0000000
77422,0.0000174,0.0000000,0.0000000
77423,0.0000174,0.0000000,0.0000000
77424,0.0000174,0.0000000,0.0000000
77425,0.0000174,0.0000000,0.0000000
77426,0.0000174,0.0000000,0.0000000
77427,0.0000174,0.0000000,0.0000000
77428,0.0000174,0.0000000,0.0000000
77429,0.0000174,0.0000000,0.0000000
77430,0.0000174,0.0000000,0.0000000
77431,0.0000174,0.0000000,0.0000000
77432,0.0000174,0.0000000,0.0000000
77433,0.0000174,0.0000000,0.0000000
77434,0.0000174,0.0000000,0.0000000
77435,0.0000174,0.0000000,0.0000000
77436,0.0000174,0.0000000,0.0000000
77437,0.0000174,0.0000000,0.0000000
77438,0.0000174,0.0000000,0.0000000
77439,0.0000174,0.0000000,0.0000000
77440,0.0000174,0.0000000,0.0000000
77441,0.0000174,0.0000000,0.0000000
77442,0.0000174,0.0000000,0.0000000
77443,0.0000174,0.0000000,0.0000000
77444,0.0000174,0.0000000,0.0000000
77445,0.0000174,0.0000000,0.0000000
77446,0.0000174,0.0000000,0.0000000
77447,0.0000174,0.0000000,0.0000000
77448,0.0000174,0.0000000,0.0000000
77449,0.0000174,0.0000000,0.0000000
77450,0.0000174,0.0000000,0.0000000
77451,0.0000174,0.0000000,0.0000000
77452,0.0000174,0.0000000,0.0000000
77453,0.0000174,0.0000000,0.0000000
77454,0.0000174,0.0000000,0.0000000
77455,0.0000174,0.0000000,0.0000000
77456,0.0000174,0.0000000,0.0000000
77457,0.0000174,0.0000000,0.0000000
77458,0.0000174,0.0000000,0.0000000
77459,0.0000174,0.0000000,0.0000000
77460,0.0000174,0.0000000,0.0000000
77461,0.0000174,0.0000000,0.0000000
77462,0.0000174,0.0000000,0.0000000
77463,0.0000174,0.0000000,0.0000000
77464,0.0000174,0.0000000,0.0000000
77465,0.0000174,0.0000000,0.0000000
77466,0.0000174,0.0000000,0.0000000
77467,0.0000174,0.0000000,0.0000000
77468,0.0000174,0.0000000,0.0000000
77469,0.0000174,0.0000000,0.0000000
77470,0.0000174,0.0000000,0.0000000
77471,0.0000174,0.0000000,0.0000000
77472,0.0000174,0.0000000,0.0000000
77473,0.0000174,0.0000000,0.0000000
77474,0.0000174,0.0000000,0.0000000
77475,0.0000174,0.0000000,0.0000000
77476,0.0000174,0.0000000,0.0000000
77477,0.0000174,0.0000000,0.0000000
77478,0.0000174,0.0000000,0.0000000
77479,0.0000174,0.0000000,0.0000000
77480,0.0000174,0.0000000,0.0000000
77481,0.0000174,0.0000000,0.0000000
77482,0.0000174,0.0000000,0.0000000
77483,0.0000174,0.0000000,0.0000000
77484,0.0000174,0.0000000,0.0000000
77485,0.0000174,0.0000000,0.0000000
77486,0.0000174,0.0000000,0.0000000
77487,0.0000174,0.0000000,0.0000000
77488,0.0000174,0.0000000,0.0000000
77489,0.0000174,0.0000000,0.0000000
77490,0.0000174,0.0000000,0.0000000
77491,0.0000174,0.0000000,0.0000000
77492,0.0000174,0.0000000,0.0000000
77493,0.0000174,0.0000000,0.0000000
77494,0.0000174,0.0000000,0.0000000
77495,0.0000174,0.0000000,0.0000000
77496,0.0000174,0.0000000,0.0000000
77497,0.0000174,0.0000000,0.0000000
77498,0.0000174,0.0000000,0.0000000
77499,0.0000174,0.0000000,0.0000000
77500,0.0000174,0.0000000,0.0000000
77501,0.0000174,0.0000000,0.0000000
77502,0.0000174,0.0000000,0.0000000
77503,0.0000174,0.0000000,0.0000000
77504,0.0000174,0.0000000,0.0000000
77505,0.0000174,0.0000000,0.0000000
77506,0.0000174,0.0000000,0.0000000
77507,0.0000174,0.0000000,0.0000000
77508,0.0000174,0.0000000,0.0000000
77509,0.0000174,0.0000000,0.0000000
77510,0.0000174,0.0000000,0.0000000
77511,0.0000174,0.0000000,0.0000000
77512,0.0000174,0.0000000,0.0000000
77513,0.0000174,0.0000000,0.0000000
77514,0.0000174,0.0000000,0.0000000
77515,0.0000174,0.0000000,0.0000000
77516,0.0000174,0.0000000,0.0000000
77517,0.0000174,0.0000000,0.0000000
77518,0.0000174,0.0000000,0.0000000
77519,0.0000174,0.0000000,0.0000000
77520,0.0000174,0.0000000,0.0000000
77521,0.0000174,0.0000000,0.0000000
77522,0.0000174,0.0000000,0.0000000
77523,0.0000174,0.0000000,0.0000000
77524,0.0000174,0.0000000,0.0000000
77525,0.0000174,0.0000000,0.0000000
77526,0.0000174,0.0000000,0.0000000
77527,0.0000174,0.0000000,0.0000000
77528,0.0000174,0.0000000,0.0000000
77529,0.0000174,0.0000000,0.0000000
77530,0.0000174,0.0000000,0.0000000
77531,0.0000174,0.0000000,0.0000000
77532,0.0000174,0.0000000,0.0000000
77533,0.0000174,0.0000000,0.0000000
77534,0.0000174,0.0000000,0.0000000
77535,0.0000174,0.0000000,0.0000000
77536,0.0000174,0.0000000,0.0000000
77537,0.0000174,0.0000000,0.0000000
77538,0.0000174,0.0000000,0.0000000
77539,0.0000174,0.0000000,0.0000000
77540,0.0000174,0.0000000,0.0000000
77541,0.0000174,0.0000000,0.0000000
77542,0.0000174,0.0000000,0.0000000
77543,0.0000174,0.0000000,0.0000000
77544,0.0000174,0.0000000,0.0000000
77545,0.0000174,0.0000000,0.0000000
77546,0.0000174,0.0000000,0.0000000
77547,0.0000174,0.0000000,0.0000000
77548,0.0000173,0.0000000,0.0000000
77549,0.0000173,0.0000000,0.0000000
77550,0.0000173,0.0000000,0.0000000
77551,0.0000173,0.0000000,0.0000000
77552,0.0000173,0.0000000,0.0000000
77553,0.0000173,0.0000000,0.0000000
77554,0.0000173,0.0000000,0.0000000
77555,0.0000173,0.0000000,0.0000000
77556,0.0000173,0.0000000,0.0000000
77557,0.0000173,0.0000000,0.0000000
77558,0.0000173,0.0000000,0.0000000
77559,0.0000173,0.0000000,0.0000000
77560,0.0000173,0.0000000,0.0000000
77561,0.0000173,0.0000000,0.0000000
77562,0.0000173,0.0000000,0.0000000
77563,0.0000173,0.0000000,0.0000000
77564,0.0000173,0.0000000,0.0000000
77565,0.0000173,0.0000000,0.0000000
77566,0.0000173,0.0000000,0.0000000
77567,0.0000173,0.0000000,0.0000000
77568,0.0000173,0.0000000,0.0000000
77569,0.0000173,0.0000000,0.0000000
77570,0.0000173,0.0000000,0.0000000
77571,0.0000173,0.0000000,0.0000000
77572,0.0000173,0.0000000,0.0000000
77573,0.0000173,0.0000000,0.0000000
77574,0.0000173,0.0000000,0.0000000
77575,0.0000173,0.0000000,0.0000000
77576,0.0000173,0.0000000,0.0000000
77577,0.0000173,0.0000000,0.0000000
77578,0.0000173,0.0000000,0.0000000
77579,0.0000173,0.0000000,0.0000000
77580,0.0000173,0.0000000,0.0000000
77581,0.0000173,0.0000000,0.0000000
77582,0.0000173,0.0000000,0.0000000
77583,0.0000173,0.0000000,0.0000000
77584,0.0000173,0.0000000,0.0000000
77585,0.0000173,0.0000000,0.0000000
77586,0.0000173,0.0000000,0.0000000
77587,0.0000173,0.0000000,0.0000000
77588,0.0000173,0.0000000,0.0000000
77589,0.0000173,0.0000000,0.0000000
77590,0.0000173,0.0000000,0.0000000
77591,0.0000173,0.0000000,0.0000000
77592,0.0000173,0.0000000,0.0000000
77593,0.0000173,0.0000000,0.0000000
77594,0.0000173,0.0000000,0.0000000
77595,0.0000173,0.0000000,0.0000000
77596,0.0000173,0.0000000,0.0000000
77597,0.0000173,0.0000000,0.0000000
77598,0.0000173,0.0000000,0.0000000
77599,0.0000173,0.0000000,0.0000000
77600,0.0000173,0.0000000,0.0000000
77601,0.0000173,0.0000000,0.0000000
77602,0.0000173,0.0000000,0.0000000
77603,0.0000173,0.0000000,0.0000000
77604,0.0000173,0.0000000,0.0000000
77605,0.0000173,0.0000000,0.0000000
77606,0.0000173,0.0000000,0.0000000
77607,0.0000173,0.0000000,0.0000000
77608,0.0000173,0.0000000,0.0000000
77609,0.0000173,0.0000000,0.0000000
77610,0.0000173,0.0000000,0.0000000
77611,0.0000173,0.0000000,0.0000000
77612,0.0000173,0.0000000,0.0000000
77613,0.0000173,0.0000000,0.0000000
77614,0.0000173,0.0000000,0.0000000
77615,0.0000173,0.0000000,0.0000000
77616,0.0000173,0.0000000,0.0000000
77617,0.0000173,0.0000000,0.0000000
77618,0.0000173,0.0000000,0.0000000
77619,0.0000173,0.0000000,0.0000000
77620,0.0000173,0.0000000,0.0000000
77621,0.0000173,0.0000000,0.0000000
77622,0.0000173,0.0000000,0.0000000
77623,0.0000173,0.0000000,0.0000000
77624,0.0000173,0.0000000,0.0000000
77625,0.0000173,0.0000000,0.0000000
77626,0.0000173,0.0000000,0.0000000
77627,0.0000173,0.0000000,0.0000000
77628,0.0000173,0.0000000,0.0000000
77629,0.0000173,0.0000000,0.0000000
77630,0.0000173,0.0000000,0.0000000
77631,0.0000173,0.0000000,0.0000000
77632,0.0000173,0.0000000,0.0000000
77633,0.0000173,0.0000000,0.0000000
77634,0.0000173,0.0000000,0.0000000
77635,0.0000173,0.0000000,0.0000000
77636,0.0000173,0.0000000,0.0000000
77637,0.0000173,0.0000000,0.0000000
77638,0.0000173,0.0000000,0.0000000
77639,0.0000173,0.0000000,0.0000000
77640,0.0000173,0.0000000,0.0000000
77641,0.0000173,0.0000000,0.0000000
77642,0.0000173,0.0000000,0.0000000
77643,0.0000173,0.0000000,0.0000000
77644,0.0000173,0.0000000,0.0000000
77645,0.0000173,0.0000000,0.0000000
77646,0.0000173,0.0000000,0.0000000
77647,0.0000173,0.0000000,0.0000000
77648,0.0000173,0.0000000,0.0000000
77649,0.0000173,0.0000000,0.0000000
77650,0.0000173,0.0000000,0.0000000
77651,0.0000173,0.0000000,0.0000000
77652,0.0000173,0.0000000,0.0000000
77653,0.0000173,0.0000000,0.0000000
77654,0.0000173,0.0000000,0.0000000
77655,0.0000173,0.0000000,0.0000000
77656,0.0000173,0.0000000,0.0000000
77657,0.0000173,0.0000000,0.0000000
77658,0.0000173,0.0000000,0.0000000
77659,0.0000173,0.0000000,0.0000000
77660,0.0000173,0.0000000,0.0000000
77661,0.0000173,0.0000000,0.0000000
77662,0.0000173,0.0000000,0.0000000
77663,0.0000173,0.0000000,0.0000000
77664,0.0000173,0.0000000,0.0000000
77665,0.0000173,0.0000000,0.0000000
77666,0.0000173,0.0000000,0.0000000
77667,0.0000173,0.0000000,0.0000000
77668,0.0000173,0.0000000,0.0000000
77669,0.0000173,0.0000000,0.0000000
77670,0.0000173,0.0000000,0.0000000
77671,0.0000173,0.0000000,0.0000000
77672,0.0000173,0.0000000,0.0000000
77673,0.0000173,0.0000000,0.0000000
77674,0.0000173,0.0000000,0.0000000
77675,0.0000173,0.0000000,0.0000000
77676,0.0000173,0.0000000,0.0000000
77677,0.0000172,0.0000000,0.0000000
77678,0.0000172,0.0000000,0.0000000
77679,0.0000172,0.0000000,0.0000000
77680,0.0000172,0.0000000,0.0000000
77681,0.0000172,0.0000000,0.0000000
77682,0.0000172,0.0000000,0.0000000
77683,0.0000172,0.0000000,0.0000000
77684,0.0000172,0.0000000,0.0000000
77685,0.0000172,0.0000000,0.0000000
77686,0.0000172,0.0000000,0.0000000
77687,0.0000172,0.0000000,0.0000000
77688,0.0000172,0.0000000,0.0000000
77689,0.0000172,0.0000000,0.0000000
77690,0.0000172,0.0000000,0.0000000
77691,0.0000172,0.0000000,0.0000000
77692,0.0000172,0.0000000,0.0000000
77693,0.0000172,0.0000000,0.0000000
77694,0.0000172,0.0000000,0.0000000
77695,0.0000172,0.0000000,0.0000000
77696,0.0000172,0.0000000,0.0000000
77697,0.0000172,0.0000000,0.0000000
77698,0.0000172,0.0000000,0.0000000
77699,0.0000172,0.0000000,0.0000000
77700,0.0000172,0.0000000,0.0000000
77701,0.0000172,0.0000000,0.0000000
77702,0.0000172,0.0000000,0.0000000
77703,0.0000172,0.0000000,0.0000000
77704,0.0000172,0.0000000,0.0000000
77705,0.0000172,0.0000000,0.0000000
77706,0.0000172,0.0000000,0.0000000
77707,0.0000172,0.0000000,0.0000000
77708,0.0000172,0.0000000,0.0000000
77709,0.0000172,0.0000000,0.0000000
77710,0.0000172,0.0000000,0.0000000
77711,0.0000172,0.0000000,0.0000000
77712,0.0000172,0.0000000,0.0000000
77713,0.0000172,0.0000000,0.0000000
77714,0.0000172,0.0000000,0.0000000
77715,0.0000172,0.0000000,0.0000000
77716,0.0000172,0.0000000,0.0000000
77717,0.0000172,0.0000000,0.0000000
77718,0.0000172,0.0000000,0.0000000
77719,0.0000172,0.0000000,0.0000000
77720,0.0000172,0.0000000,0.0000000
77721,0.0000172,0.0000000,0.0000000
77722,0.0000172,0.0000000,0.0000000
77723,0.0000172,0.0000000,0.0000000
77724,0.0000172,0.0000000,0.0000000
77725,0.0000172,0.0000000,0.0000000
77726,0.0000172,0.0000000,0.0000000
77727,0.0000172,0.0000000,0.0000000
77728,0.0000172,0.0000000,0.0000000
77729,0.0000172,0.0000000,0.0000000
77730,0.0000172,0.0000000,0.0000000
77731,0.0000172,0.0000000,0.0000000
77732,0.0000172,0.0000000,0.0000000
77733,0.0000172,0.0000000,0.0000000
77734,0.0000172,0.0000000,0.0000000
77735,0.0000172,0.0000000,0.0000000
77736,0.0000172,0.0000000,0.0000000
77737,0.0000172,0.0000000,0.0000000
77738,0.0000172,0.0000000,0.0000000
77739,0.0000172,0.0000000,0.0000000
77740,0.0000172,0.0000000,0.0000000
77741,0.0000172,0.0000000,0.0000000
77742,0.0000172,0.0000000,0.0000000
77743,0.0000172,0.0000000,0.0000000
77744,0.0000172,0.0000000,0.0000000
77745,0.0000172,0.0000000,0.0000000
77746,0.0000172,0.0000000,0.0000000
77747,0.0000172,0.0000000,0.0000000
77748,0.0000172,0.0000000,0.0000000
77749,0.0000172,0.0000000,0.0000000
77750,0.0000172,0.0000000,0.0000000
77751,0.0000172,0.0000000,0.0000000
77752,0.0000172,0.0000000,0.0000000
77753,0.0000172,0.0000000,0.0000000
77754,0.0000172,0.0000000,0.0000000
77755,0.0000172,0.0000000,0.0000000
77756,0.0000172,0.0000000,0.0000000
77757,0.0000172,0.0000000,0.0000000
77758,0.0000172,0.0000000,0.0000000
77759,0.0000172,0.0000000,0.0000000
77760,0.0000172,0.0000000,0.0000000
77761,0.0000172,0.0000000,0.0000000
77762,0.0000172,0.0000000,0.0000000
77763,0.0000172,0.0000000,0.0000000
77764,0.0000172,0.0000000,0.0000000
77765,0.0000172,0.0000000,0.0000000
77766,0.0000172,0.0000000,0.0000000
77767,0.0000172,0.0000000,0.0000000
77768,0.0000172,0.0000000,0.0000000
77769,0.0000172,0.0000000,0.0000000
77770,0.0000172,0.0000000,0.0000000
77771,0.0000172,0.0000000,0.0000000
77772,0.0000172,0.0000000,0.0000000
77773,0.0000172,0.0000000,0.0000000
77774,0.0000172,0.0000000,0.0000000
77775,0.0000172,0.0000000,0.0000000
77776,0.0000172,0.0000000,0.0000000
77777,0.0000172,0.0000000,0.0000000
77778,0.0000172,0.0000000,0.0000000
77779,0.0000172,0.0000000,0.0000000
77780,0.0000172,0.0000000,0.0000000
77781,0.0000172,0.0000000,0.0000000
77782,0.0000172,0.0000000,0.0000000
77783,0.0000172,0.0000000,0.0000000
77784,0.0000172,0.0000000,0.0000000
77785,0.0000172,0.0000000,0.0000000
77786,0.0000172,0.0000000,0.0000000
77787,0.0000172,0.0000000,0.0000000
77788,0.0000172,0.0000000,0.0000000
77789,0.0000172,0.0000000,0.0000000
77790,0.0000172,0.0000000,0.0000000
77791,0.0000172,0.0000000,0.0000000
77792,0.0000172,0.0000000,0.0000000
77793,0.0000172,0.0000000,0.0000000
77794,0.0000172,0.0000000,0.0000000
77795,0.0000172,0.0000000,0.0000000
77796,0.0000172,0.0000000,0.0000000
77797,0.0000172,0.0000000,0.0000000
77798,0.0000172,0.0000000,0.0000000
77799,0.0000172,0.0000000,0.0000000
77800,0.0000172,0.0000000,0.0000000
77801,0.0000172,0.0000000,0.0000000
77802,0.0000172,0.0000000,0.0000000
77803,0.0000172,0.0000000,0.0000000
77804,0.0000172,0.0000000,0.0000000
77805,0.0000172,0.0000000,0.0000000
77806,0.0000172,0.0000000,0.0000000
77807,0.0000171,0.0000000,0.0000000
77808,0.0000171,0.0000000,0.0000000
77809,0.0000171,0.0000000,0.0000000
77810,0.0000171,0.0000000,0.0000000
77811,0.0000171,0.0000000,0.0000000
77812,0.0000171,0.0000000,0.0000000
77813,0.0000171,0.0000000,0.0000000
77814,0.0000171,0.0000000,0.0000000
77815,0.0000171,0.0000000,0.0000000
77816,0.0000171,0.0000000,0.0000000
77817,0.0000171,0.0000000,0.0000000
77818,0.0000171,0.0000000,0.0000000
77819,0.0000171,0.0000000,0.0000000
77820,0.0000171,0.0000000,0.0000000
77821,0.0000171,0.0000000,0.0000000
77822,0.0000171,0.0000000,0.0000000
77823,0.0000171,0.0000000,0.0000000
77824,0.0000171,0.0000000,0.0000000
77825,0.0000171,0.0000000,0.0000000
77826,0.0000171,0.0000000,0.0000000
77827,0.0000171,0.0000000,0.0000000
77828,0.0000171,0.0000000,0.0000000
77829,0.0000171,0.0000000,0.0000000
77830,0.0000171,0.0000000,0.0000000
77831,0.0000171,0.0000000,0.0000000
77832,0.0000171,0.0000000,0.0000000
77833,0.0000171,0.0000000,0.0000000
77834,0.0000171,0.0000000,0.0000000
77835,0.0000171,0.0000000,0.0000000
77836,0.0000171,0.0000000,0.0000000
77837,0.0000171,0.0000000,0.0000000
77838,0.0000171,0.0000000,0.0000000
77839,0.0000171,0.0000000,0.0000000
77840,0.0000171,0.0000000,0.0000000
77841,0.0000171,0.0000000,0.0000000
77842,0.0000171,0.0000000,0.0000000
77843,0.0000171,0.0000000,0.0000000
77844,0.0000171,0.0000000,0.0000000
77845,0.0000171,0.0000000,0.0000000
77846,0.0000171,0.0000000,0.0000000
77847,0.0000171,0.0000000,0.0000000
77848,0.0000171,0.0000000,0.0000000
77849,0.0000171,0.0000000,0.0000000
77850,0.0000171,0.0000000,0.0000000
77851,0.0000171,0.0000000,0.0000000
77852,0.0000171,0.0000000,0.0000000
77853,0.0000171,0.0000000,0.0000000
77854,0.0000171,0.0000000,0.0000000
77855,0.0000171,0.0000000,0.0000000
77856,0.0000171,0.0000000,0.0000000
77857,0.0000171,0.0000000,0.0000000
77858,0.0000171,0.0000000,0.0000000
77859,0.0000171,0.0000000,0.0000000
77860,0.0000171,0.0000000,0.0000000
77861,0.0000171,0.0000000,0.0000000
77862,0.0000171,0.0000000,0.0000000
77863,0.0000171,0.0000000,0.0000000
77864,0.0000171,0.0000000,0.0000000
77865,0.0000171,0.0000000,0.0000000
77866,0.0000171,0.0000000,0.0000000
77867,0.0000171,0.0000000,0.0000000
77868,0.0000171,0.0000000,0.0000000
77869,0.0000171,0.0000000,0.0000000
77870,0.0000171,0.0000000,0.0000000
77871,0.0000171,0.0000000,0.0000000
77872,0.0000171,0.0000000,0.0000000
77873,0.0000171,0.0000000,0.0000000
77874,0.0000171,0.0000000,0.0000000
77875,0.0000171,0.0000000,0.0000000
77876,0.0000171,0.0000000,0.0000000
77877,0.0000171,0.0000000,0.0000000
77878,0.0000171,0.0000000,0.0000000
77879,0.0000171,0.0000000,0.0000000
77880,0.0000171,0.0000000,0.0000000
77881,0.0000171,0.0000000,0.0000000
77882,0.0000171,0.0000000,0.0000000
77883,0.0000171,0.0000000,0.0000000
77884,0.0000171,0.0000000,0.0000000
77885,0.0000171,0.0000000,0.0000000
77886,0.0000171,0.0000000,0.0000000
77887,0.0000171,0.0000000,0.0000000
77888,0.0000171,0.0000000,0.0000000
77889,0.0000171,0.0000000,0.0000000
77890,0.0000171,0.0000000,0.0000000
77891,0.0000171,0.0000000,0.0000000
77892,0.0000171,0.0000000,0.0000000
77893,0.0000171,0.0000000,0.0000000
77894,0.0000171,0.0000000,0.0000000
77895,0.0000171,0.0000000,0.0000000
77896,0.0000171,0.0000000,0.0000000
77897,0.0000171,0.0000000,0.0000000
77898,0.0000171,0.0000000,0.0000000
77899,0.0000171,0.0000000,0.0000000
77900,0.0000171,0.0000000,0.0000000
77901,0.0000171,0.0000000,0.0000000
77902,0.0000171,0.0000000,0.0000000
77903,0.0000171,0.0000000,0.0000000
77904,0.0000171,0.0000000,0.0000000
77905,0.0000171,0.0000000,0.0000000
77906,0.0000171,0.0000000,0.0000000
77907,0.0000171,0.0000000,0.0000000
77908,0.0000171,0.0000000,0.0000000
77909,0.0000171,0.0000000,0.0000000
77910,0.0000171,0.0000000,0.0000000
77911,0.0000171,0.0000000,0.0000000
77912,0.0000171,0.0000000,0.0000000
77913,0.0000171,0.0000000,0.0000000
77914,0.0000171,0.0000000,0.0000000
77915,0.0000171,0.0000000,0.0000000
77916,0.0000171,0.0000000,0.0000000
77917,0.0000171,0.0000000,0.0000000
77918,0.0000171,0.0000000,0.0000000
77919,0.0000171,0.0000000,0.0000000
77920,0.0000171,0.0000000,0.0000000
77921,0.0000171,0.0000000,0.0000000
77922,0.0000171,0.0000000,0.0000000
77923,0.0000171,0.0000000,0.0000000
77924,0.0000171,0.0000000,0.0000000
77925,0.0000171,0.0000000,0.0000000
77926,0.0000171,0.0000000,0.0000000
77927,0.0000171,0.0000000,0.0000000
77928,0.0000171,0.0000000,0.0000000
77929,0.0000171,0.0000000,0.0000000
77930,0.0000171,0.0000000,0.0000000
77931,0.0000171,0.0000000,0.0000000
77932,0.0000171,0.0000000,0.0000000
77933,0.0000171,0.0000000,0.0000000
77934,0.0000171,0.0000000,0.0000000
77935,0.0000171,0.0000000,0.0000000
77936,0.0000171,0.0000000,0.0000000
77937,0.0000171,0.0000000,0.0000000
77938,0.0000170,0.0000000,0.0000000
77939,0.0000170,0.0000000,0.0000000
77940,0.0000170,0.0000000,0.0000000
77941,0.0000170,0.0000000,0.0000000
77942,0.0000170,0.0000000,0.0000000
77943,0.0000170,0.0000000,0.0000000
77944,0.0000170,0.0000000,0.0000000
77945,0.0000170,0.0000000,0.0000000
77946,0.0000170,0.0000000,0.0000000
77947,0.0000170,0.0000000,0.0000000
77948,0.0000170,0.0000000,0.0000000
77949,0.0000170,0.0000000,0.0000000
77950,0.0000170,0.0000000,0.0000000
77951,0.0000170,0.0000000,0.0000000
77952,0.0000170,0.0000000,0.0000000
77953,0.0000170,0.0000000,0.0000000
77954,0.0000170,0.0000000,0.0000000
77955,0.0000170,0.0000000,0.0000000
77956,0.0000170,0.0000000,0.0000000
77957,0.0000170,0.0000000,0.0000000
77958,0.0000170,0.0000000,0.0000000
77959,0.0000170,0.0000000,0.0000000
77960,0.0000170,0.0000000,0.0000000
77961,0.0000170,0.0000000,0.0000000
77962,0.0000170,0.0000000,0.0000000
77963,0.0000170,0.0000000,0.0000000
77964,0.0000170,0.0000000,0.0000000
77965,0.0000170,0.0000000,0.0000000
77966,0.0000170,0.0000000,0.0000000
77967,0.0000170,0.0000000,0.0000000
77968,0.0000170,0.0000000,0.0000000
77969,0.0000170,0.0000000,0.0000000
77970,0.0000170,0.0000000,0.0000000
77971,0.0000170,0.0000000,0.0000000
77972,0.0000170,0.0000000,0.0000000
77973,0.0000170,0.0000000,0.0000000
77974,0.0000170,0.0000000,0.0000000
77975,0.0000170,0.0000000,0.0000000
77976,0.0000170,0.0000000,0.0000000
77977,0.0000170,0.0000000,0.0000000
77978,0.0000170,0.0000000,0.0000000
77979,0.0000170,0.0000000,0.0000000
77980,0.0000170,0.0000000,0.0000000
77981,0.0000170,0.0000000,0.0000000
77982,0.0000170,0.0000000,0.0000000
77983,0.0000170,0.0000000,0.0000000
77984,0.0000170,0.0000000,0.0000000
77985,0.0000170,0.0000000,0.0000000
77986,0.0000170,0.0000000,0.0000000
77987,0.0000170,0.0000000,0.0000000
77988,0.0000170,0.0000000,0.0000000
77989,0.0000170,0.0000000,0.0000000
77990,0.0000170,0.0000000,0.0000000
77991,0.0000170,0.0000000,0.0000000
77992,0.0000170,0.0000000,0.0000000
77993,0.0000170,0.0000000,0.0000000
77994,0.0000170,0.0000000,0.0000000
77995,0.0000170,0.0000000,0.0000000
77996,0.0000170,0.0000000,0.0000000
77997,0.0000170,0.0000000,0.0000000
77998,0.0000170,0.0000000,0.0000000
77999,0.0000170,0.0000000,0.0000000
78000,0.0000170,0.0000000,0.0000000
78001,0.0000170,0.0000000,0.0000000
78002,0.0000170,0.0000000,0.0000000
78003,0.0000170,0.0000000,0.0000000
78004,0.0000170,0.0000000,0.0000000
78005,0.0000170,0.0000000,0.0000000
78006,0.0000170,0.0000000,0.0000000
78007,0.0000170,0.0000000,0.0000000
78008,0.0000170,0.0000000,0.0000000
78009,0.0000170,0.0000000,0.0000000
78010,0.0000170,0.0000000,0.0000000
78011,0.0000170,0.0000000,0.0000000
78012,0.0000170,0.0000000,0.0000000
78013,0.0000170,0.0000000,0.0000000
78014,0.0000170,0.0000000,0.0000000
78015,0.0000170,0.0000000,0.0000000
78016,0.0000170,0.0000000,0.0000000
78017,0.0000170,0.0000000,0.0000000
78018,0.0000170,0.0000000,0.0000000
78019,0.0000170,0.0000000,0.0000000
78020,0.0000170,0.0000000,0.0000000
78021,0.0000170,0.0000000,0.0000000
78022,0.0000170,0.0000000,0.0000000
78023,0.0000170,0.0000000,0.0000000
78024,0.0000170,0.0000000,0.0000000
78025,0.0000170,0.0000000,0.0000000
78026,0.0000170,0.0000000,0.0000000
78027,0.0000170,0.0000000,0.0000000
78028,0.0000170,0.0000000,0.0000000
78029,0.0000170,0.0000000,0.0000000
78030,0.0000170,0.0000000,0.0000000
78031,0.0000170,0.0000000,0.0000000
78032,0.0000170,0.0000000,0.0000000
78033,0.0000170,0.0000000,0.0000000
78034,0.0000170,0.0000000,0.0000000
78035,0.0000170,0.0000000,0.0000000
78036,0.0000170,0.0000000,0.0000000
78037,0.0000170,0.0000000,0.0000000
78038,0.0000170,0.0000000,0.0000000
78039,0.0000170,0.0000000,0.0000000
78040,0.0000170,0.0000000,0.0000000
78041,0.0000170,0.0000000,0.0000000
78042,0.0000170,0.0000000,0.0000000
78043,0.0000170,0.0000000,0.0000000
78044,0.0000170,0.0000000,0.0000000
78045,0.0000170,0.0000000,0.0000000
78046,0.0000170,0.0000000,0.0000000
78047,0.0000170,0.0000000,0.0000000
78048,0.0000170,0.0000000,0.0000000
78049,0.0000170,0.0000000,0.0000000
78050,0.0000170,0.0000000,0.0000000
78051,0.0000170,0.0000000,0.0000000
78052,0.0000170,0.0000000,0.0000000
78053,0.0000170,0.0000000,0.0000000
78054,0.0000170,0.0000000,0.0000000
78055,0.0000170,0.0000000,0.0000000
78056,0.0000170,0.0000000,0.0000000
78057,0.0000170,0.0000000,0.0000000
78058,0.0000170,0.0000000,0.0000000
78059,0.0000170,0.0000000,0.0000000
78060,0.0000170,0.0000000,0.0000000
78061,0.0000170,0.0000000,0.0000000
78062,0.0000170,0.0000000,0.0000000
78063,0.0000170,0.0000000,0.0000000
78064,0.0000170,0.0000000,0.0000000
78065,0.0000170,0.0000000,0.0000000
78066,0.0000170,0.0000000,0.0000000
78067,0.0000170,0.0000000,0.0000000
78068,0.0000170,0.0000000,0.0000000
78069,0.0000170,0.0000000,0.0000000
78070,0.0000169,0.0000000,0.0000000
78071,0.0000169,0.0000000,0.0000000
78072,0.0000169,0.0000000,0.0000000
78073,0.0000169,0.0000000,0.0000000
78074,0.0000169,0.0000000,0.0000000
78075,0.0000169,0.0000000,0.0000000
78076,0.0000169,0.0000000,0.0000000
78077,0.0000169,0.0000000,0.0000000
78078,0.0000169,0.0000000,0.0000000
78079,0.0000169,0.0000000,0.0000000
78080,0.0000169,0.0000000,0.0000000
78081,0.0000169,0.0000000,0.0000000
78082,0.0000169,0.0000000,0.0000000
78083,0.0000169,0.0000000,0.0000000
78084,0.0000169,0.0000000,0.0000000
78085,0.0000169,0.0000000,0.0000000
78086,0.0000169,0.0000000,0.0000000
78087,0.0000169,0.0000000,0.0000000
78088,0.0000169,0.0000000,0.0000000
78089,0.0000169,0.0000000,0.0000000
78090,0.0000169,0.0000000,0.0000000
78091,0.0000169,0.0000000,0.0000000
78092,0.0000169,0.0000000,0.0000000
78093,0.0000169,0.0000000,0.0000000
78094,0.0000169,0.0000000,0.0000000
78095,0.0000169,0.0000000,0.0000000
78096,0.0000169,0.0000000,0.0000000
78097,0.0000169,0.0000000,0.0000000
78098,0.0000169,0.0000000,0.0000000
78099,0.0000169,0.0000000,0.0000000
78100,0.0000169,0.0000000,0.0000000
78101,0.0000169,0.0000000,0.0000000
78102,0.0000169,0.0000000,0.0000000
78103,0.0000169,0.0000000,0.0000000
78104,0.0000169,0.0000000,0.0000000
78105,0.0000169,0.0000000,0.0000000
78106,0.0000169,0.0000000,0.0000000
78107,0.0000169,0.0000000,0.0000000
78108,0.0000169,0.0000000,0.0000000
78109,0.0000169,0.0000000,0.0000000
78110,0.0000169,0.0000000,0.0000000
78111,0.0000169,0.0000000,0.0000000
78112,0.0000169,0.0000000,0.0000000
78113,0.0000169,0.0000000,0.0000000
78114,0.0000169,0.0000000,0.0000000
78115,0.0000169,0.0000000,0.0000000
78116,0.0000169,0.0000000,0.0000000
78117,0.0000169,0.0000000,0.0000000
78118,0.0000169,0.0000000,0.0000000
78119,0.0000169,0.0000000,0.0000000
78120,0.0000169,0.0000000,0.0000000
78121,0.0000169,0.0000000,0.0000000
78122,0.0000169,0.0000000,0.0000000
78123,0.0000169,0.0000000,0.0000000
78124,0.0000169,0.0000000,0.0000000
78125,0.0000169,0.0000000,0.0000000
78126,0.0000169,0.0000000,0.0000000
78127,0.0000169,0.0000000,0.0000000
78128,0.0000169,0.0000000,0.0000000
78129,0.0000169,0.0000000,0.0000000
78130,0.0000169,0.0000000,0.0000000
78131,0.0000169,0.0000000,0.0000000
78132,0.0000169,0.0000000,0.0000000
78133,0.0000169,0.0000000,0.0000000
78134,0.0000169,0.0000000,0.0000000
78135,0.0000169,0.0000000,0.0000000
78136,0.0000169,0.0000000,0.0000000
78137,0.0000169,0.0000000,0.0000000
78138,0.0000169,0.0000000,0.0000000
78139,0.0000169,0.0000000,0.0000000
78140,0.0000169,0.0000000,0.0000000
78141,0.0000169,0.0000000,0.0000000
78142,0.0000169,0.0000000,0.0000000
78143,0.0000169,0.0000000,0.0000000
78144,0.0000169,0.0000000,0.0000000
78145,0.0000169,0.0000000,0.0000000
78146,0.0000169,0.0000000,0.0000000
78147,0.0000169,0.0000000,0.0000000
78148,0.0000169,0.0000000,0.0000000
78149,0.0000169,0.0000000,0.0000000
78150,0.0000169,0.0000000,0.0000000
78151,0.0000169,0.0000000,0.0000000
78152,0.0000169,0.0000000,0.0000000
78153,0.0000169,0.0000000,0.0000000
78154,0.0000169,0.0000000,0.0000000
78155,0.0000169,0.0000000,0.0000000
78156,0.0000169,0.0000000,0.0000000
78157,0.0000169,0.0000000,0.0000000
78158,0.0000169,0.0000000,0.0000000
78159,0.0000169,0.0000000,0.0000000
78160,0.0000169,0.0000000,0.0000000
78161,0.0000169,0.0000000,0.0000000
78162,0.0000169,0.0000000,0.0000000
78163,0.0000169,0.0000000,0.0000000
78164,0.0000169,0.0000000,0.0000000
78165,0.0000169,0.0000000,0.0000000
78166,0.0000169,0.0000000,0.0000000
78167,0.0000169,0.0000000,0.0000000
78168,0.0000169,0.0000000,0.0000000
78169,0.0000169,0.0000000,0.0000000
78170,0.0000169,0.0000000,0.0000000
78171,0.0000169,0.0000000,0.0000000
78172,0.0000169,0.0000000,0.0000000
78173,0.0000169,0.0000000,0.0000000
78174,0.0000169,0.0000000,0.0000000
78175,0.0000169,0.0000000,0.0000000
78176,0.0000169,0.0000000,0.0000000
78177,0.0000169,0.0000000,0.0000000
78178,0.0000169,0.0000000,0.0000000
78179,0.0000169,0.0000000,0.0000000
78180,0.0000169,0.0000000,0.0000000
78181,0.0000169,0.0000000,0.0000000
78182,0.0000169,0.0000000,0.0000000
78183,0.0000169,0.0000000,0.0000000
78184,0.0000169,0.0000000,0.0000000
78185,0.0000169,0.0000000,0.0000000
78186,0.0000169,0.0000000,0.0000000
78187,0.0000169,0.0000000,0.0000000
78188,0.0000169,0.0000000,0.0000000
78189,0.0000169,0.0000000,0.0000000
78190,0.0000169,0.0000000,0.0000000
78191,0.0000169,0.0000000,0.0000000
78192,0.0000169,0.0000000,0.0000000
78193,0.0000169,0.0000000,0.0000000
78194,0.0000169,0.0000000,0.0000000
78195,0.0000169,0.0000000,0.0000000
78196,0.0000169,0.0000000,0.0000000
78197,0.0000169,0.0000000,0.0000000
78198,0.0000169,0.0000000,0.0000000
78199,0.0000169,0.0000000,0.0000000
78200,0.0000169,0.0000000,0.0000000
78201,0.0000169,0.0000000,0.0000000
78202,0.0000168,0.0000000,0.0000000
78203,0.0000168,0.0000000,0.0000000
78204,0.0000168,0.0000000,0.0000000
78205,0.0000168,0.0000000,0.0000000
78206,0.0000168,0.0000000,0.0000000
78207,0.0000168,0.0000000,0.0000000
78208,0.0000168,0.0000000,0.0000000
78209,0.0000168,0.0000000,0.0000000
78210,0.0000168,0.0000000,0.0000000
78211,0.0000168,0.0000000,0.0000000
78212,0.0000168,0.0000000,0.0000000
78213,0.0000168,0.0000000,0.0000000
78214,0.0000168,0.0000000,0.0000000
78215,0.0000168,0.0000000,0.0000000
78216,0.0000168,0.0000000,0.0000000
78217,0.0000168,0.0000000,0.0000000
78218,0.0000168,0.0000000,0.0000000
78219,0.0000168,0.0000000,0.0000000
78220,0.0000168,0.0000000,0.0000000
78221,0.0000168,0.0000000,0.0000000
78222,0.0000168,0.0000000,0.0000000
78223,0.0000168,0.0000000,0.0000000
78224,0.0000168,0.0000000,0.0000000
78225,0.0000168,0.0000000,0.0000000
78226,0.0000168,0.0000000,0.0000000
78227,0.0000168,0.0000000,0.0000000
78228,0.0000168,0.0000000,0.0000000
78229,0.0000168,0.0000000,0.0000000
78230,0.0000168,0.0000000,0.0000000
78231,0.0000168,0.0000000,0.0000000
78232,0.0000168,0.0000000,0.0000000
78233,0.0000168,0.0000000,0.0000000
78234,0.0000168,0.0000000,0.0000000
78235,0.0000168,0.0000000,0.0000000
78236,0.0000168,0.0000000,0.0000000
78237,0.0000168,0.0000000,0.0000000
78238,0.0000168,0.0000000,0.0000000
78239,0.0000168,0.0000000,0.0000000
78240,0.0000168,0.0000000,0.0000000
78241,0.0000168,0.0000000,0.0000000
78242,0.0000168,0.0000000,0.0000000
78243,0.0000168,0.0000000,0.0000000
78244,0.0000168,0.0000000,0.0000000
78245,0.0000168,0.0000000,0.0000000
78246,0.0000168,0.0000000,0.0000000
78247,0.0000168,0.0000000,0.0000000
78248,0.0000168,0.0000000,0.0000000
78249,0.0000168,0.0000000,0.0000000
78250,0.0000168,0.0000000,0.0000000
78251,0.0000168,0.0000000,0.0000000
78252,0.0000168,0.0000000,0.0000000
78253,0.0000168,0.0000000,0.0000000
78254,0.0000168,0.0000000,0.0000000
78255,0.0000168,0.0000000,0.0000000
78256,0.0000168,0.0000000,0.0000000
78257,0.0000168,0.0000000,0.0000000
78258,0.0000168,0.0000000,0.0000000
78259,0.0000168,0.0000000,0.0000000
78260,0.0000168,0.0000000,0.0000000
78261,0.0000168,0.0000000,0.0000000
78262,0.0000168,0.0000000,0.0000000
78263,0.0000168,0.0000000,0.0000000
78264,0.0000168,0.0000000,0.0000000
78265,0.0000168,0.0000000,0.0000000
78266,0.0000168,0.0000000,0.0000000
78267,0.0000168,0.0000000,0.0000000
78268,0.0000168,0.0000000,0.0000000
78269,0.0000168,0.0000000,0.0000000
78270,0.0000168,0.0000000,0.0000000
78271,0.0000168,0.0000000,0.0000000
78272,0.0000168,0.0000000,0.0000000
78273,0.0000168,0.0000000,0.0000000
78274,0.0000168,0.0000000,0.0000000
78275,0.0000168,0.0000000,0.0000000
78276,0.0000168,0.0000000,0.0000000
78277,0.0000168,0.0000000,0.0000000
78278,0.0000168,0.0000000,0.0000000
78279,0.0000168,0.0000000,0.0000000
78280,0.0000168,0.0000000,0.0000000
78281,0.0000168,0.0000000,0.0000000
78282,0.0000168,0.0000000,0.0000000
78283,0.0000168,0.0000000,0.0000000
78284,0.0000168,0.0000000,0.0000000
78285,0.0000168,0.0000000,0.0000000
78286,0.0000168,0.0000000,0.0000000
78287,0.0000168,0.0000000,0.0000000
78288,0.0000168,0.0000000,0.0000000
78289,0.0000168,0.0000000,0.0000000
78290,0.0000168,0.0000000,0.0000000
78291,0.0000168,0.0000000,0.0000000
78292,0.0000168,0.0000000,0.0000000
78293,0.0000168,0.0000000,0.0000000
78294,0.0000168,0.0000000,0.0000000
78295,0.0000168,0.0000000,0.0000000
78296,0.0000168,0.0000000,0.0000000
78297,0.0000168,0.0000000,0.0000000
78298,0.0000168,0.0000000,0.0000000
78299,0.0000168,0.0000000,0.0000000
78300,0.0000168,0.0000000,0.0000000
78301,0.0000168,0.0000000,0.0000000
78302,0.0000168,0.0000000,0.0000000
78303,0.0000168,0.0000000,0.0000000
78304,0.0000168,0.0000000,0.0000000
78305,0.0000168,0.0000000,0.0000000
78306,0.0000168,0.0000000,0.0000000
78307,0.0000168,0.0000000,0.0000000
78308,0.0000168,0.0000000,0.0000000
78309,0.0000168,0.0000000,0.0000000
78310,0.0000168,0.0000000,0.0000000
78311,0.0000168,0.0000000,0.0000000
78312,0.0000168,0.0000000,0.0000000
78313,0.0000168,0.0000000,0.0000000
78314,0.0000168,0.0000000,0.0000000
78315,0.0000168,0.0000000,0.0000000
78316,0.0000168,0.0000000,0.0000000
78317,0.0000168,0.0000000,0.0000000
78318,0.0000168,0.0000000,0.0000000
78319,0.0000168,0.0000000,0.0000000
78320,0.0000168,0.0000000,0.0000000
78321,0.0000168,0.0000000,0.0000000
78322,0.0000168,0.0000000,0.0000000
78323,0.0000168,0.0000000,0.0000000
78324,0.0000168,0.0000000,0.0000000
78325,0.0000168,0.0000000,0.0000000
78326,0.0000168,0.0000000,0.0000000
78327,0.0000168,0.0000000,0.0000000
78328,0.0000168,0.0000000,0.0000000
78329,0.0000168,0.0000000,0.0000000
78330,0.0000168,0.0000000,0.0000000
78331,0.0000168,0.0000000,0.0000000
78332,0.0000168,0.0000000,0.0000000
78333,0.0000168,0.0000000,0.0000000
78334,0.0000168,0.0000000,0.0000000
78335,0.0000167,0.0000000,0.0000000
78336,0.0000167,0.0000000,0.0000000
78337,0.0000167,0.0000000,0.0000000
78338,0.0000167,0.0000000,0.0000000
78339,0.0000167,0.0000000,0.0000000
78340,0.0000167,0.0000000,0.0000000
78341,0.0000167,0.0000000,0.0000000
78342,0.0000167,0.0000000,0.0000000
78343,0.0000167,0.0000000,0.0000000
78344,0.0000167,0.0000000,0.0000000
78345,0.0000167,0.0000000,0.0000000
78346,0.0000167,0.0000000,0.0000000
78347,0.0000167,0.0000000,0.0000000
78348,0.0000167,0.0000000,0.0000000
78349,0.0000167,0.0000000,0.0000000
78350,0.0000167,0.0000000,0.0000000
78351,0.0000167,0.0000000,0.0000000
78352,0.0000167,0.0000000,0.0000000
78353,0.0000167,0.0000000,0.0000000
78354,0.0000167,0.0000000,0.0000000
78355,0.0000167,0.0000000,0.0000000
78356,0.0000167,0.0000000,0.0000000
78357,0.0000167,0.0000000,0.0000000
78358,0.0000167,0.0000000,0.0000000
78359,0.0000167,0.0000000,0.0000000
78360,0.0000167,0.0000000,0.0000000
78361,0.0000167,0.0000000,0.0000000
78362,0.0000167,0.0000000,0.0000000
78363,0.0000167,0.0000000,0.0000000
78364,0.0000167,0.0000000,0.0000000
78365,0.0000167,0.0000000,0.0000000
78366,0.0000167,0.0000000,0.0000000
78367,0.0000167,0.0000000,0.0000000
78368,0.0000167,0.0000000,0.0000000
78369,0.0000167,0.0000000,0.0000000
78370,0.0000167,0.0000000,0.0000000
78371,0.0000167,0.0000000,0.0000000
78372,0.0000167,0.0000000,0.0000000
78373,0.0000167,0.0000000,0.0000000
78374,0.0000167,0.0000000,0.0000000
78375,0.0000167,0.0000000,0.0000000
78376,0.0000167,0.0000000,0.0000000
78377,0.0000167,0.0000000,0.0000000
78378,0.0000167,0.0000000,0.0000000
78379,0.0000167,0.0000000,0.0000000
78380,0.0000167,0.0000000,0.0000000
78381,0.0000167,0.0000000,0.0000000
78382,0.0000167,0.0000000,0.0000000
78383,0.0000167,0.0000000,0.0000000
78384,0.0000167,0.0000000,0.0000000
78385,0.0000167,0.0000000,0.0000000
78386,0.0000167,0.0000000,0.0000000
78387,0.0000167,0.0000000,0.0000000
78388,0.0000167,0.0000000,0.0000000
78389,0.0000167,0.0000000,0.0000000
78390,0.0000167,0.0000000,0.0000000
78391,0.0000167,0.0000000,0.0000000
78392,0.0000167,0.0000000,0.0000000
78393,0.0000167,0.0000000,0.0000000
78394,0.0000167,0.0000000,0.0000000
78395,0.0000167,0.0000000,0.0000000
78396,0.0000167,0.0000000,0.0000000
78397,0.0000167,0.0000000,0.0000000
78398,0.0000167,0.0000000,0.0000000
78399,0.0000167,0.0000000,0.0000000
78400,0.0000167,0.0000000,0.0000000
78401,0.0000167,0.0000000,0.0000000
78402,0.0000167,0.0000000,0.0000000
78403,0.0000167,0.0000000,0.0000000
78404,0.0000167,0.0000000,0.0000000
78405,0.0000167,0.0000000,0.0000000
78406,0.0000167,0.0000000,0.0000000
78407,0.0000167,0.0000000,0.0000000
78408,0.0000167,0.0000000,0.0000000
78409,0.0000167,0.0000000,0.0000000
78410,0.0000167,0.0000000,0.0000000
78411,0.0000167,0.0000000,0.0000000
78412,0.0000167,0.0000000,0.0000000
78413,0.0000167,0.0000000,0.0000000
78414,0.0000167,0.0000000,0.0000000
78415,0.0000167,0.0000000,0.0000000
78416,0.0000167,0.0000000,0.0000000
78417,0.0000167,0.0000000,0.0000000
78418,0.0000167,0.0000000,0.0000000
78419,0.0000167,0.0000000,0.0000000
78420,0.0000167,0.0000000,0.0000000
78421,0.0000167,0.0000000,0.0000000
78422,0.0000167,0.0000000,0.0000000
78423,0.0000167,0.0000000,0.0000000
78424,0.0000167,0.0000000,0.0000000
78425,0.0000167,0.0000000,0.0000000
78426,0.0000167,0.0000000,0.0000000
78427,0.0000167,0.0000000,0.0000000
78428,0.0000167,0.0000000,0.0000000
78429,0.0000167,0.0000000,0.0000000
78430,0.0000167,0.0000000,0.0000000
78431,0.0000167,0.0000000,0.0000000
78432,0.0000167,0.0000000,0.0000000
78433,0.0000167,0.0000000,0.0000000
78434,0.0000167,0.0000000,0.0000000
78435,0.0000167,0.0000000,0.0000000
78436,0.0000167,0.0000000,0.0000000
78437,0.0000167,0.0000000,0.0000000
78438,0.0000167,0.0000000,0.0000000
78439,0.0000167,0.0000000,0.0000000
78440,0.0000167,0.0000000,0.0000000
78441,0.0000167,0.0000000,0.0000000
78442,0.0000167,0.0000000,0.0000000
78443,0.0000167,0.0000000,0.0000000
78444,0.0000167,0.0000000,0.0000000
78445,0.0000167,0.0000000,0.0000000
78446,0.0000167,0.0000000,0.0000000
78447,0.0000167,0.0000000,0.0000000
78448,0.0000167,0.0000000,0.0000000
78449,0.0000167,0.0000000,0.0000000
78450,0.0000167,0.0000000,0.0000000
78451,0.0000167,0.0000000,0.0000000
78452,0.0000167,0.0000000,0.0000000
78453,0.0000167,0.0000000,0.0000000
78454,0.0000167,0.0000000,0.0000000
78455,0.0000167,0.0000000,0.0000000
78456,0.0000167,0.0000000,0.0000000
78457,0.0000167,0.0000000,0.0000000
78458,0.0000167,0.0000000,0.0000000
78459,0.0000167,0.0000000,0.0000000
78460,0.0000167,0.0000000,0.0000000
78461,0.0000167,0.0000000,0.0000000
78462,0.0000167,0.0000000,0.0000000
78463,0.0000167,0.0000000,0.0000000
78464,0.0000167,0.0000000,0.0000000
78465,0.0000167,0.0000000,0.0000000
78466,0.0000167,0.0000000,0.0000000
78467,0.0000167,0.0000000,0.0000000
78468,0.0000167,0.0000000,0.0000000
78469,0.0000166,0.0000000,0.0000000
78470,0.0000166,0.0000000,0.0000000
78471,0.0000166,0.0000000,0.0000000
78472,0.0000166,0.0000000,0.0000000
78473,0.0000166,0.0000000,0.0000000
78474,0.0000166,0.0000000,0.0000000
78475,0.0000166,0.0000000,0.0000000
78476,0.0000166,0.0000000,0.0000000
78477,0.0000166,0.0000000,0.0000000
78478,0.0000166,0.0000000,0.0000000
78479,0.0000166,0.0000000,0.0000000
78480,0.0000166,0.0000000,0.0000000
78481,0.0000166,0.0000000,0.0000000
78482,0.0000166,0.0000000,0.0000000
78483,0.0000166,0.0000000,0.0000000
78484,0.0000166,0.0000000,0.0000000
78485,0.0000166,0.0000000,0.0000000
78486,0.0000166,0.0000000,0.0000000
78487,0.0000166,0.0000000,0.0000000
78488,0.0000166,0.0000000,0.0000000
78489,0.0000166,0.0000000,0.0000000
78490,0.0000166,0.0000000,0.0000000
78491,0.0000166,0.0000000,0.0000000
78492,0.0000166,0.0000000,0.0000000
78493,0.0000166,0.0000000,0.0000000
78494,0.0000166,0.0000000,0.0000000
78495,0.0000166,0.0000000,0.0000000
78496,0.0000166,0.0000000,0.0000000
78497,0.0000166,0.0000000,0.0000000
78498,0.0000166,0.0000000,0.0000000
78499,0.0000166,0.0000000,0.0000000
78500,0.0000166,0.0000000,0.0000000
78501,0.0000166,0.0000000,0.0000000
78502,0.0000166,0.0000000,0.0000000
78503,0.0000166,0.0000000,0.0000000
78504,0.0000166,0.0000000,0.0000000
78505,0.0000166,0.0000000,0.0000000
78506,0.0000166,0.0000000,0.0000000
78507,0.0000166,0.0000000,0.0000000
78508,0.0000166,0.0000000,0.0000000
78509,0.0000166,0.0000000,0.0000000
78510,0.0000166,0.0000000,0.0000000
78511,0.0000166,0.0000000,0.0000000
78512,0.0000166,0.0000000,0.0000000
78513,0.0000166,0.0000000,0.0000000
78514,0.0000166,0.0000000,0.0000000
78515,0.0000166,0.0000000,0.0000000
78516,0.0000166,0.0000000,0.0000000
78517,0.0000166,0.0000000,0.0000000
78518,0.0000166,0.0000000,0.0000000
78519,0.0000166,0.0000000,0.0000000
78520,0.0000166,0.0000000,0.0000000
78521,0.0000166,0.0000000,0.0000000
78522,0.0000166,0.0000000,0.0000000
78523,0.0000166,0.0000000,0.0000000
78524,0.0000166,0.0000000,0.0000000
78525,0.0000166,0.0000000,0.0000000
78526,0.0000166,0.0000000,0.0000000
78527,0.0000166,0.0000000,0.0000000
78528,0.0000166,0.0000000,0.0000000
78529,0.0000166,0.0000000,0.0000000
78530,0.0000166,0.0000000,0.0000000
78531,0.0000166,0.0000000,0.0000000
78532,0.0000166,0.0000000,0.0000000
78533,0.0000166,0.0000000,0.0000000
78534,0.0000166,0.0000000,0.0000000
78535,0.0000166,0.0000000,0.0000000
78536,0.0000166,0.0000000,0.0000000
78537,0.0000166,0.0000000,0.0000000
78538,0.0000166,0.0000000,0.0000000
78539,0.0000166,0.0000000,0.0000000
78540,0.0000166,0.0000000,0.0000000
78541,0.0000166,0.0000000,0.0000000
78542,0.0000166,0.0000000,0.0000000
78543,0.0000166,0.0000000,0.0000000
78544,0.0000166,0.0000000,0.0000000
78545,0.0000166,0.0000000,0.0000000
78546,0.0000166,0.0000000,0.0000000
78547,0.0000166,0.0000000,0.0000000
78548,0.0000166,0.0000000,0.0000000
78549,0.0000166,0.0000000,0.0000000
78550,0.0000166,0.0000000,0.0000000
78551,0.0000166,0.0000000,0.0000000
78552,0.0000166,0.0000000,0.0000000
78553,0.0000166,0.0000000,0.0000000
78554,0.0000166,0.0000000,0.0000000
78555,0.0000166,0.0000000,0.0000000
78556,0.0000166,0.0000000,0.0000000
78557,0.0000166,0.0000000,0.0000000
78558,0.0000166,0.0000000,0.0000000
78559,0.0000166,0.0000000,0.0000000
78560,0.0000166,0.0000000,0.0000000
78561,0.0000166,0.0000000,0.0000000
78562,0.0000166,0.0000000,0.0000000
78563,0.0000166,0.0000000,0.0000000
78564,0.0000166,0.0000000,0.0000000
78565,0.0000166,0.0000000,0.0000000
78566,0.0000166,0.0000000,0.0000000
78567,0.0000166,0.0000000,0.0000000
78568,0.0000166,0.0000000,0.0000000
78569,0.0000166,0.0000000,0.0000000
78570,0.0000166,0.0000000,0.0000000
78571,0.0000166,0.0000000,0.0000000
78572,0.0000166,0.0000000,0.0000000
78573,0.0000166,0.0000000,0.0000000
78574,0.0000166,0.0000000,0.0000000
78575,0.0000166,0.0000000,0.0000000
78576,0.0000166,0.0000000,0.0000000
78577,0.0000166,0.0000000,0.0000000
78578,0.0000166,0.0000000,0.0000000
78579,0.0000166,0.0000000,0.0000000
78580,0.0000166,0.0000000,0.0000000
78581,0.0000166,0.0000000,0.0000000
78582,0.0000166,0.0000000,0.0000000
78583,0.0000166,0.0000000,0.0000000
78584,0.0000166,0.0000000,0.0000000
78585,0.0000166,0.0000000,0.0000000
78586,0.0000166,0.0000000,0.0000000
78587,0.0000166,0.0000000,0.0000000
78588,0.0000166,0.0000000,0.0000000
78589,0.0000166,0.0000000,0.0000000
78590,0.0000166,0.0000000,0.0000000
78591,0.0000166,0.0000000,0.0000000
78592,0.0000166,0.0000000,0.0000000
78593,0.0000166,0.0000000,0.0000000
78594,0.0000166,0.0000000,0.0000000
78595,0.0000166,0.0000000,0.0000000
78596,0.0000166,0.0000000,0.0000000
78597,0.0000166,0.0000000,0.0000000
78598,0.0000166,0.0000000,0.0000000
78599,0.0000166,0.0000000,0.0000000
78600,0.0000166,0.0000000,0.0000000
78601,0.0000166,0.0000000,0.0000000
78602,0.0000166,0.0000000,0.0000000
78603,0.0000166,0.0000000,0.0000000
78604,0.0000165,0.0000000,0.0000000
78605,0.0000165,0.0000000,0.0000000
78606,0.0000165,0.0000000,0.0000000
78607,0.0000165,0.0000000,0.0000000
78608,0.0000165,0.0000000,0.0000000
78609,0.0000165,0.0000000,0.0000000
78610,0.0000165,0.0000000,0.0000000
78611,0.0000165,0.0000000,0.0000000
78612,0.0000165,0.0000000,0.0000000
78613,0.0000165,0.0000000,0.0000000
78614,0.0000165,0.0000000,0.0000000
78615,0.0000165,0.0000000,0.0000000
78616,0.0000165,0.0000000,0.0000000
78617,0.0000165,0.0000000,0.0000000
78618,0.0000165,0.0000000,0.0000000
78619,0.0000165,0.0000000,0.0000000
78620,0.0000165,0.0000000,0.0000000
78621,0.0000165,0.0000000,0.0000000
78622,0.0000165,0.0000000,0.0000000
78623,0.0000165,0.0000000,0.0000000
78624,0.0000165,0.0000000,0.0000000
78625,0.0000165,0.0000000,0.0000000
78626,0.0000165,0.0000000,0.0000000
78627,0.0000165,0.0000000,0.0000000
78628,0.0000165,0.0000000,0.0000000
78629,0.0000165,0.0000000,0.0000000
78630,0.0000165,0.0000000,0.0000000
78631,0.0000165,0.0000000,0.0000000
78632,0.0000165,0.0000000,0.0000000
78633,0.0000165,0.0000000,0.0000000
78634,0.0000165,0.0000000,0.0000000
78635,0.0000165,0.0000000,0.0000000
78636,0.0000165,0.0000000,0.0000000
78637,0.0000165,0.0000000,0.0000000
78638,0.0000165,0.0000000,0.0000000
78639,0.0000165,0.0000000,0.0000000
78640,0.0000165,0.0000000,0.0000000
78641,0.0000165,0.0000000,0.0000000
78642,0.0000165,0.0000000,0.0000000
78643,0.0000165,0.0000000,0.0000000
78644,0.0000165,0.0000000,0.0000000
78645,0.0000165,0.0000000,0.0000000
78646,0.0000165,0.0000000,0.0000000
78647,0.0000165,0.0000000,0.0000000
78648,0.0000165,0.0000000,0.0000000
78649,0.0000165,0.0000000,0.0000000
78650,0.0000165,0.0000000,0.0000000
78651,0.0000165,0.0000000,0.0000000
78652,0.0000165,0.0000000,0.0000000
78653,0.0000165,0.0000000,0.0000000
78654,0.0000165,0.0000000,0.0000000
78655,0.0000165,0.0000000,0.0000000
78656,0.0000165,0.0000000,0.0000000
78657,0.0000165,0.0000000,0.0000000
78658,0.0000165,0.0000000,0.0000000
78659,0.0000165,0.0000000,0.0000000
78660,0.0000165,0.0000000,0.0000000
78661,0.0000165,0.0000000,0.0000000
78662,0.0000165,0.0000000,0.0000000
78663,0.0000165,0.0000000,0.0000000
78664,0.0000165,0.0000000,0.0000000
78665,0.0000165,0.0000000,0.0000000
78666,0.0000165,0.0000000,0.0000000
78667,0.0000165,0.0000000,0.0000000
78668,0.0000165,0.0000000,0.0000000
78669,0.0000165,0.0000000,0.0000000
78670,0.0000165,0.0000000,0.0000000
78671,0.0000165,0.0000000,0.0000000
78672,0.0000165,0.0000000,0.0000000
78673,0.0000165,0.0000000,0.0000000
78674,0.0000165,0.0000000,0.0000000
78675,0.0000165,0.0000000,0.0000000
78676,0.0000165,0.0000000,0.0000000
78677,0.0000165,0.0000000,0.0000000
78678,0.0000165,0.0000000,0.0000000
78679,0.0000165,0.0000000,0.0000000
78680,0.0000165,0.0000000,0.0000000
78681,0.0000165,0.0000000,0.0000000
78682,0.0000165,0.0000000,0.0000000
78683,0.0000165,0.0000000,0.0000000
78684,0.0000165,0.0000000,0.0000000
78685,0.0000165,0.0000000,0.0000000
78686,0.0000165,0.0000000,0.0000000
78687,0.0000165,0.0000000,0.0000000
78688,0.0000165,0.0000000,0.0000000
78689,0.0000165,0.0000000,0.0000000
78690,0.0000165,0.0000000,0.0000000
78691,0.0000165,0.0000000,0.0000000
78692,0.0000165,0.0000000,0.0000000
78693,0.0000165,0.0000000,0.0000000
78694,0.0000165,0.0000000,0.0000000
78695,0.0000165,0.0000000,0.0000000
78696,0.0000165,0.0000000,0.0000000
78697,0.0000165,0.0000000,0.0000000
78698,0.0000165,0.0000000,0.0000000
78699,0.0000165,0.0000000,0.0000000
78700,0.0000165,0.0000000,0.0000000
78701,0.0000165,0.0000000,0.0000000
78702,0.0000165,0.0000000,0.0000000
78703,0.0000165,0.0000000,0.0000000
78704,0.0000165,0.0000000,0.0000000
78705,0.0000165,0.0000000,0.0000000
78706,0.0000165,0.0000000,0.0000000
78707,0.0000165,0.0000000,0.0000000
78708,0.0000165,0.0000000,0.0000000
78709,0.0000165,0.0000000,0.0000000
78710,0.0000165,0.0000000,0.0000000
78711,0.0000165,0.0000000,0.0000000
78712,0.0000165,0.0000000,0.0000000
78713,0.0000165,0.0000000,0.0000000
78714,0.0000165,0.0000000,0.0000000
78715,0.0000165,0.0000000,0.0000000
78716,0.0000165,0.0000000,0.0000000
78717,0.0000165,0.0000000,0.0000000
78718,0.0000165,0.0000000,0.0000000
78719,0.0000165,0.0000000,0.0000000
78720,0.0000165,0.0000000,0.0000000
78721,0.0000165,0.0000000,0.0000000
78722,0.0000165,0.0000000,0.0000000
78723,0.0000165,0.0000000,0.0000000
78724,0.0000165,0.0000000,0.0000000
78725,0.0000165,0.0000000,0.0000000
78726,0.0000165,0.0000000,0.0000000
78727,0.0000165,0.0000000,0.0000000
78728,0.0000165,0.0000000,0.0000000
78729,0.0000165,0.0000000,0.0000000
78730,0.0000165,0.0000000,0.0000000
78731,0.0000165,0.0000000,0.0000000
78732,0.0000165,0.0000000,0.0000000
78733,0.0000165,0.0000000,0.0000000
78734,0.0000165,0.0000000,0.0000000
78735,0.0000165,0.0000000,0.0000000
78736,0.0000165,0.0000000,0.0000000
78737,0.0000165,0.0000000,0.0000000
78738,0.0000165,0.0000000,0.0000000
78739,0.0000165,0.0000000,0.0000000
78740,0.0000164,0.0000000,0.0000000
78741,0.0000164,0.0000000,0.0000000
78742,0.0000164,0.0000000,0.0000000
78743,0.0000164,0.0000000,0.0000000
78744,0.0000164,0.0000000,0.0000000
78745,0.0000164,0.0000000,0.0000000
78746,0.0000164,0.0000000,0.0000000
78747,0.0000164,0.0000000,0.0000000
78748,0.0000164,0.0000000,0.0000000
78749,0.0000164,0.0000000,0.0000000
78750,0.0000164,0.0000000,0.0000000
78751,0.0000164,0.0000000,0.0000000
78752,0.0000164,0.0000000,0.0000000
78753,0.0000164,0.0000000,0.0000000
78754,0.0000164,0.0000000,0.0000000
78755,0.0000164,0.0000000,0.0000000
78756,0.0000164,0.0000000,0.0000000
78757,0.0000164,0.0000000,0.0000000
78758,0.0000164,0.0000000,0.0000000
78759,0.0000164,0.0000000,0.0000000
78760,0.0000164,0.0000000,0.0000000
78761,0.0000164,0.0000000,0.0000000
78762,0.0000164,0.0000000,0.0000000
78763,0.0000164,0.0000000,0.0000000
78764,0.0000164,0.0000000,0.0000000
78765,0.0000164,0.0000000,0.0000000
78766,0.0000164,0.0000000,0.0000000
78767,0.0000164,0.0000000,0.0000000
78768,0.0000164,0.0000000,0.0000000
78769,0.0000164,0.0000000,0.0000000
78770,0.0000164,0.0000000,0.0000000
78771,0.0000164,0.0000000,0.0000000
78772,0.0000164,0.0000000,0.0000000
78773,0.0000164,0.0000000,0.0000000
78774,0.0000164,0.0000000,0.0000000
78775,0.0000164,0.0000000,0.0000000
78776,0.0000164,0.0000000,0.0000000
78777,0.0000164,0.0000000,0.0000000
78778,0.0000164,0.0000000,0.0000000
78779,0.0000164,0.0000000,0.0000000
78780,0.0000164,0.0000000,0.0000000
78781,0.0000164,0.0000000,0.0000000
78782,0.0000164,0.0000000,0.0000000
78783,0.0000164,0.0000000,0.0000000
78784,0.0000164,0.0000000,0.0000000
78785,0.0000164,0.0000000,0.0000000
78786,0.0000164,0.0000000,0.0000000
78787,0.0000164,0.0000000,0.0000000
78788,0.0000164,0.0000000,0.0000000
78789,0.0000164,0.0000000,0.0000000
78790,0.0000164,0.0000000,0.0000000
78791,0.0000164,0.0000000,0.0000000
78792,0.0000164,0.0000000,0.0000000
78793,0.0000164,0.0000000,0.0000000
78794,0.0000164,0.0000000,0.0000000
78795,0.0000164,0.0000000,0.0000000
78796,0.0000164,0.0000000,0.0000000
78797,0.0000164,0.0000000,0.0000000
78798,0.0000164,0.0000000,0.0000000
78799,0.0000164,0.0000000,0.0000000
78800,0.0000164,0.0000000,0.0000000
78801,0.0000164,0.0000000,0.0000000
78802,0.0000164,0.0000000,0.0000000
78803,0.0000164,0.0000000,0.0000000
78804,0.0000164,0.0000000,0.0000000
78805,0.0000164,0.0000000,0.0000000
78806,0.0000164,0.0000000,0.0000000
78807,0.0000164,0.0000000,0.0000000
78808,0.0000164,0.0000000,0.0000000
78809,0.0000164,0.0000000,0.0000000
78810,0.0000164,0.0000000,0.0000000
78811,0.0000164,0.0000000,0.0000000
78812,0.0000164,0.0000000,0.0000000
78813,0.0000164,0.0000000,0.0000000
78814,0.0000164,0.0000000,0.0000000
78815,0.0000164,0.0000000,0.0000000
78816,0.0000164,0.0000000,0.0000000
78817,0.0000164,0.0000000,0.0000000
78818,0.0000164,0.0000000,0.0000000
78819,0.0000164,0.0000000,0.0000000
78820,0.0000164,0.0000000,0.0000000
78821,0.0000164,0.0000000,0.0000000
78822,0.0000164,0.0000000,0.0000000
78823,0.0000164,0.0000000,0.0000000
78824,0.0000164,0.0000000,0.0000000
78825,0.0000164,0.0000000,0.0000000
78826,0.0000164,0.0000000,0.0000000
78827,0.0000164,0.0000000,0.0000000
78828,0.0000164,0.0000000,0.0000000
78829,0.0000164,0.0000000,0.0000000
78830,0.0000164,0.0000000,0.0000000
78831,0.0000164,0.0000000,0.0000000
78832,0.0000164,0.0000000,0.0000000
78833,0.0000164,0.0000000,0.0000000
78834,0.0000164,0.0000000,0.0000000
78835,0.0000164,0.0000000,0.0000000
78836,0.0000164,0.0000000,0.0000000
78837,0.0000164,0.0000000,0.0000000
78838,0.0000164,0.0000000,0.0000000
78839,0.0000164,0.0000000,0.0000000
78840,0.0000164,0.0000000,0.0000000
78841,0.0000164,0.0000000,0.0000000
78842,0.0000164,0.0000000,0.0000000
78843,0.0000164,0.0000000,0.0000000
78844,0.0000164,0.0000000,0.0000000
78845,0.0000164,0.0000000,0.0000000
78846,0.0000164,0.0000000,0.0000000
78847,0.0000164,0.0000000,0.0000000
78848,0.0000164,0.0000000,0.0000000
78849,0.0000164,0.0000000,0.0000000
78850,0.0000164,0.0000000,0.0000000
78851,0.0000164,0.0000000,0.0000000
78852,0.0000164,0.0000000,0.0000000
78853,0.0000164,0.0000000,0.0000000
78854,0.0000164,0.0000000,0.0000000
78855,0.0000164,0.0000000,0.0000000
78856,0.0000164,0.0000000,0.0000000
78857,0.0000164,0.0000000,0.0000000
78858,0.0000164,0.0000000,0.0000000
78859,0.0000164,0.0000000,0.0000000
78860,0.0000164,0.0000000,0.0000000
78861,0.0000164,0.0000000,0.0000000
78862,0.0000164,0.0000000,0.0000000
78863,0.0000164,0.0000000,0.0000000
78864,0.0000164,0.0000000,0.0000000
78865,0.0000164,0.0000000,0.0000000
78866,0.0000164,0.0000000,0.0000000
78867,0.0000164,0.0000000,0.0000000
78868,0.0000164,0.0000000,0.0000000
78869,0.0000164,0.0000000,0.0000000
78870,0.0000164,0.0000000,0.0000000
78871,0.0000164,0.0000000,0.0000000
78872,0.0000164,0.0000000,0.0000000
78873,0.0000164,0.0000000,0.0000000
78874,0.0000164,0.0000000,0.0000000
78875,0.0000164,0.0000000,0.0000000
78876,0.0000163,0.0000000,0.0000000
78877,0.0000163,0.0000000,0.0000000
78878,0.0000163,0.0000000,0.0000000
78879,0.0000163,0.0000000,0.0000000
78880,0.0000163,0.0000000,0.0000000
78881,0.0000163,0.0000000,0.0000000
78882,0.0000163,0.0000000,0.0000000
78883,0.0000163,0.0000000,0.0000000
78884,0.0000163,0.0000000,0.0000000
78885,0.0000163,0.0000000,0.0000000
78886,0.0000163,0.0000000,0.0000000
78887,0.0000163,0.0000000,0.0000000
78888,0.0000163,0.0000000,0.0000000
78889,0.0000163,0.0000000,0.0000000
78890,0.0000163,0.0000000,0.0000000
78891,0.0000163,0.0000000,0.0000000
78892,0.0000163,0.0000000,0.0000000
78893,0.0000163,0.0000000,0.0000000
78894,0.0000163,0.0000000,0.0000000
78895,0.0000163,0.0000000,0.0000000
78896,0.0000163,0.0000000,0.0000000
78897,0.0000163,0.0000000,0.0000000
78898,0.0000163,0.0000000,0.0000000
78899,0.0000163,0.0000000,0.0000000
78900,0.0000163,0.0000000,0.0000000
78901,0.0000163,0.0000000,0.0000000
78902,0.0000163,0.0000000,0.0000000
78903,0.0000163,0.0000000,0.0000000
78904,0.0000163,0.0000000,0.0000000
78905,0.0000163,0.0000000,0.0000000
78906,0.0000163,0.0000000,0.0000000
78907,0.0000163,0.0000000,0.0000000
78908,0.0000163,0.0000000,0.0000000
78909,0.0000163,0.0000000,0.0000000
78910,0.0000163,0.0000000,0.0000000
78911,0.0000163,0.0000000,0.0000000
78912,0.0000163,0.0000000,0.0000000
78913,0.0000163,0.0000000,0.0000000
78914,0.0000163,0.0000000,0.0000000
78915,0.0000163,0.0000000,0.0000000
78916,0.0000163,0.0000000,0.0000000
78917,0.0000163,0.0000000,0.0000000
78918,0.0000163,0.0000000,0.0000000
78919,0.0000163,0.0000000,0.0000000
78920,0.0000163,0.0000000,0.0000000
78921,0.0000163,0.0000000,0.0000000
78922,0.0000163,0.0000000,0.0000000
78923,0.0000163,0.0000000,0.0000000
78924,0.0000163,0.0000000,0.0000000
78925,0.0000163,0.0000000,0.0000000
78926,0.0000163,0.0000000,0.0000000
78927,0.0000163,0.0000000,0.0000000
78928,0.0000163,0.0000000,0.0000000
78929,0.0000163,0.0000000,0.0000000
78930,0.0000163,0.0000000,0.0000000
78931,0.0000163,0.0000000,0.0000000
78932,0.0000163,0.0000000,0.0000000
78933,0.0000163,0.0000000,0.0000000
78934,0.0000163,0.0000000,0.0000000
78935,0.0000163,0.0000000,0.0000000
78936,0.0000163,0.0000000,0.0000000
78937,0.0000163,0.0000000,0.0000000
78938,0.0000163,0.0000000,0.0000000
78939,0.0000163,0.0000000,0.0000000
78940,0.0000163,0.0000000,0.0000000
78941,0.0000163,0.0000000,0.0000000
78942,0.0000163,0.0000000,0.0000000
78943,0.0000163,0.0000000,0.0000000
78944,0.0000163,0.0000000,0.0000000
78945,0.0000163,0.0000000,0.0000000
78946,0.0000163,0.0000000,0.0000000
78947,0.0000163,0.0000000,0.0000000
78948,0.0000163,0.0000000,0.0000000
78949,0.0000163,0.0000000,0.0000000
78950,0.0000163,0.0000000,0.0000000
78951,0.0000163,0.0000000,0.0000000
78952,0.0000163,0.0000000,0.0000000
78953,0.0000163,0.0000000,0.0000000
78954,0.0000163,0.0000000,0.0000000
78955,0.0000163,0.0000000,0.0000000
78956,0.0000163,0.0000000,0.0000000
78957,0.0000163,0.0000000,0.0000000
78958,0.0000163,0.0000000,0.0000000
78959,0.0000163,0.0000000,0.0000000
78960,0.0000163,0.0000000,0.0000000
78961,0.0000163,0.0000000,0.0000000
78962,0.0000163,0.0000000,0.0000000
78963,0.0000163,0.0000000,0.0000000
78964,0.0000163,0.0000000,0.0000000
78965,0.0000163,0.0000000,0.0000000
78966,0.0000163,0.0000000,0.0000000
78967,0.0000163,0.0000000,0.0000000
78968,0.0000163,0.0000000,0.0000000
78969,0.0000163,0.0000000,0.0000000
78970,0.0000163,0.0000000,0.0000000
78971,0.0000163,0.0000000,0.0000000
78972,0.0000163,0.0000000,0.0000000
78973,0.0000163,0.0000000,0.0000000
78974,0.0000163,0.0000000,0.0000000
78975,0.0000163,0.0000000,0.0000000
78976,0.0000163,0.0000000,0.0000000
78977,0.0000163,0.0000000,0.0000000
78978,0.0000163,0.0000000,0.0000000
78979,0.0000163,0.0000000,0.0000000
78980,0.0000163,0.0000000,0.0000000
78981,0.0000163,0.0000000,0.0000000
78982,0.0000163,0.0000000,0.0000000
78983,0.0000163,0.0000000,0.0000000
78984,0.0000163,0.0000000,0.0000000
78985,0.0000163,0.0000000,0.0000000
78986,0.0000163,0.0000000,0.0000000
78987,0.0000163,0.0000000,0.0000000
78988,0.0000163,0.0000000,0.0000000
78989,0.0000163,0.0000000,0.0000000
78990,0.0000163,0.0000000,0.0000000
78991,0.0000163,0.0000000,0.0000000
78992,0.0000163,0.0000000,0.0000000
78993,0.0000163,0.0000000,0.0000000
78994,0.0000163,0.0000000,0.0000000
78995,0.0000163,0.0000000,0.0000000
78996,0.0000163,0.0000000,0.0000000
78997,0.0000163,0.0000000,0.0000000
78998,0.0000163,0.0000000,0.0000000
78999,0.0000163,0.0000000,0.0000000
79000,0.0000163,0.0000000,0.0000000
79001,0.0000163,0.0000000,0.0000000
79002,0.0000163,0.0000000,0.0000000
79003,0.0000163,0.0000000,0.0000000
79004,0.0000163,0.0000000,0.0000000
79005,0.0000163,0.0000000,0.0000000
79006,0.0000163,0.0000000,0.0000000
79007,0.0000163,0.0000000,0.0000000
79008,0.0000163,0.0000000,0.0000000
79009,0.0000163,0.0000000,0.0000000
79010,0.0000163,0.0000000,0.0000000
79011,0.0000163,0.0000000,0.0000000
79012,0.0000163,0.0000000,0.0000000
79013,0.0000163,0.0000000,0.0000000
79014,0.0000162,0.0000000,0.0000000
79015,0.0000162,0.0000000,0.0000000
79016,0.0000162,0.0000000,0.0000000
79017,0.0000162,0.0000000,0.0000000
79018,0.0000162,0.0000000,0.0000000
79019,0.0000162,0.0000000,0.0000000
79020,0.0000162,0.0000000,0.0000000
79021,0.0000162,0.0000000,0.0000000
79022,0.0000162,0.0000000,0.0000000
79023,0.0000162,0.0000000,0.0000000
79024,0.0000162,0.0000000,0.0000000
79025,0.0000162,0.0000000,0.0000000
79026,0.0000162,0.0000000,0.0000000
79027,0.0000162,0.0000000,0.0000000
79028,0.0000162,0.0000000,0.0000000
79029,0.0000162,0.0000000,0.0000000
79030,0.0000162,0.0000000,0.0000000
79031,0.0000162,0.0000000,0.0000000
79032,0.0000162,0.0000000,0.0000000
79033,0.0000162,0.0000000,0.0000000
79034,0.0000162,0.0000000,0.0000000
79035,0.0000162,0.0000000,0.0000000
79036,0.0000162,0.0000000,0.0000000
79037,0.0000162,0.0000000,0.0000000
79038,0.0000162,0.0000000,0.0000000
79039,0.0000162,0.0000000,0.0000000
79040,0.0000162,0.0000000,0.0000000
79041,0.0000162,0.0000000,0.0000000
79042,0.0000162,0.0000000,0.0000000
79043,0.0000162,0.0000000,0.0000000
79044,0.0000162,0.0000000,0.0000000
79045,0.0000162,0.0000000,0.0000000
79046,0.0000162,0.0000000,0.0000000
79047,0.0000162,0.0000000,0.0000000
79048,0.0000162,0.0000000,0.0000000
79049,0.0000162,0.0000000,0.0000000
79050,0.0000162,0.0000000,0.0000000
79051,0.0000162,0.0000000,0.0000000
79052,0.0000162,0.0000000,0.0000000
79053,0.0000162,0.0000000,0.0000000
79054,0.0000162,0.0000000,0.0000000
79055,0.0000162,0.0000000,0.0000000
79056,0.0000162,0.0000000,0.0000000
79057,0.0000162,0.0000000,0.0000000
79058,0.0000162,0.0000000,0.0000000
79059,0.0000162,0.0000000,0.0000000
79060,0.0000162,0.0000000,0.0000000
79061,0.0000162,0.0000000,0.0000000
79062,0.0000162,0.0000000,0.0000000
79063,0.0000162,0.0000000,0.0000000
79064,0.0000162,0.0000000,0.0000000
79065,0.0000162,0.0000000,0.0000000
79066,0.0000162,0.0000000,0.0000000
79067,0.0000162,0.0000000,0.0000000
79068,0.0000162,0.0000000,0.0000000
79069,0.0000162,0.0000000,0.0000000
79070,0.0000162,0.0000000,0.0000000
79071,0.0000162,0.0000000,0.0000000
79072,0.0000162,0.0000000,0.0000000
79073,0.0000162,0.0000000,0.0000000
79074,0.0000162,0.0000000,0.0000000
79075,0.0000162,0.0000000,0.0000000
79076,0.0000162,0.0000000,0.0000000
79077,0.0000162,0.0000000,0.0000000
79078,0.0000162,0.0000000,0.0000000
79079,0.0000162,0.0000000,0.0000000
79080,0.0000162,0.0000000,0.0000000
79081,0.0000162,0.0000000,0.0000000
79082,0.0000162,0.0000000,0.0000000
79083,0.0000162,0.0000000,0.0000000
79084,0.0000162,0.0000000,0.0000000
79085,0.0000162,0.0000000,0.0000000
79086,0.0000162,0.0000000,0.0000000
79087,0.0000162,0.0000000,0.0000000
79088,0.0000162,0.0000000,0.0000000
79089,0.0000162,0.0000000,0.0000000
79090,0.0000162,0.0000000,0.0000000
79091,0.0000162,0.0000000,0.0000000
79092,0.0000162,0.0000000,0.0000000
79093,0.0000162,0.0000000,0.0000000
79094,0.0000162,0.0000000,0.0000000
79095,0.0000162,0.0000000,0.0000000
79096,0.0000162,0.0000000,0.0000000
79097,0.0000162,0.0000000,0.0000000
79098,0.0000162,0.0000000,0.0000000
79099,0.0000162,0.0000000,0.0000000
79100,0.0000162,0.0000000,0.0000000
79101,0.0000162,0.0000000,0.0000000
79102,0.0000162,0.0000000,0.0000000
79103,0.0000162,0.0000000,0.0000000
79104,0.0000162,0.0000000,0.0000000
79105,0.0000162,0.0000000,0.0000000
79106,0.0000162,0.0000000,0.0000000
79107,0.0000162,0.0000000,0.0000000
79108,0.0000162,0.0000000,0.0000000
79109,0.0000162,0.0000000,0.0000000
79110,0.0000162,0.0000000,0.0000000
79111,0.0000162,0.0000000,0.0000000
79112,0.0000162,0.0000000,0.0000000
79113,0.0000162,0.0000000,0.0000000
79114,0.0000162,0.0000000,0.0000000
79115,0.0000162,0.0000000,0.0000000
79116,0.0000162,0.0000000,0.0000000
79117,0.0000162,0.0000000,0.0000000
79118,0.0000162,0.0000000,0.0000000
79119,0.0000162,0.0000000,0.0000000
79120,0.0000162,0.0000000,0.0000000
79121,0.0000162,0.0000000,0.0000000
79122,0.0000162,0.0000000,0.0000000
79123,0.0000162,0.0000000,0.0000000
79124,0.0000162,0.0000000,0.0000000
79125,0.0000162,0.0000000,0.0000000
79126,0.0000162,0.0000000,0.0000000
79127,0.0000162,0.0000000,0.0000000
79128,0.0000162,0.0000000,0.0000000
79129,0.0000162,0.0000000,0.0000000
79130,0.0000162,0.0000000,0.0000000
79131,0.0000162,0.0000000,0.0000000
79132,0.0000162,0.0000000,0.0000000
79133,0.0000162,0.0000000,0.0000000
79134,0.0000162,0.0000000,0.0000000
79135,0.0000162,0.0000000,0.0000000
79136,0.0000162,0.0000000,0.0000000
79137,0.0000162,0.0000000,0.0000000
79138,0.0000162,0.0000000,0.0000000
79139,0.0000162,0.0000000,0.0000000
79140,0.0000162,0.0000000,0.0000000
79141,0.0000162,0.0000000,0.0000000
79142,0.0000162,0.0000000,0.0000000
79143,0.0000162,0.0000000,0.0000000
79144,0.0000162,0.0000000,0.0000000
79145,0.0000162,0.0000000,0.0000000
79146,0.0000162,0.0000000,0.0000000
79147,0.0000162,0.0000000,0.0000000
79148,0.0000162,0.0000000,0.0000000
79149,0.0000162,0.0000000,0.0000000
79150,0.0000162,0.0000000,0.0000000
79151,0.0000162,0.0000000,0.0000000
79152,0.0000161,0.0000000,0.0000000
79153,0.0000161,0.0000000,0.0000000
79154,0.0000161,0.0000000,0.0000000
79155,0.0000161,0.0000000,0.0000000
79156,0.0000161,0.0000000,0.0000000
79157,0.0000161,0.0000000,0.0000000
79158,0.0000161,0.0000000,0.0000000
79159,0.0000161,0.0000000,0.0000000
79160,0.0000161,0.0000000,0.0000000
79161,0.0000161,0.0000000,0.0000000
79162,0.0000161,0.0000000,0.0000000
79163,0.0000161,0.0000000,0.0000000
79164,0.0000161,0.0000000,0.0000000
79165,0.0000161,0.0000000,0.0000000
79166,0.0000161,0.0000000,0.0000000
79167,0.0000161,0.0000000,0.0000000
79168,0.0000161,0.0000000,0.0000000
79169,0.0000161,0.0000000,0.0000000
79170,0.0000161,0.0000000,0.0000000
79171,0.0000161,0.0000000,0.0000000
79172,0.0000161,0.0000000,0.0000000
79173,0.0000161,0.0000000,0.0000000
79174,0.0000161,0.0000000,0.0000000
79175,0.0000161,0.0000000,0.0000000
79176,0.0000161,0.0000000,0.0000000
79177,0.0000161,0.0000000,0.0000000
79178,0.0000161,0.0000000,0.0000000
79179,0.0000161,0.0000000,0.0000000
79180,0.0000161,0.0000000,0.0000000
79181,0.0000161,0.0000000,0.0000000
79182,0.0000161,0.0000000,0.0000000
79183,0.0000161,0.0000000,0.0000000
79184,0.0000161,0.0000000,0.0000000
79185,0.0000161,0.0000000,0.0000000
79186,0.0000161,0.0000000,0.0000000
79187,0.0000161,0.0000000,0.0000000
79188,0.0000161,0.0000000,0.0000000
79189,0.0000161,0.0000000,0.0000000
79190,0.0000161,0.0000000,0.0000000
79191,0.0000161,0.0000000,0.0000000
79192,0.0000161,0.0000000,0.0000000
79193,0.0000161,0.0000000,0.0000000
79194,0.0000161,0.0000000,0.0000000
79195,0.0000161,0.0000000,0.0000000
79196,0.0000161,0.0000000,0.0000000
79197,0.0000161,0.0000000,0.0000000
79198,0.0000161,0.0000000,0.0000000
79199,0.0000161,0.0000000,0.0000000
79200,0.0000161,0.0000000,0.0000000
79201,0.0000161,0.0000000,0.0000000
79202,0.0000161,0.0000000,0.0000000
79203,0.0000161,0.0000000,0.0000000
79204,0.0000161,0.0000000,0.0000000
79205,0.0000161,0.0000000,0.0000000
79206,0.0000161,0.0000000,0.0000000
79207,0.0000161,0.0000000,0.0000000
79208,0.0000161,0.0000000,0.0000000
79209,0.0000161,0.0000000,0.0000000
79210,0.0000161,0.0000000,0.0000000
79211,0.0000161,0.0000000,0.0000000
79212,0.0000161,0.0000000,0.0000000
79213,0.0000161,0.0000000,0.0000000
79214,0.0000161,0.0000000,0.0000000
79215,0.0000161,0.0000000,0.0000000
79216,0.0000161,0.0000000,0.0000000
79217,0.0000161,0.0000000,0.0000000
79218,0.0000161,0.0000000,0.0000000
79219,0.0000161,0.0000000,0.0000000
79220,0.0000161,0.0000000,0.0000000
79221,0.0000161,0.0000000,0.0000000
79222,0.0000161,0.0000000,0.0000000
79223,0.0000161,0.0000000,0.0000000
79224,0.0000161,0.0000000,0.0000000
79225,0.0000161,0.0000000,0.0000000
79226,0.0000161,0.0000000,0.0000000
79227,0.0000161,0.0000000,0.0000000
79228,0.0000161,0.0000000,0.0000000
79229,0.0000161,0.0000000,0.0000000
79230,0.0000161,0.0000000,0.0000000
79231,0.0000161,0.0000000,0.0000000
79232,0.0000161,0.0000000,0.0000000
79233,0.0000161,0.0000000,0.0000000
79234,0.0000161,0.0000000,0.0000000
79235,0.0000161,0.0000000,0.0000000
79236,0.0000161,0.0000000,0.0000000
79237,0.0000161,0.0000000,0.0000000
79238,0.0000161,0.0000000,0.0000000
79239,0.0000161,0.0000000,0.0000000
79240,0.0000161,0.0000000,0.0000000
79241,0.0000161,0.0000000,0.0000000
79242,0.0000161,0.0000000,0.0000000
79243,0.0000161,0.0000000,0.0000000
79244,0.0000161,0.0000000,0.0000000
79245,0.0000161,0.0000000,0.0000000
79246,0.0000161,0.0000000,0.0000000
79247,0.0000161,0.0000000,0.0000000
79248,0.0000161,0.0000000,0.0000000
79249,0.0000161,0.0000000,0.0000000
79250,0.0000161,0.0000000,0.0000000
79251,0.0000161,0.0000000,0.0000000
79252,0.0000161,0.0000000,0.0000000
79253,0.0000161,0.0000000,0.0000000
79254,0.0000161,0.0000000,0.0000000
79255,0.0000161,0.0000000,0.0000000
79256,0.0000161,0.0000000,0.0000000
79257,0.0000161,0.0000000,0.0000000
79258,0.0000161,0.0000000,0.0000000
79259,0.0000161,0.0000000,0.0000000
79260,0.0000161,0.0000000,0.0000000
79261,0.0000161,0.0000000,0.0000000
79262,0.0000161,0.0000000,0.0000000
79263,0.0000161,0.0000000,0.0000000
79264,0.0000161,0.0000000,0.0000000
79265,0.0000161,0.0000000,0.0000000
79266,0.0000161,0.0000000,0.0000000
79267,0.0000161,0.0000000,0.0000000
79268,0.0000161,0.0000000,0.0000000
79269,0.0000161,0.0000000,0.0000000
79270,0.0000161,0.0000000,0.0000000
79271,0.0000161,0.0000000,0.0000000
79272,0.0000161,0.0000000,0.0000000
79273,0.0000161,0.0000000,0.0000000
79274,0.0000161,0.0000000,0.0000000
79275,0.0000161,0.0000000,0.0000000
79276,0.0000161,0.0000000,0.0000000
79277,0.0000161,0.0000000,0.0000000
79278,0.0000161,0.0000000,0.0000000
79279,0.0000161,0.0000000,0.0000000
79280,0.0000161,0.0000000,0.0000000
79281,0.0000161,0.0000000,0.0000000
79282,0.0000161,0.0000000,0.0000000
79283,0.0000161,0.0000000,0.0000000
79284,0.0000161,0.0000000,0.0000000
79285,0.0000161,0.0000000,0.0000000
79286,0.0000161,0.0000000,0.0000000
79287,0.0000161,0.0000000,0.0000000
79288,0.0000161,0.0000000,0.0000000
79289,0.0000161,0.0000000,0.0000000
79290,0.0000161,0.0000000,0.0000000
79291,0.0000160,0.0000000,0.0000000
79292,0.0000160,0.0000000,0.0000000
79293,0.0000160,0.0000000,0.0000000
79294,0.0000160,0.0000000,0.0000000
79295,0.0000160,0.0000000,0.0000000
79296,0.0000160,0.0000000,0.0000000
79297,0.0000160,0.0000000,0.0000000
79298,0.0000160,0.0000000,0.0000000
79299,0.0000160,0.0000000,0.0000000
79300,0.0000160,0.0000000,0.0000000
79301,0.0000160,0.0000000,0.0000000
79302,0.0000160,0.0000000,0.0000000
79303,0.0000160,0.0000000,0.0000000
79304,0.0000160,0.0000000,0.0000000
79305,0.0000160,0.0000000,0.0000000
79306,0.0000160,0.0000000,0.0000000
79307,0.0000160,0.0000000,0.0000000
79308,0.0000160,0.0000000,0.0000000
79309,0.0000160,0.0000000,0.0000000
79310,0.0000160,0.0000000,0.0000000
79311,0.0000160,0.0000000,0.0000000
79312,0.0000160,0.0000000,0.0000000
79313,0.0000160,0.0000000,0.0000000
79314,0.0000160,0.0000000,0.0000000
79315,0.0000160,0.0000000,0.0000000
79316,0.0000160,0.0000000,0.0000000
79317,0.0000160,0.0000000,0.0000000
79318,0.0000160,0.0000000,0.0000000
79319,0.0000160,0.0000000,0.0000000
79320,0.0000160,0.0000000,0.0000000
79321,0.0000160,0.0000000,0.0000000
79322,0.0000160,0.0000000,0.0000000
79323,0.0000160,0.0000000,0.0000000
79324,0.0000160,0.0000000,0.0000000
79325,0.0000160,0.0000000,0.0000000
79326,0.0000160,0.0000000,0.0000000
79327,0.0000160,0.0000000,0.0000000
79328,0.0000160,0.0000000,0.0000000
79329,0.0000160,0.0000000,0.0000000
79330,0.0000160,0.0000000,0.0000000
79331,0.0000160,0.0000000,0.0000000
79332,0.0000160,0.0000000,0.0000000
79333,0.0000160,0.0000000,0.0000000
79334,0.0000160,0.0000000,0.0000000
79335,0.0000160,0.0000000,0.0000000
79336,0.0000160,0.0000000,0.0000000
79337,0.0000160,0.0000000,0.0000000
79338,0.0000160,0.0000000,0.0000000
79339,0.0000160,0.0000000,0.0000000
79340,0.0000160,0.0000000,0.0000000
79341,0.0000160,0.0000000,0.0000000
79342,0.0000160,0.0000000,0.0000000
79343,0.0000160,0.0000000,0.0000000
79344,0.0000160,0.0000000,0.0000000
79345,0.0000160,0.0000000,0.0000000
79346,0.0000160,0.0000000,0.0000000
79347,0.0000160,0.0000000,0.0000000
79348,0.0000160,0.0000000,0.0000000
79349,0.0000160,0.0000000,0.0000000
79350,0.0000160,0.0000000,0.0000000
79351,0.0000160,0.0000000,0.0000000
79352,0.0000160,0.0000000,0.0000000
79353,0.0000160,0.0000000,0.0000000
79354,0.0000160,0.0000000,0.0000000
79355,0.0000160,0.0000000,0.0000000
79356,0.0000160,0.0000000,0.0000000
79357,0.0000160,0.0000000,0.0000000
79358,0.0000160,0.0000000,0.0000000
79359,0.0000160,0.0000000,0.0000000
79360,0.0000160,0.0000000,0.0000000
79361,0.0000160,0.0000000,0.0000000
79362,0.0000160,0.0000000,0.0000000
79363,0.0000160,0.0000000,0.0000000
79364,0.0000160,0.0000000,0.0000000
79365,0.0000160,0.0000000,0.0000000
79366,0.0000160,0.0000000,0.0000000
79367,0.0000160,0.0000000,0.0000000
79368,0.0000160,0.0000000,0.0000000
79369,0.0000160,0.0000000,0.0000000
79370,0.0000160,0.0000000,0.0000000
79371,0.0000160,0.0000000,0.0000000
79372,0.0000160,0.0000000,0.0000000
79373,0.0000160,0.0000000,0.0000000
79374,0.0000160,0.0000000,0.0000000
79375,0.0000160,0.0000000,0.0000000
79376,0.0000160,0.0000000,0.0000000
79377,0.0000160,0.0000000,0.0000000
79378,0.0000160,0.0000000,0.0000000
79379,0.0000160,0.0000000,0.0000000
79380,0.0000160,0.0000000,0.0000000
79381,0.0000160,0.0000000,0.0000000
79382,0.0000160,0.0000000,0.0000000
79383,0.0000160,0.0000000,0.0000000
79384,0.0000160,0.0000000,0.0000000
79385,0.0000160,0.0000000,0.0000000
79386,0.0000160,0.0000000,0.0000000
79387,0.0000160,0.0000000,0.0000000
79388,0.0000160,0.0000000,0.0000000
79389,0.0000160,0.0000000,0.0000000
79390,0.0000160,0.0000000,0.0000000
79391,0.0000160,0.0000000,0.0000000
79392,0.0000160,0.0000000,0.0000000
79393,0.0000160,0.0000000,0.0000000
79394,0.0000160,0.0000000,0.0000000
79395,0.0000160,0.0000000,0.0000000
79396,0.0000160,0.0000000,0.0000000
79397,0.0000160,0.0000000,0.0000000
79398,0.0000160,0.0000000,0.0000000
79399,0.0000160,0.0000000,0.0000000
79400,0.0000160,0.0000000,0.0000000
79401,0.0000160,0.0000000,0.0000000
79402,0.0000160,0.0000000,0.0000000
79403,0.0000160,0.0000000,0.0000000
79404,0.0000160,0.0000000,0.0000000
79405,0.0000160,0.0000000,0.0000000
79406,0.0000160,0.0000000,0.0000000
79407,0.0000160,0.0000000,0.0000000
79408,0.0000160,0.0000000,0.0000000
79409,0.0000160,0.0000000,0.0000000
79410,0.0000160,0.0000000,0.0000000
79411,0.0000160,0.0000000,0.0000000
79412,0.0000160,0.0000000,0.0000000
79413,0.0000160,0.0000000,0.0000000
79414,0.0000160,0.0000000,0.0000000
79415,0.0000160,0.0000000,0.0000000
79416,0.0000160,0.0000000,0.0000000
79417,0.0000160,0.0000000,0.0000000
79418,0.0000160,0.0000000,0.0000000
79419,0.0000160,0.0000000,0.0000000
79420,0.0000160,0.0000000,0.0000000
79421,0.0000160,0.0000000,0.0000000
79422,0.0000160,0.0000000,0.0000000
79423,0.0000160,0.0000000,0.0000000
79424,0.0000160,0.0000000,0.0000000
79425,0.0000160,0.0000000,0.0000000
79426,0.0000160,0.0000000,0.0000000
79427,0.0000160,0.0000000,0.0000000
79428,0.0000160,0.0000000,0.0000000
79429,0.0000160,0.0000000,0.0000000
79430,0.0000160,0.0000000,0.0000000
79431,0.0000159,0.0000000,0.0000000
79432,0.0000159,0.0000000,0.0000000
79433,0.0000159,0.0000000,0.0000000
79434,0.0000159,0.0000000,0.0000000
79435,0.0000159,0.0000000,0.0000000
79436,0.0000159,0.0000000,0.0000000
79437,0.0000159,0.0000000,0.0000000
79438,0.0000159,0.0000000,0.0000000
79439,0.0000159,0.0000000,0.0000000
79440,0.0000159,0.0000000,0.0000000
79441,0.0000159,0.0000000,0.0000000
79442,0.0000159,0.0000000,0.0000000
79443,0.0000159,0.0000000,0.0000000
79444,0.0000159,0.0000000,0.0000000
79445,0.0000159,0.0000000,0.0000000
79446,0.0000159,0.0000000,0.0000000
79447,0.0000159,0.0000000,0.0000000
79448,0.0000159,0.0000000,0.0000000
79449,0.0000159,0.0000000,0.0000000
79450,0.0000159,0.0000000,0.0000000
79451,0.0000159,0.0000000,0.0000000
79452,0.0000159,0.0000000,0.0000000
79453,0.0000159,0.0000000,0.0000000
79454,0.0000159,0.0000000,0.0000000
79455,0.0000159,0.0000000,0.0000000
79456,0.0000159,0.0000000,0.0000000
79457,0.0000159,0.0000000,0.0000000
79458,0.0000159,0.0000000,0.0000000
79459,0.0000159,0.0000000,0.0000000
79460,0.0000159,0.0000000,0.0000000
79461,0.0000159,0.0000000,0.0000000
79462,0.0000159,0.0000000,0.0000000
79463,0.0000159,0.0000000,0.0000000
79464,0.0000159,0.0000000,0.0000000
79465,0.0000159,0.0000000,0.0000000
79466,0.0000159,0.0000000,0.0000000
79467,0.0000159,0.0000000,0.0000000
79468,0.0000159,0.0000000,0.0000000
79469,0.0000159,0.0000000,0.0000000
79470,0.0000159,0.0000000,0.0000000
79471,0.0000159,0.0000000,0.0000000
79472,0.0000159,0.0000000,0.0000000
79473,0.0000159,0.0000000,0.0000000
79474,0.0000159,0.0000000,0.0000000
79475,0.0000159,0.0000000,0.0000000
79476,0.0000159,0.0000000,0.0000000
79477,0.0000159,0.0000000,0.0000000
79478,0.0000159,0.0000000,0.0000000
79479,0.0000159,0.0000000,0.0000000
79480,0.0000159,0.0000000,0.0000000
79481,0.0000159,0.0000000,0.0000000
79482,0.0000159,0.0000000,0.0000000
79483,0.0000159,0.0000000,0.0000000
79484,0.0000159,0.0000000,0.0000000
79485,0.0000159,0.0000000,0.0000000
79486,0.0000159,0.0000000,0.0000000
79487,0.0000159,0.0000000,0.0000000
79488,0.0000159,0.0000000,0.0000000
79489,0.0000159,0.0000000,0.0000000
79490,0.0000159,0.0000000,0.0000000
79491,0.0000159,0.0000000,0.0000000
79492,0.0000159,0.0000000,0.0000000
79493,0.0000159,0.0000000,0.0000000
79494,0.0000159,0.0000000,0.0000000
79495,0.0000159,0.0000000,0.0000000
79496,0.0000159,0.0000000,0.0000000
79497,0.0000159,0.0000000,0.0000000
79498,0.0000159,0.0000000,0.0000000
79499,0.0000159,0.0000000,0.0000000
79500,0.0000159,0.0000000,0.0000000
79501,0.0000159,0.0000000,0.0000000
79502,0.0000159,0.0000000,0.0000000
79503,0.0000159,0.0000000,0.0000000
79504,0.0000159,0.0000000,0.0000000
79505,0.0000159,0.0000000,0.0000000
79506,0.0000159,0.0000000,0.0000000
79507,0.0000159,0.0000000,0.0000000
79508,0.0000159,0.0000000,0.0000000
79509,0.0000159,0.0000000,0.0000000
79510,0.0000159,0.0000000,0.0000000
79511,0.0000159,0.0000000,0.0000000
79512,0.0000159,0.0000000,0.0000000
79513,0.0000159,0.0000000,0.0000000
79514,0.0000159,0.0000000,0.0000000
79515,0.0000159,0.0000000,0.0000000
79516,0.0000159,0.0000000,0.0000000
79517,0.0000159,0.0000000,0.0000000
79518,0.0000159,0.0000000,0.0000000
79519,0.0000159,0.0000000,0.0000000
79520,0.0000159,0.0000000,0.0000000
79521,0.0000159,0.0000000,0.0000000
79522,0.0000159,0.0000000,0.0000000
79523,0.0000159,0.0000000,0.0000000
79524,0.0000159,0.0000000,0.0000000
79525,0.0000159,0.0000000,0.0000000
79526,0.0000159,0.0000000,0.0000000
79527,0.0000159,0.0000000,0.0000000
79528,0.0000159,0.0000000,0.0000000
79529,0.0000159,0.0000000,0.0000000
79530,0.0000159,0.0000000,0.0000000
79531,0.0000159,0.0000000,0.0000000
79532,0.0000159,0.0000000,0.0000000
79533,0.0000159,0.0000000,0.0000000
79534,0.0000159,0.0000000,0.0000000
79535,0.0000159,0.0000000,0.0000000
79536,0.0000159,0.0000000,0.0000000
79537,0.0000159,0.0000000,0.0000000
79538,0.0000159,0.0000000,0.0000000
79539,0.0000159,0.0000000,0.0000000
79540,0.0000159,0.0000000,0.0000000
79541,0.0000159,0.0000000,0.0000000
79542,0.0000159,0.0000000,0.0000000
79543,0.0000159,0.0000000,0.0000000
79544,0.0000159,0.0000000,0.0000000
79545,0.0000159,0.0000000,0.0000000
79546,0.0000159,0.0000000,0.0000000
79547,0.0000159,0.0000000,0.0000000
79548,0.0000159,0.0000000,0.0000000
79549,0.0000159,0.0000000,0.0000000
79550,0.0000159,0.0000000,0.0000000
79551,0.0000159,0.0000000,0.0000000
79552,0.0000159,0.0000000,0.0000000
79553,0.0000159,0.0000000,0.0000000
79554,0.0000159,0.0000000,0.0000000
79555,0.0000159,0.0000000,0.0000000
79556,0.0000159,0.0000000,0.0000000
79557,0.0000159,0.0000000,0.0000000
79558,0.0000159,0.0000000,0.0000000
79559,0.0000159,0.0000000,0.0000000
79560,0.0000159,0.0000000,0.0000000
79561,0.0000159,0.0000000,0.0000000
79562,0.0000159,0.0000000,0.0000000
79563,0.0000159,0.0000000,0.0000000
79564,0.0000159,0.0000000,0.0000000
79565,0.0000159,0.0000000,0.0000000
79566,0.0000159,0.0000000,0.0000000
79567,0.0000159,0.0000000,0.0000000
79568,0.0000159,0.0000000,0.0000000
79569,0.0000159,0.0000000,0.0000000
79570,0.0000159,0.0000000,0.0000000
79571,0.0000159,0.0000000,0.0000000
79572,0.0000158,0.0000000,0.0000000
79573,0.0000158,0.0000000,0.0000000
79574,0.0000158,0.0000000,0.0000000
79575,0.0000158,0.0000000,0.0000000
79576,0.0000158,0.0000000,0.0000000
79577,0.0000158,0.0000000,0.0000000
79578,0.0000158,0.0000000,0.0000000
79579,0.0000158,0.0000000,0.0000000
79580,0.0000158,0.0000000,0.0000000
79581,0.0000158,0.0000000,0.0000000
79582,0.0000158,0.0000000,0.0000000
79583,0.0000158,0.0000000,0.0000000
79584,0.0000158,0.0000000,0.0000000
79585,0.0000158,0.0000000,0.0000000
79586,0.0000158,0.0000000,0.0000000
79587,0.0000158,0.0000000,0.0000000
79588,0.0000158,0.0000000,0.0000000
79589,0.0000158,0.0000000,0.0000000
79590,0.0000158,0.0000000,0.0000000
79591,0.0000158,0.0000000,0.0000000
79592,0.0000158,0.0000000,0.0000000
79593,0.0000158,0.0000000,0.0000000
79594,0.0000158,0.0000000,0.0000000
79595,0.0000158,0.0000000,0.0000000
79596,0.0000158,0.0000000,0.0000000
79597,0.0000158,0.0000000,0.0000000
79598,0.0000158,0.0000000,0.0000000
79599,0.0000158,0.0000000,0.0000000
79600,0.0000158,0.0000000,0.0000000
79601,0.0000158,0.0000000,0.0000000
79602,0.0000158,0.0000000,0.0000000
79603,0.0000158,0.0000000,0.0000000
79604,0.0000158,0.0000000,0.0000000
79605,0.0000158,0.0000000,0.0000000
79606,0.0000158,0.0000000,0.0000000
79607,0.0000158,0.0000000,0.0000000
79608,0.0000158,0.0000000,0.0000000
79609,0.0000158,0.0000000,0.0000000
79610,0.0000158,0.0000000,0.0000000
79611,0.0000158,0.0000000,0.0000000
79612,0.0000158,0.0000000,0.0000000
79613,0.0000158,0.0000000,0.0000000
79614,0.0000158,0.0000000,0.0000000
79615,0.0000158,0.0000000,0.0000000
79616,0.0000158,0.0000000,0.0000000
79617,0.0000158,0.0000000,0.0000000
79618,0.0000158,0.0000000,0.0000000
79619,0.0000158,0.0000000,0.0000000
79620,0.0000158,0.0000000,0.0000000
79621,0.0000158,0.0000000,0.0000000
79622,0.0000158,0.0000000,0.0000000
79623,0.0000158,0.0000000,0.0000000
79624,0.0000158,0.0000000,0.0000000
79625,0.0000158,0.0000000,0.0000000
79626,0.0000158,0.0000000,0.0000000
79627,0.0000158,0.0000000,0.0000000
79628,0.0000158,0.0000000,0.0000000
79629,0.0000158,0.0000000,0.0000000
79630,0.0000158,0.0000000,0.0000000
79631,0.0000158,0.0000000,0.0000000
79632,0.0000158,0.0000000,0.0000000
79633,0.0000158,0.0000000,0.0000000
79634,0.0000158,0.0000000,0.0000000
79635,0.0000158,0.0000000,0.0000000
79636,0.0000158,0.0000000,0.0000000
79637,0.0000158,0.0000000,0.0000000
79638,0.0000158,0.0000000,0.0000000
79639,0.0000158,0.0000000,0.0000000
79640,0.0000158,0.0000000,0.0000000
79641,0.0000158,0.0000000,0.0000000
79642,0.0000158,0.0000000,0.0000000
79643,0.0000158,0.0000000,0.0000000
79644,0.0000158,0.0000000,0.0000000
79645,0.0000158,0.0000000,0.0000000
79646,0.0000158,0.0000000,0.0000000
79647,0.0000158,0.0000000,0.0000000
79648,0.0000158,0.0000000,0.0000000
79649,0.0000158,0.0000000,0.0000000
79650,0.0000158,0.0000000,0.0000000
79651,0.0000158,0.0000000,0.0000000
79652,0.0000158,0.0000000,0.0000000
79653,0.0000158,0.0000000,0.0000000
79654,0.0000158,0.0000000,0.0000000
79655,0.0000158,0.0000000,0.0000000
79656,0.0000158,0.0000000,0.0000000
79657,0.0000158,0.0000000,0.0000000
79658,0.0000158,0.0000000,0.0000000
79659,0.0000158,0.0000000,0.0000000
79660,0.0000158,0.0000000,0.0000000
79661,0.0000158,0.0000000,0.0000000
79662,0.0000158,0.0000000,0.0000000
79663,0.0000158,0.0000000,0.0000000
79664,0.0000158,0.0000000,0.0000000
79665,0.0000158,0.0000000,0.0000000
79666,0.0000158,0.0000000,0.0000000
79667,0.0000158,0.0000000,0.0000000
79668,0.0000158,0.0000000,0.0000000
79669,0.0000158,0.0000000,0.0000000
79670,0.0000158,0.0000000,0.0000000
79671,0.0000158,0.0000000,0.0000000
79672,0.0000158,0.0000000,0.0000000
79673,0.0000158,0.0000000,0.0000000
79674,0.0000158,0.0000000,0.0000000
79675,0.0000158,0.0000000,0.0000000
79676,0.0000158,0.0000000,0.0000000
79677,0.0000158,0.0000000,0.0000000
79678,0.0000158,0.0000000,0.0000000
79679,0.0000158,0.0000000,0.0000000
79680,0.0000158,0.0000000,0.0000000
79681,0.0000158,0.0000000,0.0000000
79682,0.0000158,0.0000000,0.0000000
79683,0.0000158,0.0000000,0.0000000
79684,0.0000158,0.0000000,0.0000000
79685,0.0000158,0.0000000,0.0000000
79686,0.0000158,0.0000000,0.0000000
79687,0.0000158,0.0000000,0.0000000
79688,0.0000158,0.0000000,0.0000000
79689,0.0000158,0.0000000,0.0000000
79690,0.0000158,0.0000000,0.0000000
79691,0.0000158,0.0000000,0.0000000
79692,0.0000158,0.0000000,0.0000000
79693,0.0000158,0.0000000,0.0000000
79694,0.0000158,0.0000000,0.0000000
79695,0.0000158,0.0000000,0.0000000
79696,0.0000158,0.0000000,0.0000000
79697,0.0000158,0.0000000,0.0000000
79698,0.0000158,0.0000000,0.0000000
79699,0.0000158,0.0000000,0.0000000
79700,0.0000158,0.0000000,0.0000000
79701,0.0000158,0.0000000,0.0000000
79702,0.0000158,0.0000000,0.0000000
79703,0.0000158,0.0000000,0.0000000
79704,0.0000158,0.0000000,0.0000000
79705,0.0000158,0.0000000,0.0000000
79706,0.0000158,0.0000000,0.0000000
79707,0.0000158,0.0000000,0.0000000
79708,0.0000158,0.0000000,0.0000000
79709,0.0000158,0.0000000,0.0000000
79710,0.0000158,0.0000000,0.0000000
79711,0.0000158,0.0000000,0.0000000
79712,0.0000158,0.0000000,0.0000000
79713,0.0000157,0.0000000,0.0000000
79714,0.0000157,0.0000000,0.0000000
79715,0.0000157,0.0000000,0.0000000
79716,0.0000157,0.0000000,0.0000000
79717,0.0000157,0.0000000,0.0000000
79718,0.0000157,0.0000000,0.0000000
79719,0.0000157,0.0000000,0.0000000
79720,0.0000157,0.0000000,0.0000000
79721,0.0000157,0.0000000,0.0000000
79722,0.0000157,0.0000000,0.0000000
79723,0.0000157,0.0000000,0.0000000
79724,0.0000157,0.0000000,0.0000000
79725,0.0000157,0.0000000,0.0000000
79726,0.0000157,0.0000000,0.0000000
79727,0.0000157,0.0000000,0.0000000
79728,0.0000157,0.0000000,0.0000000
79729,0.0000157,0.0000000,0.0000000
79730,0.0000157,0.0000000,0.0000000
79731,0.0000157,0.0000000,0.0000000
79732,0.0000157,0.0000000,0.0000000
79733,0.0000157,0.0000000,0.0000000
79734,0.0000157,0.0000000,0.0000000
79735,0.0000157,0.0000000,0.0000000
79736,0.0000157,0.0000000,0.0000000
79737,0.0000157,0.0000000,0.0000000
79738,0.0000157,0.0000000,0.0000000
79739,0.0000157,0.0000000,0.0000000
79740,0.0000157,0.0000000,0.0000000
79741,0.0000157,0.0000000,0.0000000
79742,0.0000157,0.0000000,0.0000000
79743,0.0000157,0.0000000,0.0000000
79744,0.0000157,0.0000000,0.0000000
79745,0.0000157,0.0000000,0.0000000
79746,0.0000157,0.0000000,0.0000000
79747,0.0000157,0.0000000,0.0000000
79748,0.0000157,0.0000000,0.0000000
79749,0.0000157,0.0000000,0.0000000
79750,0.0000157,0.0000000,0.0000000
79751,0.0000157,0.0000000,0.0000000
79752,0.0000157,0.0000000,0.0000000
79753,0.0000157,0.0000000,0.0000000
79754,0.0000157,0.0000000,0.0000000
79755,0.0000157,0.0000000,0.0000000
79756,0.0000157,0.0000000,0.0000000
79757,0.0000157,0.0000000,0.0000000
79758,0.0000157,0.0000000,0.0000000
79759,0.0000157,0.0000000,0.0000000
79760,0.0000157,0.0000000,0.0000000
79761,0.0000157,0.0000000,0.0000000
79762,0.0000157,0.0000000,0.0000000
79763,0.0000157,0.0000000,0.0000000
79764,0.0000157,0.0000000,0.0000000
79765,0.0000157,0.0000000,0.0000000
79766,0.0000157,0.0000000,0.0000000
79767,0.0000157,0.0000000,0.0000000
79768,0.0000157,0.0000000,0.0000000
79769,0.0000157,0.0000000,0.0000000
79770,0.0000157,0.0000000,0.0000000
79771,0.0000157,0.0000000,0.0000000
79772,0.0000157,0.0000000,0.0000000
79773,0.0000157,0.0000000,0.0000000
79774,0.0000157,0.0000000,0.0000000
79775,0.0000157,0.0000000,0.0000000
79776,0.0000157,0.0000000,0.0000000
79777,0.0000157,0.0000000,0.0000000
79778,0.0000157,0.0000000,0.0000000
79779,0.0000157,0.0000000,0.0000000
79780,0.0000157,0.0000000,0.0000000
79781,0.0000157,0.0000000,0.0000000
79782,0.0000157,0.0000000,0.0000000
79783,0.0000157,0.0000000,0.0000000
79784,0.0000157,0.0000000,0.0000000
79785,0.0000157,0.0000000,0.0000000
79786,0.0000157,0.0000000,0.0000000
79787,0.0000157,0.0000000,0.0000000
79788,0.0000157,0.0000000,0.0000000
79789,0.0000157,0.0000000,0.0000000
79790,0.0000157,0.0000000,0.0000000
79791,0.0000157,0.0000000,0.0000000
79792,0.0000157,0.0000000,0.0000000
79793,0.0000157,0.0000000,0.0000000
79794,0.0000157,0.0000000,0.0000000
79795,0.0000157,0.0000000,0.0000000
79796,0.0000157,0.0000000,0.0000000
79797,0.0000157,0.0000000,0.0000000
79798,0.0000157,0.0000000,0.0000000
79799,0.0000157,0.0000000,0.0000000
79800,0.0000157,0.0000000,0.0000000
79801,0.0000157,0.0000000,0.0000000
79802,0.0000157,0.0000000,0.0000000
79803,0.0000157,0.0000000,0.0000000
79804,0.0000157,0.0000000,0.0000000
79805,0.0000157,0.0000000,0.0000000
79806,0.0000157,0.0000000,0.0000000
79807,0.0000157,0.0000000,0.0000000
79808,0.0000157,0.0000000,0.0000000
79809,0.0000157,0.0000000,0.0000000
79810,0.0000157,0.0000000,0.0000000
79811,0.0000157,0.0000000,0.0000000
79812,0.0000157,0.0000000,0.0000000
79813,0.0000157,0.0000000,0.0000000
79814,0.0000157,0.0000000,0.0000000
79815,0.0000157,0.0000000,0.0000000
79816,0.0000157,0.0000000,0.0000000
79817,0.0000157,0.0000000,0.0000000
79818,0.0000157,0.0000000,0.0000000
79819,0.0000157,0.0000000,0.0000000
79820,0.0000157,0.0000000,0.0000000
79821,0.0000157,0.0000000,0.0000000
79822,0.0000157,0.0000000,0.0000000
79823,0.0000157,0.0000000,0.0000000
79824,0.0000157,0.0000000,0.0000000
79825,0.0000157,0.0000000,0.0000000
79826,0.0000157,0.0000000,0.0000000
79827,0.0000157,0.0000000,0.0000000
79828,0.0000157,0.0000000,0.0000000
79829,0.0000157,0.0000000,0.0000000
79830,0.0000157,0.0000000,0.0000000
79831,0.0000157,0.0000000,0.0000000
79832,0.0000157,0.0000000,0.0000000
79833,0.0000157,0.0000000,0.0000000
79834,0.0000157,0.0000000,0.0000000
79835,0.0000157,0.0000000,0.0000000
79836,0.0000157,0.0000000,0.0000000
79837,0.0000157,0.0000000,0.0000000
79838,0.0000157,0.0000000,0.0000000
79839,0.0000157,0.0000000,0.0000000
79840,0.0000157,0.0000000,0.0000000
79841,0.0000157,0.0000000,0.0000000
79842,0.0000157,0.0000000,0.0000000
79843,0.0000157,0.0000000,0.0000000
79844,0.0000157,0.0000000,0.0000000
79845,0.0000157,0.0000000,0.0000000
79846,0.0000157,0.0000000,0.0000000
79847,0.0000157,0.0000000,0.0000000
79848,0.0000157,0.0000000,0.0000000
79849,0.0000157,0.0000000,0.0000000
79850,0.0000157,0.0000000,0.0000000
79851,0.0000157,0.0000000,0.0000000
79852,0.0000157,0.0000000,0.0000000
79853,0.0000157,0.0000000,0.0000000
79854,0.0000157,0.0000000,0.0000000
79855,0.0000157,0.0000000,0.0000000
79856,0.0000156,0.0000000,0.0000000
79857,0.0000156,0.0000000,0.0000000
79858,0.0000156,0.0000000,0.0000000
79859,0.0000156,0.0000000,0.0000000
79860,0.0000156,0.0000000,0.0000000
79861,0.0000156,0.0000000,0.0000000
79862,0.0000156,0.0000000,0.0000000
79863,0.0000156,0.0000000,0.0000000
79864,0.0000156,0.0000000,0.0000000
79865,0.0000156,0.0000000,0.0000000
79866,0.0000156,0.0000000,0.0000000
79867,0.0000156,0.0000000,0.0000000
79868,0.0000156,0.0000000,0.0000000
79869,0.0000156,0.0000000,0.0000000
79870,0.0000156,0.0000000,0.0000000
79871,0.0000156,0.0000000,0.0000000
79872,0.0000156,0.0000000,0.0000000
79873,0.0000156,0.0000000,0.0000000
79874,0.0000156,0.0000000,0.0000000
79875,0.0000156,0.0000000,0.0000000
79876,0.0000156,0.0000000,0.0000000
79877,0.0000156,0.0000000,0.0000000
79878,0.0000156,0.0000000,0.0000000
79879,0.0000156,0.0000000,0.0000000
79880,0.0000156,0.0000000,0.0000000
79881,0.0000156,0.0000000,0.0000000
79882,0.0000156,0.0000000,0.0000000
79883,0.0000156,0.0000000,0.0000000
79884,0.0000156,0.0000000,0.0000000
79885,0.0000156,0.0000000,0.0000000
79886,0.0000156,0.0000000,0.0000000
79887,0.0000156,0.0000000,0.0000000
79888,0.0000156,0.0000000,0.0000000
79889,0.0000156,0.0000000,0.0000000
79890,0.0000156,0.0000000,0.0000000
79891,0.0000156,0.0000000,0.0000000
79892,0.0000156,0.0000000,0.0000000
79893,0.0000156,0.0000000,0.0000000
79894,0.0000156,0.0000000,0.0000000
79895,0.0000156,0.0000000,0.0000000
79896,0.0000156,0.0000000,0.0000000
79897,0.0000156,0.0000000,0.0000000
79898,0.0000156,0.0000000,0.0000000
79899,0.0000156,0.0000000,0.0000000
79900,0.0000156,0.0000000,0.0000000
79901,0.0000156,0.0000000,0.0000000
79902,0.0000156,0.0000000,0.0000000
79903,0.0000156,0.0000000,0.0000000
79904,0.0000156,0.0000000,0.0000000
79905,0.0000156,0.0000000,0.0000000
79906,0.0000156,0.0000000,0.0000000
79907,0.0000156,0.0000000,0.0000000
79908,0.0000156,0.0000000,0.0000000
79909,0.0000156,0.0000000,0.0000000
79910,0.0000156,0.0000000,0.0000000
79911,0.0000156,0.0000000,0.0000000
79912,0.0000156,0.0000000,0.0000000
79913,0.0000156,0.0000000,0.0000000
79914,0.0000156,0.0000000,0.0000000
79915,0.0000156,0.0000000,0.0000000
79916,0.0000156,0.0000000,0.0000000
79917,0.0000156,0.0000000,0.0000000
79918,0.0000156,0.0000000,0.0000000
79919,0.0000156,0.0000000,0.0000000
79920,0.0000156,0.0000000,0.0000000
79921,0.0000156,0.0000000,0.0000000
79922,0.0000156,0.0000000,0.0000000
79923,0.0000156,0.0000000,0.0000000
79924,0.0000156,0.0000000,0.0000000
79925,0.0000156,0.0000000,0.0000000
79926,0.0000156,0.0000000,0.0000000
79927,0.0000156,0.0000000,0.0000000
79928,0.0000156,0.0000000,0.0000000
79929,0.0000156,0.0000000,0.0000000
79930,0.0000156,0.0000000,0.0000000
79931,0.0000156,0.0000000,0.0000000
79932,0.0000156,0.0000000,0.0000000
79933,0.0000156,0.0000000,0.0000000
79934,0.0000156,0.0000000,0.0000000
79935,0.0000156,0.0000000,0.0000000
79936,0.0000156,0.0000000,0.0000000
79937,0.0000156,0.0000000,0.0000000
79938,0.0000156,0.0000000,0.0000000
79939,0.0000156,0.0000000,0.0000000
79940,0.0000156,0.0000000,0.0000000
79941,0.0000156,0.0000000,0.0000000
79942,0.0000156,0.0000000,0.0000000
79943,0.0000156,0.0000000,0.0000000
79944,0.0000156,0.0000000,0.0000000
79945,0.0000156,0.0000000,0.0000000
79946,0.0000156,0.0000000,0.0000000
79947,0.0000156,0.0000000,0.0000000
79948,0.0000156,0.0000000,0.0000000
79949,0.0000156,0.0000000,0.0000000
79950,0.0000156,0.0000000,0.0000000
79951,0.0000156,0.0000000,0.0000000
79952,0.0000156,0.0000000,0.0000000
79953,0.0000156,0.0000000,0.0000000
79954,0.0000156,0.0000000,0.0000000
79955,0.0000156,0.0000000,0.0000000
79956,0.0000156,0.0000000,0.0000000
79957,0.0000156,0.0000000,0.0000000
79958,0.0000156,0.0000000,0.0000000
79959,0.0000156,0.0000000,0.0000000
79960,0.0000156,0.0000000,0.0000000
79961,0.0000156,0.0000000,0.0000000
79962,0.0000156,0.0000000,0.0000000
79963,0.0000156,0.0000000,0.0000000
79964,0.0000156,0.0000000,0.0000000
79965,0.0000156,0.0000000,0.0000000
79966,0.0000156,0.0000000,0.0000000
79967,0.0000156,0.0000000,0.0000000
79968,0.0000156,0.0000000,0.0000000
79969,0.0000156,0.0000000,0.0000000
79970,0.0000156,0.0000000,0.0000000
79971,0.0000156,0.0000000,0.0000000
79972,0.0000156,0.0000000,0.0000000
79973,0.0000156,0.0000000,0.0000000
79974,0.0000156,0.0000000,0.0000000
79975,0.0000156,0.0000000,0.0000000
79976,0.0000156,0.0000000,0.0000000
79977,0.0000156,0.0000000,0.0000000
79978,0.0000156,0.0000000,0.0000000
79979,0.0000156,0.0000000,0.0000000
79980,0.0000156,0.0000000,0.0000000
79981,0.0000156,0.0000000,0.0000000
79982,0.0000156,0.0000000,0.0000000
79983,0.0000156,0.0000000,0.0000000
79984,0.0000156,0.0000000,0.0000000
79985,0.0000156,0.0000000,0.0000000
79986,0.0000156,0.0000000,0.0000000
79987,0.0000156,0.0000000,0.0000000
79988,0.0000156,0.0000000,0.0000000
79989,0.0000156,0.0000000,0.0000000
79990,0.0000156,0.0000000,0.0000000
79991,0.0000156,0.0000000,0.0000000
79992,0.0000156,0.0000000,0.0000000
79993,0.0000156,0.0000000,0.0000000
79994,0.0000156,0.0000000,0.0000000
79995,0.0000156,0.0000000,0.0000000
79996,0.0000156,0.0000000,0.0000000
79997,0.0000156,0.0000000,0.0000000
79998,0.0000156,0.0000000,0.0000000
79999,0.0000155,0.0000000,0.0000000
80000,0.0000155,0.0000000,0.0000000
80001,0.0000155,0.0000000,0.0000000
80002,0.0000155,0.0000000,0.0000000
80003,0.0000155,0.0000000,0.0000000
80004,0.0000155,0.0000000,0.0000000
80005,0.0000155,0.0000000,0.0000000
80006,0.0000155,0.0000000,0.0000000
80007,0.0000155,0.0000000,0.0000000
80008,0.0000155,0.0000000,0.0000000
80009,0.0000155,0.0000000,0.0000000
80010,0.0000155,0.0000000,0.0000000
80011,0.0000155,0.0000000,0.0000000
80012,0.0000155,0.0000000,0.0000000
80013,0.0000155,0.0000000,0.0000000
80014,0.0000155,0.0000000,0.0000000
80015,0.0000155,0.0000000,0.0000000
80016,0.0000155,0.0000000,0.0000000
80017,0.0000155,0.0000000,0.0000000
80018,0.0000155,0.0000000,0.0000000
80019,0.0000155,0.0000000,0.0000000
80020,0.0000155,0.0000000,0.0000000
80021,0.0000155,0.0000000,0.0000000
80022,0.0000155,0.0000000,0.0000000
80023,0.0000155,0.0000000,0.0000000
80024,0.0000155,0.0000000,0.0000000
80025,0.0000155,0.0000000,0.0000000
80026,0.0000155,0.0000000,0.0000000
80027,0.0000155,0.0000000,0.0000000
80028,0.0000155,0.0000000,0.0000000
80029,0.0000155,0.0000000,0.0000000
80030,0.0000155,0.0000000,0.0000000
80031,0.0000155,0.0000000,0.0000000
80032,0.0000155,0.0000000,0.0000000
80033,0.0000155,0.0000000,0.0000000
80034,0.0000155,0.0000000,0.0000000
80035,0.0000155,0.0000000,0.0000000
80036,0.0000155,0.0000000,0.0000000
80037,0.0000155,0.0000000,0.0000000
80038,0.0000155,0.0000000,0.0000000
80039,0.0000155,0.0000000,0.0000000
80040,0.0000155,0.0000000,0.0000000
80041,0.0000155,0.0000000,0.0000000
80042,0.0000155,0.0000000,0.0000000
80043,0.0000155,0.0000000,0.0000000
80044,0.0000155,0.0000000,0.0000000
80045,0.0000155,0.0000000,0.0000000
80046,0.0000155,0.0000000,0.0000000
80047,0.0000155,0.0000000,0.0000000
80048,0.0000155,0.0000000,0.0000000
80049,0.0000155,0.0000000,0.0000000
80050,0.0000155,0.0000000,0.0000000
80051,0.0000155,0.0000000,0.0000000
80052,0.0000155,0.0000000,0.0000000
80053,0.0000155,0.0000000,0.0000000
80054,0.0000155,0.0000000,0.0000000
80055,0.0000155,0.0000000,0.0000000
80056,0.0000155,0.0000000,0.0000000
80057,0.0000155,0.0000000,0.0000000
80058,0.0000155,0.0000000,0.0000000
80059,0.0000155,0.0000000,0.0000000
80060,0.0000155,0.0000000,0.0000000
80061,0.0000155,0.0000000,0.0000000
80062,0.0000155,0.0000000,0.0000000
80063,0.0000155,0.0000000,0.0000000
80064,0.0000155,0.0000000,0.0000000
80065,0.0000155,0.0000000,0.0000000
80066,0.0000155,0.0000000,0.0000000
80067,0.0000155,0.0000000,0.0000000
80068,0.0000155,0.0000000,0.0000000
80069,0.0000155,0.0000000,0.0000000
80070,0.0000155,0.0000000,0.0000000
80071,0.0000155,0.0000000,0.0000000
80072,0.0000155,0.0000000,0.0000000
80073,0.0000155,0.0000000,0.0000000
80074,0.0000155,0.0000000,0.0000000
80075,0.0000155,0.0000000,0.0000000
80076,0.0000155,0.0000000,0.0000000
80077,0.0000155,0.0000000,0.0000000
80078,0.0000155,0.0000000,0.0000000
80079,0.0000155,0.0000000,0.0000000
80080,0.0000155,0.0000000,0.0000000
80081,0.0000155,0.0000000,0.0000000
80082,0.0000155,0.0000000,0.0000000
80083,0.0000155,0.0000000,0.0000000
80084,0.0000155,0.0000000,0.0000000
80085,0.0000155,0.0000000,0.0000000
80086,0.0000155,0.0000000,0.0000000
80087,0.0000155,0.0000000,0.0000000
80088,0.0000155,0.0000000,0.0000000
80089,0.0000155,0.0000000,0.0000000
80090,0.0000155,0.0000000,0.0000000
80091,0.0000155,0.0000000,0.0000000
80092,0.0000155,0.0000000,0.0000000
80093,0.0000155,0.0000000,0.0000000
80094,0.0000155,0.0000000,0.0000000
80095,0.0000155,0.0000000,0.0000000
80096,0.0000155,0.0000000,0.0000000
80097,0.0000155,0.0000000,0.0000000
80098,0.0000155,0.0000000,0.0000000
80099,0.0000155,0.0000000,0.0000000
80100,0.0000155,0.0000000,0.0000000
80101,0.0000155,0.0000000,0.0000000
80102,0.0000155,0.0000000,0.0000000
80103,0.0000155,0.0000000,0.0000000
80104,0.0000155,0.0000000,0.0000000
80105,0.0000155,0.0000000,0.0000000
80106,0.0000155,0.0000000,0.0000000
80107,0.0000155,0.0000000,0.0000000
80108,0.0000155,0.0000000,0.0000000
80109,0.0000155,0.0000000,0.0000000
80110,0.0000155,0.0000000,0.0000000
80111,0.0000155,0.0000000,0.0000000
80112,0.0000155,0.0000000,0.0000000
80113,0.0000155,0.0000000,0.0000000
80114,0.0000155,0.0000000,0.0000000
80115,0.0000155,0.0000000,0.0000000
80116,0.0000155,0.0000000,0.0000000
80117,0.0000155,0.0000000,0.0000000
80118,0.0000155,0.0000000,0.0000000
80119,0.0000155,0.0000000,0.0000000
80120,0.0000155,0.0000000,0.0000000
80121,0.0000155,0.0000000,0.0000000
80122,0.0000155,0.0000000,0.0000000
80123,0.0000155,0.0000000,0.0000000
80124,0.0000155,0.0000000,0.0000000
80125,0.0000155,0.0000000,0.0000000
80126,0.0000155,0.0000000,0.0000000
80127,0.0000155,0.0000000,0.0000000
80128,0.0000155,0.0000000,0.0000000
80129,0.0000155,0.0000000,0.0000000
80130,0.0000155,0.0000000,0.0000000
80131,0.0000155,0.0000000,0.0000000
80132,0.0000155,0.0000000,0.0000000
80133,0.0000155,0.0000000,0.0000000
80134,0.0000155,0.0000000,0.0000000
80135,0.0000155,0.0000000,0.0000000
80136,0.0000155,0.0000000,0.0000000
80137,0.0000155,0.0000000,0.0000000
80138,0.0000155,0.0000000,0.0000000
80139,0.0000155,0.0000000,0.0000000
80140,0.0000155,0.0000000,0.0000000
80141,0.0000155,0.0000000,0.0000000
80142,0.0000155,0.0000000,0.0000000
80143,0.0000155,0.0000000,0.0000000
80144,0.0000154,0.0000000,0.0000000
80145,0.0000154,0.0000000,0.0000000
80146,0.0000154,0.0000000,0.0000000
80147,0.0000154,0.0000000,0.0000000
80148,0.0000154,0.0000000,0.0000000
80149,0.0000154,0.0000000,0.0000000
80150,0.0000154,0.0000000,0.0000000
80151,0.0000154,0.0000000,0.0000000
80152,0.0000154,0.0000000,0.0000000
80153,0.0000154,0.0000000,0.0000000
80154,0.0000154,0.0000000,0.0000000
80155,0.0000154,0.0000000,0.0000000
80156,0.0000154,0.0000000,0.0000000
80157,0.0000154,0.0000000,0.0000000
80158,0.0000154,0.0000000,0.0000000
80159,0.0000154,0.0000000,0.0000000
80160,0.0000154,0.0000000,0.0000000
80161,0.0000154,0.0000000,0.0000000
80162,0.0000154,0.0000000,0.0000000
80163,0.0000154,0.0000000,0.0000000
80164,0.0000154,0.0000000,0.0000000
80165,0.0000154,0.0000000,0.0000000
80166,0.0000154,0.0000000,0.0000000
80167,0.0000154,0.0000000,0.0000000
80168,0.0000154,0.0000000,0.0000000
80169,0.0000154,0.0000000,0.0000000
80170,0.0000154,0.0000000,0.0000000
80171,0.0000154,0.0000000,0.0000000
80172,0.0000154,0.0000000,0.0000000
80173,0.0000154,0.0000000,0.0000000
80174,0.0000154,0.0000000,0.0000000
80175,0.0000154,0.0000000,0.0000000
80176,0.0000154,0.0000000,0.0000000
80177,0.0000154,0.0000000,0.0000000
80178,0.0000154,0.0000000,0.0000000
80179,0.0000154,0.0000000,0.0000000
80180,0.0000154,0.0000000,0.0000000
80181,0.0000154,0.0000000,0.0000000
80182,0.0000154,0.0000000,0.0000000
80183,0.0000154,0.0000000,0.0000000
80184,0.0000154,0.0000000,0.0000000
80185,0.0000154,0.0000000,0.0000000
80186,0.0000154,0.0000000,0.0000000
80187,0.0000154,0.0000000,0.0000000
80188,0.0000154,0.0000000,0.0000000
80189,0.0000154,0.0000000,0.0000000
80190,0.0000154,0.0000000,0.0000000
80191,0.0000154,0.0000000,0.0000000
80192,0.0000154,0.0000000,0.0000000
80193,0.0000154,0.0000000,0.0000000
80194,0.0000154,0.0000000,0.0000000
80195,0.0000154,0.0000000,0.0000000
80196,0.0000154,0.0000000,0.0000000
80197,0.0000154,0.0000000,0.0000000
80198,0.0000154,0.0000000,0.0000000
80199,0.0000154,0.0000000,0.0000000
80200,0.0000154,0.0000000,0.0000000
80201,0.0000154,0.0000000,0.0000000
80202,0.0000154,0.0000000,0.0000000
80203,0.0000154,0.0000000,0.0000000
80204,0.0000154,0.0000000,0.0000000
80205,0.0000154,0.0000000,0.0000000
80206,0.0000154,0.0000000,0.0000000
80207,0.0000154,0.0000000,0.0000000
80208,0.0000154,0.0000000,0.0000000
80209,0.0000154,0.0000000,0.0000000
80210,0.0000154,0.0000000,0.0000000
80211,0.0000154,0.0000000,0.0000000
80212,0.0000154,0.0000000,0.0000000
80213,0.0000154,0.0000000,0.0000000
80214,0.0000154,0.0000000,0.0000000
80215,0.0000154,0.0000000,0.0000000
80216,0.0000154,0.0000000,0.0000000
80217,0.0000154,0.0000000,0.0000000
80218,0.0000154,0.0000000,0.0000000
80219,0.0000154,0.0000000,0.0000000
80220,0.0000154,0.0000000,0.0000000
80221,0.0000154,0.0000000,0.0000000
80222,0.0000154,0.0000000,0.0000000
80223,0.0000154,0.0000000,0.0000000
80224,0.0000154,0.0000000,0.0000000
80225,0.0000154,0.0000000,0.0000000
80226,0.0000154,0.0000000,0.0000000
80227,0.0000154,0.0000000,0.0000000
80228,0.0000154,0.0000000,0.0000000
80229,0.0000154,0.0000000,0.0000000
80230,0.0000154,0.0000000,0.0000000
80231,0.0000154,0.0000000,0.0000000
80232,0.0000154,0.0000000,0.0000000
80233,0.0000154,0.0000000,0.0000000
80234,0.0000154,0.0000000,0.0000000
80235,0.0000154,0.0000000,0.0000000
80236,0.0000154,0.0000000,0.0000000
80237,0.0000154,0.0000000,0.0000000
80238,0.0000154,0.0000000,0.0000000
80239,0.0000154,0.0000000,0.0000000
80240,0.0000154,0.0000000,0.0000000
80241,0.0000154,0.0000000,0.0000000
80242,0.0000154,0.0000000,0.0000000
80243,0.0000154,0.0000000,0.0000000
80244,0.0000154,0.0000000,0.0000000
80245,0.0000154,0.0000000,0.0000000
80246,0.0000154,0.0000000,0.0000000
80247,0.0000154,0.0000000,0.0000000
80248,0.0000154,0.0000000,0.0000000
80249,0.0000154,0.0000000,0.0000000
80250,0.0000154,0.0000000,0.0000000
80251,0.0000154,0.0000000,0.0000000
80252,0.0000154,0.0000000,0.0000000
80253,0.0000154,0.0000000,0.0000000
80254,0.0000154,0.0000000,0.0000000
80255,0.0000154,0.0000000,0.0000000
80256,0.0000154,0.0000000,0.0000000
80257,0.0000154,0.0000000,0.0000000
80258,0.0000154,0.0000000,0.0000000
80259,0.0000154,0.0000000,0.0000000
80260,0.0000154,0.0000000,0.0000000
80261,0.0000154,0.0000000,0.0000000
80262,0.0000154,0.0000000,0.0000000
80263,0.0000154,0.0000000,0.0000000
80264,0.0000154,0.0000000,0.0000000
80265,0.0000154,0.0000000,0.0000000
80266,0.0000154,0.0000000,0.0000000
80267,0.0000154,0.0000000,0.0000000
80268,0.0000154,0.0000000,0.0000000
80269,0.0000154,0.0000000,0.0000000
80270,0.0000154,0.0000000,0.0000000
80271,0.0000154,0.0000000,0.0000000
80272,0.0000154,0.0000000,0.0000000
80273,0.0000154,0.0000000,0.0000000
80274,0.0000154,0.0000000,0.0000000
80275,0.0000154,0.0000000,0.0000000
80276,0.0000154,0.0000000,0.0000000
80277,0.0000154,0.0000000,0.0000000
80278,0.0000154,0.0000000,0.0000000
80279,0.0000154,0.0000000,0.0000000
80280,0.0000154,0.0000000,0.0000000
80281,0.0000154,0.0000000,0.0000000
80282,0.0000154,0.0000000,0.0000000
80283,0.0000154,0.0000000,0.0000000
80284,0.0000154,0.0000000,0.0000000
80285,0.0000154,0.0000000,0.0000000
80286,0.0000154,0.0000000,0.0000000
80287,0.0000154,0.0000000,0.0000000
80288,0.0000154,0.0000000,0.0000000
80289,0.0000153,0.0000000,0.0000000
80290,0.0000153,0.0000000,0.0000000
80291,0.0000153,0.0000000,0.0000000
80292,0.0000153,0.0000000,0.0000000
80293,0.0000153,0.0000000,0.0000000
80294,0.0000153,0.0000000,0.0000000
80295,0.0000153,0.0000000,0.0000000
80296,0.0000153,0.0000000,0.0000000
80297,0.0000153,0.0000000,0.0000000
80298,0.0000153,0.0000000,0.0000000
80299,0.0000153,0.0000000,0.0000000
80300,0.0000153,0.0000000,0.0000000
80301,0.0000153,0.0000000,0.0000000
80302,0.0000153,0.0000000,0.0000000
80303,0.0000153,0.0000000,0.0000000
80304,0.0000153,0.0000000,0.0000000
80305,0.0000153,0.0000000,0.0000000
80306,0.0000153,0.0000000,0.0000000
80307,0.0000153,0.0000000,0.0000000
80308,0.0000153,0.0000000,0.0000000
80309,0.0000153,0.0000000,0.0000000
80310,0.0000153,0.0000000,0.0000000
80311,0.0000153,0.0000000,0.0000000
80312,0.0000153,0.0000000,0.0000000
80313,0.0000153,0.0000000,0.0000000
80314,0.0000153,0.0000000,0.0000000
80315,0.0000153,0.0000000,0.0000000
80316,0.0000153,0.0000000,0.0000000
80317,0.0000153,0.0000000,0.0000000
80318,0.0000153,0.0000000,0.0000000
80319,0.0000153,0.0000000,0.0000000
80320,0.0000153,0.0000000,0.0000000
80321,0.0000153,0.0000000,0.0000000
80322,0.0000153,0.0000000,0.0000000
80323,0.0000153,0.0000000,0.0000000
80324,0.0000153,0.0000000,0.0000000
80325,0.0000153,0.0000000,0.0000000
80326,0.0000153,0.0000000,0.0000000
80327,0.0000153,0.0000000,0.0000000
80328,0.0000153,0.0000000,0.0000000
80329,0.0000153,0.0000000,0.0000000
80330,0.0000153,0.0000000,0.0000000
80331,0.0000153,0.0000000,0.0000000
80332,0.0000153,0.0000000,0.0000000
80333,0.0000153,0.0000000,0.0000000
80334,0.0000153,0.0000000,0.0000000
80335,0.0000153,0.0000000,0.0000000
80336,0.0000153,0.0000000,0.0000000
80337,0.0000153,0.0000000,0.0000000
80338,0.0000153,0.0000000,0.0000000
80339,0.0000153,0.0000000,0.0000000
80340,0.0000153,0.0000000,0.0000000
80341,0.0000153,0.0000000,0.0000000
80342,0.0000153,0.0000000,0.0000000
80343,0.0000153,0.0000000,0.0000000
80344,0.0000153,0.0000000,0.0000000
80345,0.0000153,0.0000000,0.0000000
80346,0.0000153,0.0000000,0.0000000
80347,0.0000153,0.0000000,0.0000000
80348,0.0000153,0.0000000,0.0000000
80349,0.0000153,0.0000000,0.0000000
80350,0.0000153,0.0000000,0.0000000
80351,0.0000153,0.0000000,0.0000000
80352,0.0000153,0.0000000,0.0000000
80353,0.0000153,0.0000000,0.0000000
80354,0.0000153,0.0000000,0.0000000
80355,0.0000153,0.0000000,0.0000000
80356,0.0000153,0.0000000,0.0000000
80357,0.0000153,0.0000000,0.0000000
80358,0.0000153,0.0000000,0.0000000
80359,0.0000153,0.0000000,0.0000000
80360,0.0000153,0.0000000,0.0000000
80361,0.0000153,0.0000000,0.0000000
80362,0.0000153,0.0000000,0.0000000
80363,0.0000153,0.0000000,0.0000000
80364,0.0000153,0.0000000,0.0000000
80365,0.0000153,0.0000000,0.0000000
80366,0.0000153,0.0000000,0.0000000
80367,0.0000153,0.0000000,0.0000000
80368,0.0000153,0.0000000,0.0000000
80369,0.0000153,0.0000000,0.0000000
80370,0.0000153,0.0000000,0.0000000
80371,0.0000153,0.0000000,0.0000000
80372,0.0000153,0.0000000,0.0000000
80373,0.0000153,0.0000000,0.0000000
80374,0.0000153,0.0000000,0.0000000
80375,0.0000153,0.0000000,0.0000000
80376,0.0000153,0.0000000,0.0000000
80377,0.0000153,0.0000000,0.0000000
80378,0.0000153,0.0000000,0.0000000
80379,0.0000153,0.0000000,0.0000000
80380,0.0000153,0.0000000,0.0000000
80381,0.0000153,0.0000000,0.0000000
80382,0.0000153,0.0000000,0.0000000
80383,0.0000153,0.0000000,0.0000000
80384,0.0000153,0.0000000,0.0000000
80385,0.0000153,0.0000000,0.0000000
80386,0.0000153,0.0000000,0.0000000
80387,0.0000153,0.0000000,0.0000000
80388,0.0000153,0.0000000,0.0000000
80389,0.0000153,0.0000000,0.0000000
80390,0.0000153,0.0000000,0.0000000
80391,0.0000153,0.0000000,0.0000000
80392,0.0000153,0.0000000,0.0000000
80393,0.0000153,0.0000000,0.0000000
80394,0.0000153,0.0000000,0.0000000
80395,0.0000153,0.0000000,0.0000000
80396,0.0000153,0.0000000,0.0000000
80397,0.0000153,0.0000000,0.0000000
80398,0.0000153,0.0000000,0.0000000
80399,0.0000153,0.0000000,0.0000000
80400,0.0000153,0.0000000,0.0000000
80401,0.0000153,0.0000000,0.0000000
80402,0.0000153,0.0000000,0.0000000
80403,0.0000153,0.0000000,0.0000000
80404,0.0000153,0.0000000,0.0000000
80405,0.0000153,0.0000000,0.0000000
80406,0.0000153,0.0000000,0.0000000
80407,0.0000153,0.0000000,0.0000000
80408,0.0000153,0.0000000,0.0000000
80409,0.0000153,0.0000000,0.0000000
80410,0.0000153,0.0000000,0.0000000
80411,0.0000153,0.0000000,0.0000000
80412,0.0000153,0.0000000,0.0000000
80413,0.0000153,0.0000000,0.0000000
80414,0.0000153,0.0000000,0.0000000
80415,0.0000153,0.0000000,0.0000000
80416,0.0000153,0.0000000,0.0000000
80417,0.0000153,0.0000000,0.0000000
80418,0.0000153,0.0000000,0.0000000
80419,0.0000153,0.0000000,0.0000000
80420,0.0000153,0.0000000,0.0000000
80421,0.0000153,0.0000000,0.0000000
80422,0.0000153,0.0000000,0.0000000
80423,0.0000153,0.0000000,0.0000000
80424,0.0000153,0.0000000,0.0000000
80425,0.0000153,0.0000000,0.0000000
80426,0.0000153,0.0000000,0.0000000
80427,0.0000153,0.0000000,0.0000000
80428,0.0000153,0.0000000,0.0000000
80429,0.0000153,0.0000000,0.0000000
80430,0.0000153,0.0000000,0.0000000
80431,0.0000153,0.0000000,0.0000000
80432,0.0000153,0.0000000,0.0000000
80433,0.0000153,0.0000000,0.0000000
80434,0.0000153,0.0000000,0.0000000
80435,0.0000153,0.0000000,0.0000000
80436,0.0000152,0.0000000,0.0000000
80437,0.0000152,0.0000000,0.0000000
80438,0.0000152,0.0000000,0.0000000
80439,0.0000152,0.0000000,0.0000000
80440,0.0000152,0.0000000,0.0000000
80441,0.0000152,0.0000000,0.0000000
80442,0.0000152,0.0000000,0.0000000
80443,0.0000152,0.0000000,0.0000000
80444,0.0000152,0.0000000,0.0000000
80445,0.0000152,0.0000000,0.0000000
80446,0.0000152,0.0000000,0.0000000
80447,0.0000152,0.0000000,0.0000000
80448,0.0000152,0.0000000,0.0000000
80449,0.0000152,0.0000000,0.0000000
80450,0.0000152,0.0000000,0.0000000
80451,0.0000152,0.0000000,0.0000000
80452,0.0000152,0.0000000,0.0000000
80453,0.0000152,0.0000000,0.0000000
80454,0.0000152,0.0000000,0.0000000
80455,0.0000152,0.0000000,0.0000000
80456,0.0000152,0.0000000,0.0000000
80457,0.0000152,0.0000000,0.0000000
80458,0.0000152,0.0000000,0.0000000
80459,0.0000152,0.0000000,0.0000000
80460,0.0000152,0.0000000,0.0000000
80461,0.0000152,0.0000000,0.0000000
80462,0.0000152,0.0000000,0.0000000
80463,0.0000152,0.0000000,0.0000000
80464,0.0000152,0.0000000,0.0000000
80465,0.0000152,0.0000000,0.0000000
80466,0.0000152,0.0000000,0.0000000
80467,0.0000152,0.0000000,0.0000000
80468,0.0000152,0.0000000,0.0000000
80469,0.0000152,0.0000000,0.0000000
80470,0.0000152,0.0000000,0.0000000
80471,0.0000152,0.0000000,0.0000000
80472,0.0000152,0.0000000,0.0000000
80473,0.0000152,0.0000000,0.0000000
80474,0.0000152,0.0000000,0.0000000
80475,0.0000152,0.0000000,0.0000000
80476,0.0000152,0.0000000,0.0000000
80477,0.0000152,0.0000000,0.0000000
80478,0.0000152,0.0000000,0.0000000
80479,0.0000152,0.0000000,0.0000000
80480,0.0000152,0.0000000,0.0000000
80481,0.0000152,0.0000000,0.0000000
80482,0.0000152,0.0000000,0.0000000
80483,0.0000152,0.0000000,0.0000000
80484,0.0000152,0.0000000,0.0000000
80485,0.0000152,0.0000000,0.0000000
80486,0.0000152,0.0000000,0.0000000
80487,0.0000152,0.0000000,0.0000000
80488,0.0000152,0.0000000,0.0000000
80489,0.0000152,0.0000000,0.0000000
80490,0.0000152,0.0000000,0.0000000
80491,0.0000152,0.0000000,0.0000000
80492,0.0000152,0.0000000,0.0000000
80493,0.0000152,0.0000000,0.0000000
80494,0.0000152,0.0000000,0.0000000
80495,0.0000152,0.0000000,0.0000000
80496,0.0000152,0.0000000,0.0000000
80497,0.0000152,0.0000000,0.0000000
80498,0.0000152,0.0000000,0.0000000
80499,0.0000152,0.0000000,0.0000000
80500,0.0000152,0.0000000,0.0000000
80501,0.0000152,0.0000000,0.0000000
80502,0.0000152,0.0000000,0.0000000
80503,0.0000152,0.0000000,0.0000000
80504,0.0000152,0.0000000,0.0000000
80505,0.0000152,0.0000000,0.0000000
80506,0.0000152,0.0000000,0.0000000
80507,0.0000152,0.0000000,0.0000000
80508,0.0000152,0.0000000,0.0000000
80509,0.0000152,0.0000000,0.0000000
80510,0.0000152,0.0000000,0.0000000
80511,0.0000152,0.0000000,0.0000000
80512,0.0000152,0.0000000,0.0000000
80513,0.0000152,0.0000000,0.0000000
80514,0.0000152,0.0000000,0.0000000
80515,0.0000152,0.0000000,0.0000000
80516,0.0000152,0.0000000,0.0000000
80517,0.0000152,0.0000000,0.0000000
80518,0.0000152,0.0000000,0.0000000
80519,0.0000152,0.0000000,0.0000000
80520,0.0000152,0.0000000,0.0000000
80521,0.0000152,0.0000000,0.0000000
80522,0.0000152,0.0000000,0.0000000
80523,0.0000152,0.0000000,0.0000000
80524,0.0000152,0.0000000,0.0000000
80525,0.0000152,0.0000000,0.0000000
80526,0.0000152,0.0000000,0.0000000
80527,0.0000152,0.0000000,0.0000000
80528,0.0000152,0.0000000,0.0000000
80529,0.0000152,0.0000000,0.0000000
80530,0.0000152,0.0000000,0.0000000
80531,0.0000152,0.0000000,0.0000000
80532,0.0000152,0.0000000,0.0000000
80533,0.0000152,0.0000000,0.0000000
80534,0.0000152,0.0000000,0.0000000
80535,0.0000152,0.0000000,0.0000000
80536,0.0000152,0.0000000,0.0000000
80537,0.0000152,0.0000000,0.0000000
80538,0.0000152,0.0000000,0.0000000
80539,0.0000152,0.0000000,0.0000000
80540,0.0000152,0.0000000,0.0000000
80541,0.0000152,0.0000000,0.0000000
80542,0.0000152,0.0000000,0.0000000
80543,0.0000152,0.0000000,0.0000000
80544,0.0000152,0.0000000,0.0000000
80545,0.0000152,0.0000000,0.0000000
80546,0.0000152,0.0000000,0.0000000
80547,0.0000152,0.0000000,0.0000000
80548,0.0000152,0.0000000,0.0000000
80549,0.0000152,0.0000000,0.0000000
80550,0.0000152,0.0000000,0.0000000
80551,0.0000152,0.0000000,0.0000000
80552,0.0000152,0.0000000,0.0000000
80553,0.0000152,0.0000000,0.0000000
80554,0.0000152,0.0000000,0.0000000
80555,0.0000152,0.0000000,0.0000000
80556,0.0000152,0.0000000,0.0000000
80557,0.0000152,0.0000000,0.0000000
80558,0.0000152,0.0000000,0.0000000
80559,0.0000152,0.0000000,0.0000000
80560,0.0000152,0.0000000,0.0000000
80561,0.0000152,0.0000000,0.0000000
80562,0.0000152,0.0000000,0.0000000
80563,0.0000152,0.0000000,0.0000000
80564,0.0000152,0.0000000,0.0000000
80565,0.0000152,0.0000000,0.0000000
80566,0.0000152,0.0000000,0.0000000
80567,0.0000152,0.0000000,0.0000000
80568,0.0000152,0.0000000,0.0000000
80569,0.0000152,0.0000000,0.0000000
80570,0.0000152,0.0000000,0.0000000
80571,0.0000152,0.0000000,0.0000000
80572,0.0000152,0.0000000,0.0000000
80573,0.0000152,0.0000000,0.0000000
80574,0.0000152,0.0000000,0.0000000
80575,0.0000152,0.0000000,0.0000000
80576,0.0000152,0.0000000,0.0000000
80577,0.0000152,0.0000000,0.0000000
80578,0.0000152,0.0000000,0.0000000
80579,0.0000152,0.0000000,0.0000000
80580,0.0000152,0.0000000,0.0000000
80581,0.0000152,0.0000000,0.0000000
80582,0.0000152,0.0000000,0.0000000
80583,0.0000151,0.0000000,0.0000000
80584,0.0000151,0.0000000,0.0000000
80585,0.0000151,0.0000000,0.0000000
80586,0.0000151,0.0000000,0.0000000
80587,0.0000151,0.0000000,0.0000000
80588,0.0000151,0.0000000,0.0000000
80589,0.0000151,0.0000000,0.0000000
80590,0.0000151,0.0000000,0.0000000
80591,0.0000151,0.0000000,0.0000000
80592,0.0000151,0.0000000,0.0000000
80593,0.0000151,0.0000000,0.0000000
80594,0.0000151,0.0000000,0.0000000
80595,0.0000151,0.0000000,0.0000000
80596,0.0000151,0.0000000,0.0000000
80597,0.0000151,0.0000000,0.0000000
80598,0.0000151,0.0000000,0.0000000
80599,0.0000151,0.0000000,0.0000000
80600,0.0000151,0.0000000,0.0000000
80601,0.0000151,0.0000000,0.0000000
80602,0.0000151,0.0000000,0.0000000
80603,0.0000151,0.0000000,0.0000000
80604,0.0000151,0.0000000,0.0000000
80605,0.0000151,0.0000000,0.0000000
80606,0.0000151,0.0000000,0.0000000
80607,0.0000151,0.0000000,0.0000000
80608,0.0000151,0.0000000,0.0000000
80609,0.0000151,0.0000000,0.0000000
80610,0.0000151,0.0000000,0.0000000
80611,0.0000151,0.0000000,0.0000000
80612,0.0000151,0.0000000,0.0000000
80613,0.0000151,0.0000000,0.0000000
80614,0.0000151,0.0000000,0.0000000
80615,0.0000151,0.0000000,0.0000000
80616,0.0000151,0.0000000,0.0000000
80617,0.0000151,0.0000000,0.0000000
80618,0.0000151,0.0000000,0.0000000
80619,0.0000151,0.0000000,0.0000000
80620,0.0000151,0.0000000,0.0000000
80621,0.0000151,0.0000000,0.0000000
80622,0.0000151,0.0000000,0.0000000
80623,0.0000151,0.0000000,0.0000000
80624,0.0000151,0.0000000,0.0000000
80625,0.0000151,0.0000000,0.0000000
80626,0.0000151,0.0000000,0.0000000
80627,0.0000151,0.0000000,0.0000000
80628,0.0000151,0.0000000,0.0000000
80629,0.0000151,0.0000000,0.0000000
80630,0.0000151,0.0000000,0.0000000
80631,0.0000151,0.0000000,0.0000000
80632,0.0000151,0.0000000,0.0000000
80633,0.0000151,0.0000000,0.0000000
80634,0.0000151,0.0000000,0.0000000
80635,0.0000151,0.0000000,0.0000000
80636,0.0000151,0.0000000,0.0000000
80637,0.0000151,0.0000000,0.0000000
80638,0.0000151,0.0000000,0.0000000
80639,0.0000151,0.0000000,0.0000000
80640,0.0000151,0.0000000,0.0000000
80641,0.0000151,0.0000000,0.0000000
80642,0.0000151,0.0000000,0.0000000
80643,0.0000151,0.0000000,0.0000000
80644,0.0000151,0.0000000,0.0000000
80645,0.0000151,0.0000000,0.0000000
80646,0.0000151,0.0000000,0.0000000
80647,0.0000151,0.0000000,0.0000000
80648,0.0000151,0.0000000,0.0000000
80649,0.0000151,0.0000000,0.0000000
80650,0.0000151,0.0000000,0.0000000
80651,0.0000151,0.0000000,0.0000000
80652,0.0000151,0.0000000,0.0000000
80653,0.0000151,0.0000000,0.0000000
80654,0.0000151,0.0000000,0.0000000
80655,0.0000151,0.0000000,0.0000000
80656,0.0000151,0.0000000,0.0000000
80657,0.0000151,0.0000000,0.0000000
80658,0.0000151,0.0000000,0.0000000
80659,0.0000151,0.0000000,0.0000000
80660,0.0000151,0.0000000,0.0000000
80661,0.0000151,0.0000000,0.0000000
80662,0.0000151,0.0000000,0.0000000
80663,0.0000151,0.0000000,0.0000000
80664,0.0000151,0.0000000,0.0000000
80665,0.0000151,0.0000000,0.0000000
80666,0.0000151,0.0000000,0.0000000
80667,0.0000151,0.0000000,0.0000000
80668,0.0000151,0.0000000,0.0000000
80669,0.0000151,0.0000000,0.0000000
80670,0.0000151,0.0000000,0.0000000
80671,0.0000151,0.0000000,0.0000000
80672,0.0000151,0.0000000,0.0000000
80673,0.0000151,0.0000000,0.0000000
80674,0.0000151,0.0000000,0.0000000
80675,0.0000151,0.0000000,0.0000000
80676,0.0000151,0.0000000,0.0000000
80677,0.0000151,0.0000000,0.0000000
80678,0.0000151,0.0000000,0.0000000
80679,0.0000151,0.0000000,0.0000000
80680,0.0000151,0.0000000,0.0000000
80681,0.0000151,0.0000000,0.0000000
80682,0.0000151,0.0000000,0.0000000
80683,0.0000151,0.0000000,0.0000000
80684,0.0000151,0.0000000,0.0000000
80685,0.0000151,0.0000000,0.0000000
80686,0.0000151,0.0000000,0.0000000
80687,0.0000151,0.0000000,0.0000000
80688,0.0000151,0.0000000,0.0000000
80689,0.0000151,0.0000000,0.0000000
80690,0.0000151,0.0000000,0.0000000
80691,0.0000151,0.0000000,0.0000000
80692,0.0000151,0.0000000,0.0000000
80693,0.0000151,0.0000000,0.0000000
80694,0.0000151,0.0000000,0.0000000
80695,0.0000151,0.0000000,0.0000000
80696,0.0000151,0.0000000,0.0000000
80697,0.0000151,0.0000000,0.0000000
80698,0.0000151,0.0000000,0.0000000
80699,0.0000151,0.0000000,0.0000000
80700,0.0000151,0.0000000,0.0000000
80701,0.0000151,0.0000000,0.0000000
80702,0.0000151,0.0000000,0.0000000
80703,0.0000151,0.0000000,0.0000000
80704,0.0000151,0.0000000,0.0000000
80705,0.0000151,0.0000000,0.0000000
80706,0.0000151,0.0000000,0.0000000
80707,0.0000151,0.0000000,0.0000000
80708,0.0000151,0.0000000,0.0000000
80709,0.0000151,0.0000000,0.0000000
80710,0.0000151,0.0000000,0.0000000
80711,0.0000151,0.0000000,0.0000000
80712,0.0000151,0.0000000,0.0000000
80713,0.0000151,0.0000000,0.0000000
80714,0.0000151,0.0000000,0.0000000
80715,0.0000151,0.0000000,0.0000000
80716,0.0000151,0.0000000,0.0000000
80717,0.0000151,0.0000000,0.0000000
80718,0.0000151,0.0000000,0.0000000
80719,0.0000151,0.0000000,0.0000000
80720,0.0000151,0.0000000,0.0000000
80721,0.0000151,0.0000000,0.0000000
80722,0.0000151,0.0000000,0.0000000
80723,0.0000151,0.0000000,0.0000000
80724,0.0000151,0.0000000,0.0000000
80725,0.0000151,0.0000000,0.0000000
80726,0.0000151,0.0000000,0.0000000
80727,0.0000151,0.0000000,0.0000000
80728,0.0000151,0.0000000,0.0000000
80729,0.0000151,0.0000000,0.0000000
80730,0.0000151,0.0000000,0.0000000
80731,0.0000150,0.0000000,0.0000000
80732,0.0000150,0.0000000,0.0000000
80733,0.0000150,0.0000000,0.0000000
80734,0.0000150,0.0000000,0.0000000
80735,0.0000150,0.0000000,0.0000000
80736,0.0000150,0.0000000,0.0000000
80737,0.0000150,0.0000000,0.0000000
80738,0.0000150,0.0000000,0.0000000
80739,0.0000150,0.0000000,0.0000000
80740,0.0000150,0.0000000,0.0000000
80741,0.0000150,0.0000000,0.0000000
80742,0.0000150,0.0000000,0.0000000
80743,0.0000150,0.0000000,0.0000000
80744,0.0000150,0.0000000,0.0000000
80745,0.0000150,0.0000000,0.0000000
80746,0.0000150,0.0000000,0.0000000
80747,0.0000150,0.0000000,0.0000000
80748,0.0000150,0.0000000,0.0000000
80749,0.0000150,0.0000000,0.0000000
80750,0.0000150,0.0000000,0.0000000
80751,0.0000150,0.0000000,0.0000000
80752,0.0000150,0.0000000,0.0000000
80753,0.0000150,0.0000000,0.0000000
80754,0.0000150,0.0000000,0.0000000
80755,0.0000150,0.0000000,0.0000000
80756,0.0000150,0.0000000,0.0000000
80757,0.0000150,0.0000000,0.0000000
80758,0.0000150,0.0000000,0.0000000
80759,0.0000150,0.0000000,0.0000000
80760,0.0000150,0.0000000,0.0000000
80761,0.0000150,0.0000000,0.0000000
80762,0.0000150,0.0000000,0.0000000
80763,0.0000150,0.0000000,0.0000000
80764,0.0000150,0.0000000,0.0000000
80765,0.0000150,0.0000000,0.0000000
80766,0.0000150,0.0000000,0.0000000
80767,0.0000150,0.0000000,0.0000000
80768,0.0000150,0.0000000,0.0000000
80769,0.0000150,0.0000000,0.0000000
80770,0.0000150,0.0000000,0.0000000
80771,0.0000150,0.0000000,0.0000000
80772,0.0000150,0.0000000,0.0000000
80773,0.0000150,0.0000000,0.0000000
80774,0.0000150,0.0000000,0.0000000
80775,0.0000150,0.0000000,0.0000000
80776,0.0000150,0.0000000,0.0000000
80777,0.0000150,0.0000000,0.0000000
80778,0.0000150,0.0000000,0.0000000
80779,0.0000150,0.0000000,0.0000000
80780,0.0000150,0.0000000,0.0000000
80781,0.0000150,0.0000000,0.0000000
80782,0.0000150,0.0000000,0.0000000
80783,0.0000150,0.0000000,0.0000000
80784,0.0000150,0.0000000,0.0000000
80785,0.0000150,0.0000000,0.0000000
80786,0.0000150,0.0000000,0.0000000
80787,0.0000150,0.0000000,0.0000000
80788,0.0000150,0.0000000,0.0000000
80789,0.0000150,0.0000000,0.0000000
80790,0.0000150,0.0000000,0.0000000
80791,0.0000150,0.0000000,0.0000000
80792,0.0000150,0.0000000,0.0000000
80793,0.0000150,0.0000000,0.0000000
80794,0.0000150,0.0000000,0.0000000
80795,0.0000150,0.0000000,0.0000000
80796,0.0000150,0.0000000,0.0000000
80797,0.0000150,0.0000000,0.0000000
80798,0.0000150,0.0000000,0.0000000
80799,0.0000150,0.0000000,0.0000000
80800,0.0000150,0.0000000,0.0000000
80801,0.0000150,0.0000000,0.0000000
80802,0.0000150,0.0000000,0.0000000
80803,0.0000150,0.0000000,0.0000000
80804,0.0000150,0.0000000,0.0000000
80805,0.0000150,0.0000000,0.0000000
80806,0.0000150,0.0000000,0.0000000
80807,0.0000150,0.0000000,0.0000000
80808,0.0000150,0.0000000,0.0000000
80809,0.0000150,0.0000000,0.0000000
80810,0.0000150,0.0000000,0.0000000
80811,0.0000150,0.0000000,0.0000000
80812,0.0000150,0.0000000,0.0000000
80813,0.0000150,0.0000000,0.0000000
80814,0.0000150,0.0000000,0.0000000
80815,0.0000150,0.0000000,0.0000000
80816,0.0000150,0.0000000,0.0000000
80817,0.0000150,0.0000000,0.0000000
80818,0.0000150,0.0000000,0.0000000
80819,0.0000150,0.0000000,0.0000000
80820,0.0000150,0.0000000,0.0000000
80821,0.0000150,0.0000000,0.0000000
80822,0.0000150,0.0000000,0.0000000
80823,0.0000150,0.0000000,0.0000000
80824,0.0000150,0.0000000,0.0000000
80825,0.0000150,0.0000000,0.0000000
80826,0.0000150,0.0000000,0.0000000
80827,0.0000150,0.0000000,0.0000000
80828,0.0000150,0.0000000,0.0000000
80829,0.0000150,0.0000000,0.0000000
80830,0.0000150,0.0000000,0.0000000
80831,0.0000150,0.0000000,0.0000000
80832,0.0000150,0.0000000,0.0000000
80833,0.0000150,0.0000000,0.0000000
80834,0.0000150,0.0000000,0.0000000
80835,0.0000150,0.0000000,0.0000000
80836,0.0000150,0.0000000,0.0000000
80837,0.0000150,0.0000000,0.0000000
80838,0.0000150,0.0000000,0.0000000
80839,0.0000150,0.0000000,0.0000000
80840,0.0000150,0.0000000,0.0000000
80841,0.0000150,0.0000000,0.0000000
80842,0.0000150,0.0000000,0.0000000
80843,0.0000150,0.0000000,0.0000000
80844,0.0000150,0.0000000,0.0000000
80845,0.0000150,0.0000000,0.0000000
80846,0.0000150,0.0000000,0.0000000
80847,0.0000150,0.0000000,0.0000000
80848,0.0000150,0.0000000,0.0000000
80849,0.0000150,0.0000000,0.0000000
80850,0.0000150,0.0000000,0.0000000
80851,0.0000150,0.0000000,0.0000000
80852,0.0000150,0.0000000,0.0000000
80853,0.0000150,0.0000000,0.0000000
80854,0.0000150,0.0000000,0.0000000
80855,0.0000150,0.0000000,0.0000000
80856,0.0000150,0.0000000,0.0000000
80857,0.0000150,0.0000000,0.0000000
80858,0.0000150,0.0000000,0.0000000
80859,0.0000150,0.0000000,0.0000000
80860,0.0000150,0.0000000,0.0000000
80861,0.0000150,0.0000000,0.0000000
80862,0.0000150,0.0000000,0.0000000
80863,0.0000150,0.0000000,0.0000000
80864,0.0000150,0.0000000,0.0000000
80865,0.0000150,0.0000000,0.0000000
80866,0.0000150,0.0000000,0.0000000
80867,0.0000150,0.0000000,0.0000000
80868,0.0000150,0.0000000,0.0000000
80869,0.0000150,0.0000000,0.0000000
80870,0.0000150,0.0000000,0.0000000
80871,0.0000150,0.0000000,0.0000000
80872,0.0000150,0.0000000,0.0000000
80873,0.0000150,0.0000000,0.0000000
80874,0.0000150,0.0000000,0.0000000
80875,0.0000150,0.0000000,0.0000000
80876,0.0000150,0.0000000,0.0000000
80877,0.0000150,0.0000000,0.0000000
80878,0.0000150,0.0000000,0.0000000
80879,0.0000150,0.0000000,0.0000000
80880,0.0000149,0.0000000,0.0000000
80881,0.0000149,0.0000000,0.0000000
80882,0.0000149,0.0000000,0.0000000
80883,0.0000149,0.0000000,0.0000000
80884,0.0000149,0.0000000,0.0000000
80885,0.0000149,0.0000000,0.0000000
80886,0.0000149,0.0000000,0.0000000
80887,0.0000149,0.0000000,0.0000000
80888,0.0000149,0.0000000,0.0000000
80889,0.0000149,0.0000000,0.0000000
80890,0.0000149,0.0000000,0.0000000
80891,0.0000149,0.0000000,0.0000000
80892,0.0000149,0.0000000,0.0000000
80893,0.0000149,0.0000000,0.0000000
80894,0.0000149,0.0000000,0.0000000
80895,0.0000149,0.0000000,0.0000000
80896,0.0000149,0.0000000,0.0000000
80897,0.0000149,0.0000000,0.0000000
80898,0.0000149,0.0000000,0.0000000
80899,0.0000149,0.0000000,0.0000000
80900,0.0000149,0.0000000,0.0000000
80901,0.0000149,0.0000000,0.0000000
80902,0.0000149,0.0000000,0.0000000
80903,0.0000149,0.0000000,0.0000000
80904,0.0000149,0.0000000,0.0000000
80905,0.0000149,0.0000000,0.0000000
80906,0.0000149,0.0000000,0.0000000
80907,0.0000149,0.0000000,0.0000000
80908,0.0000149,0.0000000,0.0000000
80909,0.0000149,0.0000000,0.0000000
80910,0.0000149,0.0000000,0.0000000
80911,0.0000149,0.0000000,0.0000000
80912,0.0000149,0.0000000,0.0000000
80913,0.0000149,0.0000000,0.0000000
80914,0.0000149,0.0000000,0.0000000
80915,0.0000149,0.0000000,0.0000000
80916,0.0000149,0.0000000,0.0000000
80917,0.0000149,0.0000000,0.0000000
80918,0.0000149,0.0000000,0.0000000
80919,0.0000149,0.0000000,0.0000000
80920,0.0000149,0.0000000,0.0000000
80921,0.0000149,0.0000000,0.0000000
80922,0.0000149,0.0000000,0.0000000
80923,0.0000149,0.0000000,0.0000000
80924,0.0000149,0.0000000,0.0000000
80925,0.0000149,0.0000000,0.0000000
80926,0.0000149,0.0000000,0.0000000
80927,0.0000149,0.0000000,0.0000000
80928,0.0000149,0.0000000,0.0000000
80929,0.0000149,0.0000000,0.0000000
80930,0.0000149,0.0000000,0.0000000
80931,0.0000149,0.0000000,0.0000000
80932,0.0000149,0.0000000,0.0000000
80933,0.0000149,0.0000000,0.0000000
80934,0.0000149,0.0000000,0.0000000
80935,0.0000149,0.0000000,0.0000000
80936,0.0000149,0.0000000,0.0000000
80937,0.0000149,0.0000000,0.0000000
80938,0.0000149,0.0000000,0.0000000
80939,0.0000149,0.0000000,0.0000000
80940,0.0000149,0.0000000,0.0000000
80941,0.0000149,0.0000000,0.0000000
80942,0.0000149,0.0000000,0.0000000
80943,0.0000149,0.0000000,0.0000000
80944,0.0000149,0.0000000,0.0000000
80945,0.0000149,0.0000000,0.0000000
80946,0.0000149,0.0000000,0.0000000
80947,0.0000149,0.0000000,0.0000000
80948,0.0000149,0.0000000,0.0000000
80949,0.0000149,0.0000000,0.0000000
80950,0.0000149,0.0000000,0.0000000
80951,0.0000149,0.0000000,0.0000000
80952,0.0000149,0.0000000,0.0000000
80953,0.0000149,0.0000000,0.0000000
80954,0.0000149,0.0000000,0.0000000
80955,0.0000149,0.0000000,0.0000000
80956,0.0000149,0.0000000,0.0000000
80957,0.0000149,0.0000000,0.0000000
80958,0.0000149,0.0000000,0.0000000
80959,0.0000149,0.0000000,0.0000000
80960,0.0000149,0.0000000,0.0000000
80961,0.0000149,0.0000000,0.0000000
80962,0.0000149,0.0000000,0.0000000
80963,0.0000149,0.0000000,0.0000000
80964,0.0000149,0.0000000,0.0000000
80965,0.0000149,0.0000000,0.0000000
80966,0.0000149,0.0000000,0.0000000
80967,0.0000149,0.0000000,0.0000000
80968,0.0000149,0.0000000,0.0000000
80969,0.0000149,0.0000000,0.0000000
80970,0.0000149,0.0000000,0.0000000
80971,0.0000149,0.0000000,0.0000000
80972,0.0000149,0.0000000,0.0000000
80973,0.0000149,0.0000000,0.0000000
80974,0.0000149,0.0000000,0.0000000
80975,0.0000149,0.0000000,0.0000000
80976,0.0000149,0.0000000,0.0000000
80977,0.0000149,0.0000000,0.0000000
80978,0.0000149,0.0000000,0.0000000
80979,0.0000149,0.0000000,0.0000000
80980,0.0000149,0.0000000,0.0000000
80981,0.0000149,0.0000000,0.0000000
80982,0.0000149,0.0000000,0.0000000
80983,0.0000149,0.0000000,0.0000000
80984,0.0000149,0.0000000,0.0000000
80985,0.0000149,0.0000000,0.0000000
80986,0.0000149,0.0000000,0.0000000
80987,0.0000149,0.0000000,0.0000000
80988,0.0000149,0.0000000,0.0000000
80989,0.0000149,0.0000000,0.0000000
80990,0.0000149,0.0000000,0.0000000
80991,0.0000149,0.0000000,0.0000000
80992,0.0000149,0.0000000,0.0000000
80993,0.0000149,0.0000000,0.0000000
80994,0.0000149,0.0000000,0.0000000
80995,0.0000149,0.0000000,0.0000000
80996,0.0000149,0.0000000,0.0000000
80997,0.0000149,0.0000000,0.0000000
80998,0.0000149,0.0000000,0.0000000
80999,0.0000149,0.0000000,0.0000000
81000,0.0000149,0.0000000,0.0000000
81001,0.0000149,0.0000000,0.0000000
81002,0.0000149,0.0000000,0.0000000
81003,0.0000149,0.0000000,0.0000000
81004,0.0000149,0.0000000,0.0000000
81005,0.0000149,0.0000000,0.0000000
81006,0.0000149,0.0000000,0.0000000
81007,0.0000149,0.0000000,0.0000000
81008,0.0000149,0.0000000,0.0000000
81009,0.0000149,0.0000000,0.0000000
81010,0.0000149,0.0000000,0.0000000
81011,0.0000149,0.0000000,0.0000000
81012,0.0000149,0.0000000,0.0000000
81013,0.0000149,0.0000000,0.0000000
81014,0.0000149,0.0000000,0.0000000
81015,0.0000149,0.0000000,0.0000000
81016,0.0000149,0.0000000,0.0000000
81017,0.0000149,0.0000000,0.0000000
81018,0.0000149,0.0000000,0.0000000
81019,0.0000149,0.0000000,0.0000000
81020,0.0000149,0.0000000,0.0000000
81021,0.0000149,0.0000000,0.0000000
81022,0.0000149,0.0000000,0.0000000
81023,0.0000149,0.0000000,0.0000000
81024,0.0000149,0.0000000,0.0000000
81025,0.0000149,0.0000000,0.0000000
81026,0.0000149,0.0000000,0.0000000
81027,0.0000149,0.0000000,0.0000000
81028,0.0000149,0.0000000,0.0000000
81029,0.0000149,0.0000000,0.0000000
81030,0.0000148,0.0000000,0.0000000
81031,0.0000148,0.0000000,0.0000000
81032,0.0000148,0.0000000,0.0000000
81033,0.0000148,0.0000000,0.0000000
81034,0.0000148,0.0000000,0.0000000
81035,0.0000148,0.0000000,0.0000000
81036,0.0000148,0.0000000,0.0000000
81037,0.0000148,0.0000000,0.0000000
81038,0.0000148,0.0000000,0.0000000
81039,0.0000148,0.0000000,0.0000000
81040,0.0000148,0.0000000,0.0000000
81041,0.0000148,0.0000000,0.0000000
81042,0.0000148,0.0000000,0.0000000
81043,0.0000148,0.0000000,0.0000000
81044,0.0000148,0.0000000,0.0000000
81045,0.0000148,0.0000000,0.0000000
81046,0.0000148,0.0000000,0.0000000
81047,0.0000148,0.0000000,0.0000000
81048,0.0000148,0.0000000,0.0000000
81049,0.0000148,0.0000000,0.0000000
81050,0.0000148,0.0000000,0.0000000
81051,0.0000148,0.0000000,0.0000000
81052,0.0000148,0.0000000,0.0000000
81053,0.0000148,0.0000000,0.0000000
81054,0.0000148,0.0000000,0.0000000
81055,0.0000148,0.0000000,0.0000000
81056,0.0000148,0.0000000,0.0000000
81057,0.0000148,0.0000000,0.0000000
81058,0.0000148,0.0000000,0.0000000
81059,0.0000148,0.0000000,0.0000000
81060,0.0000148,0.0000000,0.0000000
81061,0.0000148,0.0000000,0.0000000
81062,0.0000148,0.0000000,0.0000000
81063,0.0000148,0.0000000,0.0000000
81064,0.0000148,0.0000000,0.0000000
81065,0.0000148,0.0000000,0.0000000
81066,0.0000148,0.0000000,0.0000000
81067,0.0000148,0.0000000,0.0000000
81068,0.0000148,0.0000000,0.0000000
81069,0.0000148,0.0000000,0.0000000
81070,0.0000148,0.0000000,0.0000000
81071,0.0000148,0.0000000,0.0000000
81072,0.0000148,0.0000000,0.0000000
81073,0.0000148,0.0000000,0.0000000
81074,0.0000148,0.0000000,0.0000000
81075,0.0000148,0.0000000,0.0000000
81076,0.0000148,0.0000000,0.0000000
81077,0.0000148,0.0000000,0.0000000
81078,0.0000148,0.0000000,0.0000000
81079,0.0000148,0.0000000,0.0000000
81080,0.0000148,0.0000000,0.0000000
81081,0.0000148,0.0000000,0.0000000
81082,0.0000148,0.0000000,0.0000000
81083,0.0000148,0.0000000,0.0000000
81084,0.0000148,0.0000000,0.0000000
81085,0.0000148,0.0000000,0.0000000
81086,0.0000148,0.0000000,0.0000000
81087,0.0000148,0.0000000,0.0000000
81088,0.0000148,0.0000000,0.0000000
81089,0.0000148,0.0000000,0.0000000
81090,0.0000148,0.0000000,0.0000000
81091,0.0000148,0.0000000,0.0000000
81092,0.0000148,0.0000000,0.0000000
81093,0.0000148,0.0000000,0.0000000
81094,0.0000148,0.0000000,0.0000000
81095,0.0000148,0.0000000,0.0000000
81096,0.0000148,0.0000000,0.0000000
81097,0.0000148,0.0000000,0.0000000
81098,0.0000148,0.0000000,0.0000000
81099,0.0000148,0.0000000,0.0000000
81100,0.0000148,0.0000000,0.0000000
81101,0.0000148,0.0000000,0.0000000
81102,0.0000148,0.0000000,0.0000000
81103,0.0000148,0.0000000,0.0000000
81104,0.0000148,0.0000000,0.0000000
81105,0.0000148,0.0000000,0.0000000
81106,0.0000148,0.0000000,0.0000000
81107,0.0000148,0.0000000,0.0000000
81108,0.0000148,0.0000000,0.0000000
81109,0.0000148,0.0000000,0.0000000
81110,0.0000148,0.0000000,0.0000000
81111,0.0000148,0.0000000,0.0000000
81112,0.0000148,0.0000000,0.0000000
81113,0.0000148,0.0000000,0.0000000
81114,0.0000148,0.0000000,0.0000000
81115,0.0000148,0.0000000,0.0000000
81116,0.0000148,0.0000000,0.0000000
81117,0.0000148,0.0000000,0.0000000
81118,0.0000148,0.0000000,0.0000000
81119,0.0000148,0.0000000,0.0000000
81120,0.0000148,0.0000000,0.0000000
81121,0.0000148,0.0000000,0.0000000
81122,0.0000148,0.0000000,0.0000000
81123,0.0000148,0.0000000,0.0000000
81124,0.0000148,0.0000000,0.0000000
81125,0.0000148,0.0000000,0.0000000
81126,0.0000148,0.0000000,0.0000000
81127,0.0000148,0.0000000,0.0000000
81128,0.0000148,0.0000000,0.0000000
81129,0.0000148,0.0000000,0.0000000
81130,0.0000148,0.0000000,0.0000000
81131,0.0000148,0.0000000,0.0000000
81132,0.0000148,0.0000000,0.0000000
81133,0.0000148,0.0000000,0.0000000
81134,0.0000148,0.0000000,0.0000000
81135,0.0000148,0.0000000,0.0000000
81136,0.0000148,0.0000000,0.0000000
81137,0.0000148,0.0000000,0.0000000
81138,0.0000148,0.0000000,0.0000000
81139,0.0000148,0.0000000,0.0000000
81140,0.0000148,0.0000000,0.0000000
81141,0.0000148,0.0000000,0.0000000
81142,0.0000148,0.0000000,0.0000000
81143,0.0000148,0.0000000,0.0000000
81144,0.0000148,0.0000000,0.0000000
81145,0.0000148,0.0000000,0.0000000
81146,0.0000148,0.0000000,0.0000000
81147,0.0000148,0.0000000,0.0000000
81148,0.0000148,0.0000000,0.0000000
81149,0.0000148,0.0000000,0.0000000
81150,0.0000148,0.0000000,0.0000000
81151,0.0000148,0.0000000,0.0000000
81152,0.0000148,0.0000000,0.0000000
81153,0.0000148,0.0000000,0.0000000
81154,0.0000148,0.0000000,0.0000000
81155,0.0000148,0.0000000,0.0000000
81156,0.0000148,0.0000000,0.0000000
81157,0.0000148,0.0000000,0.0000000
81158,0.0000148,0.0000000,0.0000000
81159,0.0000148,0.0000000,0.0000000
81160,0.0000148,0.0000000,0.0000000
81161,0.0000148,0.0000000,0.0000000
81162,0.0000148,0.0000000,0.0000000
81163,0.0000148,0.0000000,0.0000000
81164,0.0000148,0.0000000,0.0000000
81165,0.0000148,0.0000000,0.0000000
81166,0.0000148,0.0000000,0.0000000
81167,0.0000148,0.0000000,0.0000000
81168,0.0000148,0.0000000,0.0000000
81169,0.0000148,0.0000000,0.0000000
81170,0.0000148,0.0000000,0.0000000
81171,0.0000148,0.0000000,0.0000000
81172,0.0000148,0.0000000,0.0000000
81173,0.0000148,0.0000000,0.0000000
81174,0.0000148,0.0000000,0.0000000
81175,0.0000148,0.0000000,0.0000000
81176,0.0000148,0.0000000,0.0000000
81177,0.0000148,0.0000000,0.0000000
81178,0.0000148,0.0000000,0.0000000
81179,0.0000148,0.0000000,0.0000000
81180,0.0000148,0.0000000,0.0000000
81181,0.0000148,0.0000000,0.0000000
81182,0.0000147,0.0000000,0.0000000
81183,0.0000147,0.0000000,0.0000000
81184,0.0000147,0.0000000,0.0000000
81185,0.0000147,0.0000000,0.0000000
81186,0.0000147,0.0000000,0.0000000
81187,0.0000147,0.0000000,0.0000000
81188,0.0000147,0.0000000,0.0000000
81189,0.0000147,0.0000000,0.0000000
81190,0.0000147,0.0000000,0.0000000
81191,0.0000147,0.0000000,0.0000000
81192,0.0000147,0.0000000,0.0000000
81193,0.0000147,0.0000000,0.0000000
81194,0.0000147,0.0000000,0.0000000
81195,0.0000147,0.0000000,0.0000000
81196,0.0000147,0.0000000,0.0000000
81197,0.0000147,0.0000000,0.0000000
81198,0.0000147,0.0000000,0.0000000
81199,0.0000147,0.0000000,0.0000000
81200,0.0000147,0.0000000,0.0000000
81201,0.0000147,0.0000000,0.0000000
81202,0.0000147,0.0000000,0.0000000
81203,0.0000147,0.0000000,0.0000000
81204,0.0000147,0.0000000,0.0000000
81205,0.0000147,0.0000000,0.0000000
81206,0.0000147,0.0000000,0.0000000
81207,0.0000147,0.0000000,0.0000000
81208,0.0000147,0.0000000,0.0000000
81209,0.0000147,0.0000000,0.0000000
81210,0.0000147,0.0000000,0.0000000
81211,0.0000147,0.0000000,0.0000000
81212,0.0000147,0.0000000,0.0000000
81213,0.0000147,0.0000000,0.0000000
81214,0.0000147,0.0000000,0.0000000
81215,0.0000147,0.0000000,0.0000000
81216,0.0000147,0.0000000,0.0000000
81217,0.0000147,0.0000000,0.0000000
81218,0.0000147,0.0000000,0.0000000
81219,0.0000147,0.0000000,0.0000000
81220,0.0000147,0.0000000,0.0000000
81221,0.0000147,0.0000000,0.0000000
81222,0.0000147,0.0000000,0.0000000
81223,0.0000147,0.0000000,0.0000000
81224,0.0000147,0.0000000,0.0000000
81225,0.0000147,0.0000000,0.0000000
81226,0.0000147,0.0000000,0.0000000
81227,0.0000147,0.0000000,0.0000000
81228,0.0000147,0.0000000,0.0000000
81229,0.0000147,0.0000000,0.0000000
81230,0.0000147,0.0000000,0.0000000
81231,0.0000147,0.0000000,0.0000000
81232,0.0000147,0.0000000,0.0000000
81233,0.0000147,0.0000000,0.0000000
81234,0.0000147,0.0000000,0.0000000
81235,0.0000147,0.0000000,0.0000000
81236,0.0000147,0.0000000,0.0000000
81237,0.0000147,0.0000000,0.0000000
81238,0.0000147,0.0000000,0.0000000
81239,0.0000147,0.0000000,0.0000000
81240,0.0000147,0.0000000,0.0000000
81241,0.0000147,0.0000000,0.0000000
81242,0.0000147,0.0000000,0.0000000
81243,0.0000147,0.0000000,0.0000000
81244,0.0000147,0.0000000,0.0000000
81245,0.0000147,0.0000000,0.0000000
81246,0.0000147,0.0000000,0.0000000
81247,0.0000147,0.0000000,0.0000000
81248,0.0000147,0.0000000,0.0000000
81249,0.0000147,0.0000000,0.0000000
81250,0.0000147,0.0000000,0.0000000
81251,0.0000147,0.0000000,0.0000000
81252,0.0000147,0.0000000,0.0000000
81253,0.0000147,0.0000000,0.0000000
81254,0.0000147,0.0000000,0.0000000
81255,0.0000147,0.0000000,0.0000000
81256,0.0000147,0.0000000,0.0000000
81257,0.0000147,0.0000000,0.0000000
81258,0.0000147,0.0000000,0.0000000
81259,0.0000147,0.0000000,0.0000000
81260,0.0000147,0.0000000,0.0000000
81261,0.0000147,0.0000000,0.0000000
81262,0.0000147,0.0000000,0.0000000
81263,0.0000147,0.0000000,0.0000000
81264,0.0000147,0.0000000,0.0000000
81265,0.0000147,0.0000000,0.0000000
81266,0.0000147,0.0000000,0.0000000
81267,0.0000147,0.0000000,0.0000000
81268,0.0000147,0.0000000,0.0000000
81269,0.0000147,0.0000000,0.0000000
81270,0.0000147,0.0000000,0.0000000
81271,0.0000147,0.0000000,0.0000000
81272,0.0000147,0.0000000,0.0000000
81273,0.0000147,0.0000000,0.0000000
81274,0.0000147,0.0000000,0.0000000
81275,0.0000147,0.0000000,0.0000000
81276,0.0000147,0.0000000,0.0000000
81277,0.0000147,0.0000000,0.0000000
81278,0.0000147,0.0000000,0.0000000
81279,0.0000147,0.0000000,0.0000000
81280,0.0000147,0.0000000,0.0000000
81281,0.0000147,0.0000000,0.0000000
81282,0.0000147,0.0000000,0.0000000
81283,0.0000147,0.0000000,0.0000000
81284,0.0000147,0.0000000,0.0000000
81285,0.0000147,0.0000000,0.0000000
81286,0.0000147,0.0000000,0.0000000
81287,0.0000147,0.0000000,0.0000000
81288,0.0000147,0.0000000,0.0000000
81289,0.0000147,0.0000000,0.0000000
81290,0.0000147,0.0000000,0.0000000
81291,0.0000147,0.0000000,0.0000000
81292,0.0000147,0.0000000,0.0000000
81293,0.0000147,0.0000000,0.0000000
81294,0.0000147,0.0000000,0.0000000
81295,0.0000147,0.0000000,0.0000000
81296,0.0000147,0.0000000,0.0000000
81297,0.0000147,0.0000000,0.0000000
81298,0.0000147,0.0000000,0.0000000
81299,0.0000147,0.0000000,0.0000000
81300,0.0000147,0.0000000,0.0000000
81301,0.0000147,0.0000000,0.0000000
81302,0.0000147,0.0000000,0.0000000
81303,0.0000147,0.0000000,0.0000000
81304,0.0000147,0.0000000,0.0000000
81305,0.0000147,0.0000000,0.0000000
81306,0.0000147,0.0000000,0.0000000
81307,0.0000147,0.0000000,0.0000000
81308,0.0000147,0.0000000,0.0000000
81309,0.0000147,0.0000000,0.0000000
81310,0.0000147,0.0000000,0.0000000
81311,0.0000147,0.0000000,0.0000000
81312,0.0000147,0.0000000,0.0000000
81313,0.0000147,0.0000000,0.0000000
81314,0.0000147,0.0000000,0.0000000
81315,0.0000147,0.0000000,0.0000000
81316,0.0000147,0.0000000,0.0000000
81317,0.0000147,0.0000000,0.0000000
81318,0.0000147,0.0000000,0.0000000
81319,0.0000147,0.0000000,0.0000000
81320,0.0000147,0.0000000,0.0000000
81321,0.0000147,0.0000000,0.0000000
81322,0.0000147,0.0000000,0.0000000
81323,0.0000147,0.0000000,0.0000000
81324,0.0000147,0.0000000,0.0000000
81325,0.0000147,0.0000000,0.0000000
81326,0.0000147,0.0000000,0.0000000
81327,0.0000147,0.0000000,0.0000000
81328,0.0000147,0.0000000,0.0000000
81329,0.0000147,0.0000000,0.0000000
81330,0.0000147,0.0000000,0.0000000
81331,0.0000147,0.0000000,0.0000000
81332,0.0000147,0.0000000,0.0000000
81333,0.0000147,0.0000000,0.0000000
81334,0.0000146,0.0000000,0.0000000
81335,0.0000146,0.0000000,0.0000000
81336,0.0000146,0.0000000,0.0000000
81337,0.0000146,0.0000000,0.0000000
81338,0.0000146,0.0000000,0.0000000
81339,0.0000146,0.0000000,0.0000000
81340,0.0000146,0.0000000,0.0000000
81341,0.0000146,0.0000000,0.0000000
81342,0.0000146,0.0000000,0.0000000
81343,0.0000146,0.0000000,0.0000000
81344,0.0000146,0.0000000,0.0000000
81345,0.0000146,0.0000000,0.0000000
81346,0.0000146,0.0000000,0.0000000
81347,0.0000146,0.0000000,0.0000000
81348,0.0000146,0.0000000,0.0000000
81349,0.0000146,0.0000000,0.0000000
81350,0.0000146,0.0000000,0.0000000
81351,0.0000146,0.0000000,0.0000000
81352,0.0000146,0.0000000,0.0000000
81353,0.0000146,0.0000000,0.0000000
81354,0.0000146,0.0000000,0.0000000
81355,0.0000146,0.0000000,0.0000000
81356,0.0000146,0.0000000,0.0000000
81357,0.0000146,0.0000000,0.0000000
81358,0.0000146,0.0000000,0.0000000
81359,0.0000146,0.0000000,0.0000000
81360,0.0000146,0.0000000,0.0000000
81361,0.0000146,0.0000000,0.0000000
81362,0.0000146,0.0000000,0.0000000
81363,0.0000146,0.0000000,0.0000000
81364,0.0000146,0.0000000,0.0000000
81365,0.0000146,0.0000000,0.0000000
81366,0.0000146,0.0000000,0.0000000
81367,0.0000146,0.0000000,0.0000000
81368,0.0000146,0.0000000,0.0000000
81369,0.0000146,0.0000000,0.0000000
81370,0.0000146,0.0000000,0.0000000
81371,0.0000146,0.0000000,0.0000000
81372,0.0000146,0.0000000,0.0000000
81373,0.0000146,0.0000000,0.0000000
81374,0.0000146,0.0000000,0.0000000
81375,0.0000146,0.0000000,0.0000000
81376,0.0000146,0.0000000,0.0000000
81377,0.0000146,0.0000000,0.0000000
81378,0.0000146,0.0000000,0.0000000
81379,0.0000146,0.0000000,0.0000000
81380,0.0000146,0.0000000,0.0000000
81381,0.0000146,0.0000000,0.0000000
81382,0.0000146,0.0000000,0.0000000
81383,0.0000146,0.0000000,0.0000000
81384,0.0000146,0.0000000,0.0000000
81385,0.0000146,0.0000000,0.0000000
81386,0.0000146,0.0000000,0.0000000
81387,0.0000146,0.0000000,0.0000000
81388,0.0000146,0.0000000,0.0000000
81389,0.0000146,0.0000000,0.0000000
81390,0.0000146,0.0000000,0.0000000
81391,0.0000146,0.0000000,0.0000000
81392,0.0000146,0.0000000,0.0000000
81393,0.0000146,0.0000000,0.0000000
81394,0.0000146,0.0000000,0.0000000
81395,0.0000146,0.0000000,0.0000000
81396,0.0000146,0.0000000,0.0000000
81397,0.0000146,0.0000000,0.0000000
81398,0.0000146,0.0000000,0.0000000
81399,0.0000146,0.0000000,0.0000000
81400,0.0000146,0.0000000,0.0000000
81401,0.0000146,0.0000000,0.0000000
81402,0.0000146,0.0000000,0.0000000
81403,0.0000146,0.0000000,0.0000000
81404,0.0000146,0.0000000,0.0000000
81405,0.0000146,0.0000000,0.0000000
81406,0.0000146,0.0000000,0.0000000
81407,0.0000146,0.0000000,0.0000000
81408,0.0000146,0.0000000,0.0000000
81409,0.0000146,0.0000000,0.0000000
81410,0.0000146,0.0000000,0.0000000
81411,0.0000146,0.0000000,0.0000000
81412,0.0000146,0.0000000,0.0000000
81413,0.0000146,0.0000000,0.0000000
81414,0.0000146,0.0000000,0.0000000
81415,0.0000146,0.0000000,0.0000000
81416,0.0000146,0.0000000,0.0000000
81417,0.0000146,0.0000000,0.0000000
81418,0.0000146,0.0000000,0.0000000
81419,0.0000146,0.0000000,0.0000000
81420,0.0000146,0.0000000,0.0000000
81421,0.0000146,0.0000000,0.0000000
81422,0.0000146,0.0000000,0.0000000
81423,0.0000146,0.0000000,0.0000000
81424,0.0000146,0.0000000,0.0000000
81425,0.0000146,0.0000000,0.0000000
81426,0.0000146,0.0000000,0.0000000
81427,0.0000146,0.0000000,0.0000000
81428,0.0000146,0.0000000,0.0000000
81429,0.0000146,0.0000000,0.0000000
81430,0.0000146,0.0000000,0.0000000
81431,0.0000146,0.0000000,0.0000000
81432,0.0000146,0.0000000,0.0000000
81433,0.0000146,0.0000000,0.0000000
81434,0.0000146,0.0000000,0.0000000
81435,0.0000146,0.0000000,0.0000000
81436,0.0000146,0.0000000,0.0000000
81437,0.0000146,0.0000000,0.0000000
81438,0.0000146,0.0000000,0.0000000
81439,0.0000146,0.0000000,0.0000000
81440,0.0000146,0.0000000,0.0000000
81441,0.0000146,0.0000000,0.0000000
81442,0.0000146,0.0000000,0.0000000
81443,0.0000146,0.0000000,0.0000000
81444,0.0000146,0.0000000,0.0000000
81445,0.0000146,0.0000000,0.0000000
81446,0.0000146,0.0000000,0.0000000
81447,0.0000146,0.0000000,0.0000000
81448,0.0000146,0.0000000,0.0000000
81449,0.0000146,0.0000000,0.0000000
81450,0.0000146,0.0000000,0.0000000
81451,0.0000146,0.0000000,0.0000000
81452,0.0000146,0.0000000,0.0000000
81453,0.0000146,0.0000000,0.0000000
81454,0.0000146,0.0000000,0.0000000
81455,0.0000146,0.0000000,0.0000000
81456,0.0000146,0.0000000,0.0000000
81457,0.0000146,0.0000000,0.0000000
81458,0.0000146,0.0000000,0.0000000
81459,0.0000146,0.0000000,0.0000000
81460,0.0000146,0.0000000,0.0000000
81461,0.0000146,0.0000000,0.0000000
81462,0.0000146,0.0000000,0.0000000
81463,0.0000146,0.0000000,0.0000000
81464,0.0000146,0.0000000,0.0000000
81465,0.0000146,0.0000000,0.0000000
81466,0.0000146,0.0000000,0.0000000
81467,0.0000146,0.0000000,0.0000000
81468,0.0000146,0.0000000,0.0000000
81469,0.0000146,0.0000000,0.0000000
81470,0.0000146,0.0000000,0.0000000
81471,0.0000146,0.0000000,0.0000000
81472,0.0000146,0.0000000,0.0000000
81473,0.0000146,0.0000000,0.0000000
81474,0.0000146,0.0000000,0.0000000
81475,0.0000146,0.0000000,0.0000000
81476,0.0000146,0.0000000,0.0000000
81477,0.0000146,0.0000000,0.0000000
81478,0.0000146,0.0000000,0.0000000
81479,0.0000146,0.0000000,0.0000000
81480,0.0000146,0.0000000,0.0000000
81481,0.0000146,0.0000000,0.0000000
81482,0.0000146,0.0000000,0.0000000
81483,0.0000146,0.0000000,0.0000000
81484,0.0000146,0.0000000,0.0000000
81485,0.0000146,0.0000000,0.0000000
81486,0.0000146,0.0000000,0.0000000
81487,0.0000145,0.0000000,0.0000000
81488,0.0000145,0.0000000,0.0000000
81489,0.0000145,0.0000000,0.0000000
81490,0.0000145,0.0000000,0.0000000
81491,0.0000145,0.0000000,0.0000000
81492,0.0000145,0.0000000,0.0000000
81493,0.0000145,0.0000000,0.0000000
81494,0.0000145,0.0000000,0.0000000
81495,0.0000145,0.0000000,0.0000000
81496,0.0000145,0.0000000,0.0000000
81497,0.0000145,0.0000000,0.0000000
81498,0.0000145,0.0000000,0.0000000
81499,0.0000145,0.0000000,0.0000000
81500,0.0000145,0.0000000,0.0000000
81501,0.0000145,0.0000000,0.0000000
81502,0.0000145,0.0000000,0.0000000
81503,0.0000145,0.0000000,0.0000000
81504,0.0000145,0.0000000,0.0000000
81505,0.0000145,0.0000000,0.0000000
81506,0.0000145,0.0000000,0.0000000
81507,0.0000145,0.0000000,0.0000000
81508,0.0000145,0.0000000,0.0000000
81509,0.0000145,0.0000000,0.0000000
81510,0.0000145,0.0000000,0.0000000
81511,0.0000145,0.0000000,0.0000000
81512,0.0000145,0.0000000,0.0000000
81513,0.0000145,0.0000000,0.0000000
81514,0.0000145,0.0000000,0.0000000
81515,0.0000145,0.0000000,0.0000000
81516,0.0000145,0.0000000,0.0000000
81517,0.0000145,0.0000000,0.0000000
81518,0.0000145,0.0000000,0.0000000
81519,0.0000145,0.0000000,0.0000000
81520,0.0000145,0.0000000,0.0000000
81521,0.0000145,0.0000000,0.0000000
81522,0.0000145,0.0000000,0.0000000
81523,0.0000145,0.0000000,0.0000000
81524,0.0000145,0.0000000,0.0000000
81525,0.0000145,0.0000000,0.0000000
81526,0.0000145,0.0000000,0.0000000
81527,0.0000145,0.0000000,0.0000000
81528,0.0000145,0.0000000,0.0000000
81529,0.0000145,0.0000000,0.0000000
81530,0.0000145,0.0000000,0.0000000
81531,0.0000145,0.0000000,0.0000000
81532,0.0000145,0.0000000,0.0000000
81533,0.0000145,0.0000000,0.0000000
81534,0.0000145,0.0000000,0.0000000
81535,0.0000145,0.0000000,0.0000000
81536,0.0000145,0.0000000,0.0000000
81537,0.0000145,0.0000000,0.0000000
81538,0.0000145,0.0000000,0.0000000
81539,0.0000145,0.0000000,0.0000000
81540,0.0000145,0.0000000,0.0000000
81541,0.0000145,0.0000000,0.0000000
81542,0.0000145,0.0000000,0.0000000
81543,0.0000145,0.0000000,0.0000000
81544,0.0000145,0.0000000,0.0000000
81545,0.0000145,0.0000000,0.0000000
81546,0.0000145,0.0000000,0.0000000
81547,0.0000145,0.0000000,0.0000000
81548,0.0000145,0.0000000,0.0000000
81549,0.0000145,0.0000000,0.0000000
81550,0.0000145,0.0000000,0.0000000
81551,0.0000145,0.0000000,0.0000000
81552,0.0000145,0.0000000,0.0000000
81553,0.0000145,0.0000000,0.0000000
81554,0.0000145,0.0000000,0.0000000
81555,0.0000145,0.0000000,0.0000000
81556,0.0000145,0.0000000,0.0000000
81557,0.0000145,0.0000000,0.0000000
81558,0.0000145,0.0000000,0.0000000
81559,0.0000145,0.0000000,0.0000000
81560,0.0000145,0.0000000,0.0000000
81561,0.0000145,0.0000000,0.0000000
81562,0.0000145,0.0000000,0.0000000
81563,0.0000145,0.0000000,0.0000000
81564,0.0000145,0.0000000,0.0000000
81565,0.0000145,0.0000000,0.0000000
81566,0.0000145,0.0000000,0.0000000
81567,0.0000145,0.0000000,0.0000000
81568,0.0000145,0.0000000,0.0000000
81569,0.0000145,0.0000000,0.0000000
81570,0.0000145,0.0000000,0.0000000
81571,0.0000145,0.0000000,0.0000000
81572,0.0000145,0.0000000,0.0000000
81573,0.0000145,0.0000000,0.0000000
81574,0.0000145,0.0000000,0.0000000
81575,0.0000145,0.0000000,0.0000000
81576,0.0000145,0.0000000,0.0000000
81577,0.0000145,0.0000000,0.0000000
81578,0.0000145,0.0000000,0.0000000
81579,0.0000145,0.0000000,0.0000000
81580,0.0000145,0.0000000,0.0000000
81581,0.0000145,0.0000000,0.0000000
81582,0.0000145,0.0000000,0.0000000
81583,0.0000145,0.0000000,0.0000000
81584,0.0000145,0.0000000,0.0000000
81585,0.0000145,0.0000000,0.0000000
81586,0.0000145,0.0000000,0.0000000
81587,0.0000145,0.0000000,0.0000000
81588,0.0000145,0.0000000,0.0000000
81589,0.0000145,0.0000000,0.0000000
81590,0.0000145,0.0000000,0.0000000
81591,0.0000145,0.0000000,0.0000000
81592,0.0000145,0.0000000,0.0000000
81593,0.0000145,0.0000000,0.0000000
81594,0.0000145,0.0000000,0.0000000
81595,0.0000145,0.0000000,0.0000000
81596,0.0000145,0.0000000,0.0000000
81597,0.0000145,0.0000000,0.0000000
81598,0.0000145,0.0000000,0.0000000
81599,0.0000145,0.0000000,0.0000000
81600,0.0000145,0.0000000,0.0000000
81601,0.0000145,0.0000000,0.0000000
81602,0.0000145,0.0000000,0.0000000
81603,0.0000145,0.0000000,0.0000000
81604,0.0000145,0.0000000,0.0000000
81605,0.0000145,0.0000000,0.0000000
81606,0.0000145,0.0000000,0.0000000
81607,0.0000145,0.0000000,0.0000000
81608,0.0000145,0.0000000,0.0000000
81609,0.0000145,0.0000000,0.0000000
81610,0.0000145,0.0000000,0.0000000
81611,0.0000145,0.0000000,0.0000000
81612,0.0000145,0.0000000,0.0000000
81613,0.0000145,0.0000000,0.0000000
81614,0.0000145,0.0000000,0.0000000
81615,0.0000145,0.0000000,0.0000000
81616,0.0000145,0.0000000,0.0000000
81617,0.0000145,0.0000000,0.0000000
81618,0.0000145,0.0000000,0.0000000
81619,0.0000145,0.0000000,0.0000000
81620,0.0000145,0.0000000,0.0000000
81621,0.0000145,0.0000000,0.0000000
81622,0.0000145,0.0000000,0.0000000
81623,0.0000145,0.0000000,0.0000000
81624,0.0000145,0.0000000,0.0000000
81625,0.0000145,0.0000000,0.0000000
81626,0.0000145,0.0000000,0.0000000
81627,0.0000145,0.0000000,0.0000000
81628,0.0000145,0.0000000,0.0000000
81629,0.0000145,0.0000000,0.0000000
81630,0.0000145,0.0000000,0.0000000
81631,0.0000145,0.0000000,0.0000000
81632,0.0000145,0.0000000,0.0000000
81633,0.0000145,0.0000000,0.0000000
81634,0.0000145,0.0000000,0.0000000
81635,0.0000145,0.0000000,0.0000000
81636,0.0000145,0.0000000,0.0000000
81637,0.0000145,0.0000000,0.0000000
81638,0.0000145,0.0000000,0.0000000
81639,0.0000145,0.0000000,0.0000000
81640,0.0000145,0.0000000,0.0000000
81641,0.0000145,0.0000000,0.0000000
81642,0.0000144,0.0000000,0.0000000
81643,0.0000144,0.0000000,0.0000000
81644,0.0000144,0.0000000,0.0000000
81645,0.0000144,0.0000000,0.0000000
81646,0.0000144,0.0000000,0.0000000
81647,0.0000144,0.0000000,0.0000000
81648,0.0000144,0.0000000,0.0000000
81649,0.0000144,0.0000000,0.0000000
81650,0.0000144,0.0000000,0.0000000
81651,0.0000144,0.0000000,0.0000000
81652,0.0000144,0.0000000,0.0000000
81653,0.0000144,0.0000000,0.0000000
81654,0.0000144,0.0000000,0.0000000
81655,0.0000144,0.0000000,0.0000000
81656,0.0000144,0.0000000,0.0000000
81657,0.0000144,0.0000000,0.0000000
81658,0.0000144,0.0000000,0.0000000
81659,0.0000144,0.0000000,0.0000000
81660,0.0000144,0.0000000,0.0000000
81661,0.0000144,0.0000000,0.0000000
81662,0.0000144,0.0000000,0.0000000
81663,0.0000144,0.0000000,0.0000000
81664,0.0000144,0.0000000,0.0000000
81665,0.0000144,0.0000000,0.0000000
81666,0.0000144,0.0000000,0.0000000
81667,0.0000144,0.0000000,0.0000000
81668,0.0000144,0.0000000,0.0000000
81669,0.0000144,0.0000000,0.0000000
81670,0.0000144,0.0000000,0.0000000
81671,0.0000144,0.0000000,0.0000000
81672,0.0000144,0.0000000,0.0000000
81673,0.0000144,0.0000000,0.0000000
81674,0.0000144,0.0000000,0.0000000
81675,0.0000144,0.0000000,0.0000000
81676,0.0000144,0.0000000,0.0000000
81677,0.0000144,0.0000000,0.0000000
81678,0.0000144,0.0000000,0.0000000
81679,0.0000144,0.0000000,0.0000000
81680,0.0000144,0.0000000,0.0000000
81681,0.0000144,0.0000000,0.0000000
81682,0.0000144,0.0000000,0.0000000
81683,0.0000144,0.0000000,0.0000000
81684,0.0000144,0.0000000,0.0000000
81685,0.0000144,0.0000000,0.0000000
81686,0.0000144,0.0000000,0.0000000
81687,0.0000144,0.0000000,0.0000000
81688,0.0000144,0.0000000,0.0000000
81689,0.0000144,0.0000000,0.0000000
81690,0.0000144,0.0000000,0.0000000
81691,0.0000144,0.0000000,0.0000000
81692,0.0000144,0.0000000,0.0000000
81693,0.0000144,0.0000000,0.0000000
81694,0.0000144,0.0000000,0.0000000
81695,0.0000144,0.0000000,0.0000000
81696,0.0000144,0.0000000,0.0000000
81697,0.0000144,0.0000000,0.0000000
81698,0.0000144,0.0000000,0.0000000
81699,0.0000144,0.0000000,0.0000000
81700,0.0000144,0.0000000,0.0000000
81701,0.0000144,0.0000000,0.0000000
81702,0.0000144,0.0000000,0.0000000
81703,0.0000144,0.0000000,0.0000000
81704,0.0000144,0.0000000,0.0000000
81705,0.0000144,0.0000000,0.0000000
81706,0.0000144,0.0000000,0.0000000
81707,0.0000144,0.0000000,0.0000000
81708,0.0000144,0.0000000,0.0000000
81709,0.0000144,0.0000000,0.0000000
81710,0.0000144,0.0000000,0.0000000
81711,0.0000144,0.0000000,0.0000000
81712,0.0000144,0.0000000,0.0000000
81713,0.0000144,0.0000000,0.0000000
81714,0.0000144,0.0000000,0.0000000
81715,0.0000144,0.0000000,0.0000000
81716,0.0000144,0.0000000,0.0000000
81717,0.0000144,0.0000000,0.0000000
81718,0.0000144,0.0000000,0.0000000
81719,0.0000144,0.0000000,0.0000000
81720,0.0000144,0.0000000,0.0000000
81721,0.0000144,0.0000000,0.0000000
81722,0.0000144,0.0000000,0.0000000
81723,0.0000144,0.0000000,0.0000000
81724,0.0000144,0.0000000,0.0000000
81725,0.0000144,0.0000000,0.0000000
81726,0.0000144,0.0000000,0.0000000
81727,0.0000144,0.0000000,0.0000000
81728,0.0000144,0.0000000,0.0000000
81729,0.0000144,0.0000000,0.0000000
81730,0.0000144,0.0000000,0.0000000
81731,0.0000144,0.0000000,0.0000000
81732,0.0000144,0.0000000,0.0000000
81733,0.0000144,0.0000000,0.0000000
81734,0.0000144,0.0000000,0.0000000
81735,0.0000144,0.0000000,0.0000000
81736,0.0000144,0.0000000,0.0000000
81737,0.0000144,0.0000000,0.0000000
81738,0.0000144,0.0000000,0.0000000
81739,0.0000144,0.0000000,0.0000000
81740,0.0000144,0.0000000,0.0000000
81741,0.0000144,0.0000000,0.0000000
81742,0.0000144,0.0000000,0.0000000
81743,0.0000144,0.0000000,0.0000000
81744,0.0000144,0.0000000,0.0000000
81745,0.0000144,0.0000000,0.0000000
81746,0.0000144,0.0000000,0.0000000
81747,0.0000144,0.0000000,0.0000000
81748,0.0000144,0.0000000,0.0000000
81749,0.0000144,0.0000000,0.0000000
81750,0.0000144,0.0000000,0.0000000
81751,0.0000144,0.0000000,0.0000000
81752,0.0000144,0.0000000,0.0000000
81753,0.0000144,0.0000000,0.0000000
81754,0.0000144,0.0000000,0.0000000
81755,0.0000144,0.0000000,0.0000000
81756,0.0000144,0.0000000,0.0000000
81757,0.0000144,0.0000000,0.0000000
81758,0.0000144,0.0000000,0.0000000
81759,0.0000144,0.0000000,0.0000000
81760,0.0000144,0.0000000,0.0000000
81761,0.0000144,0.0000000,0.0000000
81762,0.0000144,0.0000000,0.0000000
81763,0.0000144,0.0000000,0.0000000
81764,0.0000144,0.0000000,0.0000000
81765,0.0000144,0.0000000,0.0000000
81766,0.0000144,0.0000000,0.0000000
81767,0.0000144,0.0000000,0.0000000
81768,0.0000144,0.0000000,0.0000000
81769,0.0000144,0.0000000,0.0000000
81770,0.0000144,0.0000000,0.0000000
81771,0.0000144,0.0000000,0.0000000
81772,0.0000144,0.0000000,0.0000000
81773,0.0000144,0.0000000,0.0000000
81774,0.0000144,0.0000000,0.0000000
81775,0.0000144,0.0000000,0.0000000
81776,0.0000144,0.0000000,0.0000000
81777,0.0000144,0.0000000,0.0000000
81778,0.0000144,0.0000000,0.0000000
81779,0.0000144,0.0000000,0.0000000
81780,0.0000144,0.0000000,0.0000000
81781,0.0000144,0.0000000,0.0000000
81782,0.0000144,0.0000000,0.0000000
81783,0.0000144,0.0000000,0.0000000
81784,0.0000144,0.0000000,0.0000000
81785,0.0000144,0.0000000,0.0000000
81786,0.0000144,0.0000000,0.0000000
81787,0.0000144,0.0000000,0.0000000
81788,0.0000144,0.0000000,0.0000000
81789,0.0000144,0.0000000,0.0000000
81790,0.0000144,0.0000000,0.0000000
81791,0.0000144,0.0000000,0.0000000
81792,0.0000144,0.0000000,0.0000000
81793,0.0000144,0.0000000,0.0000000
81794,0.0000144,0.0000000,0.0000000
81795,0.0000144,0.0000000,0.0000000
81796,0.0000144,0.0000000,0.0000000
81797,0.0000143,0.0000000,0.0000000
81798,0.0000143,0.0000000,0.0000000
81799,0.0000143,0.0000000,0.0000000
81800,0.0000143,0.0000000,0.0000000
81801,0.0000143,0.0000000,0.0000000
81802,0.0000143,0.0000000,0.0000000
81803,0.0000143,0.0000000,0.0000000
81804,0.0000143,0.0000000,0.0000000
81805,0.0000143,0.0000000,0.0000000
81806,0.0000143,0.0000000,0.0000000
81807,0.0000143,0.0000000,0.0000000
81808,0.0000143,0.0000000,0.0000000
81809,0.0000143,0.0000000,0.0000000
81810,0.0000143,0.0000000,0.0000000
81811,0.0000143,0.0000000,0.0000000
81812,0.0000143,0.0000000,0.0000000
81813,0.0000143,0.0000000,0.0000000
81814,0.0000143,0.0000000,0.0000000
81815,0.0000143,0.0000000,0.0000000
81816,0.0000143,0.0000000,0.0000000
81817,0.0000143,0.0000000,0.0000000
81818,0.0000143,0.0000000,0.0000000
81819,0.0000143,0.0000000,0.0000000
81820,0.0000143,0.0000000,0.0000000
81821,0.0000143,0.0000000,0.0000000
81822,0.0000143,0.0000000,0.0000000
81823,0.0000143,0.0000000,0.0000000
81824,0.0000143,0.0000000,0.0000000
81825,0.0000143,0.0000000,0.0000000
81826,0.0000143,0.0000000,0.0000000
81827,0.0000143,0.0000000,0.0000000
81828,0.0000143,0.0000000,0.0000000
81829,0.0000143,0.0000000,0.0000000
81830,0.0000143,0.0000000,0.0000000
81831,0.0000143,0.0000000,0.0000000
81832,0.0000143,0.0000000,0.0000000
81833,0.0000143,0.0000000,0.0000000
81834,0.0000143,0.0000000,0.0000000
81835,0.0000143,0.0000000,0.0000000
81836,0.0000143,0.0000000,0.0000000
81837,0.0000143,0.0000000,0.0000000
81838,0.0000143,0.0000000,0.0000000
81839,0.0000143,0.0000000,0.0000000
81840,0.0000143,0.0000000,0.0000000
81841,0.0000143,0.0000000,0.0000000
81842,0.0000143,0.0000000,0.0000000
81843,0.0000143,0.0000000,0.0000000
81844,0.0000143,0.0000000,0.0000000
81845,0.0000143,0.0000000,0.0000000
81846,0.0000143,0.0000000,0.0000000
81847,0.0000143,0.0000000,0.0000000
81848,0.0000143,0.0000000,0.0000000
81849,0.0000143,0.0000000,0.0000000
81850,0.0000143,0.0000000,0.0000000
81851,0.0000143,0.0000000,0.0000000
81852,0.0000143,0.0000000,0.0000000
81853,0.0000143,0.0000000,0.0000000
81854,0.0000143,0.0000000,0.0000000
81855,0.0000143,0.0000000,0.0000000
81856,0.0000143,0.0000000,0.0000000
81857,0.0000143,0.0000000,0.0000000
81858,0.0000143,0.0000000,0.0000000
81859,0.0000143,0.0000000,0.0000000
81860,0.0000143,0.0000000,0.0000000
81861,0.0000143,0.0000000,0.0000000
81862,0.0000143,0.0000000,0.0000000
81863,0.0000143,0.0000000,0.0000000
81864,0.0000143,0.0000000,0.0000000
81865,0.0000143,0.0000000,0.0000000
81866,0.0000143,0.0000000,0.0000000
81867,0.0000143,0.0000000,0.0000000
81868,0.0000143,0.0000000,0.0000000
81869,0.0000143,0.0000000,0.0000000
81870,0.0000143,0.0000000,0.0000000
81871,0.0000143,0.0000000,0.0000000
81872,0.0000143,0.0000000,0.0000000
81873,0.0000143,0.0000000,0.0000000
81874,0.0000143,0.0000000,0.0000000
81875,0.0000143,0.0000000,0.0000000
81876,0.0000143,0.0000000,0.0000000
81877,0.0000143,0.0000000,0.0000000
81878,0.0000143,0.0000000,0.0000000
81879,0.0000143,0.0000000,0.0000000
81880,0.0000143,0.0000000,0.0000000
81881,0.0000143,0.0000000,0.0000000
81882,0.0000143,0.0000000,0.0000000
81883,0.0000143,0.0000000,0.0000000
81884,0.0000143,0.0000000,0.0000000
81885,0.0000143,0.0000000,0.0000000
81886,0.0000143,0.0000000,0.0000000
81887,0.0000143,0.0000000,0.0000000
81888,0.0000143,0.0000000,0.0000000
81889,0.0000143,0.0000000,0.0000000
81890,0.0000143,0.0000000,0.0000000
81891,0.0000143,0.0000000,0.0000000
81892,0.0000143,0.0000000,0.0000000
81893,0.0000143,0.0000000,0.0000000
81894,0.0000143,0.0000000,0.0000000
81895,0.0000143,0.0000000,0.0000000
81896,0.0000143,0.0000000,0.0000000
81897,0.0000143,0.0000000,0.0000000
81898,0.0000143,0.0000000,0.0000000
81899,0.0000143,0.0000000,0.0000000
81900,0.0000143,0.0000000,0.0000000
81901,0.0000143,0.0000000,0.0000000
81902,0.0000143,0.0000000,0.0000000
81903,0.0000143,0.0000000,0.0000000
81904,0.0000143,0.0000000,0.0000000
81905,0.0000143,0.0000000,0.0000000
81906,0.0000143,0.0000000,0.0000000
81907,0.0000143,0.0000000,0.0000000
81908,0.0000143,0.0000000,0.0000000
81909,0.0000143,0.0000000,0.0000000
81910,0.0000143,0.0000000,0.0000000
81911,0.0000143,0.0000000,0.0000000
81912,0.0000143,0.0000000,0.0000000
81913,0.0000143,0.0000000,0.0000000
81914,0.0000143,0.0000000,0.0000000
81915,0.0000143,0.0000000,0.0000000
81916,0.0000143,0.0000000,0.0000000
81917,0.0000143,0.0000000,0.0000000
81918,0.0000143,0.0000000,0.0000000
81919,0.0000143,0.0000000,0.0000000
81920,0.0000143,0.0000000,0.0000000
81921,0.0000143,0.0000000,0.0000000
81922,0.0000143,0.0000000,0.0000000
81923,0.0000143,0.0000000,0.0000000
81924,0.0000143,0.0000000,0.0000000
81925,0.0000143,0.0000000,0.0000000
81926,0.0000143,0.0000000,0.0000000
81927,0.0000143,0.0000000,0.0000000
81928,0.0000143,0.0000000,0.0000000
81929,0.0000143,0.0000000,0.0000000
81930,0.0000143,0.0000000,0.0000000
81931,0.0000143,0.0000000,0.0000000
81932,0.0000143,0.0000000,0.0000000
81933,0.0000143,0.0000000,0.0000000
81934,0.0000143,0.0000000,0.0000000
81935,0.0000143,0.0000000,0.0000000
81936,0.0000143,0.0000000,0.0000000
81937,0.0000143,0.0000000,0.0000000
81938,0.0000143,0.0000000,0.0000000
81939,0.0000143,0.0000000,0.0000000
81940,0.0000143,0.0000000,0.0000000
81941,0.0000143,0.0000000,0.0000000
81942,0.0000143,0.0000000,0.0000000
81943,0.0000143,0.0000000,0.0000000
81944,0.0000143,0.0000000,0.0000000
81945,0.0000143,0.0000000,0.0000000
81946,0.0000143,0.0000000,0.0000000
81947,0.0000143,0.0000000,0.0000000
81948,0.0000143,0.0000000,0.0000000
81949,0.0000143,0.0000000,0.0000000
81950,0.0000143,0.0000000,0.0000000
81951,0.0000143,0.0000000,0.0000000
81952,0.0000143,0.0000000,0.0000000
81953,0.0000143,0.0000000,0.0000000
81954,0.0000142,0.0000000,0.0000000
81955,0.0000142,0.0000000,0.0000000
81956,0.0000142,0.0000000,0.0000000
81957,0.0000142,0.0000000,0.0000000
81958,0.0000142,0.0000000,0.0000000
81959,0.0000142,0.0000000,0.0000000
81960,0.0000142,0.0000000,0.0000000
81961,0.0000142,0.0000000,0.0000000
81962,0.0000142,0.0000000,0.0000000
81963,0.0000142,0.0000000,0.0000000
81964,0.0000142,0.0000000,0.0000000
81965,0.0000142,0.0000000,0.0000000
81966,0.0000142,0.0000000,0.0000000
81967,0.0000142,0.0000000,0.0000000
81968,0.0000142,0.0000000,0.0000000
81969,0.0000142,0.0000000,0.0000000
81970,0.0000142,0.0000000,0.0000000
81971,0.0000142,0.0000000,0.0000000
81972,0.0000142,0.0000000,0.0000000
81973,0.0000142,0.0000000,0.0000000
81974,0.0000142,0.0000000,0.0000000
81975,0.0000142,0.0000000,0.0000000
81976,0.0000142,0.0000000,0.0000000
81977,0.0000142,0.0000000,0.0000000
81978,0.0000142,0.0000000,0.0000000
81979,0.0000142,0.0000000,0.0000000
81980,0.0000142,0.0000000,0.0000000
81981,0.0000142,0.0000000,0.0000000
81982,0.0000142,0.0000000,0.0000000
81983,0.0000142,0.0000000,0.0000000
81984,0.0000142,0.0000000,0.0000000
81985,0.0000142,0.0000000,0.0000000
81986,0.0000142,0.0000000,0.0000000
81987,0.0000142,0.0000000,0.0000000
81988,0.0000142,0.0000000,0.0000000
81989,0.0000142,0.0000000,0.0000000
81990,0.0000142,0.0000000,0.0000000
81991,0.0000142,0.0000000,0.0000000
81992,0.0000142,0.0000000,0.0000000
81993,0.0000142,0.0000000,0.0000000
81994,0.0000142,0.0000000,0.0000000
81995,0.0000142,0.0000000,0.0000000
81996,0.0000142,0.0000000,0.0000000
81997,0.0000142,0.0000000,0.0000000
81998,0.0000142,0.0000000,0.0000000
81999,0.0000142,0.0000000,0.0000000
82000,0.0000142,0.0000000,0.0000000
82001,0.0000142,0.0000000,0.0000000
82002,0.0000142,0.0000000,0.0000000
82003,0.0000142,0.0000000,0.0000000
82004,0.0000142,0.0000000,0.0000000
82005,0.0000142,0.0000000,0.0000000
82006,0.0000142,0.0000000,0.0000000
82007,0.0000142,0.0000000,0.0000000
82008,0.0000142,0.0000000,0.0000000
82009,0.0000142,0.0000000,0.0000000
82010,0.0000142,0.0000000,0.0000000
82011,0.0000142,0.0000000,0.0000000
82012,0.0000142,0.0000000,0.0000000
82013,0.0000142,0.0000000,0.0000000
82014,0.0000142,0.0000000,0.0000000
82015,0.0000142,0.0000000,0.0000000
82016,0.0000142,0.0000000,0.0000000
82017,0.0000142,0.0000000,0.0000000
82018,0.0000142,0.0000000,0.0000000
82019,0.0000142,0.0000000,0.0000000
82020,0.0000142,0.0000000,0.0000000
82021,0.0000142,0.0000000,0.0000000
82022,0.0000142,0.0000000,0.0000000
82023,0.0000142,0.0000000,0.0000000
82024,0.0000142,0.0000000,0.0000000
82025,0.0000142,0.0000000,0.0000000
82026,0.0000142,0.0000000,0.0000000
82027,0.0000142,0.0000000,0.0000000
82028,0.0000142,0.0000000,0.0000000
82029,0.0000142,0.0000000,0.0000000
82030,0.0000142,0.0000000,0.0000000
82031,0.0000142,0.0000000,0.0000000
82032,0.0000142,0.0000000,0.0000000
82033,0.0000142,0.0000000,0.0000000
82034,0.0000142,0.0000000,0.0000000
82035,0.0000142,0.0000000,0.0000000
82036,0.0000142,0.0000000,0.0000000
82037,0.0000142,0.0000000,0.0000000
82038,0.0000142,0.0000000,0.0000000
82039,0.0000142,0.0000000,0.0000000
82040,0.0000142,0.0000000,0.0000000
82041,0.0000142,0.0000000,0.0000000
82042,0.0000142,0.0000000,0.0000000
82043,0.0000142,0.0000000,0.0000000
82044,0.0000142,0.0000000,0.0000000
82045,0.0000142,0.0000000,0.0000000
82046,0.0000142,0.0000000,0.0000000
82047,0.0000142,0.0000000,0.0000000
82048,0.0000142,0.0000000,0.0000000
82049,0.0000142,0.0000000,0.0000000
82050,0.0000142,0.0000000,0.0000000
82051,0.0000142,0.0000000,0.0000000
82052,0.0000142,0.0000000,0.0000000
82053,0.0000142,0.0000000,0.0000000
82054,0.0000142,0.0000000,0.0000000
82055,0.0000142,0.0000000,0.0000000
82056,0.0000142,0.0000000,0.0000000
82057,0.0000142,0.0000000,0.0000000
82058,0.0000142,0.0000000,0.0000000
82059,0.0000142,0.0000000,0.0000000
82060,0.0000142,0.0000000,0.0000000
82061,0.0000142,0.0000000,0.0000000
82062,0.0000142,0.0000000,0.0000000
82063,0.0000142,0.0000000,0.0000000
82064,0.0000142,0.0000000,0.0000000
82065,0.0000142,0.0000000,0.0000000
82066,0.0000142,0.0000000,0.0000000
82067,0.0000142,0.0000000,0.0000000
82068,0.0000142,0.0000000,0.0000000
82069,0.0000142,0.0000000,0.0000000
82070,0.0000142,0.0000000,0.0000000
82071,0.0000142,0.0000000,0.0000000
82072,0.0000142,0.0000000,0.0000000
82073,0.0000142,0.0000000,0.0000000
82074,0.0000142,0.0000000,0.0000000
82075,0.0000142,0.0000000,0.0000000
82076,0.0000142,0.0000000,0.0000000
82077,0.0000142,0.0000000,0.0000000
82078,0.0000142,0.0000000,0.0000000
82079,0.0000142,0.0000000,0.0000000
82080,0.0000142,0.0000000,0.0000000
82081,0.0000142,0.0000000,0.0000000
82082,0.0000142,0.0000000,0.0000000
82083,0.0000142,0.0000000,0.0000000
82084,0.0000142,0.0000000,0.0000000
82085,0.0000142,0.0000000,0.0000000
82086,0.0000142,0.0000000,0.0000000
82087,0.0000142,0.0000000,0.0000000
82088,0.0000142,0.0000000,0.0000000
82089,0.0000142,0.0000000,0.0000000
82090,0.0000142,0.0000000,0.0000000
82091,0.0000142,0.0000000,0.0000000
82092,0.0000142,0.0000000,0.0000000
82093,0.0000142,0.0000000,0.0000000
82094,0.0000142,0.0000000,0.0000000
82095,0.0000142,0.0000000,0.0000000
82096,0.0000142,0.0000000,0.0000000
82097,0.0000142,0.0000000,0.0000000
82098,0.0000142,0.0000000,0.0000000
82099,0.0000142,0.0000000,0.0000000
82100,0.0000142,0.0000000,0.0000000
82101,0.0000142,0.0000000,0.0000000
82102,0.0000142,0.0000000,0.0000000
82103,0.0000142,0.0000000,0.0000000
82104,0.0000142,0.0000000,0.0000000
82105,0.0000142,0.0000000,0.0000000
82106,0.0000142,0.0000000,0.0000000
82107,0.0000142,0.0000000,0.0000000
82108,0.0000142,0.0000000,0.0000000
82109,0.0000142,0.0000000,0.0000000
82110,0.0000142,0.0000000,0.0000000
82111,0.0000141,0.0000000,0.0000000
82112,0.0000141,0.0000000,0.0000000
82113,0.0000141,0.0000000,0.0000000
82114,0.0000141,0.0000000,0.0000000
82115,0.0000141,0.0000000,0.0000000
82116,0.0000141,0.0000000,0.0000000
82117,0.0000141,0.0000000,0.0000000
82118,0.0000141,0.0000000,0.0000000
82119,0.0000141,0.0000000,0.0000000
82120,0.0000141,0.0000000,0.0000000
82121,0.0000141,0.0000000,0.0000000
82122,0.0000141,0.0000000,0.0000000
82123,0.0000141,0.0000000,0.0000000
82124,0.0000141,0.0000000,0.0000000
82125,0.0000141,0.0000000,0.0000000
82126,0.0000141,0.0000000,0.0000000
82127,0.0000141,0.0000000,0.0000000
82128,0.0000141,0.0000000,0.0000000
82129,0.0000141,0.0000000,0.0000000
82130,0.0000141,0.0000000,0.0000000
82131,0.0000141,0.0000000,0.0000000
82132,0.0000141,0.0000000,0.0000000
82133,0.0000141,0.0000000,0.0000000
82134,0.0000141,0.0000000,0.0000000
82135,0.0000141,0.0000000,0.0000000
82136,0.0000141,0.0000000,0.0000000
82137,0.0000141,0.0000000,0.0000000
82138,0.0000141,0.0000000,0.0000000
82139,0.0000141,0.0000000,0.0000000
82140,0.0000141,0.0000000,0.0000000
82141,0.0000141,0.0000000,0.0000000
82142,0.0000141,0.0000000,0.0000000
82143,0.0000141,0.0000000,0.0000000
82144,0.0000141,0.0000000,0.0000000
82145,0.0000141,0.0000000,0.0000000
82146,0.0000141,0.0000000,0.0000000
82147,0.0000141,0.0000000,0.0000000
82148,0.0000141,0.0000000,0.0000000
82149,0.0000141,0.0000000,0.0000000
82150,0.0000141,0.0000000,0.0000000
82151,0.0000141,0.0000000,0.0000000
82152,0.0000141,0.0000000,0.0000000
82153,0.0000141,0.0000000,0.0000000
82154,0.0000141,0.0000000,0.0000000
82155,0.0000141,0.0000000,0.0000000
82156,0.0000141,0.0000000,0.0000000
82157,0.0000141,0.0000000,0.0000000
82158,0.0000141,0.0000000,0.0000000
82159,0.0000141,0.0000000,0.0000000
82160,0.0000141,0.0000000,0.0000000
82161,0.0000141,0.0000000,0.0000000
82162,0.0000141,0.0000000,0.0000000
82163,0.0000141,0.0000000,0.0000000
82164,0.0000141,0.0000000,0.0000000
82165,0.0000141,0.0000000,0.0000000
82166,0.0000141,0.0000000,0.0000000
82167,0.0000141,0.0000000,0.0000000
82168,0.0000141,0.0000000,0.0000000
82169,0.0000141,0.0000000,0.0000000
82170,0.0000141,0.0000000,0.0000000
82171,0.0000141,0.0000000,0.0000000
82172,0.0000141,0.0000000,0.0000000
82173,0.0000141,0.0000000,0.0000000
82174,0.0000141,0.0000000,0.0000000
82175,0.0000141,0.0000000,0.0000000
82176,0.0000141,0.0000000,0.0000000
82177,0.0000141,0.0000000,0.0000000
82178,0.0000141,0.0000000,0.0000000
82179,0.0000141,0.0000000,0.0000000
82180,0.0000141,0.0000000,0.0000000
82181,0.0000141,0.0000000,0.0000000
82182,0.0000141,0.0000000,0.0000000
82183,0.0000141,0.0000000,0.0000000
82184,0.0000141,0.0000000,0.0000000
82185,0.0000141,0.0000000,0.0000000
82186,0.0000141,0.0000000,0.0000000
82187,0.0000141,0.0000000,0.0000000
82188,0.0000141,0.0000000,0.0000000
82189,0.0000141,0.0000000,0.0000000
82190,0.0000141,0.0000000,0.0000000
82191,0.0000141,0.0000000,0.0000000
82192,0.0000141,0.0000000,0.0000000
82193,0.0000141,0.0000000,0.0000000
82194,0.0000141,0.0000000,0.0000000
82195,0.0000141,0.0000000,0.0000000
82196,0.0000141,0.0000000,0.0000000
82197,0.0000141,0.0000000,0.0000000
82198,0.0000141,0.0000000,0.0000000
82199,0.0000141,0.0000000,0.0000000
82200,0.0000141,0.0000000,0.0000000
82201,0.0000141,0.0000000,0.0000000
82202,0.0000141,0.0000000,0.0000000
82203,0.0000141,0.0000000,0.0000000
82204,0.0000141,0.0000000,0.0000000
82205,0.0000141,0.0000000,0.0000000
82206,0.0000141,0.0000000,0.0000000
82207,0.0000141,0.0000000,0.0000000
82208,0.0000141,0.0000000,0.0000000
82209,0.0000141,0.0000000,0.0000000
82210,0.0000141,0.0000000,0.0000000
82211,0.0000141,0.0000000,0.0000000
82212,0.0000141,0.0000000,0.0000000
82213,0.0000141,0.0000000,0.0000000
82214,0.0000141,0.0000000,0.0000000
82215,0.0000141,0.0000000,0.0000000
82216,0.0000141,0.0000000,0.0000000
82217,0.0000141,0.0000000,0.0000000
82218,0.0000141,0.0000000,0.0000000
82219,0.0000141,0.0000000,0.0000000
82220,0.0000141,0.0000000,0.0000000
82221,0.0000141,0.0000000,0.0000000
82222,0.0000141,0.0000000,0.0000000
82223,0.0000141,0.0000000,0.0000000
82224,0.0000141,0.0000000,0.0000000
82225,0.0000141,0.0000000,0.0000000
82226,0.0000141,0.0000000,0.0000000
82227,0.0000141,0.0000000,0.0000000
82228,0.0000141,0.0000000,0.0000000
82229,0.0000141,0.0000000,0.0000000
82230,0.0000141,0.0000000,0.0000000
82231,0.0000141,0.0000000,0.0000000
82232,0.0000141,0.0000000,0.0000000
82233,0.0000141,0.0000000,0.0000000
82234,0.0000141,0.0000000,0.0000000
82235,0.0000141,0.0000000,0.0000000
82236,0.0000141,0.0000000,0.0000000
82237,0.0000141,0.0000000,0.0000000
82238,0.0000141,0.0000000,0.0000000
82239,0.0000141,0.0000000,0.0000000
82240,0.0000141,0.0000000,0.0000000
82241,0.0000141,0.0000000,0.0000000
82242,0.0000141,0.0000000,0.0000000
82243,0.0000141,0.0000000,0.0000000
82244,0.0000141,0.0000000,0.0000000
82245,0.0000141,0.0000000,0.0000000
82246,0.0000141,0.0000000,0.0000000
82247,0.0000141,0.0000000,0.0000000
82248,0.0000141,0.0000000,0.0000000
82249,0.0000141,0.0000000,0.0000000
82250,0.0000141,0.0000000,0.0000000
82251,0.0000141,0.0000000,0.0000000
82252,0.0000141,0.0000000,0.0000000
82253,0.0000141,0.0000000,0.0000000
82254,0.0000141,0.0000000,0.0000000
82255,0.0000141,0.0000000,0.0000000
82256,0.0000141,0.0000000,0.0000000
82257,0.0000141,0.0000000,0.0000000
82258,0.0000141,0.0000000,0.0000000
82259,0.0000141,0.0000000,0.0000000
82260,0.0000141,0.0000000,0.0000000
82261,0.0000141,0.0000000,0.0000000
82262,0.0000141,0.0000000,0.0000000
82263,0.0000141,0.0000000,0.0000000
82264,0.0000141,0.0000000,0.0000000
82265,0.0000141,0.0000000,0.0000000
82266,0.0000141,0.0000000,0.0000000
82267,0.0000141,0.0000000,0.0000000
82268,0.0000141,0.0000000,0.0000000
82269,0.0000141,0.0000000,0.0000000
82270,0.0000140,0.0000000,0.0000000
82271,0.0000140,0.0000000,0.0000000
82272,0.0000140,0.0000000,0.0000000
82273,0.0000140,0.0000000,0.0000000
82274,0.0000140,0.0000000,0.0000000
82275,0.0000140,0.0000000,0.0000000
82276,0.0000140,0.0000000,0.0000000
82277,0.0000140,0.0000000,0.0000000
82278,0.0000140,0.0000000,0.0000000
82279,0.0000140,0.0000000,0.0000000
82280,0.0000140,0.0000000,0.0000000
82281,0.0000140,0.0000000,0.0000000
82282,0.0000140,0.0000000,0.0000000
82283,0.0000140,0.0000000,0.0000000
82284,0.0000140,0.0000000,0.0000000
82285,0.0000140,0.0000000,0.0000000
82286,0.0000140,0.0000000,0.0000000
82287,0.0000140,0.0000000,0.0000000
82288,0.0000140,0.0000000,0.0000000
82289,0.0000140,0.0000000,0.0000000
82290,0.0000140,0.0000000,0.0000000
82291,0.0000140,0.0000000,0.0000000
82292,0.0000140,0.0000000,0.0000000
82293,0.0000140,0.0000000,0.0000000
82294,0.0000140,0.0000000,0.0000000
82295,0.0000140,0.0000000,0.0000000
82296,0.0000140,0.0000000,0.0000000
82297,0.0000140,0.0000000,0.0000000
82298,0.0000140,0.0000000,0.0000000
82299,0.0000140,0.0000000,0.0000000
82300,0.0000140,0.0000000,0.0000000
82301,0.0000140,0.0000000,0.0000000
82302,0.0000140,0.0000000,0.0000000
82303,0.0000140,0.0000000,0.0000000
82304,0.0000140,0.0000000,0.0000000
82305,0.0000140,0.0000000,0.0000000
82306,0.0000140,0.0000000,0.0000000
82307,0.0000140,0.0000000,0.0000000
82308,0.0000140,0.0000000,0.0000000
82309,0.0000140,0.0000000,0.0000000
82310,0.0000140,0.0000000,0.0000000
82311,0.0000140,0.0000000,0.0000000
82312,0.0000140,0.0000000,0.0000000
82313,0.0000140,0.0000000,0.0000000
82314,0.0000140,0.0000000,0.0000000
82315,0.0000140,0.0000000,0.0000000
82316,0.0000140,0.0000000,0.0000000
82317,0.0000140,0.0000000,0.0000000
82318,0.0000140,0.0000000,0.0000000
82319,0.0000140,0.0000000,0.0000000
82320,0.0000140,0.0000000,0.0000000
82321,0.0000140,0.0000000,0.0000000
82322,0.0000140,0.0000000,0.0000000
82323,0.0000140,0.0000000,0.0000000
82324,0.0000140,0.0000000,0.0000000
82325,0.0000140,0.0000000,0.0000000
82326,0.0000140,0.0000000,0.0000000
82327,0.0000140,0.0000000,0.0000000
82328,0.0000140,0.0000000,0.0000000
82329,0.0000140,0.0000000,0.0000000
82330,0.0000140,0.0000000,0.0000000
82331,0.0000140,0.0000000,0.0000000
82332,0.0000140,0.0000000,0.0000000
82333,0.0000140,0.0000000,0.0000000
82334,0.0000140,0.0000000,0.0000000
82335,0.0000140,0.0000000,0.0000000
82336,0.0000140,0.0000000,0.0000000
82337,0.0000140,0.0000000,0.0000000
82338,0.0000140,0.0000000,0.0000000
82339,0.0000140,0.0000000,0.0000000
82340,0.0000140,0.0000000,0.0000000
82341,0.0000140,0.0000000,0.0000000
82342,0.0000140,0.0000000,0.0000000
82343,0.0000140,0.0000000,0.0000000
82344,0.0000140,0.0000000,0.0000000
82345,0.0000140,0.0000000,0.0000000
82346,0.0000140,0.0000000,0.0000000
82347,0.0000140,0.0000000,0.0000000
82348,0.0000140,0.0000000,0.0000000
82349,0.0000140,0.0000000,0.0000000
82350,0.0000140,0.0000000,0.0000000
82351,0.0000140,0.0000000,0.0000000
82352,0.0000140,0.0000000,0.0000000
82353,0.0000140,0.0000000,0.0000000
82354,0.0000140,0.0000000,0.0000000
82355,0.0000140,0.0000000,0.0000000
82356,0.0000140,0.0000000,0.0000000
82357,0.0000140,0.0000000,0.0000000
82358,0.0000140,0.0000000,0.0000000
82359,0.0000140,0.0000000,0.0000000
82360,0.0000140,0.0000000,0.0000000
82361,0.0000140,0.0000000,0.0000000
82362,0.0000140,0.0000000,0.0000000
82363,0.0000140,0.0000000,0.0000000
82364,0.0000140,0.0000000,0.0000000
82365,0.0000140,0.0000000,0.0000000
82366,0.0000140,0.0000000,0.0000000
82367,0.0000140,0.0000000,0.0000000
82368,0.0000140,0.0000000,0.0000000
82369,0.0000140,0.0000000,0.0000000
82370,0.0000140,0.0000000,0.0000000
82371,0.0000140,0.0000000,0.0000000
82372,0.0000140,0.0000000,0.0000000
82373,0.0000140,0.0000000,0.0000000
82374,0.0000140,0.0000000,0.0000000
82375,0.0000140,0.0000000,0.0000000
82376,0.0000140,0.0000000,0.0000000
82377,0.0000140,0.0000000,0.0000000
82378,0.0000140,0.0000000,0.0000000
82379,0.0000140,0.0000000,0.0000000
82380,0.0000140,0.0000000,0.0000000
82381,0.0000140,0.0000000,0.0000000
82382,0.0000140,0.0000000,0.0000000
82383,0.0000140,0.0000000,0.0000000
82384,0.0000140,0.0000000,0.0000000
82385,0.0000140,0.0000000,0.0000000
82386,0.0000140,0.0000000,0.0000000
82387,0.0000140,0.0000000,0.0000000
82388,0.0000140,0.0000000,0.0000000
82389,0.0000140,0.0000000,0.0000000
82390,0.0000140,0.0000000,0.0000000
82391,0.0000140,0.0000000,0.0000000
82392,0.0000140,0.0000000,0.0000000
82393,0.0000140,0.0000000,0.0000000
82394,0.0000140,0.0000000,0.0000000
82395,0.0000140,0.0000000,0.0000000
82396,0.0000140,0.0000000,0.0000000
82397,0.0000140,0.0000000,0.0000000
82398,0.0000140,0.0000000,0.0000000
82399,0.0000140,0.0000000,0.0000000
82400,0.0000140,0.0000000,0.0000000
82401,0.0000140,0.0000000,0.0000000
82402,0.0000140,0.0000000,0.0000000
82403,0.0000140,0.0000000,0.0000000
82404,0.0000140,0.0000000,0.0000000
82405,0.0000140,0.0000000,0.0000000
82406,0.0000140,0.0000000,0.0000000
82407,0.0000140,0.0000000,0.0000000
82408,0.0000140,0.0000000,0.0000000
82409,0.0000140,0.0000000,0.0000000
82410,0.0000140,0.0000000,0.0000000
82411,0.0000140,0.0000000,0.0000000
82412,0.0000140,0.0000000,0.0000000
82413,0.0000140,0.0000000,0.0000000
82414,0.0000140,0.0000000,0.0000000
82415,0.0000140,0.0000000,0.0000000
82416,0.0000140,0.0000000,0.0000000
82417,0.0000140,0.0000000,0.0000000
82418,0.0000140,0.0000000,0.0000000
82419,0.0000140,0.0000000,0.0000000
82420,0.0000140,0.0000000,0.0000000
82421,0.0000140,0.0000000,0.0000000
82422,0.0000140,0.0000000,0.0000000
82423,0.0000140,0.0000000,0.0000000
82424,0.0000140,0.0000000,0.0000000
82425,0.0000140,0.0000000,0.0000000
82426,0.0000140,0.0000000,0.0000000
82427,0.0000140,0.0000000,0.0000000
82428,0.0000140,0.0000000,0.0000000
82429,0.0000140,0.0000000,0.0000000
82430,0.0000139,0.0000000,0.0000000
82431,0.0000139,0.0000000,0.0000000
82432,0.0000139,0.0000000,0.0000000
82433,0.0000139,0.0000000,0.0000000
82434,0.0000139,0.0000000,0.0000000
82435,0.0000139,0.0000000,0.0000000
82436,0.0000139,0.0000000,0.0000000
82437,0.0000139,0.0000000,0.0000000
82438,0.0000139,0.0000000,0.0000000
82439,0.0000139,0.0000000,0.0000000
82440,0.0000139,0.0000000,0.0000000
82441,0.0000139,0.0000000,0.0000000
82442,0.0000139,0.0000000,0.0000000
82443,0.0000139,0.0000000,0.0000000
82444,0.0000139,0.0000000,0.0000000
82445,0.0000139,0.0000000,0.0000000
82446,0.0000139,0.0000000,0.0000000
82447,0.0000139,0.0000000,0.0000000
82448,0.0000139,0.0000000,0.0000000
82449,0.0000139,0.0000000,0.0000000
82450,0.0000139,0.0000000,0.0000000
82451,0.0000139,0.0000000,0.0000000
82452,0.0000139,0.0000000,0.0000000
82453,0.0000139,0.0000000,0.0000000
82454,0.0000139,0.0000000,0.0000000
82455,0.0000139,0.0000000,0.0000000
82456,0.0000139,0.0000000,0.0000000
82457,0.0000139,0.0000000,0.0000000
82458,0.0000139,0.0000000,0.0000000
82459,0.0000139,0.0000000,0.0000000
82460,0.0000139,0.0000000,0.0000000
82461,0.0000139,0.0000000,0.0000000
82462,0.0000139,0.0000000,0.0000000
82463,0.0000139,0.0000000,0.0000000
82464,0.0000139,0.0000000,0.0000000
82465,0.0000139,0.0000000,0.0000000
82466,0.0000139,0.0000000,0.0000000
82467,0.0000139,0.0000000,0.0000000
82468,0.0000139,0.0000000,0.0000000
82469,0.0000139,0.0000000,0.0000000
82470,0.0000139,0.0000000,0.0000000
82471,0.0000139,0.0000000,0.0000000
82472,0.0000139,0.0000000,0.0000000
82473,0.0000139,0.0000000,0.0000000
82474,0.0000139,0.0000000,0.0000000
82475,0.0000139,0.0000000,0.0000000
82476,0.0000139,0.0000000,0.0000000
82477,0.0000139,0.0000000,0.0000000
82478,0.0000139,0.0000000,0.0000000
82479,0.0000139,0.0000000,0.0000000
82480,0.0000139,0.0000000,0.0000000
82481,0.0000139,0.0000000,0.0000000
82482,0.0000139,0.0000000,0.0000000
82483,0.0000139,0.0000000,0.0000000
82484,0.0000139,0.0000000,0.0000000
82485,0.0000139,0.0000000,0.0000000
82486,0.0000139,0.0000000,0.0000000
82487,0.0000139,0.0000000,0.0000000
82488,0.0000139,0.0000000,0.0000000
82489,0.0000139,0.0000000,0.0000000
82490,0.0000139,0.0000000,0.0000000
82491,0.0000139,0.0000000,0.0000000
82492,0.0000139,0.0000000,0.0000000
82493,0.0000139,0.0000000,0.0000000
82494,0.0000139,0.0000000,0.0000000
82495,0.0000139,0.0000000,0.0000000
82496,0.0000139,0.0000000,0.0000000
82497,0.0000139,0.0000000,0.0000000
82498,0.0000139,0.0000000,0.0000000
82499,0.0000139,0.0000000,0.0000000
82500,0.0000139,0.0000000,0.0000000
82501,0.0000139,0.0000000,0.0000000
82502,0.0000139,0.0000000,0.0000000
82503,0.0000139,0.0000000,0.0000000
82504,0.0000139,0.0000000,0.0000000
82505,0.0000139,0.0000000,0.0000000
82506,0.0000139,0.0000000,0.0000000
82507,0.0000139,0.0000000,0.0000000
82508,0.0000139,0.0000000,0.0000000
82509,0.0000139,0.0000000,0.0000000
82510,0.0000139,0.0000000,0.0000000
82511,0.0000139,0.0000000,0.0000000
82512,0.0000139,0.0000000,0.0000000
82513,0.0000139,0.0000000,0.0000000
82514,0.0000139,0.0000000,0.0000000
82515,0.0000139,0.0000000,0.0000000
82516,0.0000139,0.0000000,0.0000000
82517,0.0000139,0.0000000,0.0000000
82518,0.0000139,0.0000000,0.0000000
82519,0.0000139,0.0000000,0.0000000
82520,0.0000139,0.0000000,0.0000000
82521,0.0000139,0.0000000,0.0000000
82522,0.0000139,0.0000000,0.0000000
82523,0.0000139,0.0000000,0.0000000
82524,0.0000139,0.0000000,0.0000000
82525,0.0000139,0.0000000,0.0000000
82526,0.0000139,0.0000000,0.0000000
82527,0.0000139,0.0000000,0.0000000
82528,0.0000139,0.0000000,0.0000000
82529,0.0000139,0.0000000,0.0000000
82530,0.0000139,0.0000000,0.0000000
82531,0.0000139,0.0000000,0.0000000
82532,0.0000139,0.0000000,0.0000000
82533,0.0000139,0.0000000,0.0000000
82534,0.0000139,0.0000000,0.0000000
82535,0.0000139,0.0000000,0.0000000
82536,0.0000139,0.0000000,0.0000000
82537,0.0000139,0.0000000,0.0000000
82538,0.0000139,0.0000000,0.0000000
82539,0.0000139,0.0000000,0.0000000
82540,0.0000139,0.0000000,0.0000000
82541,0.0000139,0.0000000,0.0000000
82542,0.0000139,0.0000000,0.0000000
82543,0.0000139,0.0000000,0.0000000
82544,0.0000139,0.0000000,0.0000000
82545,0.0000139,0.0000000,0.0000000
82546,0.0000139,0.0000000,0.0000000
82547,0.0000139,0.0000000,0.0000000
82548,0.0000139,0.0000000,0.0000000
82549,0.0000139,0.0000000,0.0000000
82550,0.0000139,0.0000000,0.0000000
82551,0.0000139,0.0000000,0.0000000
82552,0.0000139,0.0000000,0.0000000
82553,0.0000139,0.0000000,0.0000000
82554,0.0000139,0.0000000,0.0000000
82555,0.0000139,0.0000000,0.0000000
82556,0.0000139,0.0000000,0.0000000
82557,0.0000139,0.0000000,0.0000000
82558,0.0000139,0.0000000,0.0000000
82559,0.0000139,0.0000000,0.0000000
82560,0.0000139,0.0000000,0.0000000
82561,0.0000139,0.0000000,0.0000000
82562,0.0000139,0.0000000,0.0000000
82563,0.0000139,0.0000000,0.0000000
82564,0.0000139,0.0000000,0.0000000
82565,0.0000139,0.0000000,0.0000000
82566,0.0000139,0.0000000,0.0000000
82567,0.0000139,0.0000000,0.0000000
82568,0.0000139,0.0000000,0.0000000
82569,0.0000139,0.0000000,0.0000000
82570,0.0000139,0.0000000,0.0000000
82571,0.0000139,0.0000000,0.0000000
82572,0.0000139,0.0000000,0.0000000
82573,0.0000139,0.0000000,0.0000000
82574,0.0000139,0.0000000,0.0000000
82575,0.0000139,0.0000000,0.0000000
82576,0.0000139,0.0000000,0.0000000
82577,0.0000139,0.0000000,0.0000000
82578,0.0000139,0.0000000,0.0000000
82579,0.0000139,0.0000000,0.0000000
82580,0.0000139,0.0000000,0.0000000
82581,0.0000139,0.0000000,0.0000000
82582,0.0000139,0.0000000,0.0000000
82583,0.0000139,0.0000000,0.0000000
82584,0.0000139,0.0000000,0.0000000
82585,0.0000139,0.0000000,0.0000000
82586,0.0000139,0.0000000,0.0000000
82587,0.0000139,0.0000000,0.0000000
82588,0.0000139,0.0000000,0.0000000
82589,0.0000139,0.0000000,0.0000000
82590,0.0000139,0.0000000,0.0000000
82591,0.0000138,0.0000000,0.0000000
82592,0.0000138,0.0000000,0.0000000
82593,0.0000138,0.0000000,0.0000000
82594,0.0000138,0.0000000,0.0000000
82595,0.0000138,0.0000000,0.0000000
82596,0.0000138,0.0000000,0.0000000
82597,0.0000138,0.0000000,0.0000000
82598,0.0000138,0.0000000,0.0000000
82599,0.0000138,0.0000000,0.0000000
82600,0.0000138,0.0000000,0.0000000
82601,0.0000138,0.0000000,0.0000000
82602,0.0000138,0.0000000,0.0000000
82603,0.0000138,0.0000000,0.0000000
82604,0.0000138,0.0000000,0.0000000
82605,0.0000138,0.0000000,0.0000000
82606,0.0000138,0.0000000,0.0000000
82607,0.0000138,0.0000000,0.0000000
82608,0.0000138,0.0000000,0.0000000
82609,0.0000138,0.0000000,0.0000000
82610,0.0000138,0.0000000,0.0000000
82611,0.0000138,0.0000000,0.0000000
82612,0.0000138,0.0000000,0.0000000
82613,0.0000138,0.0000000,0.0000000
82614,0.0000138,0.0000000,0.0000000
82615,0.0000138,0.0000000,0.0000000
82616,0.0000138,0.0000000,0.0000000
82617,0.0000138,0.0000000,0.0000000
82618,0.0000138,0.0000000,0.0000000
82619,0.0000138,0.0000000,0.0000000
82620,0.0000138,0.0000000,0.0000000
82621,0.0000138,0.0000000,0.0000000
82622,0.0000138,0.0000000,0.0000000
82623,0.0000138,0.0000000,0.0000000
82624,0.0000138,0.0000000,0.0000000
82625,0.0000138,0.0000000,0.0000000
82626,0.0000138,0.0000000,0.0000000
82627,0.0000138,0.0000000,0.0000000
82628,0.0000138,0.0000000,0.0000000
82629,0.0000138,0.0000000,0.0000000
82630,0.0000138,0.0000000,0.0000000
82631,0.0000138,0.0000000,0.0000000
82632,0.0000138,0.0000000,0.0000000
82633,0.0000138,0.0000000,0.0000000
82634,0.0000138,0.0000000,0.0000000
82635,0.0000138,0.0000000,0.0000000
82636,0.0000138,0.0000000,0.0000000
82637,0.0000138,0.0000000,0.0000000
82638,0.0000138,0.0000000,0.0000000
82639,0.0000138,0.0000000,0.0000000
82640,0.0000138,0.0000000,0.0000000
82641,0.0000138,0.0000000,0.0000000
82642,0.0000138,0.0000000,0.0000000
82643,0.0000138,0.0000000,0.0000000
82644,0.0000138,0.0000000,0.0000000
82645,0.0000138,0.0000000,0.0000000
82646,0.0000138,0.0000000,0.0000000
82647,0.0000138,0.0000000,0.0000000
82648,0.0000138,0.0000000,0.0000000
82649,0.0000138,0.0000000,0.0000000
82650,0.0000138,0.0000000,0.0000000
82651,0.0000138,0.0000000,0.0000000
82652,0.0000138,0.0000000,0.0000000
82653,0.0000138,0.0000000,0.0000000
82654,0.0000138,0.0000000,0.0000000
82655,0.0000138,0.0000000,0.0000000
82656,0.0000138,0.0000000,0.0000000
82657,0.0000138,0.0000000,0.0000000
82658,0.0000138,0.0000000,0.0000000
82659,0.0000138,0.0000000,0.0000000
82660,0.0000138,0.0000000,0.0000000
82661,0.0000138,0.0000000,0.0000000
82662,0.0000138,0.0000000,0.0000000
82663,0.0000138,0.0000000,0.0000000
82664,0.0000138,0.0000000,0.0000000
82665,0.0000138,0.0000000,0.0000000
82666,0.0000138,0.0000000,0.0000000
82667,0.0000138,0.0000000,0.0000000
82668,0.0000138,0.0000000,0.0000000
82669,0.0000138,0.0000000,0.0000000
82670,0.0000138,0.0000000,0.0000000
82671,0.0000138,0.0000000,0.0000000
82672,0.0000138,0.0000000,0.0000000
82673,0.0000138,0.0000000,0.0000000
82674,0.0000138,0.0000000,0.0000000
82675,0.0000138,0.0000000,0.0000000
82676,0.0000138,0.0000000,0.0000000
82677,0.0000138,0.0000000,0.0000000
82678,0.0000138,0.0000000,0.0000000
82679,0.0000138,0.0000000,0.0000000
82680,0.0000138,0.0000000,0.0000000
82681,0.0000138,0.0000000,0.0000000
82682,0.0000138,0.0000000,0.0000000
82683,0.0000138,0.0000000,0.0000000
82684,0.0000138,0.0000000,0.0000000
82685,0.0000138,0.0000000,0.0000000
82686,0.0000138,0.0000000,0.0000000
82687,0.0000138,0.0000000,0.0000000
82688,0.0000138,0.0000000,0.0000000
82689,0.0000138,0.0000000,0.0000000
82690,0.0000138,0.0000000,0.0000000
82691,0.0000138,0.0000000,0.0000000
82692,0.0000138,0.0000000,0.0000000
82693,0.0000138,0.0000000,0.0000000
82694,0.0000138,0.0000000,0.0000000
82695,0.0000138,0.0000000,0.0000000
82696,0.0000138,0.0000000,0.0000000
82697,0.0000138,0.0000000,0.0000000
82698,0.0000138,0.0000000,0.0000000
82699,0.0000138,0.0000000,0.0000000
82700,0.0000138,0.0000000,0.0000000
82701,0.0000138,0.0000000,0.0000000
82702,0.0000138,0.0000000,0.0000000
82703,0.0000138,0.0000000,0.0000000
82704,0.0000138,0.0000000,0.0000000
82705,0.0000138,0.0000000,0.0000000
82706,0.0000138,0.0000000,0.0000000
82707,0.0000138,0.0000000,0.0000000
82708,0.0000138,0.0000000,0.0000000
82709,0.0000138,0.0000000,0.0000000
82710,0.0000138,0.0000000,0.0000000
82711,0.0000138,0.0000000,0.0000000
82712,0.0000138,0.0000000,0.0000000
82713,0.0000138,0.0000000,0.0000000
82714,0.0000138,0.0000000,0.0000000
82715,0.0000138,0.0000000,0.0000000
82716,0.0000138,0.0000000,0.0000000
82717,0.0000138,0.0000000,0.0000000
82718,0.0000138,0.0000000,0.0000000
82719,0.0000138,0.0000000,0.0000000
82720,0.0000138,0.0000000,0.0000000
82721,0.0000138,0.0000000,0.0000000
82722,0.0000138,0.0000000,0.0000000
82723,0.0000138,0.0000000,0.0000000
82724,0.0000138,0.0000000,0.0000000
82725,0.0000138,0.0000000,0.0000000
82726,0.0000138,0.0000000,0.0000000
82727,0.0000138,0.0000000,0.0000000
82728,0.0000138,0.0000000,0.0000000
82729,0.0000138,0.0000000,0.0000000
82730,0.0000138,0.0000000,0.0000000
82731,0.0000138,0.0000000,0.0000000
82732,0.0000138,0.0000000,0.0000000
82733,0.0000138,0.0000000,0.0000000
82734,0.0000138,0.0000000,0.0000000
82735,0.0000138,0.0000000,0.0000000
82736,0.0000138,0.0000000,0.0000000
82737,0.0000138,0.0000000,0.0000000
82738,0.0000138,0.0000000,0.0000000
82739,0.0000138,0.0000000,0.0000000
82740,0.0000138,0.0000000,0.0000000
82741,0.0000138,0.0000000,0.0000000
82742,0.0000138,0.0000000,0.0000000
82743,0.0000138,0.0000000,0.0000000
82744,0.0000138,0.0000000,0.0000000
82745,0.0000138,0.0000000,0.0000000
82746,0.0000138,0.0000000,0.0000000
82747,0.0000138,0.0000000,0.0000000
82748,0.0000138,0.0000000,0.0000000
82749,0.0000138,0.0000000,0.0000000
82750,0.0000138,0.0000000,0.0000000
82751,0.0000138,0.0000000,0.0000000
82752,0.0000138,0.0000000,0.0000000
82753,0.0000137,0.0000000,0.0000000
82754,0.0000137,0.0000000,0.0000000
82755,0.0000137,0.0000000,0.0000000
82756,0.0000137,0.0000000,0.0000000
82757,0.0000137,0.0000000,0.0000000
82758,0.0000137,0.0000000,0.0000000
82759,0.0000137,0.0000000,0.0000000
82760,0.0000137,0.0000000,0.0000000
82761,0.0000137,0.0000000,0.0000000
82762,0.0000137,0.0000000,0.0000000
82763,0.0000137,0.0000000,0.0000000
82764,0.0000137,0.0000000,0.0000000
82765,0.0000137,0.0000000,0.0000000
82766,0.0000137,0.0000000,0.0000000
82767,0.0000137,0.0000000,0.0000000
82768,0.0000137,0.0000000,0.0000000
82769,0.0000137,0.0000000,0.0000000
82770,0.0000137,0.0000000,0.0000000
82771,0.0000137,0.0000000,0.0000000
82772,0.0000137,0.0000000,0.0000000
82773,0.0000137,0.0000000,0.0000000
82774,0.0000137,0.0000000,0.0000000
82775,0.0000137,0.0000000,0.0000000
82776,0.0000137,0.0000000,0.0000000
82777,0.0000137,0.0000000,0.0000000
82778,0.0000137,0.0000000,0.0000000
82779,0.0000137,0.0000000,0.0000000
82780,0.0000137,0.0000000,0.0000000
82781,0.0000137,0.0000000,0.0000000
82782,0.0000137,0.0000000,0.0000000
82783,0.0000137,0.0000000,0.0000000
82784,0.0000137,0.0000000,0.0000000
82785,0.0000137,0.0000000,0.0000000
82786,0.0000137,0.0000000,0.0000000
82787,0.0000137,0.0000000,0.0000000
82788,0.0000137,0.0000000,0.0000000
82789,0.0000137,0.0000000,0.0000000
82790,0.0000137,0.0000000,0.0000000
82791,0.0000137,0.0000000,0.0000000
82792,0.0000137,0.0000000,0.0000000
82793,0.0000137,0.0000000,0.0000000
82794,0.0000137,0.0000000,0.0000000
82795,0.0000137,0.0000000,0.0000000
82796,0.0000137,0.0000000,0.0000000
82797,0.0000137,0.0000000,0.0000000
82798,0.0000137,0.0000000,0.0000000
82799,0.0000137,0.0000000,0.0000000
82800,0.0000137,0.0000000,0.0000000
82801,0.0000137,0.0000000,0.0000000
82802,0.0000137,0.0000000,0.0000000
82803,0.0000137,0.0000000,0.0000000
82804,0.0000137,0.0000000,0.0000000
82805,0.0000137,0.0000000,0.0000000
82806,0.0000137,0.0000000,0.0000000
82807,0.0000137,0.0000000,0.0000000
82808,0.0000137,0.0000000,0.0000000
82809,0.0000137,0.0000000,0.0000000
82810,0.0000137,0.0000000,0.0000000
82811,0.0000137,0.0000000,0.0000000
82812,0.0000137,0.0000000,0.0000000
82813,0.0000137,0.0000000,0.0000000
82814,0.0000137,0.0000000,0.0000000
82815,0.0000137,0.0000000,0.0000000
82816,0.0000137,0.0000000,0.0000000
82817,0.0000137,0.0000000,0.0000000
82818,0.0000137,0.0000000,0.0000000
82819,0.0000137,0.0000000,0.0000000
82820,0.0000137,0.0000000,0.0000000
82821,0.0000137,0.0000000,0.0000000
82822,0.0000137,0.0000000,0.0000000
82823,0.0000137,0.0000000,0.0000000
82824,0.0000137,0.0000000,0.0000000
82825,0.0000137,0.0000000,0.0000000
82826,0.0000137,0.0000000,0.0000000
82827,0.0000137,0.0000000,0.0000000
82828,0.0000137,0.0000000,0.0000000
82829,0.0000137,0.0000000,0.0000000
82830,0.0000137,0.0000000,0.0000000
82831,0.0000137,0.0000000,0.0000000
82832,0.0000137,0.0000000,0.0000000
82833,0.0000137,0.0000000,0.0000000
82834,0.0000137,0.0000000,0.0000000
82835,0.0000137,0.0000000,0.0000000
82836,0.0000137,0.0000000,0.0000000
82837,0.0000137,0.0000000,0.0000000
82838,0.0000137,0.0000000,0.0000000
82839,0.0000137,0.0000000,0.0000000
82840,0.0000137,0.0000000,0.0000000
82841,0.0000137,0.0000000,0.0000000
82842,0.0000137,0.0000000,0.0000000
82843,0.0000137,0.0000000,0.0000000
82844,0.0000137,0.0000000,0.0000000
82845,0.0000137,0.0000000,0.0000000
82846,0.0000137,0.0000000,0.0000000
82847,0.0000137,0.0000000,0.0000000
82848,0.0000137,0.0000000,0.0000000
82849,0.0000137,0.0000000,0.0000000
82850,0.0000137,0.0000000,0.0000000
82851,0.0000137,0.0000000,0.0000000
82852,0.0000137,0.0000000,0.0000000
82853,0.0000137,0.0000000,0.0000000
82854,0.0000137,0.0000000,0.0000000
82855,0.0000137,0.0000000,0.0000000
82856,0.0000137,0.0000000,0.0000000
82857,0.0000137,0.0000000,0.0000000
82858,0.0000137,0.0000000,0.0000000
82859,0.0000137,0.0000000,0.0000000
82860,0.0000137,0.0000000,0.0000000
82861,0.0000137,0.0000000,0.0000000
82862,0.0000137,0.0000000,0.0000000
82863,0.0000137,0.0000000,0.0000000
82864,0.0000137,0.0000000,0.0000000
82865,0.0000137,0.0000000,0.0000000
82866,0.0000137,0.0000000,0.0000000
82867,0.0000137,0.0000000,0.0000000
82868,0.0000137,0.0000000,0.0000000
82869,0.0000137,0.0000000,0.0000000
82870,0.0000137,0.0000000,0.0000000
82871,0.0000137,0.0000000,0.0000000
82872,0.0000137,0.0000000,0.0000000
82873,0.0000137,0.0000000,0.0000000
82874,0.0000137,0.0000000,0.0000000
82875,0.0000137,0.0000000,0.0000000
82876,0.0000137,0.0000000,0.0000000
82877,0.0000137,0.0000000,0.0000000
82878,0.0000137,0.0000000,0.0000000
82879,0.0000137,0.0000000,0.0000000
82880,0.0000137,0.0000000,0.0000000
82881,0.0000137,0.0000000,0.0000000
82882,0.0000137,0.0000000,0.0000000
82883,0.0000137,0.0000000,0.0000000
82884,0.0000137,0.0000000,0.0000000
82885,0.0000137,0.0000000,0.0000000
82886,0.0000137,0.0000000,0.0000000
82887,0.0000137,0.0000000,0.0000000
82888,0.0000137,0.0000000,0.0000000
82889,0.0000137,0.0000000,0.0000000
82890,0.0000137,0.0000000,0.0000000
82891,0.0000137,0.0000000,0.0000000
82892,0.0000137,0.0000000,0.0000000
82893,0.0000137,0.0000000,0.0000000
82894,0.0000137,0.0000000,0.0000000
82895,0.0000137,0.0000000,0.0000000
82896,0.0000137,0.0000000,0.0000000
82897,0.0000137,0.0000000,0.0000000
82898,0.0000137,0.0000000,0.0000000
82899,0.0000137,0.0000000,0.0000000
82900,0.0000137,0.0000000,0.0000000
82901,0.0000137,0.0000000,0.0000000
82902,0.0000137,0.0000000,0.0000000
82903,0.0000137,0.0000000,0.0000000
82904,0.0000137,0.0000000,0.0000000
82905,0.0000137,0.0000000,0.0000000
82906,0.0000137,0.0000000,0.0000000
82907,0.0000137,0.0000000,0.0000000
82908,0.0000137,0.0000000,0.0000000
82909,0.0000137,0.0000000,0.0000000
82910,0.0000137,0.0000000,0.0000000
82911,0.0000137,0.0000000,0.0000000
82912,0.0000137,0.0000000,0.0000000
82913,0.0000137,0.0000000,0.0000000
82914,0.0000137,0.0000000,0.0000000
82915,0.0000137,0.0000000,0.0000000
82916,0.0000137,0.0000000,0.0000000
82917,0.0000136,0.0000000,0.0000000
82918,0.0000136,0.0000000,0.0000000
82919,0.0000136,0.0000000,0.0000000
82920,0.0000136,0.0000000,0.0000000
82921,0.0000136,0.0000000,0.0000000
82922,0.0000136,0.0000000,0.0000000
82923,0.0000136,0.0000000,0.0000000
82924,0.0000136,0.0000000,0.0000000
82925,0.0000136,0.0000000,0.0000000
82926,0.0000136,0.0000000,0.0000000
82927,0.0000136,0.0000000,0.0000000
82928,0.0000136,0.0000000,0.0000000
82929,0.0000136,0.0000000,0.0000000
82930,0.0000136,0.0000000,0.0000000
82931,0.0000136,0.0000000,0.0000000
82932,0.0000136,0.0000000,0.0000000
82933,0.0000136,0.0000000,0.0000000
82934,0.0000136,0.0000000,0.0000000
82935,0.0000136,0.0000000,0.0000000
82936,0.0000136,0.0000000,0.0000000
82937,0.0000136,0.0000000,0.0000000
82938,0.0000136,0.0000000,0.0000000
82939,0.0000136,0.0000000,0.0000000
82940,0.0000136,0.0000000,0.0000000
82941,0.0000136,0.0000000,0.0000000
82942,0.0000136,0.0000000,0.0000000
82943,0.0000136,0.0000000,0.0000000
82944,0.0000136,0.0000000,0.0000000
82945,0.0000136,0.0000000,0.0000000
82946,0.0000136,0.0000000,0.0000000
82947,0.0000136,0.0000000,0.0000000
82948,0.0000136,0.0000000,0.0000000
82949,0.0000136,0.0000000,0.0000000
82950,0.0000136,0.0000000,0.0000000
82951,0.0000136,0.0000000,0.0000000
82952,0.0000136,0.0000000,0.0000000
82953,0.0000136,0.0000000,0.0000000
82954,0.0000136,0.0000000,0.0000000
82955,0.0000136,0.0000000,0.0000000
82956,0.0000136,0.0000000,0.0000000
82957,0.0000136,0.0000000,0.0000000
82958,0.0000136,0.0000000,0.0000000
82959,0.0000136,0.0000000,0.0000000
82960,0.0000136,0.0000000,0.0000000
82961,0.0000136,0.0000000,0.0000000
82962,0.0000136,0.0000000,0.0000000
82963,0.0000136,0.0000000,0.0000000
82964,0.0000136,0.0000000,0.0000000
82965,0.0000136,0.0000000,0.0000000
82966,0.0000136,0.0000000,0.0000000
82967,0.0000136,0.0000000,0.0000000
82968,0.0000136,0.0000000,0.0000000
82969,0.0000136,0.0000000,0.0000000
82970,0.0000136,0.0000000,0.0000000
82971,0.0000136,0.0000000,0.0000000
82972,0.0000136,0.0000000,0.0000000
82973,0.0000136,0.0000000,0.0000000
82974,0.0000136,0.0000000,0.0000000
82975,0.0000136,0.0000000,0.0000000
82976,0.0000136,0.0000000,0.0000000
82977,0.0000136,0.0000000,0.0000000
82978,0.0000136,0.0000000,0.0000000
82979,0.0000136,0.0000000,0.0000000
82980,0.0000136,0.0000000,0.0000000
82981,0.0000136,0.0000000,0.0000000
82982,0.0000136,0.0000000,0.0000000
82983,0.0000136,0.0000000,0.0000000
82984,0.0000136,0.0000000,0.0000000
82985,0.0000136,0.0000000,0.0000000
82986,0.0000136,0.0000000,0.0000000
82987,0.0000136,0.0000000,0.0000000
82988,0.0000136,0.0000000,0.0000000
82989,0.0000136,0.0000000,0.0000000
82990,0.0000136,0.0000000,0.0000000
82991,0.0000136,0.0000000,0.0000000
82992,0.0000136,0.0000000,0.0000000
82993,0.0000136,0.0000000,0.0000000
82994,0.0000136,0.0000000,0.0000000
82995,0.0000136,0.0000000,0.0000000
82996,0.0000136,0.0000000,0.0000000
82997,0.0000136,0.0000000,0.0000000
82998,0.0000136,0.0000000,0.0000000
82999,0.0000136,0.0000000,0.0000000
83000,0.0000136,0.0000000,0.0000000
83001,0.0000136,0.0000000,0.0000000
83002,0.0000136,0.0000000,0.0000000
83003,0.0000136,0.0000000,0.0000000
83004,0.0000136,0.0000000,0.0000000
83005,0.0000136,0.0000000,0.0000000
83006,0.0000136,0.0000000,0.0000000
83007,0.0000136,0.0000000,0.0000000
83008,0.0000136,0.0000000,0.0000000
83009,0.0000136,0.0000000,0.0000000
83010,0.0000136,0.0000000,0.0000000
83011,0.0000136,0.0000000,0.0000000
83012,0.0000136,0.0000000,0.0000000
83013,0.0000136,0.0000000,0.0000000
83014,0.0000136,0.0000000,0.0000000
83015,0.0000136,0.0000000,0.0000000
83016,0.0000136,0.0000000,0.0000000
83017,0.0000136,0.0000000,0.0000000
83018,0.0000136,0.0000000,0.0000000
83019,0.0000136,0.0000000,0.0000000
83020,0.0000136,0.0000000,0.0000000
83021,0.0000136,0.0000000,0.0000000
83022,0.0000136,0.0000000,0.0000000
83023,0.0000136,0.0000000,0.0000000
83024,0.0000136,0.0000000,0.0000000
83025,0.0000136,0.0000000,0.0000000
83026,0.0000136,0.0000000,0.0000000
83027,0.0000136,0.0000000,0.0000000
83028,0.0000136,0.0000000,0.0000000
83029,0.0000136,0.0000000,0.0000000
83030,0.0000136,0.0000000,0.0000000
83031,0.0000136,0.0000000,0.0000000
83032,0.0000136,0.0000000,0.0000000
83033,0.0000136,0.0000000,0.0000000
83034,0.0000136,0.0000000,0.0000000
83035,0.0000136,0.0000000,0.0000000
83036,0.0000136,0.0000000,0.0000000
83037,0.0000136,0.0000000,0.0000000
83038,0.0000136,0.0000000,0.0000000
83039,0.0000136,0.0000000,0.0000000
83040,0.0000136,0.0000000,0.0000000
83041,0.0000136,0.0000000,0.0000000
83042,0.0000136,0.0000000,0.0000000
83043,0.0000136,0.0000000,0.0000000
83044,0.0000136,0.0000000,0.0000000
83045,0.0000136,0.0000000,0.0000000
83046,0.0000136,0.0000000,0.0000000
83047,0.0000136,0.0000000,0.0000000
83048,0.0000136,0.0000000,0.0000000
83049,0.0000136,0.0000000,0.0000000
83050,0.0000136,0.0000000,0.0000000
83051,0.0000136,0.0000000,0.0000000
83052,0.0000136,0.0000000,0.0000000
83053,0.0000136,0.0000000,0.0000000
83054,0.0000136,0.0000000,0.0000000
83055,0.0000136,0.0000000,0.0000000
83056,0.0000136,0.0000000,0.0000000
83057,0.0000136,0.0000000,0.0000000
83058,0.0000136,0.0000000,0.0000000
83059,0.0000136,0.0000000,0.0000000
83060,0.0000136,0.0000000,0.0000000
83061,0.0000136,0.0000000,0.0000000
83062,0.0000136,0.0000000,0.0000000
83063,0.0000136,0.0000000,0.0000000
83064,0.0000136,0.0000000,0.0000000
83065,0.0000136,0.0000000,0.0000000
83066,0.0000136,0.0000000,0.0000000
83067,0.0000136,0.0000000,0.0000000
83068,0.0000136,0.0000000,0.0000000
83069,0.0000136,0.0000000,0.0000000
83070,0.0000136,0.0000000,0.0000000
83071,0.0000136,0.0000000,0.0000000
83072,0.0000136,0.0000000,0.0000000
83073,0.0000136,0.0000000,0.0000000
83074,0.0000136,0.0000000,0.0000000
83075,0.0000136,0.0000000,0.0000000
83076,0.0000136,0.0000000,0.0000000
83077,0.0000136,0.0000000,0.0000000
83078,0.0000136,0.0000000,0.0000000
83079,0.0000136,0.0000000,0.0000000
83080,0.0000136,0.0000000,0.0000000
83081,0.0000135,0.0000000,0.0000000
83082,0.0000135,0.0000000,0.0000000
83083,0.0000135,0.0000000,0.0000000
83084,0.0000135,0.0000000,0.0000000
83085,0.0000135,0.0000000,0.0000000
83086,0.0000135,0.0000000,0.0000000
83087,0.0000135,0.0000000,0.0000000
83088,0.0000135,0.0000000,0.0000000
83089,0.0000135,0.0000000,0.0000000
83090,0.0000135,0.0000000,0.0000000
83091,0.0000135,0.0000000,0.0000000
83092,0.0000135,0.0000000,0.0000000
83093,0.0000135,0.0000000,0.0000000
83094,0.0000135,0.0000000,0.0000000
83095,0.0000135,0.0000000,0.0000000
83096,0.0000135,0.0000000,0.0000000
83097,0.0000135,0.0000000,0.0000000
83098,0.0000135,0.0000000,0.0000000
83099,0.0000135,0.0000000,0.0000000
83100,0.0000135,0.0000000,0.0000000
83101,0.0000135,0.0000000,0.0000000
83102,0.0000135,0.0000000,0.0000000
83103,0.0000135,0.0000000,0.0000000
83104,0.0000135,0.0000000,0.0000000
83105,0.0000135,0.0000000,0.0000000
83106,0.0000135,0.0000000,0.0000000
83107,0.0000135,0.0000000,0.0000000
83108,0.0000135,0.0000000,0.0000000
83109,0.0000135,0.0000000,0.0000000
83110,0.0000135,0.0000000,0.0000000
83111,0.0000135,0.0000000,0.0000000
83112,0.0000135,0.0000000,0.0000000
83113,0.0000135,0.0000000,0.0000000
83114,0.0000135,0.0000000,0.0000000
83115,0.0000135,0.0000000,0.0000000
83116,0.0000135,0.0000000,0.0000000
83117,0.0000135,0.0000000,0.0000000
83118,0.0000135,0.0000000,0.0000000
83119,0.0000135,0.0000000,0.0000000
83120,0.0000135,0.0000000,0.0000000
83121,0.0000135,0.0000000,0.0000000
83122,0.0000135,0.0000000,0.0000000
83123,0.0000135,0.0000000,0.0000000
83124,0.0000135,0.0000000,0.0000000
83125,0.0000135,0.0000000,0.0000000
83126,0.0000135,0.0000000,0.0000000
83127,0.0000135,0.0000000,0.0000000
83128,0.0000135,0.0000000,0.0000000
83129,0.0000135,0.0000000,0.0000000
83130,0.0000135,0.0000000,0.0000000
83131,0.0000135,0.0000000,0.0000000
83132,0.0000135,0.0000000,0.0000000
83133,0.0000135,0.0000000,0.0000000
83134,0.0000135,0.0000000,0.0000000
83135,0.0000135,0.0000000,0.0000000
83136,0.0000135,0.0000000,0.0000000
83137,0.0000135,0.0000000,0.0000000
83138,0.0000135,0.0000000,0.0000000
83139,0.0000135,0.0000000,0.0000000
83140,0.0000135,0.0000000,0.0000000
83141,0.0000135,0.0000000,0.0000000
83142,0.0000135,0.0000000,0.0000000
83143,0.0000135,0.0000000,0.0000000
83144,0.0000135,0.0000000,0.0000000
83145,0.0000135,0.0000000,0.0000000
83146,0.0000135,0.0000000,0.0000000
83147,0.0000135,0.0000000,0.0000000
83148,0.0000135,0.0000000,0.0000000
83149,0.0000135,0.0000000,0.0000000
83150,0.0000135,0.0000000,0.0000000
83151,0.0000135,0.0000000,0.0000000
83152,0.0000135,0.0000000,0.0000000
83153,0.0000135,0.0000000,0.0000000
83154,0.0000135,0.0000000,0.0000000
83155,0.0000135,0.0000000,0.0000000
83156,0.0000135,0.0000000,0.0000000
83157,0.0000135,0.0000000,0.0000000
83158,0.0000135,0.0000000,0.0000000
83159,0.0000135,0.0000000,0.0000000
83160,0.0000135,0.0000000,0.0000000
83161,0.0000135,0.0000000,0.0000000
83162,0.0000135,0.0000000,0.0000000
83163,0.0000135,0.0000000,0.0000000
83164,0.0000135,0.0000000,0.0000000
83165,0.0000135,0.0000000,0.0000000
83166,0.0000135,0.0000000,0.0000000
83167,0.0000135,0.0000000,0.0000000
83168,0.0000135,0.0000000,0.0000000
83169,0.0000135,0.0000000,0.0000000
83170,0.0000135,0.0000000,0.0000000
83171,0.0000135,0.0000000,0.0000000
83172,0.0000135,0.0000000,0.0000000
83173,0.0000135,0.0000000,0.0000000
83174,0.0000135,0.0000000,0.0000000
83175,0.0000135,0.0000000,0.0000000
83176,0.0000135,0.0000000,0.0000000
83177,0.0000135,0.0000000,0.0000000
83178,0.0000135,0.0000000,0.0000000
83179,0.0000135,0.0000000,0.0000000
83180,0.0000135,0.0000000,0.0000000
83181,0.0000135,0.0000000,0.0000000
83182,0.0000135,0.0000000,0.0000000
83183,0.0000135,0.0000000,0.0000000
83184,0.0000135,0.0000000,0.0000000
83185,0.0000135,0.0000000,0.0000000
83186,0.0000135,0.0000000,0.0000000
83187,0.0000135,0.0000000,0.0000000
83188,0.0000135,0.0000000,0.0000000
83189,0.0000135,0.0000000,0.0000000
83190,0.0000135,0.0000000,0.0000000
83191,0.0000135,0.0000000,0.0000000
83192,0.0000135,0.0000000,0.0000000
83193,0.0000135,0.0000000,0.0000000
83194,0.0000135,0.0000000,0.0000000
83195,0.0000135,0.0000000,0.0000000
83196,0.0000135,0.0000000,0.0000000
83197,0.0000135,0.0000000,0.0000000
83198,0.0000135,0.0000000,0.0000000
83199,0.0000135,0.0000000,0.0000000
83200,0.0000135,0.0000000,0.0000000
83201,0.0000135,0.0000000,0.0000000
83202,0.0000135,0.0000000,0.0000000
83203,0.0000135,0.0000000,0.0000000
83204,0.0000135,0.0000000,0.0000000
83205,0.0000135,0.0000000,0.0000000
83206,0.0000135,0.0000000,0.0000000
83207,0.0000135,0.0000000,0.0000000
83208,0.0000135,0.0000000,0.0000000
83209,0.0000135,0.0000000,0.0000000
83210,0.0000135,0.0000000,0.0000000
83211,0.0000135,0.0000000,0.0000000
83212,0.0000135,0.0000000,0.0000000
83213,0.0000135,0.0000000,0.0000000
83214,0.0000135,0.0000000,0.0000000
83215,0.0000135,0.0000000,0.0000000
83216,0.0000135,0.0000000,0.0000000
83217,0.0000135,0.0000000,0.0000000
83218,0.0000135,0.0000000,0.0000000
83219,0.0000135,0.0000000,0.0000000
83220,0.0000135,0.0000000,0.0000000
83221,0.0000135,0.0000000,0.0000000
83222,0.0000135,0.0000000,0.0000000
83223,0.0000135,0.0000000,0.0000000
83224,0.0000135,0.0000000,0.0000000
83225,0.0000135,0.0000000,0.0000000
83226,0.0000135,0.0000000,0.0000000
83227,0.0000135,0.0000000,0.0000000
83228,0.0000135,0.0000000,0.0000000
83229,0.0000135,0.0000000,0.0000000
83230,0.0000135,0.0000000,0.0000000
83231,0.0000135,0.0000000,0.0000000
83232,0.0000135,0.0000000,0.0000000
83233,0.0000135,0.0000000,0.0000000
83234,0.0000135,0.0000000,0.0000000
83235,0.0000135,0.0000000,0.0000000
83236,0.0000135,0.0000000,0.0000000
83237,0.0000135,0.0000000,0.0000000
83238,0.0000135,0.0000000,0.0000000
83239,0.0000135,0.0000000,0.0000000
83240,0.0000135,0.0000000,0.0000000
83241,0.0000135,0.0000000,0.0000000
83242,0.0000135,0.0000000,0.0000000
83243,0.0000135,0.0000000,0.0000000
83244,0.0000135,0.0000000,0.0000000
83245,0.0000135,0.0000000,0.0000000
83246,0.0000135,0.0000000,0.0000000
83247,0.0000134,0.0000000,0.0000000
83248,0.0000134,0.0000000,0.0000000
83249,0.0000134,0.0000000,0.0000000
83250,0.0000134,0.0000000,0.0000000
83251,0.0000134,0.0000000,0.0000000
83252,0.0000134,0.0000000,0.0000000
83253,0.0000134,0.0000000,0.0000000
83254,0.0000134,0.0000000,0.0000000
83255,0.0000134,0.0000000,0.0000000
83256,0.0000134,0.0000000,0.0000000
83257,0.0000134,0.0000000,0.0000000
83258,0.0000134,0.0000000,0.0000000
83259,0.0000134,0.0000000,0.0000000
83260,0.0000134,0.0000000,0.0000000
83261,0.0000134,0.0000000,0.0000000
83262,0.0000134,0.0000000,0.0000000
83263,0.0000134,0.0000000,0.0000000
83264,0.0000134,0.0000000,0.0000000
83265,0.0000134,0.0000000,0.0000000
83266,0.0000134,0.0000000,0.0000000
83267,0.0000134,0.0000000,0.0000000
83268,0.0000134,0.0000000,0.0000000
83269,0.0000134,0.0000000,0.0000000
83270,0.0000134,0.0000000,0.0000000
83271,0.0000134,0.0000000,0.0000000
83272,0.0000134,0.0000000,0.0000000
83273,0.0000134,0.0000000,0.0000000
83274,0.0000134,0.0000000,0.0000000
83275,0.0000134,0.0000000,0.0000000
83276,0.0000134,0.0000000,0.0000000
83277,0.0000134,0.0000000,0.0000000
83278,0.0000134,0.0000000,0.0000000
83279,0.0000134,0.0000000,0.0000000
83280,0.0000134,0.0000000,0.0000000
83281,0.0000134,0.0000000,0.0000000
83282,0.0000134,0.0000000,0.0000000
83283,0.0000134,0.0000000,0.0000000
83284,0.0000134,0.0000000,0.0000000
83285,0.0000134,0.0000000,0.0000000
83286,0.0000134,0.0000000,0.0000000
83287,0.0000134,0.0000000,0.0000000
83288,0.0000134,0.0000000,0.0000000
83289,0.0000134,0.0000000,0.0000000
83290,0.0000134,0.0000000,0.0000000
83291,0.0000134,0.0000000,0.0000000
83292,0.0000134,0.0000000,0.0000000
83293,0.0000134,0.0000000,0.0000000
83294,0.0000134,0.0000000,0.0000000
83295,0.0000134,0.0000000,0.0000000
83296,0.0000134,0.0000000,0.0000000
83297,0.0000134,0.0000000,0.0000000
83298,0.0000134,0.0000000,0.0000000
83299,0.0000134,0.0000000,0.0000000
83300,0.0000134,0.0000000,0.0000000
83301,0.0000134,0.0000000,0.0000000
83302,0.0000134,0.0000000,0.0000000
83303,0.0000134,0.0000000,0.0000000
83304,0.0000134,0.0000000,0.0000000
83305,0.0000134,0.0000000,0.0000000
83306,0.0000134,0.0000000,0.0000000
83307,0.0000134,0.0000000,0.0000000
83308,0.0000134,0.0000000,0.0000000
83309,0.0000134,0.0000000,0.0000000
83310,0.0000134,0.0000000,0.0000000
83311,0.0000134,0.0000000,0.0000000
83312,0.0000134,0.0000000,0.0000000
83313,0.0000134,0.0000000,0.0000000
83314,0.0000134,0.0000000,0.0000000
83315,0.0000134,0.0000000,0.0000000
83316,0.0000134,0.0000000,0.0000000
83317,0.0000134,0.0000000,0.0000000
83318,0.0000134,0.0000000,0.0000000
83319,0.0000134,0.0000000,0.0000000
83320,0.0000134,0.0000000,0.0000000
83321,0.0000134,0.0000000,0.0000000
83322,0.0000134,0.0000000,0.0000000
83323,0.0000134,0.0000000,0.0000000
83324,0.0000134,0.0000000,0.0000000
83325,0.0000134,0.0000000,0.0000000
83326,0.0000134,0.0000000,0.0000000
83327,0.0000134,0.0000000,0.0000000
83328,0.0000134,0.0000000,0.0000000
83329,0.0000134,0.0000000,0.0000000
83330,0.0000134,0.0000000,0.0000000
83331,0.0000134,0.0000000,0.0000000
83332,0.0000134,0.0000000,0.0000000
83333,0.0000134,0.0000000,0.0000000
83334,0.0000134,0.0000000,0.0000000
83335,0.0000134,0.0000000,0.0000000
83336,0.0000134,0.0000000,0.0000000
83337,0.0000134,0.0000000,0.0000000
83338,0.0000134,0.0000000,0.0000000
83339,0.0000134,0.0000000,0.0000000
83340,0.0000134,0.0000000,0.0000000
83341,0.0000134,0.0000000,0.0000000
83342,0.0000134,0.0000000,0.0000000
83343,0.0000134,0.0000000,0.0000000
83344,0.0000134,0.0000000,0.0000000
83345,0.0000134,0.0000000,0.0000000
83346,0.0000134,0.0000000,0.0000000
83347,0.0000134,0.0000000,0.0000000
83348,0.0000134,0.0000000,0.0000000
83349,0.0000134,0.0000000,0.0000000
83350,0.0000134,0.0000000,0.0000000
83351,0.0000134,0.0000000,0.0000000
83352,0.0000134,0.0000000,0.0000000
83353,0.0000134,0.0000000,0.0000000
83354,0.0000134,0.0000000,0.0000000
83355,0.0000134,0.0000000,0.0000000
83356,0.0000134,0.0000000,0.0000000
83357,0.0000134,0.0000000,0.0000000
83358,0.0000134,0.0000000,0.0000000
83359,0.0000134,0.0000000,0.0000000
83360,0.0000134,0.0000000,0.0000000
83361,0.0000134,0.0000000,0.0000000
83362,0.0000134,0.0000000,0.0000000
83363,0.0000134,0.0000000,0.0000000
83364,0.0000134,0.0000000,0.0000000
83365,0.0000134,0.0000000,0.0000000
83366,0.0000134,0.0000000,0.0000000
83367,0.0000134,0.0000000,0.0000000
83368,0.0000134,0.0000000,0.0000000
83369,0.0000134,0.0000000,0.0000000
83370,0.0000134,0.0000000,0.0000000
83371,0.0000134,0.0000000,0.0000000
83372,0.0000134,0.0000000,0.0000000
83373,0.0000134,0.0000000,0.0000000
83374,0.0000134,0.0000000,0.0000000
83375,0.0000134,0.0000000,0.0000000
83376,0.0000134,0.0000000,0.0000000
83377,0.0000134,0.0000000,0.0000000
83378,0.0000134,0.0000000,0.0000000
83379,0.0000134,0.0000000,0.0000000
83380,0.0000134,0.0000000,0.0000000
83381,0.0000134,0.0000000,0.0000000
83382,0.0000134,0.0000000,0.0000000
83383,0.0000134,0.0000000,0.0000000
83384,0.0000134,0.0000000,0.0000000
83385,0.0000134,0.0000000,0.0000000
83386,0.0000134,0.0000000,0.0000000
83387,0.0000134,0.0000000,0.0000000
83388,0.0000134,0.0000000,0.0000000
83389,0.0000134,0.0000000,0.0000000
83390,0.0000134,0.0000000,0.0000000
83391,0.0000134,0.0000000,0.0000000
83392,0.0000134,0.0000000,0.0000000
83393,0.0000134,0.0000000,0.0000000
83394,0.0000134,0.0000000,0.0000000
83395,0.0000134,0.0000000,0.0000000
83396,0.0000134,0.0000000,0.0000000
83397,0.0000134,0.0000000,0.0000000
83398,0.0000134,0.0000000,0.0000000
83399,0.0000134,0.0000000,0.0000000
83400,0.0000134,0.0000000,0.0000000
83401,0.0000134,0.0000000,0.0000000
83402,0.0000134,0.0000000,0.0000000
83403,0.0000134,0.0000000,0.0000000
83404,0.0000134,0.0000000,0.0000000
83405,0.0000134,0.0000000,0.0000000
83406,0.0000134,0.0000000,0.0000000
83407,0.0000134,0.0000000,0.0000000
83408,0.0000134,0.0000000,0.0000000
83409,0.0000134,0.0000000,0.0000000
83410,0.0000134,0.0000000,0.0000000
83411,0.0000134,0.0000000,0.0000000
83412,0.0000134,0.0000000,0.0000000
83413,0.0000134,0.0000000,0.0000000
83414,0.0000133,0.0000000,0.0000000
83415,0.0000133,0.0000000,0.0000000
83416,0.0000133,0.0000000,0.0000000
83417,0.0000133,0.0000000,0.0000000
83418,0.0000133,0.0000000,0.0000000
83419,0.0000133,0.0000000,0.0000000
83420,0.0000133,0.0000000,0.0000000
83421,0.0000133,0.0000000,0.0000000
83422,0.0000133,0.0000000,0.0000000
83423,0.0000133,0.0000000,0.0000000
83424,0.0000133,0.0000000,0.0000000
83425,0.0000133,0.0000000,0.0000000
83426,0.0000133,0.0000000,0.0000000
83427,0.0000133,0.0000000,0.0000000
83428,0.0000133,0.0000000,0.0000000
83429,0.0000133,0.0000000,0.0000000
83430,0.0000133,0.0000000,0.0000000
83431,0.0000133,0.0000000,0.0000000
83432,0.0000133,0.0000000,0.0000000
83433,0.0000133,0.0000000,0.0000000
83434,0.0000133,0.0000000,0.0000000
83435,0.0000133,0.0000000,0.0000000
83436,0.0000133,0.0000000,0.0000000
83437,0.0000133,0.0000000,0.0000000
83438,0.0000133,0.0000000,0.0000000
83439,0.0000133,0.0000000,0.0000000
83440,0.0000133,0.0000000,0.0000000
83441,0.0000133,0.0000000,0.0000000
83442,0.0000133,0.0000000,0.0000000
83443,0.0000133,0.0000000,0.0000000
83444,0.0000133,0.0000000,0.0000000
83445,0.0000133,0.0000000,0.0000000
83446,0.0000133,0.0000000,0.0000000
83447,0.0000133,0.0000000,0.0000000
83448,0.0000133,0.0000000,0.0000000
83449,0.0000133,0.0000000,0.0000000
83450,0.0000133,0.0000000,0.0000000
83451,0.0000133,0.0000000,0.0000000
83452,0.0000133,0.0000000,0.0000000
83453,0.0000133,0.0000000,0.0000000
83454,0.0000133,0.0000000,0.0000000
83455,0.0000133,0.0000000,0.0000000
83456,0.0000133,0.0000000,0.0000000
83457,0.0000133,0.0000000,0.0000000
83458,0.0000133,0.0000000,0.0000000
83459,0.0000133,0.0000000,0.0000000
83460,0.0000133,0.0000000,0.0000000
83461,0.0000133,0.0000000,0.0000000
83462,0.0000133,0.0000000,0.0000000
83463,0.0000133,0.0000000,0.0000000
83464,0.0000133,0.0000000,0.0000000
83465,0.0000133,0.0000000,0.0000000
83466,0.0000133,0.0000000,0.0000000
83467,0.0000133,0.0000000,0.0000000
83468,0.0000133,0.0000000,0.0000000
83469,0.0000133,0.0000000,0.0000000
83470,0.0000133,0.0000000,0.0000000
83471,0.0000133,0.0000000,0.0000000
83472,0.0000133,0.0000000,0.0000000
83473,0.0000133,0.0000000,0.0000000
83474,0.0000133,0.0000000,0.0000000
83475,0.0000133,0.0000000,0.0000000
83476,0.0000133,0.0000000,0.0000000
83477,0.0000133,0.0000000,0.0000000
83478,0.0000133,0.0000000,0.0000000
83479,0.0000133,0.0000000,0.0000000
83480,0.0000133,0.0000000,0.0000000
83481,0.0000133,0.0000000,0.0000000
83482,0.0000133,0.0000000,0.0000000
83483,0.0000133,0.0000000,0.0000000
83484,0.0000133,0.0000000,0.0000000
83485,0.0000133,0.0000000,0.0000000
83486,0.0000133,0.0000000,0.0000000
83487,0.0000133,0.0000000,0.0000000
83488,0.0000133,0.0000000,0.0000000
83489,0.0000133,0.0000000,0.0000000
83490,0.0000133,0.0000000,0.0000000
83491,0.0000133,0.0000000,0.0000000
83492,0.0000133,0.0000000,0.0000000
83493,0.0000133,0.0000000,0.0000000
83494,0.0000133,0.0000000,0.0000000
83495,0.0000133,0.0000000,0.0000000
83496,0.0000133,0.0000000,0.0000000
83497,0.0000133,0.0000000,0.0000000
83498,0.0000133,0.0000000,0.0000000
83499,0.0000133,0.0000000,0.0000000
83500,0.0000133,0.0000000,0.0000000
83501,0.0000133,0.0000000,0.0000000
83502,0.0000133,0.0000000,0.0000000
83503,0.0000133,0.0000000,0.0000000
83504,0.0000133,0.0000000,0.0000000
83505,0.0000133,0.0000000,0.0000000
83506,0.0000133,0.0000000,0.0000000
83507,0.0000133,0.0000000,0.0000000
83508,0.0000133,0.0000000,0.0000000
83509,0.0000133,0.0000000,0.0000000
83510,0.0000133,0.0000000,0.0000000
83511,0.0000133,0.0000000,0.0000000
83512,0.0000133,0.0000000,0.0000000
83513,0.0000133,0.0000000,0.0000000
83514,0.0000133,0.0000000,0.0000000
83515,0.0000133,0.0000000,0.0000000
83516,0.0000133,0.0000000,0.0000000
83517,0.0000133,0.0000000,0.0000000
83518,0.0000133,0.0000000,0.0000000
83519,0.0000133,0.0000000,0.0000000
83520,0.0000133,0.0000000,0.0000000
83521,0.0000133,0.0000000,0.0000000
83522,0.0000133,0.0000000,0.0000000
83523,0.0000133,0.0000000,0.0000000
83524,0.0000133,0.0000000,0.0000000
83525,0.0000133,0.0000000,0.0000000
83526,0.0000133,0.0000000,0.0000000
83527,0.0000133,0.0000000,0.0000000
83528,0.0000133,0.0000000,0.0000000
83529,0.0000133,0.0000000,0.0000000
83530,0.0000133,0.0000000,0.0000000
83531,0.0000133,0.0000000,0.0000000
83532,0.0000133,0.0000000,0.0000000
83533,0.0000133,0.0000000,0.0000000
83534,0.0000133,0.0000000,0.0000000
83535,0.0000133,0.0000000,0.0000000
83536,0.0000133,0.0000000,0.0000000
83537,0.0000133,0.0000000,0.0000000
83538,0.0000133,0.0000000,0.0000000
83539,0.0000133,0.0000000,0.0000000
83540,0.0000133,0.0000000,0.0000000
83541,0.0000133,0.0000000,0.0000000
83542,0.0000133,0.0000000,0.0000000
83543,0.0000133,0.0000000,0.0000000
83544,0.0000133,0.0000000,0.0000000
83545,0.0000133,0.0000000,0.0000000
83546,0.0000133,0.0000000,0.0000000
83547,0.0000133,0.0000000,0.0000000
83548,0.0000133,0.0000000,0.0000000
83549,0.0000133,0.0000000,0.0000000
83550,0.0000133,0.0000000,0.0000000
83551,0.0000133,0.0000000,0.0000000
83552,0.0000133,0.0000000,0.0000000
83553,0.0000133,0.0000000,0.0000000
83554,0.0000133,0.0000000,0.0000000
83555,0.0000133,0.0000000,0.0000000
83556,0.0000133,0.0000000,0.0000000
83557,0.0000133,0.0000000,0.0000000
83558,0.0000133,0.0000000,0.0000000
83559,0.0000133,0.0000000,0.0000000
83560,0.0000133,0.0000000,0.0000000
83561,0.0000133,0.0000000,0.0000000
83562,0.0000133,0.0000000,0.0000000
83563,0.0000133,0.0000000,0.0000000
83564,0.0000133,0.0000000,0.0000000
83565,0.0000133,0.0000000,0.0000000
83566,0.0000133,0.0000000,0.0000000
83567,0.0000133,0.0000000,0.0000000
83568,0.0000133,0.0000000,0.0000000
83569,0.0000133,0.0000000,0.0000000
83570,0.0000133,0.0000000,0.0000000
83571,0.0000133,0.0000000,0.0000000
83572,0.0000133,0.0000000,0.0000000
83573,0.0000133,0.0000000,0.0000000
83574,0.0000133,0.0000000,0.0000000
83575,0.0000133,0.0000000,0.0000000
83576,0.0000133,0.0000000,0.0000000
83577,0.0000133,0.0000000,0.0000000
83578,0.0000133,0.0000000,0.0000000
83579,0.0000133,0.0000000,0.0000000
83580,0.0000133,0.0000000,0.0000000
83581,0.0000133,0.0000000,0.0000000
83582,0.0000133,0.0000000,0.0000000
83583,0.0000132,0.0000000,0.0000000
83584,0.0000132,0.0000000,0.0000000
83585,0.0000132,0.0000000,0.0000000
83586,0.0000132,0.0000000,0.0000000
83587,0.0000132,0.0000000,0.0000000
83588,0.0000132,0.0000000,0.0000000
83589,0.0000132,0.0000000,0.0000000
83590,0.0000132,0.0000000,0.0000000
83591,0.0000132,0.0000000,0.0000000
83592,0.0000132,0.0000000,0.0000000
83593,0.0000132,0.0000000,0.0000000
83594,0.0000132,0.0000000,0.0000000
83595,0.0000132,0.0000000,0.0000000
83596,0.0000132,0.0000000,0.0000000
83597,0.0000132,0.0000000,0.0000000
83598,0.0000132,0.0000000,0.0000000
83599,0.0000132,0.0000000,0.0000000
83600,0.0000132,0.0000000,0.0000000
83601,0.0000132,0.0000000,0.0000000
83602,0.0000132,0.0000000,0.0000000
83603,0.0000132,0.0000000,0.0000000
83604,0.0000132,0.0000000,0.0000000
83605,0.0000132,0.0000000,0.0000000
83606,0.0000132,0.0000000,0.0000000
83607,0.0000132,0.0000000,0.0000000
83608,0.0000132,0.0000000,0.0000000
83609,0.0000132,0.0000000,0.0000000
83610,0.0000132,0.0000000,0.0000000
83611,0.0000132,0.0000000,0.0000000
83612,0.0000132,0.0000000,0.0000000
83613,0.0000132,0.0000000,0.0000000
83614,0.0000132,0.0000000,0.0000000
83615,0.0000132,0.0000000,0.0000000
83616,0.0000132,0.0000000,0.0000000
83617,0.0000132,0.0000000,0.0000000
83618,0.0000132,0.0000000,0.0000000
83619,0.0000132,0.0000000,0.0000000
83620,0.0000132,0.0000000,0.0000000
83621,0.0000132,0.0000000,0.0000000
83622,0.0000132,0.0000000,0.0000000
83623,0.0000132,0.0000000,0.0000000
83624,0.0000132,0.0000000,0.0000000
83625,0.0000132,0.0000000,0.0000000
83626,0.0000132,0.0000000,0.0000000
83627,0.0000132,0.0000000,0.0000000
83628,0.0000132,0.0000000,0.0000000
83629,0.0000132,0.0000000,0.0000000
83630,0.0000132,0.0000000,0.0000000
83631,0.0000132,0.0000000,0.0000000
83632,0.0000132,0.0000000,0.0000000
83633,0.0000132,0.0000000,0.0000000
83634,0.0000132,0.0000000,0.0000000
83635,0.0000132,0.0000000,0.0000000
83636,0.0000132,0.0000000,0.0000000
83637,0.0000132,0.0000000,0.0000000
83638,0.0000132,0.0000000,0.0000000
83639,0.0000132,0.0000000,0.0000000
83640,0.0000132,0.0000000,0.0000000
83641,0.0000132,0.0000000,0.0000000
83642,0.0000132,0.0000000,0.0000000
83643,0.0000132,0.0000000,0.0000000
83644,0.0000132,0.0000000,0.0000000
83645,0.0000132,0.0000000,0.0000000
83646,0.0000132,0.0000000,0.0000000
83647,0.0000132,0.0000000,0.0000000
83648,0.0000132,0.0000000,0.0000000
83649,0.0000132,0.0000000,0.0000000
83650,0.0000132,0.0000000,0.0000000
83651,0.0000132,0.0000000,0.0000000
83652,0.0000132,0.0000000,0.0000000
83653,0.0000132,0.0000000,0.0000000
83654,0.0000132,0.0000000,0.0000000
83655,0.0000132,0.0000000,0.0000000
83656,0.0000132,0.0000000,0.0000000
83657,0.0000132,0.0000000,0.0000000
83658,0.0000132,0.0000000,0.0000000
83659,0.0000132,0.0000000,0.0000000
83660,0.0000132,0.0000000,0.0000000
83661,0.0000132,0.0000000,0.0000000
83662,0.0000132,0.0000000,0.0000000
83663,0.0000132,0.0000000,0.0000000
83664,0.0000132,0.0000000,0.0000000
83665,0.0000132,0.0000000,0.0000000
83666,0.0000132,0.0000000,0.0000000
83667,0.0000132,0.0000000,0.0000000
83668,0.0000132,0.0000000,0.0000000
83669,0.0000132,0.0000000,0.0000000
83670,0.0000132,0.0000000,0.0000000
83671,0.0000132,0.0000000,0.0000000
83672,0.0000132,0.0000000,0.0000000
83673,0.0000132,0.0000000,0.0000000
83674,0.0000132,0.0000000,0.0000000
83675,0.0000132,0.0000000,0.0000000
83676,0.0000132,0.0000000,0.0000000
83677,0.0000132,0.0000000,0.0000000
83678,0.0000132,0.0000000,0.0000000
83679,0.0000132,0.0000000,0.0000000
83680,0.0000132,0.0000000,0.0000000
83681,0.0000132,0.0000000,0.0000000
83682,0.0000132,0.0000000,0.0000000
83683,0.0000132,0.0000000,0.0000000
83684,0.0000132,0.0000000,0.0000000
83685,0.0000132,0.0000000,0.0000000
83686,0.0000132,0.0000000,0.0000000
83687,0.0000132,0.0000000,0.0000000
83688,0.0000132,0.0000000,0.0000000
83689,0.0000132,0.0000000,0.0000000
83690,0.0000132,0.0000000,0.0000000
83691,0.0000132,0.0000000,0.0000000
83692,0.0000132,0.0000000,0.0000000
83693,0.0000132,0.0000000,0.0000000
83694,0.0000132,0.0000000,0.0000000
83695,0.0000132,0.0000000,0.0000000
83696,0.0000132,0.0000000,0.0000000
83697,0.0000132,0.0000000,0.0000000
83698,0.0000132,0.0000000,0.0000000
83699,0.0000132,0.0000000,0.0000000
83700,0.0000132,0.0000000,0.0000000
83701,0.0000132,0.0000000,0.0000000
83702,0.0000132,0.0000000,0.0000000
83703,0.0000132,0.0000000,0.0000000
83704,0.0000132,0.0000000,0.0000000
83705,0.0000132,0.0000000,0.0000000
83706,0.0000132,0.0000000,0.0000000
83707,0.0000132,0.0000000,0.0000000
83708,0.0000132,0.0000000,0.0000000
83709,0.0000132,0.0000000,0.0000000
83710,0.0000132,0.0000000,0.0000000
83711,0.0000132,0.0000000,0.0000000
83712,0.0000132,0.0000000,0.0000000
83713,0.0000132,0.0000000,0.0000000
83714,0.0000132,0.0000000,0.0000000
83715,0.0000132,0.0000000,0.0000000
83716,0.0000132,0.0000000,0.0000000
83717,0.0000132,0.0000000,0.0000000
83718,0.0000132,0.0000000,0.0000000
83719,0.0000132,0.0000000,0.0000000
83720,0.0000132,0.0000000,0.0000000
83721,0.0000132,0.0000000,0.0000000
83722,0.0000132,0.0000000,0.0000000
83723,0.0000132,0.0000000,0.0000000
83724,0.0000132,0.0000000,0.0000000
83725,0.0000132,0.0000000,0.0000000
83726,0.0000132,0.0000000,0.0000000
83727,0.0000132,0.0000000,0.0000000
83728,0.0000132,0.0000000,0.0000000
83729,0.0000132,0.0000000,0.0000000
83730,0.0000132,0.0000000,0.0000000
83731,0.0000132,0.0000000,0.0000000
83732,0.0000132,0.0000000,0.0000000
83733,0.0000132,0.0000000,0.0000000
83734,0.0000132,0.0000000,0.0000000
83735,0.0000132,0.0000000,0.0000000
83736,0.0000132,0.0000000,0.0000000
83737,0.0000132,0.0000000,0.0000000
83738,0.0000132,0.0000000,0.0000000
83739,0.0000132,0.0000000,0.0000000
83740,0.0000132,0.0000000,0.0000000
83741,0.0000132,0.0000000,0.0000000
83742,0.0000132,0.0000000,0.0000000
83743,0.0000132,0.0000000,0.0000000
83744,0.0000132,0.0000000,0.0000000
83745,0.0000132,0.0000000,0.0000000
83746,0.0000132,0.0000000,0.0000000
83747,0.0000132,0.0000000,0.0000000
83748,0.0000132,0.0000000,0.0000000
83749,0.0000132,0.0000000,0.0000000
83750,0.0000132,0.0000000,0.0000000
83751,0.0000132,0.0000000,0.0000000
83752,0.0000132,0.0000000,0.0000000
83753,0.0000131,0.0000000,0.0000000
83754,0.0000131,0.0000000,0.0000000
83755,0.0000131,0.0000000,0.0000000
83756,0.0000131,0.0000000,0.0000000
83757,0.0000131,0.0000000,0.0000000
83758,0.0000131,0.0000000,0.0000000
83759,0.0000131,0.0000000,0.0000000
83760,0.0000131,0.0000000,0.0000000
83761,0.0000131,0.0000000,0.0000000
83762,0.0000131,0.0000000,0.0000000
83763,0.0000131,0.0000000,0.0000000
83764,0.0000131,0.0000000,0.0000000
83765,0.0000131,0.0000000,0.0000000
83766,0.0000131,0.0000000,0.0000000
83767,0.0000131,0.0000000,0.0000000
83768,0.0000131,0.0000000,0.0000000
83769,0.0000131,0.0000000,0.0000000
83770,0.0000131,0.0000000,0.0000000
83771,0.0000131,0.0000000,0.0000000
83772,0.0000131,0.0000000,0.0000000
83773,0.0000131,0.0000000,0.0000000
83774,0.0000131,0.0000000,0.0000000
83775,0.0000131,0.0000000,0.0000000
83776,0.0000131,0.0000000,0.0000000
83777,0.0000131,0.0000000,0.0000000
83778,0.0000131,0.0000000,0.0000000
83779,0.0000131,0.0000000,0.0000000
83780,0.0000131,0.0000000,0.0000000
83781,0.0000131,0.0000000,0.0000000
83782,0.0000131,0.0000000,0.0000000
83783,0.0000131,0.0000000,0.0000000
83784,0.0000131,0.0000000,0.0000000
83785,0.0000131,0.0000000,0.0000000
83786,0.0000131,0.0000000,0.0000000
83787,0.0000131,0.0000000,0.0000000
83788,0.0000131,0.0000000,0.0000000
83789,0.0000131,0.0000000,0.0000000
83790,0.0000131,0.0000000,0.0000000
83791,0.0000131,0.0000000,0.0000000
83792,0.0000131,0.0000000,0.0000000
83793,0.0000131,0.0000000,0.0000000
83794,0.0000131,0.0000000,0.0000000
83795,0.0000131,0.0000000,0.0000000
83796,0.0000131,0.0000000,0.0000000
83797,0.0000131,0.0000000,0.0000000
83798,0.0000131,0.0000000,0.0000000
83799,0.0000131,0.0000000,0.0000000
83800,0.0000131,0.0000000,0.0000000
83801,0.0000131,0.0000000,0.0000000
83802,0.0000131,0.0000000,0.0000000
83803,0.0000131,0.0000000,0.0000000
83804,0.0000131,0.0000000,0.0000000
83805,0.0000131,0.0000000,0.0000000
83806,0.0000131,0.0000000,0.0000000
83807,0.0000131,0.0000000,0.0000000
83808,0.0000131,0.0000000,0.0000000
83809,0.0000131,0.0000000,0.0000000
83810,0.0000131,0.0000000,0.0000000
83811,0.0000131,0.0000000,0.0000000
83812,0.0000131,0.0000000,0.0000000
83813,0.0000131,0.0000000,0.0000000
83814,0.0000131,0.0000000,0.0000000
83815,0.0000131,0.0000000,0.0000000
83816,0.0000131,0.0000000,0.0000000
83817,0.0000131,0.0000000,0.0000000
83818,0.0000131,0.0000000,0.0000000
83819,0.0000131,0.0000000,0.0000000
83820,0.0000131,0.0000000,0.0000000
83821,0.0000131,0.0000000,0.0000000
83822,0.0000131,0.0000000,0.0000000
83823,0.0000131,0.0000000,0.0000000
83824,0.0000131,0.0000000,0.0000000
83825,0.0000131,0.0000000,0.0000000
83826,0.0000131,0.0000000,0.0000000
83827,0.0000131,0.0000000,0.0000000
83828,0.0000131,0.0000000,0.0000000
83829,0.0000131,0.0000000,0.0000000
83830,0.0000131,0.0000000,0.0000000
83831,0.0000131,0.0000000,0.0000000
83832,0.0000131,0.0000000,0.0000000
83833,0.0000131,0.0000000,0.0000000
83834,0.0000131,0.0000000,0.0000000
83835,0.0000131,0.0000000,0.0000000
83836,0.0000131,0.0000000,0.0000000
83837,0.0000131,0.0000000,0.0000000
83838,0.0000131,0.0000000,0.0000000
83839,0.0000131,0.0000000,0.0000000
83840,0.0000131,0.0000000,0.0000000
83841,0.0000131,0.0000000,0.0000000
83842,0.0000131,0.0000000,0.0000000
83843,0.0000131,0.0000000,0.0000000
83844,0.0000131,0.0000000,0.0000000
83845,0.0000131,0.0000000,0.0000000
83846,0.0000131,0.0000000,0.0000000
83847,0.0000131,0.0000000,0.0000000
83848,0.0000131,0.0000000,0.0000000
83849,0.0000131,0.0000000,0.0000000
83850,0.0000131,0.0000000,0.0000000
83851,0.0000131,0.0000000,0.0000000
83852,0.0000131,0.0000000,0.0000000
83853,0.0000131,0.0000000,0.0000000
83854,0.0000131,0.0000000,0.0000000
83855,0.0000131,0.0000000,0.0000000
83856,0.0000131,0.0000000,0.0000000
83857,0.0000131,0.0000000,0.0000000
83858,0.0000131,0.0000000,0.0000000
83859,0.0000131,0.0000000,0.0000000
83860,0.0000131,0.0000000,0.0000000
83861,0.0000131,0.0000000,0.0000000
83862,0.0000131,0.0000000,0.0000000
83863,0.0000131,0.0000000,0.0000000
83864,0.0000131,0.0000000,0.0000000
83865,0.0000131,0.0000000,0.0000000
83866,0.0000131,0.0000000,0.0000000
83867,0.0000131,0.0000000,0.0000000
83868,0.0000131,0.0000000,0.0000000
83869,0.0000131,0.0000000,0.0000000
83870,0.0000131,0.0000000,0.0000000
83871,0.0000131,0.0000000,0.0000000
83872,0.0000131,0.0000000,0.0000000
83873,0.0000131,0.0000000,0.0000000
83874,0.0000131,0.0000000,0.0000000
83875,0.0000131,0.0000000,0.0000000
83876,0.0000131,0.0000000,0.0000000
83877,0.0000131,0.0000000,0.0000000
83878,0.0000131,0.0000000,0.0000000
83879,0.0000131,0.0000000,0.0000000
83880,0.0000131,0.0000000,0.0000000
83881,0.0000131,0.0000000,0.0000000
83882,0.0000131,0.0000000,0.0000000
83883,0.0000131,0.0000000,0.0000000
83884,0.0000131,0.0000000,0.0000000
83885,0.0000131,0.0000000,0.0000000
83886,0.0000131,0.0000000,0.0000000
83887,0.0000131,0.0000000,0.0000000
83888,0.0000131,0.0000000,0.0000000
83889,0.0000131,0.0000000,0.0000000
83890,0.0000131,0.0000000,0.0000000
83891,0.0000131,0.0000000,0.0000000
83892,0.0000131,0.0000000,0.0000000
83893,0.0000131,0.0000000,0.0000000
83894,0.0000131,0.0000000,0.0000000
83895,0.0000131,0.0000000,0.0000000
83896,0.0000131,0.0000000,0.0000000
83897,0.0000131,0.0000000,0.0000000
83898,0.0000131,0.0000000,0.0000000
83899,0.0000131,0.0000000,0.0000000
83900,0.0000131,0.0000000,0.0000000
83901,0.0000131,0.0000000,0.0000000
83902,0.0000131,0.0000000,0.0000000
83903,0.0000131,0.0000000,0.0000000
83904,0.0000131,0.0000000,0.0000000
83905,0.0000131,0.0000000,0.0000000
83906,0.0000131,0.0000000,0.0000000
83907,0.0000131,0.0000000,0.0000000
83908,0.0000131,0.0000000,0.0000000
83909,0.0000131,0.0000000,0.0000000
83910,0.0000131,0.0000000,0.0000000
83911,0.0000131,0.0000000,0.0000000
83912,0.0000131,0.0000000,0.0000000
83913,0.0000131,0.0000000,0.0000000
83914,0.0000131,0.0000000,0.0000000
83915,0.0000131,0.0000000,0.0000000
83916,0.0000131,0.0000000,0.0000000
83917,0.0000131,0.0000000,0.0000000
83918,0.0000131,0.0000000,0.0000000
83919,0.0000131,0.0000000,0.0000000
83920,0.0000131,0.0000000,0.0000000
83921,0.0000131,0.0000000,0.0000000
83922,0.0000131,0.0000000,0.0000000
83923,0.0000131,0.0000000,0.0000000
83924,0.0000130,0.0000000,0.0000000
83925,0.0000130,0.0000000,0.0000000
83926,0.0000130,0.0000000,0.0000000
83927,0.0000130,0.0000000,0.0000000
83928,0.0000130,0.0000000,0.0000000
83929,0.0000130,0.0000000,0.0000000
83930,0.0000130,0.0000000,0.0000000
83931,0.0000130,0.0000000,0.0000000
83932,0.0000130,0.0000000,0.0000000
83933,0.0000130,0.0000000,0.0000000
83934,0.0000130,0.0000000,0.0000000
83935,0.0000130,0.0000000,0.0000000
83936,0.0000130,0.0000000,0.0000000
83937,0.0000130,0.0000000,0.0000000
83938,0.0000130,0.0000000,0.0000000
83939,0.0000130,0.0000000,0.0000000
83940,0.0000130,0.0000000,0.0000000
83941,0.0000130,0.0000000,0.0000000
83942,0.0000130,0.0000000,0.0000000
83943,0.0000130,0.0000000,0.0000000
83944,0.0000130,0.0000000,0.0000000
83945,0.0000130,0.0000000,0.0000000
83946,0.0000130,0.0000000,0.0000000
83947,0.0000130,0.0000000,0.0000000
83948,0.0000130,0.0000000,0.0000000
83949,0.0000130,0.0000000,0.0000000
83950,0.0000130,0.0000000,0.0000000
83951,0.0000130,0.0000000,0.0000000
83952,0.0000130,0.0000000,0.0000000
83953,0.0000130,0.0000000,0.0000000
83954,0.0000130,0.0000000,0.0000000
83955,0.0000130,0.0000000,0.0000000
83956,0.0000130,0.0000000,0.0000000
83957,0.0000130,0.0000000,0.0000000
83958,0.0000130,0.0000000,0.0000000
83959,0.0000130,0.0000000,0.0000000
83960,0.0000130,0.0000000,0.0000000
83961,0.0000130,0.0000000,0.0000000
83962,0.0000130,0.0000000,0.0000000
83963,0.0000130,0.0000000,0.0000000
83964,0.0000130,0.0000000,0.0000000
83965,0.0000130,0.0000000,0.0000000
83966,0.0000130,0.0000000,0.0000000
83967,0.0000130,0.0000000,0.0000000
83968,0.0000130,0.0000000,0.0000000
83969,0.0000130,0.0000000,0.0000000
83970,0.0000130,0.0000000,0.0000000
83971,0.0000130,0.0000000,0.0000000
83972,0.0000130,0.0000000,0.0000000
83973,0.0000130,0.0000000,0.0000000
83974,0.0000130,0.0000000,0.0000000
83975,0.0000130,0.0000000,0.0000000
83976,0.0000130,0.0000000,0.0000000
83977,0.0000130,0.0000000,0.0000000
83978,0.0000130,0.0000000,0.0000000
83979,0.0000130,0.0000000,0.0000000
83980,0.0000130,0.0000000,0.0000000
83981,0.0000130,0.0000000,0.0000000
83982,0.0000130,0.0000000,0.0000000
83983,0.0000130,0.0000000,0.0000000
83984,0.0000130,0.0000000,0.0000000
83985,0.0000130,0.0000000,0.0000000
83986,0.0000130,0.0000000,0.0000000
83987,0.0000130,0.0000000,0.0000000
83988,0.0000130,0.0000000,0.0000000
83989,0.0000130,0.0000000,0.0000000
83990,0.0000130,0.0000000,0.0000000
83991,0.0000130,0.0000000,0.0000000
83992,0.0000130,0.0000000,0.0000000
83993,0.0000130,0.0000000,0.0000000
83994,0.0000130,0.0000000,0.0000000
83995,0.0000130,0.0000000,0.0000000
83996,0.0000130,0.0000000,0.0000000
83997,0.0000130,0.0000000,0.0000000
83998,0.0000130,0.0000000,0.0000000
83999,0.0000130,0.0000000,0.0000000
84000,0.0000130,0.0000000,0.0000000
84001,0.0000130,0.0000000,0.0000000
84002,0.0000130,0.0000000,0.0000000
84003,0.0000130,0.0000000,0.0000000
84004,0.0000130,0.0000000,0.0000000
84005,0.0000130,0.0000000,0.0000000
84006,0.0000130,0.0000000,0.0000000
84007,0.0000130,0.0000000,0.0000000
84008,0.0000130,0.0000000,0.0000000
84009,0.0000130,0.0000000,0.0000000
84010,0.0000130,0.0000000,0.0000000
84011,0.0000130,0.0000000,0.0000000
84012,0.0000130,0.0000000,0.0000000
84013,0.0000130,0.0000000,0.0000000
84014,0.0000130,0.0000000,0.0000000
84015,0.0000130,0.0000000,0.0000000
84016,0.0000130,0.0000000,0.0000000
84017,0.0000130,0.0000000,0.0000000
84018,0.0000130,0.0000000,0.0000000
84019,0.0000130,0.0000000,0.0000000
84020,0.0000130,0.0000000,0.0000000
84021,0.0000130,0.0000000,0.0000000
84022,0.0000130,0.0000000,0.0000000
84023,0.0000130,0.0000000,0.0000000
84024,0.0000130,0.0000000,0.0000000
84025,0.0000130,0.0000000,0.0000000
84026,0.0000130,0.0000000,0.0000000
84027,0.0000130,0.0000000,0.0000000
84028,0.0000130,0.0000000,0.0000000
84029,0.0000130,0.0000000,0.0000000
84030,0.0000130,0.0000000,0.0000000
84031,0.0000130,0.0000000,0.0000000
84032,0.0000130,0.0000000,0.0000000
84033,0.0000130,0.0000000,0.0000000
84034,0.0000130,0.0000000,0.0000000
84035,0.0000130,0.0000000,0.0000000
84036,0.0000130,0.0000000,0.0000000
84037,0.0000130,0.0000000,0.0000000
84038,0.0000130,0.0000000,0.0000000
84039,0.0000130,0.0000000,0.0000000
84040,0.0000130,0.0000000,0.0000000
84041,0.0000130,0.0000000,0.0000000
84042,0.0000130,0.0000000,0.0000000
84043,0.0000130,0.0000000,0.0000000
84044,0.0000130,0.0000000,0.0000000
84045,0.0000130,0.0000000,0.0000000
84046,0.0000130,0.0000000,0.0000000
84047,0.0000130,0.0000000,0.0000000
84048,0.0000130,0.0000000,0.0000000
84049,0.0000130,0.0000000,0.0000000
84050,0.0000130,0.0000000,0.0000000
84051,0.0000130,0.0000000,0.0000000
84052,0.0000130,0.0000000,0.0000000
84053,0.0000130,0.0000000,0.0000000
84054,0.0000130,0.0000000,0.0000000
84055,0.0000130,0.0000000,0.0000000
84056,0.0000130,0.0000000,0.0000000
84057,0.0000130,0.0000000,0.0000000
84058,0.0000130,0.0000000,0.0000000
84059,0.0000130,0.0000000,0.0000000
84060,0.0000130,0.0000000,0.0000000
84061,0.0000130,0.0000000,0.0000000
84062,0.0000130,0.0000000,0.0000000
84063,0.0000130,0.0000000,0.0000000
84064,0.0000130,0.0000000,0.0000000
84065,0.0000130,0.0000000,0.0000000
84066,0.0000130,0.0000000,0.0000000
84067,0.0000130,0.0000000,0.0000000
84068,0.0000130,0.0000000,0.0000000
84069,0.0000130,0.0000000,0.0000000
84070,0.0000130,0.0000000,0.0000000
84071,0.0000130,0.0000000,0.0000000
84072,0.0000130,0.0000000,0.0000000
84073,0.0000130,0.0000000,0.0000000
84074,0.0000130,0.0000000,0.0000000
84075,0.0000130,0.0000000,0.0000000
84076,0.0000130,0.0000000,0.0000000
84077,0.0000130,0.0000000,0.0000000
84078,0.0000130,0.0000000,0.0000000
84079,0.0000130,0.0000000,0.0000000
84080,0.0000130,0.0000000,0.0000000
84081,0.0000130,0.0000000,0.0000000
84082,0.0000130,0.0000000,0.0000000
84083,0.0000130,0.0000000,0.0000000
84084,0.0000130,0.0000000,0.0000000
84085,0.0000130,0.0000000,0.0000000
84086,0.0000130,0.0000000,0.0000000
84087,0.0000130,0.0000000,0.0000000
84088,0.0000130,0.0000000,0.0000000
84089,0.0000130,0.0000000,0.0000000
84090,0.0000130,0.0000000,0.0000000
84091,0.0000130,0.0000000,0.0000000
84092,0.0000130,0.0000000,0.0000000
84093,0.0000130,0.0000000,0.0000000
84094,0.0000130,0.0000000,0.0000000
84095,0.0000130,0.0000000,0.0000000
84096,0.0000129,0.0000000,0.0000000
84097,0.0000129,0.0000000,0.0000000
84098,0.0000129,0.0000000,0.0000000
84099,0.0000129,0.0000000,0.0000000
84100,0.0000129,0.0000000,0.0000000
84101,0.0000129,0.0000000,0.0000000
84102,0.0000129,0.0000000,0.0000000
84103,0.0000129,0.0000000,0.0000000
84104,0.0000129,0.0000000,0.0000000
84105,0.0000129,0.0000000,0.0000000
84106,0.0000129,0.0000000,0.0000000
84107,0.0000129,0.0000000,0.0000000
84108,0.0000129,0.0000000,0.0000000
84109,0.0000129,0.0000000,0.0000000
84110,0.0000129,0.0000000,0.0000000
84111,0.0000129,0.0000000,0.0000000
84112,0.0000129,0.0000000,0.0000000
84113,0.0000129,0.0000000,0.0000000
84114,0.0000129,0.0000000,0.0000000
84115,0.0000129,0.0000000,0.0000000
84116,0.0000129,0.0000000,0.0000000
84117,0.0000129,0.0000000,0.0000000
84118,0.0000129,0.0000000,0.0000000
84119,0.0000129,0.0000000,0.0000000
84120,0.0000129,0.0000000,0.0000000
84121,0.0000129,0.0000000,0.0000000
84122,0.0000129,0.0000000,0.0000000
84123,0.0000129,0.0000000,0.0000000
84124,0.0000129,0.0000000,0.0000000
84125,0.0000129,0.0000000,0.0000000
84126,0.0000129,0.0000000,0.0000000
84127,0.0000129,0.0000000,0.0000000
84128,0.0000129,0.0000000,0.0000000
84129,0.0000129,0.0000000,0.0000000
84130,0.0000129,0.0000000,0.0000000
84131,0.0000129,0.0000000,0.0000000
84132,0.0000129,0.0000000,0.0000000
84133,0.0000129,0.0000000,0.0000000
84134,0.0000129,0.0000000,0.0000000
84135,0.0000129,0.0000000,0.0000000
84136,0.0000129,0.0000000,0.0000000
84137,0.0000129,0.0000000,0.0000000
84138,0.0000129,0.0000000,0.0000000
84139,0.0000129,0.0000000,0.0000000
84140,0.0000129,0.0000000,0.0000000
84141,0.0000129,0.0000000,0.0000000
84142,0.0000129,0.0000000,0.0000000
84143,0.0000129,0.0000000,0.0000000
84144,0.0000129,0.0000000,0.0000000
84145,0.0000129,0.0000000,0.0000000
84146,0.0000129,0.0000000,0.0000000
84147,0.0000129,0.0000000,0.0000000
84148,0.0000129,0.0000000,0.0000000
84149,0.0000129,0.0000000,0.0000000
84150,0.0000129,0.0000000,0.0000000
84151,0.0000129,0.0000000,0.0000000
84152,0.0000129,0.0000000,0.0000000
84153,0.0000129,0.0000000,0.0000000
84154,0.0000129,0.0000000,0.0000000
84155,0.0000129,0.0000000,0.0000000
84156,0.0000129,0.0000000,0.0000000
84157,0.0000129,0.0000000,0.0000000
84158,0.0000129,0.0000000,0.0000000
84159,0.0000129,0.0000000,0.0000000
84160,0.0000129,0.0000000,0.0000000
84161,0.0000129,0.0000000,0.0000000
84162,0.0000129,0.0000000,0.0000000
84163,0.0000129,0.0000000,0.0000000
84164,0.0000129,0.0000000,0.0000000
84165,0.0000129,0.0000000,0.0000000
84166,0.0000129,0.0000000,0.0000000
84167,0.0000129,0.0000000,0.0000000
84168,0.0000129,0.0000000,0.0000000
84169,0.0000129,0.0000000,0.0000000
84170,0.0000129,0.0000000,0.0000000
84171,0.0000129,0.0000000,0.0000000
84172,0.0000129,0.0000000,0.0000000
84173,0.0000129,0.0000000,0.0000000
84174,0.0000129,0.0000000,0.0000000
84175,0.0000129,0.0000000,0.0000000
84176,0.0000129,0.0000000,0.0000000
84177,0.0000129,0.0000000,0.0000000
84178,0.0000129,0.0000000,0.0000000
84179,0.0000129,0.0000000,0.0000000
84180,0.0000129,0.0000000,0.0000000
84181,0.0000129,0.0000000,0.0000000
84182,0.0000129,0.0000000,0.0000000
84183,0.0000129,0.0000000,0.0000000
84184,0.0000129,0.0000000,0.0000000
84185,0.0000129,0.0000000,0.0000000
84186,0.0000129,0.0000000,0.0000000
84187,0.0000129,0.0000000,0.0000000
84188,0.0000129,0.0000000,0.0000000
84189,0.0000129,0.0000000,0.0000000
84190,0.0000129,0.0000000,0.0000000
84191,0.0000129,0.0000000,0.0000000
84192,0.0000129,0.0000000,0.0000000
84193,0.0000129,0.0000000,0.0000000
84194,0.0000129,0.0000000,0.0000000
84195,0.0000129,0.0000000,0.0000000
84196,0.0000129,0.0000000,0.0000000
84197,0.0000129,0.0000000,0.0000000
84198,0.0000129,0.0000000,0.0000000
84199,0.0000129,0.0000000,0.0000000
84200,0.0000129,0.0000000,0.0000000
84201,0.0000129,0.0000000,0.0000000
84202,0.0000129,0.0000000,0.0000000
84203,0.0000129,0.0000000,0.0000000
84204,0.0000129,0.0000000,0.0000000
84205,0.0000129,0.0000000,0.0000000
84206,0.0000129,0.0000000,0.0000000
84207,0.0000129,0.0000000,0.0000000
84208,0.0000129,0.0000000,0.0000000
84209,0.0000129,0.0000000,0.0000000
84210,0.0000129,0.0000000,0.0000000
84211,0.0000129,0.0000000,0.0000000
84212,0.0000129,0.0000000,0.0000000
84213,0.0000129,0.0000000,0.0000000
84214,0.0000129,0.0000000,0.0000000
84215,0.0000129,0.0000000,0.0000000
84216,0.0000129,0.0000000,0.0000000
84217,0.0000129,0.0000000,0.0000000
84218,0.0000129,0.0000000,0.0000000
84219,0.0000129,0.0000000,0.0000000
84220,0.0000129,0.0000000,0.0000000
84221,0.0000129,0.0000000,0.0000000
84222,0.0000129,0.0000000,0.0000000
84223,0.0000129,0.0000000,0.0000000
84224,0.0000129,0.0000000,0.0000000
84225,0.0000129,0.0000000,0.0000000
84226,0.0000129,0.0000000,0.0000000
84227,0.0000129,0.0000000,0.0000000
84228,0.0000129,0.0000000,0.0000000
84229,0.0000129,0.0000000,0.0000000
84230,0.0000129,0.0000000,0.0000000
84231,0.0000129,0.0000000,0.0000000
84232,0.0000129,0.0000000,0.0000000
84233,0.0000129,0.0000000,0.0000000
84234,0.0000129,0.0000000,0.0000000
84235,0.0000129,0.0000000,0.0000000
84236,0.0000129,0.0000000,0.0000000
84237,0.0000129,0.0000000,0.0000000
84238,0.0000129,0.0000000,0.0000000
84239,0.0000129,0.0000000,0.0000000
84240,0.0000129,0.0000000,0.0000000
84241,0.0000129,0.0000000,0.0000000
84242,0.0000129,0.0000000,0.0000000
84243,0.0000129,0.0000000,0.0000000
84244,0.0000129,0.0000000,0.0000000
84245,0.0000129,0.0000000,0.0000000
84246,0.0000129,0.0000000,0.0000000
84247,0.0000129,0.0000000,0.0000000
84248,0.0000129,0.0000000,0.0000000
84249,0.0000129,0.0000000,0.0000000
84250,0.0000129,0.0000000,0.0000000
84251,0.0000129,0.0000000,0.0000000
84252,0.0000129,0.0000000,0.0000000
84253,0.0000129,0.0000000,0.0000000
84254,0.0000129,0.0000000,0.0000000
84255,0.0000129,0.0000000,0.0000000
84256,0.0000129,0.0000000,0.0000000
84257,0.0000129,0.0000000,0.0000000
84258,0.0000129,0.0000000,0.0000000
84259,0.0000129,0.0000000,0.0000000
84260,0.0000129,0.0000000,0.0000000
84261,0.0000129,0.0000000,0.0000000
84262,0.0000129,0.0000000,0.0000000
84263,0.0000129,0.0000000,0.0000000
84264,0.0000129,0.0000000,0.0000000
84265,0.0000129,0.0000000,0.0000000
84266,0.0000129,0.0000000,0.0000000
84267,0.0000129,0.0000000,0.0000000
84268,0.0000129,0.0000000,0.0000000
84269,0.0000129,0.0000000,0.0000000
84270,0.0000128,0.0000000,0.0000000
84271,0.0000128,0.0000000,0.0000000
84272,0.0000128,0.0000000,0.0000000
84273,0.0000128,0.0000000,0.0000000
84274,0.0000128,0.0000000,0.0000000
84275,0.0000128,0.0000000,0.0000000
84276,0.0000128,0.0000000,0.0000000
84277,0.0000128,0.0000000,0.0000000
84278,0.0000128,0.0000000,0.0000000
84279,0.0000128,0.0000000,0.0000000
84280,0.0000128,0.0000000,0.0000000
84281,0.0000128,0.0000000,0.0000000
84282,0.0000128,0.0000000,0.0000000
84283,0.0000128,0.0000000,0.0000000
84284,0.0000128,0.0000000,0.0000000
84285,0.0000128,0.0000000,0.0000000
84286,0.0000128,0.0000000,0.0000000
84287,0.0000128,0.0000000,0.0000000
84288,0.0000128,0.0000000,0.0000000
84289,0.0000128,0.0000000,0.0000000
84290,0.0000128,0.0000000,0.0000000
84291,0.0000128,0.0000000,0.0000000
84292,0.0000128,0.0000000,0.0000000
84293,0.0000128,0.0000000,0.0000000
84294,0.0000128,0.0000000,0.0000000
84295,0.0000128,0.0000000,0.0000000
84296,0.0000128,0.0000000,0.0000000
84297,0.0000128,0.0000000,0.0000000
84298,0.0000128,0.0000000,0.0000000
84299,0.0000128,0.0000000,0.0000000
84300,0.0000128,0.0000000,0.0000000
84301,0.0000128,0.0000000,0.0000000
84302,0.0000128,0.0000000,0.0000000
84303,0.0000128,0.0000000,0.0000000
84304,0.0000128,0.0000000,0.0000000
84305,0.0000128,0.0000000,0.0000000
84306,0.0000128,0.0000000,0.0000000
84307,0.0000128,0.0000000,0.0000000
84308,0.0000128,0.0000000,0.0000000
84309,0.0000128,0.0000000,0.0000000
84310,0.0000128,0.0000000,0.0000000
84311,0.0000128,0.0000000,0.0000000
84312,0.0000128,0.0000000,0.0000000
84313,0.0000128,0.0000000,0.0000000
84314,0.0000128,0.0000000,0.0000000
84315,0.0000128,0.0000000,0.0000000
84316,0.0000128,0.0000000,0.0000000
84317,0.0000128,0.0000000,0.0000000
84318,0.0000128,0.0000000,0.0000000
84319,0.0000128,0.0000000,0.0000000
84320,0.0000128,0.0000000,0.0000000
84321,0.0000128,0.0000000,0.0000000
84322,0.0000128,0.0000000,0.0000000
84323,0.0000128,0.0000000,0.0000000
84324,0.0000128,0.0000000,0.0000000
84325,0.0000128,0.0000000,0.0000000
84326,0.0000128,0.0000000,0.0000000
84327,0.0000128,0.0000000,0.0000000
84328,0.0000128,0.0000000,0.0000000
84329,0.0000128,0.0000000,0.0000000
84330,0.0000128,0.0000000,0.0000000
84331,0.0000128,0.0000000,0.0000000
84332,0.0000128,0.0000000,0.0000000
84333,0.0000128,0.0000000,0.0000000
84334,0.0000128,0.0000000,0.0000000
84335,0.0000128,0.0000000,0.0000000
84336,0.0000128,0.0000000,0.0000000
84337,0.0000128,0.0000000,0.0000000
84338,0.0000128,0.0000000,0.0000000
84339,0.0000128,0.0000000,0.0000000
84340,0.0000128,0.0000000,0.0000000
84341,0.0000128,0.0000000,0.0000000
84342,0.0000128,0.0000000,0.0000000
84343,0.0000128,0.0000000,0.0000000
84344,0.0000128,0.0000000,0.0000000
84345,0.0000128,0.0000000,0.0000000
84346,0.0000128,0.0000000,0.0000000
84347,0.0000128,0.0000000,0.0000000
84348,0.0000128,0.0000000,0.0000000
84349,0.0000128,0.0000000,0.0000000
84350,0.0000128,0.0000000,0.0000000
84351,0.0000128,0.0000000,0.0000000
84352,0.0000128,0.0000000,0.0000000
84353,0.0000128,0.0000000,0.0000000
84354,0.0000128,0.0000000,0.0000000
84355,0.0000128,0.0000000,0.0000000
84356,0.0000128,0.0000000,0.0000000
84357,0.0000128,0.0000000,0.0000000
84358,0.0000128,0.0000000,0.0000000
84359,0.0000128,0.0000000,0.0000000
84360,0.0000128,0.0000000,0.0000000
84361,0.0000128,0.0000000,0.0000000
84362,0.0000128,0.0000000,0.0000000
84363,0.0000128,0.0000000,0.0000000
84364,0.0000128,0.0000000,0.0000000
84365,0.0000128,0.0000000,0.0000000
84366,0.0000128,0.0000000,0.0000000
84367,0.0000128,0.0000000,0.0000000
84368,0.0000128,0.0000000,0.0000000
84369,0.0000128,0.0000000,0.0000000
84370,0.0000128,0.0000000,0.0000000
84371,0.0000128,0.0000000,0.0000000
84372,0.0000128,0.0000000,0.0000000
84373,0.0000128,0.0000000,0.0000000
84374,0.0000128,0.0000000,0.0000000
84375,0.0000128,0.0000000,0.0000000
84376,0.0000128,0.0000000,0.0000000
84377,0.0000128,0.0000000,0.0000000
84378,0.0000128,0.0000000,0.0000000
84379,0.0000128,0.0000000,0.0000000
84380,0.0000128,0.0000000,0.0000000
84381,0.0000128,0.0000000,0.0000000
84382,0.0000128,0.0000000,0.0000000
84383,0.0000128,0.0000000,0.0000000
84384,0.0000128,0.0000000,0.0000000
84385,0.0000128,0.0000000,0.0000000
84386,0.0000128,0.0000000,0.0000000
84387,0.0000128,0.0000000,0.0000000
84388,0.0000128,0.0000000,0.0000000
84389,0.0000128,0.0000000,0.0000000
84390,0.0000128,0.0000000,0.0000000
84391,0.0000128,0.0000000,0.0000000
84392,0.0000128,0.0000000,0.0000000
84393,0.0000128,0.0000000,0.0000000
84394,0.0000128,0.0000000,0.0000000
84395,0.0000128,0.0000000,0.0000000
84396,0.0000128,0.0000000,0.0000000
84397,0.0000128,0.0000000,0.0000000
84398,0.0000128,0.0000000,0.0000000
84399,0.0000128,0.0000000,0.0000000
84400,0.0000128,0.0000000,0.0000000
84401,0.0000128,0.0000000,0.0000000
84402,0.0000128,0.0000000,0.0000000
84403,0.0000128,0.0000000,0.0000000
84404,0.0000128,0.0000000,0.0000000
84405,0.0000128,0.0000000,0.0000000
84406,0.0000128,0.0000000,0.0000000
84407,0.0000128,0.0000000,0.0000000
84408,0.0000128,0.0000000,0.0000000
84409,0.0000128,0.0000000,0.0000000
84410,0.0000128,0.0000000,0.0000000
84411,0.0000128,0.0000000,0.0000000
84412,0.0000128,0.0000000,0.0000000
84413,0.0000128,0.0000000,0.0000000
84414,0.0000128,0.0000000,0.0000000
84415,0.0000128,0.0000000,0.0000000
84416,0.0000128,0.0000000,0.0000000
84417,0.0000128,0.0000000,0.0000000
84418,0.0000128,0.0000000,0.0000000
84419,0.0000128,0.0000000,0.0000000
84420,0.0000128,0.0000000,0.0000000
84421,0.0000128,0.0000000,0.0000000
84422,0.0000128,0.0000000,0.0000000
84423,0.0000128,0.0000000,0.0000000
84424,0.0000128,0.0000000,0.0000000
84425,0.0000128,0.0000000,0.0000000
84426,0.0000128,0.0000000,0.0000000
84427,0.0000128,0.0000000,0.0000000
84428,0.0000128,0.0000000,0.0000000
84429,0.0000128,0.0000000,0.0000000
84430,0.0000128,0.0000000,0.0000000
84431,0.0000128,0.0000000,0.0000000
84432,0.0000128,0.0000000,0.0000000
84433,0.0000128,0.0000000,0.0000000
84434,0.0000128,0.0000000,0.0000000
84435,0.0000128,0.0000000,0.0000000
84436,0.0000128,0.0000000,0.0000000
84437,0.0000128,0.0000000,0.0000000
84438,0.0000128,0.0000000,0.0000000
84439,0.0000128,0.0000000,0.0000000
84440,0.0000128,0.0000000,0.0000000
84441,0.0000128,0.0000000,0.0000000
84442,0.0000128,0.0000000,0.0000000
84443,0.0000128,0.0000000,0.0000000
84444,0.0000128,0.0000000,0.0000000
84445,0.0000127,0.0000000,0.0000000
84446,0.0000127,0.0000000,0.0000000
84447,0.0000127,0.0000000,0.0000000
84448,0.0000127,0.0000000,0.0000000
84449,0.0000127,0.0000000,0.0000000
84450,0.0000127,0.0000000,0.0000000
84451,0.0000127,0.0000000,0.0000000
84452,0.0000127,0.0000000,0.0000000
84453,0.0000127,0.0000000,0.0000000
84454,0.0000127,0.0000000,0.0000000
84455,0.0000127,0.0000000,0.0000000
84456,0.0000127,0.0000000,0.0000000
84457,0.0000127,0.0000000,0.0000000
84458,0.0000127,0.0000000,0.0000000
84459,0.0000127,0.0000000,0.0000000
84460,0.0000127,0.0000000,0.0000000
84461,0.0000127,0.0000000,0.0000000
84462,0.0000127,0.0000000,0.0000000
84463,0.0000127,0.0000000,0.0000000
84464,0.0000127,0.0000000,0.0000000
84465,0.0000127,0.0000000,0.0000000
84466,0.0000127,0.0000000,0.0000000
84467,0.0000127,0.0000000,0.0000000
84468,0.0000127,0.0000000,0.0000000
84469,0.0000127,0.0000000,0.0000000
84470,0.0000127,0.0000000,0.0000000
84471,0.0000127,0.0000000,0.0000000
84472,0.0000127,0.0000000,0.0000000
84473,0.0000127,0.0000000,0.0000000
84474,0.0000127,0.0000000,0.0000000
84475,0.0000127,0.0000000,0.0000000
84476,0.0000127,0.0000000,0.0000000
84477,0.0000127,0.0000000,0.0000000
84478,0.0000127,0.0000000,0.0000000
84479,0.0000127,0.0000000,0.0000000
84480,0.0000127,0.0000000,0.0000000
84481,0.0000127,0.0000000,0.0000000
84482,0.0000127,0.0000000,0.0000000
84483,0.0000127,0.0000000,0.0000000
84484,0.0000127,0.0000000,0.0000000
84485,0.0000127,0.0000000,0.0000000
84486,0.0000127,0.0000000,0.0000000
84487,0.0000127,0.0000000,0.0000000
84488,0.0000127,0.0000000,0.0000000
84489,0.0000127,0.0000000,0.0000000
84490,0.0000127,0.0000000,0.0000000
84491,0.0000127,0.0000000,0.0000000
84492,0.0000127,0.0000000,0.0000000
84493,0.0000127,0.0000000,0.0000000
84494,0.0000127,0.0000000,0.0000000
84495,0.0000127,0.0000000,0.0000000
84496,0.0000127,0.0000000,0.0000000
84497,0.0000127,0.0000000,0.0000000
84498,0.0000127,0.0000000,0.0000000
84499,0.0000127,0.0000000,0.0000000
84500,0.0000127,0.0000000,0.0000000
84501,0.0000127,0.0000000,0.0000000
84502,0.0000127,0.0000000,0.0000000
84503,0.0000127,0.0000000,0.0000000
84504,0.0000127,0.0000000,0.0000000
84505,0.0000127,0.0000000,0.0000000
84506,0.0000127,0.0000000,0.0000000
84507,0.0000127,0.0000000,0.0000000
84508,0.0000127,0.0000000,0.0000000
84509,0.0000127,0.0000000,0.0000000
84510,0.0000127,0.0000000,0.0000000
84511,0.0000127,0.0000000,0.0000000
84512,0.0000127,0.0000000,0.0000000
84513,0.0000127,0.0000000,0.0000000
84514,0.0000127,0.0000000,0.0000000
84515,0.0000127,0.0000000,0.0000000
84516,0.0000127,0.0000000,0.0000000
84517,0.0000127,0.0000000,0.0000000
84518,0.0000127,0.0000000,0.0000000
84519,0.0000127,0.0000000,0.0000000
84520,0.0000127,0.0000000,0.0000000
84521,0.0000127,0.0000000,0.0000000
84522,0.0000127,0.0000000,0.0000000
84523,0.0000127,0.0000000,0.0000000
84524,0.0000127,0.0000000,0.0000000
84525,0.0000127,0.0000000,0.0000000
84526,0.0000127,0.0000000,0.0000000
84527,0.0000127,0.0000000,0.0000000
84528,0.0000127,0.0000000,0.0000000
84529,0.0000127,0.0000000,0.0000000
84530,0.0000127,0.0000000,0.0000000
84531,0.0000127,0.0000000,0.0000000
84532,0.0000127,0.0000000,0.0000000
84533,0.0000127,0.0000000,0.0000000
84534,0.0000127,0.0000000,0.0000000
84535,0.0000127,0.0000000,0.0000000
84536,0.0000127,0.0000000,0.0000000
84537,0.0000127,0.0000000,0.0000000
84538,0.0000127,0.0000000,0.0000000
84539,0.0000127,0.0000000,0.0000000
84540,0.0000127,0.0000000,0.0000000
84541,0.0000127,0.0000000,0.0000000
84542,0.0000127,0.0000000,0.0000000
84543,0.0000127,0.0000000,0.0000000
84544,0.0000127,0.0000000,0.0000000
84545,0.0000127,0.0000000,0.0000000
84546,0.0000127,0.0000000,0.0000000
84547,0.0000127,0.0000000,0.0000000
84548,0.0000127,0.0000000,0.0000000
84549,0.0000127,0.0000000,0.0000000
84550,0.0000127,0.0000000,0.0000000
84551,0.0000127,0.0000000,0.0000000
84552,0.0000127,0.0000000,0.0000000
84553,0.0000127,0.0000000,0.0000000
84554,0.0000127,0.0000000,0.0000000
84555,0.0000127,0.0000000,0.0000000
84556,0.0000127,0.0000000,0.0000000
84557,0.0000127,0.0000000,0.0000000
84558,0.0000127,0.0000000,0.0000000
84559,0.0000127,0.0000000,0.0000000
84560,0.0000127,0.0000000,0.0000000
84561,0.0000127,0.0000000,0.0000000
84562,0.0000127,0.0000000,0.0000000
84563,0.0000127,0.0000000,0.0000000
84564,0.0000127,0.0000000,0.0000000
84565,0.0000127,0.0000000,0.0000000
84566,0.0000127,0.0000000,0.0000000
84567,0.0000127,0.0000000,0.0000000
84568,0.0000127,0.0000000,0.0000000
84569,0.0000127,0.0000000,0.0000000
84570,0.0000127,0.0000000,0.0000000
84571,0.0000127,0.0000000,0.0000000
84572,0.0000127,0.0000000,0.0000000
84573,0.0000127,0.0000000,0.0000000
84574,0.0000127,0.0000000,0.0000000
84575,0.0000127,0.0000000,0.0000000
84576,0.0000127,0.0000000,0.0000000
84577,0.0000127,0.0000000,0.0000000
84578,0.0000127,0.0000000,0.0000000
84579,0.0000127,0.0000000,0.0000000
84580,0.0000127,0.0000000,0.0000000
84581,0.0000127,0.0000000,0.0000000
84582,0.0000127,0.0000000,0.0000000
84583,0.0000127,0.0000000,0.0000000
84584,0.0000127,0.0000000,0.0000000
84585,0.0000127,0.0000000,0.0000000
84586,0.0000127,0.0000000,0.0000000
84587,0.0000127,0.0000000,0.0000000
84588,0.0000127,0.0000000,0.0000000
84589,0.0000127,0.0000000,0.0000000
84590,0.0000127,0.0000000,0.0000000
84591,0.0000127,0.0000000,0.0000000
84592,0.0000127,0.0000000,0.0000000
84593,0.0000127,0.0000000,0.0000000
84594,0.0000127,0.0000000,0.0000000
84595,0.0000127,0.0000000,0.0000000
84596,0.0000127,0.0000000,0.0000000
84597,0.0000127,0.0000000,0.0000000
84598,0.0000127,0.0000000,0.0000000
84599,0.0000127,0.0000000,0.0000000
84600,0.0000127,0.0000000,0.0000000
84601,0.0000127,0.0000000,0.0000000
84602,0.0000127,0.0000000,0.0000000
84603,0.0000127,0.0000000,0.0000000
84604,0.0000127,0.0000000,0.0000000
84605,0.0000127,0.0000000,0.0000000
84606,0.0000127,0.0000000,0.0000000
84607,0.0000127,0.0000000,0.0000000
84608,0.0000127,0.0000000,0.0000000
84609,0.0000127,0.0000000,0.0000000
84610,0.0000127,0.0000000,0.0000000
84611,0.0000127,0.0000000,0.0000000
84612,0.0000127,0.0000000,0.0000000
84613,0.0000127,0.0000000,0.0000000
84614,0.0000127,0.0000000,0.0000000
84615,0.0000127,0.0000000,0.0000000
84616,0.0000127,0.0000000,0.0000000
84617,0.0000127,0.0000000,0.0000000
84618,0.0000127,0.0000000,0.0000000
84619,0.0000127,0.0000000,0.0000000
84620,0.0000127,0.0000000,0.0000000
84621,0.0000126,0.0000000,0.0000000
84622,0.0000126,0.0000000,0.0000000
84623,0.0000126,0.0000000,0.0000000
84624,0.0000126,0.0000000,0.0000000
84625,0.0000126,0.0000000,0.0000000
84626,0.0000126,0.0000000,0.0000000
84627,0.0000126,0.0000000,0.0000000
84628,0.0000126,0.0000000,0.0000000
84629,0.0000126,0.0000000,0.0000000
84630,0.0000126,0.0000000,0.0000000
84631,0.0000126,0.0000000,0.0000000
84632,0.0000126,0.0000000,0.0000000
84633,0.0000126,0.0000000,0.0000000
84634,0.0000126,0.0000000,0.0000000
84635,0.0000126,0.0000000,0.0000000
84636,0.0000126,0.0000000,0.0000000
84637,0.0000126,0.0000000,0.0000000
84638,0.0000126,0.0000000,0.0000000
84639,0.0000126,0.0000000,0.0000000
84640,0.0000126,0.0000000,0.0000000
84641,0.0000126,0.0000000,0.0000000
84642,0.0000126,0.0000000,0.0000000
84643,0.0000126,0.0000000,0.0000000
84644,0.0000126,0.0000000,0.0000000
84645,0.0000126,0.0000000,0.0000000
84646,0.0000126,0.0000000,0.0000000
84647,0.0000126,0.0000000,0.0000000
84648,0.0000126,0.0000000,0.0000000
84649,0.0000126,0.0000000,0.0000000
84650,0.0000126,0.0000000,0.0000000
84651,0.0000126,0.0000000,0.0000000
84652,0.0000126,0.0000000,0.0000000
84653,0.0000126,0.0000000,0.0000000
84654,0.0000126,0.0000000,0.0000000
84655,0.0000126,0.0000000,0.0000000
84656,0.0000126,0.0000000,0.0000000
84657,0.0000126,0.0000000,0.0000000
84658,0.0000126,0.0000000,0.0000000
84659,0.0000126,0.0000000,0.0000000
84660,0.0000126,0.0000000,0.0000000
84661,0.0000126,0.0000000,0.0000000
84662,0.0000126,0.0000000,0.0000000
84663,0.0000126,0.0000000,0.0000000
84664,0.0000126,0.0000000,0.0000000
84665,0.0000126,0.0000000,0.0000000
84666,0.0000126,0.0000000,0.0000000
84667,0.0000126,0.0000000,0.0000000
84668,0.0000126,0.0000000,0.0000000
84669,0.0000126,0.0000000,0.0000000
84670,0.0000126,0.0000000,0.0000000
84671,0.0000126,0.0000000,0.0000000
84672,0.0000126,0.0000000,0.0000000
84673,0.0000126,0.0000000,0.0000000
84674,0.0000126,0.0000000,0.0000000
84675,0.0000126,0.0000000,0.0000000
84676,0.0000126,0.0000000,0.0000000
84677,0.0000126,0.0000000,0.0000000
84678,0.0000126,0.0000000,0.0000000
84679,0.0000126,0.0000000,0.0000000
84680,0.0000126,0.0000000,0.0000000
84681,0.0000126,0.0000000,0.0000000
84682,0.0000126,0.0000000,0.0000000
84683,0.0000126,0.0000000,0.0000000
84684,0.0000126,0.0000000,0.0000000
84685,0.0000126,0.0000000,0.0000000
84686,0.0000126,0.0000000,0.0000000
84687,0.0000126,0.0000000,0.0000000
84688,0.0000126,0.0000000,0.0000000
84689,0.0000126,0.0000000,0.0000000
84690,0.0000126,0.0000000,0.0000000
84691,0.0000126,0.0000000,0.0000000
84692,0.0000126,0.0000000,0.0000000
84693,0.0000126,0.0000000,0.0000000
84694,0.0000126,0.0000000,0.0000000
84695,0.0000126,0.0000000,0.0000000
84696,0.0000126,0.0000000,0.0000000
84697,0.0000126,0.0000000,0.0000000
84698,0.0000126,0.0000000,0.0000000
84699,0.0000126,0.0000000,0.0000000
84700,0.0000126,0.0000000,0.0000000
84701,0.0000126,0.0000000,0.0000000
84702,0.0000126,0.0000000,0.0000000
84703,0.0000126,0.0000000,0.0000000
84704,0.0000126,0.0000000,0.0000000
84705,0.0000126,0.0000000,0.0000000
84706,0.0000126,0.0000000,0.0000000
84707,0.0000126,0.0000000,0.0000000
84708,0.0000126,0.0000000,0.0000000
84709,0.0000126,0.0000000,0.0000000
84710,0.0000126,0.0000000,0.0000000
84711,0.0000126,0.0000000,0.0000000
84712,0.0000126,0.0000000,0.0000000
84713,0.0000126,0.0000000,0.0000000
84714,0.0000126,0.0000000,0.0000000
84715,0.0000126,0.0000000,0.0000000
84716,0.0000126,0.0000000,0.0000000
84717,0.0000126,0.0000000,0.0000000
84718,0.0000126,0.0000000,0.0000000
84719,0.0000126,0.0000000,0.0000000
84720,0.0000126,0.0000000,0.0000000
84721,0.0000126,0.0000000,0.0000000
84722,0.0000126,0.0000000,0.0000000
84723,0.0000126,0.0000000,0.0000000
84724,0.0000126,0.0000000,0.0000000
84725,0.0000126,0.0000000,0.0000000
84726,0.0000126,0.0000000,0.0000000
84727,0.0000126,0.0000000,0.0000000
84728,0.0000126,0.0000000,0.0000000
84729,0.0000126,0.0000000,0.0000000
84730,0.0000126,0.0000000,0.0000000
84731,0.0000126,0.0000000,0.0000000
84732,0.0000126,0.0000000,0.0000000
84733,0.0000126,0.0000000,0.0000000
84734,0.0000126,0.0000000,0.0000000
84735,0.0000126,0.0000000,0.0000000
84736,0.0000126,0.0000000,0.0000000
84737,0.0000126,0.0000000,0.0000000
84738,0.0000126,0.0000000,0.0000000
84739,0.0000126,0.0000000,0.0000000
84740,0.0000126,0.0000000,0.0000000
84741,0.0000126,0.0000000,0.0000000
84742,0.0000126,0.0000000,0.0000000
84743,0.0000126,0.0000000,0.0000000
84744,0.0000126,0.0000000,0.0000000
84745,0.0000126,0.0000000,0.0000000
84746,0.0000126,0.0000000,0.0000000
84747,0.0000126,0.0000000,0.0000000
84748,0.0000126,0.0000000,0.0000000
84749,0.0000126,0.0000000,0.0000000
84750,0.0000126,0.0000000,0.0000000
84751,0.0000126,0.0000000,0.0000000
84752,0.0000126,0.0000000,0.0000000
84753,0.0000126,0.0000000,0.0000000
84754,0.0000126,0.0000000,0.0000000
84755,0.0000126,0.0000000,0.0000000
84756,0.0000126,0.0000000,0.0000000
84757,0.0000126,0.0000000,0.0000000
84758,0.0000126,0.0000000,0.0000000
84759,0.0000126,0.0000000,0.0000000
84760,0.0000126,0.0000000,0.0000000
84761,0.0000126,0.0000000,0.0000000
84762,0.0000126,0.0000000,0.0000000
84763,0.0000126,0.0000000,0.0000000
84764,0.0000126,0.0000000,0.0000000
84765,0.0000126,0.0000000,0.0000000
84766,0.0000126,0.0000000,0.0000000
84767,0.0000126,0.0000000,0.0000000
84768,0.0000126,0.0000000,0.0000000
84769,0.0000126,0.0000000,0.0000000
84770,0.0000126,0.0000000,0.0000000
84771,0.0000126,0.0000000,0.0000000
84772,0.0000126,0.0000000,0.0000000
84773,0.0000126,0.0000000,0.0000000
84774,0.0000126,0.0000000,0.0000000
84775,0.0000126,0.0000000,0.0000000
84776,0.0000126,0.0000000,0.0000000
84777,0.0000126,0.0000000,0.0000000
84778,0.0000126,0.0000000,0.0000000
84779,0.0000126,0.0000000,0.0000000
84780,0.0000126,0.0000000,0.0000000
84781,0.0000126,0.0000000,0.0000000
84782,0.0000126,0.0000000,0.0000000
84783,0.0000126,0.0000000,0.0000000
84784,0.0000126,0.0000000,0.0000000
84785,0.0000126,0.0000000,0.0000000
84786,0.0000126,0.0000000,0.0000000
84787,0.0000126,0.0000000,0.0000000
84788,0.0000126,0.0000000,0.0000000
84789,0.0000126,0.0000000,0.0000000
84790,0.0000126,0.0000000,0.0000000
84791,0.0000126,0.0000000,0.0000000
84792,0.0000126,0.0000000,0.0000000
84793,0.0000126,0.0000000,0.0000000
84794,0.0000126,0.0000000,0.0000000
84795,0.0000126,0.0000000,0.0000000
84796,0.0000126,0.0000000,0.0000000
84797,0.0000126,0.0000000,0.0000000
84798,0.0000126,0.0000000,0.0000000
84799,0.0000125,0.0000000,0.0000000
84800,0.0000125,0.0000000,0.0000000
84801,0.0000125,0.0000000,0.0000000
84802,0.0000125,0.0000000,0.0000000
84803,0.0000125,0.0000000,0.0000000
84804,0.0000125,0.0000000,0.0000000
84805,0.0000125,0.0000000,0.0000000
84806,0.0000125,0.0000000,0.0000000
84807,0.0000125,0.0000000,0.0000000
84808,0.0000125,0.0000000,0.0000000
84809,0.0000125,0.0000000,0.0000000
84810,0.0000125,0.0000000,0.0000000
84811,0.0000125,0.0000000,0.0000000
84812,0.0000125,0.0000000,0.0000000
84813,0.0000125,0.0000000,0.0000000
84814,0.0000125,0.0000000,0.0000000
84815,0.0000125,0.0000000,0.0000000
84816,0.0000125,0.0000000,0.0000000
84817,0.0000125,0.0000000,0.0000000
84818,0.0000125,0.0000000,0.0000000
84819,0.0000125,0.0000000,0.0000000
84820,0.0000125,0.0000000,0.0000000
84821,0.0000125,0.0000000,0.0000000
84822,0.0000125,0.0000000,0.0000000
84823,0.0000125,0.0000000,0.0000000
84824,0.0000125,0.0000000,0.0000000
84825,0.0000125,0.0000000,0.0000000
84826,0.0000125,0.0000000,0.0000000
84827,0.0000125,0.0000000,0.0000000
84828,0.0000125,0.0000000,0.0000000
84829,0.0000125,0.0000000,0.0000000
84830,0.0000125,0.0000000,0.0000000
84831,0.0000125,0.0000000,0.0000000
84832,0.0000125,0.0000000,0.0000000
84833,0.0000125,0.0000000,0.0000000
84834,0.0000125,0.0000000,0.0000000
84835,0.0000125,0.0000000,0.0000000
84836,0.0000125,0.0000000,0.0000000
84837,0.0000125,0.0000000,0.0000000
84838,0.0000125,0.0000000,0.0000000
84839,0.0000125,0.0000000,0.0000000
84840,0.0000125,0.0000000,0.0000000
84841,0.0000125,0.0000000,0.0000000
84842,0.0000125,0.0000000,0.0000000
84843,0.0000125,0.0000000,0.0000000
84844,0.0000125,0.0000000,0.0000000
84845,0.0000125,0.0000000,0.0000000
84846,0.0000125,0.0000000,0.0000000
84847,0.0000125,0.0000000,0.0000000
84848,0.0000125,0.0000000,0.0000000
84849,0.0000125,0.0000000,0.0000000
84850,0.0000125,0.0000000,0.0000000
84851,0.0000125,0.0000000,0.0000000
84852,0.0000125,0.0000000,0.0000000
84853,0.0000125,0.0000000,0.0000000
84854,0.0000125,0.0000000,0.0000000
84855,0.0000125,0.0000000,0.0000000
84856,0.0000125,0.0000000,0.0000000
84857,0.0000125,0.0000000,0.0000000
84858,0.0000125,0.0000000,0.0000000
84859,0.0000125,0.0000000,0.0000000
84860,0.0000125,0.0000000,0.0000000
84861,0.0000125,0.0000000,0.0000000
84862,0.0000125,0.0000000,0.0000000
84863,0.0000125,0.0000000,0.0000000
84864,0.0000125,0.0000000,0.0000000
84865,0.0000125,0.0000000,0.0000000
84866,0.0000125,0.0000000,0.0000000
84867,0.0000125,0.0000000,0.0000000
84868,0.0000125,0.0000000,0.0000000
84869,0.0000125,0.0000000,0.0000000
84870,0.0000125,0.0000000,0.0000000
84871,0.0000125,0.0000000,0.0000000
84872,0.0000125,0.0000000,0.0000000
84873,0.0000125,0.0000000,0.0000000
84874,0.0000125,0.0000000,0.0000000
84875,0.0000125,0.0000000,0.0000000
84876,0.0000125,0.0000000,0.0000000
84877,0.0000125,0.0000000,0.0000000
84878,0.0000125,0.0000000,0.0000000
84879,0.0000125,0.0000000,0.0000000
84880,0.0000125,0.0000000,0.0000000
84881,0.0000125,0.0000000,0.0000000
84882,0.0000125,0.0000000,0.0000000
84883,0.0000125,0.0000000,0.0000000
84884,0.0000125,0.0000000,0.0000000
84885,0.0000125,0.0000000,0.0000000
84886,0.0000125,0.0000000,0.0000000
84887,0.0000125,0.0000000,0.0000000
84888,0.0000125,0.0000000,0.0000000
84889,0.0000125,0.0000000,0.0000000
84890,0.0000125,0.0000000,0.0000000
84891,0.0000125,0.0000000,0.0000000
84892,0.0000125,0.0000000,0.0000000
84893,0.0000125,0.0000000,0.0000000
84894,0.0000125,0.0000000,0.0000000
84895,0.0000125,0.0000000,0.0000000
84896,0.0000125,0.0000000,0.0000000
84897,0.0000125,0.0000000,0.0000000
84898,0.0000125,0.0000000,0.0000000
84899,0.0000125,0.0000000,0.0000000
84900,0.0000125,0.0000000,0.0000000
84901,0.0000125,0.0000000,0.0000000
84902,0.0000125,0.0000000,0.0000000
84903,0.0000125,0.0000000,0.0000000
84904,0.0000125,0.0000000,0.0000000
84905,0.0000125,0.0000000,0.0000000
84906,0.0000125,0.0000000,0.0000000
84907,0.0000125,0.0000000,0.0000000
84908,0.0000125,0.0000000,0.0000000
84909,0.0000125,0.0000000,0.0000000
84910,0.0000125,0.0000000,0.0000000
84911,0.0000125,0.0000000,0.0000000
84912,0.0000125,0.0000000,0.0000000
84913,0.0000125,0.0000000,0.0000000
84914,0.0000125,0.0000000,0.0000000
84915,0.0000125,0.0000000,0.0000000
84916,0.0000125,0.0000000,0.0000000
84917,0.0000125,0.0000000,0.0000000
84918,0.0000125,0.0000000,0.0000000
84919,0.0000125,0.0000000,0.0000000
84920,0.0000125,0.0000000,0.0000000
84921,0.0000125,0.0000000,0.0000000
84922,0.0000125,0.0000000,0.0000000
84923,0.0000125,0.0000000,0.0000000
84924,0.0000125,0.0000000,0.0000000
84925,0.0000125,0.0000000,0.0000000
84926,0.0000125,0.0000000,0.0000000
84927,0.0000125,0.0000000,0.0000000
84928,0.0000125,0.0000000,0.0000000
84929,0.0000125,0.0000000,0.0000000
84930,0.0000125,0.0000000,0.0000000
84931,0.0000125,0.0000000,0.0000000
84932,0.0000125,0.0000000,0.0000000
84933,0.0000125,0.0000000,0.0000000
84934,0.0000125,0.0000000,0.0000000
84935,0.0000125,0.0000000,0.0000000
84936,0.0000125,0.0000000,0.0000000
84937,0.0000125,0.0000000,0.0000000
84938,0.0000125,0.0000000,0.0000000
84939,0.0000125,0.0000000,0.0000000
84940,0.0000125,0.0000000,0.0000000
84941,0.0000125,0.0000000,0.0000000
84942,0.0000125,0.0000000,0.0000000
84943,0.0000125,0.0000000,0.0000000
84944,0.0000125,0.0000000,0.0000000
84945,0.0000125,0.0000000,0.0000000
84946,0.0000125,0.0000000,0.0000000
84947,0.0000125,0.0000000,0.0000000
84948,0.0000125,0.0000000,0.0000000
84949,0.0000125,0.0000000,0.0000000
84950,0.0000125,0.0000000,0.0000000
84951,0.0000125,0.0000000,0.0000000
84952,0.0000125,0.0000000,0.0000000
84953,0.0000125,0.0000000,0.0000000
84954,0.0000125,0.0000000,0.0000000
84955,0.0000125,0.0000000,0.0000000
84956,0.0000125,0.0000000,0.0000000
84957,0.0000125,0.0000000,0.0000000
84958,0.0000125,0.0000000,0.0000000
84959,0.0000125,0.0000000,0.0000000
84960,0.0000125,0.0000000,0.0000000
84961,0.0000125,0.0000000,0.0000000
84962,0.0000125,0.0000000,0.0000000
84963,0.0000125,0.0000000,0.0000000
84964,0.0000125,0.0000000,0.0000000
84965,0.0000125,0.0000000,0.0000000
84966,0.0000125,0.0000000,0.0000000
84967,0.0000125,0.0000000,0.0000000
84968,0.0000125,0.0000000,0.0000000
84969,0.0000125,0.0000000,0.0000000
84970,0.0000125,0.0000000,0.0000000
84971,0.0000125,0.0000000,0.0000000
84972,0.0000125,0.0000000,0.0000000
84973,0.0000125,0.0000000,0.0000000
84974,0.0000125,0.0000000,0.0000000
84975,0.0000125,0.0000000,0.0000000
84976,0.0000125,0.0000000,0.0000000
84977,0.0000125,0.0000000,0.0000000
84978,0.0000124,0.0000000,0.0000000
84979,0.0000124,0.0000000,0.0000000
84980,0.0000124,0.0000000,0.0000000
84981,0.0000124,0.0000000,0.0000000
84982,0.0000124,0.0000000,0.0000000
84983,0.0000124,0.0000000,0.0000000
84984,0.0000124,0.0000000,0.0000000
84985,0.0000124,0.0000000,0.0000000
84986,0.0000124,0.0000000,0.0000000
84987,0.0000124,0.0000000,0.0000000
84988,0.0000124,0.0000000,0.0000000
84989,0.0000124,0.0000000,0.0000000
84990,0.0000124,0.0000000,0.0000000
84991,0.0000124,0.0000000,0.0000000
84992,0.0000124,0.0000000,0.0000000
84993,0.0000124,0.0000000,0.0000000
84994,0.0000124,0.0000000,0.0000000
84995,0.0000124,0.0000000,0.0000000
84996,0.0000124,0.0000000,0.0000000
84997,0.0000124,0.0000000,0.0000000
84998,0.0000124,0.0000000,0.0000000
84999,0.0000124,0.0000000,0.0000000
85000,0.0000124,0.0000000,0.0000000
85001,0.0000124,0.0000000,0.0000000
85002,0.0000124,0.0000000,0.0000000
85003,0.0000124,0.0000000,0.0000000
85004,0.0000124,0.0000000,0.0000000
85005,0.0000124,0.0000000,0.0000000
85006,0.0000124,0.0000000,0.0000000
85007,0.0000124,0.0000000,0.0000000
85008,0.0000124,0.0000000,0.0000000
85009,0.0000124,0.0000000,0.0000000
85010,0.0000124,0.0000000,0.0000000
85011,0.0000124,0.0000000,0.0000000
85012,0.0000124,0.0000000,0.0000000
85013,0.0000124,0.0000000,0.0000000
85014,0.0000124,0.0000000,0.0000000
85015,0.0000124,0.0000000,0.0000000
85016,0.0000124,0.0000000,0.0000000
85017,0.0000124,0.0000000,0.0000000
85018,0.0000124,0.0000000,0.0000000
85019,0.0000124,0.0000000,0.0000000
85020,0.0000124,0.0000000,0.0000000
85021,0.0000124,0.0000000,0.0000000
85022,0.0000124,0.0000000,0.0000000
85023,0.0000124,0.0000000,0.0000000
85024,0.0000124,0.0000000,0.0000000
85025,0.0000124,0.0000000,0.0000000
85026,0.0000124,0.0000000,0.0000000
85027,0.0000124,0.0000000,0.0000000
85028,0.0000124,0.0000000,0.0000000
85029,0.0000124,0.0000000,0.0000000
85030,0.0000124,0.0000000,0.0000000
85031,0.0000124,0.0000000,0.0000000
85032,0.0000124,0.0000000,0.0000000
85033,0.0000124,0.0000000,0.0000000
85034,0.0000124,0.0000000,0.0000000
85035,0.0000124,0.0000000,0.0000000
85036,0.0000124,0.0000000,0.0000000
85037,0.0000124,0.0000000,0.0000000
85038,0.0000124,0.0000000,0.0000000
85039,0.0000124,0.0000000,0.0000000
85040,0.0000124,0.0000000,0.0000000
85041,0.0000124,0.0000000,0.0000000
85042,0.0000124,0.0000000,0.0000000
85043,0.0000124,0.0000000,0.0000000
85044,0.0000124,0.0000000,0.0000000
85045,0.0000124,0.0000000,0.0000000
85046,0.0000124,0.0000000,0.0000000
85047,0.0000124,0.0000000,0.0000000
85048,0.0000124,0.0000000,0.0000000
85049,0.0000124,0.0000000,0.0000000
85050,0.0000124,0.0000000,0.0000000
85051,0.0000124,0.0000000,0.0000000
85052,0.0000124,0.0000000,0.0000000
85053,0.0000124,0.0000000,0.0000000
85054,0.0000124,0.0000000,0.0000000
85055,0.0000124,0.0000000,0.0000000
85056,0.0000124,0.0000000,0.0000000
85057,0.0000124,0.0000000,0.0000000
85058,0.0000124,0.0000000,0.0000000
85059,0.0000124,0.0000000,0.0000000
85060,0.0000124,0.0000000,0.0000000
85061,0.0000124,0.0000000,0.0000000
85062,0.0000124,0.0000000,0.0000000
85063,0.0000124,0.0000000,0.0000000
85064,0.0000124,0.0000000,0.0000000
85065,0.0000124,0.0000000,0.0000000
85066,0.0000124,0.0000000,0.0000000
85067,0.0000124,0.0000000,0.0000000
85068,0.0000124,0.0000000,0.0000000
85069,0.0000124,0.0000000,0.0000000
85070,0.0000124,0.0000000,0.0000000
85071,0.0000124,0.0000000,0.0000000
85072,0.0000124,0.0000000,0.0000000
85073,0.0000124,0.0000000,0.0000000
85074,0.0000124,0.0000000,0.0000000
85075,0.0000124,0.0000000,0.0000000
85076,0.0000124,0.0000000,0.0000000
85077,0.0000124,0.0000000,0.0000000
85078,0.0000124,0.0000000,0.0000000
85079,0.0000124,0.0000000,0.0000000
85080,0.0000124,0.0000000,0.0000000
85081,0.0000124,0.0000000,0.0000000
85082,0.0000124,0.0000000,0.0000000
85083,0.0000124,0.0000000,0.0000000
85084,0.0000124,0.0000000,0.0000000
85085,0.0000124,0.0000000,0.0000000
85086,0.0000124,0.0000000,0.0000000
85087,0.0000124,0.0000000,0.0000000
85088,0.0000124,0.0000000,0.0000000
85089,0.0000124,0.0000000,0.0000000
85090,0.0000124,0.0000000,0.0000000
85091,0.0000124,0.0000000,0.0000000
85092,0.0000124,0.0000000,0.0000000
85093,0.0000124,0.0000000,0.0000000
85094,0.0000124,0.0000000,0.0000000
85095,0.0000124,0.0000000,0.0000000
85096,0.0000124,0.0000000,0.0000000
85097,0.0000124,0.0000000,0.0000000
85098,0.0000124,0.0000000,0.0000000
85099,0.0000124,0.0000000,0.0000000
85100,0.0000124,0.0000000,0.0000000
85101,0.0000124,0.0000000,0.0000000
85102,0.0000124,0.0000000,0.0000000
85103,0.0000124,0.0000000,0.0000000
85104,0.0000124,0.0000000,0.0000000
85105,0.0000124,0.0000000,0.0000000
85106,0.0000124,0.0000000,0.0000000
85107,0.0000124,0.0000000,0.0000000
85108,0.0000124,0.0000000,0.0000000
85109,0.0000124,0.0000000,0.0000000
85110,0.0000124,0.0000000,0.0000000
85111,0.0000124,0.0000000,0.0000000
85112,0.0000124,0.0000000,0.0000000
85113,0.0000124,0.0000000,0.0000000
85114,0.0000124,0.0000000,0.0000000
85115,0.0000124,0.0000000,0.0000000
85116,0.0000124,0.0000000,0.0000000
85117,0.0000124,0.0000000,0.0000000
85118,0.0000124,0.0000000,0.0000000
85119,0.0000124,0.0000000,0.0000000
85120,0.0000124,0.0000000,0.0000000
85121,0.0000124,0.0000000,0.0000000
85122,0.0000124,0.0000000,0.0000000
85123,0.0000124,0.0000000,0.0000000
85124,0.0000124,0.0000000,0.0000000
85125,0.0000124,0.0000000,0.0000000
85126,0.0000124,0.0000000,0.0000000
85127,0.0000124,0.0000000,0.0000000
85128,0.0000124,0.0000000,0.0000000
85129,0.0000124,0.0000000,0.0000000
85130,0.0000124,0.0000000,0.0000000
85131,0.0000124,0.0000000,0.0000000
85132,0.0000124,0.0000000,0.0000000
85133,0.0000124,0.0000000,0.0000000
85134,0.0000124,0.0000000,0.0000000
85135,0.0000124,0.0000000,0.0000000
85136,0.0000124,0.0000000,0.0000000
85137,0.0000124,0.0000000,0.0000000
85138,0.0000124,0.0000000,0.0000000
85139,0.0000124,0.0000000,0.0000000
85140,0.0000124,0.0000000,0.0000000
85141,0.0000124,0.0000000,0.0000000
85142,0.0000124,0.0000000,0.0000000
85143,0.0000124,0.0000000,0.0000000
85144,0.0000124,0.0000000,0.0000000
85145,0.0000124,0.0000000,0.0000000
85146,0.0000124,0.0000000,0.0000000
85147,0.0000124,0.0000000,0.0000000
85148,0.0000124,0.0000000,0.0000000
85149,0.0000124,0.0000000,0.0000000
85150,0.0000124,0.0000000,0.0000000
85151,0.0000124,0.0000000,0.0000000
85152,0.0000124,0.0000000,0.0000000
85153,0.0000124,0.0000000,0.0000000
85154,0.0000124,0.0000000,0.0000000
85155,0.0000124,0.0000000,0.0000000
85156,0.0000124,0.0000000,0.0000000
85157,0.0000124,0.0000000,0.0000000
85158,0.0000124,0.0000000,0.0000000
85159,0.0000123,0.0000000,0.0000000
85160,0.0000123,0.0000000,0.0000000
85161,0.0000123,0.0000000,0.0000000
85162,0.0000123,0.0000000,0.0000000
85163,0.0000123,0.0000000,0.0000000
85164,0.0000123,0.0000000,0.0000000
85165,0.0000123,0.0000000,0.0000000
85166,0.0000123,0.0000000,0.0000000
85167,0.0000123,0.0000000,0.0000000
85168,0.0000123,0.0000000,0.0000000
85169,0.0000123,0.0000000,0.0000000
85170,0.0000123,0.0000000,0.0000000
85171,0.0000123,0.0000000,0.0000000
85172,0.0000123,0.0000000,0.0000000
85173,0.0000123,0.0000000,0.0000000
85174,0.0000123,0.0000000,0.0000000
85175,0.0000123,0.0000000,0.0000000
85176,0.0000123,0.0000000,0.0000000
85177,0.0000123,0.0000000,0.0000000
85178,0.0000123,0.0000000,0.0000000
85179,0.0000123,0.0000000,0.0000000
85180,0.0000123,0.0000000,0.0000000
85181,0.0000123,0.0000000,0.0000000
85182,0.0000123,0.0000000,0.0000000
85183,0.0000123,0.0000000,0.0000000
85184,0.0000123,0.0000000,0.0000000
85185,0.0000123,0.0000000,0.0000000
85186,0.0000123,0.0000000,0.0000000
85187,0.0000123,0.0000000,0.0000000
85188,0.0000123,0.0000000,0.0000000
85189,0.0000123,0.0000000,0.0000000
85190,0.0000123,0.0000000,0.0000000
85191,0.0000123,0.0000000,0.0000000
85192,0.0000123,0.0000000,0.0000000
85193,0.0000123,0.0000000,0.0000000
85194,0.0000123,0.0000000,0.0000000
85195,0.0000123,0.0000000,0.0000000
85196,0.0000123,0.0000000,0.0000000
85197,0.0000123,0.0000000,0.0000000
85198,0.0000123,0.0000000,0.0000000
85199,0.0000123,0.0000000,0.0000000
85200,0.0000123,0.0000000,0.0000000
85201,0.0000123,0.0000000,0.0000000
85202,0.0000123,0.0000000,0.0000000
85203,0.0000123,0.0000000,0.0000000
85204,0.0000123,0.0000000,0.0000000
85205,0.0000123,0.0000000,0.0000000
85206,0.0000123,0.0000000,0.0000000
85207,0.0000123,0.0000000,0.0000000
85208,0.0000123,0.0000000,0.0000000
85209,0.0000123,0.0000000,0.0000000
85210,0.0000123,0.0000000,0.0000000
85211,0.0000123,0.0000000,0.0000000
85212,0.0000123,0.0000000,0.0000000
85213,0.0000123,0.0000000,0.0000000
85214,0.0000123,0.0000000,0.0000000
85215,0.0000123,0.0000000,0.0000000
85216,0.0000123,0.0000000,0.0000000
85217,0.0000123,0.0000000,0.0000000
85218,0.0000123,0.0000000,0.0000000
85219,0.0000123,0.0000000,0.0000000
85220,0.0000123,0.0000000,0.0000000
85221,0.0000123,0.0000000,0.0000000
85222,0.0000123,0.0000000,0.0000000
85223,0.0000123,0.0000000,0.0000000
85224,0.0000123,0.0000000,0.0000000
85225,0.0000123,0.0000000,0.0000000
85226,0.0000123,0.0000000,0.0000000
85227,0.0000123,0.0000000,0.0000000
85228,0.0000123,0.0000000,0.0000000
85229,0.0000123,0.0000000,0.0000000
85230,0.0000123,0.0000000,0.0000000
85231,0.0000123,0.0000000,0.0000000
85232,0.0000123,0.0000000,0.0000000
85233,0.0000123,0.0000000,0.0000000
85234,0.0000123,0.0000000,0.0000000
85235,0.0000123,0.0000000,0.0000000
85236,0.0000123,0.0000000,0.0000000
85237,0.0000123,0.0000000,0.0000000
85238,0.0000123,0.0000000,0.0000000
85239,0.0000123,0.0000000,0.0000000
85240,0.0000123,0.0000000,0.0000000
85241,0.0000123,0.0000000,0.0000000
85242,0.0000123,0.0000000,0.0000000
85243,0.0000123,0.0000000,0.0000000
85244,0.0000123,0.0000000,0.0000000
85245,0.0000123,0.0000000,0.0000000
85246,0.0000123,0.0000000,0.0000000
85247,0.0000123,0.0000000,0.0000000
85248,0.0000123,0.0000000,0.0000000
85249,0.0000123,0.0000000,0.0000000
85250,0.0000123,0.0000000,0.0000000
85251,0.0000123,0.0000000,0.0000000
85252,0.0000123,0.0000000,0.0000000
85253,0.0000123,0.0000000,0.0000000
85254,0.0000123,0.0000000,0.0000000
85255,0.0000123,0.0000000,0.0000000
85256,0.0000123,0.0000000,0.0000000
85257,0.0000123,0.0000000,0.0000000
85258,0.0000123,0.0000000,0.0000000
85259,0.0000123,0.0000000,0.0000000
85260,0.0000123,0.0000000,0.0000000
85261,0.0000123,0.0000000,0.0000000
85262,0.0000123,0.0000000,0.0000000
85263,0.0000123,0.0000000,0.0000000
85264,0.0000123,0.0000000,0.0000000
85265,0.0000123,0.0000000,0.0000000
85266,0.0000123,0.0000000,0.0000000
85267,0.0000123,0.0000000,0.0000000
85268,0.0000123,0.0000000,0.0000000
85269,0.0000123,0.0000000,0.0000000
85270,0.0000123,0.0000000,0.0000000
85271,0.0000123,0.0000000,0.0000000
85272,0.0000123,0.0000000,0.0000000
85273,0.0000123,0.0000000,0.0000000
85274,0.0000123,0.0000000,0.0000000
85275,0.0000123,0.0000000,0.0000000
85276,0.0000123,0.0000000,0.0000000
85277,0.0000123,0.0000000,0.0000000
85278,0.0000123,0.0000000,0.0000000
85279,0.0000123,0.0000000,0.0000000
85280,0.0000123,0.0000000,0.0000000
85281,0.0000123,0.0000000,0.0000000
85282,0.0000123,0.0000000,0.0000000
85283,0.0000123,0.0000000,0.0000000
85284,0.0000123,0.0000000,0.0000000
85285,0.0000123,0.0000000,0.0000000
85286,0.0000123,0.0000000,0.0000000
85287,0.0000123,0.0000000,0.0000000
85288,0.0000123,0.0000000,0.0000000
85289,0.0000123,0.0000000,0.0000000
85290,0.0000123,0.0000000,0.0000000
85291,0.0000123,0.0000000,0.0000000
85292,0.0000123,0.0000000,0.0000000
85293,0.0000123,0.0000000,0.0000000
85294,0.0000123,0.0000000,0.0000000
85295,0.0000123,0.0000000,0.0000000
85296,0.0000123,0.0000000,0.0000000
85297,0.0000123,0.0000000,0.0000000
85298,0.0000123,0.0000000,0.0000000
85299,0.0000123,0.0000000,0.0000000
85300,0.0000123,0.0000000,0.0000000
85301,0.0000123,0.0000000,0.0000000
85302,0.0000123,0.0000000,0.0000000
85303,0.0000123,0.0000000,0.0000000
85304,0.0000123,0.0000000,0.0000000
85305,0.0000123,0.0000000,0.0000000
85306,0.0000123,0.0000000,0.0000000
85307,0.0000123,0.0000000,0.0000000
85308,0.0000123,0.0000000,0.0000000
85309,0.0000123,0.0000000,0.0000000
85310,0.0000123,0.0000000,0.0000000
85311,0.0000123,0.0000000,0.0000000
85312,0.0000123,0.0000000,0.0000000
85313,0.0000123,0.0000000,0.0000000
85314,0.0000123,0.0000000,0.0000000
85315,0.0000123,0.0000000,0.0000000
85316,0.0000123,0.0000000,0.0000000
85317,0.0000123,0.0000000,0.0000000
85318,0.0000123,0.0000000,0.0000000
85319,0.0000123,0.0000000,0.0000000
85320,0.0000123,0.0000000,0.0000000
85321,0.0000123,0.0000000,0.0000000
85322,0.0000123,0.0000000,0.0000000
85323,0.0000123,0.0000000,0.0000000
85324,0.0000123,0.0000000,0.0000000
85325,0.0000123,0.0000000,0.0000000
85326,0.0000123,0.0000000,0.0000000
85327,0.0000123,0.0000000,0.0000000
85328,0.0000123,0.0000000,0.0000000
85329,0.0000123,0.0000000,0.0000000
85330,0.0000123,0.0000000,0.0000000
85331,0.0000123,0.0000000,0.0000000
85332,0.0000123,0.0000000,0.0000000
85333,0.0000123,0.0000000,0.0000000
85334,0.0000123,0.0000000,0.0000000
85335,0.0000123,0.0000000,0.0000000
85336,0.0000123,0.0000000,0.0000000
85337,0.0000123,0.0000000,0.0000000
85338,0.0000123,0.0000000,0.0000000
85339,0.0000123,0.0000000,0.0000000
85340,0.0000123,0.0000000,0.0000000
85341,0.0000122,0.0000000,0.0000000
85342,0.0000122,0.0000000,0.0000000
85343,0.0000122,0.0000000,0.0000000
85344,0.0000122,0.0000000,0.0000000
85345,0.0000122,0.0000000,0.0000000
85346,0.0000122,0.0000000,0.0000000
85347,0.0000122,0.0000000,0.0000000
85348,0.0000122,0.0000000,0.0000000
85349,0.0000122,0.0000000,0.0000000
85350,0.0000122,0.0000000,0.0000000
85351,0.0000122,0.0000000,0.0000000
85352,0.0000122,0.0000000,0.0000000
85353,0.0000122,0.0000000,0.0000000
85354,0.0000122,0.0000000,0.0000000
85355,0.0000122,0.0000000,0.0000000
85356,0.0000122,0.0000000,0.0000000
85357,0.0000122,0.0000000,0.0000000
85358,0.0000122,0.0000000,0.0000000
85359,0.0000122,0.0000000,0.0000000
85360,0.0000122,0.0000000,0.0000000
85361,0.0000122,0.0000000,0.0000000
85362,0.0000122,0.0000000,0.0000000
85363,0.0000122,0.0000000,0.0000000
85364,0.0000122,0.0000000,0.0000000
85365,0.0000122,0.0000000,0.0000000
85366,0.0000122,0.0000000,0.0000000
85367,0.0000122,0.0000000,0.0000000
85368,0.0000122,0.0000000,0.0000000
85369,0.0000122,0.0000000,0.0000000
85370,0.0000122,0.0000000,0.0000000
85371,0.0000122,0.0000000,0.0000000
85372,0.0000122,0.0000000,0.0000000
85373,0.0000122,0.0000000,0.0000000
85374,0.0000122,0.0000000,0.0000000
85375,0.0000122,0.0000000,0.0000000
85376,0.0000122,0.0000000,0.0000000
85377,0.0000122,0.0000000,0.0000000
85378,0.0000122,0.0000000,0.0000000
85379,0.0000122,0.0000000,0.0000000
85380,0.0000122,0.0000000,0.0000000
85381,0.0000122,0.0000000,0.0000000
85382,0.0000122,0.0000000,0.0000000
85383,0.0000122,0.0000000,0.0000000
85384,0.0000122,0.0000000,0.0000000
85385,0.0000122,0.0000000,0.0000000
85386,0.0000122,0.0000000,0.0000000
85387,0.0000122,0.0000000,0.0000000
85388,0.0000122,0.0000000,0.0000000
85389,0.0000122,0.0000000,0.0000000
85390,0.0000122,0.0000000,0.0000000
85391,0.0000122,0.0000000,0.0000000
85392,0.0000122,0.0000000,0.0000000
85393,0.0000122,0.0000000,0.0000000
85394,0.0000122,0.0000000,0.0000000
85395,0.0000122,0.0000000,0.0000000
85396,0.0000122,0.0000000,0.0000000
85397,0.0000122,0.0000000,0.0000000
85398,0.0000122,0.0000000,0.0000000
85399,0.0000122,0.0000000,0.0000000
85400,0.0000122,0.0000000,0.0000000
85401,0.0000122,0.0000000,0.0000000
85402,0.0000122,0.0000000,0.0000000
85403,0.0000122,0.0000000,0.0000000
85404,0.0000122,0.0000000,0.0000000
85405,0.0000122,0.0000000,0.0000000
85406,0.0000122,0.0000000,0.0000000
85407,0.0000122,0.0000000,0.0000000
85408,0.0000122,0.0000000,0.0000000
85409,0.0000122,0.0000000,0.0000000
85410,0.0000122,0.0000000,0.0000000
85411,0.0000122,0.0000000,0.0000000
85412,0.0000122,0.0000000,0.0000000
85413,0.0000122,0.0000000,0.0000000
85414,0.0000122,0.0000000,0.0000000
85415,0.0000122,0.0000000,0.0000000
85416,0.0000122,0.0000000,0.0000000
85417,0.0000122,0.0000000,0.0000000
85418,0.0000122,0.0000000,0.0000000
85419,0.0000122,0.0000000,0.0000000
85420,0.0000122,0.0000000,0.0000000
85421,0.0000122,0.0000000,0.0000000
85422,0.0000122,0.0000000,0.0000000
85423,0.0000122,0.0000000,0.0000000
85424,0.0000122,0.0000000,0.0000000
85425,0.0000122,0.0000000,0.0000000
85426,0.0000122,0.0000000,0.0000000
85427,0.0000122,0.0000000,0.0000000
85428,0.0000122,0.0000000,0.0000000
85429,0.0000122,0.0000000,0.0000000
85430,0.0000122,0.0000000,0.0000000
85431,0.0000122,0.0000000,0.0000000
85432,0.0000122,0.0000000,0.0000000
85433,0.0000122,0.0000000,0.0000000
85434,0.0000122,0.0000000,0.0000000
85435,0.0000122,0.0000000,0.0000000
85436,0.0000122,0.0000000,0.0000000
85437,0.0000122,0.0000000,0.0000000
85438,0.0000122,0.0000000,0.0000000
85439,0.0000122,0.0000000,0.0000000
85440,0.0000122,0.0000000,0.0000000
85441,0.0000122,0.0000000,0.0000000
85442,0.0000122,0.0000000,0.0000000
85443,0.0000122,0.0000000,0.0000000
85444,0.0000122,0.0000000,0.0000000
85445,0.0000122,0.0000000,0.0000000
85446,0.0000122,0.0000000,0.0000000
85447,0.0000122,0.0000000,0.0000000
85448,0.0000122,0.0000000,0.0000000
85449,0.0000122,0.0000000,0.0000000
85450,0.0000122,0.0000000,0.0000000
85451,0.0000122,0.0000000,0.0000000
85452,0.0000122,0.0000000,0.0000000
85453,0.0000122,0.0000000,0.0000000
85454,0.0000122,0.0000000,0.0000000
85455,0.0000122,0.0000000,0.0000000
85456,0.0000122,0.0000000,0.0000000
85457,0.0000122,0.0000000,0.0000000
85458,0.0000122,0.0000000,0.0000000
85459,0.0000122,0.0000000,0.0000000
85460,0.0000122,0.0000000,0.0000000
85461,0.0000122,0.0000000,0.0000000
85462,0.0000122,0.0000000,0.0000000
85463,0.0000122,0.0000000,0.0000000
85464,0.0000122,0.0000000,0.0000000
85465,0.0000122,0.0000000,0.0000000
85466,0.0000122,0.0000000,0.0000000
85467,0.0000122,0.0000000,0.0000000
85468,0.0000122,0.0000000,0.0000000
85469,0.0000122,0.0000000,0.0000000
85470,0.0000122,0.0000000,0.0000000
85471,0.0000122,0.0000000,0.0000000
85472,0.0000122,0.0000000,0.0000000
85473,0.0000122,0.0000000,0.0000000
85474,0.0000122,0.0000000,0.0000000
85475,0.0000122,0.0000000,0.0000000
85476,0.0000122,0.0000000,0.0000000
85477,0.0000122,0.0000000,0.0000000
85478,0.0000122,0.0000000,0.0000000
85479,0.0000122,0.0000000,0.0000000
85480,0.0000122,0.0000000,0.0000000
85481,0.0000122,0.0000000,0.0000000
85482,0.0000122,0.0000000,0.0000000
85483,0.0000122,0.0000000,0.0000000
85484,0.0000122,0.0000000,0.0000000
85485,0.0000122,0.0000000,0.0000000
85486,0.0000122,0.0000000,0.0000000
85487,0.0000122,0.0000000,0.0000000
85488,0.0000122,0.0000000,0.0000000
85489,0.0000122,0.0000000,0.0000000
85490,0.0000122,0.0000000,0.0000000
85491,0.0000122,0.0000000,0.0000000
85492,0.0000122,0.0000000,0.0000000
85493,0.0000122,0.0000000,0.0000000
85494,0.0000122,0.0000000,0.0000000
85495,0.0000122,0.0000000,0.0000000
85496,0.0000122,0.0000000,0.0000000
85497,0.0000122,0.0000000,0.0000000
85498,0.0000122,0.0000000,0.0000000
85499,0.0000122,0.0000000,0.0000000
85500,0.0000122,0.0000000,0.0000000
85501,0.0000122,0.0000000,0.0000000
85502,0.0000122,0.0000000,0.0000000
85503,0.0000122,0.0000000,0.0000000
85504,0.0000122,0.0000000,0.0000000
85505,0.0000122,0.0000000,0.0000000
85506,0.0000122,0.0000000,0.0000000
85507,0.0000122,0.0000000,0.0000000
85508,0.0000122,0.0000000,0.0000000
85509,0.0000122,0.0000000,0.0000000
85510,0.0000122,0.0000000,0.0000000
85511,0.0000122,0.0000000,0.0000000
85512,0.0000122,0.0000000,0.0000000
85513,0.0000122,0.0000000,0.0000000
85514,0.0000122,0.0000000,0.0000000
85515,0.0000122,0.0000000,0.0000000
85516,0.0000122,0.0000000,0.0000000
85517,0.0000122,0.0000000,0.0000000
85518,0.0000122,0.0000000,0.0000000
85519,0.0000122,0.0000000,0.0000000
85520,0.0000122,0.0000000,0.0000000
85521,0.0000122,0.0000000,0.0000000
85522,0.0000122,0.0000000,0.0000000
85523,0.0000122,0.0000000,0.0000000
85524,0.0000121,0.0000000,0.0000000
85525,0.0000121,0.0000000,0.0000000
85526,0.0000121,0.0000000,0.0000000
85527,0.0000121,0.0000000,0.0000000
85528,0.0000121,0.0000000,0.0000000
85529,0.0000121,0.0000000,0.0000000
85530,0.0000121,0.0000000,0.0000000
85531,0.0000121,0.0000000,0.0000000
85532,0.0000121,0.0000000,0.0000000
85533,0.0000121,0.0000000,0.0000000
85534,0.0000121,0.0000000,0.0000000
85535,0.0000121,0.0000000,0.0000000
85536,0.0000121,0.0000000,0.0000000
85537,0.0000121,0.0000000,0.0000000
85538,0.0000121,0.0000000,0.0000000
85539,0.0000121,0.0000000,0.0000000
85540,0.0000121,0.0000000,0.0000000
85541,0.0000121,0.0000000,0.0000000
85542,0.0000121,0.0000000,0.0000000
85543,0.0000121,0.0000000,0.0000000
85544,0.0000121,0.0000000,0.0000000
85545,0.0000121,0.0000000,0.0000000
85546,0.0000121,0.0000000,0.0000000
85547,0.0000121,0.0000000,0.0000000
85548,0.0000121,0.0000000,0.0000000
85549,0.0000121,0.0000000,0.0000000
85550,0.0000121,0.0000000,0.0000000
85551,0.0000121,0.0000000,0.0000000
85552,0.0000121,0.0000000,0.0000000
85553,0.0000121,0.0000000,0.0000000
85554,0.0000121,0.0000000,0.0000000
85555,0.0000121,0.0000000,0.0000000
85556,0.0000121,0.0000000,0.0000000
85557,0.0000121,0.0000000,0.0000000
85558,0.0000121,0.0000000,0.0000000
85559,0.0000121,0.0000000,0.0000000
85560,0.0000121,0.0000000,0.0000000
85561,0.0000121,0.0000000,0.0000000
85562,0.0000121,0.0000000,0.0000000
85563,0.0000121,0.0000000,0.0000000
85564,0.0000121,0.0000000,0.0000000
85565,0.0000121,0.0000000,0.0000000
85566,0.0000121,0.0000000,0.0000000
85567,0.0000121,0.0000000,0.0000000
85568,0.0000121,0.0000000,0.0000000
85569,0.0000121,0.0000000,0.0000000
85570,0.0000121,0.0000000,0.0000000
85571,0.0000121,0.0000000,0.0000000
85572,0.0000121,0.0000000,0.0000000
85573,0.0000121,0.0000000,0.0000000
85574,0.0000121,0.0000000,0.0000000
85575,0.0000121,0.0000000,0.0000000
85576,0.0000121,0.0000000,0.0000000
85577,0.0000121,0.0000000,0.0000000
85578,0.0000121,0.0000000,0.0000000
85579,0.0000121,0.0000000,0.0000000
85580,0.0000121,0.0000000,0.0000000
85581,0.0000121,0.0000000,0.0000000
85582,0.0000121,0.0000000,0.0000000
85583,0.0000121,0.0000000,0.0000000
85584,0.0000121,0.0000000,0.0000000
85585,0.0000121,0.0000000,0.0000000
85586,0.0000121,0.0000000,0.0000000
85587,0.0000121,0.0000000,0.0000000
85588,0.0000121,0.0000000,0.0000000
85589,0.0000121,0.0000000,0.0000000
85590,0.0000121,0.0000000,0.0000000
85591,0.0000121,0.0000000,0.0000000
85592,0.0000121,0.0000000,0.0000000
85593,0.0000121,0.0000000,0.0000000
85594,0.0000121,0.0000000,0.0000000
85595,0.0000121,0.0000000,0.0000000
85596,0.0000121,0.0000000,0.0000000
85597,0.0000121,0.0000000,0.0000000
85598,0.0000121,0.0000000,0.0000000
85599,0.0000121,0.0000000,0.0000000
85600,0.0000121,0.0000000,0.0000000
85601,0.0000121,0.0000000,0.0000000
85602,0.0000121,0.0000000,0.0000000
85603,0.0000121,0.0000000,0.0000000
85604,0.0000121,0.0000000,0.0000000
85605,0.0000121,0.0000000,0.0000000
85606,0.0000121,0.0000000,0.0000000
85607,0.0000121,0.0000000,0.0000000
85608,0.0000121,0.0000000,0.0000000
85609,0.0000121,0.0000000,0.0000000
85610,0.0000121,0.0000000,0.0000000
85611,0.0000121,0.0000000,0.0000000
85612,0.0000121,0.0000000,0.0000000
85613,0.0000121,0.0000000,0.0000000
85614,0.0000121,0.0000000,0.0000000
85615,0.0000121,0.0000000,0.0000000
85616,0.0000121,0.0000000,0.0000000
85617,0.0000121,0.0000000,0.0000000
85618,0.0000121,0.0000000,0.0000000
85619,0.0000121,0.0000000,0.0000000
85620,0.0000121,0.0000000,0.0000000
85621,0.0000121,0.0000000,0.0000000
85622,0.0000121,0.0000000,0.0000000
85623,0.0000121,0.0000000,0.0000000
85624,0.0000121,0.0000000,0.0000000
85625,0.0000121,0.0000000,0.0000000
85626,0.0000121,0.0000000,0.0000000
85627,0.0000121,0.0000000,0.0000000
85628,0.0000121,0.0000000,0.0000000
85629,0.0000121,0.0000000,0.0000000
85630,0.0000121,0.0000000,0.0000000
85631,0.0000121,0.0000000,0.0000000
85632,0.0000121,0.0000000,0.0000000
85633,0.0000121,0.0000000,0.0000000
85634,0.0000121,0.0000000,0.0000000
85635,0.0000121,0.0000000,0.0000000
85636,0.0000121,0.0000000,0.0000000
85637,0.0000121,0.0000000,0.0000000
85638,0.0000121,0.0000000,0.0000000
85639,0.0000121,0.0000000,0.0000000
85640,0.0000121,0.0000000,0.0000000
85641,0.0000121,0.0000000,0.0000000
85642,0.0000121,0.0000000,0.0000000
85643,0.0000121,0.0000000,0.0000000
85644,0.0000121,0.0000000,0.0000000
85645,0.0000121,0.0000000,0.0000000
85646,0.0000121,0.0000000,0.0000000
85647,0.0000121,0.0000000,0.0000000
85648,0.0000121,0.0000000,0.0000000
85649,0.0000121,0.0000000,0.0000000
85650,0.0000121,0.0000000,0.0000000
85651,0.0000121,0.0000000,0.0000000
85652,0.0000121,0.0000000,0.0000000
85653,0.0000121,0.0000000,0.0000000
85654,0.0000121,0.0000000,0.0000000
85655,0.0000121,0.0000000,0.0000000
85656,0.0000121,0.0000000,0.0000000
85657,0.0000121,0.0000000,0.0000000
85658,0.0000121,0.0000000,0.0000000
85659,0.0000121,0.0000000,0.0000000
85660,0.0000121,0.0000000,0.0000000
85661,0.0000121,0.0000000,0.0000000
85662,0.0000121,0.0000000,0.0000000
85663,0.0000121,0.0000000,0.0000000
85664,0.0000121,0.0000000,0.0000000
85665,0.0000121,0.0000000,0.0000000
85666,0.0000121,0.0000000,0.0000000
85667,0.0000121,0.0000000,0.0000000
85668,0.0000121,0.0000000,0.0000000
85669,0.0000121,0.0000000,0.0000000
85670,0.0000121,0.0000000,0.0000000
85671,0.0000121,0.0000000,0.0000000
85672,0.0000121,0.0000000,0.0000000
85673,0.0000121,0.0000000,0.0000000
85674,0.0000121,0.0000000,0.0000000
85675,0.0000121,0.0000000,0.0000000
85676,0.0000121,0.0000000,0.0000000
85677,0.0000121,0.0000000,0.0000000
85678,0.0000121,0.0000000,0.0000000
85679,0.0000121,0.0000000,0.0000000
85680,0.0000121,0.0000000,0.0000000
85681,0.0000121,0.0000000,0.0000000
85682,0.0000121,0.0000000,0.0000000
85683,0.0000121,0.0000000,0.0000000
85684,0.0000121,0.0000000,0.0000000
85685,0.0000121,0.0000000,0.0000000
85686,0.0000121,0.0000000,0.0000000
85687,0.0000121,0.0000000,0.0000000
85688,0.0000121,0.0000000,0.0000000
85689,0.0000121,0.0000000,0.0000000
85690,0.0000121,0.0000000,0.0000000
85691,0.0000121,0.0000000,0.0000000
85692,0.0000121,0.0000000,0.0000000
85693,0.0000121,0.0000000,0.0000000
85694,0.0000121,0.0000000,0.0000000
85695,0.0000121,0.0000000,0.0000000
85696,0.0000121,0.0000000,0.0000000
85697,0.0000121,0.0000000,0.0000000
85698,0.0000121,0.0000000,0.0000000
85699,0.0000121,0.0000000,0.0000000
85700,0.0000121,0.0000000,0.0000000
85701,0.0000121,0.0000000,0.0000000
85702,0.0000121,0.0000000,0.0000000
85703,0.0000121,0.0000000,0.0000000
85704,0.0000121,0.0000000,0.0000000
85705,0.0000121,0.0000000,0.0000000
85706,0.0000121,0.0000000,0.0000000
85707,0.0000121,0.0000000,0.0000000
85708,0.0000121,0.0000000,0.0000000
85709,0.0000120,0.0000000,0.0000000
85710,0.0000120,0.0000000,0.0000000
85711,0.0000120,0.0000000,0.0000000
85712,0.0000120,0.0000000,0.0000000
85713,0.0000120,0.0000000,0.0000000
85714,0.0000120,0.0000000,0.0000000
85715,0.0000120,0.0000000,0.0000000
85716,0.0000120,0.0000000,0.0000000
85717,0.0000120,0.0000000,0.0000000
85718,0.0000120,0.0000000,0.0000000
85719,0.0000120,0.0000000,0.0000000
85720,0.0000120,0.0000000,0.0000000
85721,0.0000120,0.0000000,0.0000000
85722,0.0000120,0.0000000,0.0000000
85723,0.0000120,0.0000000,0.0000000
85724,0.0000120,0.0000000,0.0000000
85725,0.0000120,0.0000000,0.0000000
85726,0.0000120,0.0000000,0.0000000
85727,0.0000120,0.0000000,0.0000000
85728,0.0000120,0.0000000,0.0000000
85729,0.0000120,0.0000000,0.0000000
85730,0.0000120,0.0000000,0.0000000
85731,0.0000120,0.0000000,0.0000000
85732,0.0000120,0.0000000,0.0000000
85733,0.0000120,0.0000000,0.0000000
85734,0.0000120,0.0000000,0.0000000
85735,0.0000120,0.0000000,0.0000000
85736,0.0000120,0.0000000,0.0000000
85737,0.0000120,0.0000000,0.0000000
85738,0.0000120,0.0000000,0.0000000
85739,0.0000120,0.0000000,0.0000000
85740,0.0000120,0.0000000,0.0000000
85741,0.0000120,0.0000000,0.0000000
85742,0.0000120,0.0000000,0.0000000
85743,0.0000120,0.0000000,0.0000000
85744,0.0000120,0.0000000,0.0000000
85745,0.0000120,0.0000000,0.0000000
85746,0.0000120,0.0000000,0.0000000
85747,0.0000120,0.0000000,0.0000000
85748,0.0000120,0.0000000,0.0000000
85749,0.0000120,0.0000000,0.0000000
85750,0.0000120,0.0000000,0.0000000
85751,0.0000120,0.0000000,0.0000000
85752,0.0000120,0.0000000,0.0000000
85753,0.0000120,0.0000000,0.0000000
85754,0.0000120,0.0000000,0.0000000
85755,0.0000120,0.0000000,0.0000000
85756,0.0000120,0.0000000,0.0000000
85757,0.0000120,0.0000000,0.0000000
85758,0.0000120,0.0000000,0.0000000
85759,0.0000120,0.0000000,0.0000000
85760,0.0000120,0.0000000,0.0000000
85761,0.0000120,0.0000000,0.0000000
85762,0.0000120,0.0000000,0.0000000
85763,0.0000120,0.0000000,0.0000000
85764,0.0000120,0.0000000,0.0000000
85765,0.0000120,0.0000000,0.0000000
85766,0.0000120,0.0000000,0.0000000
85767,0.0000120,0.0000000,0.0000000
85768,0.0000120,0.0000000,0.0000000
85769,0.0000120,0.0000000,0.0000000
85770,0.0000120,0.0000000,0.0000000
85771,0.0000120,0.0000000,0.0000000
85772,0.0000120,0.0000000,0.0000000
85773,0.0000120,0.0000000,0.0000000
85774,0.0000120,0.0000000,0.0000000
85775,0.0000120,0.0000000,0.0000000
85776,0.0000120,0.0000000,0.0000000
85777,0.0000120,0.0000000,0.0000000
85778,0.0000120,0.0000000,0.0000000
85779,0.0000120,0.0000000,0.0000000
85780,0.0000120,0.0000000,0.0000000
85781,0.0000120,0.0000000,0.0000000
85782,0.0000120,0.0000000,0.0000000
85783,0.0000120,0.0000000,0.0000000
85784,0.0000120,0.0000000,0.0000000
85785,0.0000120,0.0000000,0.0000000
85786,0.0000120,0.0000000,0.0000000
85787,0.0000120,0.0000000,0.0000000
85788,0.0000120,0.0000000,0.0000000
85789,0.0000120,0.0000000,0.0000000
85790,0.0000120,0.0000000,0.0000000
85791,0.0000120,0.0000000,0.0000000
85792,0.0000120,0.0000000,0.0000000
85793,0.0000120,0.0000000,0.0000000
85794,0.0000120,0.0000000,0.0000000
85795,0.0000120,0.0000000,0.0000000
85796,0.0000120,0.0000000,0.0000000
85797,0.0000120,0.0000000,0.0000000
85798,0.0000120,0.0000000,0.0000000
85799,0.0000120,0.0000000,0.0000000
85800,0.0000120,0.0000000,0.0000000
85801,0.0000120,0.0000000,0.0000000
85802,0.0000120,0.0000000,0.0000000
85803,0.0000120,0.0000000,0.0000000
85804,0.0000120,0.0000000,0.0000000
85805,0.0000120,0.0000000,0.0000000
85806,0.0000120,0.0000000,0.0000000
85807,0.0000120,0.0000000,0.0000000
85808,0.0000120,0.0000000,0.0000000
85809,0.0000120,0.0000000,0.0000000
85810,0.0000120,0.0000000,0.0000000
85811,0.0000120,0.0000000,0.0000000
85812,0.0000120,0.0000000,0.0000000
85813,0.0000120,0.0000000,0.0000000
85814,0.0000120,0.0000000,0.0000000
85815,0.0000120,0.0000000,0.0000000
85816,0.0000120,0.0000000,0.0000000
85817,0.0000120,0.0000000,0.0000000
85818,0.0000120,0.0000000,0.0000000
85819,0.0000120,0.0000000,0.0000000
85820,0.0000120,0.0000000,0.0000000
85821,0.0000120,0.0000000,0.0000000
85822,0.0000120,0.0000000,0.0000000
85823,0.0000120,0.0000000,0.0000000
85824,0.0000120,0.0000000,0.0000000
85825,0.0000120,0.0000000,0.0000000
85826,0.0000120,0.0000000,0.0000000
85827,0.0000120,0.0000000,0.0000000
85828,0.0000120,0.0000000,0.0000000
85829,0.0000120,0.0000000,0.0000000
85830,0.0000120,0.0000000,0.0000000
85831,0.0000120,0.0000000,0.0000000
85832,0.0000120,0.0000000,0.0000000
85833,0.0000120,0.0000000,0.0000000
85834,0.0000120,0.0000000,0.0000000
85835,0.0000120,0.0000000,0.0000000
85836,0.0000120,0.0000000,0.0000000
85837,0.0000120,0.0000000,0.0000000
85838,0.0000120,0.0000000,0.0000000
85839,0.0000120,0.0000000,0.0000000
85840,0.0000120,0.0000000,0.0000000
85841,0.0000120,0.0000000,0.0000000
85842,0.0000120,0.0000000,0.0000000
85843,0.0000120,0.0000000,0.0000000
85844,0.0000120,0.0000000,0.0000000
85845,0.0000120,0.0000000,0.0000000
85846,0.0000120,0.0000000,0.0000000
85847,0.0000120,0.0000000,0.0000000
85848,0.0000120,0.0000000,0.0000000
85849,0.0000120,0.0000000,0.0000000
85850,0.0000120,0.0000000,0.0000000
85851,0.0000120,0.0000000,0.0000000
85852,0.0000120,0.0000000,0.0000000
85853,0.0000120,0.0000000,0.0000000
85854,0.0000120,0.0000000,0.0000000
85855,0.0000120,0.0000000,0.0000000
85856,0.0000120,0.0000000,0.0000000
85857,0.0000120,0.0000000,0.0000000
85858,0.0000120,0.0000000,0.0000000
85859,0.0000120,0.0000000,0.0000000
85860,0.0000120,0.0000000,0.0000000
85861,0.0000120,0.0000000,0.0000000
85862,0.0000120,0.0000000,0.0000000
85863,0.0000120,0.0000000,0.0000000
85864,0.0000120,0.0000000,0.0000000
85865,0.0000120,0.0000000,0.0000000
85866,0.0000120,0.0000000,0.0000000
85867,0.0000120,0.0000000,0.0000000
85868,0.0000120,0.0000000,0.0000000
85869,0.0000120,0.0000000,0.0000000
85870,0.0000120,0.0000000,0.0000000
85871,0.0000120,0.0000000,0.0000000
85872,0.0000120,0.0000000,0.0000000
85873,0.0000120,0.0000000,0.0000000
85874,0.0000120,0.0000000,0.0000000
85875,0.0000120,0.0000000,0.0000000
85876,0.0000120,0.0000000,0.0000000
85877,0.0000120,0.0000000,0.0000000
85878,0.0000120,0.0000000,0.0000000
85879,0.0000120,0.0000000,0.0000000
85880,0.0000120,0.0000000,0.0000000
85881,0.0000120,0.0000000,0.0000000
85882,0.0000120,0.0000000,0.0000000
85883,0.0000120,0.0000000,0.0000000
85884,0.0000120,0.0000000,0.0000000
85885,0.0000120,0.0000000,0.0000000
85886,0.0000120,0.0000000,0.0000000
85887,0.0000120,0.0000000,0.0000000
85888,0.0000120,0.0000000,0.0000000
85889,0.0000120,0.0000000,0.0000000
85890,0.0000120,0.0000000,0.0000000
85891,0.0000120,0.0000000,0.0000000
85892,0.0000120,0.0000000,0.0000000
85893,0.0000120,0.0000000,0.0000000
85894,0.0000120,0.0000000,0.0000000
85895,0.0000120,0.0000000,0.0000000
85896,0.0000119,0.0000000,0.0000000
85897,0.0000119,0.0000000,0.0000000
85898,0.0000119,0.0000000,0.0000000
85899,0.0000119,0.0000000,0.0000000
85900,0.0000119,0.0000000,0.0000000
85901,0.0000119,0.0000000,0.0000000
85902,0.0000119,0.0000000,0.0000000
85903,0.0000119,0.0000000,0.0000000
85904,0.0000119,0.0000000,0.0000000
85905,0.0000119,0.0000000,0.0000000
85906,0.0000119,0.0000000,0.0000000
85907,0.0000119,0.0000000,0.0000000
85908,0.0000119,0.0000000,0.0000000
85909,0.0000119,0.0000000,0.0000000
85910,0.0000119,0.0000000,0.0000000
85911,0.0000119,0.0000000,0.0000000
85912,0.0000119,0.0000000,0.0000000
85913,0.0000119,0.0000000,0.0000000
85914,0.0000119,0.0000000,0.0000000
85915,0.0000119,0.0000000,0.0000000
85916,0.0000119,0.0000000,0.0000000
85917,0.0000119,0.0000000,0.0000000
85918,0.0000119,0.0000000,0.0000000
85919,0.0000119,0.0000000,0.0000000
85920,0.0000119,0.0000000,0.0000000
85921,0.0000119,0.0000000,0.0000000
85922,0.0000119,0.0000000,0.0000000
85923,0.0000119,0.0000000,0.0000000
85924,0.0000119,0.0000000,0.0000000
85925,0.0000119,0.0000000,0.0000000
85926,0.0000119,0.0000000,0.0000000
85927,0.0000119,0.0000000,0.0000000
85928,0.0000119,0.0000000,0.0000000
85929,0.0000119,0.0000000,0.0000000
85930,0.0000119,0.0000000,0.0000000
85931,0.0000119,0.0000000,0.0000000
85932,0.0000119,0.0000000,0.0000000
85933,0.0000119,0.0000000,0.0000000
85934,0.0000119,0.0000000,0.0000000
85935,0.0000119,0.0000000,0.0000000
85936,0.0000119,0.0000000,0.0000000
85937,0.0000119,0.0000000,0.0000000
85938,0.0000119,0.0000000,0.0000000
85939,0.0000119,0.0000000,0.0000000
85940,0.0000119,0.0000000,0.0000000
85941,0.0000119,0.0000000,0.0000000
85942,0.0000119,0.0000000,0.0000000
85943,0.0000119,0.0000000,0.0000000
85944,0.0000119,0.0000000,0.0000000
85945,0.0000119,0.0000000,0.0000000
85946,0.0000119,0.0000000,0.0000000
85947,0.0000119,0.0000000,0.0000000
85948,0.0000119,0.0000000,0.0000000
85949,0.0000119,0.0000000,0.0000000
85950,0.0000119,0.0000000,0.0000000
85951,0.0000119,0.0000000,0.0000000
85952,0.0000119,0.0000000,0.0000000
85953,0.0000119,0.0000000,0.0000000
85954,0.0000119,0.0000000,0.0000000
85955,0.0000119,0.0000000,0.0000000
85956,0.0000119,0.0000000,0.0000000
85957,0.0000119,0.0000000,0.0000000
85958,0.0000119,0.0000000,0.0000000
85959,0.0000119,0.0000000,0.0000000
85960,0.0000119,0.0000000,0.0000000
85961,0.0000119,0.0000000,0.0000000
85962,0.0000119,0.0000000,0.0000000
85963,0.0000119,0.0000000,0.0000000
85964,0.0000119,0.0000000,0.0000000
85965,0.0000119,0.0000000,0.0000000
85966,0.0000119,0.0000000,0.0000000
85967,0.0000119,0.0000000,0.0000000
85968,0.0000119,0.0000000,0.0000000
85969,0.0000119,0.0000000,0.0000000
85970,0.0000119,0.0000000,0.0000000
85971,0.0000119,0.0000000,0.0000000
85972,0.0000119,0.0000000,0.0000000
85973,0.0000119,0.0000000,0.0000000
85974,0.0000119,0.0000000,0.0000000
85975,0.0000119,0.0000000,0.0000000
85976,0.0000119,0.0000000,0.0000000
85977,0.0000119,0.0000000,0.0000000
85978,0.0000119,0.0000000,0.0000000
85979,0.0000119,0.0000000,0.0000000
85980,0.0000119,0.0000000,0.0000000
85981,0.0000119,0.0000000,0.0000000
85982,0.0000119,0.0000000,0.0000000
85983,0.0000119,0.0000000,0.0000000
85984,0.0000119,0.0000000,0.0000000
85985,0.0000119,0.0000000,0.0000000
85986,0.0000119,0.0000000,0.0000000
85987,0.0000119,0.0000000,0.0000000
85988,0.0000119,0.0000000,0.0000000
85989,0.0000119,0.0000000,0.0000000
85990,0.0000119,0.0000000,0.0000000
85991,0.0000119,0.0000000,0.0000000
85992,0.0000119,0.0000000,0.0000000
85993,0.0000119,0.0000000,0.0000000
85994,0.0000119,0.0000000,0.0000000
85995,0.0000119,0.0000000,0.0000000
85996,0.0000119,0.0000000,0.0000000
85997,0.0000119,0.0000000,0.0000000
85998,0.0000119,0.0000000,0.0000000
85999,0.0000119,0.0000000,0.0000000
86000,0.0000119,0.0000000,0.0000000
86001,0.0000119,0.0000000,0.0000000
86002,0.0000119,0.0000000,0.0000000
86003,0.0000119,0.0000000,0.0000000
86004,0.0000119,0.0000000,0.0000000
86005,0.0000119,0.0000000,0.0000000
86006,0.0000119,0.0000000,0.0000000
86007,0.0000119,0.0000000,0.0000000
86008,0.0000119,0.0000000,0.0000000
86009,0.0000119,0.0000000,0.0000000
86010,0.0000119,0.0000000,0.0000000
86011,0.0000119,0.0000000,0.0000000
86012,0.0000119,0.0000000,0.0000000
86013,0.0000119,0.0000000,0.0000000
86014,0.0000119,0.0000000,0.0000000
86015,0.0000119,0.0000000,0.0000000
86016,0.0000119,0.0000000,0.0000000
86017,0.0000119,0.0000000,0.0000000
86018,0.0000119,0.0000000,0.0000000
86019,0.0000119,0.0000000,0.0000000
86020,0.0000119,0.0000000,0.0000000
86021,0.0000119,0.0000000,0.0000000
86022,0.0000119,0.0000000,0.0000000
86023,0.0000119,0.0000000,0.0000000
86024,0.0000119,0.0000000,0.0000000
86025,0.0000119,0.0000000,0.0000000
86026,0.0000119,0.0000000,0.0000000
86027,0.0000119,0.0000000,0.0000000
86028,0.0000119,0.0000000,0.0000000
86029,0.0000119,0.0000000,0.0000000
86030,0.0000119,0.0000000,0.0000000
86031,0.0000119,0.0000000,0.0000000
86032,0.0000119,0.0000000,0.0000000
86033,0.0000119,0.0000000,0.0000000
86034,0.0000119,0.0000000,0.0000000
86035,0.0000119,0.0000000,0.0000000
86036,0.0000119,0.0000000,0.0000000
86037,0.0000119,0.0000000,0.0000000
86038,0.0000119,0.0000000,0.0000000
86039,0.0000119,0.0000000,0.0000000
86040,0.0000119,0.0000000,0.0000000
86041,0.0000119,0.0000000,0.0000000
86042,0.0000119,0.0000000,0.0000000
86043,0.0000119,0.0000000,0.0000000
86044,0.0000119,0.0000000,0.0000000
86045,0.0000119,0.0000000,0.0000000
86046,0.0000119,0.0000000,0.0000000
86047,0.0000119,0.0000000,0.0000000
86048,0.0000119,0.0000000,0.0000000
86049,0.0000119,0.0000000,0.0000000
86050,0.0000119,0.0000000,0.0000000
86051,0.0000119,0.0000000,0.0000000
86052,0.0000119,0.0000000,0.0000000
86053,0.0000119,0.0000000,0.0000000
86054,0.0000119,0.0000000,0.0000000
86055,0.0000119,0.0000000,0.0000000
86056,0.0000119,0.0000000,0.0000000
86057,0.0000119,0.0000000,0.0000000
86058,0.0000119,0.0000000,0.0000000
86059,0.0000119,0.0000000,0.0000000
86060,0.0000119,0.0000000,0.0000000
86061,0.0000119,0.0000000,0.0000000
86062,0.0000119,0.0000000,0.0000000
86063,0.0000119,0.0000000,0.0000000
86064,0.0000119,0.0000000,0.0000000
86065,0.0000119,0.0000000,0.0000000
86066,0.0000119,0.0000000,0.0000000
86067,0.0000119,0.0000000,0.0000000
86068,0.0000119,0.0000000,0.0000000
86069,0.0000119,0.0000000,0.0000000
86070,0.0000119,0.0000000,0.0000000
86071,0.0000119,0.0000000,0.0000000
86072,0.0000119,0.0000000,0.0000000
86073,0.0000119,0.0000000,0.0000000
86074,0.0000119,0.0000000,0.0000000
86075,0.0000119,0.0000000,0.0000000
86076,0.0000119,0.0000000,0.0000000
86077,0.0000119,0.0000000,0.0000000
86078,0.0000119,0.0000000,0.0000000
86079,0.0000119,0.0000000,0.0000000
86080,0.0000119,0.0000000,0.0000000
86081,0.0000119,0.0000000,0.0000000
86082,0.0000119,0.0000000,0.0000000
86083,0.0000119,0.0000000,0.0000000
86084,0.0000118,0.0000000,0.0000000
86085,0.0000118,0.0000000,0.0000000
86086,0.0000118,0.0000000,0.0000000
86087,0.0000118,0.0000000,0.0000000
86088,0.0000118,0.0000000,0.0000000
86089,0.0000118,0.0000000,0.0000000
86090,0.0000118,0.0000000,0.0000000
86091,0.0000118,0.0000000,0.0000000
86092,0.0000118,0.0000000,0.0000000
86093,0.0000118,0.0000000,0.0000000
86094,0.0000118,0.0000000,0.0000000
86095,0.0000118,0.0000000,0.0000000
86096,0.0000118,0.0000000,0.0000000
86097,0.0000118,0.0000000,0.0000000
86098,0.0000118,0.0000000,0.0000000
86099,0.0000118,0.0000000,0.0000000
86100,0.0000118,0.0000000,0.0000000
86101,0.0000118,0.0000000,0.0000000
86102,0.0000118,0.0000000,0.0000000
86103,0.0000118,0.0000000,0.0000000
86104,0.0000118,0.0000000,0.0000000
86105,0.0000118,0.0000000,0.0000000
86106,0.0000118,0.0000000,0.0000000
86107,0.0000118,0.0000000,0.0000000
86108,0.0000118,0.0000000,0.0000000
86109,0.0000118,0.0000000,0.0000000
86110,0.0000118,0.0000000,0.0000000
86111,0.0000118,0.0000000,0.0000000
86112,0.0000118,0.0000000,0.0000000
86113,0.0000118,0.0000000,0.0000000
86114,0.0000118,0.0000000,0.0000000
86115,0.0000118,0.0000000,0.0000000
86116,0.0000118,0.0000000,0.0000000
86117,0.0000118,0.0000000,0.0000000
86118,0.0000118,0.0000000,0.0000000
86119,0.0000118,0.0000000,0.0000000
86120,0.0000118,0.0000000,0.0000000
86121,0.0000118,0.0000000,0.0000000
86122,0.0000118,0.0000000,0.0000000
86123,0.0000118,0.0000000,0.0000000
86124,0.0000118,0.0000000,0.0000000
86125,0.0000118,0.0000000,0.0000000
86126,0.0000118,0.0000000,0.0000000
86127,0.0000118,0.0000000,0.0000000
86128,0.0000118,0.0000000,0.0000000
86129,0.0000118,0.0000000,0.0000000
86130,0.0000118,0.0000000,0.0000000
86131,0.0000118,0.0000000,0.0000000
86132,0.0000118,0.0000000,0.0000000
86133,0.0000118,0.0000000,0.0000000
86134,0.0000118,0.0000000,0.0000000
86135,0.0000118,0.0000000,0.0000000
86136,0.0000118,0.0000000,0.0000000
86137,0.0000118,0.0000000,0.0000000
86138,0.0000118,0.0000000,0.0000000
86139,0.0000118,0.0000000,0.0000000
86140,0.0000118,0.0000000,0.0000000
86141,0.0000118,0.0000000,0.0000000
86142,0.0000118,0.0000000,0.0000000
86143,0.0000118,0.0000000,0.0000000
86144,0.0000118,0.0000000,0.0000000
86145,0.0000118,0.0000000,0.0000000
86146,0.0000118,0.0000000,0.0000000
86147,0.0000118,0.0000000,0.0000000
86148,0.0000118,0.0000000,0.0000000
86149,0.0000118,0.0000000,0.0000000
86150,0.0000118,0.0000000,0.0000000
86151,0.0000118,0.0000000,0.0000000
86152,0.0000118,0.0000000,0.0000000
86153,0.0000118,0.0000000,0.0000000
86154,0.0000118,0.0000000,0.0000000
86155,0.0000118,0.0000000,0.0000000
86156,0.0000118,0.0000000,0.0000000
86157,0.0000118,0.0000000,0.0000000
86158,0.0000118,0.0000000,0.0000000
86159,0.0000118,0.0000000,0.0000000
86160,0.0000118,0.0000000,0.0000000
86161,0.0000118,0.0000000,0.0000000
86162,0.0000118,0.0000000,0.0000000
86163,0.0000118,0.0000000,0.0000000
86164,0.0000118,0.0000000,0.0000000
86165,0.0000118,0.0000000,0.0000000
86166,0.0000118,0.0000000,0.0000000
86167,0.0000118,0.0000000,0.0000000
86168,0.0000118,0.0000000,0.0000000
86169,0.0000118,0.0000000,0.0000000
86170,0.0000118,0.0000000,0.0000000
86171,0.0000118,0.0000000,0.0000000
86172,0.0000118,0.0000000,0.0000000
86173,0.0000118,0.0000000,0.0000000
86174,0.0000118,0.0000000,0.0000000
86175,0.0000118,0.0000000,0.0000000
86176,0.0000118,0.0000000,0.0000000
86177,0.0000118,0.0000000,0.0000000
86178,0.0000118,0.0000000,0.0000000
86179,0.0000118,0.0000000,0.0000000
86180,0.0000118,0.0000000,0.0000000
86181,0.0000118,0.0000000,0.0000000
86182,0.0000118,0.0000000,0.0000000
86183,0.0000118,0.0000000,0.0000000
86184,0.0000118,0.0000000,0.0000000
86185,0.0000118,0.0000000,0.0000000
86186,0.0000118,0.0000000,0.0000000
86187,0.0000118,0.0000000,0.0000000
86188,0.0000118,0.0000000,0.0000000
86189,0.0000118,0.0000000,0.0000000
86190,0.0000118,0.0000000,0.0000000
86191,0.0000118,0.0000000,0.0000000
86192,0.0000118,0.0000000,0.0000000
86193,0.0000118,0.0000000,0.0000000
86194,0.0000118,0.0000000,0.0000000
86195,0.0000118,0.0000000,0.0000000
86196,0.0000118,0.0000000,0.0000000
86197,0.0000118,0.0000000,0.0000000
86198,0.0000118,0.0000000,0.0000000
86199,0.0000118,0.0000000,0.0000000
86200,0.0000118,0.0000000,0.0000000
86201,0.0000118,0.0000000,0.0000000
86202,0.0000118,0.0000000,0.0000000
86203,0.0000118,0.0000000,0.0000000
86204,0.0000118,0.0000000,0.0000000
86205,0.0000118,0.0000000,0.0000000
86206,0.0000118,0.0000000,0.0000000
86207,0.0000118,0.0000000,0.0000000
86208,0.0000118,0.0000000,0.0000000
86209,0.0000118,0.0000000,0.0000000
86210,0.0000118,0.0000000,0.0000000
86211,0.0000118,0.0000000,0.0000000
86212,0.0000118,0.0000000,0.0000000
86213,0.0000118,0.0000000,0.0000000
86214,0.0000118,0.0000000,0.0000000
86215,0.0000118,0.0000000,0.0000000
86216,0.0000118,0.0000000,0.0000000
86217,0.0000118,0.0000000,0.0000000
86218,0.0000118,0.0000000,0.0000000
86219,0.0000118,0.0000000,0.0000000
86220,0.0000118,0.0000000,0.0000000
86221,0.0000118,0.0000000,0.0000000
86222,0.0000118,0.0000000,0.0000000
86223,0.0000118,0.0000000,0.0000000
86224,0.0000118,0.0000000,0.0000000
86225,0.0000118,0.0000000,0.0000000
86226,0.0000118,0.0000000,0.0000000
86227,0.0000118,0.0000000,0.0000000
86228,0.0000118,0.0000000,0.0000000
86229,0.0000118,0.0000000,0.0000000
86230,0.0000118,0.0000000,0.0000000
86231,0.0000118,0.0000000,0.0000000
86232,0.0000118,0.0000000,0.0000000
86233,0.0000118,0.0000000,0.0000000
86234,0.0000118,0.0000000,0.0000000
86235,0.0000118,0.0000000,0.0000000
86236,0.0000118,0.0000000,0.0000000
86237,0.0000118,0.0000000,0.0000000
86238,0.0000118,0.0000000,0.0000000
86239,0.0000118,0.0000000,0.0000000
86240,0.0000118,0.0000000,0.0000000
86241,0.0000118,0.0000000,0.0000000
86242,0.0000118,0.0000000,0.0000000
86243,0.0000118,0.0000000,0.0000000
86244,0.0000118,0.0000000,0.0000000
86245,0.0000118,0.0000000,0.0000000
86246,0.0000118,0.0000000,0.0000000
86247,0.0000118,0.0000000,0.0000000
86248,0.0000118,0.0000000,0.0000000
86249,0.0000118,0.0000000,0.0000000
86250,0.0000118,0.0000000,0.0000000
86251,0.0000118,0.0000000,0.0000000
86252,0.0000118,0.0000000,0.0000000
86253,0.0000118,0.0000000,0.0000000
86254,0.0000118,0.0000000,0.0000000
86255,0.0000118,0.0000000,0.0000000
86256,0.0000118,0.0000000,0.0000000
86257,0.0000118,0.0000000,0.0000000
86258,0.0000118,0.0000000,0.0000000
86259,0.0000118,0.0000000,0.0000000
86260,0.0000118,0.0000000,0.0000000
86261,0.0000118,0.0000000,0.0000000
86262,0.0000118,0.0000000,0.0000000
86263,0.0000118,0.0000000,0.0000000
86264,0.0000118,0.0000000,0.0000000
86265,0.0000118,0.0000000,0.0000000
86266,0.0000118,0.0000000,0.0000000
86267,0.0000118,0.0000000,0.0000000
86268,0.0000118,0.0000000,0.0000000
86269,0.0000118,0.0000000,0.0000000
86270,0.0000118,0.0000000,0.0000000
86271,0.0000118,0.0000000,0.0000000
86272,0.0000118,0.0000000,0.0000000
86273,0.0000118,0.0000000,0.0000000
86274,0.0000117,0.0000000,0.0000000
86275,0.0000117,0.0000000,0.0000000
86276,0.0000117,0.0000000,0.0000000
86277,0.0000117,0.0000000,0.0000000
86278,0.0000117,0.0000000,0.0000000
86279,0.0000117,0.0000000,0.0000000
86280,0.0000117,0.0000000,0.0000000
86281,0.0000117,0.0000000,0.0000000
86282,0.0000117,0.0000000,0.0000000
86283,0.0000117,0.0000000,0.0000000
86284,0.0000117,0.0000000,0.0000000
86285,0.0000117,0.0000000,0.0000000
86286,0.0000117,0.0000000,0.0000000
86287,0.0000117,0.0000000,0.0000000
86288,0.0000117,0.0000000,0.0000000
86289,0.0000117,0.0000000,0.0000000
86290,0.0000117,0.0000000,0.0000000
86291,0.0000117,0.0000000,0.0000000
86292,0.0000117,0.0000000,0.0000000
86293,0.0000117,0.0000000,0.0000000
86294,0.0000117,0.0000000,0.0000000
86295,0.0000117,0.0000000,0.0000000
86296,0.0000117,0.0000000,0.0000000
86297,0.0000117,0.0000000,0.0000000
86298,0.0000117,0.0000000,0.0000000
86299,0.0000117,0.0000000,0.0000000
86300,0.0000117,0.0000000,0.0000000
86301,0.0000117,0.0000000,0.0000000
86302,0.0000117,0.0000000,0.0000000
86303,0.0000117,0.0000000,0.0000000
86304,0.0000117,0.0000000,0.0000000
86305,0.0000117,0.0000000,0.0000000
86306,0.0000117,0.0000000,0.0000000
86307,0.0000117,0.0000000,0.0000000
86308,0.0000117,0.0000000,0.0000000
86309,0.0000117,0.0000000,0.0000000
86310,0.0000117,0.0000000,0.0000000
86311,0.0000117,0.0000000,0.0000000
86312,0.0000117,0.0000000,0.0000000
86313,0.0000117,0.0000000,0.0000000
86314,0.0000117,0.0000000,0.0000000
86315,0.0000117,0.0000000,0.0000000
86316,0.0000117,0.0000000,0.0000000
86317,0.0000117,0.0000000,0.0000000
86318,0.0000117,0.0000000,0.0000000
86319,0.0000117,0.0000000,0.0000000
86320,0.0000117,0.0000000,0.0000000
86321,0.0000117,0.0000000,0.0000000
86322,0.0000117,0.0000000,0.0000000
86323,0.0000117,0.0000000,0.0000000
86324,0.0000117,0.0000000,0.0000000
86325,0.0000117,0.0000000,0.0000000
86326,0.0000117,0.0000000,0.0000000
86327,0.0000117,0.0000000,0.0000000
86328,0.0000117,0.0000000,0.0000000
86329,0.0000117,0.0000000,0.0000000
86330,0.0000117,0.0000000,0.0000000
86331,0.0000117,0.0000000,0.0000000
86332,0.0000117,0.0000000,0.0000000
86333,0.0000117,0.0000000,0.0000000
86334,0.0000117,0.0000000,0.0000000
86335,0.0000117,0.0000000,0.0000000
86336,0.0000117,0.0000000,0.0000000
86337,0.0000117,0.0000000,0.0000000
86338,0.0000117,0.0000000,0.0000000
86339,0.0000117,0.0000000,0.0000000
86340,0.0000117,0.0000000,0.0000000
86341,0.0000117,0.0000000,0.0000000
86342,0.0000117,0.0000000,0.0000000
86343,0.0000117,0.0000000,0.0000000
86344,0.0000117,0.0000000,0.0000000
86345,0.0000117,0.0000000,0.0000000
86346,0.0000117,0.0000000,0.0000000
86347,0.0000117,0.0000000,0.0000000
86348,0.0000117,0.0000000,0.0000000
86349,0.0000117,0.0000000,0.0000000
86350,0.0000117,0.0000000,0.0000000
86351,0.0000117,0.0000000,0.0000000
86352,0.0000117,0.0000000,0.0000000
86353,0.0000117,0.0000000,0.0000000
86354,0.0000117,0.0000000,0.0000000
86355,0.0000117,0.0000000,0.0000000
86356,0.0000117,0.0000000,0.0000000
86357,0.0000117,0.0000000,0.0000000
86358,0.0000117,0.0000000,0.0000000
86359,0.0000117,0.0000000,0.0000000
86360,0.0000117,0.0000000,0.0000000
86361,0.0000117,0.0000000,0.0000000
86362,0.0000117,0.0000000,0.0000000
86363,0.0000117,0.0000000,0.0000000
86364,0.0000117,0.0000000,0.0000000
86365,0.0000117,0.0000000,0.0000000
86366,0.0000117,0.0000000,0.0000000
86367,0.0000117,0.0000000,0.0000000
86368,0.0000117,0.0000000,0.0000000
86369,0.0000117,0.0000000,0.0000000
86370,0.0000117,0.0000000,0.0000000
86371,0.0000117,0.0000000,0.0000000
86372,0.0000117,0.0000000,0.0000000
86373,0.0000117,0.0000000,0.0000000
86374,0.0000117,0.0000000,0.0000000
86375,0.0000117,0.0000000,0.0000000
86376,0.0000117,0.0000000,0.0000000
86377,0.0000117,0.0000000,0.0000000
86378,0.0000117,0.0000000,0.0000000
86379,0.0000117,0.0000000,0.0000000
86380,0.0000117,0.0000000,0.0000000
86381,0.0000117,0.0000000,0.0000000
86382,0.0000117,0.0000000,0.0000000
86383,0.0000117,0.0000000,0.0000000
86384,0.0000117,0.0000000,0.0000000
86385,0.0000117,0.0000000,0.0000000
86386,0.0000117,0.0000000,0.0000000
86387,0.0000117,0.0000000,0.0000000
86388,0.0000117,0.0000000,0.0000000
86389,0.0000117,0.0000000,0.0000000
86390,0.0000117,0.0000000,0.0000000
86391,0.0000117,0.0000000,0.0000000
86392,0.0000117,0.0000000,0.0000000
86393,0.0000117,0.0000000,0.0000000
86394,0.0000117,0.0000000,0.0000000
86395,0.0000117,0.0000000,0.0000000
86396,0.0000117,0.0000000,0.0000000
86397,0.0000117,0.0000000,0.0000000
86398,0.0000117,0.0000000,0.0000000
86399,0.0000117,0.0000000,0.0000000
86400,0.0000117,0.0000000,0.0000000
86401,0.0000117,0.0000000,0.0000000
86402,0.0000117,0.0000000,0.0000000
86403,0.0000117,0.0000000,0.0000000
86404,0.0000117,0.0000000,0.0000000
86405,0.0000117,0.0000000,0.0000000
86406,0.0000117,0.0000000,0.0000000
86407,0.0000117,0.0000000,0.0000000
86408,0.0000117,0.0000000,0.0000000
86409,0.0000117,0.0000000,0.0000000
86410,0.0000117,0.0000000,0.0000000
86411,0.0000117,0.0000000,0.0000000
86412,0.0000117,0.0000000,0.0000000
86413,0.0000117,0.0000000,0.0000000
86414,0.0000117,0.0000000,0.0000000
86415,0.0000117,0.0000000,0.0000000
86416,0.0000117,0.0000000,0.0000000
86417,0.0000117,0.0000000,0.0000000
86418,0.0000117,0.0000000,0.0000000
86419,0.0000117,0.0000000,0.0000000
86420,0.0000117,0.0000000,0.0000000
86421,0.0000117,0.0000000,0.0000000
86422,0.0000117,0.0000000,0.0000000
86423,0.0000117,0.0000000,0.0000000
86424,0.0000117,0.0000000,0.0000000
86425,0.0000117,0.0000000,0.0000000
86426,0.0000117,0.0000000,0.0000000
86427,0.0000117,0.0000000,0.0000000
86428,0.0000117,0.0000000,0.0000000
86429,0.0000117,0.0000000,0.0000000
86430,0.0000117,0.0000000,0.0000000
86431,0.0000117,0.0000000,0.0000000
86432,0.0000117,0.0000000,0.0000000
86433,0.0000117,0.0000000,0.0000000
86434,0.0000117,0.0000000,0.0000000
86435,0.0000117,0.0000000,0.0000000
86436,0.0000117,0.0000000,0.0000000
86437,0.0000117,0.0000000,0.0000000
86438,0.0000117,0.0000000,0.0000000
86439,0.0000117,0.0000000,0.0000000
86440,0.0000117,0.0000000,0.0000000
86441,0.0000117,0.0000000,0.0000000
86442,0.0000117,0.0000000,0.0000000
86443,0.0000117,0.0000000,0.0000000
86444,0.0000117,0.0000000,0.0000000
86445,0.0000117,0.0000000,0.0000000
86446,0.0000117,0.0000000,0.0000000
86447,0.0000117,0.0000000,0.0000000
86448,0.0000117,0.0000000,0.0000000
86449,0.0000117,0.0000000,0.0000000
86450,0.0000117,0.0000000,0.0000000
86451,0.0000117,0.0000000,0.0000000
86452,0.0000117,0.0000000,0.0000000
86453,0.0000117,0.0000000,0.0000000
86454,0.0000117,0.0000000,0.0000000
86455,0.0000117,0.0000000,0.0000000
86456,0.0000117,0.0000000,0.0000000
86457,0.0000117,0.0000000,0.0000000
86458,0.0000117,0.0000000,0.0000000
86459,0.0000117,0.0000000,0.0000000
86460,0.0000117,0.0000000,0.0000000
86461,0.0000117,0.0000000,0.0000000
86462,0.0000117,0.0000000,0.0000000
86463,0.0000117,0.0000000,0.0000000
86464,0.0000117,0.0000000,0.0000000
86465,0.0000117,0.0000000,0.0000000
86466,0.0000116,0.0000000,0.0000000
86467,0.0000116,0.0000000,0.0000000
86468,0.0000116,0.0000000,0.0000000
86469,0.0000116,0.0000000,0.0000000
86470,0.0000116,0.0000000,0.0000000
86471,0.0000116,0.0000000,0.0000000
86472,0.0000116,0.0000000,0.0000000
86473,0.0000116,0.0000000,0.0000000
86474,0.0000116,0.0000000,0.0000000
86475,0.0000116,0.0000000,0.0000000
86476,0.0000116,0.0000000,0.0000000
86477,0.0000116,0.0000000,0.0000000
86478,0.0000116,0.0000000,0.0000000
86479,0.0000116,0.0000000,0.0000000
86480,0.0000116,0.0000000,0.0000000
86481,0.0000116,0.0000000,0.0000000
86482,0.0000116,0.0000000,0.0000000
86483,0.0000116,0.0000000,0.0000000
86484,0.0000116,0.0000000,0.0000000
86485,0.0000116,0.0000000,0.0000000
86486,0.0000116,0.0000000,0.0000000
86487,0.0000116,0.0000000,0.0000000
86488,0.0000116,0.0000000,0.0000000
86489,0.0000116,0.0000000,0.0000000
86490,0.0000116,0.0000000,0.0000000
86491,0.0000116,0.0000000,0.0000000
86492,0.0000116,0.0000000,0.0000000
86493,0.0000116,0.0000000,0.0000000
86494,0.0000116,0.0000000,0.0000000
86495,0.0000116,0.0000000,0.0000000
86496,0.0000116,0.0000000,0.0000000
86497,0.0000116,0.0000000,0.0000000
86498,0.0000116,0.0000000,0.0000000
86499,0.0000116,0.0000000,0.0000000
86500,0.0000116,0.0000000,0.0000000
86501,0.0000116,0.0000000,0.0000000
86502,0.0000116,0.0000000,0.0000000
86503,0.0000116,0.0000000,0.0000000
86504,0.0000116,0.0000000,0.0000000
86505,0.0000116,0.0000000,0.0000000
86506,0.0000116,0.0000000,0.0000000
86507,0.0000116,0.0000000,0.0000000
86508,0.0000116,0.0000000,0.0000000
86509,0.0000116,0.0000000,0.0000000
86510,0.0000116,0.0000000,0.0000000
86511,0.0000116,0.0000000,0.0000000
86512,0.0000116,0.0000000,0.0000000
86513,0.0000116,0.0000000,0.0000000
86514,0.0000116,0.0000000,0.0000000
86515,0.0000116,0.0000000,0.0000000
86516,0.0000116,0.0000000,0.0000000
86517,0.0000116,0.0000000,0.0000000
86518,0.0000116,0.0000000,0.0000000
86519,0.0000116,0.0000000,0.0000000
86520,0.0000116,0.0000000,0.0000000
86521,0.0000116,0.0000000,0.0000000
86522,0.0000116,0.0000000,0.0000000
86523,0.0000116,0.0000000,0.0000000
86524,0.0000116,0.0000000,0.0000000
86525,0.0000116,0.0000000,0.0000000
86526,0.0000116,0.0000000,0.0000000
86527,0.0000116,0.0000000,0.0000000
86528,0.0000116,0.0000000,0.0000000
86529,0.0000116,0.0000000,0.0000000
86530,0.0000116,0.0000000,0.0000000
86531,0.0000116,0.0000000,0.0000000
86532,0.0000116,0.0000000,0.0000000
86533,0.0000116,0.0000000,0.0000000
86534,0.0000116,0.0000000,0.0000000
86535,0.0000116,0.0000000,0.0000000
86536,0.0000116,0.0000000,0.0000000
86537,0.0000116,0.0000000,0.0000000
86538,0.0000116,0.0000000,0.0000000
86539,0.0000116,0.0000000,0.0000000
86540,0.0000116,0.0000000,0.0000000
86541,0.0000116,0.0000000,0.0000000
86542,0.0000116,0.0000000,0.0000000
86543,0.0000116,0.0000000,0.0000000
86544,0.0000116,0.0000000,0.0000000
86545,0.0000116,0.0000000,0.0000000
86546,0.0000116,0.0000000,0.0000000
86547,0.0000116,0.0000000,0.0000000
86548,0.0000116,0.0000000,0.0000000
86549,0.0000116,0.0000000,0.0000000
86550,0.0000116,0.0000000,0.0000000
86551,0.0000116,0.0000000,0.0000000
86552,0.0000116,0.0000000,0.0000000
86553,0.0000116,0.0000000,0.0000000
86554,0.0000116,0.0000000,0.0000000
86555,0.0000116,0.0000000,0.0000000
86556,0.0000116,0.0000000,0.0000000
86557,0.0000116,0.0000000,0.0000000
86558,0.0000116,0.0000000,0.0000000
86559,0.0000116,0.0000000,0.0000000
86560,0.0000116,0.0000000,0.0000000
86561,0.0000116,0.0000000,0.0000000
86562,0.0000116,0.0000000,0.0000000
86563,0.0000116,0.0000000,0.0000000
86564,0.0000116,0.0000000,0.0000000
86565,0.0000116,0.0000000,0.0000000
86566,0.0000116,0.0000000,0.0000000
86567,0.0000116,0.0000000,0.0000000
86568,0.0000116,0.0000000,0.0000000
86569,0.0000116,0.0000000,0.0000000
86570,0.0000116,0.0000000,0.0000000
86571,0.0000116,0.0000000,0.0000000
86572,0.0000116,0.0000000,0.0000000
86573,0.0000116,0.0000000,0.0000000
86574,0.0000116,0.0000000,0.0000000
86575,0.0000116,0.0000000,0.0000000
86576,0.0000116,0.0000000,0.0000000
86577,0.0000116,0.0000000,0.0000000
86578,0.0000116,0.0000000,0.0000000
86579,0.0000116,0.0000000,0.0000000
86580,0.0000116,0.0000000,0.0000000
86581,0.0000116,0.0000000,0.0000000
86582,0.0000116,0.0000000,0.0000000
86583,0.0000116,0.0000000,0.0000000
86584,0.0000116,0.0000000,0.0000000
86585,0.0000116,0.0000000,0.0000000
86586,0.0000116,0.0000000,0.0000000
86587,0.0000116,0.0000000,0.0000000
86588,0.0000116,0.0000000,0.0000000
86589,0.0000116,0.0000000,0.0000000
86590,0.0000116,0.0000000,0.0000000
86591,0.0000116,0.0000000,0.0000000
86592,0.0000116,0.0000000,0.0000000
86593,0.0000116,0.0000000,0.0000000
86594,0.0000116,0.0000000,0.0000000
86595,0.0000116,0.0000000,0.0000000
86596,0.0000116,0.0000000,0.0000000
86597,0.0000116,0.0000000,0.0000000
86598,0.0000116,0.0000000,0.0000000
86599,0.0000116,0.0000000,0.0000000
86600,0.0000116,0.0000000,0.0000000
86601,0.0000116,0.0000000,0.0000000
86602,0.0000116,0.0000000,0.0000000
86603,0.0000116,0.0000000,0.0000000
86604,0.0000116,0.0000000,0.0000000
86605,0.0000116,0.0000000,0.0000000
86606,0.0000116,0.0000000,0.0000000
86607,0.0000116,0.0000000,0.0000000
86608,0.0000116,0.0000000,0.0000000
86609,0.0000116,0.0000000,0.0000000
86610,0.0000116,0.0000000,0.0000000
86611,0.0000116,0.0000000,0.0000000
86612,0.0000116,0.0000000,0.0000000
86613,0.0000116,0.0000000,0.0000000
86614,0.0000116,0.0000000,0.0000000
86615,0.0000116,0.0000000,0.0000000
86616,0.0000116,0.0000000,0.0000000
86617,0.0000116,0.0000000,0.0000000
86618,0.0000116,0.0000000,0.0000000
86619,0.0000116,0.0000000,0.0000000
86620,0.0000116,0.0000000,0.0000000
86621,0.0000116,0.0000000,0.0000000
86622,0.0000116,0.0000000,0.0000000
86623,0.0000116,0.0000000,0.0000000
86624,0.0000116,0.0000000,0.0000000
86625,0.0000116,0.0000000,0.0000000
86626,0.0000116,0.0000000,0.0000000
86627,0.0000116,0.0000000,0.0000000
86628,0.0000116,0.0000000,0.0000000
86629,0.0000116,0.0000000,0.0000000
86630,0.0000116,0.0000000,0.0000000
86631,0.0000116,0.0000000,0.0000000
86632,0.0000116,0.0000000,0.0000000
86633,0.0000116,0.0000000,0.0000000
86634,0.0000116,0.0000000,0.0000000
86635,0.0000116,0.0000000,0.0000000
86636,0.0000116,0.0000000,0.0000000
86637,0.0000116,0.0000000,0.0000000
86638,0.0000116,0.0000000,0.0000000
86639,0.0000116,0.0000000,0.0000000
86640,0.0000116,0.0000000,0.0000000
86641,0.0000116,0.0000000,0.0000000
86642,0.0000116,0.0000000,0.0000000
86643,0.0000116,0.0000000,0.0000000
86644,0.0000116,0.0000000,0.0000000
86645,0.0000116,0.0000000,0.0000000
86646,0.0000116,0.0000000,0.0000000
86647,0.0000116,0.0000000,0.0000000
86648,0.0000116,0.0000000,0.0000000
86649,0.0000116,0.0000000,0.0000000
86650,0.0000116,0.0000000,0.0000000
86651,0.0000116,0.0000000,0.0000000
86652,0.0000116,0.0000000,0.0000000
86653,0.0000116,0.0000000,0.0000000
86654,0.0000116,0.0000000,0.0000000
86655,0.0000116,0.0000000,0.0000000
86656,0.0000116,0.0000000,0.0000000
86657,0.0000116,0.0000000,0.0000000
86658,0.0000116,0.0000000,0.0000000
86659,0.0000115,0.0000000,0.0000000
86660,0.0000115,0.0000000,0.0000000
86661,0.0000115,0.0000000,0.0000000
86662,0.0000115,0.0000000,0.0000000
86663,0.0000115,0.0000000,0.0000000
86664,0.0000115,0.0000000,0.0000000
86665,0.0000115,0.0000000,0.0000000
86666,0.0000115,0.0000000,0.0000000
86667,0.0000115,0.0000000,0.0000000
86668,0.0000115,0.0000000,0.0000000
86669,0.0000115,0.0000000,0.0000000
86670,0.0000115,0.0000000,0.0000000
86671,0.0000115,0.0000000,0.0000000
86672,0.0000115,0.0000000,0.0000000
86673,0.0000115,0.0000000,0.0000000
86674,0.0000115,0.0000000,0.0000000
86675,0.0000115,0.0000000,0.0000000
86676,0.0000115,0.0000000,0.0000000
86677,0.0000115,0.0000000,0.0000000
86678,0.0000115,0.0000000,0.0000000
86679,0.0000115,0.0000000,0.0000000
86680,0.0000115,0.0000000,0.0000000
86681,0.0000115,0.0000000,0.0000000
86682,0.0000115,0.0000000,0.0000000
86683,0.0000115,0.0000000,0.0000000
86684,0.0000115,0.0000000,0.0000000
86685,0.0000115,0.0000000,0.0000000
86686,0.0000115,0.0000000,0.0000000
86687,0.0000115,0.0000000,0.0000000
86688,0.0000115,0.0000000,0.0000000
86689,0.0000115,0.0000000,0.0000000
86690,0.0000115,0.0000000,0.0000000
86691,0.0000115,0.0000000,0.0000000
86692,0.0000115,0.0000000,0.0000000
86693,0.0000115,0.0000000,0.0000000
86694,0.0000115,0.0000000,0.0000000
86695,0.0000115,0.0000000,0.0000000
86696,0.0000115,0.0000000,0.0000000
86697,0.0000115,0.0000000,0.0000000
86698,0.0000115,0.0000000,0.0000000
86699,0.0000115,0.0000000,0.0000000
86700,0.0000115,0.0000000,0.0000000
86701,0.0000115,0.0000000,0.0000000
86702,0.0000115,0.0000000,0.0000000
86703,0.0000115,0.0000000,0.0000000
86704,0.0000115,0.0000000,0.0000000
86705,0.0000115,0.0000000,0.0000000
86706,0.0000115,0.0000000,0.0000000
86707,0.0000115,0.0000000,0.0000000
86708,0.0000115,0.0000000,0.0000000
86709,0.0000115,0.0000000,0.0000000
86710,0.0000115,0.0000000,0.0000000
86711,0.0000115,0.0000000,0.0000000
86712,0.0000115,0.0000000,0.0000000
86713,0.0000115,0.0000000,0.0000000
86714,0.0000115,0.0000000,0.0000000
86715,0.0000115,0.0000000,0.0000000
86716,0.0000115,0.0000000,0.0000000
86717,0.0000115,0.0000000,0.0000000
86718,0.0000115,0.0000000,0.0000000
86719,0.0000115,0.0000000,0.0000000
86720,0.0000115,0.0000000,0.0000000
86721,0.0000115,0.0000000,0.0000000
86722,0.0000115,0.0000000,0.0000000
86723,0.0000115,0.0000000,0.0000000
86724,0.0000115,0.0000000,0.0000000
86725,0.0000115,0.0000000,0.0000000
86726,0.0000115,0.0000000,0.0000000
86727,0.0000115,0.0000000,0.0000000
86728,0.0000115,0.0000000,0.0000000
86729,0.0000115,0.0000000,0.0000000
86730,0.0000115,0.0000000,0.0000000
86731,0.0000115,0.0000000,0.0000000
86732,0.0000115,0.0000000,0.0000000
86733,0.0000115,0.0000000,0.0000000
86734,0.0000115,0.0000000,0.0000000
86735,0.0000115,0.0000000,0.0000000
86736,0.0000115,0.0000000,0.0000000
86737,0.0000115,0.0000000,0.0000000
86738,0.0000115,0.0000000,0.0000000
86739,0.0000115,0.0000000,0.0000000
86740,0.0000115,0.0000000,0.0000000
86741,0.0000115,0.0000000,0.0000000
86742,0.0000115,0.0000000,0.0000000
86743,0.0000115,0.0000000,0.0000000
86744,0.0000115,0.0000000,0.0000000
86745,0.0000115,0.0000000,0.0000000
86746,0.0000115,0.0000000,0.0000000
86747,0.0000115,0.0000000,0.0000000
86748,0.0000115,0.0000000,0.0000000
86749,0.0000115,0.0000000,0.0000000
86750,0.0000115,0.0000000,0.0000000
86751,0.0000115,0.0000000,0.0000000
86752,0.0000115,0.0000000,0.0000000
86753,0.0000115,0.0000000,0.0000000
86754,0.0000115,0.0000000,0.0000000
86755,0.0000115,0.0000000,0.0000000
86756,0.0000115,0.0000000,0.0000000
86757,0.0000115,0.0000000,0.0000000
86758,0.0000115,0.0000000,0.0000000
86759,0.0000115,0.0000000,0.0000000
86760,0.0000115,0.0000000,0.0000000
86761,0.0000115,0.0000000,0.0000000
86762,0.0000115,0.0000000,0.0000000
86763,0.0000115,0.0000000,0.0000000
86764,0.0000115,0.0000000,0.0000000
86765,0.0000115,0.0000000,0.0000000
86766,0.0000115,0.0000000,0.0000000
86767,0.0000115,0.0000000,0.0000000
86768,0.0000115,0.0000000,0.0000000
86769,0.0000115,0.0000000,0.0000000
86770,0.0000115,0.0000000,0.0000000
86771,0.0000115,0.0000000,0.0000000
86772,0.0000115,0.0000000,0.0000000
86773,0.0000115,0.0000000,0.0000000
86774,0.0000115,0.0000000,0.0000000
86775,0.0000115,0.0000000,0.0000000
86776,0.0000115,0.0000000,0.0000000
86777,0.0000115,0.0000000,0.0000000
86778,0.0000115,0.0000000,0.0000000
86779,0.0000115,0.0000000,0.0000000
86780,0.0000115,0.0000000,0.0000000
86781,0.0000115,0.0000000,0.0000000
86782,0.0000115,0.0000000,0.0000000
86783,0.0000115,0.0000000,0.0000000
86784,0.0000115,0.0000000,0.0000000
86785,0.0000115,0.0000000,0.0000000
86786,0.0000115,0.0000000,0.0000000
86787,0.0000115,0.0000000,0.0000000
86788,0.0000115,0.0000000,0.0000000
86789,0.0000115,0.0000000,0.0000000
86790,0.0000115,0.0000000,0.0000000
86791,0.0000115,0.0000000,0.0000000
86792,0.0000115,0.0000000,0.0000000
86793,0.0000115,0.0000000,0.0000000
86794,0.0000115,0.0000000,0.0000000
86795,0.0000115,0.0000000,0.0000000
86796,0.0000115,0.0000000,0.0000000
86797,0.0000115,0.0000000,0.0000000
86798,0.0000115,0.0000000,0.0000000
86799,0.0000115,0.0000000,0.0000000
86800,0.0000115,0.0000000,0.0000000
86801,0.0000115,0.0000000,0.0000000
86802,0.0000115,0.0000000,0.0000000
86803,0.0000115,0.0000000,0.0000000
86804,0.0000115,0.0000000,0.0000000
86805,0.0000115,0.0000000,0.0000000
86806,0.0000115,0.0000000,0.0000000
86807,0.0000115,0.0000000,0.0000000
86808,0.0000115,0.0000000,0.0000000
86809,0.0000115,0.0000000,0.0000000
86810,0.0000115,0.0000000,0.0000000
86811,0.0000115,0.0000000,0.0000000
86812,0.0000115,0.0000000,0.0000000
86813,0.0000115,0.0000000,0.0000000
86814,0.0000115,0.0000000,0.0000000
86815,0.0000115,0.0000000,0.0000000
86816,0.0000115,0.0000000,0.0000000
86817,0.0000115,0.0000000,0.0000000
86818,0.0000115,0.0000000,0.0000000
86819,0.0000115,0.0000000,0.0000000
86820,0.0000115,0.0000000,0.0000000
86821,0.0000115,0.0000000,0.0000000
86822,0.0000115,0.0000000,0.0000000
86823,0.0000115,0.0000000,0.0000000
86824,0.0000115,0.0000000,0.0000000
86825,0.0000115,0.0000000,0.0000000
86826,0.0000115,0.0000000,0.0000000
86827,0.0000115,0.0000000,0.0000000
86828,0.0000115,0.0000000,0.0000000
86829,0.0000115,0.0000000,0.0000000
86830,0.0000115,0.0000000,0.0000000
86831,0.0000115,0.0000000,0.0000000
86832,0.0000115,0.0000000,0.0000000
86833,0.0000115,0.0000000,0.0000000
86834,0.0000115,0.0000000,0.0000000
86835,0.0000115,0.0000000,0.0000000
86836,0.0000115,0.0000000,0.0000000
86837,0.0000115,0.0000000,0.0000000
86838,0.0000115,0.0000000,0.0000000
86839,0.0000115,0.0000000,0.0000000
86840,0.0000115,0.0000000,0.0000000
86841,0.0000115,0.0000000,0.0000000
86842,0.0000115,0.0000000,0.0000000
86843,0.0000115,0.0000000,0.0000000
86844,0.0000115,0.0000000,0.0000000
86845,0.0000115,0.0000000,0.0000000
86846,0.0000115,0.0000000,0.0000000
86847,0.0000115,0.0000000,0.0000000
86848,0.0000115,0.0000000,0.0000000
86849,0.0000115,0.0000000,0.0000000
86850,0.0000115,0.0000000,0.0000000
86851,0.0000115,0.0000000,0.0000000
86852,0.0000115,0.0000000,0.0000000
86853,0.0000115,0.0000000,0.0000000
86854,0.0000114,0.0000000,0.0000000
86855,0.0000114,0.0000000,0.0000000
86856,0.0000114,0.0000000,0.0000000
86857,0.0000114,0.0000000,0.0000000
86858,0.0000114,0.0000000,0.0000000
86859,0.0000114,0.0000000,0.0000000
86860,0.0000114,0.0000000,0.0000000
86861,0.0000114,0.0000000,0.0000000
86862,0.0000114,0.0000000,0.0000000
86863,0.0000114,0.0000000,0.0000000
86864,0.0000114,0.0000000,0.0000000
86865,0.0000114,0.0000000,0.0000000
86866,0.0000114,0.0000000,0.0000000
86867,0.0000114,0.0000000,0.0000000
86868,0.0000114,0.0000000,0.0000000
86869,0.0000114,0.0000000,0.0000000
86870,0.0000114,0.0000000,0.0000000
86871,0.0000114,0.0000000,0.0000000
86872,0.0000114,0.0000000,0.0000000
86873,0.0000114,0.0000000,0.0000000
86874,0.0000114,0.0000000,0.0000000
86875,0.0000114,0.0000000,0.0000000
86876,0.0000114,0.0000000,0.0000000
86877,0.0000114,0.0000000,0.0000000
86878,0.0000114,0.0000000,0.0000000
86879,0.0000114,0.0000000,0.0000000
86880,0.0000114,0.0000000,0.0000000
86881,0.0000114,0.0000000,0.0000000
86882,0.0000114,0.0000000,0.0000000
86883,0.0000114,0.0000000,0.0000000
86884,0.0000114,0.0000000,0.0000000
86885,0.0000114,0.0000000,0.0000000
86886,0.0000114,0.0000000,0.0000000
86887,0.0000114,0.0000000,0.0000000
86888,0.0000114,0.0000000,0.0000000
86889,0.0000114,0.0000000,0.0000000
86890,0.0000114,0.0000000,0.0000000
86891,0.0000114,0.0000000,0.0000000
86892,0.0000114,0.0000000,0.0000000
86893,0.0000114,0.0000000,0.0000000
86894,0.0000114,0.0000000,0.0000000
86895,0.0000114,0.0000000,0.0000000
86896,0.0000114,0.0000000,0.0000000
86897,0.0000114,0.0000000,0.0000000
86898,0.0000114,0.0000000,0.0000000
86899,0.0000114,0.0000000,0.0000000
86900,0.0000114,0.0000000,0.0000000
86901,0.0000114,0.0000000,0.0000000
86902,0.0000114,0.0000000,0.0000000
86903,0.0000114,0.0000000,0.0000000
86904,0.0000114,0.0000000,0.0000000
86905,0.0000114,0.0000000,0.0000000
86906,0.0000114,0.0000000,0.0000000
86907,0.0000114,0.0000000,0.0000000
86908,0.0000114,0.0000000,0.0000000
86909,0.0000114,0.0000000,0.0000000
86910,0.0000114,0.0000000,0.0000000
86911,0.0000114,0.0000000,0.0000000
86912,0.0000114,0.0000000,0.0000000
86913,0.0000114,0.0000000,0.0000000
86914,0.0000114,0.0000000,0.0000000
86915,0.0000114,0.0000000,0.0000000
86916,0.0000114,0.0000000,0.0000000
86917,0.0000114,0.0000000,0.0000000
86918,0.0000114,0.0000000,0.0000000
86919,0.0000114,0.0000000,0.0000000
86920,0.0000114,0.0000000,0.0000000
86921,0.0000114,0.0000000,0.0000000
86922,0.0000114,0.0000000,0.0000000
86923,0.0000114,0.0000000,0.0000000
86924,0.0000114,0.0000000,0.0000000
86925,0.0000114,0.0000000,0.0000000
86926,0.0000114,0.0000000,0.0000000
86927,0.0000114,0.0000000,0.0000000
86928,0.0000114,0.0000000,0.0000000
86929,0.0000114,0.0000000,0.0000000
86930,0.0000114,0.0000000,0.0000000
86931,0.0000114,0.0000000,0.0000000
86932,0.0000114,0.0000000,0.0000000
86933,0.0000114,0.0000000,0.0000000
86934,0.0000114,0.0000000,0.0000000
86935,0.0000114,0.0000000,0.0000000
86936,0.0000114,0.0000000,0.0000000
86937,0.0000114,0.0000000,0.0000000
86938,0.0000114,0.0000000,0.0000000
86939,0.0000114,0.0000000,0.0000000
86940,0.0000114,0.0000000,0.0000000
86941,0.0000114,0.0000000,0.0000000
86942,0.0000114,0.0000000,0.0000000
86943,0.0000114,0.0000000,0.0000000
86944,0.0000114,0.0000000,0.0000000
86945,0.0000114,0.0000000,0.0000000
86946,0.0000114,0.0000000,0.0000000
86947,0.0000114,0.0000000,0.0000000
86948,0.0000114,0.0000000,0.0000000
86949,0.0000114,0.0000000,0.0000000
86950,0.0000114,0.0000000,0.0000000
86951,0.0000114,0.0000000,0.0000000
86952,0.0000114,0.0000000,0.0000000
86953,0.0000114,0.0000000,0.0000000
86954,0.0000114,0.0000000,0.0000000
86955,0.0000114,0.0000000,0.0000000
86956,0.0000114,0.0000000,0.0000000
86957,0.0000114,0.0000000,0.0000000
86958,0.0000114,0.0000000,0.0000000
86959,0.0000114,0.0000000,0.0000000
86960,0.0000114,0.0000000,0.0000000
86961,0.0000114,0.0000000,0.0000000
86962,0.0000114,0.0000000,0.0000000
86963,0.0000114,0.0000000,0.0000000
86964,0.0000114,0.0000000,0.0000000
86965,0.0000114,0.0000000,0.0000000
86966,0.0000114,0.0000000,0.0000000
86967,0.0000114,0.0000000,0.0000000
86968,0.0000114,0.0000000,0.0000000
86969,0.0000114,0.0000000,0.0000000
86970,0.0000114,0.0000000,0.0000000
86971,0.0000114,0.0000000,0.0000000
86972,0.0000114,0.0000000,0.0000000
86973,0.0000114,0.0000000,0.0000000
86974,0.0000114,0.0000000,0.0000000
86975,0.0000114,0.0000000,0.0000000
86976,0.0000114,0.0000000,0.0000000
86977,0.0000114,0.0000000,0.0000000
86978,0.0000114,0.0000000,0.0000000
86979,0.0000114,0.0000000,0.0000000
86980,0.0000114,0.0000000,0.0000000
86981,0.0000114,0.0000000,0.0000000
86982,0.0000114,0.0000000,0.0000000
86983,0.0000114,0.0000000,0.0000000
86984,0.0000114,0.0000000,0.0000000
86985,0.0000114,0.0000000,0.0000000
86986,0.0000114,0.0000000,0.0000000
86987,0.0000114,0.0000000,0.0000000
86988,0.0000114,0.0000000,0.0000000
86989,0.0000114,0.0000000,0.0000000
86990,0.0000114,0.0000000,0.0000000
86991,0.0000114,0.0000000,0.0000000
86992,0.0000114,0.0000000,0.0000000
86993,0.0000114,0.0000000,0.0000000
86994,0.0000114,0.0000000,0.0000000
86995,0.0000114,0.0000000,0.0000000
86996,0.0000114,0.0000000,0.0000000
86997,0.0000114,0.0000000,0.0000000
86998,0.0000114,0.0000000,0.0000000
86999,0.0000114,0.0000000,0.0000000
87000,0.0000114,0.0000000,0.0000000
87001,0.0000114,0.0000000,0.0000000
87002,0.0000114,0.0000000,0.0000000
87003,0.0000114,0.0000000,0.0000000
87004,0.0000114,0.0000000,0.0000000
87005,0.0000114,0.0000000,0.0000000
87006,0.0000114,0.0000000,0.0000000
87007,0.0000114,0.0000000,0.0000000
87008,0.0000114,0.0000000,0.0000000
87009,0.0000114,0.0000000,0.0000000
87010,0.0000114,0.0000000,0.0000000
87011,0.0000114,0.0000000,0.0000000
87012,0.0000114,0.0000000,0.0000000
87013,0.0000114,0.0000000,0.0000000
87014,0.0000114,0.0000000,0.0000000
87015,0.0000114,0.0000000,0.0000000
87016,0.0000114,0.0000000,0.0000000
87017,0.0000114,0.0000000,0.0000000
87018,0.0000114,0.0000000,0.0000000
87019,0.0000114,0.0000000,0.0000000
87020,0.0000114,0.0000000,0.0000000
87021,0.0000114,0.0000000,0.0000000
87022,0.0000114,0.0000000,0.0000000
87023,0.0000114,0.0000000,0.0000000
87024,0.0000114,0.0000000,0.0000000
87025,0.0000114,0.0000000,0.0000000
87026,0.0000114,0.0000000,0.0000000
87027,0.0000114,0.0000000,0.0000000
87028,0.0000114,0.0000000,0.0000000
87029,0.0000114,0.0000000,0.0000000
87030,0.0000114,0.0000000,0.0000000
87031,0.0000114,0.0000000,0.0000000
87032,0.0000114,0.0000000,0.0000000
87033,0.0000114,0.0000000,0.0000000
87034,0.0000114,0.0000000,0.0000000
87035,0.0000114,0.0000000,0.0000000
87036,0.0000114,0.0000000,0.0000000
87037,0.0000114,0.0000000,0.0000000
87038,0.0000114,0.0000000,0.0000000
87039,0.0000114,0.0000000,0.0000000
87040,0.0000114,0.0000000,0.0000000
87041,0.0000114,0.0000000,0.0000000
87042,0.0000114,0.0000000,0.0000000
87043,0.0000114,0.0000000,0.0000000
87044,0.0000114,0.0000000,0.0000000
87045,0.0000114,0.0000000,0.0000000
87046,0.0000114,0.0000000,0.0000000
87047,0.0000114,0.0000000,0.0000000
87048,0.0000114,0.0000000,0.0000000
87049,0.0000114,0.0000000,0.0000000
87050,0.0000113,0.0000000,0.0000000
87051,0.0000113,0.0000000,0.0000000
87052,0.0000113,0.0000000,0.0000000
87053,0.0000113,0.0000000,0.0000000
87054,0.0000113,0.0000000,0.0000000
87055,0.0000113,0.0000000,0.0000000
87056,0.0000113,0.0000000,0.0000000
87057,0.0000113,0.0000000,0.0000000
87058,0.0000113,0.0000000,0.0000000
87059,0.0000113,0.0000000,0.0000000
87060,0.0000113,0.0000000,0.0000000
87061,0.0000113,0.0000000,0.0000000
87062,0.0000113,0.0000000,0.0000000
87063,0.0000113,0.0000000,0.0000000
87064,0.0000113,0.0000000,0.0000000
87065,0.0000113,0.0000000,0.0000000
87066,0.0000113,0.0000000,0.0000000
87067,0.0000113,0.0000000,0.0000000
87068,0.0000113,0.0000000,0.0000000
87069,0.0000113,0.0000000,0.0000000
87070,0.0000113,0.0000000,0.0000000
87071,0.0000113,0.0000000,0.0000000
87072,0.0000113,0.0000000,0.0000000
87073,0.0000113,0.0000000,0.0000000
87074,0.0000113,0.0000000,0.0000000
87075,0.0000113,0.0000000,0.0000000
87076,0.0000113,0.0000000,0.0000000
87077,0.0000113,0.0000000,0.0000000
87078,0.0000113,0.0000000,0.0000000
87079,0.0000113,0.0000000,0.0000000
87080,0.0000113,0.0000000,0.0000000
87081,0.0000113,0.0000000,0.0000000
87082,0.0000113,0.0000000,0.0000000
87083,0.0000113,0.0000000,0.0000000
87084,0.0000113,0.0000000,0.0000000
87085,0.0000113,0.0000000,0.0000000
87086,0.0000113,0.0000000,0.0000000
87087,0.0000113,0.0000000,0.0000000
87088,0.0000113,0.0000000,0.0000000
87089,0.0000113,0.0000000,0.0000000
87090,0.0000113,0.0000000,0.0000000
87091,0.0000113,0.0000000,0.0000000
87092,0.0000113,0.0000000,0.0000000
87093,0.0000113,0.0000000,0.0000000
87094,0.0000113,0.0000000,0.0000000
87095,0.0000113,0.0000000,0.0000000
87096,0.0000113,0.0000000,0.0000000
87097,0.0000113,0.0000000,0.0000000
87098,0.0000113,0.0000000,0.0000000
87099,0.0000113,0.0000000,0.0000000
87100,0.0000113,0.0000000,0.0000000
87101,0.0000113,0.0000000,0.0000000
87102,0.0000113,0.0000000,0.0000000
87103,0.0000113,0.0000000,0.0000000
87104,0.0000113,0.0000000,0.0000000
87105,0.0000113,0.0000000,0.0000000
87106,0.0000113,0.0000000,0.0000000
87107,0.0000113,0.0000000,0.0000000
87108,0.0000113,0.0000000,0.0000000
87109,0.0000113,0.0000000,0.0000000
87110,0.0000113,0.0000000,0.0000000
87111,0.0000113,0.0000000,0.0000000
87112,0.0000113,0.0000000,0.0000000
87113,0.0000113,0.0000000,0.0000000
87114,0.0000113,0.0000000,0.0000000
87115,0.0000113,0.0000000,0.0000000
87116,0.0000113,0.0000000,0.0000000
87117,0.0000113,0.0000000,0.0000000
87118,0.0000113,0.0000000,0.0000000
87119,0.0000113,0.0000000,0.0000000
87120,0.0000113,0.0000000,0.0000000
87121,0.0000113,0.0000000,0.0000000
87122,0.0000113,0.0000000,0.0000000
87123,0.0000113,0.0000000,0.0000000
87124,0.0000113,0.0000000,0.0000000
87125,0.0000113,0.0000000,0.0000000
87126,0.0000113,0.0000000,0.0000000
87127,0.0000113,0.0000000,0.0000000
87128,0.0000113,0.0000000,0.0000000
87129,0.0000113,0.0000000,0.0000000
87130,0.0000113,0.0000000,0.0000000
87131,0.0000113,0.0000000,0.0000000
87132,0.0000113,0.0000000,0.0000000
87133,0.0000113,0.0000000,0.0000000
87134,0.0000113,0.0000000,0.0000000
87135,0.0000113,0.0000000,0.0000000
87136,0.0000113,0.0000000,0.0000000
87137,0.0000113,0.0000000,0.0000000
87138,0.0000113,0.0000000,0.0000000
87139,0.0000113,0.0000000,0.0000000
87140,0.0000113,0.0000000,0.0000000
87141,0.0000113,0.0000000,0.0000000
87142,0.0000113,0.0000000,0.0000000
87143,0.0000113,0.0000000,0.0000000
87144,0.0000113,0.0000000,0.0000000
87145,0.0000113,0.0000000,0.0000000
87146,0.0000113,0.0000000,0.0000000
87147,0.0000113,0.0000000,0.0000000
87148,0.0000113,0.0000000,0.0000000
87149,0.0000113,0.0000000,0.0000000
87150,0.0000113,0.0000000,0.0000000
87151,0.0000113,0.0000000,0.0000000
87152,0.0000113,0.0000000,0.0000000
87153,0.0000113,0.0000000,0.0000000
87154,0.0000113,0.0000000,0.0000000
87155,0.0000113,0.0000000,0.0000000
87156,0.0000113,0.0000000,0.0000000
87157,0.0000113,0.0000000,0.0000000
87158,0.0000113,0.0000000,0.0000000
87159,0.0000113,0.0000000,0.0000000
87160,0.0000113,0.0000000,0.0000000
87161,0.0000113,0.0000000,0.0000000
87162,0.0000113,0.0000000,0.0000000
87163,0.0000113,0.0000000,0.0000000
87164,0.0000113,0.0000000,0.0000000
87165,0.0000113,0.0000000,0.0000000
87166,0.0000113,0.0000000,0.0000000
87167,0.0000113,0.0000000,0.0000000
87168,0.0000113,0.0000000,0.0000000
87169,0.0000113,0.0000000,0.0000000
87170,0.0000113,0.0000000,0.0000000
87171,0.0000113,0.0000000,0.0000000
87172,0.0000113,0.0000000,0.0000000
87173,0.0000113,0.0000000,0.0000000
87174,0.0000113,0.0000000,0.0000000
87175,0.0000113,0.0000000,0.0000000
87176,0.0000113,0.0000000,0.0000000
87177,0.0000113,0.0000000,0.0000000
87178,0.0000113,0.0000000,0.0000000
87179,0.0000113,0.0000000,0.0000000
87180,0.0000113,0.0000000,0.0000000
87181,0.0000113,0.0000000,0.0000000
87182,0.0000113,0.0000000,0.0000000
87183,0.0000113,0.0000000,0.0000000
87184,0.0000113,0.0000000,0.0000000
87185,0.0000113,0.0000000,0.0000000
87186,0.0000113,0.0000000,0.0000000
87187,0.0000113,0.0000000,0.0000000
87188,0.0000113,0.0000000,0.0000000
87189,0.0000113,0.0000000,0.0000000
87190,0.0000113,0.0000000,0.0000000
87191,0.0000113,0.0000000,0.0000000
87192,0.0000113,0.0000000,0.0000000
87193,0.0000113,0.0000000,0.0000000
87194,0.0000113,0.0000000,0.0000000
87195,0.0000113,0.0000000,0.0000000
87196,0.0000113,0.0000000,0.0000000
87197,0.0000113,0.0000000,0.0000000
87198,0.0000113,0.0000000,0.0000000
87199,0.0000113,0.0000000,0.0000000
87200,0.0000113,0.0000000,0.0000000
87201,0.0000113,0.0000000,0.0000000
87202,0.0000113,0.0000000,0.0000000
87203,0.0000113,0.0000000,0.0000000
87204,0.0000113,0.0000000,0.0000000
87205,0.0000113,0.0000000,0.0000000
87206,0.0000113,0.0000000,0.0000000
87207,0.0000113,0.0000000,0.0000000
87208,0.0000113,0.0000000,0.0000000
87209,0.0000113,0.0000000,0.0000000
87210,0.0000113,0.0000000,0.0000000
87211,0.0000113,0.0000000,0.0000000
87212,0.0000113,0.0000000,0.0000000
87213,0.0000113,0.0000000,0.0000000
87214,0.0000113,0.0000000,0.0000000
87215,0.0000113,0.0000000,0.0000000
87216,0.0000113,0.0000000,0.0000000
87217,0.0000113,0.0000000,0.0000000
87218,0.0000113,0.0000000,0.0000000
87219,0.0000113,0.0000000,0.0000000
87220,0.0000113,0.0000000,0.0000000
87221,0.0000113,0.0000000,0.0000000
87222,0.0000113,0.0000000,0.0000000
87223,0.0000113,0.0000000,0.0000000
87224,0.0000113,0.0000000,0.0000000
87225,0.0000113,0.0000000,0.0000000
87226,0.0000113,0.0000000,0.0000000
87227,0.0000113,0.0000000,0.0000000
87228,0.0000113,0.0000000,0.0000000
87229,0.0000113,0.0000000,0.0000000
87230,0.0000113,0.0000000,0.0000000
87231,0.0000113,0.0000000,0.0000000
87232,0.0000113,0.0000000,0.0000000
87233,0.0000113,0.0000000,0.0000000
87234,0.0000113,0.0000000,0.0000000
87235,0.0000113,0.0000000,0.0000000
87236,0.0000113,0.0000000,0.0000000
87237,0.0000113,0.0000000,0.0000000
87238,0.0000113,0.0000000,0.0000000
87239,0.0000113,0.0000000,0.0000000
87240,0.0000113,0.0000000,0.0000000
87241,0.0000113,0.0000000,0.0000000
87242,0.0000113,0.0000000,0.0000000
87243,0.0000113,0.0000000,0.0000000
87244,0.0000113,0.0000000,0.0000000
87245,0.0000113,0.0000000,0.0000000
87246,0.0000113,0.0000000,0.0000000
87247,0.0000113,0.0000000,0.0000000
87248,0.0000112,0.0000000,0.0000000
87249,0.0000112,0.0000000,0.0000000
87250,0.0000112,0.0000000,0.0000000
87251,0.0000112,0.0000000,0.0000000
87252,0.0000112,0.0000000,0.0000000
87253,0.0000112,0.0000000,0.0000000
87254,0.0000112,0.0000000,0.0000000
87255,0.0000112,0.0000000,0.0000000
87256,0.0000112,0.0000000,0.0000000
87257,0.0000112,0.0000000,0.0000000
87258,0.0000112,0.0000000,0.0000000
87259,0.0000112,0.0000000,0.0000000
87260,0.0000112,0.0000000,0.0000000
87261,0.0000112,0.0000000,0.0000000
87262,0.0000112,0.0000000,0.0000000
87263,0.0000112,0.0000000,0.0000000
87264,0.0000112,0.0000000,0.0000000
87265,0.0000112,0.0000000,0.0000000
87266,0.0000112,0.0000000,0.0000000
87267,0.0000112,0.0000000,0.0000000
87268,0.0000112,0.0000000,0.0000000
87269,0.0000112,0.0000000,0.0000000
87270,0.0000112,0.0000000,0.0000000
87271,0.0000112,0.0000000,0.0000000
87272,0.0000112,0.0000000,0.0000000
87273,0.0000112,0.0000000,0.0000000
87274,0.0000112,0.0000000,0.0000000
87275,0.0000112,0.0000000,0.0000000
87276,0.0000112,0.0000000,0.0000000
87277,0.0000112,0.0000000,0.0000000
87278,0.0000112,0.0000000,0.0000000
87279,0.0000112,0.0000000,0.0000000
87280,0.0000112,0.0000000,0.0000000
87281,0.0000112,0.0000000,0.0000000
87282,0.0000112,0.0000000,0.0000000
87283,0.0000112,0.0000000,0.0000000
87284,0.0000112,0.0000000,0.0000000
87285,0.0000112,0.0000000,0.0000000
87286,0.0000112,0.0000000,0.0000000
87287,0.0000112,0.0000000,0.0000000
87288,0.0000112,0.0000000,0.0000000
87289,0.0000112,0.0000000,0.0000000
87290,0.0000112,0.0000000,0.0000000
87291,0.0000112,0.0000000,0.0000000
87292,0.0000112,0.0000000,0.0000000
87293,0.0000112,0.0000000,0.0000000
87294,0.0000112,0.0000000,0.0000000
87295,0.0000112,0.0000000,0.0000000
87296,0.0000112,0.0000000,0.0000000
87297,0.0000112,0.0000000,0.0000000
87298,0.0000112,0.0000000,0.0000000
87299,0.0000112,0.0000000,0.0000000
87300,0.0000112,0.0000000,0.0000000
87301,0.0000112,0.0000000,0.0000000
87302,0.0000112,0.0000000,0.0000000
87303,0.0000112,0.0000000,0.0000000
87304,0.0000112,0.0000000,0.0000000
87305,0.0000112,0.0000000,0.0000000
87306,0.0000112,0.0000000,0.0000000
87307,0.0000112,0.0000000,0.0000000
87308,0.0000112,0.0000000,0.0000000
87309,0.0000112,0.0000000,0.0000000
87310,0.0000112,0.0000000,0.0000000
87311,0.0000112,0.0000000,0.0000000
87312,0.0000112,0.0000000,0.0000000
87313,0.0000112,0.0000000,0.0000000
87314,0.0000112,0.0000000,0.0000000
87315,0.0000112,0.0000000,0.0000000
87316,0.0000112,0.0000000,0.0000000
87317,0.0000112,0.0000000,0.0000000
87318,0.0000112,0.0000000,0.0000000
87319,0.0000112,0.0000000,0.0000000
87320,0.0000112,0.0000000,0.0000000
87321,0.0000112,0.0000000,0.0000000
87322,0.0000112,0.0000000,0.0000000
87323,0.0000112,0.0000000,0.0000000
87324,0.0000112,0.0000000,0.0000000
87325,0.0000112,0.0000000,0.0000000
87326,0.0000112,0.0000000,0.0000000
87327,0.0000112,0.0000000,0.0000000
87328,0.0000112,0.0000000,0.0000000
87329,0.0000112,0.0000000,0.0000000
87330,0.0000112,0.0000000,0.0000000
87331,0.0000112,0.0000000,0.0000000
87332,0.0000112,0.0000000,0.0000000
87333,0.0000112,0.0000000,0.0000000
87334,0.0000112,0.0000000,0.0000000
87335,0.0000112,0.0000000,0.0000000
87336,0.0000112,0.0000000,0.0000000
87337,0.0000112,0.0000000,0.0000000
87338,0.0000112,0.0000000,0.0000000
87339,0.0000112,0.0000000,0.0000000
87340,0.0000112,0.0000000,0.0000000
87341,0.0000112,0.0000000,0.0000000
87342,0.0000112,0.0000000,0.0000000
87343,0.0000112,0.0000000,0.0000000
87344,0.0000112,0.0000000,0.0000000
87345,0.0000112,0.0000000,0.0000000
87346,0.0000112,0.0000000,0.0000000
87347,0.0000112,0.0000000,0.0000000
87348,0.0000112,0.0000000,0.0000000
87349,0.0000112,0.0000000,0.0000000
87350,0.0000112,0.0000000,0.0000000
87351,0.0000112,0.0000000,0.0000000
87352,0.0000112,0.0000000,0.0000000
87353,0.0000112,0.0000000,0.0000000
87354,0.0000112,0.0000000,0.0000000
87355,0.0000112,0.0000000,0.0000000
87356,0.0000112,0.0000000,0.0000000
87357,0.0000112,0.0000000,0.0000000
87358,0.0000112,0.0000000,0.0000000
87359,0.0000112,0.0000000,0.0000000
87360,0.0000112,0.0000000,0.0000000
87361,0.0000112,0.0000000,0.0000000
87362,0.0000112,0.0000000,0.0000000
87363,0.0000112,0.0000000,0.0000000
87364,0.0000112,0.0000000,0.0000000
87365,0.0000112,0.0000000,0.0000000
87366,0.0000112,0.0000000,0.0000000
87367,0.0000112,0.0000000,0.0000000
87368,0.0000112,0.0000000,0.0000000
87369,0.0000112,0.0000000,0.0000000
87370,0.0000112,0.0000000,0.0000000
87371,0.0000112,0.0000000,0.0000000
87372,0.0000112,0.0000000,0.0000000
87373,0.0000112,0.0000000,0.0000000
87374,0.0000112,0.0000000,0.0000000
87375,0.0000112,0.0000000,0.0000000
87376,0.0000112,0.0000000,0.0000000
87377,0.0000112,0.0000000,0.0000000
87378,0.0000112,0.0000000,0.0000000
87379,0.0000112,0.0000000,0.0000000
87380,0.0000112,0.0000000,0.0000000
87381,0.0000112,0.0000000,0.0000000
87382,0.0000112,0.0000000,0.0000000
87383,0.0000112,0.0000000,0.0000000
87384,0.0000112,0.0000000,0.0000000
87385,0.0000112,0.0000000,0.0000000
87386,0.0000112,0.0000000,0.0000000
87387,0.0000112,0.0000000,0.0000000
87388,0.0000112,0.0000000,0.0000000
87389,0.0000112,0.0000000,0.0000000
87390,0.0000112,0.0000000,0.0000000
87391,0.0000112,0.0000000,0.0000000
87392,0.0000112,0.0000000,0.0000000
87393,0.0000112,0.0000000,0.0000000
87394,0.0000112,0.0000000,0.0000000
87395,0.0000112,0.0000000,0.0000000
87396,0.0000112,0.0000000,0.0000000
87397,0.0000112,0.0000000,0.0000000
87398,0.0000112,0.0000000,0.0000000
87399,0.0000112,0.0000000,0.0000000
87400,0.0000112,0.0000000,0.0000000
87401,0.0000112,0.0000000,0.0000000
87402,0.0000112,0.0000000,0.0000000
87403,0.0000112,0.0000000,0.0000000
87404,0.0000112,0.0000000,0.0000000
87405,0.0000112,0.0000000,0.0000000
87406,0.0000112,0.0000000,0.0000000
87407,0.0000112,0.0000000,0.0000000
87408,0.0000112,0.0000000,0.0000000
87409,0.0000112,0.0000000,0.0000000
87410,0.0000112,0.0000000,0.0000000
87411,0.0000112,0.0000000,0.0000000
87412,0.0000112,0.0000000,0.0000000
87413,0.0000112,0.0000000,0.0000000
87414,0.0000112,0.0000000,0.0000000
87415,0.0000112,0.0000000,0.0000000
87416,0.0000112,0.0000000,0.0000000
87417,0.0000112,0.0000000,0.0000000
87418,0.0000112,0.0000000,0.0000000
87419,0.0000112,0.0000000,0.0000000
87420,0.0000112,0.0000000,0.0000000
87421,0.0000112,0.0000000,0.0000000
87422,0.0000112,0.0000000,0.0000000
87423,0.0000112,0.0000000,0.0000000
87424,0.0000112,0.0000000,0.0000000
87425,0.0000112,0.0000000,0.0000000
87426,0.0000112,0.0000000,0.0000000
87427,0.0000112,0.0000000,0.0000000
87428,0.0000112,0.0000000,0.0000000
87429,0.0000112,0.0000000,0.0000000
87430,0.0000112,0.0000000,0.0000000
87431,0.0000112,0.0000000,0.0000000
87432,0.0000112,0.0000000,0.0000000
87433,0.0000112,0.0000000,0.0000000
87434,0.0000112,0.0000000,0.0000000
87435,0.0000112,0.0000000,0.0000000
87436,0.0000112,0.0000000,0.0000000
87437,0.0000112,0.0000000,0.0000000
87438,0.0000112,0.0000000,0.0000000
87439,0.0000112,0.0000000,0.0000000
87440,0.0000112,0.0000000,0.0000000
87441,0.0000112,0.0000000,0.0000000
87442,0.0000112,0.0000000,0.0000000
87443,0.0000112,0.0000000,0.0000000
87444,0.0000112,0.0000000,0.0000000
87445,0.0000112,0.0000000,0.0000000
87446,0.0000112,0.0000000,0.0000000
87447,0.0000112,0.0000000,0.0000000
87448,0.0000112,0.0000000,0.0000000
87449,0.0000111,0.0000000,0.0000000
87450,0.0000111,0.0000000,0.0000000
87451,0.0000111,0.0000000,0.0000000
87452,0.0000111,0.0000000,0.0000000
87453,0.0000111,0.0000000,0.0000000
87454,0.0000111,0.0000000,0.0000000
87455,0.0000111,0.0000000,0.0000000
87456,0.0000111,0.0000000,0.0000000
87457,0.0000111,0.0000000,0.0000000
87458,0.0000111,0.0000000,0.0000000
87459,0.0000111,0.0000000,0.0000000
87460,0.0000111,0.0000000,0.0000000
87461,0.0000111,0.0000000,0.0000000
87462,0.0000111,0.0000000,0.0000000
87463,0.0000111,0.0000000,0.0000000
87464,0.0000111,0.0000000,0.0000000
87465,0.0000111,0.0000000,0.0000000
87466,0.0000111,0.0000000,0.0000000
87467,0.0000111,0.0000000,0.0000000
87468,0.0000111,0.0000000,0.0000000
87469,0.0000111,0.0000000,0.0000000
87470,0.0000111,0.0000000,0.0000000
87471,0.0000111,0.0000000,0.0000000
87472,0.0000111,0.0000000,0.0000000
87473,0.0000111,0.0000000,0.0000000
87474,0.0000111,0.0000000,0.0000000
87475,0.0000111,0.0000000,0.0000000
87476,0.0000111,0.0000000,0.0000000
87477,0.0000111,0.0000000,0.0000000
87478,0.0000111,0.0000000,0.0000000
87479,0.0000111,0.0000000,0.0000000
87480,0.0000111,0.0000000,0.0000000
87481,0.0000111,0.0000000,0.0000000
87482,0.0000111,0.0000000,0.0000000
87483,0.0000111,0.0000000,0.0000000
87484,0.0000111,0.0000000,0.0000000
87485,0.0000111,0.0000000,0.0000000
87486,0.0000111,0.0000000,0.0000000
87487,0.0000111,0.0000000,0.0000000
87488,0.0000111,0.0000000,0.0000000
87489,0.0000111,0.0000000,0.0000000
87490,0.0000111,0.0000000,0.0000000
87491,0.0000111,0.0000000,0.0000000
87492,0.0000111,0.0000000,0.0000000
87493,0.0000111,0.0000000,0.0000000
87494,0.0000111,0.0000000,0.0000000
87495,0.0000111,0.0000000,0.0000000
87496,0.0000111,0.0000000,0.0000000
87497,0.0000111,0.0000000,0.0000000
87498,0.0000111,0.0000000,0.0000000
87499,0.0000111,0.0000000,0.0000000
87500,0.0000111,0.0000000,0.0000000
87501,0.0000111,0.0000000,0.0000000
87502,0.0000111,0.0000000,0.0000000
87503,0.0000111,0.0000000,0.0000000
87504,0.0000111,0.0000000,0.0000000
87505,0.0000111,0.0000000,0.0000000
87506,0.0000111,0.0000000,0.0000000
87507,0.0000111,0.0000000,0.0000000
87508,0.0000111,0.0000000,0.0000000
87509,0.0000111,0.0000000,0.0000000
87510,0.0000111,0.0000000,0.0000000
87511,0.0000111,0.0000000,0.0000000
87512,0.0000111,0.0000000,0.0000000
87513,0.0000111,0.0000000,0.0000000
87514,0.0000111,0.0000000,0.0000000
87515,0.0000111,0.0000000,0.0000000
87516,0.0000111,0.0000000,0.0000000
87517,0.0000111,0.0000000,0.0000000
87518,0.0000111,0.0000000,0.0000000
87519,0.0000111,0.0000000,0.0000000
87520,0.0000111,0.0000000,0.0000000
87521,0.0000111,0.0000000,0.0000000
87522,0.0000111,0.0000000,0.0000000
87523,0.0000111,0.0000000,0.0000000
87524,0.0000111,0.0000000,0.0000000
87525,0.0000111,0.0000000,0.0000000
87526,0.0000111,0.0000000,0.0000000
87527,0.0000111,0.0000000,0.0000000
87528,0.0000111,0.0000000,0.0000000
87529,0.0000111,0.0000000,0.0000000
87530,0.0000111,0.0000000,0.0000000
87531,0.0000111,0.0000000,0.0000000
87532,0.0000111,0.0000000,0.0000000
87533,0.0000111,0.0000000,0.0000000
87534,0.0000111,0.0000000,0.0000000
87535,0.0000111,0.0000000,0.0000000
87536,0.0000111,0.0000000,0.0000000
87537,0.0000111,0.0000000,0.0000000
87538,0.0000111,0.0000000,0.0000000
87539,0.0000111,0.0000000,0.0000000
87540,0.0000111,0.0000000,0.0000000
87541,0.0000111,0.0000000,0.0000000
87542,0.0000111,0.0000000,0.0000000
87543,0.0000111,0.0000000,0.0000000
87544,0.0000111,0.0000000,0.0000000
87545,0.0000111,0.0000000,0.0000000
87546,0.0000111,0.0000000,0.0000000
87547,0.0000111,0.0000000,0.0000000
87548,0.0000111,0.0000000,0.0000000
87549,0.0000111,0.0000000,0.0000000
87550,0.0000111,0.0000000,0.0000000
87551,0.0000111,0.0000000,0.0000000
87552,0.0000111,0.0000000,0.0000000
87553,0.0000111,0.0000000,0.0000000
87554,0.0000111,0.0000000,0.0000000
87555,0.0000111,0.0000000,0.0000000
87556,0.0000111,0.0000000,0.0000000
87557,0.0000111,0.0000000,0.0000000
87558,0.0000111,0.0000000,0.0000000
87559,0.0000111,0.0000000,0.0000000
87560,0.0000111,0.0000000,0.0000000
87561,0.0000111,0.0000000,0.0000000
87562,0.0000111,0.0000000,0.0000000
87563,0.0000111,0.0000000,0.0000000
87564,0.0000111,0.0000000,0.0000000
87565,0.0000111,0.0000000,0.0000000
87566,0.0000111,0.0000000,0.0000000
87567,0.0000111,0.0000000,0.0000000
87568,0.0000111,0.0000000,0.0000000
87569,0.0000111,0.0000000,0.0000000
87570,0.0000111,0.0000000,0.0000000
87571,0.0000111,0.0000000,0.0000000
87572,0.0000111,0.0000000,0.0000000
87573,0.0000111,0.0000000,0.0000000
87574,0.0000111,0.0000000,0.0000000
87575,0.0000111,0.0000000,0.0000000
87576,0.0000111,0.0000000,0.0000000
87577,0.0000111,0.0000000,0.0000000
87578,0.0000111,0.0000000,0.0000000
87579,0.0000111,0.0000000,0.0000000
87580,0.0000111,0.0000000,0.0000000
87581,0.0000111,0.0000000,0.0000000
87582,0.0000111,0.0000000,0.0000000
87583,0.0000111,0.0000000,0.0000000
87584,0.0000111,0.0000000,0.0000000
87585,0.0000111,0.0000000,0.0000000
87586,0.0000111,0.0000000,0.0000000
87587,0.0000111,0.0000000,0.0000000
87588,0.0000111,0.0000000,0.0000000
87589,0.0000111,0.0000000,0.0000000
87590,0.0000111,0.0000000,0.0000000
87591,0.0000111,0.0000000,0.0000000
87592,0.0000111,0.0000000,0.0000000
87593,0.0000111,0.0000000,0.0000000
87594,0.0000111,0.0000000,0.0000000
87595,0.0000111,0.0000000,0.0000000
87596,0.0000111,0.0000000,0.0000000
87597,0.0000111,0.0000000,0.0000000
87598,0.0000111,0.0000000,0.0000000
87599,0.0000111,0.0000000,0.0000000
87600,0.0000111,0.0000000,0.0000000
87601,0.0000111,0.0000000,0.0000000
87602,0.0000111,0.0000000,0.0000000
87603,0.0000111,0.0000000,0.0000000
87604,0.0000111,0.0000000,0.0000000
87605,0.0000111,0.0000000,0.0000000
87606,0.0000111,0.0000000,0.0000000
87607,0.0000111,0.0000000,0.0000000
87608,0.0000111,0.0000000,0.0000000
87609,0.0000111,0.0000000,0.0000000
87610,0.0000111,0.0000000,0.0000000
87611,0.0000111,0.0000000,0.0000000
87612,0.0000111,0.0000000,0.0000000
87613,0.0000111,0.0000000,0.0000000
87614,0.0000111,0.0000000,0.0000000
87615,0.0000111,0.0000000,0.0000000
87616,0.0000111,0.0000000,0.0000000
87617,0.0000111,0.0000000,0.0000000
87618,0.0000111,0.0000000,0.0000000
87619,0.0000111,0.0000000,0.0000000
87620,0.0000111,0.0000000,0.0000000
87621,0.0000111,0.0000000,0.0000000
87622,0.0000111,0.0000000,0.0000000
87623,0.0000111,0.0000000,0.0000000
87624,0.0000111,0.0000000,0.0000000
87625,0.0000111,0.0000000,0.0000000
87626,0.0000111,0.0000000,0.0000000
87627,0.0000111,0.0000000,0.0000000
87628,0.0000111,0.0000000,0.0000000
87629,0.0000111,0.0000000,0.0000000
87630,0.0000111,0.0000000,0.0000000
87631,0.0000111,0.0000000,0.0000000
87632,0.0000111,0.0000000,0.0000000
87633,0.0000111,0.0000000,0.0000000
87634,0.0000111,0.0000000,0.0000000
87635,0.0000111,0.0000000,0.0000000
87636,0.0000111,0.0000000,0.0000000
87637,0.0000111,0.0000000,0.0000000
87638,0.0000111,0.0000000,0.0000000
87639,0.0000111,0.0000000,0.0000000
87640,0.0000111,0.0000000,0.0000000
87641,0.0000111,0.0000000,0.0000000
87642,0.0000111,0.0000000,0.0000000
87643,0.0000111,0.0000000,0.0000000
87644,0.0000111,0.0000000,0.0000000
87645,0.0000111,0.0000000,0.0000000
87646,0.0000111,0.0000000,0.0000000
87647,0.0000111,0.0000000,0.0000000
87648,0.0000111,0.0000000,0.0000000
87649,0.0000111,0.0000000,0.0000000
87650,0.0000110,0.0000000,0.0000000
87651,0.0000110,0.0000000,0.0000000
87652,0.0000110,0.0000000,0.0000000
87653,0.0000110,0.0000000,0.0000000
87654,0.0000110,0.0000000,0.0000000
87655,0.0000110,0.0000000,0.0000000
87656,0.0000110,0.0000000,0.0000000
87657,0.0000110,0.0000000,0.0000000
87658,0.0000110,0.0000000,0.0000000
87659,0.0000110,0.0000000,0.0000000
87660,0.0000110,0.0000000,0.0000000
87661,0.0000110,0.0000000,0.0000000
87662,0.0000110,0.0000000,0.0000000
87663,0.0000110,0.0000000,0.0000000
87664,0.0000110,0.0000000,0.0000000
87665,0.0000110,0.0000000,0.0000000
87666,0.0000110,0.0000000,0.0000000
87667,0.0000110,0.0000000,0.0000000
87668,0.0000110,0.0000000,0.0000000
87669,0.0000110,0.0000000,0.0000000
87670,0.0000110,0.0000000,0.0000000
87671,0.0000110,0.0000000,0.0000000
87672,0.0000110,0.0000000,0.0000000
87673,0.0000110,0.0000000,0.0000000
87674,0.0000110,0.0000000,0.0000000
87675,0.0000110,0.0000000,0.0000000
87676,0.0000110,0.0000000,0.0000000
87677,0.0000110,0.0000000,0.0000000
87678,0.0000110,0.0000000,0.0000000
87679,0.0000110,0.0000000,0.0000000
87680,0.0000110,0.0000000,0.0000000
87681,0.0000110,0.0000000,0.0000000
87682,0.0000110,0.0000000,0.0000000
87683,0.0000110,0.0000000,0.0000000
87684,0.0000110,0.0000000,0.0000000
87685,0.0000110,0.0000000,0.0000000
87686,0.0000110,0.0000000,0.0000000
87687,0.0000110,0.0000000,0.0000000
87688,0.0000110,0.0000000,0.0000000
87689,0.0000110,0.0000000,0.0000000
87690,0.0000110,0.0000000,0.0000000
87691,0.0000110,0.0000000,0.0000000
87692,0.0000110,0.0000000,0.0000000
87693,0.0000110,0.0000000,0.0000000
87694,0.0000110,0.0000000,0.0000000
87695,0.0000110,0.0000000,0.0000000
87696,0.0000110,0.0000000,0.0000000
87697,0.0000110,0.0000000,0.0000000
87698,0.0000110,0.0000000,0.0000000
87699,0.0000110,0.0000000,0.0000000
87700,0.0000110,0.0000000,0.0000000
87701,0.0000110,0.0000000,0.0000000
87702,0.0000110,0.0000000,0.0000000
87703,0.0000110,0.0000000,0.0000000
87704,0.0000110,0.0000000,0.0000000
87705,0.0000110,0.0000000,0.0000000
87706,0.0000110,0.0000000,0.0000000
87707,0.0000110,0.0000000,0.0000000
87708,0.0000110,0.0000000,0.0000000
87709,0.0000110,0.0000000,0.0000000
87710,0.0000110,0.0000000,0.0000000
87711,0.0000110,0.0000000,0.0000000
87712,0.0000110,0.0000000,0.0000000
87713,0.0000110,0.0000000,0.0000000
87714,0.0000110,0.0000000,0.0000000
87715,0.0000110,0.0000000,0.0000000
87716,0.0000110,0.0000000,0.0000000
87717,0.0000110,0.0000000,0.0000000
87718,0.0000110,0.0000000,0.0000000
87719,0.0000110,0.0000000,0.0000000
87720,0.0000110,0.0000000,0.0000000
87721,0.0000110,0.0000000,0.0000000
87722,0.0000110,0.0000000,0.0000000
87723,0.0000110,0.0000000,0.0000000
87724,0.0000110,0.0000000,0.0000000
87725,0.0000110,0.0000000,0.0000000
87726,0.0000110,0.0000000,0.0000000
87727,0.0000110,0.0000000,0.0000000
87728,0.0000110,0.0000000,0.0000000
87729,0.0000110,0.0000000,0.0000000
87730,0.0000110,0.0000000,0.0000000
87731,0.0000110,0.0000000,0.0000000
87732,0.0000110,0.0000000,0.0000000
87733,0.0000110,0.0000000,0.0000000
87734,0.0000110,0.0000000,0.0000000
87735,0.0000110,0.0000000,0.0000000
87736,0.0000110,0.0000000,0.0000000
87737,0.0000110,0.0000000,0.0000000
87738,0.0000110,0.0000000,0.0000000
87739,0.0000110,0.0000000,0.0000000
87740,0.0000110,0.0000000,0.0000000
87741,0.0000110,0.0000000,0.0000000
87742,0.0000110,0.0000000,0.0000000
87743,0.0000110,0.0000000,0.0000000
87744,0.0000110,0.0000000,0.0000000
87745,0.0000110,0.0000000,0.0000000
87746,0.0000110,0.0000000,0.0000000
87747,0.0000110,0.0000000,0.0000000
87748,0.0000110,0.0000000,0.0000000
87749,0.0000110,0.0000000,0.0000000
87750,0.0000110,0.0000000,0.0000000
87751,0.0000110,0.0000000,0.0000000
87752,0.0000110,0.0000000,0.0000000
87753,0.0000110,0.0000000,0.0000000
87754,0.0000110,0.0000000,0.0000000
87755,0.0000110,0.0000000,0.0000000
87756,0.0000110,0.0000000,0.0000000
87757,0.0000110,0.0000000,0.0000000
87758,0.0000110,0.0000000,0.0000000
87759,0.0000110,0.0000000,0.0000000
87760,0.0000110,0.0000000,0.0000000
87761,0.0000110,0.0000000,0.0000000
87762,0.0000110,0.0000000,0.0000000
87763,0.0000110,0.0000000,0.0000000
87764,0.0000110,0.0000000,0.0000000
87765,0.0000110,0.0000000,0.0000000
87766,0.0000110,0.0000000,0.0000000
87767,0.0000110,0.0000000,0.0000000
87768,0.0000110,0.0000000,0.0000000
87769,0.0000110,0.0000000,0.0000000
87770,0.0000110,0.0000000,0.0000000
87771,0.0000110,0.0000000,0.0000000
87772,0.0000110,0.0000000,0.0000000
87773,0.0000110,0.0000000,0.0000000
87774,0.0000110,0.0000000,0.0000000
87775,0.0000110,0.0000000,0.0000000
87776,0.0000110,0.0000000,0.0000000
87777,0.0000110,0.0000000,0.0000000
87778,0.0000110,0.0000000,0.0000000
87779,0.0000110,0.0000000,0.0000000
87780,0.0000110,0.0000000,0.0000000
87781,0.0000110,0.0000000,0.0000000
87782,0.0000110,0.0000000,0.0000000
87783,0.0000110,0.0000000,0.0000000
87784,0.0000110,0.0000000,0.0000000
87785,0.0000110,0.0000000,0.0000000
87786,0.0000110,0.0000000,0.0000000
87787,0.0000110,0.0000000,0.0000000
87788,0.0000110,0.0000000,0.0000000
87789,0.0000110,0.0000000,0.0000000
87790,0.0000110,0.0000000,0.0000000
87791,0.0000110,0.0000000,0.0000000
87792,0.0000110,0.0000000,0.0000000
87793,0.0000110,0.0000000,0.0000000
87794,0.0000110,0.0000000,0.0000000
87795,0.0000110,0.0000000,0.0000000
87796,0.0000110,0.0000000,0.0000000
87797,0.0000110,0.0000000,0.0000000
87798,0.0000110,0.0000000,0.0000000
87799,0.0000110,0.0000000,0.0000000
87800,0.0000110,0.0000000,0.0000000
87801,0.0000110,0.0000000,0.0000000
87802,0.0000110,0.0000000,0.0000000
87803,0.0000110,0.0000000,0.0000000
87804,0.0000110,0.0000000,0.0000000
87805,0.0000110,0.0000000,0.0000000
87806,0.0000110,0.0000000,0.0000000
87807,0.0000110,0.0000000,0.0000000
87808,0.0000110,0.0000000,0.0000000
87809,0.0000110,0.0000000,0.0000000
87810,0.0000110,0.0000000,0.0000000
87811,0.0000110,0.0000000,0.0000000
87812,0.0000110,0.0000000,0.0000000
87813,0.0000110,0.0000000,0.0000000
87814,0.0000110,0.0000000,0.0000000
87815,0.0000110,0.0000000,0.0000000
87816,0.0000110,0.0000000,0.0000000
87817,0.0000110,0.0000000,0.0000000
87818,0.0000110,0.0000000,0.0000000
87819,0.0000110,0.0000000,0.0000000
87820,0.0000110,0.0000000,0.0000000
87821,0.0000110,0.0000000,0.0000000
87822,0.0000110,0.0000000,0.0000000
87823,0.0000110,0.0000000,0.0000000
87824,0.0000110,0.0000000,0.0000000
87825,0.0000110,0.0000000,0.0000000
87826,0.0000110,0.0000000,0.0000000
87827,0.0000110,0.0000000,0.0000000
87828,0.0000110,0.0000000,0.0000000
87829,0.0000110,0.0000000,0.0000000
87830,0.0000110,0.0000000,0.0000000
87831,0.0000110,0.0000000,0.0000000
87832,0.0000110,0.0000000,0.0000000
87833,0.0000110,0.0000000,0.0000000
87834,0.0000110,0.0000000,0.0000000
87835,0.0000110,0.0000000,0.0000000
87836,0.0000110,0.0000000,0.0000000
87837,0.0000110,0.0000000,0.0000000
87838,0.0000110,0.0000000,0.0000000
87839,0.0000110,0.0000000,0.0000000
87840,0.0000110,0.0000000,0.0000000
87841,0.0000110,0.0000000,0.0000000
87842,0.0000110,0.0000000,0.0000000
87843,0.0000110,0.0000000,0.0000000
87844,0.0000110,0.0000000,0.0000000
87845,0.0000110,0.0000000,0.0000000
87846,0.0000110,0.0000000,0.0000000
87847,0.0000110,0.0000000,0.0000000
87848,0.0000110,0.0000000,0.0000000
87849,0.0000110,0.0000000,0.0000000
87850,0.0000110,0.0000000,0.0000000
87851,0.0000110,0.0000000,0.0000000
87852,0.0000110,0.0000000,0.0000000
87853,0.0000110,0.0000000,0.0000000
87854,0.0000109,0.0000000,0.0000000
87855,0.0000109,0.0000000,0.0000000
87856,0.0000109,0.0000000,0.0000000
87857,0.0000109,0.0000000,0.0000000
87858,0.0000109,0.0000000,0.0000000
87859,0.0000109,0.0000000,0.0000000
87860,0.0000109,0.0000000,0.0000000
87861,0.0000109,0.0000000,0.0000000
87862,0.0000109,0.0000000,0.0000000
87863,0.0000109,0.0000000,0.0000000
87864,0.0000109,0.0000000,0.0000000
87865,0.0000109,0.0000000,0.0000000
87866,0.0000109,0.0000000,0.0000000
87867,0.0000109,0.0000000,0.0000000
87868,0.0000109,0.0000000,0.0000000
87869,0.0000109,0.0000000,0.0000000
87870,0.0000109,0.0000000,0.0000000
87871,0.0000109,0.0000000,0.0000000
87872,0.0000109,0.0000000,0.0000000
87873,0.0000109,0.0000000,0.0000000
87874,0.0000109,0.0000000,0.0000000
87875,0.0000109,0.0000000,0.0000000
87876,0.0000109,0.0000000,0.0000000
87877,0.0000109,0.0000000,0.0000000
87878,0.0000109,0.0000000,0.0000000
87879,0.0000109,0.0000000,0.0000000
87880,0.0000109,0.0000000,0.0000000
87881,0.0000109,0.0000000,0.0000000
87882,0.0000109,0.0000000,0.0000000
87883,0.0000109,0.0000000,0.0000000
87884,0.0000109,0.0000000,0.0000000
87885,0.0000109,0.0000000,0.0000000
87886,0.0000109,0.0000000,0.0000000
87887,0.0000109,0.0000000,0.0000000
87888,0.0000109,0.0000000,0.0000000
87889,0.0000109,0.0000000,0.0000000
87890,0.0000109,0.0000000,0.0000000
87891,0.0000109,0.0000000,0.0000000
87892,0.0000109,0.0000000,0.0000000
87893,0.0000109,0.0000000,0.0000000
87894,0.0000109,0.0000000,0.0000000
87895,0.0000109,0.0000000,0.0000000
87896,0.0000109,0.0000000,0.0000000
87897,0.0000109,0.0000000,0.0000000
87898,0.0000109,0.0000000,0.0000000
87899,0.0000109,0.0000000,0.0000000
87900,0.0000109,0.0000000,0.0000000
87901,0.0000109,0.0000000,0.0000000
87902,0.0000109,0.0000000,0.0000000
87903,0.0000109,0.0000000,0.0000000
87904,0.0000109,0.0000000,0.0000000
87905,0.0000109,0.0000000,0.0000000
87906,0.0000109,0.0000000,0.0000000
87907,0.0000109,0.0000000,0.0000000
87908,0.0000109,0.0000000,0.0000000
87909,0.0000109,0.0000000,0.0000000
87910,0.0000109,0.0000000,0.0000000
87911,0.0000109,0.0000000,0.0000000
87912,0.0000109,0.0000000,0.0000000
87913,0.0000109,0.0000000,0.0000000
87914,0.0000109,0.0000000,0.0000000
87915,0.0000109,0.0000000,0.0000000
87916,0.0000109,0.0000000,0.0000000
87917,0.0000109,0.0000000,0.0000000
87918,0.0000109,0.0000000,0.0000000
87919,0.0000109,0.0000000,0.0000000
87920,0.0000109,0.0000000,0.0000000
87921,0.0000109,0.0000000,0.0000000
87922,0.0000109,0.0000000,0.0000000
87923,0.0000109,0.0000000,0.0000000
87924,0.0000109,0.0000000,0.0000000
87925,0.0000109,0.0000000,0.0000000
87926,0.0000109,0.0000000,0.0000000
87927,0.0000109,0.0000000,0.0000000
87928,0.0000109,0.0000000,0.0000000
87929,0.0000109,0.0000000,0.0000000
87930,0.0000109,0.0000000,0.0000000
87931,0.0000109,0.0000000,0.0000000
87932,0.0000109,0.0000000,0.0000000
87933,0.0000109,0.0000000,0.0000000
87934,0.0000109,0.0000000,0.0000000
87935,0.0000109,0.0000000,0.0000000
87936,0.0000109,0.0000000,0.0000000
87937,0.0000109,0.0000000,0.0000000
87938,0.0000109,0.0000000,0.0000000
87939,0.0000109,0.0000000,0.0000000
87940,0.0000109,0.0000000,0.0000000
87941,0.0000109,0.0000000,0.0000000
87942,0.0000109,0.0000000,0.0000000
87943,0.0000109,0.0000000,0.0000000
87944,0.0000109,0.0000000,0.0000000
87945,0.0000109,0.0000000,0.0000000
87946,0.0000109,0.0000000,0.0000000
87947,0.0000109,0.0000000,0.0000000
87948,0.0000109,0.0000000,0.0000000
87949,0.0000109,0.0000000,0.0000000
87950,0.0000109,0.0000000,0.0000000
87951,0.0000109,0.0000000,0.0000000
87952,0.0000109,0.0000000,0.0000000
87953,0.0000109,0.0000000,0.0000000
87954,0.0000109,0.0000000,0.0000000
87955,0.0000109,0.0000000,0.0000000
87956,0.0000109,0.0000000,0.0000000
87957,0.0000109,0.0000000,0.0000000
87958,0.0000109,0.0000000,0.0000000
87959,0.0000109,0.0000000,0.0000000
87960,0.0000109,0.0000000,0.0000000
87961,0.0000109,0.0000000,0.0000000
87962,0.0000109,0.0000000,0.0000000
87963,0.0000109,0.0000000,0.0000000
87964,0.0000109,0.0000000,0.0000000
87965,0.0000109,0.0000000,0.0000000
87966,0.0000109,0.0000000,0.0000000
87967,0.0000109,0.0000000,0.0000000
87968,0.0000109,0.0000000,0.0000000
87969,0.0000109,0.0000000,0.0000000
87970,0.0000109,0.0000000,0.0000000
87971,0.0000109,0.0000000,0.0000000
87972,0.0000109,0.0000000,0.0000000
87973,0.0000109,0.0000000,0.0000000
87974,0.0000109,0.0000000,0.0000000
87975,0.0000109,0.0000000,0.0000000
87976,0.0000109,0.0000000,0.0000000
87977,0.0000109,0.0000000,0.0000000
87978,0.0000109,0.0000000,0.0000000
87979,0.0000109,0.0000000,0.0000000
87980,0.0000109,0.0000000,0.0000000
87981,0.0000109,0.0000000,0.0000000
87982,0.0000109,0.0000000,0.0000000
87983,0.0000109,0.0000000,0.0000000
87984,0.0000109,0.0000000,0.0000000
87985,0.0000109,0.0000000,0.0000000
87986,0.0000109,0.0000000,0.0000000
87987,0.0000109,0.0000000,0.0000000
87988,0.0000109,0.0000000,0.0000000
87989,0.0000109,0.0000000,0.0000000
87990,0.0000109,0.0000000,0.0000000
87991,0.0000109,0.0000000,0.0000000
87992,0.0000109,0.0000000,0.0000000
87993,0.0000109,0.0000000,0.0000000
87994,0.0000109,0.0000000,0.0000000
87995,0.0000109,0.0000000,0.0000000
87996,0.0000109,0.0000000,0.0000000
87997,0.0000109,0.0000000,0.0000000
87998,0.0000109,0.0000000,0.0000000
87999,0.0000109,0.0000000,0.0000000
88000,0.0000109,0.0000000,0.0000000
88001,0.0000109,0.0000000,0.0000000
88002,0.0000109,0.0000000,0.0000000
88003,0.0000109,0.0000000,0.0000000
88004,0.0000109,0.0000000,0.0000000
88005,0.0000109,0.0000000,0.0000000
88006,0.0000109,0.0000000,0.0000000
88007,0.0000109,0.0000000,0.0000000
88008,0.0000109,0.0000000,0.0000000
88009,0.0000109,0.0000000,0.0000000
88010,0.0000109,0.0000000,0.0000000
88011,0.0000109,0.0000000,0.0000000
88012,0.0000109,0.0000000,0.0000000
88013,0.0000109,0.0000000,0.0000000
88014,0.0000109,0.0000000,0.0000000
88015,0.0000109,0.0000000,0.0000000
88016,0.0000109,0.0000000,0.0000000
88017,0.0000109,0.0000000,0.0000000
88018,0.0000109,0.0000000,0.0000000
88019,0.0000109,0.0000000,0.0000000
88020,0.0000109,0.0000000,0.0000000
88021,0.0000109,0.0000000,0.0000000
88022,0.0000109,0.0000000,0.0000000
88023,0.0000109,0.0000000,0.0000000
88024,0.0000109,0.0000000,0.0000000
88025,0.0000109,0.0000000,0.0000000
88026,0.0000109,0.0000000,0.0000000
88027,0.0000109,0.0000000,0.0000000
88028,0.0000109,0.0000000,0.0000000
88029,0.0000109,0.0000000,0.0000000
88030,0.0000109,0.0000000,0.0000000
88031,0.0000109,0.0000000,0.0000000
88032,0.0000109,0.0000000,0.0000000
88033,0.0000109,0.0000000,0.0000000
88034,0.0000109,0.0000000,0.0000000
88035,0.0000109,0.0000000,0.0000000
88036,0.0000109,0.0000000,0.0000000
88037,0.0000109,0.0000000,0.0000000
88038,0.0000109,0.0000000,0.0000000
88039,0.0000109,0.0000000,0.0000000
88040,0.0000109,0.0000000,0.0000000
88041,0.0000109,0.0000000,0.0000000
88042,0.0000109,0.0000000,0.0000000
88043,0.0000109,0.0000000,0.0000000
88044,0.0000109,0.0000000,0.0000000
88045,0.0000109,0.0000000,0.0000000
88046,0.0000109,0.0000000,0.0000000
88047,0.0000109,0.0000000,0.0000000
88048,0.0000109,0.0000000,0.0000000
88049,0.0000109,0.0000000,0.0000000
88050,0.0000109,0.0000000,0.0000000
88051,0.0000109,0.0000000,0.0000000
88052,0.0000109,0.0000000,0.0000000
88053,0.0000109,0.0000000,0.0000000
88054,0.0000109,0.0000000,0.0000000
88055,0.0000109,0.0000000,0.0000000
88056,0.0000109,0.0000000,0.0000000
88057,0.0000109,0.0000000,0.0000000
88058,0.0000109,0.0000000,0.0000000
88059,0.0000109,0.0000000,0.0000000
88060,0.0000108,0.0000000,0.0000000
88061,0.0000108,0.0000000,0.0000000
88062,0.0000108,0.0000000,0.0000000
88063,0.0000108,0.0000000,0.0000000
88064,0.0000108,0.0000000,0.0000000
88065,0.0000108,0.0000000,0.0000000
88066,0.0000108,0.0000000,0.0000000
88067,0.0000108,0.0000000,0.0000000
88068,0.0000108,0.0000000,0.0000000
88069,0.0000108,0.0000000,0.0000000
88070,0.0000108,0.0000000,0.0000000
88071,0.0000108,0.0000000,0.0000000
88072,0.0000108,0.0000000,0.0000000
88073,0.0000108,0.0000000,0.0000000
88074,0.0000108,0.0000000,0.0000000
88075,0.0000108,0.0000000,0.0000000
88076,0.0000108,0.0000000,0.0000000
88077,0.0000108,0.0000000,0.0000000
88078,0.0000108,0.0000000,0.0000000
88079,0.0000108,0.0000000,0.0000000
88080,0.0000108,0.0000000,0.0000000
88081,0.0000108,0.0000000,0.0000000
88082,0.0000108,0.0000000,0.0000000
88083,0.0000108,0.0000000,0.0000000
88084,0.0000108,0.0000000,0.0000000
88085,0.0000108,0.0000000,0.0000000
88086,0.0000108,0.0000000,0.0000000
88087,0.0000108,0.0000000,0.0000000
88088,0.0000108,0.0000000,0.0000000
88089,0.0000108,0.0000000,0.0000000
88090,0.0000108,0.0000000,0.0000000
88091,0.0000108,0.0000000,0.0000000
88092,0.0000108,0.0000000,0.0000000
88093,0.0000108,0.0000000,0.0000000
88094,0.0000108,0.0000000,0.0000000
88095,0.0000108,0.0000000,0.0000000
88096,0.0000108,0.0000000,0.0000000
88097,0.0000108,0.0000000,0.0000000
88098,0.0000108,0.0000000,0.0000000
88099,0.0000108,0.0000000,0.0000000
88100,0.0000108,0.0000000,0.0000000
88101,0.0000108,0.0000000,0.0000000
88102,0.0000108,0.0000000,0.0000000
88103,0.0000108,0.0000000,0.0000000
88104,0.0000108,0.0000000,0.0000000
88105,0.0000108,0.0000000,0.0000000
88106,0.0000108,0.0000000,0.0000000
88107,0.0000108,0.0000000,0.0000000
88108,0.0000108,0.0000000,0.0000000
88109,0.0000108,0.0000000,0.0000000
88110,0.0000108,0.0000000,0.0000000
88111,0.0000108,0.0000000,0.0000000
88112,0.0000108,0.0000000,0.0000000
88113,0.0000108,0.0000000,0.0000000
88114,0.0000108,0.0000000,0.0000000
88115,0.0000108,0.0000000,0.0000000
88116,0.0000108,0.0000000,0.0000000
88117,0.0000108,0.0000000,0.0000000
88118,0.0000108,0.0000000,0.0000000
88119,0.0000108,0.0000000,0.0000000
88120,0.0000108,0.0000000,0.0000000
88121,0.0000108,0.0000000,0.0000000
88122,0.0000108,0.0000000,0.0000000
88123,0.0000108,0.0000000,0.0000000
88124,0.0000108,0.0000000,0.0000000
88125,0.0000108,0.0000000,0.0000000
88126,0.0000108,0.0000000,0.0000000
88127,0.0000108,0.0000000,0.0000000
88128,0.0000108,0.0000000,0.0000000
88129,0.0000108,0.0000000,0.0000000
88130,0.0000108,0.0000000,0.0000000
88131,0.0000108,0.0000000,0.0000000
88132,0.0000108,0.0000000,0.0000000
88133,0.0000108,0.0000000,0.0000000
88134,0.0000108,0.0000000,0.0000000
88135,0.0000108,0.0000000,0.0000000
88136,0.0000108,0.0000000,0.0000000
88137,0.0000108,0.0000000,0.0000000
88138,0.0000108,0.0000000,0.0000000
88139,0.0000108,0.0000000,0.0000000
88140,0.0000108,0.0000000,0.0000000
88141,0.0000108,0.0000000,0.0000000
88142,0.0000108,0.0000000,0.0000000
88143,0.0000108,0.0000000,0.0000000
88144,0.0000108,0.0000000,0.0000000
88145,0.0000108,0.0000000,0.0000000
88146,0.0000108,0.0000000,0.0000000
88147,0.0000108,0.0000000,0.0000000
88148,0.0000108,0.0000000,0.0000000
88149,0.0000108,0.0000000,0.0000000
88150,0.0000108,0.0000000,0.0000000
88151,0.0000108,0.0000000,0.0000000
88152,0.0000108,0.0000000,0.0000000
88153,0.0000108,0.0000000,0.0000000
88154,0.0000108,0.0000000,0.0000000
88155,0.0000108,0.0000000,0.0000000
88156,0.0000108,0.0000000,0.0000000
88157,0.0000108,0.0000000,0.0000000
88158,0.0000108,0.0000000,0.0000000
88159,0.0000108,0.0000000,0.0000000
88160,0.0000108,0.0000000,0.0000000
88161,0.0000108,0.0000000,0.0000000
88162,0.0000108,0.0000000,0.0000000
88163,0.0000108,0.0000000,0.0000000
88164,0.0000108,0.0000000,0.0000000
88165,0.0000108,0.0000000,0.0000000
88166,0.0000108,0.0000000,0.0000000
88167,0.0000108,0.0000000,0.0000000
88168,0.0000108,0.0000000,0.0000000
88169,0.0000108,0.0000000,0.0000000
88170,0.0000108,0.0000000,0.0000000
88171,0.0000108,0.0000000,0.0000000
88172,0.0000108,0.0000000,0.0000000
88173,0.0000108,0.0000000,0.0000000
88174,0.0000108,0.0000000,0.0000000
88175,0.0000108,0.0000000,0.0000000
88176,0.0000108,0.0000000,0.0000000
88177,0.0000108,0.0000000,0.0000000
88178,0.0000108,0.0000000,0.0000000
88179,0.0000108,0.0000000,0.0000000
88180,0.0000108,0.0000000,0.0000000
88181,0.0000108,0.0000000,0.0000000
88182,0.0000108,0.0000000,0.0000000
88183,0.0000108,0.0000000,0.0000000
88184,0.0000108,0.0000000,0.0000000
88185,0.0000108,0.0000000,0.0000000
88186,0.0000108,0.0000000,0.0000000
88187,0.0000108,0.0000000,0.0000000
88188,0.0000108,0.0000000,0.0000000
88189,0.0000108,0.0000000,0.0000000
88190,0.0000108,0.0000000,0.0000000
88191,0.0000108,0.0000000,0.0000000
88192,0.0000108,0.0000000,0.0000000
88193,0.0000108,0.0000000,0.0000000
88194,0.0000108,0.0000000,0.0000000
88195,0.0000108,0.0000000,0.0000000
88196,0.0000108,0.0000000,0.0000000
88197,0.0000108,0.0000000,0.0000000
88198,0.0000108,0.0000000,0.0000000
88199,0.0000108,0.0000000,0.0000000
88200,0.0000108,0.0000000,0.0000000
88201,0.0000108,0.0000000,0.0000000
88202,0.0000108,0.0000000,0.0000000
88203,0.0000108,0.0000000,0.0000000
88204,0.0000108,0.0000000,0.0000000
88205,0.0000108,0.0000000,0.0000000
88206,0.0000108,0.0000000,0.0000000
88207,0.0000108,0.0000000,0.0000000
88208,0.0000108,0.0000000,0.0000000
88209,0.0000108,0.0000000,0.0000000
88210,0.0000108,0.0000000,0.0000000
88211,0.0000108,0.0000000,0.0000000
88212,0.0000108,0.0000000,0.0000000
88213,0.0000108,0.0000000,0.0000000
88214,0.0000108,0.0000000,0.0000000
88215,0.0000108,0.0000000,0.0000000
88216,0.0000108,0.0000000,0.0000000
88217,0.0000108,0.0000000,0.0000000
88218,0.0000108,0.0000000,0.0000000
88219,0.0000108,0.0000000,0.0000000
88220,0.0000108,0.0000000,0.0000000
88221,0.0000108,0.0000000,0.0000000
88222,0.0000108,0.0000000,0.0000000
88223,0.0000108,0.0000000,0.0000000
88224,0.0000108,0.0000000,0.0000000
88225,0.0000108,0.0000000,0.0000000
88226,0.0000108,0.0000000,0.0000000
88227,0.0000108,0.0000000,0.0000000
88228,0.0000108,0.0000000,0.0000000
88229,0.0000108,0.0000000,0.0000000
88230,0.0000108,0.0000000,0.0000000
88231,0.0000108,0.0000000,0.0000000
88232,0.0000108,0.0000000,0.0000000
88233,0.0000108,0.0000000,0.0000000
88234,0.0000108,0.0000000,0.0000000
88235,0.0000108,0.0000000,0.0000000
88236,0.0000108,0.0000000,0.0000000
88237,0.0000108,0.0000000,0.0000000
88238,0.0000108,0.0000000,0.0000000
88239,0.0000108,0.0000000,0.0000000
88240,0.0000108,0.0000000,0.0000000
88241,0.0000108,0.0000000,0.0000000
88242,0.0000108,0.0000000,0.0000000
88243,0.0000108,0.0000000,0.0000000
88244,0.0000108,0.0000000,0.0000000
88245,0.0000108,0.0000000,0.0000000
88246,0.0000108,0.0000000,0.0000000
88247,0.0000108,0.0000000,0.0000000
88248,0.0000108,0.0000000,0.0000000
88249,0.0000108,0.0000000,0.0000000
88250,0.0000108,0.0000000,0.0000000
88251,0.0000108,0.0000000,0.0000000
88252,0.0000108,0.0000000,0.0000000
88253,0.0000108,0.0000000,0.0000000
88254,0.0000108,0.0000000,0.0000000
88255,0.0000108,0.0000000,0.0000000
88256,0.0000108,0.0000000,0.0000000
88257,0.0000108,0.0000000,0.0000000
88258,0.0000108,0.0000000,0.0000000
88259,0.0000108,0.0000000,0.0000000
88260,0.0000108,0.0000000,0.0000000
88261,0.0000108,0.0000000,0.0000000
88262,0.0000108,0.0000000,0.0000000
88263,0.0000108,0.0000000,0.0000000
88264,0.0000108,0.0000000,0.0000000
88265,0.0000108,0.0000000,0.0000000
88266,0.0000108,0.0000000,0.0000000
88267,0.0000107,0.0000000,0.0000000
88268,0.0000107,0.0000000,0.0000000
88269,0.0000107,0.0000000,0.0000000
88270,0.0000107,0.0000000,0.0000000
88271,0.0000107,0.0000000,0.0000000
88272,0.0000107,0.0000000,0.0000000
88273,0.0000107,0.0000000,0.0000000
88274,0.0000107,0.0000000,0.0000000
88275,0.0000107,0.0000000,0.0000000
88276,0.0000107,0.0000000,0.0000000
88277,0.0000107,0.0000000,0.0000000
88278,0.0000107,0.0000000,0.0000000
88279,0.0000107,0.0000000,0.0000000
88280,0.0000107,0.0000000,0.0000000
88281,0.0000107,0.0000000,0.0000000
88282,0.0000107,0.0000000,0.0000000
88283,0.0000107,0.0000000,0.0000000
88284,0.0000107,0.0000000,0.0000000
88285,0.0000107,0.0000000,0.0000000
88286,0.0000107,0.0000000,0.0000000
88287,0.0000107,0.0000000,0.0000000
88288,0.0000107,0.0000000,0.0000000
88289,0.0000107,0.0000000,0.0000000
88290,0.0000107,0.0000000,0.0000000
88291,0.0000107,0.0000000,0.0000000
88292,0.0000107,0.0000000,0.0000000
88293,0.0000107,0.0000000,0.0000000
88294,0.0000107,0.0000000,0.0000000
88295,0.0000107,0.0000000,0.0000000
88296,0.0000107,0.0000000,0.0000000
88297,0.0000107,0.0000000,0.0000000
88298,0.0000107,0.0000000,0.0000000
88299,0.0000107,0.0000000,0.0000000
88300,0.0000107,0.0000000,0.0000000
88301,0.0000107,0.0000000,0.0000000
88302,0.0000107,0.0000000,0.0000000
88303,0.0000107,0.0000000,0.0000000
88304,0.0000107,0.0000000,0.0000000
88305,0.0000107,0.0000000,0.0000000
88306,0.0000107,0.0000000,0.0000000
88307,0.0000107,0.0000000,0.0000000
88308,0.0000107,0.0000000,0.0000000
88309,0.0000107,0.0000000,0.0000000
88310,0.0000107,0.0000000,0.0000000
88311,0.0000107,0.0000000,0.0000000
88312,0.0000107,0.0000000,0.0000000
88313,0.0000107,0.0000000,0.0000000
88314,0.0000107,0.0000000,0.0000000
88315,0.0000107,0.0000000,0.0000000
88316,0.0000107,0.0000000,0.0000000
88317,0.0000107,0.0000000,0.0000000
88318,0.0000107,0.0000000,0.0000000
88319,0.0000107,0.0000000,0.0000000
88320,0.0000107,0.0000000,0.0000000
88321,0.0000107,0.0000000,0.0000000
88322,0.0000107,0.0000000,0.0000000
88323,0.0000107,0.0000000,0.0000000
88324,0.0000107,0.0000000,0.0000000
88325,0.0000107,0.0000000,0.0000000
88326,0.0000107,0.0000000,0.0000000
88327,0.0000107,0.0000000,0.0000000
88328,0.0000107,0.0000000,0.0000000
88329,0.0000107,0.0000000,0.0000000
88330,0.0000107,0.0000000,0.0000000
88331,0.0000107,0.0000000,0.0000000
88332,0.0000107,0.0000000,0.0000000
88333,0.0000107,0.0000000,0.0000000
88334,0.0000107,0.0000000,0.0000000
88335,0.0000107,0.0000000,0.0000000
88336,0.0000107,0.0000000,0.0000000
88337,0.0000107,0.0000000,0.0000000
88338,0.0000107,0.0000000,0.0000000
88339,0.0000107,0.0000000,0.0000000
88340,0.0000107,0.0000000,0.0000000
88341,0.0000107,0.0000000,0.0000000
88342,0.0000107,0.0000000,0.0000000
88343,0.0000107,0.0000000,0.0000000
88344,0.0000107,0.0000000,0.0000000
88345,0.0000107,0.0000000,0.0000000
88346,0.0000107,0.0000000,0.0000000
88347,0.0000107,0.0000000,0.0000000
88348,0.0000107,0.0000000,0.0000000
88349,0.0000107,0.0000000,0.0000000
88350,0.0000107,0.0000000,0.0000000
88351,0.0000107,0.0000000,0.0000000
88352,0.0000107,0.0000000,0.0000000
88353,0.0000107,0.0000000,0.0000000
88354,0.0000107,0.0000000,0.0000000
88355,0.0000107,0.0000000,0.0000000
88356,0.0000107,0.0000000,0.0000000
88357,0.0000107,0.0000000,0.0000000
88358,0.0000107,0.0000000,0.0000000
88359,0.0000107,0.0000000,0.0000000
88360,0.0000107,0.0000000,0.0000000
88361,0.0000107,0.0000000,0.0000000
88362,0.0000107,0.0000000,0.0000000
88363,0.0000107,0.0000000,0.0000000
88364,0.0000107,0.0000000,0.0000000
88365,0.0000107,0.0000000,0.0000000
88366,0.0000107,0.0000000,0.0000000
88367,0.0000107,0.0000000,0.0000000
88368,0.0000107,0.0000000,0.0000000
88369,0.0000107,0.0000000,0.0000000
88370,0.0000107,0.0000000,0.0000000
88371,0.0000107,0.0000000,0.0000000
88372,0.0000107,0.0000000,0.0000000
88373,0.0000107,0.0000000,0.0000000
88374,0.0000107,0.0000000,0.0000000
88375,0.0000107,0.0000000,0.0000000
88376,0.0000107,0.0000000,0.0000000
88377,0.0000107,0.0000000,0.0000000
88378,0.0000107,0.0000000,0.0000000
88379,0.0000107,0.0000000,0.0000000
88380,0.0000107,0.0000000,0.0000000
88381,0.0000107,0.0000000,0.0000000
88382,0.0000107,0.0000000,0.0000000
88383,0.0000107,0.0000000,0.0000000
88384,0.0000107,0.0000000,0.0000000
88385,0.0000107,0.0000000,0.0000000
88386,0.0000107,0.0000000,0.0000000
88387,0.0000107,0.0000000,0.0000000
88388,0.0000107,0.0000000,0.0000000
88389,0.0000107,0.0000000,0.0000000
88390,0.0000107,0.0000000,0.0000000
88391,0.0000107,0.0000000,0.0000000
88392,0.0000107,0.0000000,0.0000000
88393,0.0000107,0.0000000,0.0000000
88394,0.0000107,0.0000000,0.0000000
88395,0.0000107,0.0000000,0.0000000
88396,0.0000107,0.0000000,0.0000000
88397,0.0000107,0.0000000,0.0000000
88398,0.0000107,0.0000000,0.0000000
88399,0.0000107,0.0000000,0.0000000
88400,0.0000107,0.0000000,0.0000000
88401,0.0000107,0.0000000,0.0000000
88402,0.0000107,0.0000000,0.0000000
88403,0.0000107,0.0000000,0.0000000
88404,0.0000107,0.0000000,0.0000000
88405,0.0000107,0.0000000,0.0000000
88406,0.0000107,0.0000000,0.0000000
88407,0.0000107,0.0000000,0.0000000
88408,0.0000107,0.0000000,0.0000000
88409,0.0000107,0.0000000,0.0000000
88410,0.0000107,0.0000000,0.0000000
88411,0.0000107,0.0000000,0.0000000
88412,0.0000107,0.0000000,0.0000000
88413,0.0000107,0.0000000,0.0000000
88414,0.0000107,0.0000000,0.0000000
88415,0.0000107,0.0000000,0.0000000
88416,0.0000107,0.0000000,0.0000000
88417,0.0000107,0.0000000,0.0000000
88418,0.0000107,0.0000000,0.0000000
88419,0.0000107,0.0000000,0.0000000
88420,0.0000107,0.0000000,0.0000000
88421,0.0000107,0.0000000,0.0000000
88422,0.0000107,0.0000000,0.0000000
88423,0.0000107,0.0000000,0.0000000
88424,0.0000107,0.0000000,0.0000000
88425,0.0000107,0.0000000,0.0000000
88426,0.0000107,0.0000000,0.0000000
88427,0.0000107,0.0000000,0.0000000
88428,0.0000107,0.0000000,0.0000000
88429,0.0000107,0.0000000,0.0000000
88430,0.0000107,0.0000000,0.0000000
88431,0.0000107,0.0000000,0.0000000
88432,0.0000107,0.0000000,0.0000000
88433,0.0000107,0.0000000,0.0000000
88434,0.0000107,0.0000000,0.0000000
88435,0.0000107,0.0000000,0.0000000
88436,0.0000107,0.0000000,0.0000000
88437,0.0000107,0.0000000,0.0000000
88438,0.0000107,0.0000000,0.0000000
88439,0.0000107,0.0000000,0.0000000
88440,0.0000107,0.0000000,0.0000000
88441,0.0000107,0.0000000,0.0000000
88442,0.0000107,0.0000000,0.0000000
88443,0.0000107,0.0000000,0.0000000
88444,0.0000107,0.0000000,0.0000000
88445,0.0000107,0.0000000,0.0000000
88446,0.0000107,0.0000000,0.0000000
88447,0.0000107,0.0000000,0.0000000
88448,0.0000107,0.0000000,0.0000000
88449,0.0000107,0.0000000,0.0000000
88450,0.0000107,0.0000000,0.0000000
88451,0.0000107,0.0000000,0.0000000
88452,0.0000107,0.0000000,0.0000000
88453,0.0000107,0.0000000,0.0000000
88454,0.0000107,0.0000000,0.0000000
88455,0.0000107,0.0000000,0.0000000
88456,0.0000107,0.0000000,0.0000000
88457,0.0000107,0.0000000,0.0000000
88458,0.0000107,0.0000000,0.0000000
88459,0.0000107,0.0000000,0.0000000
88460,0.0000107,0.0000000,0.0000000
88461,0.0000107,0.0000000,0.0000000
88462,0.0000107,0.0000000,0.0000000
88463,0.0000107,0.0000000,0.0000000
88464,0.0000107,0.0000000,0.0000000
88465,0.0000107,0.0000000,0.0000000
88466,0.0000107,0.0000000,0.0000000
88467,0.0000107,0.0000000,0.0000000
88468,0.0000107,0.0000000,0.0000000
88469,0.0000107,0.0000000,0.0000000
88470,0.0000107,0.0000000,0.0000000
88471,0.0000107,0.0000000,0.0000000
88472,0.0000107,0.0000000,0.0000000
88473,0.0000107,0.0000000,0.0000000
88474,0.0000107,0.0000000,0.0000000
88475,0.0000107,0.0000000,0.0000000
88476,0.0000107,0.0000000,0.0000000
88477,0.0000106,0.0000000,0.0000000
88478,0.0000106,0.0000000,0.0000000
88479,0.0000106,0.0000000,0.0000000
88480,0.0000106,0.0000000,0.0000000
88481,0.0000106,0.0000000,0.0000000
88482,0.0000106,0.0000000,0.0000000
88483,0.0000106,0.0000000,0.0000000
88484,0.0000106,0.0000000,0.0000000
88485,0.0000106,0.0000000,0.0000000
88486,0.0000106,0.0000000,0.0000000
88487,0.0000106,0.0000000,0.0000000
88488,0.0000106,0.0000000,0.0000000
88489,0.0000106,0.0000000,0.0000000
88490,0.0000106,0.0000000,0.0000000
88491,0.0000106,0.0000000,0.0000000
88492,0.0000106,0.0000000,0.0000000
88493,0.0000106,0.0000000,0.0000000
88494,0.0000106,0.0000000,0.0000000
88495,0.0000106,0.0000000,0.0000000
88496,0.0000106,0.0000000,0.0000000
88497,0.0000106,0.0000000,0.0000000
88498,0.0000106,0.0000000,0.0000000
88499,0.0000106,0.0000000,0.0000000
88500,0.0000106,0.0000000,0.0000000
88501,0.0000106,0.0000000,0.0000000
88502,0.0000106,0.0000000,0.0000000
88503,0.0000106,0.0000000,0.0000000
88504,0.0000106,0.0000000,0.0000000
88505,0.0000106,0.0000000,0.0000000
88506,0.0000106,0.0000000,0.0000000
88507,0.0000106,0.0000000,0.0000000
88508,0.0000106,0.0000000,0.0000000
88509,0.0000106,0.0000000,0.0000000
88510,0.0000106,0.0000000,0.0000000
88511,0.0000106,0.0000000,0.0000000
88512,0.0000106,0.0000000,0.0000000
88513,0.0000106,0.0000000,0.0000000
88514,0.0000106,0.0000000,0.0000000
88515,0.0000106,0.0000000,0.0000000
88516,0.0000106,0.0000000,0.0000000
88517,0.0000106,0.0000000,0.0000000
88518,0.0000106,0.0000000,0.0000000
88519,0.0000106,0.0000000,0.0000000
88520,0.0000106,0.0000000,0.0000000
88521,0.0000106,0.0000000,0.0000000
88522,0.0000106,0.0000000,0.0000000
88523,0.0000106,0.0000000,0.0000000
88524,0.0000106,0.0000000,0.0000000
88525,0.0000106,0.0000000,0.0000000
88526,0.0000106,0.0000000,0.0000000
88527,0.0000106,0.0000000,0.0000000
88528,0.0000106,0.0000000,0.0000000
88529,0.0000106,0.0000000,0.0000000
88530,0.0000106,0.0000000,0.0000000
88531,0.0000106,0.0000000,0.0000000
88532,0.0000106,0.0000000,0.0000000
88533,0.0000106,0.0000000,0.0000000
88534,0.0000106,0.0000000,0.0000000
88535,0.0000106,0.0000000,0.0000000
88536,0.0000106,0.0000000,0.0000000
88537,0.0000106,0.0000000,0.0000000
88538,0.0000106,0.0000000,0.0000000
88539,0.0000106,0.0000000,0.0000000
88540,0.0000106,0.0000000,0.0000000
88541,0.0000106,0.0000000,0.0000000
88542,0.0000106,0.0000000,0.0000000
88543,0.0000106,0.0000000,0.0000000
88544,0.0000106,0.0000000,0.0000000
88545,0.0000106,0.0000000,0.0000000
88546,0.0000106,0.0000000,0.0000000
88547,0.0000106,0.0000000,0.0000000
88548,0.0000106,0.0000000,0.0000000
88549,0.0000106,0.0000000,0.0000000
88550,0.0000106,0.0000000,0.0000000
88551,0.0000106,0.0000000,0.0000000
88552,0.0000106,0.0000000,0.0000000
88553,0.0000106,0.0000000,0.0000000
88554,0.0000106,0.0000000,0.0000000
88555,0.0000106,0.0000000,0.0000000
88556,0.0000106,0.0000000,0.0000000
88557,0.0000106,0.0000000,0.0000000
88558,0.0000106,0.0000000,0.0000000
88559,0.0000106,0.0000000,0.0000000
88560,0.0000106,0.0000000,0.0000000
88561,0.0000106,0.0000000,0.0000000
88562,0.0000106,0.0000000,0.0000000
88563,0.0000106,0.0000000,0.0000000
88564,0.0000106,0.0000000,0.0000000
88565,0.0000106,0.0000000,0.0000000
88566,0.0000106,0.0000000,0.0000000
88567,0.0000106,0.0000000,0.0000000
88568,0.0000106,0.0000000,0.0000000
88569,0.0000106,0.0000000,0.0000000
88570,0.0000106,0.0000000,0.0000000
88571,0.0000106,0.0000000,0.0000000
88572,0.0000106,0.0000000,0.0000000
88573,0.0000106,0.0000000,0.0000000
88574,0.0000106,0.0000000,0.0000000
88575,0.0000106,0.0000000,0.0000000
88576,0.0000106,0.0000000,0.0000000
88577,0.0000106,0.0000000,0.0000000
88578,0.0000106,0.0000000,0.0000000
88579,0.0000106,0.0000000,0.0000000
88580,0.0000106,0.0000000,0.0000000
88581,0.0000106,0.0000000,0.0000000
88582,0.0000106,0.0000000,0.0000000
88583,0.0000106,0.0000000,0.0000000
88584,0.0000106,0.0000000,0.0000000
88585,0.0000106,0.0000000,0.0000000
88586,0.0000106,0.0000000,0.0000000
88587,0.0000106,0.0000000,0.0000000
88588,0.0000106,0.0000000,0.0000000
88589,0.0000106,0.0000000,0.0000000
88590,0.0000106,0.0000000,0.0000000
88591,0.0000106,0.0000000,0.0000000
88592,0.0000106,0.0000000,0.0000000
88593,0.0000106,0.0000000,0.0000000
88594,0.0000106,0.0000000,0.0000000
88595,0.0000106,0.0000000,0.0000000
88596,0.0000106,0.0000000,0.0000000
88597,0.0000106,0.0000000,0.0000000
88598,0.0000106,0.0000000,0.0000000
88599,0.0000106,0.0000000,0.0000000
88600,0.0000106,0.0000000,0.0000000
88601,0.0000106,0.0000000,0.0000000
88602,0.0000106,0.0000000,0.0000000
88603,0.0000106,0.0000000,0.0000000
88604,0.0000106,0.0000000,0.0000000
88605,0.0000106,0.0000000,0.0000000
88606,0.0000106,0.0000000,0.0000000
88607,0.0000106,0.0000000,0.0000000
88608,0.0000106,0.0000000,0.0000000
88609,0.0000106,0.0000000,0.0000000
88610,0.0000106,0.0000000,0.0000000
88611,0.0000106,0.0000000,0.0000000
88612,0.0000106,0.0000000,0.0000000
88613,0.0000106,0.0000000,0.0000000
88614,0.0000106,0.0000000,0.0000000
88615,0.0000106,0.0000000,0.0000000
88616,0.0000106,0.0000000,0.0000000
88617,0.0000106,0.0000000,0.0000000
88618,0.0000106,0.0000000,0.0000000
88619,0.0000106,0.0000000,0.0000000
88620,0.0000106,0.0000000,0.0000000
88621,0.0000106,0.0000000,0.0000000
88622,0.0000106,0.0000000,0.0000000
88623,0.0000106,0.0000000,0.0000000
88624,0.0000106,0.0000000,0.0000000
88625,0.0000106,0.0000000,0.0000000
88626,0.0000106,0.0000000,0.0000000
88627,0.0000106,0.0000000,0.0000000
88628,0.0000106,0.0000000,0.0000000
88629,0.0000106,0.0000000,0.0000000
88630,0.0000106,0.0000000,0.0000000
88631,0.0000106,0.0000000,0.0000000
88632,0.0000106,0.0000000,0.0000000
88633,0.0000106,0.0000000,0.0000000
88634,0.0000106,0.0000000,0.0000000
88635,0.0000106,0.0000000,0.0000000
88636,0.0000106,0.0000000,0.0000000
88637,0.0000106,0.0000000,0.0000000
88638,0.0000106,0.0000000,0.0000000
88639,0.0000106,0.0000000,0.0000000
88640,0.0000106,0.0000000,0.0000000
88641,0.0000106,0.0000000,0.0000000
88642,0.0000106,0.0000000,0.0000000
88643,0.0000106,0.0000000,0.0000000
88644,0.0000106,0.0000000,0.0000000
88645,0.0000106,0.0000000,0.0000000
88646,0.0000106,0.0000000,0.0000000
88647,0.0000106,0.0000000,0.0000000
88648,0.0000106,0.0000000,0.0000000
88649,0.0000106,0.0000000,0.0000000
88650,0.0000106,0.0000000,0.0000000
88651,0.0000106,0.0000000,0.0000000
88652,0.0000106,0.0000000,0.0000000
88653,0.0000106,0.0000000,0.0000000
88654,0.0000106,0.0000000,0.0000000
88655,0.0000106,0.0000000,0.0000000
88656,0.0000106,0.0000000,0.0000000
88657,0.0000106,0.0000000,0.0000000
88658,0.0000106,0.0000000,0.0000000
88659,0.0000106,0.0000000,0.0000000
88660,0.0000106,0.0000000,0.0000000
88661,0.0000106,0.0000000,0.0000000
88662,0.0000106,0.0000000,0.0000000
88663,0.0000106,0.0000000,0.0000000
88664,0.0000106,0.0000000,0.0000000
88665,0.0000106,0.0000000,0.0000000
88666,0.0000106,0.0000000,0.0000000
88667,0.0000106,0.0000000,0.0000000
88668,0.0000106,0.0000000,0.0000000
88669,0.0000106,0.0000000,0.0000000
88670,0.0000106,0.0000000,0.0000000
88671,0.0000106,0.0000000,0.0000000
88672,0.0000106,0.0000000,0.0000000
88673,0.0000106,0.0000000,0.0000000
88674,0.0000106,0.0000000,0.0000000
88675,0.0000106,0.0000000,0.0000000
88676,0.0000106,0.0000000,0.0000000
88677,0.0000106,0.0000000,0.0000000
88678,0.0000106,0.0000000,0.0000000
88679,0.0000106,0.0000000,0.0000000
88680,0.0000106,0.0000000,0.0000000
88681,0.0000106,0.0000000,0.0000000
88682,0.0000106,0.0000000,0.0000000
88683,0.0000106,0.0000000,0.0000000
88684,0.0000106,0.0000000,0.0000000
88685,0.0000106,0.0000000,0.0000000
88686,0.0000106,0.0000000,0.0000000
88687,0.0000106,0.0000000,0.0000000
88688,0.0000105,0.0000000,0.0000000
88689,0.0000105,0.0000000,0.0000000
88690,0.0000105,0.0000000,0.0000000
88691,0.0000105,0.0000000,0.0000000
88692,0.0000105,0.0000000,0.0000000
88693,0.0000105,0.0000000,0.0000000
88694,0.0000105,0.0000000,0.0000000
88695,0.0000105,0.0000000,0.0000000
88696,0.0000105,0.0000000,0.0000000
88697,0.0000105,0.0000000,0.0000000
88698,0.0000105,0.0000000,0.0000000
88699,0.0000105,0.0000000,0.0000000
88700,0.0000105,0.0000000,0.0000000
88701,0.0000105,0.0000000,0.0000000
88702,0.0000105,0.0000000,0.0000000
88703,0.0000105,0.0000000,0.0000000
88704,0.0000105,0.0000000,0.0000000
88705,0.0000105,0.0000000,0.0000000
88706,0.0000105,0.0000000,0.0000000
88707,0.0000105,0.0000000,0.0000000
88708,0.0000105,0.0000000,0.0000000
88709,0.0000105,0.0000000,0.0000000
88710,0.0000105,0.0000000,0.0000000
88711,0.0000105,0.0000000,0.0000000
88712,0.0000105,0.0000000,0.0000000
88713,0.0000105,0.0000000,0.0000000
88714,0.0000105,0.0000000,0.0000000
88715,0.0000105,0.0000000,0.0000000
88716,0.0000105,0.0000000,0.0000000
88717,0.0000105,0.0000000,0.0000000
88718,0.0000105,0.0000000,0.0000000
88719,0.0000105,0.0000000,0.0000000
88720,0.0000105,0.0000000,0.0000000
88721,0.0000105,0.0000000,0.0000000
88722,0.0000105,0.0000000,0.0000000
88723,0.0000105,0.0000000,0.0000000
88724,0.0000105,0.0000000,0.0000000
88725,0.0000105,0.0000000,0.0000000
88726,0.0000105,0.0000000,0.0000000
88727,0.0000105,0.0000000,0.0000000
88728,0.0000105,0.0000000,0.0000000
88729,0.0000105,0.0000000,0.0000000
88730,0.0000105,0.0000000,0.0000000
88731,0.0000105,0.0000000,0.0000000
88732,0.0000105,0.0000000,0.0000000
88733,0.0000105,0.0000000,0.0000000
88734,0.0000105,0.0000000,0.0000000
88735,0.0000105,0.0000000,0.0000000
88736,0.0000105,0.0000000,0.0000000
88737,0.0000105,0.0000000,0.0000000
88738,0.0000105,0.0000000,0.0000000
88739,0.0000105,0.0000000,0.0000000
88740,0.0000105,0.0000000,0.0000000
88741,0.0000105,0.0000000,0.0000000
88742,0.0000105,0.0000000,0.0000000
88743,0.0000105,0.0000000,0.0000000
88744,0.0000105,0.0000000,0.0000000
88745,0.0000105,0.0000000,0.0000000
88746,0.0000105,0.0000000,0.0000000
88747,0.0000105,0.0000000,0.0000000
88748,0.0000105,0.0000000,0.0000000
88749,0.0000105,0.0000000,0.0000000
88750,0.0000105,0.0000000,0.0000000
88751,0.0000105,0.0000000,0.0000000
88752,0.0000105,0.0000000,0.0000000
88753,0.0000105,0.0000000,0.0000000
88754,0.0000105,0.0000000,0.0000000
88755,0.0000105,0.0000000,0.0000000
88756,0.0000105,0.0000000,0.0000000
88757,0.0000105,0.0000000,0.0000000
88758,0.0000105,0.0000000,0.0000000
88759,0.0000105,0.0000000,0.0000000
88760,0.0000105,0.0000000,0.0000000
88761,0.0000105,0.0000000,0.0000000
88762,0.0000105,0.0000000,0.0000000
88763,0.0000105,0.0000000,0.0000000
88764,0.0000105,0.0000000,0.0000000
88765,0.0000105,0.0000000,0.0000000
88766,0.0000105,0.0000000,0.0000000
88767,0.0000105,0.0000000,0.0000000
88768,0.0000105,0.0000000,0.0000000
88769,0.0000105,0.0000000,0.0000000
88770,0.0000105,0.0000000,0.0000000
88771,0.0000105,0.0000000,0.0000000
88772,0.0000105,0.0000000,0.0000000
88773,0.0000105,0.0000000,0.0000000
88774,0.0000105,0.0000000,0.0000000
88775,0.0000105,0.0000000,0.0000000
88776,0.0000105,0.0000000,0.0000000
88777,0.0000105,0.0000000,0.0000000
88778,0.0000105,0.0000000,0.0000000
88779,0.0000105,0.0000000,0.0000000
88780,0.0000105,0.0000000,0.0000000
88781,0.0000105,0.0000000,0.0000000
88782,0.0000105,0.0000000,0.0000000
88783,0.0000105,0.0000000,0.0000000
88784,0.0000105,0.0000000,0.0000000
88785,0.0000105,0.0000000,0.0000000
88786,0.0000105,0.0000000,0.0000000
88787,0.0000105,0.0000000,0.0000000
88788,0.0000105,0.0000000,0.0000000
88789,0.0000105,0.0000000,0.0000000
88790,0.0000105,0.0000000,0.0000000
88791,0.0000105,0.0000000,0.0000000
88792,0.0000105,0.0000000,0.0000000
88793,0.0000105,0.0000000,0.0000000
88794,0.0000105,0.0000000,0.0000000
88795,0.0000105,0.0000000,0.0000000
88796,0.0000105,0.0000000,0.0000000
88797,0.0000105,0.0000000,0.0000000
88798,0.0000105,0.0000000,0.0000000
88799,0.0000105,0.0000000,0.0000000
88800,0.0000105,0.0000000,0.0000000
88801,0.0000105,0.0000000,0.0000000
88802,0.0000105,0.0000000,0.0000000
88803,0.0000105,0.0000000,0.0000000
88804,0.0000105,0.0000000,0.0000000
88805,0.0000105,0.0000000,0.0000000
88806,0.0000105,0.0000000,0.0000000
88807,0.0000105,0.0000000,0.0000000
88808,0.0000105,0.0000000,0.0000000
88809,0.0000105,0.0000000,0.0000000
88810,0.0000105,0.0000000,0.0000000
88811,0.0000105,0.0000000,0.0000000
88812,0.0000105,0.0000000,0.0000000
88813,0.0000105,0.0000000,0.0000000
88814,0.0000105,0.0000000,0.0000000
88815,0.0000105,0.0000000,0.0000000
88816,0.0000105,0.0000000,0.0000000
88817,0.0000105,0.0000000,0.0000000
88818,0.0000105,0.0000000,0.0000000
88819,0.0000105,0.0000000,0.0000000
88820,0.0000105,0.0000000,0.0000000
88821,0.0000105,0.0000000,0.0000000
88822,0.0000105,0.0000000,0.0000000
88823,0.0000105,0.0000000,0.0000000
88824,0.0000105,0.0000000,0.0000000
88825,0.0000105,0.0000000,0.0000000
88826,0.0000105,0.0000000,0.0000000
88827,0.0000105,0.0000000,0.0000000
88828,0.0000105,0.0000000,0.0000000
88829,0.0000105,0.0000000,0.0000000
88830,0.0000105,0.0000000,0.0000000
88831,0.0000105,0.0000000,0.0000000
88832,0.0000105,0.0000000,0.0000000
88833,0.0000105,0.0000000,0.0000000
88834,0.0000105,0.0000000,0.0000000
88835,0.0000105,0.0000000,0.0000000
88836,0.0000105,0.0000000,0.0000000
88837,0.0000105,0.0000000,0.0000000
88838,0.0000105,0.0000000,0.0000000
88839,0.0000105,0.0000000,0.0000000
88840,0.0000105,0.0000000,0.0000000
88841,0.0000105,0.0000000,0.0000000
88842,0.0000105,0.0000000,0.0000000
88843,0.0000105,0.0000000,0.0000000
88844,0.0000105,0.0000000,0.0000000
88845,0.0000105,0.0000000,0.0000000
88846,0.0000105,0.0000000,0.0000000
88847,0.0000105,0.0000000,0.0000000
88848,0.0000105,0.0000000,0.0000000
88849,0.0000105,0.0000000,0.0000000
88850,0.0000105,0.0000000,0.0000000
88851,0.0000105,0.0000000,0.0000000
88852,0.0000105,0.0000000,0.0000000
88853,0.0000105,0.0000000,0.0000000
88854,0.0000105,0.0000000,0.0000000
88855,0.0000105,0.0000000,0.0000000
88856,0.0000105,0.0000000,0.0000000
88857,0.0000105,0.0000000,0.0000000
88858,0.0000105,0.0000000,0.0000000
88859,0.0000105,0.0000000,0.0000000
88860,0.0000105,0.0000000,0.0000000
88861,0.0000105,0.0000000,0.0000000
88862,0.0000105,0.0000000,0.0000000
88863,0.0000105,0.0000000,0.0000000
88864,0.0000105,0.0000000,0.0000000
88865,0.0000105,0.0000000,0.0000000
88866,0.0000105,0.0000000,0.0000000
88867,0.0000105,0.0000000,0.0000000
88868,0.0000105,0.0000000,0.0000000
88869,0.0000105,0.0000000,0.0000000
88870,0.0000105,0.0000000,0.0000000
88871,0.0000105,0.0000000,0.0000000
88872,0.0000105,0.0000000,0.0000000
88873,0.0000105,0.0000000,0.0000000
88874,0.0000105,0.0000000,0.0000000
88875,0.0000105,0.0000000,0.0000000
88876,0.0000105,0.0000000,0.0000000
88877,0.0000105,0.0000000,0.0000000
88878,0.0000105,0.0000000,0.0000000
88879,0.0000105,0.0000000,0.0000000
88880,0.0000105,0.0000000,0.0000000
88881,0.0000105,0.0000000,0.0000000
88882,0.0000105,0.0000000,0.0000000
88883,0.0000105,0.0000000,0.0000000
88884,0.0000105,0.0000000,0.0000000
88885,0.0000105,0.0000000,0.0000000
88886,0.0000105,0.0000000,0.0000000
88887,0.0000105,0.0000000,0.0000000
88888,0.0000105,0.0000000,0.0000000
88889,0.0000105,0.0000000,0.0000000
88890,0.0000105,0.0000000,0.0000000
88891,0.0000105,0.0000000,0.0000000
88892,0.0000105,0.0000000,0.0000000
88893,0.0000105,0.0000000,0.0000000
88894,0.0000105,0.0000000,0.0000000
88895,0.0000105,0.0000000,0.0000000
88896,0.0000105,0.0000000,0.0000000
88897,0.0000105,0.0000000,0.0000000
88898,0.0000105,0.0000000,0.0000000
88899,0.0000105,0.0000000,0.0000000
88900,0.0000105,0.0000000,0.0000000
88901,0.0000105,0.0000000,0.0000000
88902,0.0000104,0.0000000,0.0000000
88903,0.0000104,0.0000000,0.0000000
88904,0.0000104,0.0000000,0.0000000
88905,0.0000104,0.0000000,0.0000000
88906,0.0000104,0.0000000,0.0000000
88907,0.0000104,0.0000000,0.0000000
88908,0.0000104,0.0000000,0.0000000
88909,0.0000104,0.0000000,0.0000000
88910,0.0000104,0.0000000,0.0000000
88911,0.0000104,0.0000000,0.0000000
88912,0.0000104,0.0000000,0.0000000
88913,0.0000104,0.0000000,0.0000000
88914,0.0000104,0.0000000,0.0000000
88915,0.0000104,0.0000000,0.0000000
88916,0.0000104,0.0000000,0.0000000
88917,0.0000104,0.0000000,0.0000000
88918,0.0000104,0.0000000,0.0000000
88919,0.0000104,0.0000000,0.0000000
88920,0.0000104,0.0000000,0.0000000
88921,0.0000104,0.0000000,0.0000000
88922,0.0000104,0.0000000,0.0000000
88923,0.0000104,0.0000000,0.0000000
88924,0.0000104,0.0000000,0.0000000
88925,0.0000104,0.0000000,0.0000000
88926,0.0000104,0.0000000,0.0000000
88927,0.0000104,0.0000000,0.0000000
88928,0.0000104,0.0000000,0.0000000
88929,0.0000104,0.0000000,0.0000000
88930,0.0000104,0.0000000,0.0000000
88931,0.0000104,0.0000000,0.0000000
88932,0.0000104,0.0000000,0.0000000
88933,0.0000104,0.0000000,0.0000000
88934,0.0000104,0.0000000,0.0000000
88935,0.0000104,0.0000000,0.0000000
88936,0.0000104,0.0000000,0.0000000
88937,0.0000104,0.0000000,0.0000000
88938,0.0000104,0.0000000,0.0000000
88939,0.0000104,0.0000000,0.0000000
88940,0.0000104,0.0000000,0.0000000
88941,0.0000104,0.0000000,0.0000000
88942,0.0000104,0.0000000,0.0000000
88943,0.0000104,0.0000000,0.0000000
88944,0.0000104,0.0000000,0.0000000
88945,0.0000104,0.0000000,0.0000000
88946,0.0000104,0.0000000,0.0000000
88947,0.0000104,0.0000000,0.0000000
88948,0.0000104,0.0000000,0.0000000
88949,0.0000104,0.0000000,0.0000000
88950,0.0000104,0.0000000,0.0000000
88951,0.0000104,0.0000000,0.0000000
88952,0.0000104,0.0000000,0.0000000
88953,0.0000104,0.0000000,0.0000000
88954,0.0000104,0.0000000,0.0000000
88955,0.0000104,0.0000000,0.0000000
88956,0.0000104,0.0000000,0.0000000
88957,0.0000104,0.0000000,0.0000000
88958,0.0000104,0.0000000,0.0000000
88959,0.0000104,0.0000000,0.0000000
88960,0.0000104,0.0000000,0.0000000
88961,0.0000104,0.0000000,0.0000000
88962,0.0000104,0.0000000,0.0000000
88963,0.0000104,0.0000000,0.0000000
88964,0.0000104,0.0000000,0.0000000
88965,0.0000104,0.0000000,0.0000000
88966,0.0000104,0.0000000,0.0000000
88967,0.0000104,0.0000000,0.0000000
88968,0.0000104,0.0000000,0.0000000
88969,0.0000104,0.0000000,0.0000000
88970,0.0000104,0.0000000,0.0000000
88971,0.0000104,0.0000000,0.0000000
88972,0.0000104,0.0000000,0.0000000
88973,0.0000104,0.0000000,0.0000000
88974,0.0000104,0.0000000,0.0000000
88975,0.0000104,0.0000000,0.0000000
88976,0.0000104,0.0000000,0.0000000
88977,0.0000104,0.0000000,0.0000000
88978,0.0000104,0.0000000,0.0000000
88979,0.0000104,0.0000000,0.0000000
88980,0.0000104,0.0000000,0.0000000
88981,0.0000104,0.0000000,0.0000000
88982,0.0000104,0.0000000,0.0000000
88983,0.0000104,0.0000000,0.0000000
88984,0.0000104,0.0000000,0.0000000
88985,0.0000104,0.0000000,0.0000000
88986,0.0000104,0.0000000,0.0000000
88987,0.0000104,0.0000000,0.0000000
88988,0.0000104,0.0000000,0.0000000
88989,0.0000104,0.0000000,0.0000000
88990,0.0000104,0.0000000,0.0000000
88991,0.0000104,0.0000000,0.0000000
88992,0.0000104,0.0000000,0.0000000
88993,0.0000104,0.0000000,0.0000000
88994,0.0000104,0.0000000,0.0000000
88995,0.0000104,0.0000000,0.0000000
88996,0.0000104,0.0000000,0.0000000
88997,0.0000104,0.0000000,0.0000000
88998,0.0000104,0.0000000,0.0000000
88999,0.0000104,0.0000000,0.0000000
89000,0.0000104,0.0000000,0.0000000
89001,0.0000104,0.0000000,0.0000000
89002,0.0000104,0.0000000,0.0000000
89003,0.0000104,0.0000000,0.0000000
89004,0.0000104,0.0000000,0.0000000
89005,0.0000104,0.0000000,0.0000000
89006,0.0000104,0.0000000,0.0000000
89007,0.0000104,0.0000000,0.0000000
89008,0.0000104,0.0000000,0.0000000
89009,0.0000104,0.0000000,0.0000000
89010,0.0000104,0.0000000,0.0000000
89011,0.0000104,0.0000000,0.0000000
89012,0.0000104,0.0000000,0.0000000
89013,0.0000104,0.0000000,0.0000000
89014,0.0000104,0.0000000,0.0000000
89015,0.0000104,0.0000000,0.0000000
89016,0.0000104,0.0000000,0.0000000
89017,0.0000104,0.0000000,0.0000000
89018,0.0000104,0.0000000,0.0000000
89019,0.0000104,0.0000000,0.0000000
89020,0.0000104,0.0000000,0.0000000
89021,0.0000104,0.0000000,0.0000000
89022,0.0000104,0.0000000,0.0000000
89023,0.0000104,0.0000000,0.0000000
89024,0.0000104,0.0000000,0.0000000
89025,0.0000104,0.0000000,0.0000000
89026,0.0000104,0.0000000,0.0000000
89027,0.0000104,0.0000000,0.0000000
89028,0.0000104,0.0000000,0.0000000
89029,0.0000104,0.0000000,0.0000000
89030,0.0000104,0.0000000,0.0000000
89031,0.0000104,0.0000000,0.0000000
89032,0.0000104,0.0000000,0.0000000
89033,0.0000104,0.0000000,0.0000000
89034,0.0000104,0.0000000,0.0000000
89035,0.0000104,0.0000000,0.0000000
89036,0.0000104,0.0000000,0.0000000
89037,0.0000104,0.0000000,0.0000000
89038,0.0000104,0.0000000,0.0000000
89039,0.0000104,0.0000000,0.0000000
89040,0.0000104,0.0000000,0.0000000
89041,0.0000104,0.0000000,0.0000000
89042,0.0000104,0.0000000,0.0000000
89043,0.0000104,0.0000000,0.0000000
89044,0.0000104,0.0000000,0.0000000
89045,0.0000104,0.0000000,0.0000000
89046,0.0000104,0.0000000,0.0000000
89047,0.0000104,0.0000000,0.0000000
89048,0.0000104,0.0000000,0.0000000
89049,0.0000104,0.0000000,0.0000000
89050,0.0000104,0.0000000,0.0000000
89051,0.0000104,0.0000000,0.0000000
89052,0.0000104,0.0000000,0.0000000
89053,0.0000104,0.0000000,0.0000000
89054,0.0000104,0.0000000,0.0000000
89055,0.0000104,0.0000000,0.0000000
89056,0.0000104,0.0000000,0.0000000
89057,0.0000104,0.0000000,0.0000000
89058,0.0000104,0.0000000,0.0000000
89059,0.0000104,0.0000000,0.0000000
89060,0.0000104,0.0000000,0.0000000
89061,0.0000104,0.0000000,0.0000000
89062,0.0000104,0.0000000,0.0000000
89063,0.0000104,0.0000000,0.0000000
89064,0.0000104,0.0000000,0.0000000
89065,0.0000104,0.0000000,0.0000000
89066,0.0000104,0.0000000,0.0000000
89067,0.0000104,0.0000000,0.0000000
89068,0.0000104,0.0000000,0.0000000
89069,0.0000104,0.0000000,0.0000000
89070,0.0000104,0.0000000,0.0000000
89071,0.0000104,0.0000000,0.0000000
89072,0.0000104,0.0000000,0.0000000
89073,0.0000104,0.0000000,0.0000000
89074,0.0000104,0.0000000,0.0000000
89075,0.0000104,0.0000000,0.0000000
89076,0.0000104,0.0000000,0.0000000
89077,0.0000104,0.0000000,0.0000000
89078,0.0000104,0.0000000,0.0000000
89079,0.0000104,0.0000000,0.0000000
89080,0.0000104,0.0000000,0.0000000
89081,0.0000104,0.0000000,0.0000000
89082,0.0000104,0.0000000,0.0000000
89083,0.0000104,0.0000000,0.0000000
89084,0.0000104,0.0000000,0.0000000
89085,0.0000104,0.0000000,0.0000000
89086,0.0000104,0.0000000,0.0000000
89087,0.0000104,0.0000000,0.0000000
89088,0.0000104,0.0000000,0.0000000
89089,0.0000104,0.0000000,0.0000000
89090,0.0000104,0.0000000,0.0000000
89091,0.0000104,0.0000000,0.0000000
89092,0.0000104,0.0000000,0.0000000
89093,0.0000104,0.0000000,0.0000000
89094,0.0000104,0.0000000,0.0000000
89095,0.0000104,0.0000000,0.0000000
89096,0.0000104,0.0000000,0.0000000
89097,0.0000104,0.0000000,0.0000000
89098,0.0000104,0.0000000,0.0000000
89099,0.0000104,0.0000000,0.0000000
89100,0.0000104,0.0000000,0.0000000
89101,0.0000104,0.0000000,0.0000000
89102,0.0000104,0.0000000,0.0000000
89103,0.0000104,0.0000000,0.0000000
89104,0.0000104,0.0000000,0.0000000
89105,0.0000104,0.0000000,0.0000000
89106,0.0000104,0.0000000,0.0000000
89107,0.0000104,0.0000000,0.0000000
89108,0.0000104,0.0000000,0.0000000
89109,0.0000104,0.0000000,0.0000000
89110,0.0000104,0.0000000,0.0000000
89111,0.0000104,0.0000000,0.0000000
89112,0.0000104,0.0000000,0.0000000
89113,0.0000104,0.0000000,0.0000000
89114,0.0000104,0.0000000,0.0000000
89115,0.0000104,0.0000000,0.0000000
89116,0.0000104,0.0000000,0.0000000
89117,0.0000103,0.0000000,0.0000000
89118,0.0000103,0.0000000,0.0000000
89119,0.0000103,0.0000000,0.0000000
89120,0.0000103,0.0000000,0.0000000
89121,0.0000103,0.0000000,0.0000000
89122,0.0000103,0.0000000,0.0000000
89123,0.0000103,0.0000000,0.0000000
89124,0.0000103,0.0000000,0.0000000
89125,0.0000103,0.0000000,0.0000000
89126,0.0000103,0.0000000,0.0000000
89127,0.0000103,0.0000000,0.0000000
89128,0.0000103,0.0000000,0.0000000
89129,0.0000103,0.0000000,0.0000000
89130,0.0000103,0.0000000,0.0000000
89131,0.0000103,0.0000000,0.0000000
89132,0.0000103,0.0000000,0.0000000
89133,0.0000103,0.0000000,0.0000000
89134,0.0000103,0.0000000,0.0000000
89135,0.0000103,0.0000000,0.0000000
89136,0.0000103,0.0000000,0.0000000
89137,0.0000103,0.0000000,0.0000000
89138,0.0000103,0.0000000,0.0000000
89139,0.0000103,0.0000000,0.0000000
89140,0.0000103,0.0000000,0.0000000
89141,0.0000103,0.0000000,0.0000000
89142,0.0000103,0.0000000,0.0000000
89143,0.0000103,0.0000000,0.0000000
89144,0.0000103,0.0000000,0.0000000
89145,0.0000103,0.0000000,0.0000000
89146,0.0000103,0.0000000,0.0000000
89147,0.0000103,0.0000000,0.0000000
89148,0.0000103,0.0000000,0.0000000
89149,0.0000103,0.0000000,0.0000000
89150,0.0000103,0.0000000,0.0000000
89151,0.0000103,0.0000000,0.0000000
89152,0.0000103,0.0000000,0.0000000
89153,0.0000103,0.0000000,0.0000000
89154,0.0000103,0.0000000,0.0000000
89155,0.0000103,0.0000000,0.0000000
89156,0.0000103,0.0000000,0.0000000
89157,0.0000103,0.0000000,0.0000000
89158,0.0000103,0.0000000,0.0000000
89159,0.0000103,0.0000000,0.0000000
89160,0.0000103,0.0000000,0.0000000
89161,0.0000103,0.0000000,0.0000000
89162,0.0000103,0.0000000,0.0000000
89163,0.0000103,0.0000000,0.0000000
89164,0.0000103,0.0000000,0.0000000
89165,0.0000103,0.0000000,0.0000000
89166,0.0000103,0.0000000,0.0000000
89167,0.0000103,0.0000000,0.0000000
89168,0.0000103,0.0000000,0.0000000
89169,0.0000103,0.0000000,0.0000000
89170,0.0000103,0.0000000,0.0000000
89171,0.0000103,0.0000000,0.0000000
89172,0.0000103,0.0000000,0.0000000
89173,0.0000103,0.0000000,0.0000000
89174,0.0000103,0.0000000,0.0000000
89175,0.0000103,0.0000000,0.0000000
89176,0.0000103,0.0000000,0.0000000
89177,0.0000103,0.0000000,0.0000000
89178,0.0000103,0.0000000,0.0000000
89179,0.0000103,0.0000000,0.0000000
89180,0.0000103,0.0000000,0.0000000
89181,0.0000103,0.0000000,0.0000000
89182,0.0000103,0.0000000,0.0000000
89183,0.0000103,0.0000000,0.0000000
89184,0.0000103,0.0000000,0.0000000
89185,0.0000103,0.0000000,0.0000000
89186,0.0000103,0.0000000,0.0000000
89187,0.0000103,0.0000000,0.0000000
89188,0.0000103,0.0000000,0.0000000
89189,0.0000103,0.0000000,0.0000000
89190,0.0000103,0.0000000,0.0000000
89191,0.0000103,0.0000000,0.0000000
89192,0.0000103,0.0000000,0.0000000
89193,0.0000103,0.0000000,0.0000000
89194,0.0000103,0.0000000,0.0000000
89195,0.0000103,0.0000000,0.0000000
89196,0.0000103,0.0000000,0.0000000
89197,0.0000103,0.0000000,0.0000000
89198,0.0000103,0.0000000,0.0000000
89199,0.0000103,0.0000000,0.0000000
89200,0.0000103,0.0000000,0.0000000
89201,0.0000103,0.0000000,0.0000000
89202,0.0000103,0.0000000,0.0000000
89203,0.0000103,0.0000000,0.0000000
89204,0.0000103,0.0000000,0.0000000
89205,0.0000103,0.0000000,0.0000000
89206,0.0000103,0.0000000,0.0000000
89207,0.0000103,0.0000000,0.0000000
89208,0.0000103,0.0000000,0.0000000
89209,0.0000103,0.0000000,0.0000000
89210,0.0000103,0.0000000,0.0000000
89211,0.0000103,0.0000000,0.0000000
89212,0.0000103,0.0000000,0.0000000
89213,0.0000103,0.0000000,0.0000000
89214,0.0000103,0.0000000,0.0000000
89215,0.0000103,0.0000000,0.0000000
89216,0.0000103,0.0000000,0.0000000
89217,0.0000103,0.0000000,0.0000000
89218,0.0000103,0.0000000,0.0000000
89219,0.0000103,0.0000000,0.0000000
89220,0.0000103,0.0000000,0.0000000
89221,0.0000103,0.0000000,0.0000000
89222,0.0000103,0.0000000,0.0000000
89223,0.0000103,0.0000000,0.0000000
89224,0.0000103,0.0000000,0.0000000
89225,0.0000103,0.0000000,0.0000000
89226,0.0000103,0.0000000,0.0000000
89227,0.0000103,0.0000000,0.0000000
89228,0.0000103,0.0000000,0.0000000
89229,0.0000103,0.0000000,0.0000000
89230,0.0000103,0.0000000,0.0000000
89231,0.0000103,0.0000000,0.0000000
89232,0.0000103,0.0000000,0.0000000
89233,0.0000103,0.0000000,0.0000000
89234,0.0000103,0.0000000,0.0000000
89235,0.0000103,0.0000000,0.0000000
89236,0.0000103,0.0000000,0.0000000
89237,0.0000103,0.0000000,0.0000000
89238,0.0000103,0.0000000,0.0000000
89239,0.0000103,0.0000000,0.0000000
89240,0.0000103,0.0000000,0.0000000
89241,0.0000103,0.0000000,0.0000000
89242,0.0000103,0.0000000,0.0000000
89243,0.0000103,0.0000000,0.0000000
89244,0.0000103,0.0000000,0.0000000
89245,0.0000103,0.0000000,0.0000000
89246,0.0000103,0.0000000,0.0000000
89247,0.0000103,0.0000000,0.0000000
89248,0.0000103,0.0000000,0.0000000
89249,0.0000103,0.0000000,0.0000000
89250,0.0000103,0.0000000,0.0000000
89251,0.0000103,0.0000000,0.0000000
89252,0.0000103,0.0000000,0.0000000
89253,0.0000103,0.0000000,0.0000000
89254,0.0000103,0.0000000,0.0000000
89255,0.0000103,0.0000000,0.0000000
89256,0.0000103,0.0000000,0.0000000
89257,0.0000103,0.0000000,0.0000000
89258,0.0000103,0.0000000,0.0000000
89259,0.0000103,0.0000000,0.0000000
89260,0.0000103,0.0000000,0.0000000
89261,0.0000103,0.0000000,0.0000000
89262,0.0000103,0.0000000,0.0000000
89263,0.0000103,0.0000000,0.0000000
89264,0.0000103,0.0000000,0.0000000
89265,0.0000103,0.0000000,0.0000000
89266,0.0000103,0.0000000,0.0000000
89267,0.0000103,0.0000000,0.0000000
89268,0.0000103,0.0000000,0.0000000
89269,0.0000103,0.0000000,0.0000000
89270,0.0000103,0.0000000,0.0000000
89271,0.0000103,0.0000000,0.0000000
89272,0.0000103,0.0000000,0.0000000
89273,0.0000103,0.0000000,0.0000000
89274,0.0000103,0.0000000,0.0000000
89275,0.0000103,0.0000000,0.0000000
89276,0.0000103,0.0000000,0.0000000
89277,0.0000103,0.0000000,0.0000000
89278,0.0000103,0.0000000,0.0000000
89279,0.0000103,0.0000000,0.0000000
89280,0.0000103,0.0000000,0.0000000
89281,0.0000103,0.0000000,0.0000000
89282,0.0000103,0.0000000,0.0000000
89283,0.0000103,0.0000000,0.0000000
89284,0.0000103,0.0000000,0.0000000
89285,0.0000103,0.0000000,0.0000000
89286,0.0000103,0.0000000,0.0000000
89287,0.0000103,0.0000000,0.0000000
89288,0.0000103,0.0000000,0.0000000
89289,0.0000103,0.0000000,0.0000000
89290,0.0000103,0.0000000,0.0000000
89291,0.0000103,0.0000000,0.0000000
89292,0.0000103,0.0000000,0.0000000
89293,0.0000103,0.0000000,0.0000000
89294,0.0000103,0.0000000,0.0000000
89295,0.0000103,0.0000000,0.0000000
89296,0.0000103,0.0000000,0.0000000
89297,0.0000103,0.0000000,0.0000000
89298,0.0000103,0.0000000,0.0000000
89299,0.0000103,0.0000000,0.0000000
89300,0.0000103,0.0000000,0.0000000
89301,0.0000103,0.0000000,0.0000000
89302,0.0000103,0.0000000,0.0000000
89303,0.0000103,0.0000000,0.0000000
89304,0.0000103,0.0000000,0.0000000
89305,0.0000103,0.0000000,0.0000000
89306,0.0000103,0.0000000,0.0000000
89307,0.0000103,0.0000000,0.0000000
89308,0.0000103,0.0000000,0.0000000
89309,0.0000103,0.0000000,0.0000000
89310,0.0000103,0.0000000,0.0000000
89311,0.0000103,0.0000000,0.0000000
89312,0.0000103,0.0000000,0.0000000
89313,0.0000103,0.0000000,0.0000000
89314,0.0000103,0.0000000,0.0000000
89315,0.0000103,0.0000000,0.0000000
89316,0.0000103,0.0000000,0.0000000
89317,0.0000103,0.0000000,0.0000000
89318,0.0000103,0.0000000,0.0000000
89319,0.0000103,0.0000000,0.0000000
89320,0.0000103,0.0000000,0.0000000
89321,0.0000103,0.0000000,0.0000000
89322,0.0000103,0.0000000,0.0000000
89323,0.0000103,0.0000000,0.0000000
89324,0.0000103,0.0000000,0.0000000
89325,0.0000103,0.0000000,0.0000000
89326,0.0000103,0.0000000,0.0000000
89327,0.0000103,0.0000000,0.0000000
89328,0.0000103,0.0000000,0.0000000
89329,0.0000103,0.0000000,0.0000000
89330,0.0000103,0.0000000,0.0000000
89331,0.0000103,0.0000000,0.0000000
89332,0.0000103,0.0000000,0.0000000
89333,0.0000103,0.0000000,0.0000000
89334,0.0000103,0.0000000,0.0000000
89335,0.0000102,0.0000000,0.0000000
89336,0.0000102,0.0000000,0.0000000
89337,0.0000102,0.0000000,0.0000000
89338,0.0000102,0.0000000,0.0000000
89339,0.0000102,0.0000000,0.0000000
89340,0.0000102,0.0000000,0.0000000
89341,0.0000102,0.0000000,0.0000000
89342,0.0000102,0.0000000,0.0000000
89343,0.0000102,0.0000000,0.0000000
89344,0.0000102,0.0000000,0.0000000
89345,0.0000102,0.0000000,0.0000000
89346,0.0000102,0.0000000,0.0000000
89347,0.0000102,0.0000000,0.0000000
89348,0.0000102,0.0000000,0.0000000
89349,0.0000102,0.0000000,0.0000000
89350,0.0000102,0.0000000,0.0000000
89351,0.0000102,0.0000000,0.0000000
89352,0.0000102,0.0000000,0.0000000
89353,0.0000102,0.0000000,0.0000000
89354,0.0000102,0.0000000,0.0000000
89355,0.0000102,0.0000000,0.0000000
89356,0.0000102,0.0000000,0.0000000
89357,0.0000102,0.0000000,0.0000000
89358,0.0000102,0.0000000,0.0000000
89359,0.0000102,0.0000000,0.0000000
89360,0.0000102,0.0000000,0.0000000
89361,0.0000102,0.0000000,0.0000000
89362,0.0000102,0.0000000,0.0000000
89363,0.0000102,0.0000000,0.0000000
89364,0.0000102,0.0000000,0.0000000
89365,0.0000102,0.0000000,0.0000000
89366,0.0000102,0.0000000,0.0000000
89367,0.0000102,0.0000000,0.0000000
89368,0.0000102,0.0000000,0.0000000
89369,0.0000102,0.0000000,0.0000000
89370,0.0000102,0.0000000,0.0000000
89371,0.0000102,0.0000000,0.0000000
89372,0.0000102,0.0000000,0.0000000
89373,0.0000102,0.0000000,0.0000000
89374,0.0000102,0.0000000,0.0000000
89375,0.0000102,0.0000000,0.0000000
89376,0.0000102,0.0000000,0.0000000
89377,0.0000102,0.0000000,0.0000000
89378,0.0000102,0.0000000,0.0000000
89379,0.0000102,0.0000000,0.0000000
89380,0.0000102,0.0000000,0.0000000
89381,0.0000102,0.0000000,0.0000000
89382,0.0000102,0.0000000,0.0000000
89383,0.0000102,0.0000000,0.0000000
89384,0.0000102,0.0000000,0.0000000
89385,0.0000102,0.0000000,0.0000000
89386,0.0000102,0.0000000,0.0000000
89387,0.0000102,0.0000000,0.0000000
89388,0.0000102,0.0000000,0.0000000
89389,0.0000102,0.0000000,0.0000000
89390,0.0000102,0.0000000,0.0000000
89391,0.0000102,0.0000000,0.0000000
89392,0.0000102,0.0000000,0.0000000
89393,0.0000102,0.0000000,0.0000000
89394,0.0000102,0.0000000,0.0000000
89395,0.0000102,0.0000000,0.0000000
89396,0.0000102,0.0000000,0.0000000
89397,0.0000102,0.0000000,0.0000000
89398,0.0000102,0.0000000,0.0000000
89399,0.0000102,0.0000000,0.0000000
89400,0.0000102,0.0000000,0.0000000
89401,0.0000102,0.0000000,0.0000000
89402,0.0000102,0.0000000,0.0000000
89403,0.0000102,0.0000000,0.0000000
89404,0.0000102,0.0000000,0.0000000
89405,0.0000102,0.0000000,0.0000000
89406,0.0000102,0.0000000,0.0000000
89407,0.0000102,0.0000000,0.0000000
89408,0.0000102,0.0000000,0.0000000
89409,0.0000102,0.0000000,0.0000000
89410,0.0000102,0.0000000,0.0000000
89411,0.0000102,0.0000000,0.0000000
89412,0.0000102,0.0000000,0.0000000
89413,0.0000102,0.0000000,0.0000000
89414,0.0000102,0.0000000,0.0000000
89415,0.0000102,0.0000000,0.0000000
89416,0.0000102,0.0000000,0.0000000
89417,0.0000102,0.0000000,0.0000000
89418,0.0000102,0.0000000,0.0000000
89419,0.0000102,0.0000000,0.0000000
89420,0.0000102,0.0000000,0.0000000
89421,0.0000102,0.0000000,0.0000000
89422,0.0000102,0.0000000,0.0000000
89423,0.0000102,0.0000000,0.0000000
89424,0.0000102,0.0000000,0.0000000
89425,0.0000102,0.0000000,0.0000000
89426,0.0000102,0.0000000,0.0000000
89427,0.0000102,0.0000000,0.0000000
89428,0.0000102,0.0000000,0.0000000
89429,0.0000102,0.0000000,0.0000000
89430,0.0000102,0.0000000,0.0000000
89431,0.0000102,0.0000000,0.0000000
89432,0.0000102,0.0000000,0.0000000
89433,0.0000102,0.0000000,0.0000000
89434,0.0000102,0.0000000,0.0000000
89435,0.0000102,0.0000000,0.0000000
89436,0.0000102,0.0000000,0.0000000
89437,0.0000102,0.0000000,0.0000000
89438,0.0000102,0.0000000,0.0000000
89439,0.0000102,0.0000000,0.0000000
89440,0.0000102,0.0000000,0.0000000
89441,0.0000102,0.0000000,0.0000000
89442,0.0000102,0.0000000,0.0000000
89443,0.0000102,0.0000000,0.0000000
89444,0.0000102,0.0000000,0.0000000
89445,0.0000102,0.0000000,0.0000000
89446,0.0000102,0.0000000,0.0000000
89447,0.0000102,0.0000000,0.0000000
89448,0.0000102,0.0000000,0.0000000
89449,0.0000102,0.0000000,0.0000000
89450,0.0000102,0.0000000,0.0000000
89451,0.0000102,0.0000000,0.0000000
89452,0.0000102,0.0000000,0.0000000
89453,0.0000102,0.0000000,0.0000000
89454,0.0000102,0.0000000,0.0000000
89455,0.0000102,0.0000000,0.0000000
89456,0.0000102,0.0000000,0.0000000
89457,0.0000102,0.0000000,0.0000000
89458,0.0000102,0.0000000,0.0000000
89459,0.0000102,0.0000000,0.0000000
89460,0.0000102,0.0000000,0.0000000
89461,0.0000102,0.0000000,0.0000000
89462,0.0000102,0.0000000,0.0000000
89463,0.0000102,0.0000000,0.0000000
89464,0.0000102,0.0000000,0.0000000
89465,0.0000102,0.0000000,0.0000000
89466,0.0000102,0.0000000,0.0000000
89467,0.0000102,0.0000000,0.0000000
89468,0.0000102,0.0000000,0.0000000
89469,0.0000102,0.0000000,0.0000000
89470,0.0000102,0.0000000,0.0000000
89471,0.0000102,0.0000000,0.0000000
89472,0.0000102,0.0000000,0.0000000
89473,0.0000102,0.0000000,0.0000000
89474,0.0000102,0.0000000,0.0000000
89475,0.0000102,0.0000000,0.0000000
89476,0.0000102,0.0000000,0.0000000
89477,0.0000102,0.0000000,0.0000000
89478,0.0000102,0.0000000,0.0000000
89479,0.0000102,0.0000000,0.0000000
89480,0.0000102,0.0000000,0.0000000
89481,0.0000102,0.0000000,0.0000000
89482,0.0000102,0.0000000,0.0000000
89483,0.0000102,0.0000000,0.0000000
89484,0.0000102,0.0000000,0.0000000
89485,0.0000102,0.0000000,0.0000000
89486,0.0000102,0.0000000,0.0000000
89487,0.0000102,0.0000000,0.0000000
89488,0.0000102,0.0000000,0.0000000
89489,0.0000102,0.0000000,0.0000000
89490,0.0000102,0.0000000,0.0000000
89491,0.0000102,0.0000000,0.0000000
89492,0.0000102,0.0000000,0.0000000
89493,0.0000102,0.0000000,0.0000000
89494,0.0000102,0.0000000,0.0000000
89495,0.0000102,0.0000000,0.0000000
89496,0.0000102,0.0000000,0.0000000
89497,0.0000102,0.0000000,0.0000000
89498,0.0000102,0.0000000,0.0000000
89499,0.0000102,0.0000000,0.0000000
89500,0.0000102,0.0000000,0.0000000
89501,0.0000102,0.0000000,0.0000000
89502,0.0000102,0.0000000,0.0000000
89503,0.0000102,0.0000000,0.0000000
89504,0.0000102,0.0000000,0.0000000
89505,0.0000102,0.0000000,0.0000000
89506,0.0000102,0.0000000,0.0000000
89507,0.0000102,0.0000000,0.0000000
89508,0.0000102,0.0000000,0.0000000
89509,0.0000102,0.0000000,0.0000000
89510,0.0000102,0.0000000,0.0000000
89511,0.0000102,0.0000000,0.0000000
89512,0.0000102,0.0000000,0.0000000
89513,0.0000102,0.0000000,0.0000000
89514,0.0000102,0.0000000,0.0000000
89515,0.0000102,0.0000000,0.0000000
89516,0.0000102,0.0000000,0.0000000
89517,0.0000102,0.0000000,0.0000000
89518,0.0000102,0.0000000,0.0000000
89519,0.0000102,0.0000000,0.0000000
89520,0.0000102,0.0000000,0.0000000
89521,0.0000102,0.0000000,0.0000000
89522,0.0000102,0.0000000,0.0000000
89523,0.0000102,0.0000000,0.0000000
89524,0.0000102,0.0000000,0.0000000
89525,0.0000102,0.0000000,0.0000000
89526,0.0000102,0.0000000,0.0000000
89527,0.0000102,0.0000000,0.0000000
89528,0.0000102,0.0000000,0.0000000
89529,0.0000102,0.0000000,0.0000000
89530,0.0000102,0.0000000,0.0000000
89531,0.0000102,0.0000000,0.0000000
89532,0.0000102,0.0000000,0.0000000
89533,0.0000102,0.0000000,0.0000000
89534,0.0000102,0.0000000,0.0000000
89535,0.0000102,0.0000000,0.0000000
89536,0.0000102,0.0000000,0.0000000
89537,0.0000102,0.0000000,0.0000000
89538,0.0000102,0.0000000,0.0000000
89539,0.0000102,0.0000000,0.0000000
89540,0.0000102,0.0000000,0.0000000
89541,0.0000102,0.0000000,0.0000000
89542,0.0000102,0.0000000,0.0000000
89543,0.0000102,0.0000000,0.0000000
89544,0.0000102,0.0000000,0.0000000
89545,0.0000102,0.0000000,0.0000000
89546,0.0000102,0.0000000,0.0000000
89547,0.0000102,0.0000000,0.0000000
89548,0.0000102,0.0000000,0.0000000
89549,0.0000102,0.0000000,0.0000000
89550,0.0000102,0.0000000,0.0000000
89551,0.0000102,0.0000000,0.0000000
89552,0.0000102,0.0000000,0.0000000
89553,0.0000102,0.0000000,0.0000000
89554,0.0000102,0.0000000,0.0000000
89555,0.0000101,0.0000000,0.0000000
89556,0.0000101,0.0000000,0.0000000
89557,0.0000101,0.0000000,0.0000000
89558,0.0000101,0.0000000,0.0000000
89559,0.0000101,0.0000000,0.0000000
89560,0.0000101,0.0000000,0.0000000
89561,0.0000101,0.0000000,0.0000000
89562,0.0000101,0.0000000,0.0000000
89563,0.0000101,0.0000000,0.0000000
89564,0.0000101,0.0000000,0.0000000
89565,0.0000101,0.0000000,0.0000000
89566,0.0000101,0.0000000,0.0000000
89567,0.0000101,0.0000000,0.0000000
89568,0.0000101,0.0000000,0.0000000
89569,0.0000101,0.0000000,0.0000000
89570,0.0000101,0.0000000,0.0000000
89571,0.0000101,0.0000000,0.0000000
89572,0.0000101,0.0000000,0.0000000
89573,0.0000101,0.0000000,0.0000000
89574,0.0000101,0.0000000,0.0000000
89575,0.0000101,0.0000000,0.0000000
89576,0.0000101,0.0000000,0.0000000
89577,0.0000101,0.0000000,0.0000000
89578,0.0000101,0.0000000,0.0000000
89579,0.0000101,0.0000000,0.0000000
89580,0.0000101,0.0000000,0.0000000
89581,0.0000101,0.0000000,0.0000000
89582,0.0000101,0.0000000,0.0000000
89583,0.0000101,0.0000000,0.0000000
89584,0.0000101,0.0000000,0.0000000
89585,0.0000101,0.0000000,0.0000000
89586,0.0000101,0.0000000,0.0000000
89587,0.0000101,0.0000000,0.0000000
89588,0.0000101,0.0000000,0.0000000
89589,0.0000101,0.0000000,0.0000000
89590,0.0000101,0.0000000,0.0000000
89591,0.0000101,0.0000000,0.0000000
89592,0.0000101,0.0000000,0.0000000
89593,0.0000101,0.0000000,0.0000000
89594,0.0000101,0.0000000,0.0000000
89595,0.0000101,0.0000000,0.0000000
89596,0.0000101,0.0000000,0.0000000
89597,0.0000101,0.0000000,0.0000000
89598,0.0000101,0.0000000,0.0000000
89599,0.0000101,0.0000000,0.0000000
89600,0.0000101,0.0000000,0.0000000
89601,0.0000101,0.0000000,0.0000000
89602,0.0000101,0.0000000,0.0000000
89603,0.0000101,0.0000000,0.0000000
89604,0.0000101,0.0000000,0.0000000
89605,0.0000101,0.0000000,0.0000000
89606,0.0000101,0.0000000,0.0000000
89607,0.0000101,0.0000000,0.0000000
89608,0.0000101,0.0000000,0.0000000
89609,0.0000101,0.0000000,0.0000000
89610,0.0000101,0.0000000,0.0000000
89611,0.0000101,0.0000000,0.0000000
89612,0.0000101,0.0000000,0.0000000
89613,0.0000101,0.0000000,0.0000000
89614,0.0000101,0.0000000,0.0000000
89615,0.0000101,0.0000000,0.0000000
89616,0.0000101,0.0000000,0.0000000
89617,0.0000101,0.0000000,0.0000000
89618,0.0000101,0.0000000,0.0000000
89619,0.0000101,0.0000000,0.0000000
89620,0.0000101,0.0000000,0.0000000
89621,0.0000101,0.0000000,0.0000000
89622,0.0000101,0.0000000,0.0000000
89623,0.0000101,0.0000000,0.0000000
89624,0.0000101,0.0000000,0.0000000
89625,0.0000101,0.0000000,0.0000000
89626,0.0000101,0.0000000,0.0000000
89627,0.0000101,0.0000000,0.0000000
89628,0.0000101,0.0000000,0.0000000
89629,0.0000101,0.0000000,0.0000000
89630,0.0000101,0.0000000,0.0000000
89631,0.0000101,0.0000000,0.0000000
89632,0.0000101,0.0000000,0.0000000
89633,0.0000101,0.0000000,0.0000000
89634,0.0000101,0.0000000,0.0000000
89635,0.0000101,0.0000000,0.0000000
89636,0.0000101,0.0000000,0.0000000
89637,0.0000101,0.0000000,0.0000000
89638,0.0000101,0.0000000,0.0000000
89639,0.0000101,0.0000000,0.0000000
89640,0.0000101,0.0000000,0.0000000
89641,0.0000101,0.0000000,0.0000000
89642,0.0000101,0.0000000,0.0000000
89643,0.0000101,0.0000000,0.0000000
89644,0.0000101,0.0000000,0.0000000
89645,0.0000101,0.0000000,0.0000000
89646,0.0000101,0.0000000,0.0000000
89647,0.0000101,0.0000000,0.0000000
89648,0.0000101,0.0000000,0.0000000
89649,0.0000101,0.0000000,0.0000000
89650,0.0000101,0.0000000,0.0000000
89651,0.0000101,0.0000000,0.0000000
89652,0.0000101,0.0000000,0.0000000
89653,0.0000101,0.0000000,0.0000000
89654,0.0000101,0.0000000,0.0000000
89655,0.0000101,0.0000000,0.0000000
89656,0.0000101,0.0000000,0.0000000
89657,0.0000101,0.0000000,0.0000000
89658,0.0000101,0.0000000,0.0000000
89659,0.0000101,0.0000000,0.0000000
89660,0.0000101,0.0000000,0.0000000
89661,0.0000101,0.0000000,0.0000000
89662,0.0000101,0.0000000,0.0000000
89663,0.0000101,0.0000000,0.0000000
89664,0.0000101,0.0000000,0.0000000
89665,0.0000101,0.0000000,0.0000000
89666,0.0000101,0.0000000,0.0000000
89667,0.0000101,0.0000000,0.0000000
89668,0.0000101,0.0000000,0.0000000
89669,0.0000101,0.0000000,0.0000000
89670,0.0000101,0.0000000,0.0000000
89671,0.0000101,0.0000000,0.0000000
89672,0.0000101,0.0000000,0.0000000
89673,0.0000101,0.0000000,0.0000000
89674,0.0000101,0.0000000,0.0000000
89675,0.0000101,0.0000000,0.0000000
89676,0.0000101,0.0000000,0.0000000
89677,0.0000101,0.0000000,0.0000000
89678,0.0000101,0.0000000,0.0000000
89679,0.0000101,0.0000000,0.0000000
89680,0.0000101,0.0000000,0.0000000
89681,0.0000101,0.0000000,0.0000000
89682,0.0000101,0.0000000,0.0000000
89683,0.0000101,0.0000000,0.0000000
89684,0.0000101,0.0000000,0.0000000
89685,0.0000101,0.0000000,0.0000000
89686,0.0000101,0.0000000,0.0000000
89687,0.0000101,0.0000000,0.0000000
89688,0.0000101,0.0000000,0.0000000
89689,0.0000101,0.0000000,0.0000000
89690,0.0000101,0.0000000,0.0000000
89691,0.0000101,0.0000000,0.0000000
89692,0.0000101,0.0000000,0.0000000
89693,0.0000101,0.0000000,0.0000000
89694,0.0000101,0.0000000,0.0000000
89695,0.0000101,0.0000000,0.0000000
89696,0.0000101,0.0000000,0.0000000
89697,0.0000101,0.0000000,0.0000000
89698,0.0000101,0.0000000,0.0000000
89699,0.0000101,0.0000000,0.0000000
89700,0.0000101,0.0000000,0.0000000
89701,0.0000101,0.0000000,0.0000000
89702,0.0000101,0.0000000,0.0000000
89703,0.0000101,0.0000000,0.0000000
89704,0.0000101,0.0000000,0.0000000
89705,0.0000101,0.0000000,0.0000000
89706,0.0000101,0.0000000,0.0000000
89707,0.0000101,0.0000000,0.0000000
89708,0.0000101,0.0000000,0.0000000
89709,0.0000101,0.0000000,0.0000000
89710,0.0000101,0.0000000,0.0000000
89711,0.0000101,0.0000000,0.0000000
89712,0.0000101,0.0000000,0.0000000
89713,0.0000101,0.0000000,0.0000000
89714,0.0000101,0.0000000,0.0000000
89715,0.0000101,0.0000000,0.0000000
89716,0.0000101,0.0000000,0.0000000
89717,0.0000101,0.0000000,0.0000000
89718,0.0000101,0.0000000,0.0000000
89719,0.0000101,0.0000000,0.0000000
89720,0.0000101,0.0000000,0.0000000
89721,0.0000101,0.0000000,0.0000000
89722,0.0000101,0.0000000,0.0000000
89723,0.0000101,0.0000000,0.0000000
89724,0.0000101,0.0000000,0.0000000
89725,0.0000101,0.0000000,0.0000000
89726,0.0000101,0.0000000,0.0000000
89727,0.0000101,0.0000000,0.0000000
89728,0.0000101,0.0000000,0.0000000
89729,0.0000101,0.0000000,0.0000000
89730,0.0000101,0.0000000,0.0000000
89731,0.0000101,0.0000000,0.0000000
89732,0.0000101,0.0000000,0.0000000
89733,0.0000101,0.0000000,0.0000000
89734,0.0000101,0.0000000,0.0000000
89735,0.0000101,0.0000000,0.0000000
89736,0.0000101,0.0000000,0.0000000
89737,0.0000101,0.0000000,0.0000000
89738,0.0000101,0.0000000,0.0000000
89739,0.0000101,0.0000000,0.0000000
89740,0.0000101,0.0000000,0.0000000
89741,0.0000101,0.0000000,0.0000000
89742,0.0000101,0.0000000,0.0000000
89743,0.0000101,0.0000000,0.0000000
89744,0.0000101,0.0000000,0.0000000
89745,0.0000101,0.0000000,0.0000000
89746,0.0000101,0.0000000,0.0000000
89747,0.0000101,0.0000000,0.0000000
89748,0.0000101,0.0000000,0.0000000
89749,0.0000101,0.0000000,0.0000000
89750,0.0000101,0.0000000,0.0000000
89751,0.0000101,0.0000000,0.0000000
89752,0.0000101,0.0000000,0.0000000
89753,0.0000101,0.0000000,0.0000000
89754,0.0000101,0.0000000,0.0000000
89755,0.0000101,0.0000000,0.0000000
89756,0.0000101,0.0000000,0.0000000
89757,0.0000101,0.0000000,0.0000000
89758,0.0000101,0.0000000,0.0000000
89759,0.0000101,0.0000000,0.0000000
89760,0.0000101,0.0000000,0.0000000
89761,0.0000101,0.0000000,0.0000000
89762,0.0000101,0.0000000,0.0000000
89763,0.0000101,0.0000000,0.0000000
89764,0.0000101,0.0000000,0.0000000
89765,0.0000101,0.0000000,0.0000000
89766,0.0000101,0.0000000,0.0000000
89767,0.0000101,0.0000000,0.0000000
89768,0.0000101,0.0000000,0.0000000
89769,0.0000101,0.0000000,0.0000000
89770,0.0000101,0.0000000,0.0000000
89771,0.0000101,0.0000000,0.0000000
89772,0.0000101,0.0000000,0.0000000
89773,0.0000101,0.0000000,0.0000000
89774,0.0000101,0.0000000,0.0000000
89775,0.0000101,0.0000000,0.0000000
89776,0.0000101,0.0000000,0.0000000
89777,0.0000100,0.0000000,0.0000000
89778,0.0000100,0.0000000,0.0000000
89779,0.0000100,0.0000000,0.0000000
89780,0.0000100,0.0000000,0.0000000
89781,0.0000100,0.0000000,0.0000000
89782,0.0000100,0.0000000,0.0000000
89783,0.0000100,0.0000000,0.0000000
89784,0.0000100,0.0000000,0.0000000
89785,0.0000100,0.0000000,0.0000000
89786,0.0000100,0.0000000,0.0000000
89787,0.0000100,0.0000000,0.0000000
89788,0.0000100,0.0000000,0.0000000
89789,0.0000100,0.0000000,0.0000000
89790,0.0000100,0.0000000,0.0000000
89791,0.0000100,0.0000000,0.0000000
89792,0.0000100,0.0000000,0.0000000
89793,0.0000100,0.0000000,0.0000000
89794,0.0000100,0.0000000,0.0000000
89795,0.0000100,0.0000000,0.0000000
89796,0.0000100,0.0000000,0.0000000
89797,0.0000100,0.0000000,0.0000000
89798,0.0000100,0.0000000,0.0000000
89799,0.0000100,0.0000000,0.0000000
89800,0.0000100,0.0000000,0.0000000
89801,0.0000100,0.0000000,0.0000000
89802,0.0000100,0.0000000,0.0000000
89803,0.0000100,0.0000000,0.0000000
89804,0.0000100,0.0000000,0.0000000
89805,0.0000100,0.0000000,0.0000000
89806,0.0000100,0.0000000,0.0000000
89807,0.0000100,0.0000000,0.0000000
89808,0.0000100,0.0000000,0.0000000
89809,0.0000100,0.0000000,0.0000000
89810,0.0000100,0.0000000,0.0000000
89811,0.0000100,0.0000000,0.0000000
89812,0.0000100,0.0000000,0.0000000
89813,0.0000100,0.0000000,0.0000000
89814,0.0000100,0.0000000,0.0000000
89815,0.0000100,0.0000000,0.0000000
89816,0.0000100,0.0000000,0.0000000
89817,0.0000100,0.0000000,0.0000000
89818,0.0000100,0.0000000,0.0000000
89819,0.0000100,0.0000000,0.0000000
89820,0.0000100,0.0000000,0.0000000
89821,0.0000100,0.0000000,0.0000000
89822,0.0000100,0.0000000,0.0000000
89823,0.0000100,0.0000000,0.0000000
89824,0.0000100,0.0000000,0.0000000
89825,0.0000100,0.0000000,0.0000000
89826,0.0000100,0.0000000,0.0000000
89827,0.0000100,0.0000000,0.0000000
89828,0.0000100,0.0000000,0.0000000
89829,0.0000100,0.0000000,0.0000000
89830,0.0000100,0.0000000,0.0000000
89831,0.0000100,0.0000000,0.0000000
89832,0.0000100,0.0000000,0.0000000
89833,0.0000100,0.0000000,0.0000000
89834,0.0000100,0.0000000,0.0000000
89835,0.0000100,0.0000000,0.0000000
89836,0.0000100,0.0000000,0.0000000
89837,0.0000100,0.0000000,0.0000000
89838,0.0000100,0.0000000,0.0000000
89839,0.0000100,0.0000000,0.0000000
89840,0.0000100,0.0000000,0.0000000
89841,0.0000100,0.0000000,0.0000000
89842,0.0000100,0.0000000,0.0000000
89843,0.0000100,0.0000000,0.0000000
89844,0.0000100,0.0000000,0.0000000
89845,0.0000100,0.0000000,0.0000000
89846,0.0000100,0.0000000,0.0000000
89847,0.0000100,0.0000000,0.0000000
89848,0.0000100,0.0000000,0.0000000
89849,0.0000100,0.0000000,0.0000000
89850,0.0000100,0.0000000,0.0000000
89851,0.0000100,0.0000000,0.0000000
89852,0.0000100,0.0000000,0.0000000
89853,0.0000100,0.0000000,0.0000000
89854,0.0000100,0.0000000,0.0000000
89855,0.0000100,0.0000000,0.0000000
89856,0.0000100,0.0000000,0.0000000
89857,0.0000100,0.0000000,0.0000000
89858,0.0000100,0.0000000,0.0000000
89859,0.0000100,0.0000000,0.0000000
89860,0.0000100,0.0000000,0.0000000
89861,0.0000100,0.0000000,0.0000000
89862,0.0000100,0.0000000,0.0000000
89863,0.0000100,0.0000000,0.0000000
89864,0.0000100,0.0000000,0.0000000
89865,0.0000100,0.0000000,0.0000000
89866,0.0000100,0.0000000,0.0000000
89867,0.0000100,0.0000000,0.0000000
89868,0.0000100,0.0000000,0.0000000
89869,0.0000100,0.0000000,0.0000000
89870,0.0000100,0.0000000,0.0000000
89871,0.0000100,0.0000000,0.0000000
89872,0.0000100,0.0000000,0.0000000
89873,0.0000100,0.0000000,0.0000000
89874,0.0000100,0.0000000,0.0000000
89875,0.0000100,0.0000000,0.0000000
89876,0.0000100,0.0000000,0.0000000
89877,0.0000100,0.0000000,0.0000000
89878,0.0000100,0.0000000,0.0000000
89879,0.0000100,0.0000000,0.0000000
89880,0.0000100,0.0000000,0.0000000
89881,0.0000100,0.0000000,0.0000000
89882,0.0000100,0.0000000,0.0000000
89883,0.0000100,0.0000000,0.0000000
89884,0.0000100,0.0000000,0.0000000
89885,0.0000100,0.0000000,0.0000000
89886,0.0000100,0.0000000,0.0000000
89887,0.0000100,0.0000000,0.0000000
89888,0.0000100,0.0000000,0.0000000
